# G_and_S_transv_frontopol
591
258 0.00 0.00 0.00 0
390 0.00 0.00 0.00 0
889 0.00 0.00 0.00 0
890 0.00 0.00 0.00 0
1616 0.00 0.00 0.00 0
1618 0.00 0.00 0.00 0
1869 0.00 0.00 0.00 0
1870 0.00 0.00 0.00 0
1871 0.00 0.00 0.00 0
3653 0.00 0.00 0.00 0
3654 0.00 0.00 0.00 0
3655 0.00 0.00 0.00 0
4106 0.00 0.00 0.00 0
4107 0.00 0.00 0.00 0
4108 0.00 0.00 0.00 0
4109 0.00 0.00 0.00 0
4110 0.00 0.00 0.00 0
4111 0.00 0.00 0.00 0
4112 0.00 0.00 0.00 0
5937 0.00 0.00 0.00 0
6210 0.00 0.00 0.00 0
6211 0.00 0.00 0.00 0
7610 0.00 0.00 0.00 0
7612 0.00 0.00 0.00 0
7613 0.00 0.00 0.00 0
7614 0.00 0.00 0.00 0
8221 0.00 0.00 0.00 0
8228 0.00 0.00 0.00 0
8229 0.00 0.00 0.00 0
8230 0.00 0.00 0.00 0
8231 0.00 0.00 0.00 0
8232 0.00 0.00 0.00 0
8233 0.00 0.00 0.00 0
8234 0.00 0.00 0.00 0
8235 0.00 0.00 0.00 0
11333 0.00 0.00 0.00 0
11334 0.00 0.00 0.00 0
11335 0.00 0.00 0.00 0
11786 0.00 0.00 0.00 0
11787 0.00 0.00 0.00 0
11788 0.00 0.00 0.00 0
11789 0.00 0.00 0.00 0
11790 0.00 0.00 0.00 0
11791 0.00 0.00 0.00 0
11792 0.00 0.00 0.00 0
14178 0.00 0.00 0.00 0
14180 0.00 0.00 0.00 0
14182 0.00 0.00 0.00 0
14189 0.00 0.00 0.00 0
14190 0.00 0.00 0.00 0
14191 0.00 0.00 0.00 0
16718 0.00 0.00 0.00 0
16719 0.00 0.00 0.00 0
16720 0.00 0.00 0.00 0
16721 0.00 0.00 0.00 0
16722 0.00 0.00 0.00 0
16723 0.00 0.00 0.00 0
16724 0.00 0.00 0.00 0
16725 0.00 0.00 0.00 0
16727 0.00 0.00 0.00 0
18076 0.00 0.00 0.00 0
18078 0.00 0.00 0.00 0
18079 0.00 0.00 0.00 0
18080 0.00 0.00 0.00 0
18081 0.00 0.00 0.00 0
18082 0.00 0.00 0.00 0
18083 0.00 0.00 0.00 0
18084 0.00 0.00 0.00 0
18085 0.00 0.00 0.00 0
18086 0.00 0.00 0.00 0
18087 0.00 0.00 0.00 0
18088 0.00 0.00 0.00 0
18089 0.00 0.00 0.00 0
18090 0.00 0.00 0.00 0
18091 0.00 0.00 0.00 0
18092 0.00 0.00 0.00 0
18093 0.00 0.00 0.00 0
18094 0.00 0.00 0.00 0
18095 0.00 0.00 0.00 0
18096 0.00 0.00 0.00 0
18097 0.00 0.00 0.00 0
18098 0.00 0.00 0.00 0
18099 0.00 0.00 0.00 0
18100 0.00 0.00 0.00 0
18102 0.00 0.00 0.00 0
18104 0.00 0.00 0.00 0
25007 0.00 0.00 0.00 0
25008 0.00 0.00 0.00 0
25009 0.00 0.00 0.00 0
25010 0.00 0.00 0.00 0
25011 0.00 0.00 0.00 0
25822 0.00 0.00 0.00 0
25823 0.00 0.00 0.00 0
25824 0.00 0.00 0.00 0
25825 0.00 0.00 0.00 0
25826 0.00 0.00 0.00 0
25827 0.00 0.00 0.00 0
25828 0.00 0.00 0.00 0
25829 0.00 0.00 0.00 0
25830 0.00 0.00 0.00 0
25831 0.00 0.00 0.00 0
25832 0.00 0.00 0.00 0
25833 0.00 0.00 0.00 0
25834 0.00 0.00 0.00 0
29210 0.00 0.00 0.00 0
29211 0.00 0.00 0.00 0
29844 0.00 0.00 0.00 0
29847 0.00 0.00 0.00 0
29848 0.00 0.00 0.00 0
29849 0.00 0.00 0.00 0
29850 0.00 0.00 0.00 0
29851 0.00 0.00 0.00 0
29852 0.00 0.00 0.00 0
33272 0.00 0.00 0.00 0
33277 0.00 0.00 0.00 0
33278 0.00 0.00 0.00 0
33283 0.00 0.00 0.00 0
33284 0.00 0.00 0.00 0
33285 0.00 0.00 0.00 0
33288 0.00 0.00 0.00 0
34963 0.00 0.00 0.00 0
34976 0.00 0.00 0.00 0
34980 0.00 0.00 0.00 0
34985 0.00 0.00 0.00 0
34986 0.00 0.00 0.00 0
34988 0.00 0.00 0.00 0
34989 0.00 0.00 0.00 0
34990 0.00 0.00 0.00 0
34991 0.00 0.00 0.00 0
34992 0.00 0.00 0.00 0
34993 0.00 0.00 0.00 0
34994 0.00 0.00 0.00 0
34995 0.00 0.00 0.00 0
34996 0.00 0.00 0.00 0
34997 0.00 0.00 0.00 0
34998 0.00 0.00 0.00 0
34999 0.00 0.00 0.00 0
35000 0.00 0.00 0.00 0
35001 0.00 0.00 0.00 0
35002 0.00 0.00 0.00 0
35003 0.00 0.00 0.00 0
35004 0.00 0.00 0.00 0
35005 0.00 0.00 0.00 0
35006 0.00 0.00 0.00 0
35007 0.00 0.00 0.00 0
35008 0.00 0.00 0.00 0
42053 0.00 0.00 0.00 0
42054 0.00 0.00 0.00 0
42055 0.00 0.00 0.00 0
42506 0.00 0.00 0.00 0
42507 0.00 0.00 0.00 0
42508 0.00 0.00 0.00 0
42509 0.00 0.00 0.00 0
42510 0.00 0.00 0.00 0
42511 0.00 0.00 0.00 0
42512 0.00 0.00 0.00 0
44898 0.00 0.00 0.00 0
44899 0.00 0.00 0.00 0
44900 0.00 0.00 0.00 0
44901 0.00 0.00 0.00 0
44902 0.00 0.00 0.00 0
44909 0.00 0.00 0.00 0
44910 0.00 0.00 0.00 0
44911 0.00 0.00 0.00 0
47438 0.00 0.00 0.00 0
47439 0.00 0.00 0.00 0
47440 0.00 0.00 0.00 0
47441 0.00 0.00 0.00 0
47442 0.00 0.00 0.00 0
47443 0.00 0.00 0.00 0
47444 0.00 0.00 0.00 0
47445 0.00 0.00 0.00 0
48796 0.00 0.00 0.00 0
48797 0.00 0.00 0.00 0
48798 0.00 0.00 0.00 0
48799 0.00 0.00 0.00 0
48800 0.00 0.00 0.00 0
48801 0.00 0.00 0.00 0
48802 0.00 0.00 0.00 0
48803 0.00 0.00 0.00 0
48804 0.00 0.00 0.00 0
48805 0.00 0.00 0.00 0
48806 0.00 0.00 0.00 0
48807 0.00 0.00 0.00 0
48808 0.00 0.00 0.00 0
48809 0.00 0.00 0.00 0
48810 0.00 0.00 0.00 0
48811 0.00 0.00 0.00 0
48812 0.00 0.00 0.00 0
48813 0.00 0.00 0.00 0
48814 0.00 0.00 0.00 0
48815 0.00 0.00 0.00 0
48816 0.00 0.00 0.00 0
48817 0.00 0.00 0.00 0
48819 0.00 0.00 0.00 0
57038 0.00 0.00 0.00 0
57039 0.00 0.00 0.00 0
57040 0.00 0.00 0.00 0
57041 0.00 0.00 0.00 0
57042 0.00 0.00 0.00 0
57043 0.00 0.00 0.00 0
57044 0.00 0.00 0.00 0
57045 0.00 0.00 0.00 0
58371 0.00 0.00 0.00 0
58396 0.00 0.00 0.00 0
58397 0.00 0.00 0.00 0
58398 0.00 0.00 0.00 0
58399 0.00 0.00 0.00 0
58400 0.00 0.00 0.00 0
58401 0.00 0.00 0.00 0
58402 0.00 0.00 0.00 0
58403 0.00 0.00 0.00 0
58404 0.00 0.00 0.00 0
58405 0.00 0.00 0.00 0
58406 0.00 0.00 0.00 0
58407 0.00 0.00 0.00 0
58408 0.00 0.00 0.00 0
58409 0.00 0.00 0.00 0
58410 0.00 0.00 0.00 0
58411 0.00 0.00 0.00 0
58412 0.00 0.00 0.00 0
58413 0.00 0.00 0.00 0
58414 0.00 0.00 0.00 0
58415 0.00 0.00 0.00 0
58416 0.00 0.00 0.00 0
58417 0.00 0.00 0.00 0
65594 0.00 0.00 0.00 0
65602 0.00 0.00 0.00 0
65603 0.00 0.00 0.00 0
65604 0.00 0.00 0.00 0
65605 0.00 0.00 0.00 0
65606 0.00 0.00 0.00 0
65607 0.00 0.00 0.00 0
65608 0.00 0.00 0.00 0
65609 0.00 0.00 0.00 0
65610 0.00 0.00 0.00 0
65611 0.00 0.00 0.00 0
65612 0.00 0.00 0.00 0
73193 0.00 0.00 0.00 0
73194 0.00 0.00 0.00 0
73195 0.00 0.00 0.00 0
73196 0.00 0.00 0.00 0
73197 0.00 0.00 0.00 0
73198 0.00 0.00 0.00 0
73201 0.00 0.00 0.00 0
73202 0.00 0.00 0.00 0
73203 0.00 0.00 0.00 0
73204 0.00 0.00 0.00 0
73205 0.00 0.00 0.00 0
73206 0.00 0.00 0.00 0
73211 0.00 0.00 0.00 0
73212 0.00 0.00 0.00 0
73213 0.00 0.00 0.00 0
73215 0.00 0.00 0.00 0
73216 0.00 0.00 0.00 0
73217 0.00 0.00 0.00 0
73218 0.00 0.00 0.00 0
73219 0.00 0.00 0.00 0
73220 0.00 0.00 0.00 0
73221 0.00 0.00 0.00 0
73222 0.00 0.00 0.00 0
73223 0.00 0.00 0.00 0
73229 0.00 0.00 0.00 0
73230 0.00 0.00 0.00 0
73231 0.00 0.00 0.00 0
73232 0.00 0.00 0.00 0
77242 0.00 0.00 0.00 0
77274 0.00 0.00 0.00 0
77275 0.00 0.00 0.00 0
77276 0.00 0.00 0.00 0
77277 0.00 0.00 0.00 0
77278 0.00 0.00 0.00 0
77284 0.00 0.00 0.00 0
77285 0.00 0.00 0.00 0
77286 0.00 0.00 0.00 0
77291 0.00 0.00 0.00 0
77292 0.00 0.00 0.00 0
77293 0.00 0.00 0.00 0
77296 0.00 0.00 0.00 0
77297 0.00 0.00 0.00 0
77298 0.00 0.00 0.00 0
77299 0.00 0.00 0.00 0
77300 0.00 0.00 0.00 0
77301 0.00 0.00 0.00 0
77302 0.00 0.00 0.00 0
77303 0.00 0.00 0.00 0
77304 0.00 0.00 0.00 0
77305 0.00 0.00 0.00 0
77306 0.00 0.00 0.00 0
77307 0.00 0.00 0.00 0
77308 0.00 0.00 0.00 0
77309 0.00 0.00 0.00 0
77310 0.00 0.00 0.00 0
77311 0.00 0.00 0.00 0
77312 0.00 0.00 0.00 0
77313 0.00 0.00 0.00 0
77314 0.00 0.00 0.00 0
77315 0.00 0.00 0.00 0
77316 0.00 0.00 0.00 0
77317 0.00 0.00 0.00 0
77318 0.00 0.00 0.00 0
77319 0.00 0.00 0.00 0
77320 0.00 0.00 0.00 0
77321 0.00 0.00 0.00 0
77322 0.00 0.00 0.00 0
77323 0.00 0.00 0.00 0
77324 0.00 0.00 0.00 0
77325 0.00 0.00 0.00 0
77326 0.00 0.00 0.00 0
77327 0.00 0.00 0.00 0
77328 0.00 0.00 0.00 0
77329 0.00 0.00 0.00 0
77330 0.00 0.00 0.00 0
77331 0.00 0.00 0.00 0
77332 0.00 0.00 0.00 0
77333 0.00 0.00 0.00 0
77334 0.00 0.00 0.00 0
77335 0.00 0.00 0.00 0
77336 0.00 0.00 0.00 0
77337 0.00 0.00 0.00 0
77338 0.00 0.00 0.00 0
77339 0.00 0.00 0.00 0
77340 0.00 0.00 0.00 0
77344 0.00 0.00 0.00 0
77345 0.00 0.00 0.00 0
77346 0.00 0.00 0.00 0
77347 0.00 0.00 0.00 0
77348 0.00 0.00 0.00 0
77349 0.00 0.00 0.00 0
77350 0.00 0.00 0.00 0
77352 0.00 0.00 0.00 0
77353 0.00 0.00 0.00 0
77354 0.00 0.00 0.00 0
77355 0.00 0.00 0.00 0
94127 0.00 0.00 0.00 0
94128 0.00 0.00 0.00 0
94129 0.00 0.00 0.00 0
94130 0.00 0.00 0.00 0
94131 0.00 0.00 0.00 0
94942 0.00 0.00 0.00 0
94943 0.00 0.00 0.00 0
94944 0.00 0.00 0.00 0
94945 0.00 0.00 0.00 0
94946 0.00 0.00 0.00 0
94947 0.00 0.00 0.00 0
94948 0.00 0.00 0.00 0
94949 0.00 0.00 0.00 0
94950 0.00 0.00 0.00 0
94951 0.00 0.00 0.00 0
94952 0.00 0.00 0.00 0
94953 0.00 0.00 0.00 0
94954 0.00 0.00 0.00 0
99250 0.00 0.00 0.00 0
99254 0.00 0.00 0.00 0
99255 0.00 0.00 0.00 0
99256 0.00 0.00 0.00 0
99267 0.00 0.00 0.00 0
99268 0.00 0.00 0.00 0
99269 0.00 0.00 0.00 0
99270 0.00 0.00 0.00 0
99271 0.00 0.00 0.00 0
99272 0.00 0.00 0.00 0
103820 0.00 0.00 0.00 0
103821 0.00 0.00 0.00 0
103822 0.00 0.00 0.00 0
103823 0.00 0.00 0.00 0
103824 0.00 0.00 0.00 0
103825 0.00 0.00 0.00 0
103826 0.00 0.00 0.00 0
103827 0.00 0.00 0.00 0
103828 0.00 0.00 0.00 0
103829 0.00 0.00 0.00 0
103830 0.00 0.00 0.00 0
103831 0.00 0.00 0.00 0
103832 0.00 0.00 0.00 0
103833 0.00 0.00 0.00 0
103835 0.00 0.00 0.00 0
106264 0.00 0.00 0.00 0
106265 0.00 0.00 0.00 0
106266 0.00 0.00 0.00 0
106267 0.00 0.00 0.00 0
106268 0.00 0.00 0.00 0
106269 0.00 0.00 0.00 0
106270 0.00 0.00 0.00 0
106271 0.00 0.00 0.00 0
106272 0.00 0.00 0.00 0
106273 0.00 0.00 0.00 0
106275 0.00 0.00 0.00 0
106276 0.00 0.00 0.00 0
106277 0.00 0.00 0.00 0
106279 0.00 0.00 0.00 0
106280 0.00 0.00 0.00 0
106281 0.00 0.00 0.00 0
106282 0.00 0.00 0.00 0
106283 0.00 0.00 0.00 0
106284 0.00 0.00 0.00 0
106285 0.00 0.00 0.00 0
106286 0.00 0.00 0.00 0
106287 0.00 0.00 0.00 0
106288 0.00 0.00 0.00 0
106289 0.00 0.00 0.00 0
106290 0.00 0.00 0.00 0
106291 0.00 0.00 0.00 0
106292 0.00 0.00 0.00 0
106293 0.00 0.00 0.00 0
106294 0.00 0.00 0.00 0
106295 0.00 0.00 0.00 0
106296 0.00 0.00 0.00 0
106297 0.00 0.00 0.00 0
106298 0.00 0.00 0.00 0
106299 0.00 0.00 0.00 0
106300 0.00 0.00 0.00 0
106301 0.00 0.00 0.00 0
106302 0.00 0.00 0.00 0
106303 0.00 0.00 0.00 0
106304 0.00 0.00 0.00 0
106305 0.00 0.00 0.00 0
106306 0.00 0.00 0.00 0
106307 0.00 0.00 0.00 0
106308 0.00 0.00 0.00 0
106313 0.00 0.00 0.00 0
106314 0.00 0.00 0.00 0
119789 0.00 0.00 0.00 0
119790 0.00 0.00 0.00 0
119791 0.00 0.00 0.00 0
119792 0.00 0.00 0.00 0
119793 0.00 0.00 0.00 0
119794 0.00 0.00 0.00 0
119795 0.00 0.00 0.00 0
119796 0.00 0.00 0.00 0
119797 0.00 0.00 0.00 0
119798 0.00 0.00 0.00 0
119799 0.00 0.00 0.00 0
121656 0.00 0.00 0.00 0
121690 0.00 0.00 0.00 0
121691 0.00 0.00 0.00 0
121692 0.00 0.00 0.00 0
121693 0.00 0.00 0.00 0
121694 0.00 0.00 0.00 0
121695 0.00 0.00 0.00 0
121696 0.00 0.00 0.00 0
121697 0.00 0.00 0.00 0
121698 0.00 0.00 0.00 0
121699 0.00 0.00 0.00 0
121700 0.00 0.00 0.00 0
121701 0.00 0.00 0.00 0
121702 0.00 0.00 0.00 0
121703 0.00 0.00 0.00 0
121704 0.00 0.00 0.00 0
121705 0.00 0.00 0.00 0
121706 0.00 0.00 0.00 0
121707 0.00 0.00 0.00 0
121708 0.00 0.00 0.00 0
121709 0.00 0.00 0.00 0
121710 0.00 0.00 0.00 0
121711 0.00 0.00 0.00 0
121712 0.00 0.00 0.00 0
121713 0.00 0.00 0.00 0
121714 0.00 0.00 0.00 0
121715 0.00 0.00 0.00 0
121716 0.00 0.00 0.00 0
121717 0.00 0.00 0.00 0
121718 0.00 0.00 0.00 0
121719 0.00 0.00 0.00 0
121720 0.00 0.00 0.00 0
129752 0.00 0.00 0.00 0
129753 0.00 0.00 0.00 0
129754 0.00 0.00 0.00 0
129755 0.00 0.00 0.00 0
131470 0.00 0.00 0.00 0
131471 0.00 0.00 0.00 0
131472 0.00 0.00 0.00 0
131479 0.00 0.00 0.00 0
131480 0.00 0.00 0.00 0
131481 0.00 0.00 0.00 0
131482 0.00 0.00 0.00 0
131483 0.00 0.00 0.00 0
131484 0.00 0.00 0.00 0
131485 0.00 0.00 0.00 0
131486 0.00 0.00 0.00 0
131487 0.00 0.00 0.00 0
131488 0.00 0.00 0.00 0
131489 0.00 0.00 0.00 0
131490 0.00 0.00 0.00 0
131491 0.00 0.00 0.00 0
131492 0.00 0.00 0.00 0
131493 0.00 0.00 0.00 0
131494 0.00 0.00 0.00 0
131495 0.00 0.00 0.00 0
131496 0.00 0.00 0.00 0
131497 0.00 0.00 0.00 0
131498 0.00 0.00 0.00 0
140978 0.00 0.00 0.00 0
140980 0.00 0.00 0.00 0
140983 0.00 0.00 0.00 0
140989 0.00 0.00 0.00 0
140990 0.00 0.00 0.00 0
140991 0.00 0.00 0.00 0
140992 0.00 0.00 0.00 0
140993 0.00 0.00 0.00 0
140994 0.00 0.00 0.00 0
141001 0.00 0.00 0.00 0
141007 0.00 0.00 0.00 0
141008 0.00 0.00 0.00 0
141009 0.00 0.00 0.00 0
141010 0.00 0.00 0.00 0
141011 0.00 0.00 0.00 0
141012 0.00 0.00 0.00 0
141013 0.00 0.00 0.00 0
141014 0.00 0.00 0.00 0
141015 0.00 0.00 0.00 0
141022 0.00 0.00 0.00 0
141023 0.00 0.00 0.00 0
141024 0.00 0.00 0.00 0
141025 0.00 0.00 0.00 0
141026 0.00 0.00 0.00 0
145946 0.00 0.00 0.00 0
145947 0.00 0.00 0.00 0
145948 0.00 0.00 0.00 0
145949 0.00 0.00 0.00 0
145950 0.00 0.00 0.00 0
145959 0.00 0.00 0.00 0
145960 0.00 0.00 0.00 0
145961 0.00 0.00 0.00 0
145973 0.00 0.00 0.00 0
145974 0.00 0.00 0.00 0
145975 0.00 0.00 0.00 0
145976 0.00 0.00 0.00 0
145977 0.00 0.00 0.00 0
145978 0.00 0.00 0.00 0
145984 0.00 0.00 0.00 0
145985 0.00 0.00 0.00 0
145986 0.00 0.00 0.00 0
145987 0.00 0.00 0.00 0
145988 0.00 0.00 0.00 0
145989 0.00 0.00 0.00 0
145990 0.00 0.00 0.00 0
145991 0.00 0.00 0.00 0
145992 0.00 0.00 0.00 0
145993 0.00 0.00 0.00 0
145994 0.00 0.00 0.00 0
145995 0.00 0.00 0.00 0
145996 0.00 0.00 0.00 0
145997 0.00 0.00 0.00 0
145998 0.00 0.00 0.00 0
145999 0.00 0.00 0.00 0
146000 0.00 0.00 0.00 0
146001 0.00 0.00 0.00 0
146002 0.00 0.00 0.00 0
146003 0.00 0.00 0.00 0
146004 0.00 0.00 0.00 0
146005 0.00 0.00 0.00 0
146006 0.00 0.00 0.00 0
146007 0.00 0.00 0.00 0
146008 0.00 0.00 0.00 0
146009 0.00 0.00 0.00 0
146010 0.00 0.00 0.00 0
146011 0.00 0.00 0.00 0
146012 0.00 0.00 0.00 0
146013 0.00 0.00 0.00 0
146014 0.00 0.00 0.00 0
146015 0.00 0.00 0.00 0
146016 0.00 0.00 0.00 0
146017 0.00 0.00 0.00 0
146018 0.00 0.00 0.00 0
146019 0.00 0.00 0.00 0
146020 0.00 0.00 0.00 0
146021 0.00 0.00 0.00 0
146022 0.00 0.00 0.00 0
146023 0.00 0.00 0.00 0
146024 0.00 0.00 0.00 0
146025 0.00 0.00 0.00 0
146026 0.00 0.00 0.00 0
146028 0.00 0.00 0.00 0
146029 0.00 0.00 0.00 0
146030 0.00 0.00 0.00 0
146031 0.00 0.00 0.00 0
146032 0.00 0.00 0.00 0
146033 0.00 0.00 0.00 0
146034 0.00 0.00 0.00 0
146035 0.00 0.00 0.00 0
146036 0.00 0.00 0.00 0
146037 0.00 0.00 0.00 0
146038 0.00 0.00 0.00 0
146039 0.00 0.00 0.00 0
146040 0.00 0.00 0.00 0
146041 0.00 0.00 0.00 0
146042 0.00 0.00 0.00 0
146043 0.00 0.00 0.00 0
146044 0.00 0.00 0.00 0
146045 0.00 0.00 0.00 0
