# G_and_S_subcentral
2319
4 0.00 0.00 0.00 0
59 0.00 0.00 0.00 0
62 0.00 0.00 0.00 0
179 0.00 0.00 0.00 0
182 0.00 0.00 0.00 0
183 0.00 0.00 0.00 0
402 0.00 0.00 0.00 0
472 0.00 0.00 0.00 0
659 0.00 0.00 0.00 0
660 0.00 0.00 0.00 0
661 0.00 0.00 0.00 0
662 0.00 0.00 0.00 0
663 0.00 0.00 0.00 0
907 0.00 0.00 0.00 0
908 0.00 0.00 0.00 0
909 0.00 0.00 0.00 0
910 0.00 0.00 0.00 0
911 0.00 0.00 0.00 0
912 0.00 0.00 0.00 0
1036 0.00 0.00 0.00 0
1475 0.00 0.00 0.00 0
1476 0.00 0.00 0.00 0
1477 0.00 0.00 0.00 0
1480 0.00 0.00 0.00 0
1481 0.00 0.00 0.00 0
1482 0.00 0.00 0.00 0
1483 0.00 0.00 0.00 0
1888 0.00 0.00 0.00 0
1899 0.00 0.00 0.00 0
1900 0.00 0.00 0.00 0
1901 0.00 0.00 0.00 0
2012 0.00 0.00 0.00 0
2015 0.00 0.00 0.00 0
2063 0.00 0.00 0.00 0
2066 0.00 0.00 0.00 0
2067 0.00 0.00 0.00 0
2068 0.00 0.00 0.00 0
2579 0.00 0.00 0.00 0
2580 0.00 0.00 0.00 0
2581 0.00 0.00 0.00 0
2582 0.00 0.00 0.00 0
2583 0.00 0.00 0.00 0
2819 0.00 0.00 0.00 0
2821 0.00 0.00 0.00 0
2827 0.00 0.00 0.00 0
2828 0.00 0.00 0.00 0
2829 0.00 0.00 0.00 0
2830 0.00 0.00 0.00 0
2831 0.00 0.00 0.00 0
2832 0.00 0.00 0.00 0
2833 0.00 0.00 0.00 0
3419 0.00 0.00 0.00 0
3420 0.00 0.00 0.00 0
3421 0.00 0.00 0.00 0
3427 0.00 0.00 0.00 0
3428 0.00 0.00 0.00 0
3429 0.00 0.00 0.00 0
3430 0.00 0.00 0.00 0
3431 0.00 0.00 0.00 0
3432 0.00 0.00 0.00 0
3433 0.00 0.00 0.00 0
4147 0.00 0.00 0.00 0
4148 0.00 0.00 0.00 0
4149 0.00 0.00 0.00 0
4165 0.00 0.00 0.00 0
4169 0.00 0.00 0.00 0
4170 0.00 0.00 0.00 0
4171 0.00 0.00 0.00 0
4172 0.00 0.00 0.00 0
4173 0.00 0.00 0.00 0
4174 0.00 0.00 0.00 0
4175 0.00 0.00 0.00 0
4177 0.00 0.00 0.00 0
4531 0.00 0.00 0.00 0
4539 0.00 0.00 0.00 0
4540 0.00 0.00 0.00 0
4541 0.00 0.00 0.00 0
4542 0.00 0.00 0.00 0
4544 0.00 0.00 0.00 0
4545 0.00 0.00 0.00 0
4546 0.00 0.00 0.00 0
4882 0.00 0.00 0.00 0
5795 0.00 0.00 0.00 0
5796 0.00 0.00 0.00 0
5797 0.00 0.00 0.00 0
5798 0.00 0.00 0.00 0
5800 0.00 0.00 0.00 0
5801 0.00 0.00 0.00 0
5802 0.00 0.00 0.00 0
5803 0.00 0.00 0.00 0
6241 0.00 0.00 0.00 0
6243 0.00 0.00 0.00 0
6244 0.00 0.00 0.00 0
6245 0.00 0.00 0.00 0
6246 0.00 0.00 0.00 0
6247 0.00 0.00 0.00 0
6248 0.00 0.00 0.00 0
6250 0.00 0.00 0.00 0
6470 0.00 0.00 0.00 0
7283 0.00 0.00 0.00 0
7284 0.00 0.00 0.00 0
7285 0.00 0.00 0.00 0
7286 0.00 0.00 0.00 0
7287 0.00 0.00 0.00 0
7288 0.00 0.00 0.00 0
7294 0.00 0.00 0.00 0
7295 0.00 0.00 0.00 0
7296 0.00 0.00 0.00 0
7297 0.00 0.00 0.00 0
7298 0.00 0.00 0.00 0
7299 0.00 0.00 0.00 0
7300 0.00 0.00 0.00 0
7301 0.00 0.00 0.00 0
7302 0.00 0.00 0.00 0
7303 0.00 0.00 0.00 0
8278 0.00 0.00 0.00 0
8279 0.00 0.00 0.00 0
8280 0.00 0.00 0.00 0
8282 0.00 0.00 0.00 0
8283 0.00 0.00 0.00 0
8307 0.00 0.00 0.00 0
8308 0.00 0.00 0.00 0
8309 0.00 0.00 0.00 0
8310 0.00 0.00 0.00 0
8311 0.00 0.00 0.00 0
8312 0.00 0.00 0.00 0
8612 0.00 0.00 0.00 0
8613 0.00 0.00 0.00 0
8616 0.00 0.00 0.00 0
8619 0.00 0.00 0.00 0
8755 0.00 0.00 0.00 0
8756 0.00 0.00 0.00 0
8757 0.00 0.00 0.00 0
8758 0.00 0.00 0.00 0
8759 0.00 0.00 0.00 0
8767 0.00 0.00 0.00 0
8768 0.00 0.00 0.00 0
8769 0.00 0.00 0.00 0
8770 0.00 0.00 0.00 0
8771 0.00 0.00 0.00 0
8772 0.00 0.00 0.00 0
8773 0.00 0.00 0.00 0
8774 0.00 0.00 0.00 0
8775 0.00 0.00 0.00 0
8776 0.00 0.00 0.00 0
9186 0.00 0.00 0.00 0
10259 0.00 0.00 0.00 0
10260 0.00 0.00 0.00 0
10261 0.00 0.00 0.00 0
10262 0.00 0.00 0.00 0
10263 0.00 0.00 0.00 0
10499 0.00 0.00 0.00 0
10500 0.00 0.00 0.00 0
10501 0.00 0.00 0.00 0
10507 0.00 0.00 0.00 0
10508 0.00 0.00 0.00 0
10509 0.00 0.00 0.00 0
10510 0.00 0.00 0.00 0
10511 0.00 0.00 0.00 0
10512 0.00 0.00 0.00 0
10513 0.00 0.00 0.00 0
11099 0.00 0.00 0.00 0
11100 0.00 0.00 0.00 0
11101 0.00 0.00 0.00 0
11107 0.00 0.00 0.00 0
11108 0.00 0.00 0.00 0
11109 0.00 0.00 0.00 0
11110 0.00 0.00 0.00 0
11111 0.00 0.00 0.00 0
11112 0.00 0.00 0.00 0
11113 0.00 0.00 0.00 0
11827 0.00 0.00 0.00 0
11828 0.00 0.00 0.00 0
11845 0.00 0.00 0.00 0
11849 0.00 0.00 0.00 0
11850 0.00 0.00 0.00 0
11851 0.00 0.00 0.00 0
11852 0.00 0.00 0.00 0
11853 0.00 0.00 0.00 0
11854 0.00 0.00 0.00 0
11855 0.00 0.00 0.00 0
11856 0.00 0.00 0.00 0
12218 0.00 0.00 0.00 0
12219 0.00 0.00 0.00 0
12220 0.00 0.00 0.00 0
12221 0.00 0.00 0.00 0
12222 0.00 0.00 0.00 0
12224 0.00 0.00 0.00 0
12225 0.00 0.00 0.00 0
12226 0.00 0.00 0.00 0
13499 0.00 0.00 0.00 0
13500 0.00 0.00 0.00 0
13501 0.00 0.00 0.00 0
13502 0.00 0.00 0.00 0
13503 0.00 0.00 0.00 0
13504 0.00 0.00 0.00 0
13505 0.00 0.00 0.00 0
13506 0.00 0.00 0.00 0
13507 0.00 0.00 0.00 0
13508 0.00 0.00 0.00 0
13509 0.00 0.00 0.00 0
13510 0.00 0.00 0.00 0
13511 0.00 0.00 0.00 0
13512 0.00 0.00 0.00 0
13513 0.00 0.00 0.00 0
14242 0.00 0.00 0.00 0
14243 0.00 0.00 0.00 0
14244 0.00 0.00 0.00 0
14245 0.00 0.00 0.00 0
14246 0.00 0.00 0.00 0
14247 0.00 0.00 0.00 0
14248 0.00 0.00 0.00 0
14249 0.00 0.00 0.00 0
14250 0.00 0.00 0.00 0
14251 0.00 0.00 0.00 0
14252 0.00 0.00 0.00 0
14253 0.00 0.00 0.00 0
14254 0.00 0.00 0.00 0
14258 0.00 0.00 0.00 0
14259 0.00 0.00 0.00 0
14260 0.00 0.00 0.00 0
14262 0.00 0.00 0.00 0
14263 0.00 0.00 0.00 0
16019 0.00 0.00 0.00 0
16020 0.00 0.00 0.00 0
16021 0.00 0.00 0.00 0
16022 0.00 0.00 0.00 0
16023 0.00 0.00 0.00 0
16024 0.00 0.00 0.00 0
16025 0.00 0.00 0.00 0
16026 0.00 0.00 0.00 0
16027 0.00 0.00 0.00 0
16028 0.00 0.00 0.00 0
16029 0.00 0.00 0.00 0
16042 0.00 0.00 0.00 0
16043 0.00 0.00 0.00 0
16044 0.00 0.00 0.00 0
16045 0.00 0.00 0.00 0
16046 0.00 0.00 0.00 0
16047 0.00 0.00 0.00 0
16048 0.00 0.00 0.00 0
16049 0.00 0.00 0.00 0
16050 0.00 0.00 0.00 0
16051 0.00 0.00 0.00 0
16052 0.00 0.00 0.00 0
16053 0.00 0.00 0.00 0
16054 0.00 0.00 0.00 0
16055 0.00 0.00 0.00 0
16056 0.00 0.00 0.00 0
16057 0.00 0.00 0.00 0
16058 0.00 0.00 0.00 0
16059 0.00 0.00 0.00 0
16060 0.00 0.00 0.00 0
16061 0.00 0.00 0.00 0
16062 0.00 0.00 0.00 0
16063 0.00 0.00 0.00 0
18202 0.00 0.00 0.00 0
18203 0.00 0.00 0.00 0
18204 0.00 0.00 0.00 0
18205 0.00 0.00 0.00 0
18206 0.00 0.00 0.00 0
18207 0.00 0.00 0.00 0
18208 0.00 0.00 0.00 0
18209 0.00 0.00 0.00 0
18216 0.00 0.00 0.00 0
18218 0.00 0.00 0.00 0
18255 0.00 0.00 0.00 0
18270 0.00 0.00 0.00 0
18271 0.00 0.00 0.00 0
18272 0.00 0.00 0.00 0
18273 0.00 0.00 0.00 0
18274 0.00 0.00 0.00 0
18275 0.00 0.00 0.00 0
18276 0.00 0.00 0.00 0
18277 0.00 0.00 0.00 0
18278 0.00 0.00 0.00 0
18279 0.00 0.00 0.00 0
18280 0.00 0.00 0.00 0
18281 0.00 0.00 0.00 0
18282 0.00 0.00 0.00 0
18283 0.00 0.00 0.00 0
18284 0.00 0.00 0.00 0
18285 0.00 0.00 0.00 0
18287 0.00 0.00 0.00 0
18992 0.00 0.00 0.00 0
18993 0.00 0.00 0.00 0
18994 0.00 0.00 0.00 0
19005 0.00 0.00 0.00 0
19006 0.00 0.00 0.00 0
19007 0.00 0.00 0.00 0
19344 0.00 0.00 0.00 0
19345 0.00 0.00 0.00 0
19346 0.00 0.00 0.00 0
19347 0.00 0.00 0.00 0
19348 0.00 0.00 0.00 0
19349 0.00 0.00 0.00 0
19350 0.00 0.00 0.00 0
19351 0.00 0.00 0.00 0
19352 0.00 0.00 0.00 0
19371 0.00 0.00 0.00 0
19372 0.00 0.00 0.00 0
19373 0.00 0.00 0.00 0
19374 0.00 0.00 0.00 0
19375 0.00 0.00 0.00 0
19376 0.00 0.00 0.00 0
19377 0.00 0.00 0.00 0
19378 0.00 0.00 0.00 0
19379 0.00 0.00 0.00 0
19380 0.00 0.00 0.00 0
19381 0.00 0.00 0.00 0
19382 0.00 0.00 0.00 0
19383 0.00 0.00 0.00 0
19384 0.00 0.00 0.00 0
19385 0.00 0.00 0.00 0
19386 0.00 0.00 0.00 0
19387 0.00 0.00 0.00 0
19388 0.00 0.00 0.00 0
19389 0.00 0.00 0.00 0
19390 0.00 0.00 0.00 0
19391 0.00 0.00 0.00 0
19392 0.00 0.00 0.00 0
19393 0.00 0.00 0.00 0
19394 0.00 0.00 0.00 0
19395 0.00 0.00 0.00 0
19396 0.00 0.00 0.00 0
20407 0.00 0.00 0.00 0
20408 0.00 0.00 0.00 0
20409 0.00 0.00 0.00 0
20411 0.00 0.00 0.00 0
23075 0.00 0.00 0.00 0
23076 0.00 0.00 0.00 0
23077 0.00 0.00 0.00 0
23078 0.00 0.00 0.00 0
23079 0.00 0.00 0.00 0
23080 0.00 0.00 0.00 0
23081 0.00 0.00 0.00 0
23082 0.00 0.00 0.00 0
23083 0.00 0.00 0.00 0
23508 0.00 0.00 0.00 0
23509 0.00 0.00 0.00 0
23510 0.00 0.00 0.00 0
23521 0.00 0.00 0.00 0
23522 0.00 0.00 0.00 0
23523 0.00 0.00 0.00 0
23524 0.00 0.00 0.00 0
23525 0.00 0.00 0.00 0
23526 0.00 0.00 0.00 0
23527 0.00 0.00 0.00 0
23528 0.00 0.00 0.00 0
23529 0.00 0.00 0.00 0
23530 0.00 0.00 0.00 0
23531 0.00 0.00 0.00 0
23532 0.00 0.00 0.00 0
23533 0.00 0.00 0.00 0
24587 0.00 0.00 0.00 0
24588 0.00 0.00 0.00 0
24589 0.00 0.00 0.00 0
24590 0.00 0.00 0.00 0
24591 0.00 0.00 0.00 0
24601 0.00 0.00 0.00 0
24602 0.00 0.00 0.00 0
24603 0.00 0.00 0.00 0
24604 0.00 0.00 0.00 0
24605 0.00 0.00 0.00 0
24606 0.00 0.00 0.00 0
24607 0.00 0.00 0.00 0
24608 0.00 0.00 0.00 0
24609 0.00 0.00 0.00 0
24610 0.00 0.00 0.00 0
24611 0.00 0.00 0.00 0
24612 0.00 0.00 0.00 0
24613 0.00 0.00 0.00 0
25897 0.00 0.00 0.00 0
25898 0.00 0.00 0.00 0
25899 0.00 0.00 0.00 0
25900 0.00 0.00 0.00 0
25901 0.00 0.00 0.00 0
25929 0.00 0.00 0.00 0
25938 0.00 0.00 0.00 0
25939 0.00 0.00 0.00 0
25940 0.00 0.00 0.00 0
25941 0.00 0.00 0.00 0
25942 0.00 0.00 0.00 0
25943 0.00 0.00 0.00 0
25944 0.00 0.00 0.00 0
25945 0.00 0.00 0.00 0
25946 0.00 0.00 0.00 0
25951 0.00 0.00 0.00 0
26372 0.00 0.00 0.00 0
26585 0.00 0.00 0.00 0
26599 0.00 0.00 0.00 0
26600 0.00 0.00 0.00 0
26601 0.00 0.00 0.00 0
26602 0.00 0.00 0.00 0
26603 0.00 0.00 0.00 0
26604 0.00 0.00 0.00 0
26605 0.00 0.00 0.00 0
26606 0.00 0.00 0.00 0
26607 0.00 0.00 0.00 0
26608 0.00 0.00 0.00 0
26609 0.00 0.00 0.00 0
26610 0.00 0.00 0.00 0
26611 0.00 0.00 0.00 0
26612 0.00 0.00 0.00 0
26613 0.00 0.00 0.00 0
26614 0.00 0.00 0.00 0
27221 0.00 0.00 0.00 0
27222 0.00 0.00 0.00 0
28883 0.00 0.00 0.00 0
28884 0.00 0.00 0.00 0
28885 0.00 0.00 0.00 0
28886 0.00 0.00 0.00 0
28887 0.00 0.00 0.00 0
28888 0.00 0.00 0.00 0
28889 0.00 0.00 0.00 0
28890 0.00 0.00 0.00 0
28891 0.00 0.00 0.00 0
28894 0.00 0.00 0.00 0
28895 0.00 0.00 0.00 0
28896 0.00 0.00 0.00 0
28897 0.00 0.00 0.00 0
28898 0.00 0.00 0.00 0
28899 0.00 0.00 0.00 0
28900 0.00 0.00 0.00 0
28901 0.00 0.00 0.00 0
28902 0.00 0.00 0.00 0
28903 0.00 0.00 0.00 0
29926 0.00 0.00 0.00 0
29927 0.00 0.00 0.00 0
29928 0.00 0.00 0.00 0
29929 0.00 0.00 0.00 0
29930 0.00 0.00 0.00 0
29931 0.00 0.00 0.00 0
29932 0.00 0.00 0.00 0
29933 0.00 0.00 0.00 0
29934 0.00 0.00 0.00 0
29935 0.00 0.00 0.00 0
29936 0.00 0.00 0.00 0
29937 0.00 0.00 0.00 0
29938 0.00 0.00 0.00 0
29939 0.00 0.00 0.00 0
29940 0.00 0.00 0.00 0
29941 0.00 0.00 0.00 0
29943 0.00 0.00 0.00 0
29949 0.00 0.00 0.00 0
29952 0.00 0.00 0.00 0
30452 0.00 0.00 0.00 0
32387 0.00 0.00 0.00 0
32388 0.00 0.00 0.00 0
32389 0.00 0.00 0.00 0
32390 0.00 0.00 0.00 0
32391 0.00 0.00 0.00 0
32392 0.00 0.00 0.00 0
32393 0.00 0.00 0.00 0
32394 0.00 0.00 0.00 0
32395 0.00 0.00 0.00 0
32396 0.00 0.00 0.00 0
32398 0.00 0.00 0.00 0
32399 0.00 0.00 0.00 0
32400 0.00 0.00 0.00 0
32403 0.00 0.00 0.00 0
32416 0.00 0.00 0.00 0
32417 0.00 0.00 0.00 0
32418 0.00 0.00 0.00 0
32419 0.00 0.00 0.00 0
32420 0.00 0.00 0.00 0
32421 0.00 0.00 0.00 0
32422 0.00 0.00 0.00 0
32423 0.00 0.00 0.00 0
32424 0.00 0.00 0.00 0
32425 0.00 0.00 0.00 0
32426 0.00 0.00 0.00 0
32427 0.00 0.00 0.00 0
32428 0.00 0.00 0.00 0
32429 0.00 0.00 0.00 0
32430 0.00 0.00 0.00 0
32431 0.00 0.00 0.00 0
32432 0.00 0.00 0.00 0
32433 0.00 0.00 0.00 0
32434 0.00 0.00 0.00 0
32435 0.00 0.00 0.00 0
32436 0.00 0.00 0.00 0
32437 0.00 0.00 0.00 0
32438 0.00 0.00 0.00 0
32439 0.00 0.00 0.00 0
32440 0.00 0.00 0.00 0
32441 0.00 0.00 0.00 0
32442 0.00 0.00 0.00 0
32443 0.00 0.00 0.00 0
35128 0.00 0.00 0.00 0
35129 0.00 0.00 0.00 0
35131 0.00 0.00 0.00 0
35132 0.00 0.00 0.00 0
35136 0.00 0.00 0.00 0
35138 0.00 0.00 0.00 0
35139 0.00 0.00 0.00 0
35141 0.00 0.00 0.00 0
35142 0.00 0.00 0.00 0
35143 0.00 0.00 0.00 0
35144 0.00 0.00 0.00 0
35145 0.00 0.00 0.00 0
35211 0.00 0.00 0.00 0
35212 0.00 0.00 0.00 0
35213 0.00 0.00 0.00 0
35214 0.00 0.00 0.00 0
35215 0.00 0.00 0.00 0
35216 0.00 0.00 0.00 0
35217 0.00 0.00 0.00 0
35218 0.00 0.00 0.00 0
35219 0.00 0.00 0.00 0
35220 0.00 0.00 0.00 0
35221 0.00 0.00 0.00 0
35222 0.00 0.00 0.00 0
35223 0.00 0.00 0.00 0
35224 0.00 0.00 0.00 0
35225 0.00 0.00 0.00 0
35226 0.00 0.00 0.00 0
35227 0.00 0.00 0.00 0
35228 0.00 0.00 0.00 0
35229 0.00 0.00 0.00 0
36092 0.00 0.00 0.00 0
36093 0.00 0.00 0.00 0
36094 0.00 0.00 0.00 0
36095 0.00 0.00 0.00 0
36101 0.00 0.00 0.00 0
36110 0.00 0.00 0.00 0
36515 0.00 0.00 0.00 0
36519 0.00 0.00 0.00 0
36520 0.00 0.00 0.00 0
36521 0.00 0.00 0.00 0
36522 0.00 0.00 0.00 0
36523 0.00 0.00 0.00 0
36524 0.00 0.00 0.00 0
36525 0.00 0.00 0.00 0
36526 0.00 0.00 0.00 0
36527 0.00 0.00 0.00 0
36548 0.00 0.00 0.00 0
36549 0.00 0.00 0.00 0
36550 0.00 0.00 0.00 0
36551 0.00 0.00 0.00 0
36552 0.00 0.00 0.00 0
36553 0.00 0.00 0.00 0
36554 0.00 0.00 0.00 0
36555 0.00 0.00 0.00 0
36556 0.00 0.00 0.00 0
36557 0.00 0.00 0.00 0
36558 0.00 0.00 0.00 0
36559 0.00 0.00 0.00 0
36560 0.00 0.00 0.00 0
36561 0.00 0.00 0.00 0
36562 0.00 0.00 0.00 0
36563 0.00 0.00 0.00 0
36564 0.00 0.00 0.00 0
36565 0.00 0.00 0.00 0
36566 0.00 0.00 0.00 0
36567 0.00 0.00 0.00 0
36568 0.00 0.00 0.00 0
36569 0.00 0.00 0.00 0
36570 0.00 0.00 0.00 0
36571 0.00 0.00 0.00 0
36572 0.00 0.00 0.00 0
36573 0.00 0.00 0.00 0
36574 0.00 0.00 0.00 0
36575 0.00 0.00 0.00 0
36576 0.00 0.00 0.00 0
36577 0.00 0.00 0.00 0
36578 0.00 0.00 0.00 0
36579 0.00 0.00 0.00 0
36580 0.00 0.00 0.00 0
37800 0.00 0.00 0.00 0
37801 0.00 0.00 0.00 0
37802 0.00 0.00 0.00 0
37803 0.00 0.00 0.00 0
37804 0.00 0.00 0.00 0
37805 0.00 0.00 0.00 0
40979 0.00 0.00 0.00 0
40980 0.00 0.00 0.00 0
40981 0.00 0.00 0.00 0
40982 0.00 0.00 0.00 0
40983 0.00 0.00 0.00 0
41219 0.00 0.00 0.00 0
41220 0.00 0.00 0.00 0
41221 0.00 0.00 0.00 0
41227 0.00 0.00 0.00 0
41228 0.00 0.00 0.00 0
41229 0.00 0.00 0.00 0
41230 0.00 0.00 0.00 0
41231 0.00 0.00 0.00 0
41232 0.00 0.00 0.00 0
41233 0.00 0.00 0.00 0
41819 0.00 0.00 0.00 0
41820 0.00 0.00 0.00 0
41821 0.00 0.00 0.00 0
41827 0.00 0.00 0.00 0
41828 0.00 0.00 0.00 0
41829 0.00 0.00 0.00 0
41830 0.00 0.00 0.00 0
41831 0.00 0.00 0.00 0
41832 0.00 0.00 0.00 0
41833 0.00 0.00 0.00 0
42548 0.00 0.00 0.00 0
42565 0.00 0.00 0.00 0
42566 0.00 0.00 0.00 0
42567 0.00 0.00 0.00 0
42569 0.00 0.00 0.00 0
42570 0.00 0.00 0.00 0
42571 0.00 0.00 0.00 0
42572 0.00 0.00 0.00 0
42574 0.00 0.00 0.00 0
42576 0.00 0.00 0.00 0
42936 0.00 0.00 0.00 0
42938 0.00 0.00 0.00 0
42939 0.00 0.00 0.00 0
42940 0.00 0.00 0.00 0
42941 0.00 0.00 0.00 0
42942 0.00 0.00 0.00 0
42944 0.00 0.00 0.00 0
42946 0.00 0.00 0.00 0
44219 0.00 0.00 0.00 0
44220 0.00 0.00 0.00 0
44221 0.00 0.00 0.00 0
44222 0.00 0.00 0.00 0
44223 0.00 0.00 0.00 0
44224 0.00 0.00 0.00 0
44225 0.00 0.00 0.00 0
44226 0.00 0.00 0.00 0
44227 0.00 0.00 0.00 0
44228 0.00 0.00 0.00 0
44229 0.00 0.00 0.00 0
44230 0.00 0.00 0.00 0
44231 0.00 0.00 0.00 0
44232 0.00 0.00 0.00 0
44233 0.00 0.00 0.00 0
44962 0.00 0.00 0.00 0
44963 0.00 0.00 0.00 0
44964 0.00 0.00 0.00 0
44965 0.00 0.00 0.00 0
44966 0.00 0.00 0.00 0
44967 0.00 0.00 0.00 0
44968 0.00 0.00 0.00 0
44969 0.00 0.00 0.00 0
44970 0.00 0.00 0.00 0
44971 0.00 0.00 0.00 0
44972 0.00 0.00 0.00 0
44973 0.00 0.00 0.00 0
44975 0.00 0.00 0.00 0
44977 0.00 0.00 0.00 0
44979 0.00 0.00 0.00 0
44980 0.00 0.00 0.00 0
44981 0.00 0.00 0.00 0
44982 0.00 0.00 0.00 0
46739 0.00 0.00 0.00 0
46740 0.00 0.00 0.00 0
46741 0.00 0.00 0.00 0
46742 0.00 0.00 0.00 0
46743 0.00 0.00 0.00 0
46744 0.00 0.00 0.00 0
46745 0.00 0.00 0.00 0
46746 0.00 0.00 0.00 0
46747 0.00 0.00 0.00 0
46748 0.00 0.00 0.00 0
46749 0.00 0.00 0.00 0
46762 0.00 0.00 0.00 0
46763 0.00 0.00 0.00 0
46764 0.00 0.00 0.00 0
46765 0.00 0.00 0.00 0
46766 0.00 0.00 0.00 0
46767 0.00 0.00 0.00 0
46768 0.00 0.00 0.00 0
46769 0.00 0.00 0.00 0
46770 0.00 0.00 0.00 0
46771 0.00 0.00 0.00 0
46772 0.00 0.00 0.00 0
46773 0.00 0.00 0.00 0
46774 0.00 0.00 0.00 0
46775 0.00 0.00 0.00 0
46776 0.00 0.00 0.00 0
46777 0.00 0.00 0.00 0
46778 0.00 0.00 0.00 0
46779 0.00 0.00 0.00 0
46780 0.00 0.00 0.00 0
46781 0.00 0.00 0.00 0
46782 0.00 0.00 0.00 0
46783 0.00 0.00 0.00 0
48922 0.00 0.00 0.00 0
48923 0.00 0.00 0.00 0
48924 0.00 0.00 0.00 0
48925 0.00 0.00 0.00 0
48926 0.00 0.00 0.00 0
48927 0.00 0.00 0.00 0
48928 0.00 0.00 0.00 0
48929 0.00 0.00 0.00 0
48975 0.00 0.00 0.00 0
48976 0.00 0.00 0.00 0
48977 0.00 0.00 0.00 0
48990 0.00 0.00 0.00 0
48991 0.00 0.00 0.00 0
48992 0.00 0.00 0.00 0
48993 0.00 0.00 0.00 0
48994 0.00 0.00 0.00 0
48995 0.00 0.00 0.00 0
48996 0.00 0.00 0.00 0
48997 0.00 0.00 0.00 0
48998 0.00 0.00 0.00 0
48999 0.00 0.00 0.00 0
49000 0.00 0.00 0.00 0
49001 0.00 0.00 0.00 0
49002 0.00 0.00 0.00 0
49003 0.00 0.00 0.00 0
49004 0.00 0.00 0.00 0
49005 0.00 0.00 0.00 0
49006 0.00 0.00 0.00 0
49007 0.00 0.00 0.00 0
49008 0.00 0.00 0.00 0
49009 0.00 0.00 0.00 0
49712 0.00 0.00 0.00 0
49713 0.00 0.00 0.00 0
49714 0.00 0.00 0.00 0
49725 0.00 0.00 0.00 0
49726 0.00 0.00 0.00 0
49727 0.00 0.00 0.00 0
49728 0.00 0.00 0.00 0
49729 0.00 0.00 0.00 0
50062 0.00 0.00 0.00 0
50066 0.00 0.00 0.00 0
50068 0.00 0.00 0.00 0
50069 0.00 0.00 0.00 0
50070 0.00 0.00 0.00 0
50071 0.00 0.00 0.00 0
50072 0.00 0.00 0.00 0
50091 0.00 0.00 0.00 0
50092 0.00 0.00 0.00 0
50093 0.00 0.00 0.00 0
50094 0.00 0.00 0.00 0
50095 0.00 0.00 0.00 0
50096 0.00 0.00 0.00 0
50097 0.00 0.00 0.00 0
50098 0.00 0.00 0.00 0
50099 0.00 0.00 0.00 0
50100 0.00 0.00 0.00 0
50101 0.00 0.00 0.00 0
50102 0.00 0.00 0.00 0
50103 0.00 0.00 0.00 0
50104 0.00 0.00 0.00 0
50105 0.00 0.00 0.00 0
50106 0.00 0.00 0.00 0
50107 0.00 0.00 0.00 0
50108 0.00 0.00 0.00 0
50109 0.00 0.00 0.00 0
50110 0.00 0.00 0.00 0
50111 0.00 0.00 0.00 0
50112 0.00 0.00 0.00 0
50113 0.00 0.00 0.00 0
50114 0.00 0.00 0.00 0
50115 0.00 0.00 0.00 0
50116 0.00 0.00 0.00 0
51128 0.00 0.00 0.00 0
53819 0.00 0.00 0.00 0
53820 0.00 0.00 0.00 0
53821 0.00 0.00 0.00 0
53822 0.00 0.00 0.00 0
53823 0.00 0.00 0.00 0
53824 0.00 0.00 0.00 0
53825 0.00 0.00 0.00 0
53826 0.00 0.00 0.00 0
53827 0.00 0.00 0.00 0
53828 0.00 0.00 0.00 0
53829 0.00 0.00 0.00 0
53830 0.00 0.00 0.00 0
53831 0.00 0.00 0.00 0
53832 0.00 0.00 0.00 0
53833 0.00 0.00 0.00 0
54539 0.00 0.00 0.00 0
54540 0.00 0.00 0.00 0
54541 0.00 0.00 0.00 0
54542 0.00 0.00 0.00 0
54543 0.00 0.00 0.00 0
54544 0.00 0.00 0.00 0
54546 0.00 0.00 0.00 0
54562 0.00 0.00 0.00 0
54563 0.00 0.00 0.00 0
54564 0.00 0.00 0.00 0
54565 0.00 0.00 0.00 0
54566 0.00 0.00 0.00 0
54567 0.00 0.00 0.00 0
54568 0.00 0.00 0.00 0
54569 0.00 0.00 0.00 0
54570 0.00 0.00 0.00 0
54571 0.00 0.00 0.00 0
54572 0.00 0.00 0.00 0
54573 0.00 0.00 0.00 0
54574 0.00 0.00 0.00 0
54575 0.00 0.00 0.00 0
54576 0.00 0.00 0.00 0
54577 0.00 0.00 0.00 0
54578 0.00 0.00 0.00 0
54579 0.00 0.00 0.00 0
54580 0.00 0.00 0.00 0
54581 0.00 0.00 0.00 0
54582 0.00 0.00 0.00 0
54583 0.00 0.00 0.00 0
56339 0.00 0.00 0.00 0
56340 0.00 0.00 0.00 0
56341 0.00 0.00 0.00 0
56342 0.00 0.00 0.00 0
56343 0.00 0.00 0.00 0
56344 0.00 0.00 0.00 0
56345 0.00 0.00 0.00 0
56346 0.00 0.00 0.00 0
56362 0.00 0.00 0.00 0
56363 0.00 0.00 0.00 0
56364 0.00 0.00 0.00 0
56365 0.00 0.00 0.00 0
56366 0.00 0.00 0.00 0
56367 0.00 0.00 0.00 0
56368 0.00 0.00 0.00 0
56369 0.00 0.00 0.00 0
56370 0.00 0.00 0.00 0
56371 0.00 0.00 0.00 0
56372 0.00 0.00 0.00 0
56373 0.00 0.00 0.00 0
56374 0.00 0.00 0.00 0
56375 0.00 0.00 0.00 0
56376 0.00 0.00 0.00 0
56377 0.00 0.00 0.00 0
56378 0.00 0.00 0.00 0
56379 0.00 0.00 0.00 0
56380 0.00 0.00 0.00 0
56381 0.00 0.00 0.00 0
56382 0.00 0.00 0.00 0
56383 0.00 0.00 0.00 0
58522 0.00 0.00 0.00 0
58523 0.00 0.00 0.00 0
58524 0.00 0.00 0.00 0
58525 0.00 0.00 0.00 0
58526 0.00 0.00 0.00 0
58527 0.00 0.00 0.00 0
58528 0.00 0.00 0.00 0
58529 0.00 0.00 0.00 0
58575 0.00 0.00 0.00 0
58589 0.00 0.00 0.00 0
58590 0.00 0.00 0.00 0
58591 0.00 0.00 0.00 0
58592 0.00 0.00 0.00 0
58593 0.00 0.00 0.00 0
58594 0.00 0.00 0.00 0
58595 0.00 0.00 0.00 0
58596 0.00 0.00 0.00 0
58597 0.00 0.00 0.00 0
58598 0.00 0.00 0.00 0
58599 0.00 0.00 0.00 0
58600 0.00 0.00 0.00 0
58601 0.00 0.00 0.00 0
58602 0.00 0.00 0.00 0
58603 0.00 0.00 0.00 0
58604 0.00 0.00 0.00 0
58608 0.00 0.00 0.00 0
58609 0.00 0.00 0.00 0
58610 0.00 0.00 0.00 0
58612 0.00 0.00 0.00 0
58613 0.00 0.00 0.00 0
58614 0.00 0.00 0.00 0
59691 0.00 0.00 0.00 0
59692 0.00 0.00 0.00 0
59693 0.00 0.00 0.00 0
59694 0.00 0.00 0.00 0
59695 0.00 0.00 0.00 0
59696 0.00 0.00 0.00 0
59697 0.00 0.00 0.00 0
59698 0.00 0.00 0.00 0
59699 0.00 0.00 0.00 0
59700 0.00 0.00 0.00 0
59701 0.00 0.00 0.00 0
59702 0.00 0.00 0.00 0
59703 0.00 0.00 0.00 0
59704 0.00 0.00 0.00 0
59705 0.00 0.00 0.00 0
59706 0.00 0.00 0.00 0
59707 0.00 0.00 0.00 0
59708 0.00 0.00 0.00 0
59709 0.00 0.00 0.00 0
59710 0.00 0.00 0.00 0
59711 0.00 0.00 0.00 0
59712 0.00 0.00 0.00 0
59713 0.00 0.00 0.00 0
59714 0.00 0.00 0.00 0
59715 0.00 0.00 0.00 0
59716 0.00 0.00 0.00 0
60728 0.00 0.00 0.00 0
60729 0.00 0.00 0.00 0
63539 0.00 0.00 0.00 0
63540 0.00 0.00 0.00 0
63541 0.00 0.00 0.00 0
63542 0.00 0.00 0.00 0
63543 0.00 0.00 0.00 0
63544 0.00 0.00 0.00 0
63545 0.00 0.00 0.00 0
63546 0.00 0.00 0.00 0
63547 0.00 0.00 0.00 0
63548 0.00 0.00 0.00 0
63549 0.00 0.00 0.00 0
63550 0.00 0.00 0.00 0
63551 0.00 0.00 0.00 0
63552 0.00 0.00 0.00 0
63553 0.00 0.00 0.00 0
63554 0.00 0.00 0.00 0
63555 0.00 0.00 0.00 0
63556 0.00 0.00 0.00 0
63558 0.00 0.00 0.00 0
63562 0.00 0.00 0.00 0
63563 0.00 0.00 0.00 0
63564 0.00 0.00 0.00 0
63565 0.00 0.00 0.00 0
63566 0.00 0.00 0.00 0
63567 0.00 0.00 0.00 0
63568 0.00 0.00 0.00 0
63569 0.00 0.00 0.00 0
63570 0.00 0.00 0.00 0
63571 0.00 0.00 0.00 0
63572 0.00 0.00 0.00 0
63573 0.00 0.00 0.00 0
63574 0.00 0.00 0.00 0
63575 0.00 0.00 0.00 0
63576 0.00 0.00 0.00 0
63577 0.00 0.00 0.00 0
63578 0.00 0.00 0.00 0
63579 0.00 0.00 0.00 0
63580 0.00 0.00 0.00 0
63581 0.00 0.00 0.00 0
63582 0.00 0.00 0.00 0
63583 0.00 0.00 0.00 0
65707 0.00 0.00 0.00 0
65769 0.00 0.00 0.00 0
65770 0.00 0.00 0.00 0
65771 0.00 0.00 0.00 0
65772 0.00 0.00 0.00 0
65773 0.00 0.00 0.00 0
65774 0.00 0.00 0.00 0
65775 0.00 0.00 0.00 0
65776 0.00 0.00 0.00 0
65777 0.00 0.00 0.00 0
65778 0.00 0.00 0.00 0
65779 0.00 0.00 0.00 0
65780 0.00 0.00 0.00 0
65781 0.00 0.00 0.00 0
65782 0.00 0.00 0.00 0
65783 0.00 0.00 0.00 0
65784 0.00 0.00 0.00 0
65785 0.00 0.00 0.00 0
65786 0.00 0.00 0.00 0
65787 0.00 0.00 0.00 0
65788 0.00 0.00 0.00 0
65789 0.00 0.00 0.00 0
65790 0.00 0.00 0.00 0
65791 0.00 0.00 0.00 0
65792 0.00 0.00 0.00 0
65793 0.00 0.00 0.00 0
65794 0.00 0.00 0.00 0
65795 0.00 0.00 0.00 0
65796 0.00 0.00 0.00 0
65797 0.00 0.00 0.00 0
65798 0.00 0.00 0.00 0
65799 0.00 0.00 0.00 0
65800 0.00 0.00 0.00 0
65802 0.00 0.00 0.00 0
65804 0.00 0.00 0.00 0
65808 0.00 0.00 0.00 0
65809 0.00 0.00 0.00 0
65810 0.00 0.00 0.00 0
65811 0.00 0.00 0.00 0
65812 0.00 0.00 0.00 0
65814 0.00 0.00 0.00 0
65815 0.00 0.00 0.00 0
65816 0.00 0.00 0.00 0
65817 0.00 0.00 0.00 0
65820 0.00 0.00 0.00 0
65821 0.00 0.00 0.00 0
65822 0.00 0.00 0.00 0
65828 0.00 0.00 0.00 0
65829 0.00 0.00 0.00 0
71099 0.00 0.00 0.00 0
71100 0.00 0.00 0.00 0
71101 0.00 0.00 0.00 0
71102 0.00 0.00 0.00 0
71103 0.00 0.00 0.00 0
71104 0.00 0.00 0.00 0
71105 0.00 0.00 0.00 0
71106 0.00 0.00 0.00 0
71107 0.00 0.00 0.00 0
71108 0.00 0.00 0.00 0
71109 0.00 0.00 0.00 0
71110 0.00 0.00 0.00 0
71111 0.00 0.00 0.00 0
71112 0.00 0.00 0.00 0
71113 0.00 0.00 0.00 0
71114 0.00 0.00 0.00 0
71115 0.00 0.00 0.00 0
71116 0.00 0.00 0.00 0
71117 0.00 0.00 0.00 0
71118 0.00 0.00 0.00 0
71119 0.00 0.00 0.00 0
71120 0.00 0.00 0.00 0
71121 0.00 0.00 0.00 0
71122 0.00 0.00 0.00 0
71123 0.00 0.00 0.00 0
71124 0.00 0.00 0.00 0
71125 0.00 0.00 0.00 0
71126 0.00 0.00 0.00 0
71127 0.00 0.00 0.00 0
71128 0.00 0.00 0.00 0
71129 0.00 0.00 0.00 0
71136 0.00 0.00 0.00 0
71137 0.00 0.00 0.00 0
71138 0.00 0.00 0.00 0
71167 0.00 0.00 0.00 0
71168 0.00 0.00 0.00 0
71169 0.00 0.00 0.00 0
71170 0.00 0.00 0.00 0
71171 0.00 0.00 0.00 0
71172 0.00 0.00 0.00 0
71173 0.00 0.00 0.00 0
71174 0.00 0.00 0.00 0
71175 0.00 0.00 0.00 0
71176 0.00 0.00 0.00 0
71177 0.00 0.00 0.00 0
71178 0.00 0.00 0.00 0
71179 0.00 0.00 0.00 0
71180 0.00 0.00 0.00 0
71181 0.00 0.00 0.00 0
71182 0.00 0.00 0.00 0
71183 0.00 0.00 0.00 0
71184 0.00 0.00 0.00 0
71185 0.00 0.00 0.00 0
71186 0.00 0.00 0.00 0
71187 0.00 0.00 0.00 0
71188 0.00 0.00 0.00 0
71189 0.00 0.00 0.00 0
71190 0.00 0.00 0.00 0
71191 0.00 0.00 0.00 0
71192 0.00 0.00 0.00 0
71193 0.00 0.00 0.00 0
71194 0.00 0.00 0.00 0
71195 0.00 0.00 0.00 0
71196 0.00 0.00 0.00 0
71197 0.00 0.00 0.00 0
71198 0.00 0.00 0.00 0
71199 0.00 0.00 0.00 0
71200 0.00 0.00 0.00 0
71201 0.00 0.00 0.00 0
71202 0.00 0.00 0.00 0
71203 0.00 0.00 0.00 0
71204 0.00 0.00 0.00 0
71205 0.00 0.00 0.00 0
71206 0.00 0.00 0.00 0
71207 0.00 0.00 0.00 0
71208 0.00 0.00 0.00 0
71209 0.00 0.00 0.00 0
71210 0.00 0.00 0.00 0
71211 0.00 0.00 0.00 0
71212 0.00 0.00 0.00 0
71213 0.00 0.00 0.00 0
71214 0.00 0.00 0.00 0
71215 0.00 0.00 0.00 0
71216 0.00 0.00 0.00 0
71217 0.00 0.00 0.00 0
71218 0.00 0.00 0.00 0
71219 0.00 0.00 0.00 0
71220 0.00 0.00 0.00 0
71221 0.00 0.00 0.00 0
71222 0.00 0.00 0.00 0
71223 0.00 0.00 0.00 0
71224 0.00 0.00 0.00 0
71225 0.00 0.00 0.00 0
71226 0.00 0.00 0.00 0
71227 0.00 0.00 0.00 0
71228 0.00 0.00 0.00 0
71229 0.00 0.00 0.00 0
71230 0.00 0.00 0.00 0
71231 0.00 0.00 0.00 0
71232 0.00 0.00 0.00 0
71233 0.00 0.00 0.00 0
77647 0.00 0.00 0.00 0
77648 0.00 0.00 0.00 0
77649 0.00 0.00 0.00 0
77650 0.00 0.00 0.00 0
77651 0.00 0.00 0.00 0
77652 0.00 0.00 0.00 0
77653 0.00 0.00 0.00 0
77654 0.00 0.00 0.00 0
77655 0.00 0.00 0.00 0
77656 0.00 0.00 0.00 0
77657 0.00 0.00 0.00 0
77658 0.00 0.00 0.00 0
77659 0.00 0.00 0.00 0
77660 0.00 0.00 0.00 0
77661 0.00 0.00 0.00 0
77665 0.00 0.00 0.00 0
77666 0.00 0.00 0.00 0
77667 0.00 0.00 0.00 0
77669 0.00 0.00 0.00 0
77675 0.00 0.00 0.00 0
77676 0.00 0.00 0.00 0
77677 0.00 0.00 0.00 0
77683 0.00 0.00 0.00 0
77684 0.00 0.00 0.00 0
77685 0.00 0.00 0.00 0
77686 0.00 0.00 0.00 0
77687 0.00 0.00 0.00 0
77688 0.00 0.00 0.00 0
77689 0.00 0.00 0.00 0
77690 0.00 0.00 0.00 0
77691 0.00 0.00 0.00 0
77692 0.00 0.00 0.00 0
77693 0.00 0.00 0.00 0
77694 0.00 0.00 0.00 0
77695 0.00 0.00 0.00 0
77696 0.00 0.00 0.00 0
77850 0.00 0.00 0.00 0
77851 0.00 0.00 0.00 0
77852 0.00 0.00 0.00 0
77853 0.00 0.00 0.00 0
77854 0.00 0.00 0.00 0
77855 0.00 0.00 0.00 0
77856 0.00 0.00 0.00 0
77857 0.00 0.00 0.00 0
77858 0.00 0.00 0.00 0
77859 0.00 0.00 0.00 0
77860 0.00 0.00 0.00 0
77861 0.00 0.00 0.00 0
77862 0.00 0.00 0.00 0
77863 0.00 0.00 0.00 0
77864 0.00 0.00 0.00 0
77865 0.00 0.00 0.00 0
77866 0.00 0.00 0.00 0
77867 0.00 0.00 0.00 0
77868 0.00 0.00 0.00 0
77869 0.00 0.00 0.00 0
77870 0.00 0.00 0.00 0
77871 0.00 0.00 0.00 0
77872 0.00 0.00 0.00 0
77873 0.00 0.00 0.00 0
77874 0.00 0.00 0.00 0
77875 0.00 0.00 0.00 0
77876 0.00 0.00 0.00 0
77877 0.00 0.00 0.00 0
77878 0.00 0.00 0.00 0
77879 0.00 0.00 0.00 0
77880 0.00 0.00 0.00 0
77881 0.00 0.00 0.00 0
77882 0.00 0.00 0.00 0
77883 0.00 0.00 0.00 0
77884 0.00 0.00 0.00 0
77885 0.00 0.00 0.00 0
77886 0.00 0.00 0.00 0
77887 0.00 0.00 0.00 0
77888 0.00 0.00 0.00 0
77889 0.00 0.00 0.00 0
77890 0.00 0.00 0.00 0
77891 0.00 0.00 0.00 0
77892 0.00 0.00 0.00 0
77893 0.00 0.00 0.00 0
77894 0.00 0.00 0.00 0
77895 0.00 0.00 0.00 0
77896 0.00 0.00 0.00 0
77898 0.00 0.00 0.00 0
80012 0.00 0.00 0.00 0
80013 0.00 0.00 0.00 0
80014 0.00 0.00 0.00 0
80015 0.00 0.00 0.00 0
80016 0.00 0.00 0.00 0
80017 0.00 0.00 0.00 0
80018 0.00 0.00 0.00 0
80021 0.00 0.00 0.00 0
80032 0.00 0.00 0.00 0
80033 0.00 0.00 0.00 0
80034 0.00 0.00 0.00 0
80053 0.00 0.00 0.00 0
80054 0.00 0.00 0.00 0
80055 0.00 0.00 0.00 0
81061 0.00 0.00 0.00 0
81063 0.00 0.00 0.00 0
81064 0.00 0.00 0.00 0
81065 0.00 0.00 0.00 0
81066 0.00 0.00 0.00 0
81067 0.00 0.00 0.00 0
81068 0.00 0.00 0.00 0
81072 0.00 0.00 0.00 0
81073 0.00 0.00 0.00 0
81074 0.00 0.00 0.00 0
81075 0.00 0.00 0.00 0
81076 0.00 0.00 0.00 0
81077 0.00 0.00 0.00 0
81078 0.00 0.00 0.00 0
81079 0.00 0.00 0.00 0
81080 0.00 0.00 0.00 0
81081 0.00 0.00 0.00 0
81082 0.00 0.00 0.00 0
81083 0.00 0.00 0.00 0
81084 0.00 0.00 0.00 0
81085 0.00 0.00 0.00 0
81086 0.00 0.00 0.00 0
81087 0.00 0.00 0.00 0
81088 0.00 0.00 0.00 0
81089 0.00 0.00 0.00 0
81090 0.00 0.00 0.00 0
81091 0.00 0.00 0.00 0
81092 0.00 0.00 0.00 0
81145 0.00 0.00 0.00 0
81146 0.00 0.00 0.00 0
81147 0.00 0.00 0.00 0
81148 0.00 0.00 0.00 0
81149 0.00 0.00 0.00 0
81150 0.00 0.00 0.00 0
81151 0.00 0.00 0.00 0
81152 0.00 0.00 0.00 0
81153 0.00 0.00 0.00 0
81154 0.00 0.00 0.00 0
81155 0.00 0.00 0.00 0
81156 0.00 0.00 0.00 0
81157 0.00 0.00 0.00 0
81158 0.00 0.00 0.00 0
81159 0.00 0.00 0.00 0
81160 0.00 0.00 0.00 0
81161 0.00 0.00 0.00 0
81162 0.00 0.00 0.00 0
81163 0.00 0.00 0.00 0
81164 0.00 0.00 0.00 0
81165 0.00 0.00 0.00 0
81166 0.00 0.00 0.00 0
81167 0.00 0.00 0.00 0
81168 0.00 0.00 0.00 0
81169 0.00 0.00 0.00 0
81170 0.00 0.00 0.00 0
81171 0.00 0.00 0.00 0
81172 0.00 0.00 0.00 0
81173 0.00 0.00 0.00 0
81174 0.00 0.00 0.00 0
81175 0.00 0.00 0.00 0
81176 0.00 0.00 0.00 0
81177 0.00 0.00 0.00 0
81178 0.00 0.00 0.00 0
81179 0.00 0.00 0.00 0
81180 0.00 0.00 0.00 0
81181 0.00 0.00 0.00 0
81182 0.00 0.00 0.00 0
81183 0.00 0.00 0.00 0
81184 0.00 0.00 0.00 0
81185 0.00 0.00 0.00 0
81186 0.00 0.00 0.00 0
81187 0.00 0.00 0.00 0
81188 0.00 0.00 0.00 0
81189 0.00 0.00 0.00 0
81190 0.00 0.00 0.00 0
81191 0.00 0.00 0.00 0
81192 0.00 0.00 0.00 0
81193 0.00 0.00 0.00 0
81194 0.00 0.00 0.00 0
81195 0.00 0.00 0.00 0
81196 0.00 0.00 0.00 0
81197 0.00 0.00 0.00 0
81198 0.00 0.00 0.00 0
81199 0.00 0.00 0.00 0
81200 0.00 0.00 0.00 0
81201 0.00 0.00 0.00 0
81202 0.00 0.00 0.00 0
81203 0.00 0.00 0.00 0
81204 0.00 0.00 0.00 0
81205 0.00 0.00 0.00 0
81206 0.00 0.00 0.00 0
81207 0.00 0.00 0.00 0
81208 0.00 0.00 0.00 0
81209 0.00 0.00 0.00 0
81210 0.00 0.00 0.00 0
81211 0.00 0.00 0.00 0
81212 0.00 0.00 0.00 0
81213 0.00 0.00 0.00 0
81214 0.00 0.00 0.00 0
81215 0.00 0.00 0.00 0
81216 0.00 0.00 0.00 0
81217 0.00 0.00 0.00 0
81218 0.00 0.00 0.00 0
81219 0.00 0.00 0.00 0
81220 0.00 0.00 0.00 0
81221 0.00 0.00 0.00 0
81222 0.00 0.00 0.00 0
81223 0.00 0.00 0.00 0
81224 0.00 0.00 0.00 0
81225 0.00 0.00 0.00 0
81226 0.00 0.00 0.00 0
84262 0.00 0.00 0.00 0
84263 0.00 0.00 0.00 0
84264 0.00 0.00 0.00 0
84265 0.00 0.00 0.00 0
84266 0.00 0.00 0.00 0
84267 0.00 0.00 0.00 0
84268 0.00 0.00 0.00 0
84269 0.00 0.00 0.00 0
84270 0.00 0.00 0.00 0
84271 0.00 0.00 0.00 0
84272 0.00 0.00 0.00 0
84273 0.00 0.00 0.00 0
84274 0.00 0.00 0.00 0
84275 0.00 0.00 0.00 0
84276 0.00 0.00 0.00 0
92195 0.00 0.00 0.00 0
92196 0.00 0.00 0.00 0
92197 0.00 0.00 0.00 0
92198 0.00 0.00 0.00 0
92199 0.00 0.00 0.00 0
92200 0.00 0.00 0.00 0
92201 0.00 0.00 0.00 0
92202 0.00 0.00 0.00 0
92203 0.00 0.00 0.00 0
92627 0.00 0.00 0.00 0
92628 0.00 0.00 0.00 0
92629 0.00 0.00 0.00 0
92630 0.00 0.00 0.00 0
92631 0.00 0.00 0.00 0
92641 0.00 0.00 0.00 0
92642 0.00 0.00 0.00 0
92643 0.00 0.00 0.00 0
92644 0.00 0.00 0.00 0
92645 0.00 0.00 0.00 0
92646 0.00 0.00 0.00 0
92647 0.00 0.00 0.00 0
92648 0.00 0.00 0.00 0
92649 0.00 0.00 0.00 0
92650 0.00 0.00 0.00 0
92651 0.00 0.00 0.00 0
92652 0.00 0.00 0.00 0
92653 0.00 0.00 0.00 0
93707 0.00 0.00 0.00 0
93708 0.00 0.00 0.00 0
93709 0.00 0.00 0.00 0
93710 0.00 0.00 0.00 0
93711 0.00 0.00 0.00 0
93721 0.00 0.00 0.00 0
93722 0.00 0.00 0.00 0
93723 0.00 0.00 0.00 0
93724 0.00 0.00 0.00 0
93725 0.00 0.00 0.00 0
93726 0.00 0.00 0.00 0
93727 0.00 0.00 0.00 0
93728 0.00 0.00 0.00 0
93729 0.00 0.00 0.00 0
93730 0.00 0.00 0.00 0
93731 0.00 0.00 0.00 0
93732 0.00 0.00 0.00 0
93733 0.00 0.00 0.00 0
95017 0.00 0.00 0.00 0
95018 0.00 0.00 0.00 0
95019 0.00 0.00 0.00 0
95020 0.00 0.00 0.00 0
95021 0.00 0.00 0.00 0
95049 0.00 0.00 0.00 0
95057 0.00 0.00 0.00 0
95058 0.00 0.00 0.00 0
95059 0.00 0.00 0.00 0
95060 0.00 0.00 0.00 0
95061 0.00 0.00 0.00 0
95062 0.00 0.00 0.00 0
95063 0.00 0.00 0.00 0
95064 0.00 0.00 0.00 0
95065 0.00 0.00 0.00 0
95066 0.00 0.00 0.00 0
95067 0.00 0.00 0.00 0
95068 0.00 0.00 0.00 0
95069 0.00 0.00 0.00 0
95070 0.00 0.00 0.00 0
95071 0.00 0.00 0.00 0
95720 0.00 0.00 0.00 0
95721 0.00 0.00 0.00 0
95722 0.00 0.00 0.00 0
95723 0.00 0.00 0.00 0
95724 0.00 0.00 0.00 0
95725 0.00 0.00 0.00 0
95726 0.00 0.00 0.00 0
95728 0.00 0.00 0.00 0
95729 0.00 0.00 0.00 0
95730 0.00 0.00 0.00 0
95731 0.00 0.00 0.00 0
95732 0.00 0.00 0.00 0
95733 0.00 0.00 0.00 0
95734 0.00 0.00 0.00 0
96340 0.00 0.00 0.00 0
96341 0.00 0.00 0.00 0
98027 0.00 0.00 0.00 0
98028 0.00 0.00 0.00 0
98029 0.00 0.00 0.00 0
98030 0.00 0.00 0.00 0
98031 0.00 0.00 0.00 0
98032 0.00 0.00 0.00 0
98033 0.00 0.00 0.00 0
98034 0.00 0.00 0.00 0
98035 0.00 0.00 0.00 0
98036 0.00 0.00 0.00 0
98037 0.00 0.00 0.00 0
98038 0.00 0.00 0.00 0
98039 0.00 0.00 0.00 0
98041 0.00 0.00 0.00 0
98042 0.00 0.00 0.00 0
98043 0.00 0.00 0.00 0
98044 0.00 0.00 0.00 0
98045 0.00 0.00 0.00 0
98046 0.00 0.00 0.00 0
98047 0.00 0.00 0.00 0
98048 0.00 0.00 0.00 0
98049 0.00 0.00 0.00 0
98050 0.00 0.00 0.00 0
98051 0.00 0.00 0.00 0
98052 0.00 0.00 0.00 0
98053 0.00 0.00 0.00 0
99364 0.00 0.00 0.00 0
99365 0.00 0.00 0.00 0
99366 0.00 0.00 0.00 0
99367 0.00 0.00 0.00 0
99368 0.00 0.00 0.00 0
99369 0.00 0.00 0.00 0
99370 0.00 0.00 0.00 0
99371 0.00 0.00 0.00 0
99372 0.00 0.00 0.00 0
99373 0.00 0.00 0.00 0
99374 0.00 0.00 0.00 0
99375 0.00 0.00 0.00 0
99376 0.00 0.00 0.00 0
99377 0.00 0.00 0.00 0
99378 0.00 0.00 0.00 0
99379 0.00 0.00 0.00 0
99380 0.00 0.00 0.00 0
99381 0.00 0.00 0.00 0
99382 0.00 0.00 0.00 0
99383 0.00 0.00 0.00 0
99384 0.00 0.00 0.00 0
99385 0.00 0.00 0.00 0
99395 0.00 0.00 0.00 0
99396 0.00 0.00 0.00 0
99397 0.00 0.00 0.00 0
99398 0.00 0.00 0.00 0
99400 0.00 0.00 0.00 0
99401 0.00 0.00 0.00 0
99402 0.00 0.00 0.00 0
102563 0.00 0.00 0.00 0
102564 0.00 0.00 0.00 0
102565 0.00 0.00 0.00 0
102566 0.00 0.00 0.00 0
102567 0.00 0.00 0.00 0
102568 0.00 0.00 0.00 0
102569 0.00 0.00 0.00 0
102570 0.00 0.00 0.00 0
102571 0.00 0.00 0.00 0
102572 0.00 0.00 0.00 0
102573 0.00 0.00 0.00 0
102574 0.00 0.00 0.00 0
102575 0.00 0.00 0.00 0
102576 0.00 0.00 0.00 0
102577 0.00 0.00 0.00 0
102578 0.00 0.00 0.00 0
102579 0.00 0.00 0.00 0
102580 0.00 0.00 0.00 0
102581 0.00 0.00 0.00 0
102604 0.00 0.00 0.00 0
102605 0.00 0.00 0.00 0
102606 0.00 0.00 0.00 0
102607 0.00 0.00 0.00 0
102608 0.00 0.00 0.00 0
102609 0.00 0.00 0.00 0
102610 0.00 0.00 0.00 0
102611 0.00 0.00 0.00 0
102612 0.00 0.00 0.00 0
102613 0.00 0.00 0.00 0
102614 0.00 0.00 0.00 0
102615 0.00 0.00 0.00 0
102616 0.00 0.00 0.00 0
102617 0.00 0.00 0.00 0
102618 0.00 0.00 0.00 0
102619 0.00 0.00 0.00 0
102620 0.00 0.00 0.00 0
102621 0.00 0.00 0.00 0
102622 0.00 0.00 0.00 0
102623 0.00 0.00 0.00 0
102624 0.00 0.00 0.00 0
102625 0.00 0.00 0.00 0
102626 0.00 0.00 0.00 0
102627 0.00 0.00 0.00 0
102628 0.00 0.00 0.00 0
102629 0.00 0.00 0.00 0
102630 0.00 0.00 0.00 0
102631 0.00 0.00 0.00 0
102632 0.00 0.00 0.00 0
102633 0.00 0.00 0.00 0
102634 0.00 0.00 0.00 0
102635 0.00 0.00 0.00 0
102636 0.00 0.00 0.00 0
102637 0.00 0.00 0.00 0
102638 0.00 0.00 0.00 0
102639 0.00 0.00 0.00 0
102640 0.00 0.00 0.00 0
102641 0.00 0.00 0.00 0
102642 0.00 0.00 0.00 0
102643 0.00 0.00 0.00 0
106492 0.00 0.00 0.00 0
106493 0.00 0.00 0.00 0
106494 0.00 0.00 0.00 0
106495 0.00 0.00 0.00 0
106496 0.00 0.00 0.00 0
106497 0.00 0.00 0.00 0
106498 0.00 0.00 0.00 0
106499 0.00 0.00 0.00 0
106500 0.00 0.00 0.00 0
106501 0.00 0.00 0.00 0
106502 0.00 0.00 0.00 0
106503 0.00 0.00 0.00 0
106504 0.00 0.00 0.00 0
106505 0.00 0.00 0.00 0
106515 0.00 0.00 0.00 0
106516 0.00 0.00 0.00 0
106517 0.00 0.00 0.00 0
106518 0.00 0.00 0.00 0
106519 0.00 0.00 0.00 0
106520 0.00 0.00 0.00 0
106521 0.00 0.00 0.00 0
106587 0.00 0.00 0.00 0
106589 0.00 0.00 0.00 0
106614 0.00 0.00 0.00 0
106615 0.00 0.00 0.00 0
106616 0.00 0.00 0.00 0
106617 0.00 0.00 0.00 0
106618 0.00 0.00 0.00 0
106619 0.00 0.00 0.00 0
106620 0.00 0.00 0.00 0
106621 0.00 0.00 0.00 0
106622 0.00 0.00 0.00 0
106623 0.00 0.00 0.00 0
106624 0.00 0.00 0.00 0
106625 0.00 0.00 0.00 0
106626 0.00 0.00 0.00 0
106627 0.00 0.00 0.00 0
106628 0.00 0.00 0.00 0
106629 0.00 0.00 0.00 0
106630 0.00 0.00 0.00 0
106631 0.00 0.00 0.00 0
106632 0.00 0.00 0.00 0
106633 0.00 0.00 0.00 0
106634 0.00 0.00 0.00 0
106635 0.00 0.00 0.00 0
106636 0.00 0.00 0.00 0
106637 0.00 0.00 0.00 0
106638 0.00 0.00 0.00 0
106639 0.00 0.00 0.00 0
106640 0.00 0.00 0.00 0
106641 0.00 0.00 0.00 0
106643 0.00 0.00 0.00 0
106644 0.00 0.00 0.00 0
106645 0.00 0.00 0.00 0
107912 0.00 0.00 0.00 0
107913 0.00 0.00 0.00 0
107914 0.00 0.00 0.00 0
107915 0.00 0.00 0.00 0
107916 0.00 0.00 0.00 0
107936 0.00 0.00 0.00 0
107937 0.00 0.00 0.00 0
107938 0.00 0.00 0.00 0
107939 0.00 0.00 0.00 0
108543 0.00 0.00 0.00 0
108544 0.00 0.00 0.00 0
108546 0.00 0.00 0.00 0
108547 0.00 0.00 0.00 0
108548 0.00 0.00 0.00 0
108549 0.00 0.00 0.00 0
108550 0.00 0.00 0.00 0
108551 0.00 0.00 0.00 0
108552 0.00 0.00 0.00 0
108553 0.00 0.00 0.00 0
108554 0.00 0.00 0.00 0
108555 0.00 0.00 0.00 0
108556 0.00 0.00 0.00 0
108557 0.00 0.00 0.00 0
108558 0.00 0.00 0.00 0
108559 0.00 0.00 0.00 0
108560 0.00 0.00 0.00 0
108593 0.00 0.00 0.00 0
108594 0.00 0.00 0.00 0
108595 0.00 0.00 0.00 0
108596 0.00 0.00 0.00 0
108597 0.00 0.00 0.00 0
108598 0.00 0.00 0.00 0
108599 0.00 0.00 0.00 0
108600 0.00 0.00 0.00 0
108601 0.00 0.00 0.00 0
108602 0.00 0.00 0.00 0
108603 0.00 0.00 0.00 0
108604 0.00 0.00 0.00 0
108605 0.00 0.00 0.00 0
108606 0.00 0.00 0.00 0
108607 0.00 0.00 0.00 0
108608 0.00 0.00 0.00 0
108609 0.00 0.00 0.00 0
108610 0.00 0.00 0.00 0
108611 0.00 0.00 0.00 0
108612 0.00 0.00 0.00 0
108613 0.00 0.00 0.00 0
108614 0.00 0.00 0.00 0
108615 0.00 0.00 0.00 0
108616 0.00 0.00 0.00 0
108617 0.00 0.00 0.00 0
108618 0.00 0.00 0.00 0
108619 0.00 0.00 0.00 0
108620 0.00 0.00 0.00 0
108621 0.00 0.00 0.00 0
108622 0.00 0.00 0.00 0
108623 0.00 0.00 0.00 0
108624 0.00 0.00 0.00 0
108625 0.00 0.00 0.00 0
108626 0.00 0.00 0.00 0
108627 0.00 0.00 0.00 0
108628 0.00 0.00 0.00 0
108629 0.00 0.00 0.00 0
108630 0.00 0.00 0.00 0
108631 0.00 0.00 0.00 0
108632 0.00 0.00 0.00 0
108633 0.00 0.00 0.00 0
108634 0.00 0.00 0.00 0
108635 0.00 0.00 0.00 0
108636 0.00 0.00 0.00 0
108637 0.00 0.00 0.00 0
108638 0.00 0.00 0.00 0
108639 0.00 0.00 0.00 0
108640 0.00 0.00 0.00 0
110461 0.00 0.00 0.00 0
110462 0.00 0.00 0.00 0
110463 0.00 0.00 0.00 0
110464 0.00 0.00 0.00 0
110465 0.00 0.00 0.00 0
110467 0.00 0.00 0.00 0
110469 0.00 0.00 0.00 0
110470 0.00 0.00 0.00 0
115283 0.00 0.00 0.00 0
115284 0.00 0.00 0.00 0
115285 0.00 0.00 0.00 0
115286 0.00 0.00 0.00 0
115287 0.00 0.00 0.00 0
115288 0.00 0.00 0.00 0
115289 0.00 0.00 0.00 0
115290 0.00 0.00 0.00 0
115291 0.00 0.00 0.00 0
115292 0.00 0.00 0.00 0
115293 0.00 0.00 0.00 0
115294 0.00 0.00 0.00 0
115295 0.00 0.00 0.00 0
115296 0.00 0.00 0.00 0
115297 0.00 0.00 0.00 0
115298 0.00 0.00 0.00 0
115299 0.00 0.00 0.00 0
115300 0.00 0.00 0.00 0
115301 0.00 0.00 0.00 0
115302 0.00 0.00 0.00 0
115303 0.00 0.00 0.00 0
116294 0.00 0.00 0.00 0
116295 0.00 0.00 0.00 0
116296 0.00 0.00 0.00 0
116297 0.00 0.00 0.00 0
116298 0.00 0.00 0.00 0
116323 0.00 0.00 0.00 0
116324 0.00 0.00 0.00 0
116325 0.00 0.00 0.00 0
116326 0.00 0.00 0.00 0
116327 0.00 0.00 0.00 0
116328 0.00 0.00 0.00 0
116329 0.00 0.00 0.00 0
116330 0.00 0.00 0.00 0
116331 0.00 0.00 0.00 0
116332 0.00 0.00 0.00 0
116333 0.00 0.00 0.00 0
116334 0.00 0.00 0.00 0
116335 0.00 0.00 0.00 0
116336 0.00 0.00 0.00 0
116337 0.00 0.00 0.00 0
116338 0.00 0.00 0.00 0
116339 0.00 0.00 0.00 0
116340 0.00 0.00 0.00 0
116341 0.00 0.00 0.00 0
116342 0.00 0.00 0.00 0
116343 0.00 0.00 0.00 0
116344 0.00 0.00 0.00 0
116345 0.00 0.00 0.00 0
116346 0.00 0.00 0.00 0
116347 0.00 0.00 0.00 0
116348 0.00 0.00 0.00 0
116349 0.00 0.00 0.00 0
116350 0.00 0.00 0.00 0
116351 0.00 0.00 0.00 0
116352 0.00 0.00 0.00 0
116353 0.00 0.00 0.00 0
118811 0.00 0.00 0.00 0
118812 0.00 0.00 0.00 0
118813 0.00 0.00 0.00 0
118814 0.00 0.00 0.00 0
118815 0.00 0.00 0.00 0
118816 0.00 0.00 0.00 0
118817 0.00 0.00 0.00 0
118818 0.00 0.00 0.00 0
118819 0.00 0.00 0.00 0
118820 0.00 0.00 0.00 0
118821 0.00 0.00 0.00 0
118843 0.00 0.00 0.00 0
118844 0.00 0.00 0.00 0
118845 0.00 0.00 0.00 0
118846 0.00 0.00 0.00 0
118847 0.00 0.00 0.00 0
118848 0.00 0.00 0.00 0
118849 0.00 0.00 0.00 0
118850 0.00 0.00 0.00 0
118851 0.00 0.00 0.00 0
118852 0.00 0.00 0.00 0
118853 0.00 0.00 0.00 0
118854 0.00 0.00 0.00 0
118855 0.00 0.00 0.00 0
118856 0.00 0.00 0.00 0
118857 0.00 0.00 0.00 0
118858 0.00 0.00 0.00 0
118859 0.00 0.00 0.00 0
118860 0.00 0.00 0.00 0
118861 0.00 0.00 0.00 0
118862 0.00 0.00 0.00 0
118863 0.00 0.00 0.00 0
118864 0.00 0.00 0.00 0
118865 0.00 0.00 0.00 0
118866 0.00 0.00 0.00 0
118867 0.00 0.00 0.00 0
118868 0.00 0.00 0.00 0
118869 0.00 0.00 0.00 0
118870 0.00 0.00 0.00 0
118871 0.00 0.00 0.00 0
118872 0.00 0.00 0.00 0
118873 0.00 0.00 0.00 0
121867 0.00 0.00 0.00 0
121868 0.00 0.00 0.00 0
121869 0.00 0.00 0.00 0
121870 0.00 0.00 0.00 0
121871 0.00 0.00 0.00 0
121872 0.00 0.00 0.00 0
121873 0.00 0.00 0.00 0
121874 0.00 0.00 0.00 0
121875 0.00 0.00 0.00 0
121876 0.00 0.00 0.00 0
121877 0.00 0.00 0.00 0
121941 0.00 0.00 0.00 0
121942 0.00 0.00 0.00 0
121943 0.00 0.00 0.00 0
121962 0.00 0.00 0.00 0
121963 0.00 0.00 0.00 0
121964 0.00 0.00 0.00 0
121965 0.00 0.00 0.00 0
121966 0.00 0.00 0.00 0
121967 0.00 0.00 0.00 0
121968 0.00 0.00 0.00 0
121969 0.00 0.00 0.00 0
121970 0.00 0.00 0.00 0
121971 0.00 0.00 0.00 0
121972 0.00 0.00 0.00 0
121973 0.00 0.00 0.00 0
121974 0.00 0.00 0.00 0
121975 0.00 0.00 0.00 0
121976 0.00 0.00 0.00 0
121977 0.00 0.00 0.00 0
121978 0.00 0.00 0.00 0
121979 0.00 0.00 0.00 0
121980 0.00 0.00 0.00 0
121981 0.00 0.00 0.00 0
121982 0.00 0.00 0.00 0
121988 0.00 0.00 0.00 0
121992 0.00 0.00 0.00 0
121993 0.00 0.00 0.00 0
121994 0.00 0.00 0.00 0
121995 0.00 0.00 0.00 0
122972 0.00 0.00 0.00 0
122973 0.00 0.00 0.00 0
122993 0.00 0.00 0.00 0
122994 0.00 0.00 0.00 0
123469 0.00 0.00 0.00 0
123470 0.00 0.00 0.00 0
123473 0.00 0.00 0.00 0
123474 0.00 0.00 0.00 0
123475 0.00 0.00 0.00 0
123476 0.00 0.00 0.00 0
123501 0.00 0.00 0.00 0
123502 0.00 0.00 0.00 0
123503 0.00 0.00 0.00 0
123504 0.00 0.00 0.00 0
123505 0.00 0.00 0.00 0
123506 0.00 0.00 0.00 0
123507 0.00 0.00 0.00 0
123508 0.00 0.00 0.00 0
123509 0.00 0.00 0.00 0
123510 0.00 0.00 0.00 0
123511 0.00 0.00 0.00 0
123512 0.00 0.00 0.00 0
123513 0.00 0.00 0.00 0
123514 0.00 0.00 0.00 0
123515 0.00 0.00 0.00 0
123516 0.00 0.00 0.00 0
123517 0.00 0.00 0.00 0
123518 0.00 0.00 0.00 0
123519 0.00 0.00 0.00 0
123520 0.00 0.00 0.00 0
123521 0.00 0.00 0.00 0
123522 0.00 0.00 0.00 0
123523 0.00 0.00 0.00 0
123524 0.00 0.00 0.00 0
123525 0.00 0.00 0.00 0
123526 0.00 0.00 0.00 0
123527 0.00 0.00 0.00 0
123528 0.00 0.00 0.00 0
123529 0.00 0.00 0.00 0
123530 0.00 0.00 0.00 0
123531 0.00 0.00 0.00 0
123532 0.00 0.00 0.00 0
123533 0.00 0.00 0.00 0
123534 0.00 0.00 0.00 0
123535 0.00 0.00 0.00 0
123536 0.00 0.00 0.00 0
123537 0.00 0.00 0.00 0
123538 0.00 0.00 0.00 0
124957 0.00 0.00 0.00 0
124958 0.00 0.00 0.00 0
124959 0.00 0.00 0.00 0
124960 0.00 0.00 0.00 0
128867 0.00 0.00 0.00 0
128868 0.00 0.00 0.00 0
128869 0.00 0.00 0.00 0
128870 0.00 0.00 0.00 0
128871 0.00 0.00 0.00 0
128872 0.00 0.00 0.00 0
128873 0.00 0.00 0.00 0
128874 0.00 0.00 0.00 0
128875 0.00 0.00 0.00 0
128876 0.00 0.00 0.00 0
128877 0.00 0.00 0.00 0
128878 0.00 0.00 0.00 0
128879 0.00 0.00 0.00 0
128880 0.00 0.00 0.00 0
128881 0.00 0.00 0.00 0
128882 0.00 0.00 0.00 0
128883 0.00 0.00 0.00 0
128884 0.00 0.00 0.00 0
128885 0.00 0.00 0.00 0
128886 0.00 0.00 0.00 0
128890 0.00 0.00 0.00 0
128891 0.00 0.00 0.00 0
128892 0.00 0.00 0.00 0
128896 0.00 0.00 0.00 0
128897 0.00 0.00 0.00 0
128898 0.00 0.00 0.00 0
128899 0.00 0.00 0.00 0
128900 0.00 0.00 0.00 0
128901 0.00 0.00 0.00 0
128902 0.00 0.00 0.00 0
128903 0.00 0.00 0.00 0
128904 0.00 0.00 0.00 0
128905 0.00 0.00 0.00 0
128906 0.00 0.00 0.00 0
128907 0.00 0.00 0.00 0
128908 0.00 0.00 0.00 0
128909 0.00 0.00 0.00 0
128910 0.00 0.00 0.00 0
128911 0.00 0.00 0.00 0
128912 0.00 0.00 0.00 0
128913 0.00 0.00 0.00 0
128914 0.00 0.00 0.00 0
128915 0.00 0.00 0.00 0
128916 0.00 0.00 0.00 0
128917 0.00 0.00 0.00 0
128918 0.00 0.00 0.00 0
128919 0.00 0.00 0.00 0
128920 0.00 0.00 0.00 0
128921 0.00 0.00 0.00 0
128922 0.00 0.00 0.00 0
128923 0.00 0.00 0.00 0
131694 0.00 0.00 0.00 0
131695 0.00 0.00 0.00 0
131696 0.00 0.00 0.00 0
131697 0.00 0.00 0.00 0
131698 0.00 0.00 0.00 0
131699 0.00 0.00 0.00 0
131700 0.00 0.00 0.00 0
131701 0.00 0.00 0.00 0
131702 0.00 0.00 0.00 0
131703 0.00 0.00 0.00 0
131704 0.00 0.00 0.00 0
131705 0.00 0.00 0.00 0
131706 0.00 0.00 0.00 0
131707 0.00 0.00 0.00 0
131708 0.00 0.00 0.00 0
131709 0.00 0.00 0.00 0
131710 0.00 0.00 0.00 0
131711 0.00 0.00 0.00 0
131712 0.00 0.00 0.00 0
131713 0.00 0.00 0.00 0
131714 0.00 0.00 0.00 0
131715 0.00 0.00 0.00 0
131716 0.00 0.00 0.00 0
131717 0.00 0.00 0.00 0
131718 0.00 0.00 0.00 0
131719 0.00 0.00 0.00 0
131720 0.00 0.00 0.00 0
131721 0.00 0.00 0.00 0
131722 0.00 0.00 0.00 0
131723 0.00 0.00 0.00 0
131724 0.00 0.00 0.00 0
131725 0.00 0.00 0.00 0
131726 0.00 0.00 0.00 0
131727 0.00 0.00 0.00 0
131728 0.00 0.00 0.00 0
131729 0.00 0.00 0.00 0
131730 0.00 0.00 0.00 0
131731 0.00 0.00 0.00 0
131732 0.00 0.00 0.00 0
131733 0.00 0.00 0.00 0
131734 0.00 0.00 0.00 0
131735 0.00 0.00 0.00 0
131736 0.00 0.00 0.00 0
131737 0.00 0.00 0.00 0
131738 0.00 0.00 0.00 0
131739 0.00 0.00 0.00 0
131740 0.00 0.00 0.00 0
131742 0.00 0.00 0.00 0
131743 0.00 0.00 0.00 0
131744 0.00 0.00 0.00 0
131757 0.00 0.00 0.00 0
131758 0.00 0.00 0.00 0
131769 0.00 0.00 0.00 0
133117 0.00 0.00 0.00 0
133118 0.00 0.00 0.00 0
133119 0.00 0.00 0.00 0
133120 0.00 0.00 0.00 0
133121 0.00 0.00 0.00 0
133124 0.00 0.00 0.00 0
133125 0.00 0.00 0.00 0
138419 0.00 0.00 0.00 0
138420 0.00 0.00 0.00 0
138421 0.00 0.00 0.00 0
138422 0.00 0.00 0.00 0
138423 0.00 0.00 0.00 0
138424 0.00 0.00 0.00 0
138425 0.00 0.00 0.00 0
138426 0.00 0.00 0.00 0
138427 0.00 0.00 0.00 0
138428 0.00 0.00 0.00 0
138429 0.00 0.00 0.00 0
138430 0.00 0.00 0.00 0
138431 0.00 0.00 0.00 0
138432 0.00 0.00 0.00 0
138433 0.00 0.00 0.00 0
138434 0.00 0.00 0.00 0
138435 0.00 0.00 0.00 0
138436 0.00 0.00 0.00 0
138437 0.00 0.00 0.00 0
138438 0.00 0.00 0.00 0
138439 0.00 0.00 0.00 0
138440 0.00 0.00 0.00 0
138441 0.00 0.00 0.00 0
138442 0.00 0.00 0.00 0
138443 0.00 0.00 0.00 0
138444 0.00 0.00 0.00 0
138445 0.00 0.00 0.00 0
138446 0.00 0.00 0.00 0
138448 0.00 0.00 0.00 0
138449 0.00 0.00 0.00 0
138450 0.00 0.00 0.00 0
138451 0.00 0.00 0.00 0
138452 0.00 0.00 0.00 0
138453 0.00 0.00 0.00 0
138454 0.00 0.00 0.00 0
138455 0.00 0.00 0.00 0
138456 0.00 0.00 0.00 0
138457 0.00 0.00 0.00 0
138458 0.00 0.00 0.00 0
138463 0.00 0.00 0.00 0
138464 0.00 0.00 0.00 0
138465 0.00 0.00 0.00 0
138466 0.00 0.00 0.00 0
138467 0.00 0.00 0.00 0
138468 0.00 0.00 0.00 0
138471 0.00 0.00 0.00 0
138502 0.00 0.00 0.00 0
138503 0.00 0.00 0.00 0
138504 0.00 0.00 0.00 0
138505 0.00 0.00 0.00 0
138506 0.00 0.00 0.00 0
138507 0.00 0.00 0.00 0
138508 0.00 0.00 0.00 0
138509 0.00 0.00 0.00 0
138510 0.00 0.00 0.00 0
138511 0.00 0.00 0.00 0
138512 0.00 0.00 0.00 0
138513 0.00 0.00 0.00 0
138514 0.00 0.00 0.00 0
138515 0.00 0.00 0.00 0
138516 0.00 0.00 0.00 0
138517 0.00 0.00 0.00 0
138518 0.00 0.00 0.00 0
138519 0.00 0.00 0.00 0
138520 0.00 0.00 0.00 0
138521 0.00 0.00 0.00 0
138522 0.00 0.00 0.00 0
138523 0.00 0.00 0.00 0
138524 0.00 0.00 0.00 0
138525 0.00 0.00 0.00 0
138526 0.00 0.00 0.00 0
138527 0.00 0.00 0.00 0
138528 0.00 0.00 0.00 0
138529 0.00 0.00 0.00 0
138530 0.00 0.00 0.00 0
138531 0.00 0.00 0.00 0
138532 0.00 0.00 0.00 0
138533 0.00 0.00 0.00 0
138534 0.00 0.00 0.00 0
138535 0.00 0.00 0.00 0
138536 0.00 0.00 0.00 0
138537 0.00 0.00 0.00 0
138538 0.00 0.00 0.00 0
138539 0.00 0.00 0.00 0
138540 0.00 0.00 0.00 0
138541 0.00 0.00 0.00 0
138542 0.00 0.00 0.00 0
138543 0.00 0.00 0.00 0
138544 0.00 0.00 0.00 0
138545 0.00 0.00 0.00 0
138546 0.00 0.00 0.00 0
138547 0.00 0.00 0.00 0
138548 0.00 0.00 0.00 0
138549 0.00 0.00 0.00 0
138550 0.00 0.00 0.00 0
138551 0.00 0.00 0.00 0
138552 0.00 0.00 0.00 0
138553 0.00 0.00 0.00 0
138554 0.00 0.00 0.00 0
138555 0.00 0.00 0.00 0
138556 0.00 0.00 0.00 0
138557 0.00 0.00 0.00 0
138558 0.00 0.00 0.00 0
138559 0.00 0.00 0.00 0
138560 0.00 0.00 0.00 0
138561 0.00 0.00 0.00 0
138562 0.00 0.00 0.00 0
138563 0.00 0.00 0.00 0
138564 0.00 0.00 0.00 0
138565 0.00 0.00 0.00 0
138566 0.00 0.00 0.00 0
138567 0.00 0.00 0.00 0
138568 0.00 0.00 0.00 0
138569 0.00 0.00 0.00 0
138570 0.00 0.00 0.00 0
138571 0.00 0.00 0.00 0
138572 0.00 0.00 0.00 0
138573 0.00 0.00 0.00 0
138574 0.00 0.00 0.00 0
138575 0.00 0.00 0.00 0
138576 0.00 0.00 0.00 0
138577 0.00 0.00 0.00 0
138578 0.00 0.00 0.00 0
138579 0.00 0.00 0.00 0
138580 0.00 0.00 0.00 0
138581 0.00 0.00 0.00 0
138582 0.00 0.00 0.00 0
138583 0.00 0.00 0.00 0
146398 0.00 0.00 0.00 0
146399 0.00 0.00 0.00 0
146400 0.00 0.00 0.00 0
146401 0.00 0.00 0.00 0
146402 0.00 0.00 0.00 0
146403 0.00 0.00 0.00 0
146404 0.00 0.00 0.00 0
146407 0.00 0.00 0.00 0
146408 0.00 0.00 0.00 0
146409 0.00 0.00 0.00 0
146410 0.00 0.00 0.00 0
146411 0.00 0.00 0.00 0
146412 0.00 0.00 0.00 0
146413 0.00 0.00 0.00 0
146419 0.00 0.00 0.00 0
146427 0.00 0.00 0.00 0
146429 0.00 0.00 0.00 0
146430 0.00 0.00 0.00 0
146431 0.00 0.00 0.00 0
146432 0.00 0.00 0.00 0
146433 0.00 0.00 0.00 0
146440 0.00 0.00 0.00 0
146441 0.00 0.00 0.00 0
146442 0.00 0.00 0.00 0
146443 0.00 0.00 0.00 0
146444 0.00 0.00 0.00 0
146445 0.00 0.00 0.00 0
146446 0.00 0.00 0.00 0
146447 0.00 0.00 0.00 0
146448 0.00 0.00 0.00 0
146449 0.00 0.00 0.00 0
146450 0.00 0.00 0.00 0
146455 0.00 0.00 0.00 0
146643 0.00 0.00 0.00 0
146644 0.00 0.00 0.00 0
146645 0.00 0.00 0.00 0
146646 0.00 0.00 0.00 0
146647 0.00 0.00 0.00 0
146648 0.00 0.00 0.00 0
146649 0.00 0.00 0.00 0
146650 0.00 0.00 0.00 0
146651 0.00 0.00 0.00 0
146652 0.00 0.00 0.00 0
146653 0.00 0.00 0.00 0
146654 0.00 0.00 0.00 0
146655 0.00 0.00 0.00 0
146656 0.00 0.00 0.00 0
146657 0.00 0.00 0.00 0
146658 0.00 0.00 0.00 0
146659 0.00 0.00 0.00 0
146660 0.00 0.00 0.00 0
146661 0.00 0.00 0.00 0
146662 0.00 0.00 0.00 0
146663 0.00 0.00 0.00 0
146664 0.00 0.00 0.00 0
146665 0.00 0.00 0.00 0
146666 0.00 0.00 0.00 0
146667 0.00 0.00 0.00 0
146668 0.00 0.00 0.00 0
146669 0.00 0.00 0.00 0
146670 0.00 0.00 0.00 0
146671 0.00 0.00 0.00 0
146672 0.00 0.00 0.00 0
146673 0.00 0.00 0.00 0
146674 0.00 0.00 0.00 0
146675 0.00 0.00 0.00 0
146676 0.00 0.00 0.00 0
146677 0.00 0.00 0.00 0
146678 0.00 0.00 0.00 0
146679 0.00 0.00 0.00 0
146680 0.00 0.00 0.00 0
146681 0.00 0.00 0.00 0
146682 0.00 0.00 0.00 0
146683 0.00 0.00 0.00 0
146684 0.00 0.00 0.00 0
146685 0.00 0.00 0.00 0
146686 0.00 0.00 0.00 0
146687 0.00 0.00 0.00 0
146688 0.00 0.00 0.00 0
146689 0.00 0.00 0.00 0
146690 0.00 0.00 0.00 0
146691 0.00 0.00 0.00 0
146692 0.00 0.00 0.00 0
146693 0.00 0.00 0.00 0
146694 0.00 0.00 0.00 0
146695 0.00 0.00 0.00 0
146696 0.00 0.00 0.00 0
146697 0.00 0.00 0.00 0
146698 0.00 0.00 0.00 0
146699 0.00 0.00 0.00 0
146702 0.00 0.00 0.00 0
149252 0.00 0.00 0.00 0
149253 0.00 0.00 0.00 0
149254 0.00 0.00 0.00 0
149255 0.00 0.00 0.00 0
149256 0.00 0.00 0.00 0
149257 0.00 0.00 0.00 0
149258 0.00 0.00 0.00 0
149259 0.00 0.00 0.00 0
149260 0.00 0.00 0.00 0
149261 0.00 0.00 0.00 0
149263 0.00 0.00 0.00 0
149264 0.00 0.00 0.00 0
149277 0.00 0.00 0.00 0
149278 0.00 0.00 0.00 0
149301 0.00 0.00 0.00 0
149302 0.00 0.00 0.00 0
149303 0.00 0.00 0.00 0
149304 0.00 0.00 0.00 0
150519 0.00 0.00 0.00 0
150520 0.00 0.00 0.00 0
150527 0.00 0.00 0.00 0
150528 0.00 0.00 0.00 0
150529 0.00 0.00 0.00 0
150530 0.00 0.00 0.00 0
150531 0.00 0.00 0.00 0
150532 0.00 0.00 0.00 0
150533 0.00 0.00 0.00 0
150534 0.00 0.00 0.00 0
150535 0.00 0.00 0.00 0
150536 0.00 0.00 0.00 0
150537 0.00 0.00 0.00 0
150538 0.00 0.00 0.00 0
150539 0.00 0.00 0.00 0
150540 0.00 0.00 0.00 0
150541 0.00 0.00 0.00 0
150542 0.00 0.00 0.00 0
150543 0.00 0.00 0.00 0
150544 0.00 0.00 0.00 0
150545 0.00 0.00 0.00 0
150546 0.00 0.00 0.00 0
150547 0.00 0.00 0.00 0
150548 0.00 0.00 0.00 0
150549 0.00 0.00 0.00 0
150550 0.00 0.00 0.00 0
150551 0.00 0.00 0.00 0
150613 0.00 0.00 0.00 0
150614 0.00 0.00 0.00 0
150617 0.00 0.00 0.00 0
150618 0.00 0.00 0.00 0
150619 0.00 0.00 0.00 0
150620 0.00 0.00 0.00 0
150621 0.00 0.00 0.00 0
150622 0.00 0.00 0.00 0
150623 0.00 0.00 0.00 0
150624 0.00 0.00 0.00 0
150625 0.00 0.00 0.00 0
150626 0.00 0.00 0.00 0
150627 0.00 0.00 0.00 0
150628 0.00 0.00 0.00 0
150629 0.00 0.00 0.00 0
150630 0.00 0.00 0.00 0
150631 0.00 0.00 0.00 0
150632 0.00 0.00 0.00 0
150633 0.00 0.00 0.00 0
150634 0.00 0.00 0.00 0
150635 0.00 0.00 0.00 0
150636 0.00 0.00 0.00 0
150637 0.00 0.00 0.00 0
150638 0.00 0.00 0.00 0
150639 0.00 0.00 0.00 0
150640 0.00 0.00 0.00 0
150641 0.00 0.00 0.00 0
150642 0.00 0.00 0.00 0
150643 0.00 0.00 0.00 0
150644 0.00 0.00 0.00 0
150645 0.00 0.00 0.00 0
150646 0.00 0.00 0.00 0
150647 0.00 0.00 0.00 0
150648 0.00 0.00 0.00 0
150649 0.00 0.00 0.00 0
150650 0.00 0.00 0.00 0
150651 0.00 0.00 0.00 0
150652 0.00 0.00 0.00 0
150653 0.00 0.00 0.00 0
150654 0.00 0.00 0.00 0
150655 0.00 0.00 0.00 0
150656 0.00 0.00 0.00 0
150657 0.00 0.00 0.00 0
150658 0.00 0.00 0.00 0
150659 0.00 0.00 0.00 0
150660 0.00 0.00 0.00 0
150661 0.00 0.00 0.00 0
150662 0.00 0.00 0.00 0
150663 0.00 0.00 0.00 0
150664 0.00 0.00 0.00 0
150665 0.00 0.00 0.00 0
150666 0.00 0.00 0.00 0
150667 0.00 0.00 0.00 0
150668 0.00 0.00 0.00 0
150669 0.00 0.00 0.00 0
150670 0.00 0.00 0.00 0
150671 0.00 0.00 0.00 0
150672 0.00 0.00 0.00 0
150673 0.00 0.00 0.00 0
150674 0.00 0.00 0.00 0
150675 0.00 0.00 0.00 0
150676 0.00 0.00 0.00 0
150677 0.00 0.00 0.00 0
150678 0.00 0.00 0.00 0
150679 0.00 0.00 0.00 0
150680 0.00 0.00 0.00 0
150681 0.00 0.00 0.00 0
150682 0.00 0.00 0.00 0
150683 0.00 0.00 0.00 0
150684 0.00 0.00 0.00 0
150685 0.00 0.00 0.00 0
150686 0.00 0.00 0.00 0
150687 0.00 0.00 0.00 0
150688 0.00 0.00 0.00 0
150689 0.00 0.00 0.00 0
150690 0.00 0.00 0.00 0
150691 0.00 0.00 0.00 0
150692 0.00 0.00 0.00 0
150693 0.00 0.00 0.00 0
150694 0.00 0.00 0.00 0
150695 0.00 0.00 0.00 0
150696 0.00 0.00 0.00 0
150697 0.00 0.00 0.00 0
150698 0.00 0.00 0.00 0
150699 0.00 0.00 0.00 0
150700 0.00 0.00 0.00 0
150701 0.00 0.00 0.00 0
150702 0.00 0.00 0.00 0
150703 0.00 0.00 0.00 0
150704 0.00 0.00 0.00 0
150705 0.00 0.00 0.00 0
150706 0.00 0.00 0.00 0
150707 0.00 0.00 0.00 0
150708 0.00 0.00 0.00 0
150709 0.00 0.00 0.00 0
150710 0.00 0.00 0.00 0
150711 0.00 0.00 0.00 0
150712 0.00 0.00 0.00 0
154362 0.00 0.00 0.00 0
154363 0.00 0.00 0.00 0
154364 0.00 0.00 0.00 0
154365 0.00 0.00 0.00 0
154366 0.00 0.00 0.00 0
154367 0.00 0.00 0.00 0
154368 0.00 0.00 0.00 0
154369 0.00 0.00 0.00 0
154370 0.00 0.00 0.00 0
154371 0.00 0.00 0.00 0
154372 0.00 0.00 0.00 0
154373 0.00 0.00 0.00 0
154374 0.00 0.00 0.00 0
154375 0.00 0.00 0.00 0
154376 0.00 0.00 0.00 0
154377 0.00 0.00 0.00 0
154378 0.00 0.00 0.00 0
154379 0.00 0.00 0.00 0
154380 0.00 0.00 0.00 0
