# G_and_S_frontomargin
927
56 0.00 0.00 0.00 0
259 0.00 0.00 0.00 0
388 0.00 0.00 0.00 0
389 0.00 0.00 0.00 0
517 0.00 0.00 0.00 0
886 0.00 0.00 0.00 0
1133 0.00 0.00 0.00 0
1134 0.00 0.00 0.00 0
1135 0.00 0.00 0.00 0
1617 0.00 0.00 0.00 0
1865 0.00 0.00 0.00 0
1866 0.00 0.00 0.00 0
1867 0.00 0.00 0.00 0
2191 0.00 0.00 0.00 0
2194 0.00 0.00 0.00 0
3053 0.00 0.00 0.00 0
3054 0.00 0.00 0.00 0
3055 0.00 0.00 0.00 0
4097 0.00 0.00 0.00 0
4098 0.00 0.00 0.00 0
4099 0.00 0.00 0.00 0
4100 0.00 0.00 0.00 0
4101 0.00 0.00 0.00 0
4102 0.00 0.00 0.00 0
4838 0.00 0.00 0.00 0
4839 0.00 0.00 0.00 0
4840 0.00 0.00 0.00 0
4841 0.00 0.00 0.00 0
4842 0.00 0.00 0.00 0
4846 0.00 0.00 0.00 0
4847 0.00 0.00 0.00 0
4848 0.00 0.00 0.00 0
6202 0.00 0.00 0.00 0
6203 0.00 0.00 0.00 0
6204 0.00 0.00 0.00 0
6205 0.00 0.00 0.00 0
6647 0.00 0.00 0.00 0
6648 0.00 0.00 0.00 0
6649 0.00 0.00 0.00 0
6650 0.00 0.00 0.00 0
6651 0.00 0.00 0.00 0
6653 0.00 0.00 0.00 0
7611 0.00 0.00 0.00 0
8215 0.00 0.00 0.00 0
8216 0.00 0.00 0.00 0
8217 0.00 0.00 0.00 0
8218 0.00 0.00 0.00 0
8219 0.00 0.00 0.00 0
8220 0.00 0.00 0.00 0
8227 0.00 0.00 0.00 0
9134 0.00 0.00 0.00 0
9135 0.00 0.00 0.00 0
9136 0.00 0.00 0.00 0
9137 0.00 0.00 0.00 0
9142 0.00 0.00 0.00 0
9143 0.00 0.00 0.00 0
9144 0.00 0.00 0.00 0
9146 0.00 0.00 0.00 0
10733 0.00 0.00 0.00 0
10734 0.00 0.00 0.00 0
10735 0.00 0.00 0.00 0
11778 0.00 0.00 0.00 0
11779 0.00 0.00 0.00 0
11780 0.00 0.00 0.00 0
11781 0.00 0.00 0.00 0
11782 0.00 0.00 0.00 0
12518 0.00 0.00 0.00 0
12519 0.00 0.00 0.00 0
12520 0.00 0.00 0.00 0
12521 0.00 0.00 0.00 0
12522 0.00 0.00 0.00 0
12526 0.00 0.00 0.00 0
12527 0.00 0.00 0.00 0
12528 0.00 0.00 0.00 0
14179 0.00 0.00 0.00 0
14181 0.00 0.00 0.00 0
14918 0.00 0.00 0.00 0
14919 0.00 0.00 0.00 0
14920 0.00 0.00 0.00 0
14921 0.00 0.00 0.00 0
14922 0.00 0.00 0.00 0
14923 0.00 0.00 0.00 0
14924 0.00 0.00 0.00 0
14925 0.00 0.00 0.00 0
18050 0.00 0.00 0.00 0
18051 0.00 0.00 0.00 0
18052 0.00 0.00 0.00 0
18053 0.00 0.00 0.00 0
18054 0.00 0.00 0.00 0
18055 0.00 0.00 0.00 0
18056 0.00 0.00 0.00 0
18057 0.00 0.00 0.00 0
18058 0.00 0.00 0.00 0
18059 0.00 0.00 0.00 0
18060 0.00 0.00 0.00 0
18061 0.00 0.00 0.00 0
18062 0.00 0.00 0.00 0
18063 0.00 0.00 0.00 0
18064 0.00 0.00 0.00 0
18065 0.00 0.00 0.00 0
18066 0.00 0.00 0.00 0
18067 0.00 0.00 0.00 0
20276 0.00 0.00 0.00 0
20277 0.00 0.00 0.00 0
20278 0.00 0.00 0.00 0
20279 0.00 0.00 0.00 0
20280 0.00 0.00 0.00 0
20281 0.00 0.00 0.00 0
20282 0.00 0.00 0.00 0
20283 0.00 0.00 0.00 0
20285 0.00 0.00 0.00 0
20286 0.00 0.00 0.00 0
20287 0.00 0.00 0.00 0
20296 0.00 0.00 0.00 0
20297 0.00 0.00 0.00 0
20298 0.00 0.00 0.00 0
20299 0.00 0.00 0.00 0
20300 0.00 0.00 0.00 0
20301 0.00 0.00 0.00 0
20302 0.00 0.00 0.00 0
20303 0.00 0.00 0.00 0
20310 0.00 0.00 0.00 0
23927 0.00 0.00 0.00 0
23928 0.00 0.00 0.00 0
23929 0.00 0.00 0.00 0
23930 0.00 0.00 0.00 0
23931 0.00 0.00 0.00 0
25807 0.00 0.00 0.00 0
25808 0.00 0.00 0.00 0
25809 0.00 0.00 0.00 0
25810 0.00 0.00 0.00 0
25811 0.00 0.00 0.00 0
25812 0.00 0.00 0.00 0
25813 0.00 0.00 0.00 0
25814 0.00 0.00 0.00 0
25815 0.00 0.00 0.00 0
25816 0.00 0.00 0.00 0
27142 0.00 0.00 0.00 0
27143 0.00 0.00 0.00 0
27144 0.00 0.00 0.00 0
27145 0.00 0.00 0.00 0
27146 0.00 0.00 0.00 0
27147 0.00 0.00 0.00 0
27148 0.00 0.00 0.00 0
27154 0.00 0.00 0.00 0
27155 0.00 0.00 0.00 0
27156 0.00 0.00 0.00 0
27157 0.00 0.00 0.00 0
27158 0.00 0.00 0.00 0
29832 0.00 0.00 0.00 0
29833 0.00 0.00 0.00 0
29835 0.00 0.00 0.00 0
29836 0.00 0.00 0.00 0
29837 0.00 0.00 0.00 0
29838 0.00 0.00 0.00 0
29839 0.00 0.00 0.00 0
30869 0.00 0.00 0.00 0
30870 0.00 0.00 0.00 0
30871 0.00 0.00 0.00 0
30872 0.00 0.00 0.00 0
30873 0.00 0.00 0.00 0
30874 0.00 0.00 0.00 0
30875 0.00 0.00 0.00 0
30876 0.00 0.00 0.00 0
30877 0.00 0.00 0.00 0
30878 0.00 0.00 0.00 0
30879 0.00 0.00 0.00 0
30880 0.00 0.00 0.00 0
30881 0.00 0.00 0.00 0
33273 0.00 0.00 0.00 0
33274 0.00 0.00 0.00 0
33275 0.00 0.00 0.00 0
33276 0.00 0.00 0.00 0
33279 0.00 0.00 0.00 0
33280 0.00 0.00 0.00 0
33281 0.00 0.00 0.00 0
34943 0.00 0.00 0.00 0
34944 0.00 0.00 0.00 0
34945 0.00 0.00 0.00 0
34946 0.00 0.00 0.00 0
34947 0.00 0.00 0.00 0
34948 0.00 0.00 0.00 0
34949 0.00 0.00 0.00 0
34950 0.00 0.00 0.00 0
34951 0.00 0.00 0.00 0
34952 0.00 0.00 0.00 0
34953 0.00 0.00 0.00 0
34954 0.00 0.00 0.00 0
34955 0.00 0.00 0.00 0
34956 0.00 0.00 0.00 0
34957 0.00 0.00 0.00 0
34958 0.00 0.00 0.00 0
34959 0.00 0.00 0.00 0
34960 0.00 0.00 0.00 0
34961 0.00 0.00 0.00 0
34962 0.00 0.00 0.00 0
34971 0.00 0.00 0.00 0
34972 0.00 0.00 0.00 0
34981 0.00 0.00 0.00 0
34982 0.00 0.00 0.00 0
34983 0.00 0.00 0.00 0
34984 0.00 0.00 0.00 0
34987 0.00 0.00 0.00 0
37644 0.00 0.00 0.00 0
37645 0.00 0.00 0.00 0
37646 0.00 0.00 0.00 0
37648 0.00 0.00 0.00 0
37649 0.00 0.00 0.00 0
37650 0.00 0.00 0.00 0
37651 0.00 0.00 0.00 0
37652 0.00 0.00 0.00 0
37653 0.00 0.00 0.00 0
37654 0.00 0.00 0.00 0
37655 0.00 0.00 0.00 0
37666 0.00 0.00 0.00 0
37667 0.00 0.00 0.00 0
37668 0.00 0.00 0.00 0
37669 0.00 0.00 0.00 0
37670 0.00 0.00 0.00 0
37671 0.00 0.00 0.00 0
37672 0.00 0.00 0.00 0
37673 0.00 0.00 0.00 0
37674 0.00 0.00 0.00 0
37675 0.00 0.00 0.00 0
37676 0.00 0.00 0.00 0
37677 0.00 0.00 0.00 0
37680 0.00 0.00 0.00 0
37681 0.00 0.00 0.00 0
37682 0.00 0.00 0.00 0
37683 0.00 0.00 0.00 0
41453 0.00 0.00 0.00 0
41454 0.00 0.00 0.00 0
41455 0.00 0.00 0.00 0
42498 0.00 0.00 0.00 0
42499 0.00 0.00 0.00 0
42500 0.00 0.00 0.00 0
42501 0.00 0.00 0.00 0
42502 0.00 0.00 0.00 0
43238 0.00 0.00 0.00 0
43239 0.00 0.00 0.00 0
43240 0.00 0.00 0.00 0
43241 0.00 0.00 0.00 0
43242 0.00 0.00 0.00 0
43243 0.00 0.00 0.00 0
43245 0.00 0.00 0.00 0
43246 0.00 0.00 0.00 0
43247 0.00 0.00 0.00 0
43248 0.00 0.00 0.00 0
45638 0.00 0.00 0.00 0
45639 0.00 0.00 0.00 0
45640 0.00 0.00 0.00 0
45641 0.00 0.00 0.00 0
45642 0.00 0.00 0.00 0
45643 0.00 0.00 0.00 0
45644 0.00 0.00 0.00 0
45645 0.00 0.00 0.00 0
48768 0.00 0.00 0.00 0
48769 0.00 0.00 0.00 0
48770 0.00 0.00 0.00 0
48771 0.00 0.00 0.00 0
48772 0.00 0.00 0.00 0
48773 0.00 0.00 0.00 0
48774 0.00 0.00 0.00 0
48775 0.00 0.00 0.00 0
48776 0.00 0.00 0.00 0
48777 0.00 0.00 0.00 0
48778 0.00 0.00 0.00 0
48779 0.00 0.00 0.00 0
48780 0.00 0.00 0.00 0
48781 0.00 0.00 0.00 0
48782 0.00 0.00 0.00 0
48783 0.00 0.00 0.00 0
48784 0.00 0.00 0.00 0
48785 0.00 0.00 0.00 0
48786 0.00 0.00 0.00 0
48787 0.00 0.00 0.00 0
50996 0.00 0.00 0.00 0
50997 0.00 0.00 0.00 0
50998 0.00 0.00 0.00 0
50999 0.00 0.00 0.00 0
51000 0.00 0.00 0.00 0
51001 0.00 0.00 0.00 0
51002 0.00 0.00 0.00 0
51003 0.00 0.00 0.00 0
51007 0.00 0.00 0.00 0
51016 0.00 0.00 0.00 0
51017 0.00 0.00 0.00 0
51018 0.00 0.00 0.00 0
51019 0.00 0.00 0.00 0
51020 0.00 0.00 0.00 0
51021 0.00 0.00 0.00 0
51022 0.00 0.00 0.00 0
51023 0.00 0.00 0.00 0
55238 0.00 0.00 0.00 0
55239 0.00 0.00 0.00 0
55240 0.00 0.00 0.00 0
55241 0.00 0.00 0.00 0
55242 0.00 0.00 0.00 0
55243 0.00 0.00 0.00 0
55244 0.00 0.00 0.00 0
55245 0.00 0.00 0.00 0
58372 0.00 0.00 0.00 0
58373 0.00 0.00 0.00 0
58374 0.00 0.00 0.00 0
58375 0.00 0.00 0.00 0
58376 0.00 0.00 0.00 0
58377 0.00 0.00 0.00 0
58378 0.00 0.00 0.00 0
58379 0.00 0.00 0.00 0
58380 0.00 0.00 0.00 0
58381 0.00 0.00 0.00 0
58382 0.00 0.00 0.00 0
58383 0.00 0.00 0.00 0
58384 0.00 0.00 0.00 0
58385 0.00 0.00 0.00 0
58386 0.00 0.00 0.00 0
58387 0.00 0.00 0.00 0
59180 0.00 0.00 0.00 0
60593 0.00 0.00 0.00 0
60594 0.00 0.00 0.00 0
60595 0.00 0.00 0.00 0
60596 0.00 0.00 0.00 0
60597 0.00 0.00 0.00 0
60598 0.00 0.00 0.00 0
60599 0.00 0.00 0.00 0
60600 0.00 0.00 0.00 0
60601 0.00 0.00 0.00 0
60602 0.00 0.00 0.00 0
60603 0.00 0.00 0.00 0
60605 0.00 0.00 0.00 0
60616 0.00 0.00 0.00 0
60617 0.00 0.00 0.00 0
60618 0.00 0.00 0.00 0
60619 0.00 0.00 0.00 0
60620 0.00 0.00 0.00 0
60621 0.00 0.00 0.00 0
60622 0.00 0.00 0.00 0
60623 0.00 0.00 0.00 0
65569 0.00 0.00 0.00 0
65570 0.00 0.00 0.00 0
65571 0.00 0.00 0.00 0
65572 0.00 0.00 0.00 0
65576 0.00 0.00 0.00 0
65577 0.00 0.00 0.00 0
65578 0.00 0.00 0.00 0
65579 0.00 0.00 0.00 0
65580 0.00 0.00 0.00 0
65581 0.00 0.00 0.00 0
65582 0.00 0.00 0.00 0
65583 0.00 0.00 0.00 0
65584 0.00 0.00 0.00 0
65585 0.00 0.00 0.00 0
65586 0.00 0.00 0.00 0
65587 0.00 0.00 0.00 0
67793 0.00 0.00 0.00 0
67794 0.00 0.00 0.00 0
67795 0.00 0.00 0.00 0
67796 0.00 0.00 0.00 0
67797 0.00 0.00 0.00 0
67798 0.00 0.00 0.00 0
67799 0.00 0.00 0.00 0
67800 0.00 0.00 0.00 0
67801 0.00 0.00 0.00 0
67802 0.00 0.00 0.00 0
67803 0.00 0.00 0.00 0
67804 0.00 0.00 0.00 0
67805 0.00 0.00 0.00 0
67806 0.00 0.00 0.00 0
67807 0.00 0.00 0.00 0
67808 0.00 0.00 0.00 0
67809 0.00 0.00 0.00 0
67810 0.00 0.00 0.00 0
67811 0.00 0.00 0.00 0
67812 0.00 0.00 0.00 0
67813 0.00 0.00 0.00 0
67814 0.00 0.00 0.00 0
67815 0.00 0.00 0.00 0
67817 0.00 0.00 0.00 0
73199 0.00 0.00 0.00 0
73200 0.00 0.00 0.00 0
73207 0.00 0.00 0.00 0
73208 0.00 0.00 0.00 0
73209 0.00 0.00 0.00 0
73210 0.00 0.00 0.00 0
73214 0.00 0.00 0.00 0
77192 0.00 0.00 0.00 0
77193 0.00 0.00 0.00 0
77194 0.00 0.00 0.00 0
77195 0.00 0.00 0.00 0
77196 0.00 0.00 0.00 0
77197 0.00 0.00 0.00 0
77198 0.00 0.00 0.00 0
77199 0.00 0.00 0.00 0
77200 0.00 0.00 0.00 0
77201 0.00 0.00 0.00 0
77202 0.00 0.00 0.00 0
77203 0.00 0.00 0.00 0
77204 0.00 0.00 0.00 0
77205 0.00 0.00 0.00 0
77206 0.00 0.00 0.00 0
77207 0.00 0.00 0.00 0
77208 0.00 0.00 0.00 0
77209 0.00 0.00 0.00 0
77210 0.00 0.00 0.00 0
77211 0.00 0.00 0.00 0
77212 0.00 0.00 0.00 0
77213 0.00 0.00 0.00 0
77214 0.00 0.00 0.00 0
77215 0.00 0.00 0.00 0
77216 0.00 0.00 0.00 0
77217 0.00 0.00 0.00 0
77218 0.00 0.00 0.00 0
77219 0.00 0.00 0.00 0
77220 0.00 0.00 0.00 0
77221 0.00 0.00 0.00 0
77222 0.00 0.00 0.00 0
77223 0.00 0.00 0.00 0
77224 0.00 0.00 0.00 0
77225 0.00 0.00 0.00 0
77226 0.00 0.00 0.00 0
77227 0.00 0.00 0.00 0
77228 0.00 0.00 0.00 0
77229 0.00 0.00 0.00 0
77230 0.00 0.00 0.00 0
77231 0.00 0.00 0.00 0
77232 0.00 0.00 0.00 0
77233 0.00 0.00 0.00 0
77234 0.00 0.00 0.00 0
77235 0.00 0.00 0.00 0
77236 0.00 0.00 0.00 0
77237 0.00 0.00 0.00 0
77238 0.00 0.00 0.00 0
77239 0.00 0.00 0.00 0
77240 0.00 0.00 0.00 0
77241 0.00 0.00 0.00 0
77264 0.00 0.00 0.00 0
77287 0.00 0.00 0.00 0
77288 0.00 0.00 0.00 0
77289 0.00 0.00 0.00 0
77290 0.00 0.00 0.00 0
77294 0.00 0.00 0.00 0
77295 0.00 0.00 0.00 0
83866 0.00 0.00 0.00 0
83868 0.00 0.00 0.00 0
83869 0.00 0.00 0.00 0
83870 0.00 0.00 0.00 0
83871 0.00 0.00 0.00 0
83872 0.00 0.00 0.00 0
83873 0.00 0.00 0.00 0
83874 0.00 0.00 0.00 0
83875 0.00 0.00 0.00 0
83876 0.00 0.00 0.00 0
83877 0.00 0.00 0.00 0
83878 0.00 0.00 0.00 0
83880 0.00 0.00 0.00 0
83881 0.00 0.00 0.00 0
83882 0.00 0.00 0.00 0
83883 0.00 0.00 0.00 0
83884 0.00 0.00 0.00 0
83885 0.00 0.00 0.00 0
83886 0.00 0.00 0.00 0
83887 0.00 0.00 0.00 0
83888 0.00 0.00 0.00 0
83889 0.00 0.00 0.00 0
83890 0.00 0.00 0.00 0
83891 0.00 0.00 0.00 0
83892 0.00 0.00 0.00 0
83893 0.00 0.00 0.00 0
83894 0.00 0.00 0.00 0
83895 0.00 0.00 0.00 0
83896 0.00 0.00 0.00 0
83897 0.00 0.00 0.00 0
83898 0.00 0.00 0.00 0
83899 0.00 0.00 0.00 0
83900 0.00 0.00 0.00 0
83926 0.00 0.00 0.00 0
83927 0.00 0.00 0.00 0
83928 0.00 0.00 0.00 0
83929 0.00 0.00 0.00 0
83930 0.00 0.00 0.00 0
83931 0.00 0.00 0.00 0
83932 0.00 0.00 0.00 0
83933 0.00 0.00 0.00 0
83934 0.00 0.00 0.00 0
83935 0.00 0.00 0.00 0
83936 0.00 0.00 0.00 0
83937 0.00 0.00 0.00 0
83938 0.00 0.00 0.00 0
83939 0.00 0.00 0.00 0
83940 0.00 0.00 0.00 0
83941 0.00 0.00 0.00 0
83942 0.00 0.00 0.00 0
83943 0.00 0.00 0.00 0
83944 0.00 0.00 0.00 0
83945 0.00 0.00 0.00 0
83946 0.00 0.00 0.00 0
83947 0.00 0.00 0.00 0
83948 0.00 0.00 0.00 0
83949 0.00 0.00 0.00 0
83950 0.00 0.00 0.00 0
83951 0.00 0.00 0.00 0
83953 0.00 0.00 0.00 0
83954 0.00 0.00 0.00 0
83955 0.00 0.00 0.00 0
83956 0.00 0.00 0.00 0
83962 0.00 0.00 0.00 0
83963 0.00 0.00 0.00 0
83964 0.00 0.00 0.00 0
83965 0.00 0.00 0.00 0
83966 0.00 0.00 0.00 0
83968 0.00 0.00 0.00 0
83970 0.00 0.00 0.00 0
93047 0.00 0.00 0.00 0
93048 0.00 0.00 0.00 0
93049 0.00 0.00 0.00 0
93050 0.00 0.00 0.00 0
93051 0.00 0.00 0.00 0
94928 0.00 0.00 0.00 0
94929 0.00 0.00 0.00 0
94930 0.00 0.00 0.00 0
94931 0.00 0.00 0.00 0
94932 0.00 0.00 0.00 0
94933 0.00 0.00 0.00 0
94934 0.00 0.00 0.00 0
94935 0.00 0.00 0.00 0
94936 0.00 0.00 0.00 0
96260 0.00 0.00 0.00 0
96261 0.00 0.00 0.00 0
96262 0.00 0.00 0.00 0
96263 0.00 0.00 0.00 0
96264 0.00 0.00 0.00 0
96265 0.00 0.00 0.00 0
96266 0.00 0.00 0.00 0
96267 0.00 0.00 0.00 0
96274 0.00 0.00 0.00 0
96275 0.00 0.00 0.00 0
96276 0.00 0.00 0.00 0
96277 0.00 0.00 0.00 0
96278 0.00 0.00 0.00 0
99246 0.00 0.00 0.00 0
99251 0.00 0.00 0.00 0
99252 0.00 0.00 0.00 0
99253 0.00 0.00 0.00 0
100580 0.00 0.00 0.00 0
100581 0.00 0.00 0.00 0
100582 0.00 0.00 0.00 0
100583 0.00 0.00 0.00 0
100584 0.00 0.00 0.00 0
100585 0.00 0.00 0.00 0
100586 0.00 0.00 0.00 0
100587 0.00 0.00 0.00 0
100588 0.00 0.00 0.00 0
100589 0.00 0.00 0.00 0
100590 0.00 0.00 0.00 0
100591 0.00 0.00 0.00 0
100592 0.00 0.00 0.00 0
100593 0.00 0.00 0.00 0
106219 0.00 0.00 0.00 0
106220 0.00 0.00 0.00 0
106221 0.00 0.00 0.00 0
106222 0.00 0.00 0.00 0
106223 0.00 0.00 0.00 0
106224 0.00 0.00 0.00 0
106225 0.00 0.00 0.00 0
106226 0.00 0.00 0.00 0
106227 0.00 0.00 0.00 0
106228 0.00 0.00 0.00 0
106229 0.00 0.00 0.00 0
106230 0.00 0.00 0.00 0
106231 0.00 0.00 0.00 0
106232 0.00 0.00 0.00 0
106233 0.00 0.00 0.00 0
106234 0.00 0.00 0.00 0
106235 0.00 0.00 0.00 0
106236 0.00 0.00 0.00 0
106237 0.00 0.00 0.00 0
106238 0.00 0.00 0.00 0
106239 0.00 0.00 0.00 0
106240 0.00 0.00 0.00 0
106241 0.00 0.00 0.00 0
106242 0.00 0.00 0.00 0
106243 0.00 0.00 0.00 0
106244 0.00 0.00 0.00 0
106245 0.00 0.00 0.00 0
106246 0.00 0.00 0.00 0
106247 0.00 0.00 0.00 0
106248 0.00 0.00 0.00 0
106249 0.00 0.00 0.00 0
106278 0.00 0.00 0.00 0
110224 0.00 0.00 0.00 0
110225 0.00 0.00 0.00 0
110226 0.00 0.00 0.00 0
110227 0.00 0.00 0.00 0
110228 0.00 0.00 0.00 0
110229 0.00 0.00 0.00 0
110230 0.00 0.00 0.00 0
110231 0.00 0.00 0.00 0
110232 0.00 0.00 0.00 0
110233 0.00 0.00 0.00 0
110234 0.00 0.00 0.00 0
110235 0.00 0.00 0.00 0
110236 0.00 0.00 0.00 0
110237 0.00 0.00 0.00 0
110238 0.00 0.00 0.00 0
110239 0.00 0.00 0.00 0
110240 0.00 0.00 0.00 0
110241 0.00 0.00 0.00 0
110242 0.00 0.00 0.00 0
110243 0.00 0.00 0.00 0
110244 0.00 0.00 0.00 0
110245 0.00 0.00 0.00 0
110260 0.00 0.00 0.00 0
110261 0.00 0.00 0.00 0
110262 0.00 0.00 0.00 0
110263 0.00 0.00 0.00 0
110264 0.00 0.00 0.00 0
110265 0.00 0.00 0.00 0
110266 0.00 0.00 0.00 0
110267 0.00 0.00 0.00 0
110268 0.00 0.00 0.00 0
110269 0.00 0.00 0.00 0
110270 0.00 0.00 0.00 0
110271 0.00 0.00 0.00 0
110272 0.00 0.00 0.00 0
110273 0.00 0.00 0.00 0
110274 0.00 0.00 0.00 0
110275 0.00 0.00 0.00 0
110284 0.00 0.00 0.00 0
117269 0.00 0.00 0.00 0
117270 0.00 0.00 0.00 0
117271 0.00 0.00 0.00 0
117272 0.00 0.00 0.00 0
117273 0.00 0.00 0.00 0
117274 0.00 0.00 0.00 0
117275 0.00 0.00 0.00 0
117276 0.00 0.00 0.00 0
117277 0.00 0.00 0.00 0
117278 0.00 0.00 0.00 0
117279 0.00 0.00 0.00 0
121657 0.00 0.00 0.00 0
121658 0.00 0.00 0.00 0
121659 0.00 0.00 0.00 0
121660 0.00 0.00 0.00 0
121661 0.00 0.00 0.00 0
121662 0.00 0.00 0.00 0
121663 0.00 0.00 0.00 0
121664 0.00 0.00 0.00 0
121665 0.00 0.00 0.00 0
121666 0.00 0.00 0.00 0
121667 0.00 0.00 0.00 0
121668 0.00 0.00 0.00 0
121669 0.00 0.00 0.00 0
121670 0.00 0.00 0.00 0
121671 0.00 0.00 0.00 0
121672 0.00 0.00 0.00 0
121673 0.00 0.00 0.00 0
121674 0.00 0.00 0.00 0
121675 0.00 0.00 0.00 0
121676 0.00 0.00 0.00 0
121677 0.00 0.00 0.00 0
121678 0.00 0.00 0.00 0
122787 0.00 0.00 0.00 0
122788 0.00 0.00 0.00 0
124769 0.00 0.00 0.00 0
124770 0.00 0.00 0.00 0
124771 0.00 0.00 0.00 0
124772 0.00 0.00 0.00 0
124773 0.00 0.00 0.00 0
124774 0.00 0.00 0.00 0
124775 0.00 0.00 0.00 0
124776 0.00 0.00 0.00 0
124777 0.00 0.00 0.00 0
124778 0.00 0.00 0.00 0
124779 0.00 0.00 0.00 0
124780 0.00 0.00 0.00 0
124781 0.00 0.00 0.00 0
124782 0.00 0.00 0.00 0
124783 0.00 0.00 0.00 0
124784 0.00 0.00 0.00 0
124798 0.00 0.00 0.00 0
124799 0.00 0.00 0.00 0
124800 0.00 0.00 0.00 0
124801 0.00 0.00 0.00 0
124802 0.00 0.00 0.00 0
124803 0.00 0.00 0.00 0
124804 0.00 0.00 0.00 0
124805 0.00 0.00 0.00 0
124806 0.00 0.00 0.00 0
124807 0.00 0.00 0.00 0
124808 0.00 0.00 0.00 0
131437 0.00 0.00 0.00 0
131439 0.00 0.00 0.00 0
131440 0.00 0.00 0.00 0
131441 0.00 0.00 0.00 0
131442 0.00 0.00 0.00 0
131443 0.00 0.00 0.00 0
131447 0.00 0.00 0.00 0
131448 0.00 0.00 0.00 0
131449 0.00 0.00 0.00 0
131450 0.00 0.00 0.00 0
131451 0.00 0.00 0.00 0
131452 0.00 0.00 0.00 0
131453 0.00 0.00 0.00 0
131454 0.00 0.00 0.00 0
131455 0.00 0.00 0.00 0
131456 0.00 0.00 0.00 0
131457 0.00 0.00 0.00 0
131458 0.00 0.00 0.00 0
131459 0.00 0.00 0.00 0
131460 0.00 0.00 0.00 0
131461 0.00 0.00 0.00 0
134255 0.00 0.00 0.00 0
134256 0.00 0.00 0.00 0
134257 0.00 0.00 0.00 0
134258 0.00 0.00 0.00 0
134259 0.00 0.00 0.00 0
134260 0.00 0.00 0.00 0
134261 0.00 0.00 0.00 0
134262 0.00 0.00 0.00 0
134263 0.00 0.00 0.00 0
134264 0.00 0.00 0.00 0
134265 0.00 0.00 0.00 0
134266 0.00 0.00 0.00 0
134267 0.00 0.00 0.00 0
134268 0.00 0.00 0.00 0
134269 0.00 0.00 0.00 0
134270 0.00 0.00 0.00 0
134271 0.00 0.00 0.00 0
134272 0.00 0.00 0.00 0
134273 0.00 0.00 0.00 0
134274 0.00 0.00 0.00 0
134275 0.00 0.00 0.00 0
134276 0.00 0.00 0.00 0
134277 0.00 0.00 0.00 0
134278 0.00 0.00 0.00 0
134279 0.00 0.00 0.00 0
134280 0.00 0.00 0.00 0
134281 0.00 0.00 0.00 0
134282 0.00 0.00 0.00 0
134283 0.00 0.00 0.00 0
134284 0.00 0.00 0.00 0
134285 0.00 0.00 0.00 0
134286 0.00 0.00 0.00 0
134287 0.00 0.00 0.00 0
134288 0.00 0.00 0.00 0
134291 0.00 0.00 0.00 0
134292 0.00 0.00 0.00 0
140979 0.00 0.00 0.00 0
140981 0.00 0.00 0.00 0
140982 0.00 0.00 0.00 0
140984 0.00 0.00 0.00 0
140985 0.00 0.00 0.00 0
140986 0.00 0.00 0.00 0
140987 0.00 0.00 0.00 0
140988 0.00 0.00 0.00 0
140995 0.00 0.00 0.00 0
140996 0.00 0.00 0.00 0
140997 0.00 0.00 0.00 0
140998 0.00 0.00 0.00 0
140999 0.00 0.00 0.00 0
141000 0.00 0.00 0.00 0
141002 0.00 0.00 0.00 0
141003 0.00 0.00 0.00 0
141004 0.00 0.00 0.00 0
141005 0.00 0.00 0.00 0
141006 0.00 0.00 0.00 0
141033 0.00 0.00 0.00 0
141034 0.00 0.00 0.00 0
145848 0.00 0.00 0.00 0
145849 0.00 0.00 0.00 0
145850 0.00 0.00 0.00 0
145851 0.00 0.00 0.00 0
145852 0.00 0.00 0.00 0
145853 0.00 0.00 0.00 0
145854 0.00 0.00 0.00 0
145855 0.00 0.00 0.00 0
145857 0.00 0.00 0.00 0
145858 0.00 0.00 0.00 0
145859 0.00 0.00 0.00 0
145860 0.00 0.00 0.00 0
145861 0.00 0.00 0.00 0
145862 0.00 0.00 0.00 0
145863 0.00 0.00 0.00 0
145864 0.00 0.00 0.00 0
145865 0.00 0.00 0.00 0
145866 0.00 0.00 0.00 0
145867 0.00 0.00 0.00 0
145868 0.00 0.00 0.00 0
145869 0.00 0.00 0.00 0
145870 0.00 0.00 0.00 0
145871 0.00 0.00 0.00 0
145872 0.00 0.00 0.00 0
145873 0.00 0.00 0.00 0
145874 0.00 0.00 0.00 0
145875 0.00 0.00 0.00 0
145876 0.00 0.00 0.00 0
145877 0.00 0.00 0.00 0
145878 0.00 0.00 0.00 0
145879 0.00 0.00 0.00 0
145880 0.00 0.00 0.00 0
145881 0.00 0.00 0.00 0
145882 0.00 0.00 0.00 0
145883 0.00 0.00 0.00 0
145884 0.00 0.00 0.00 0
145885 0.00 0.00 0.00 0
145886 0.00 0.00 0.00 0
145887 0.00 0.00 0.00 0
145888 0.00 0.00 0.00 0
145889 0.00 0.00 0.00 0
145890 0.00 0.00 0.00 0
145891 0.00 0.00 0.00 0
145892 0.00 0.00 0.00 0
145893 0.00 0.00 0.00 0
145894 0.00 0.00 0.00 0
145895 0.00 0.00 0.00 0
145896 0.00 0.00 0.00 0
145897 0.00 0.00 0.00 0
145898 0.00 0.00 0.00 0
145899 0.00 0.00 0.00 0
145900 0.00 0.00 0.00 0
145901 0.00 0.00 0.00 0
145902 0.00 0.00 0.00 0
145903 0.00 0.00 0.00 0
145904 0.00 0.00 0.00 0
145905 0.00 0.00 0.00 0
145906 0.00 0.00 0.00 0
145907 0.00 0.00 0.00 0
145908 0.00 0.00 0.00 0
145909 0.00 0.00 0.00 0
145933 0.00 0.00 0.00 0
145934 0.00 0.00 0.00 0
145935 0.00 0.00 0.00 0
145936 0.00 0.00 0.00 0
145962 0.00 0.00 0.00 0
145963 0.00 0.00 0.00 0
145964 0.00 0.00 0.00 0
145965 0.00 0.00 0.00 0
145966 0.00 0.00 0.00 0
145967 0.00 0.00 0.00 0
145968 0.00 0.00 0.00 0
145969 0.00 0.00 0.00 0
145970 0.00 0.00 0.00 0
145971 0.00 0.00 0.00 0
145972 0.00 0.00 0.00 0
145979 0.00 0.00 0.00 0
145980 0.00 0.00 0.00 0
145981 0.00 0.00 0.00 0
145982 0.00 0.00 0.00 0
145983 0.00 0.00 0.00 0
153889 0.00 0.00 0.00 0
153897 0.00 0.00 0.00 0
153898 0.00 0.00 0.00 0
153899 0.00 0.00 0.00 0
153900 0.00 0.00 0.00 0
153904 0.00 0.00 0.00 0
153905 0.00 0.00 0.00 0
153906 0.00 0.00 0.00 0
153907 0.00 0.00 0.00 0
153908 0.00 0.00 0.00 0
153909 0.00 0.00 0.00 0
153910 0.00 0.00 0.00 0
153911 0.00 0.00 0.00 0
153912 0.00 0.00 0.00 0
153913 0.00 0.00 0.00 0
153914 0.00 0.00 0.00 0
153915 0.00 0.00 0.00 0
153916 0.00 0.00 0.00 0
153917 0.00 0.00 0.00 0
153918 0.00 0.00 0.00 0
153919 0.00 0.00 0.00 0
153920 0.00 0.00 0.00 0
153921 0.00 0.00 0.00 0
153922 0.00 0.00 0.00 0
153923 0.00 0.00 0.00 0
153924 0.00 0.00 0.00 0
153925 0.00 0.00 0.00 0
153926 0.00 0.00 0.00 0
153927 0.00 0.00 0.00 0
153958 0.00 0.00 0.00 0
153959 0.00 0.00 0.00 0
153960 0.00 0.00 0.00 0
153961 0.00 0.00 0.00 0
153962 0.00 0.00 0.00 0
153963 0.00 0.00 0.00 0
153964 0.00 0.00 0.00 0
153965 0.00 0.00 0.00 0
153966 0.00 0.00 0.00 0
153967 0.00 0.00 0.00 0
153968 0.00 0.00 0.00 0
153969 0.00 0.00 0.00 0
153970 0.00 0.00 0.00 0
153971 0.00 0.00 0.00 0
153972 0.00 0.00 0.00 0
153973 0.00 0.00 0.00 0
153974 0.00 0.00 0.00 0
153975 0.00 0.00 0.00 0
153976 0.00 0.00 0.00 0
153977 0.00 0.00 0.00 0
153978 0.00 0.00 0.00 0
153979 0.00 0.00 0.00 0
153980 0.00 0.00 0.00 0
153981 0.00 0.00 0.00 0
153982 0.00 0.00 0.00 0
153983 0.00 0.00 0.00 0
153984 0.00 0.00 0.00 0
153985 0.00 0.00 0.00 0
153986 0.00 0.00 0.00 0
153987 0.00 0.00 0.00 0
153988 0.00 0.00 0.00 0
153989 0.00 0.00 0.00 0
153990 0.00 0.00 0.00 0
153991 0.00 0.00 0.00 0
153992 0.00 0.00 0.00 0
153993 0.00 0.00 0.00 0
154000 0.00 0.00 0.00 0
154001 0.00 0.00 0.00 0
154002 0.00 0.00 0.00 0
154003 0.00 0.00 0.00 0
154004 0.00 0.00 0.00 0
154005 0.00 0.00 0.00 0
154006 0.00 0.00 0.00 0
154007 0.00 0.00 0.00 0
154008 0.00 0.00 0.00 0
154009 0.00 0.00 0.00 0
154010 0.00 0.00 0.00 0
154011 0.00 0.00 0.00 0
154012 0.00 0.00 0.00 0
