# G_and_S_subcentral
2118
23 0.00 0.00 0.00 0
74 0.00 0.00 0.00 0
194 0.00 0.00 0.00 0
422 0.00 0.00 0.00 0
423 0.00 0.00 0.00 0
509 0.00 0.00 0.00 0
510 0.00 0.00 0.00 0
511 0.00 0.00 0.00 0
674 0.00 0.00 0.00 0
676 0.00 0.00 0.00 0
944 0.00 0.00 0.00 0
945 0.00 0.00 0.00 0
1118 0.00 0.00 0.00 0
1119 0.00 0.00 0.00 0
1121 0.00 0.00 0.00 0
1122 0.00 0.00 0.00 0
1123 0.00 0.00 0.00 0
1124 0.00 0.00 0.00 0
1502 0.00 0.00 0.00 0
1607 0.00 0.00 0.00 0
1946 0.00 0.00 0.00 0
1947 0.00 0.00 0.00 0
1948 0.00 0.00 0.00 0
1949 0.00 0.00 0.00 0
2161 0.00 0.00 0.00 0
2162 0.00 0.00 0.00 0
2170 0.00 0.00 0.00 0
2171 0.00 0.00 0.00 0
2172 0.00 0.00 0.00 0
2173 0.00 0.00 0.00 0
2174 0.00 0.00 0.00 0
2175 0.00 0.00 0.00 0
2176 0.00 0.00 0.00 0
2177 0.00 0.00 0.00 0
2178 0.00 0.00 0.00 0
2179 0.00 0.00 0.00 0
2595 0.00 0.00 0.00 0
2864 0.00 0.00 0.00 0
2865 0.00 0.00 0.00 0
2866 0.00 0.00 0.00 0
3043 0.00 0.00 0.00 0
3464 0.00 0.00 0.00 0
4274 0.00 0.00 0.00 0
4275 0.00 0.00 0.00 0
4276 0.00 0.00 0.00 0
4280 0.00 0.00 0.00 0
4768 0.00 0.00 0.00 0
4769 0.00 0.00 0.00 0
4790 0.00 0.00 0.00 0
4791 0.00 0.00 0.00 0
4792 0.00 0.00 0.00 0
4793 0.00 0.00 0.00 0
4794 0.00 0.00 0.00 0
4795 0.00 0.00 0.00 0
4796 0.00 0.00 0.00 0
4797 0.00 0.00 0.00 0
4798 0.00 0.00 0.00 0
4799 0.00 0.00 0.00 0
4800 0.00 0.00 0.00 0
4801 0.00 0.00 0.00 0
4802 0.00 0.00 0.00 0
4803 0.00 0.00 0.00 0
4804 0.00 0.00 0.00 0
4805 0.00 0.00 0.00 0
4806 0.00 0.00 0.00 0
4807 0.00 0.00 0.00 0
4808 0.00 0.00 0.00 0
4809 0.00 0.00 0.00 0
4810 0.00 0.00 0.00 0
4811 0.00 0.00 0.00 0
4812 0.00 0.00 0.00 0
4813 0.00 0.00 0.00 0
5377 0.00 0.00 0.00 0
5822 0.00 0.00 0.00 0
5824 0.00 0.00 0.00 0
5825 0.00 0.00 0.00 0
6308 0.00 0.00 0.00 0
6309 0.00 0.00 0.00 0
6310 0.00 0.00 0.00 0
6311 0.00 0.00 0.00 0
6620 0.00 0.00 0.00 0
6621 0.00 0.00 0.00 0
6622 0.00 0.00 0.00 0
6623 0.00 0.00 0.00 0
6625 0.00 0.00 0.00 0
6626 0.00 0.00 0.00 0
6627 0.00 0.00 0.00 0
6628 0.00 0.00 0.00 0
6629 0.00 0.00 0.00 0
6630 0.00 0.00 0.00 0
6631 0.00 0.00 0.00 0
6970 0.00 0.00 0.00 0
6971 0.00 0.00 0.00 0
7346 0.00 0.00 0.00 0
7347 0.00 0.00 0.00 0
8438 0.00 0.00 0.00 0
8441 0.00 0.00 0.00 0
8442 0.00 0.00 0.00 0
8443 0.00 0.00 0.00 0
8444 0.00 0.00 0.00 0
8446 0.00 0.00 0.00 0
9049 0.00 0.00 0.00 0
9050 0.00 0.00 0.00 0
9075 0.00 0.00 0.00 0
9076 0.00 0.00 0.00 0
9077 0.00 0.00 0.00 0
9078 0.00 0.00 0.00 0
9079 0.00 0.00 0.00 0
9080 0.00 0.00 0.00 0
9081 0.00 0.00 0.00 0
9082 0.00 0.00 0.00 0
9083 0.00 0.00 0.00 0
9084 0.00 0.00 0.00 0
9085 0.00 0.00 0.00 0
9086 0.00 0.00 0.00 0
9087 0.00 0.00 0.00 0
9088 0.00 0.00 0.00 0
9089 0.00 0.00 0.00 0
9090 0.00 0.00 0.00 0
9091 0.00 0.00 0.00 0
9092 0.00 0.00 0.00 0
9093 0.00 0.00 0.00 0
9094 0.00 0.00 0.00 0
9095 0.00 0.00 0.00 0
9096 0.00 0.00 0.00 0
9097 0.00 0.00 0.00 0
9098 0.00 0.00 0.00 0
9099 0.00 0.00 0.00 0
9100 0.00 0.00 0.00 0
9101 0.00 0.00 0.00 0
9102 0.00 0.00 0.00 0
10544 0.00 0.00 0.00 0
10545 0.00 0.00 0.00 0
10546 0.00 0.00 0.00 0
11144 0.00 0.00 0.00 0
11145 0.00 0.00 0.00 0
11146 0.00 0.00 0.00 0
11954 0.00 0.00 0.00 0
11955 0.00 0.00 0.00 0
11956 0.00 0.00 0.00 0
12470 0.00 0.00 0.00 0
12471 0.00 0.00 0.00 0
12472 0.00 0.00 0.00 0
12473 0.00 0.00 0.00 0
12474 0.00 0.00 0.00 0
12475 0.00 0.00 0.00 0
12476 0.00 0.00 0.00 0
12477 0.00 0.00 0.00 0
12478 0.00 0.00 0.00 0
12479 0.00 0.00 0.00 0
12481 0.00 0.00 0.00 0
12482 0.00 0.00 0.00 0
12483 0.00 0.00 0.00 0
12484 0.00 0.00 0.00 0
12485 0.00 0.00 0.00 0
12486 0.00 0.00 0.00 0
12487 0.00 0.00 0.00 0
12488 0.00 0.00 0.00 0
12489 0.00 0.00 0.00 0
12490 0.00 0.00 0.00 0
12491 0.00 0.00 0.00 0
12492 0.00 0.00 0.00 0
13057 0.00 0.00 0.00 0
13544 0.00 0.00 0.00 0
13545 0.00 0.00 0.00 0
13546 0.00 0.00 0.00 0
13547 0.00 0.00 0.00 0
13548 0.00 0.00 0.00 0
13549 0.00 0.00 0.00 0
13551 0.00 0.00 0.00 0
14354 0.00 0.00 0.00 0
14355 0.00 0.00 0.00 0
14356 0.00 0.00 0.00 0
14357 0.00 0.00 0.00 0
14358 0.00 0.00 0.00 0
14359 0.00 0.00 0.00 0
14875 0.00 0.00 0.00 0
14876 0.00 0.00 0.00 0
14877 0.00 0.00 0.00 0
14878 0.00 0.00 0.00 0
14879 0.00 0.00 0.00 0
14883 0.00 0.00 0.00 0
14884 0.00 0.00 0.00 0
14885 0.00 0.00 0.00 0
14886 0.00 0.00 0.00 0
14887 0.00 0.00 0.00 0
14888 0.00 0.00 0.00 0
14889 0.00 0.00 0.00 0
14890 0.00 0.00 0.00 0
14891 0.00 0.00 0.00 0
14892 0.00 0.00 0.00 0
14893 0.00 0.00 0.00 0
14894 0.00 0.00 0.00 0
15457 0.00 0.00 0.00 0
15458 0.00 0.00 0.00 0
15459 0.00 0.00 0.00 0
16154 0.00 0.00 0.00 0
16155 0.00 0.00 0.00 0
16156 0.00 0.00 0.00 0
16679 0.00 0.00 0.00 0
18584 0.00 0.00 0.00 0
18585 0.00 0.00 0.00 0
18586 0.00 0.00 0.00 0
18587 0.00 0.00 0.00 0
18588 0.00 0.00 0.00 0
18589 0.00 0.00 0.00 0
18590 0.00 0.00 0.00 0
18591 0.00 0.00 0.00 0
18592 0.00 0.00 0.00 0
18593 0.00 0.00 0.00 0
18594 0.00 0.00 0.00 0
18597 0.00 0.00 0.00 0
18599 0.00 0.00 0.00 0
18600 0.00 0.00 0.00 0
18601 0.00 0.00 0.00 0
18603 0.00 0.00 0.00 0
18607 0.00 0.00 0.00 0
18608 0.00 0.00 0.00 0
20060 0.00 0.00 0.00 0
20062 0.00 0.00 0.00 0
20064 0.00 0.00 0.00 0
20065 0.00 0.00 0.00 0
20066 0.00 0.00 0.00 0
20067 0.00 0.00 0.00 0
20068 0.00 0.00 0.00 0
20069 0.00 0.00 0.00 0
20126 0.00 0.00 0.00 0
20131 0.00 0.00 0.00 0
20132 0.00 0.00 0.00 0
20133 0.00 0.00 0.00 0
20134 0.00 0.00 0.00 0
20135 0.00 0.00 0.00 0
20136 0.00 0.00 0.00 0
20137 0.00 0.00 0.00 0
20138 0.00 0.00 0.00 0
20139 0.00 0.00 0.00 0
20140 0.00 0.00 0.00 0
20141 0.00 0.00 0.00 0
20142 0.00 0.00 0.00 0
20143 0.00 0.00 0.00 0
20144 0.00 0.00 0.00 0
20145 0.00 0.00 0.00 0
20146 0.00 0.00 0.00 0
20147 0.00 0.00 0.00 0
20148 0.00 0.00 0.00 0
20149 0.00 0.00 0.00 0
20150 0.00 0.00 0.00 0
20151 0.00 0.00 0.00 0
20152 0.00 0.00 0.00 0
20153 0.00 0.00 0.00 0
20154 0.00 0.00 0.00 0
20155 0.00 0.00 0.00 0
20156 0.00 0.00 0.00 0
20157 0.00 0.00 0.00 0
20158 0.00 0.00 0.00 0
20159 0.00 0.00 0.00 0
20160 0.00 0.00 0.00 0
20162 0.00 0.00 0.00 0
20163 0.00 0.00 0.00 0
20164 0.00 0.00 0.00 0
20165 0.00 0.00 0.00 0
20166 0.00 0.00 0.00 0
20167 0.00 0.00 0.00 0
20168 0.00 0.00 0.00 0
20169 0.00 0.00 0.00 0
20170 0.00 0.00 0.00 0
20171 0.00 0.00 0.00 0
20172 0.00 0.00 0.00 0
20173 0.00 0.00 0.00 0
20174 0.00 0.00 0.00 0
20175 0.00 0.00 0.00 0
20176 0.00 0.00 0.00 0
20177 0.00 0.00 0.00 0
20178 0.00 0.00 0.00 0
20179 0.00 0.00 0.00 0
20180 0.00 0.00 0.00 0
20181 0.00 0.00 0.00 0
20182 0.00 0.00 0.00 0
20183 0.00 0.00 0.00 0
20184 0.00 0.00 0.00 0
20185 0.00 0.00 0.00 0
20186 0.00 0.00 0.00 0
20187 0.00 0.00 0.00 0
20188 0.00 0.00 0.00 0
20189 0.00 0.00 0.00 0
20190 0.00 0.00 0.00 0
20191 0.00 0.00 0.00 0
20192 0.00 0.00 0.00 0
20193 0.00 0.00 0.00 0
20194 0.00 0.00 0.00 0
20195 0.00 0.00 0.00 0
20196 0.00 0.00 0.00 0
20197 0.00 0.00 0.00 0
20198 0.00 0.00 0.00 0
20199 0.00 0.00 0.00 0
23103 0.00 0.00 0.00 0
23104 0.00 0.00 0.00 0
23105 0.00 0.00 0.00 0
23106 0.00 0.00 0.00 0
23588 0.00 0.00 0.00 0
23589 0.00 0.00 0.00 0
23590 0.00 0.00 0.00 0
23591 0.00 0.00 0.00 0
23592 0.00 0.00 0.00 0
23909 0.00 0.00 0.00 0
24251 0.00 0.00 0.00 0
24668 0.00 0.00 0.00 0
24669 0.00 0.00 0.00 0
24670 0.00 0.00 0.00 0
26126 0.00 0.00 0.00 0
26127 0.00 0.00 0.00 0
26128 0.00 0.00 0.00 0
26129 0.00 0.00 0.00 0
26130 0.00 0.00 0.00 0
26131 0.00 0.00 0.00 0
26132 0.00 0.00 0.00 0
26133 0.00 0.00 0.00 0
26135 0.00 0.00 0.00 0
26136 0.00 0.00 0.00 0
26137 0.00 0.00 0.00 0
26138 0.00 0.00 0.00 0
27014 0.00 0.00 0.00 0
27015 0.00 0.00 0.00 0
27016 0.00 0.00 0.00 0
27017 0.00 0.00 0.00 0
27054 0.00 0.00 0.00 0
27055 0.00 0.00 0.00 0
27056 0.00 0.00 0.00 0
27057 0.00 0.00 0.00 0
27058 0.00 0.00 0.00 0
27059 0.00 0.00 0.00 0
27060 0.00 0.00 0.00 0
27061 0.00 0.00 0.00 0
27062 0.00 0.00 0.00 0
27063 0.00 0.00 0.00 0
27064 0.00 0.00 0.00 0
27065 0.00 0.00 0.00 0
27066 0.00 0.00 0.00 0
27067 0.00 0.00 0.00 0
27068 0.00 0.00 0.00 0
27069 0.00 0.00 0.00 0
27070 0.00 0.00 0.00 0
27071 0.00 0.00 0.00 0
27072 0.00 0.00 0.00 0
27073 0.00 0.00 0.00 0
27074 0.00 0.00 0.00 0
27075 0.00 0.00 0.00 0
27076 0.00 0.00 0.00 0
27077 0.00 0.00 0.00 0
27078 0.00 0.00 0.00 0
27079 0.00 0.00 0.00 0
27080 0.00 0.00 0.00 0
27081 0.00 0.00 0.00 0
27082 0.00 0.00 0.00 0
27083 0.00 0.00 0.00 0
27084 0.00 0.00 0.00 0
27085 0.00 0.00 0.00 0
27086 0.00 0.00 0.00 0
27087 0.00 0.00 0.00 0
27088 0.00 0.00 0.00 0
27089 0.00 0.00 0.00 0
27090 0.00 0.00 0.00 0
27091 0.00 0.00 0.00 0
27092 0.00 0.00 0.00 0
27093 0.00 0.00 0.00 0
27094 0.00 0.00 0.00 0
27095 0.00 0.00 0.00 0
28111 0.00 0.00 0.00 0
28946 0.00 0.00 0.00 0
28947 0.00 0.00 0.00 0
28948 0.00 0.00 0.00 0
28951 0.00 0.00 0.00 0
28952 0.00 0.00 0.00 0
30080 0.00 0.00 0.00 0
30081 0.00 0.00 0.00 0
30082 0.00 0.00 0.00 0
30083 0.00 0.00 0.00 0
30085 0.00 0.00 0.00 0
30086 0.00 0.00 0.00 0
30808 0.00 0.00 0.00 0
30809 0.00 0.00 0.00 0
30810 0.00 0.00 0.00 0
30811 0.00 0.00 0.00 0
30812 0.00 0.00 0.00 0
30813 0.00 0.00 0.00 0
30814 0.00 0.00 0.00 0
30815 0.00 0.00 0.00 0
30817 0.00 0.00 0.00 0
30819 0.00 0.00 0.00 0
30820 0.00 0.00 0.00 0
30821 0.00 0.00 0.00 0
30822 0.00 0.00 0.00 0
30823 0.00 0.00 0.00 0
30824 0.00 0.00 0.00 0
30825 0.00 0.00 0.00 0
30826 0.00 0.00 0.00 0
30827 0.00 0.00 0.00 0
30828 0.00 0.00 0.00 0
30829 0.00 0.00 0.00 0
30830 0.00 0.00 0.00 0
30831 0.00 0.00 0.00 0
30832 0.00 0.00 0.00 0
30833 0.00 0.00 0.00 0
30834 0.00 0.00 0.00 0
30835 0.00 0.00 0.00 0
31624 0.00 0.00 0.00 0
31625 0.00 0.00 0.00 0
31626 0.00 0.00 0.00 0
32558 0.00 0.00 0.00 0
32559 0.00 0.00 0.00 0
32560 0.00 0.00 0.00 0
32561 0.00 0.00 0.00 0
33218 0.00 0.00 0.00 0
33221 0.00 0.00 0.00 0
33222 0.00 0.00 0.00 0
33231 0.00 0.00 0.00 0
35594 0.00 0.00 0.00 0
35596 0.00 0.00 0.00 0
35597 0.00 0.00 0.00 0
35598 0.00 0.00 0.00 0
35599 0.00 0.00 0.00 0
35600 0.00 0.00 0.00 0
35601 0.00 0.00 0.00 0
35602 0.00 0.00 0.00 0
35603 0.00 0.00 0.00 0
35604 0.00 0.00 0.00 0
35605 0.00 0.00 0.00 0
35606 0.00 0.00 0.00 0
35607 0.00 0.00 0.00 0
35610 0.00 0.00 0.00 0
35611 0.00 0.00 0.00 0
35614 0.00 0.00 0.00 0
35615 0.00 0.00 0.00 0
35616 0.00 0.00 0.00 0
35617 0.00 0.00 0.00 0
35618 0.00 0.00 0.00 0
35623 0.00 0.00 0.00 0
35624 0.00 0.00 0.00 0
35641 0.00 0.00 0.00 0
37389 0.00 0.00 0.00 0
37390 0.00 0.00 0.00 0
37392 0.00 0.00 0.00 0
37393 0.00 0.00 0.00 0
37394 0.00 0.00 0.00 0
37467 0.00 0.00 0.00 0
37468 0.00 0.00 0.00 0
37469 0.00 0.00 0.00 0
37470 0.00 0.00 0.00 0
37471 0.00 0.00 0.00 0
37472 0.00 0.00 0.00 0
37473 0.00 0.00 0.00 0
37474 0.00 0.00 0.00 0
37475 0.00 0.00 0.00 0
37476 0.00 0.00 0.00 0
37477 0.00 0.00 0.00 0
37478 0.00 0.00 0.00 0
37479 0.00 0.00 0.00 0
37480 0.00 0.00 0.00 0
37481 0.00 0.00 0.00 0
37482 0.00 0.00 0.00 0
37483 0.00 0.00 0.00 0
37484 0.00 0.00 0.00 0
37485 0.00 0.00 0.00 0
37486 0.00 0.00 0.00 0
37487 0.00 0.00 0.00 0
37488 0.00 0.00 0.00 0
37489 0.00 0.00 0.00 0
37490 0.00 0.00 0.00 0
37491 0.00 0.00 0.00 0
37492 0.00 0.00 0.00 0
37493 0.00 0.00 0.00 0
37494 0.00 0.00 0.00 0
37495 0.00 0.00 0.00 0
37496 0.00 0.00 0.00 0
37497 0.00 0.00 0.00 0
37498 0.00 0.00 0.00 0
37499 0.00 0.00 0.00 0
37500 0.00 0.00 0.00 0
37501 0.00 0.00 0.00 0
37502 0.00 0.00 0.00 0
37505 0.00 0.00 0.00 0
37506 0.00 0.00 0.00 0
37507 0.00 0.00 0.00 0
37508 0.00 0.00 0.00 0
37509 0.00 0.00 0.00 0
37510 0.00 0.00 0.00 0
37511 0.00 0.00 0.00 0
37512 0.00 0.00 0.00 0
37513 0.00 0.00 0.00 0
37514 0.00 0.00 0.00 0
37515 0.00 0.00 0.00 0
37516 0.00 0.00 0.00 0
37517 0.00 0.00 0.00 0
37518 0.00 0.00 0.00 0
37519 0.00 0.00 0.00 0
37520 0.00 0.00 0.00 0
37521 0.00 0.00 0.00 0
37522 0.00 0.00 0.00 0
37523 0.00 0.00 0.00 0
37524 0.00 0.00 0.00 0
37525 0.00 0.00 0.00 0
37526 0.00 0.00 0.00 0
37527 0.00 0.00 0.00 0
37528 0.00 0.00 0.00 0
37529 0.00 0.00 0.00 0
37530 0.00 0.00 0.00 0
37531 0.00 0.00 0.00 0
37532 0.00 0.00 0.00 0
37533 0.00 0.00 0.00 0
37534 0.00 0.00 0.00 0
37535 0.00 0.00 0.00 0
37536 0.00 0.00 0.00 0
37537 0.00 0.00 0.00 0
37538 0.00 0.00 0.00 0
37539 0.00 0.00 0.00 0
37540 0.00 0.00 0.00 0
37541 0.00 0.00 0.00 0
37542 0.00 0.00 0.00 0
37543 0.00 0.00 0.00 0
37544 0.00 0.00 0.00 0
37545 0.00 0.00 0.00 0
37546 0.00 0.00 0.00 0
37547 0.00 0.00 0.00 0
37548 0.00 0.00 0.00 0
37549 0.00 0.00 0.00 0
37550 0.00 0.00 0.00 0
37551 0.00 0.00 0.00 0
39266 0.00 0.00 0.00 0
39595 0.00 0.00 0.00 0
41114 0.00 0.00 0.00 0
41264 0.00 0.00 0.00 0
41265 0.00 0.00 0.00 0
41266 0.00 0.00 0.00 0
41864 0.00 0.00 0.00 0
41865 0.00 0.00 0.00 0
41866 0.00 0.00 0.00 0
42674 0.00 0.00 0.00 0
42675 0.00 0.00 0.00 0
42676 0.00 0.00 0.00 0
43188 0.00 0.00 0.00 0
43189 0.00 0.00 0.00 0
43190 0.00 0.00 0.00 0
43191 0.00 0.00 0.00 0
43192 0.00 0.00 0.00 0
43193 0.00 0.00 0.00 0
43194 0.00 0.00 0.00 0
43195 0.00 0.00 0.00 0
43196 0.00 0.00 0.00 0
43197 0.00 0.00 0.00 0
43198 0.00 0.00 0.00 0
43199 0.00 0.00 0.00 0
43201 0.00 0.00 0.00 0
43202 0.00 0.00 0.00 0
43203 0.00 0.00 0.00 0
43204 0.00 0.00 0.00 0
43205 0.00 0.00 0.00 0
43206 0.00 0.00 0.00 0
43207 0.00 0.00 0.00 0
43208 0.00 0.00 0.00 0
43209 0.00 0.00 0.00 0
43210 0.00 0.00 0.00 0
43211 0.00 0.00 0.00 0
43212 0.00 0.00 0.00 0
43213 0.00 0.00 0.00 0
43777 0.00 0.00 0.00 0
43778 0.00 0.00 0.00 0
43779 0.00 0.00 0.00 0
44264 0.00 0.00 0.00 0
44265 0.00 0.00 0.00 0
44266 0.00 0.00 0.00 0
44267 0.00 0.00 0.00 0
44268 0.00 0.00 0.00 0
44269 0.00 0.00 0.00 0
44270 0.00 0.00 0.00 0
44271 0.00 0.00 0.00 0
45074 0.00 0.00 0.00 0
45075 0.00 0.00 0.00 0
45076 0.00 0.00 0.00 0
45077 0.00 0.00 0.00 0
45078 0.00 0.00 0.00 0
45595 0.00 0.00 0.00 0
45596 0.00 0.00 0.00 0
45597 0.00 0.00 0.00 0
45598 0.00 0.00 0.00 0
45599 0.00 0.00 0.00 0
45603 0.00 0.00 0.00 0
45604 0.00 0.00 0.00 0
45605 0.00 0.00 0.00 0
45606 0.00 0.00 0.00 0
45607 0.00 0.00 0.00 0
45608 0.00 0.00 0.00 0
45609 0.00 0.00 0.00 0
45610 0.00 0.00 0.00 0
45611 0.00 0.00 0.00 0
45612 0.00 0.00 0.00 0
45613 0.00 0.00 0.00 0
45614 0.00 0.00 0.00 0
46874 0.00 0.00 0.00 0
46875 0.00 0.00 0.00 0
46876 0.00 0.00 0.00 0
49304 0.00 0.00 0.00 0
49305 0.00 0.00 0.00 0
49306 0.00 0.00 0.00 0
49307 0.00 0.00 0.00 0
49308 0.00 0.00 0.00 0
49309 0.00 0.00 0.00 0
49310 0.00 0.00 0.00 0
49311 0.00 0.00 0.00 0
49312 0.00 0.00 0.00 0
49313 0.00 0.00 0.00 0
49314 0.00 0.00 0.00 0
49315 0.00 0.00 0.00 0
49316 0.00 0.00 0.00 0
49317 0.00 0.00 0.00 0
49318 0.00 0.00 0.00 0
49319 0.00 0.00 0.00 0
49320 0.00 0.00 0.00 0
49321 0.00 0.00 0.00 0
50780 0.00 0.00 0.00 0
50781 0.00 0.00 0.00 0
50782 0.00 0.00 0.00 0
50783 0.00 0.00 0.00 0
50784 0.00 0.00 0.00 0
50785 0.00 0.00 0.00 0
50786 0.00 0.00 0.00 0
50787 0.00 0.00 0.00 0
50788 0.00 0.00 0.00 0
50789 0.00 0.00 0.00 0
50846 0.00 0.00 0.00 0
50848 0.00 0.00 0.00 0
50850 0.00 0.00 0.00 0
50851 0.00 0.00 0.00 0
50852 0.00 0.00 0.00 0
50853 0.00 0.00 0.00 0
50854 0.00 0.00 0.00 0
50855 0.00 0.00 0.00 0
50856 0.00 0.00 0.00 0
50857 0.00 0.00 0.00 0
50858 0.00 0.00 0.00 0
50859 0.00 0.00 0.00 0
50860 0.00 0.00 0.00 0
50861 0.00 0.00 0.00 0
50862 0.00 0.00 0.00 0
50863 0.00 0.00 0.00 0
50864 0.00 0.00 0.00 0
50865 0.00 0.00 0.00 0
50866 0.00 0.00 0.00 0
50867 0.00 0.00 0.00 0
50868 0.00 0.00 0.00 0
50869 0.00 0.00 0.00 0
50870 0.00 0.00 0.00 0
50871 0.00 0.00 0.00 0
50872 0.00 0.00 0.00 0
50873 0.00 0.00 0.00 0
50874 0.00 0.00 0.00 0
50875 0.00 0.00 0.00 0
50876 0.00 0.00 0.00 0
50877 0.00 0.00 0.00 0
50878 0.00 0.00 0.00 0
50879 0.00 0.00 0.00 0
50880 0.00 0.00 0.00 0
50881 0.00 0.00 0.00 0
50882 0.00 0.00 0.00 0
50883 0.00 0.00 0.00 0
50884 0.00 0.00 0.00 0
50885 0.00 0.00 0.00 0
50886 0.00 0.00 0.00 0
50887 0.00 0.00 0.00 0
50888 0.00 0.00 0.00 0
50889 0.00 0.00 0.00 0
50890 0.00 0.00 0.00 0
50891 0.00 0.00 0.00 0
50892 0.00 0.00 0.00 0
50893 0.00 0.00 0.00 0
50894 0.00 0.00 0.00 0
50895 0.00 0.00 0.00 0
50896 0.00 0.00 0.00 0
50897 0.00 0.00 0.00 0
50898 0.00 0.00 0.00 0
50899 0.00 0.00 0.00 0
50900 0.00 0.00 0.00 0
50901 0.00 0.00 0.00 0
50902 0.00 0.00 0.00 0
50903 0.00 0.00 0.00 0
50904 0.00 0.00 0.00 0
50905 0.00 0.00 0.00 0
50906 0.00 0.00 0.00 0
50907 0.00 0.00 0.00 0
50908 0.00 0.00 0.00 0
50909 0.00 0.00 0.00 0
50910 0.00 0.00 0.00 0
50911 0.00 0.00 0.00 0
50912 0.00 0.00 0.00 0
50913 0.00 0.00 0.00 0
50914 0.00 0.00 0.00 0
50915 0.00 0.00 0.00 0
50916 0.00 0.00 0.00 0
50917 0.00 0.00 0.00 0
50918 0.00 0.00 0.00 0
50919 0.00 0.00 0.00 0
53865 0.00 0.00 0.00 0
53866 0.00 0.00 0.00 0
53868 0.00 0.00 0.00 0
53870 0.00 0.00 0.00 0
54674 0.00 0.00 0.00 0
54675 0.00 0.00 0.00 0
54676 0.00 0.00 0.00 0
54677 0.00 0.00 0.00 0
54678 0.00 0.00 0.00 0
54679 0.00 0.00 0.00 0
54680 0.00 0.00 0.00 0
54681 0.00 0.00 0.00 0
56474 0.00 0.00 0.00 0
56475 0.00 0.00 0.00 0
56476 0.00 0.00 0.00 0
58904 0.00 0.00 0.00 0
58905 0.00 0.00 0.00 0
58906 0.00 0.00 0.00 0
58907 0.00 0.00 0.00 0
58908 0.00 0.00 0.00 0
58909 0.00 0.00 0.00 0
58910 0.00 0.00 0.00 0
58911 0.00 0.00 0.00 0
58912 0.00 0.00 0.00 0
58913 0.00 0.00 0.00 0
58914 0.00 0.00 0.00 0
58918 0.00 0.00 0.00 0
58920 0.00 0.00 0.00 0
58922 0.00 0.00 0.00 0
58923 0.00 0.00 0.00 0
60386 0.00 0.00 0.00 0
60387 0.00 0.00 0.00 0
60388 0.00 0.00 0.00 0
60389 0.00 0.00 0.00 0
60446 0.00 0.00 0.00 0
60448 0.00 0.00 0.00 0
60449 0.00 0.00 0.00 0
60450 0.00 0.00 0.00 0
60451 0.00 0.00 0.00 0
60452 0.00 0.00 0.00 0
60453 0.00 0.00 0.00 0
60454 0.00 0.00 0.00 0
60455 0.00 0.00 0.00 0
60456 0.00 0.00 0.00 0
60457 0.00 0.00 0.00 0
60458 0.00 0.00 0.00 0
60459 0.00 0.00 0.00 0
60460 0.00 0.00 0.00 0
60461 0.00 0.00 0.00 0
60462 0.00 0.00 0.00 0
60463 0.00 0.00 0.00 0
60464 0.00 0.00 0.00 0
60465 0.00 0.00 0.00 0
60466 0.00 0.00 0.00 0
60467 0.00 0.00 0.00 0
60468 0.00 0.00 0.00 0
60469 0.00 0.00 0.00 0
60470 0.00 0.00 0.00 0
60471 0.00 0.00 0.00 0
60472 0.00 0.00 0.00 0
60473 0.00 0.00 0.00 0
60474 0.00 0.00 0.00 0
60475 0.00 0.00 0.00 0
60476 0.00 0.00 0.00 0
60477 0.00 0.00 0.00 0
60478 0.00 0.00 0.00 0
60479 0.00 0.00 0.00 0
60480 0.00 0.00 0.00 0
60481 0.00 0.00 0.00 0
60482 0.00 0.00 0.00 0
60483 0.00 0.00 0.00 0
60484 0.00 0.00 0.00 0
60485 0.00 0.00 0.00 0
60486 0.00 0.00 0.00 0
60487 0.00 0.00 0.00 0
60488 0.00 0.00 0.00 0
60489 0.00 0.00 0.00 0
60490 0.00 0.00 0.00 0
60491 0.00 0.00 0.00 0
60492 0.00 0.00 0.00 0
60493 0.00 0.00 0.00 0
60494 0.00 0.00 0.00 0
60495 0.00 0.00 0.00 0
60496 0.00 0.00 0.00 0
60497 0.00 0.00 0.00 0
60498 0.00 0.00 0.00 0
60499 0.00 0.00 0.00 0
60500 0.00 0.00 0.00 0
60501 0.00 0.00 0.00 0
60502 0.00 0.00 0.00 0
60503 0.00 0.00 0.00 0
60504 0.00 0.00 0.00 0
60505 0.00 0.00 0.00 0
60506 0.00 0.00 0.00 0
60507 0.00 0.00 0.00 0
60508 0.00 0.00 0.00 0
60509 0.00 0.00 0.00 0
60510 0.00 0.00 0.00 0
60511 0.00 0.00 0.00 0
60512 0.00 0.00 0.00 0
60513 0.00 0.00 0.00 0
60514 0.00 0.00 0.00 0
60515 0.00 0.00 0.00 0
60516 0.00 0.00 0.00 0
60517 0.00 0.00 0.00 0
60518 0.00 0.00 0.00 0
60519 0.00 0.00 0.00 0
62212 0.00 0.00 0.00 0
62213 0.00 0.00 0.00 0
62214 0.00 0.00 0.00 0
63674 0.00 0.00 0.00 0
63675 0.00 0.00 0.00 0
63676 0.00 0.00 0.00 0
63677 0.00 0.00 0.00 0
63678 0.00 0.00 0.00 0
63679 0.00 0.00 0.00 0
63681 0.00 0.00 0.00 0
63682 0.00 0.00 0.00 0
63683 0.00 0.00 0.00 0
63684 0.00 0.00 0.00 0
63685 0.00 0.00 0.00 0
63686 0.00 0.00 0.00 0
63687 0.00 0.00 0.00 0
63688 0.00 0.00 0.00 0
63689 0.00 0.00 0.00 0
66104 0.00 0.00 0.00 0
66105 0.00 0.00 0.00 0
66106 0.00 0.00 0.00 0
66107 0.00 0.00 0.00 0
66108 0.00 0.00 0.00 0
66109 0.00 0.00 0.00 0
66110 0.00 0.00 0.00 0
66111 0.00 0.00 0.00 0
66112 0.00 0.00 0.00 0
66113 0.00 0.00 0.00 0
66114 0.00 0.00 0.00 0
66115 0.00 0.00 0.00 0
66116 0.00 0.00 0.00 0
66117 0.00 0.00 0.00 0
66118 0.00 0.00 0.00 0
66119 0.00 0.00 0.00 0
67662 0.00 0.00 0.00 0
67663 0.00 0.00 0.00 0
67664 0.00 0.00 0.00 0
67667 0.00 0.00 0.00 0
67668 0.00 0.00 0.00 0
67669 0.00 0.00 0.00 0
67670 0.00 0.00 0.00 0
67671 0.00 0.00 0.00 0
67672 0.00 0.00 0.00 0
67673 0.00 0.00 0.00 0
67674 0.00 0.00 0.00 0
67675 0.00 0.00 0.00 0
67676 0.00 0.00 0.00 0
67677 0.00 0.00 0.00 0
67678 0.00 0.00 0.00 0
67679 0.00 0.00 0.00 0
67685 0.00 0.00 0.00 0
67686 0.00 0.00 0.00 0
67687 0.00 0.00 0.00 0
67691 0.00 0.00 0.00 0
67692 0.00 0.00 0.00 0
67693 0.00 0.00 0.00 0
67694 0.00 0.00 0.00 0
67695 0.00 0.00 0.00 0
67696 0.00 0.00 0.00 0
67697 0.00 0.00 0.00 0
67698 0.00 0.00 0.00 0
67699 0.00 0.00 0.00 0
67700 0.00 0.00 0.00 0
67701 0.00 0.00 0.00 0
67702 0.00 0.00 0.00 0
67703 0.00 0.00 0.00 0
67704 0.00 0.00 0.00 0
67705 0.00 0.00 0.00 0
67706 0.00 0.00 0.00 0
67707 0.00 0.00 0.00 0
67708 0.00 0.00 0.00 0
67709 0.00 0.00 0.00 0
67710 0.00 0.00 0.00 0
67711 0.00 0.00 0.00 0
67712 0.00 0.00 0.00 0
67713 0.00 0.00 0.00 0
67714 0.00 0.00 0.00 0
67715 0.00 0.00 0.00 0
67716 0.00 0.00 0.00 0
67717 0.00 0.00 0.00 0
67718 0.00 0.00 0.00 0
67719 0.00 0.00 0.00 0
67720 0.00 0.00 0.00 0
67721 0.00 0.00 0.00 0
67722 0.00 0.00 0.00 0
67723 0.00 0.00 0.00 0
69412 0.00 0.00 0.00 0
69413 0.00 0.00 0.00 0
69414 0.00 0.00 0.00 0
69415 0.00 0.00 0.00 0
69416 0.00 0.00 0.00 0
71504 0.00 0.00 0.00 0
71505 0.00 0.00 0.00 0
71506 0.00 0.00 0.00 0
71507 0.00 0.00 0.00 0
71508 0.00 0.00 0.00 0
71509 0.00 0.00 0.00 0
71527 0.00 0.00 0.00 0
73070 0.00 0.00 0.00 0
73071 0.00 0.00 0.00 0
73072 0.00 0.00 0.00 0
73073 0.00 0.00 0.00 0
73074 0.00 0.00 0.00 0
73096 0.00 0.00 0.00 0
78794 0.00 0.00 0.00 0
78795 0.00 0.00 0.00 0
78796 0.00 0.00 0.00 0
78797 0.00 0.00 0.00 0
78798 0.00 0.00 0.00 0
78799 0.00 0.00 0.00 0
78800 0.00 0.00 0.00 0
78801 0.00 0.00 0.00 0
78802 0.00 0.00 0.00 0
78803 0.00 0.00 0.00 0
78804 0.00 0.00 0.00 0
78805 0.00 0.00 0.00 0
78806 0.00 0.00 0.00 0
78807 0.00 0.00 0.00 0
78808 0.00 0.00 0.00 0
78809 0.00 0.00 0.00 0
78810 0.00 0.00 0.00 0
78811 0.00 0.00 0.00 0
78812 0.00 0.00 0.00 0
78813 0.00 0.00 0.00 0
78814 0.00 0.00 0.00 0
78815 0.00 0.00 0.00 0
78816 0.00 0.00 0.00 0
78817 0.00 0.00 0.00 0
78818 0.00 0.00 0.00 0
78819 0.00 0.00 0.00 0
78820 0.00 0.00 0.00 0
78821 0.00 0.00 0.00 0
78822 0.00 0.00 0.00 0
78823 0.00 0.00 0.00 0
78824 0.00 0.00 0.00 0
78825 0.00 0.00 0.00 0
78831 0.00 0.00 0.00 0
78832 0.00 0.00 0.00 0
78833 0.00 0.00 0.00 0
78834 0.00 0.00 0.00 0
78841 0.00 0.00 0.00 0
78842 0.00 0.00 0.00 0
78843 0.00 0.00 0.00 0
78844 0.00 0.00 0.00 0
78845 0.00 0.00 0.00 0
78846 0.00 0.00 0.00 0
78847 0.00 0.00 0.00 0
78848 0.00 0.00 0.00 0
78849 0.00 0.00 0.00 0
78850 0.00 0.00 0.00 0
78851 0.00 0.00 0.00 0
78852 0.00 0.00 0.00 0
78853 0.00 0.00 0.00 0
78862 0.00 0.00 0.00 0
78863 0.00 0.00 0.00 0
78864 0.00 0.00 0.00 0
78865 0.00 0.00 0.00 0
78866 0.00 0.00 0.00 0
78867 0.00 0.00 0.00 0
78868 0.00 0.00 0.00 0
83235 0.00 0.00 0.00 0
83236 0.00 0.00 0.00 0
83237 0.00 0.00 0.00 0
83238 0.00 0.00 0.00 0
83239 0.00 0.00 0.00 0
83240 0.00 0.00 0.00 0
83241 0.00 0.00 0.00 0
83242 0.00 0.00 0.00 0
83243 0.00 0.00 0.00 0
83244 0.00 0.00 0.00 0
83245 0.00 0.00 0.00 0
83246 0.00 0.00 0.00 0
83247 0.00 0.00 0.00 0
83248 0.00 0.00 0.00 0
83249 0.00 0.00 0.00 0
83433 0.00 0.00 0.00 0
83434 0.00 0.00 0.00 0
83435 0.00 0.00 0.00 0
83436 0.00 0.00 0.00 0
83437 0.00 0.00 0.00 0
83438 0.00 0.00 0.00 0
83439 0.00 0.00 0.00 0
83440 0.00 0.00 0.00 0
83441 0.00 0.00 0.00 0
83442 0.00 0.00 0.00 0
83443 0.00 0.00 0.00 0
83444 0.00 0.00 0.00 0
83445 0.00 0.00 0.00 0
83446 0.00 0.00 0.00 0
83447 0.00 0.00 0.00 0
83448 0.00 0.00 0.00 0
83449 0.00 0.00 0.00 0
83450 0.00 0.00 0.00 0
83451 0.00 0.00 0.00 0
83452 0.00 0.00 0.00 0
83453 0.00 0.00 0.00 0
83454 0.00 0.00 0.00 0
83455 0.00 0.00 0.00 0
83456 0.00 0.00 0.00 0
83457 0.00 0.00 0.00 0
83458 0.00 0.00 0.00 0
83459 0.00 0.00 0.00 0
83460 0.00 0.00 0.00 0
83461 0.00 0.00 0.00 0
83462 0.00 0.00 0.00 0
83463 0.00 0.00 0.00 0
83464 0.00 0.00 0.00 0
83465 0.00 0.00 0.00 0
83466 0.00 0.00 0.00 0
83467 0.00 0.00 0.00 0
83468 0.00 0.00 0.00 0
83469 0.00 0.00 0.00 0
83470 0.00 0.00 0.00 0
83471 0.00 0.00 0.00 0
83472 0.00 0.00 0.00 0
83473 0.00 0.00 0.00 0
83474 0.00 0.00 0.00 0
83476 0.00 0.00 0.00 0
83477 0.00 0.00 0.00 0
83478 0.00 0.00 0.00 0
83479 0.00 0.00 0.00 0
83480 0.00 0.00 0.00 0
83481 0.00 0.00 0.00 0
83482 0.00 0.00 0.00 0
83483 0.00 0.00 0.00 0
83484 0.00 0.00 0.00 0
83485 0.00 0.00 0.00 0
83486 0.00 0.00 0.00 0
83487 0.00 0.00 0.00 0
83488 0.00 0.00 0.00 0
83489 0.00 0.00 0.00 0
83490 0.00 0.00 0.00 0
83491 0.00 0.00 0.00 0
83492 0.00 0.00 0.00 0
83493 0.00 0.00 0.00 0
83494 0.00 0.00 0.00 0
83495 0.00 0.00 0.00 0
83496 0.00 0.00 0.00 0
83497 0.00 0.00 0.00 0
83498 0.00 0.00 0.00 0
83499 0.00 0.00 0.00 0
83500 0.00 0.00 0.00 0
83501 0.00 0.00 0.00 0
83502 0.00 0.00 0.00 0
83503 0.00 0.00 0.00 0
83504 0.00 0.00 0.00 0
83505 0.00 0.00 0.00 0
83506 0.00 0.00 0.00 0
83507 0.00 0.00 0.00 0
83508 0.00 0.00 0.00 0
83509 0.00 0.00 0.00 0
83510 0.00 0.00 0.00 0
83511 0.00 0.00 0.00 0
83512 0.00 0.00 0.00 0
83513 0.00 0.00 0.00 0
83514 0.00 0.00 0.00 0
83515 0.00 0.00 0.00 0
83516 0.00 0.00 0.00 0
83517 0.00 0.00 0.00 0
83518 0.00 0.00 0.00 0
83519 0.00 0.00 0.00 0
83527 0.00 0.00 0.00 0
83528 0.00 0.00 0.00 0
83529 0.00 0.00 0.00 0
83530 0.00 0.00 0.00 0
83531 0.00 0.00 0.00 0
83532 0.00 0.00 0.00 0
83533 0.00 0.00 0.00 0
83534 0.00 0.00 0.00 0
83535 0.00 0.00 0.00 0
83536 0.00 0.00 0.00 0
83537 0.00 0.00 0.00 0
83538 0.00 0.00 0.00 0
83539 0.00 0.00 0.00 0
83540 0.00 0.00 0.00 0
83541 0.00 0.00 0.00 0
83542 0.00 0.00 0.00 0
83543 0.00 0.00 0.00 0
83544 0.00 0.00 0.00 0
83545 0.00 0.00 0.00 0
83546 0.00 0.00 0.00 0
83547 0.00 0.00 0.00 0
83548 0.00 0.00 0.00 0
83549 0.00 0.00 0.00 0
83550 0.00 0.00 0.00 0
83551 0.00 0.00 0.00 0
83552 0.00 0.00 0.00 0
83553 0.00 0.00 0.00 0
83554 0.00 0.00 0.00 0
83555 0.00 0.00 0.00 0
83556 0.00 0.00 0.00 0
83557 0.00 0.00 0.00 0
83558 0.00 0.00 0.00 0
83559 0.00 0.00 0.00 0
83560 0.00 0.00 0.00 0
83561 0.00 0.00 0.00 0
83562 0.00 0.00 0.00 0
83563 0.00 0.00 0.00 0
83564 0.00 0.00 0.00 0
83565 0.00 0.00 0.00 0
83566 0.00 0.00 0.00 0
83567 0.00 0.00 0.00 0
83568 0.00 0.00 0.00 0
83569 0.00 0.00 0.00 0
83570 0.00 0.00 0.00 0
83571 0.00 0.00 0.00 0
83572 0.00 0.00 0.00 0
83573 0.00 0.00 0.00 0
83574 0.00 0.00 0.00 0
83575 0.00 0.00 0.00 0
83576 0.00 0.00 0.00 0
83577 0.00 0.00 0.00 0
83578 0.00 0.00 0.00 0
83579 0.00 0.00 0.00 0
83580 0.00 0.00 0.00 0
83581 0.00 0.00 0.00 0
83582 0.00 0.00 0.00 0
83583 0.00 0.00 0.00 0
83584 0.00 0.00 0.00 0
83585 0.00 0.00 0.00 0
83586 0.00 0.00 0.00 0
83587 0.00 0.00 0.00 0
83588 0.00 0.00 0.00 0
83589 0.00 0.00 0.00 0
83590 0.00 0.00 0.00 0
83591 0.00 0.00 0.00 0
83592 0.00 0.00 0.00 0
83593 0.00 0.00 0.00 0
83594 0.00 0.00 0.00 0
83595 0.00 0.00 0.00 0
83596 0.00 0.00 0.00 0
83597 0.00 0.00 0.00 0
83598 0.00 0.00 0.00 0
83599 0.00 0.00 0.00 0
83600 0.00 0.00 0.00 0
83601 0.00 0.00 0.00 0
83602 0.00 0.00 0.00 0
83603 0.00 0.00 0.00 0
83604 0.00 0.00 0.00 0
83605 0.00 0.00 0.00 0
83606 0.00 0.00 0.00 0
83607 0.00 0.00 0.00 0
83608 0.00 0.00 0.00 0
83609 0.00 0.00 0.00 0
83610 0.00 0.00 0.00 0
83611 0.00 0.00 0.00 0
83612 0.00 0.00 0.00 0
83613 0.00 0.00 0.00 0
83614 0.00 0.00 0.00 0
83615 0.00 0.00 0.00 0
83616 0.00 0.00 0.00 0
83617 0.00 0.00 0.00 0
83618 0.00 0.00 0.00 0
83619 0.00 0.00 0.00 0
83620 0.00 0.00 0.00 0
83621 0.00 0.00 0.00 0
83622 0.00 0.00 0.00 0
83623 0.00 0.00 0.00 0
83624 0.00 0.00 0.00 0
83625 0.00 0.00 0.00 0
83626 0.00 0.00 0.00 0
83627 0.00 0.00 0.00 0
83628 0.00 0.00 0.00 0
83629 0.00 0.00 0.00 0
83630 0.00 0.00 0.00 0
83631 0.00 0.00 0.00 0
83632 0.00 0.00 0.00 0
83633 0.00 0.00 0.00 0
83634 0.00 0.00 0.00 0
83635 0.00 0.00 0.00 0
83636 0.00 0.00 0.00 0
83637 0.00 0.00 0.00 0
83638 0.00 0.00 0.00 0
83639 0.00 0.00 0.00 0
83640 0.00 0.00 0.00 0
83641 0.00 0.00 0.00 0
83642 0.00 0.00 0.00 0
88740 0.00 0.00 0.00 0
88741 0.00 0.00 0.00 0
88742 0.00 0.00 0.00 0
92708 0.00 0.00 0.00 0
92709 0.00 0.00 0.00 0
92710 0.00 0.00 0.00 0
92711 0.00 0.00 0.00 0
92712 0.00 0.00 0.00 0
93788 0.00 0.00 0.00 0
93789 0.00 0.00 0.00 0
93790 0.00 0.00 0.00 0
93791 0.00 0.00 0.00 0
95246 0.00 0.00 0.00 0
95247 0.00 0.00 0.00 0
95248 0.00 0.00 0.00 0
95249 0.00 0.00 0.00 0
95250 0.00 0.00 0.00 0
95259 0.00 0.00 0.00 0
96173 0.00 0.00 0.00 0
96174 0.00 0.00 0.00 0
96175 0.00 0.00 0.00 0
96176 0.00 0.00 0.00 0
96177 0.00 0.00 0.00 0
96178 0.00 0.00 0.00 0
96179 0.00 0.00 0.00 0
96180 0.00 0.00 0.00 0
96181 0.00 0.00 0.00 0
96182 0.00 0.00 0.00 0
96183 0.00 0.00 0.00 0
96184 0.00 0.00 0.00 0
96185 0.00 0.00 0.00 0
96186 0.00 0.00 0.00 0
96187 0.00 0.00 0.00 0
96188 0.00 0.00 0.00 0
96189 0.00 0.00 0.00 0
96190 0.00 0.00 0.00 0
96191 0.00 0.00 0.00 0
96192 0.00 0.00 0.00 0
96193 0.00 0.00 0.00 0
96194 0.00 0.00 0.00 0
96195 0.00 0.00 0.00 0
96196 0.00 0.00 0.00 0
96197 0.00 0.00 0.00 0
96198 0.00 0.00 0.00 0
96199 0.00 0.00 0.00 0
96200 0.00 0.00 0.00 0
96201 0.00 0.00 0.00 0
96202 0.00 0.00 0.00 0
96203 0.00 0.00 0.00 0
96204 0.00 0.00 0.00 0
96205 0.00 0.00 0.00 0
96206 0.00 0.00 0.00 0
96207 0.00 0.00 0.00 0
96208 0.00 0.00 0.00 0
96209 0.00 0.00 0.00 0
96210 0.00 0.00 0.00 0
96211 0.00 0.00 0.00 0
96212 0.00 0.00 0.00 0
96213 0.00 0.00 0.00 0
96214 0.00 0.00 0.00 0
96215 0.00 0.00 0.00 0
96216 0.00 0.00 0.00 0
96217 0.00 0.00 0.00 0
97231 0.00 0.00 0.00 0
97232 0.00 0.00 0.00 0
97233 0.00 0.00 0.00 0
98108 0.00 0.00 0.00 0
98109 0.00 0.00 0.00 0
98110 0.00 0.00 0.00 0
98111 0.00 0.00 0.00 0
98112 0.00 0.00 0.00 0
98113 0.00 0.00 0.00 0
98114 0.00 0.00 0.00 0
98115 0.00 0.00 0.00 0
98116 0.00 0.00 0.00 0
98117 0.00 0.00 0.00 0
98118 0.00 0.00 0.00 0
98119 0.00 0.00 0.00 0
99566 0.00 0.00 0.00 0
99567 0.00 0.00 0.00 0
99568 0.00 0.00 0.00 0
99569 0.00 0.00 0.00 0
99570 0.00 0.00 0.00 0
99571 0.00 0.00 0.00 0
99572 0.00 0.00 0.00 0
99573 0.00 0.00 0.00 0
99574 0.00 0.00 0.00 0
99575 0.00 0.00 0.00 0
100503 0.00 0.00 0.00 0
100504 0.00 0.00 0.00 0
100505 0.00 0.00 0.00 0
100506 0.00 0.00 0.00 0
100507 0.00 0.00 0.00 0
100508 0.00 0.00 0.00 0
100509 0.00 0.00 0.00 0
100510 0.00 0.00 0.00 0
100511 0.00 0.00 0.00 0
100517 0.00 0.00 0.00 0
100518 0.00 0.00 0.00 0
100519 0.00 0.00 0.00 0
100520 0.00 0.00 0.00 0
100521 0.00 0.00 0.00 0
100522 0.00 0.00 0.00 0
100523 0.00 0.00 0.00 0
100524 0.00 0.00 0.00 0
100525 0.00 0.00 0.00 0
100526 0.00 0.00 0.00 0
100527 0.00 0.00 0.00 0
100528 0.00 0.00 0.00 0
100529 0.00 0.00 0.00 0
100530 0.00 0.00 0.00 0
100531 0.00 0.00 0.00 0
100532 0.00 0.00 0.00 0
100533 0.00 0.00 0.00 0
100534 0.00 0.00 0.00 0
100535 0.00 0.00 0.00 0
100536 0.00 0.00 0.00 0
100537 0.00 0.00 0.00 0
100538 0.00 0.00 0.00 0
101551 0.00 0.00 0.00 0
101552 0.00 0.00 0.00 0
101554 0.00 0.00 0.00 0
101555 0.00 0.00 0.00 0
102806 0.00 0.00 0.00 0
102807 0.00 0.00 0.00 0
102808 0.00 0.00 0.00 0
102809 0.00 0.00 0.00 0
102810 0.00 0.00 0.00 0
103751 0.00 0.00 0.00 0
107180 0.00 0.00 0.00 0
107181 0.00 0.00 0.00 0
107182 0.00 0.00 0.00 0
107183 0.00 0.00 0.00 0
107185 0.00 0.00 0.00 0
107186 0.00 0.00 0.00 0
107187 0.00 0.00 0.00 0
107188 0.00 0.00 0.00 0
107189 0.00 0.00 0.00 0
107190 0.00 0.00 0.00 0
107191 0.00 0.00 0.00 0
107192 0.00 0.00 0.00 0
107193 0.00 0.00 0.00 0
107194 0.00 0.00 0.00 0
107195 0.00 0.00 0.00 0
107196 0.00 0.00 0.00 0
107197 0.00 0.00 0.00 0
107203 0.00 0.00 0.00 0
107204 0.00 0.00 0.00 0
107205 0.00 0.00 0.00 0
107206 0.00 0.00 0.00 0
107207 0.00 0.00 0.00 0
107208 0.00 0.00 0.00 0
107209 0.00 0.00 0.00 0
107210 0.00 0.00 0.00 0
107211 0.00 0.00 0.00 0
107212 0.00 0.00 0.00 0
107213 0.00 0.00 0.00 0
107221 0.00 0.00 0.00 0
107222 0.00 0.00 0.00 0
107223 0.00 0.00 0.00 0
109838 0.00 0.00 0.00 0
109839 0.00 0.00 0.00 0
109845 0.00 0.00 0.00 0
109846 0.00 0.00 0.00 0
109847 0.00 0.00 0.00 0
109848 0.00 0.00 0.00 0
109849 0.00 0.00 0.00 0
109850 0.00 0.00 0.00 0
109851 0.00 0.00 0.00 0
109852 0.00 0.00 0.00 0
109853 0.00 0.00 0.00 0
109963 0.00 0.00 0.00 0
109965 0.00 0.00 0.00 0
109966 0.00 0.00 0.00 0
109967 0.00 0.00 0.00 0
109968 0.00 0.00 0.00 0
109969 0.00 0.00 0.00 0
109970 0.00 0.00 0.00 0
109971 0.00 0.00 0.00 0
109972 0.00 0.00 0.00 0
109973 0.00 0.00 0.00 0
109974 0.00 0.00 0.00 0
109975 0.00 0.00 0.00 0
109976 0.00 0.00 0.00 0
109977 0.00 0.00 0.00 0
109978 0.00 0.00 0.00 0
109979 0.00 0.00 0.00 0
109980 0.00 0.00 0.00 0
109981 0.00 0.00 0.00 0
109982 0.00 0.00 0.00 0
109983 0.00 0.00 0.00 0
109984 0.00 0.00 0.00 0
109985 0.00 0.00 0.00 0
109986 0.00 0.00 0.00 0
109987 0.00 0.00 0.00 0
109988 0.00 0.00 0.00 0
109989 0.00 0.00 0.00 0
109990 0.00 0.00 0.00 0
109991 0.00 0.00 0.00 0
109992 0.00 0.00 0.00 0
109993 0.00 0.00 0.00 0
109994 0.00 0.00 0.00 0
109995 0.00 0.00 0.00 0
109996 0.00 0.00 0.00 0
109997 0.00 0.00 0.00 0
109998 0.00 0.00 0.00 0
109999 0.00 0.00 0.00 0
110000 0.00 0.00 0.00 0
110001 0.00 0.00 0.00 0
110002 0.00 0.00 0.00 0
110003 0.00 0.00 0.00 0
110004 0.00 0.00 0.00 0
110005 0.00 0.00 0.00 0
110006 0.00 0.00 0.00 0
110007 0.00 0.00 0.00 0
110008 0.00 0.00 0.00 0
110009 0.00 0.00 0.00 0
110010 0.00 0.00 0.00 0
110011 0.00 0.00 0.00 0
110012 0.00 0.00 0.00 0
110013 0.00 0.00 0.00 0
110014 0.00 0.00 0.00 0
110015 0.00 0.00 0.00 0
110019 0.00 0.00 0.00 0
110020 0.00 0.00 0.00 0
110021 0.00 0.00 0.00 0
110022 0.00 0.00 0.00 0
110023 0.00 0.00 0.00 0
110024 0.00 0.00 0.00 0
110025 0.00 0.00 0.00 0
110026 0.00 0.00 0.00 0
110027 0.00 0.00 0.00 0
110028 0.00 0.00 0.00 0
110029 0.00 0.00 0.00 0
110030 0.00 0.00 0.00 0
110031 0.00 0.00 0.00 0
110032 0.00 0.00 0.00 0
110033 0.00 0.00 0.00 0
110034 0.00 0.00 0.00 0
110035 0.00 0.00 0.00 0
110036 0.00 0.00 0.00 0
110037 0.00 0.00 0.00 0
110038 0.00 0.00 0.00 0
110039 0.00 0.00 0.00 0
110040 0.00 0.00 0.00 0
110041 0.00 0.00 0.00 0
110042 0.00 0.00 0.00 0
110043 0.00 0.00 0.00 0
110044 0.00 0.00 0.00 0
110045 0.00 0.00 0.00 0
110046 0.00 0.00 0.00 0
110047 0.00 0.00 0.00 0
110048 0.00 0.00 0.00 0
110049 0.00 0.00 0.00 0
110050 0.00 0.00 0.00 0
110051 0.00 0.00 0.00 0
110052 0.00 0.00 0.00 0
110053 0.00 0.00 0.00 0
110054 0.00 0.00 0.00 0
110055 0.00 0.00 0.00 0
110056 0.00 0.00 0.00 0
110057 0.00 0.00 0.00 0
110058 0.00 0.00 0.00 0
110059 0.00 0.00 0.00 0
110060 0.00 0.00 0.00 0
110061 0.00 0.00 0.00 0
110062 0.00 0.00 0.00 0
110063 0.00 0.00 0.00 0
110064 0.00 0.00 0.00 0
110065 0.00 0.00 0.00 0
110066 0.00 0.00 0.00 0
110067 0.00 0.00 0.00 0
110068 0.00 0.00 0.00 0
110069 0.00 0.00 0.00 0
110070 0.00 0.00 0.00 0
110071 0.00 0.00 0.00 0
110072 0.00 0.00 0.00 0
110073 0.00 0.00 0.00 0
110074 0.00 0.00 0.00 0
110075 0.00 0.00 0.00 0
110076 0.00 0.00 0.00 0
110077 0.00 0.00 0.00 0
110078 0.00 0.00 0.00 0
110079 0.00 0.00 0.00 0
110080 0.00 0.00 0.00 0
110081 0.00 0.00 0.00 0
110082 0.00 0.00 0.00 0
110083 0.00 0.00 0.00 0
110084 0.00 0.00 0.00 0
110085 0.00 0.00 0.00 0
110086 0.00 0.00 0.00 0
110087 0.00 0.00 0.00 0
115346 0.00 0.00 0.00 0
115347 0.00 0.00 0.00 0
115348 0.00 0.00 0.00 0
115349 0.00 0.00 0.00 0
115350 0.00 0.00 0.00 0
115351 0.00 0.00 0.00 0
115352 0.00 0.00 0.00 0
115353 0.00 0.00 0.00 0
115354 0.00 0.00 0.00 0
115355 0.00 0.00 0.00 0
115356 0.00 0.00 0.00 0
116480 0.00 0.00 0.00 0
116481 0.00 0.00 0.00 0
116482 0.00 0.00 0.00 0
116483 0.00 0.00 0.00 0
116484 0.00 0.00 0.00 0
116485 0.00 0.00 0.00 0
116486 0.00 0.00 0.00 0
116487 0.00 0.00 0.00 0
116488 0.00 0.00 0.00 0
116489 0.00 0.00 0.00 0
116490 0.00 0.00 0.00 0
117214 0.00 0.00 0.00 0
117215 0.00 0.00 0.00 0
117224 0.00 0.00 0.00 0
117225 0.00 0.00 0.00 0
117226 0.00 0.00 0.00 0
117227 0.00 0.00 0.00 0
117228 0.00 0.00 0.00 0
117229 0.00 0.00 0.00 0
117230 0.00 0.00 0.00 0
119000 0.00 0.00 0.00 0
119001 0.00 0.00 0.00 0
119002 0.00 0.00 0.00 0
119003 0.00 0.00 0.00 0
119005 0.00 0.00 0.00 0
122402 0.00 0.00 0.00 0
122403 0.00 0.00 0.00 0
122404 0.00 0.00 0.00 0
122405 0.00 0.00 0.00 0
122406 0.00 0.00 0.00 0
122407 0.00 0.00 0.00 0
122408 0.00 0.00 0.00 0
122409 0.00 0.00 0.00 0
122410 0.00 0.00 0.00 0
122411 0.00 0.00 0.00 0
122412 0.00 0.00 0.00 0
122413 0.00 0.00 0.00 0
122414 0.00 0.00 0.00 0
122415 0.00 0.00 0.00 0
122416 0.00 0.00 0.00 0
122417 0.00 0.00 0.00 0
122422 0.00 0.00 0.00 0
122423 0.00 0.00 0.00 0
122424 0.00 0.00 0.00 0
122425 0.00 0.00 0.00 0
122426 0.00 0.00 0.00 0
122427 0.00 0.00 0.00 0
122429 0.00 0.00 0.00 0
122430 0.00 0.00 0.00 0
124471 0.00 0.00 0.00 0
124472 0.00 0.00 0.00 0
124473 0.00 0.00 0.00 0
124474 0.00 0.00 0.00 0
124475 0.00 0.00 0.00 0
124477 0.00 0.00 0.00 0
124478 0.00 0.00 0.00 0
124479 0.00 0.00 0.00 0
124480 0.00 0.00 0.00 0
124481 0.00 0.00 0.00 0
124564 0.00 0.00 0.00 0
124565 0.00 0.00 0.00 0
124566 0.00 0.00 0.00 0
124567 0.00 0.00 0.00 0
124568 0.00 0.00 0.00 0
124569 0.00 0.00 0.00 0
124570 0.00 0.00 0.00 0
124571 0.00 0.00 0.00 0
124572 0.00 0.00 0.00 0
124573 0.00 0.00 0.00 0
124574 0.00 0.00 0.00 0
124575 0.00 0.00 0.00 0
124576 0.00 0.00 0.00 0
124577 0.00 0.00 0.00 0
124578 0.00 0.00 0.00 0
124579 0.00 0.00 0.00 0
124580 0.00 0.00 0.00 0
124581 0.00 0.00 0.00 0
124582 0.00 0.00 0.00 0
124583 0.00 0.00 0.00 0
124584 0.00 0.00 0.00 0
124585 0.00 0.00 0.00 0
124586 0.00 0.00 0.00 0
124587 0.00 0.00 0.00 0
124588 0.00 0.00 0.00 0
124589 0.00 0.00 0.00 0
124590 0.00 0.00 0.00 0
124591 0.00 0.00 0.00 0
124592 0.00 0.00 0.00 0
124593 0.00 0.00 0.00 0
124594 0.00 0.00 0.00 0
124595 0.00 0.00 0.00 0
124596 0.00 0.00 0.00 0
124597 0.00 0.00 0.00 0
124598 0.00 0.00 0.00 0
124599 0.00 0.00 0.00 0
124600 0.00 0.00 0.00 0
124601 0.00 0.00 0.00 0
124602 0.00 0.00 0.00 0
124603 0.00 0.00 0.00 0
124604 0.00 0.00 0.00 0
124605 0.00 0.00 0.00 0
124606 0.00 0.00 0.00 0
124607 0.00 0.00 0.00 0
124608 0.00 0.00 0.00 0
124609 0.00 0.00 0.00 0
124610 0.00 0.00 0.00 0
124611 0.00 0.00 0.00 0
124612 0.00 0.00 0.00 0
124613 0.00 0.00 0.00 0
124614 0.00 0.00 0.00 0
124615 0.00 0.00 0.00 0
124616 0.00 0.00 0.00 0
124617 0.00 0.00 0.00 0
124618 0.00 0.00 0.00 0
124619 0.00 0.00 0.00 0
124620 0.00 0.00 0.00 0
124621 0.00 0.00 0.00 0
124622 0.00 0.00 0.00 0
124623 0.00 0.00 0.00 0
124624 0.00 0.00 0.00 0
124625 0.00 0.00 0.00 0
124626 0.00 0.00 0.00 0
124627 0.00 0.00 0.00 0
124628 0.00 0.00 0.00 0
124629 0.00 0.00 0.00 0
124630 0.00 0.00 0.00 0
124631 0.00 0.00 0.00 0
124632 0.00 0.00 0.00 0
124633 0.00 0.00 0.00 0
124634 0.00 0.00 0.00 0
124635 0.00 0.00 0.00 0
124636 0.00 0.00 0.00 0
124637 0.00 0.00 0.00 0
124638 0.00 0.00 0.00 0
124639 0.00 0.00 0.00 0
124640 0.00 0.00 0.00 0
124641 0.00 0.00 0.00 0
124642 0.00 0.00 0.00 0
124643 0.00 0.00 0.00 0
124644 0.00 0.00 0.00 0
124645 0.00 0.00 0.00 0
124646 0.00 0.00 0.00 0
124647 0.00 0.00 0.00 0
124648 0.00 0.00 0.00 0
124649 0.00 0.00 0.00 0
124650 0.00 0.00 0.00 0
124651 0.00 0.00 0.00 0
124652 0.00 0.00 0.00 0
124653 0.00 0.00 0.00 0
124654 0.00 0.00 0.00 0
124655 0.00 0.00 0.00 0
124656 0.00 0.00 0.00 0
124657 0.00 0.00 0.00 0
124658 0.00 0.00 0.00 0
124659 0.00 0.00 0.00 0
124660 0.00 0.00 0.00 0
124661 0.00 0.00 0.00 0
124662 0.00 0.00 0.00 0
124663 0.00 0.00 0.00 0
127033 0.00 0.00 0.00 0
127034 0.00 0.00 0.00 0
127035 0.00 0.00 0.00 0
127038 0.00 0.00 0.00 0
129038 0.00 0.00 0.00 0
129039 0.00 0.00 0.00 0
129040 0.00 0.00 0.00 0
129041 0.00 0.00 0.00 0
129042 0.00 0.00 0.00 0
129043 0.00 0.00 0.00 0
129044 0.00 0.00 0.00 0
129049 0.00 0.00 0.00 0
129050 0.00 0.00 0.00 0
129051 0.00 0.00 0.00 0
129052 0.00 0.00 0.00 0
129053 0.00 0.00 0.00 0
129054 0.00 0.00 0.00 0
129055 0.00 0.00 0.00 0
132116 0.00 0.00 0.00 0
132117 0.00 0.00 0.00 0
132118 0.00 0.00 0.00 0
132119 0.00 0.00 0.00 0
132120 0.00 0.00 0.00 0
132121 0.00 0.00 0.00 0
132122 0.00 0.00 0.00 0
132123 0.00 0.00 0.00 0
132124 0.00 0.00 0.00 0
132127 0.00 0.00 0.00 0
132128 0.00 0.00 0.00 0
132129 0.00 0.00 0.00 0
132130 0.00 0.00 0.00 0
132131 0.00 0.00 0.00 0
132132 0.00 0.00 0.00 0
132133 0.00 0.00 0.00 0
132137 0.00 0.00 0.00 0
134090 0.00 0.00 0.00 0
134091 0.00 0.00 0.00 0
134092 0.00 0.00 0.00 0
134093 0.00 0.00 0.00 0
134096 0.00 0.00 0.00 0
134097 0.00 0.00 0.00 0
134098 0.00 0.00 0.00 0
134099 0.00 0.00 0.00 0
134100 0.00 0.00 0.00 0
134101 0.00 0.00 0.00 0
134102 0.00 0.00 0.00 0
134103 0.00 0.00 0.00 0
134104 0.00 0.00 0.00 0
134105 0.00 0.00 0.00 0
134106 0.00 0.00 0.00 0
134107 0.00 0.00 0.00 0
134108 0.00 0.00 0.00 0
134109 0.00 0.00 0.00 0
134110 0.00 0.00 0.00 0
134111 0.00 0.00 0.00 0
134113 0.00 0.00 0.00 0
134115 0.00 0.00 0.00 0
134116 0.00 0.00 0.00 0
134118 0.00 0.00 0.00 0
134119 0.00 0.00 0.00 0
134120 0.00 0.00 0.00 0
134121 0.00 0.00 0.00 0
134122 0.00 0.00 0.00 0
134126 0.00 0.00 0.00 0
134127 0.00 0.00 0.00 0
134128 0.00 0.00 0.00 0
134129 0.00 0.00 0.00 0
134130 0.00 0.00 0.00 0
134131 0.00 0.00 0.00 0
134132 0.00 0.00 0.00 0
134133 0.00 0.00 0.00 0
134134 0.00 0.00 0.00 0
134135 0.00 0.00 0.00 0
134136 0.00 0.00 0.00 0
134137 0.00 0.00 0.00 0
134138 0.00 0.00 0.00 0
134139 0.00 0.00 0.00 0
134140 0.00 0.00 0.00 0
134141 0.00 0.00 0.00 0
134142 0.00 0.00 0.00 0
134143 0.00 0.00 0.00 0
134144 0.00 0.00 0.00 0
134145 0.00 0.00 0.00 0
134146 0.00 0.00 0.00 0
134147 0.00 0.00 0.00 0
134148 0.00 0.00 0.00 0
134149 0.00 0.00 0.00 0
134150 0.00 0.00 0.00 0
134151 0.00 0.00 0.00 0
134152 0.00 0.00 0.00 0
134153 0.00 0.00 0.00 0
134154 0.00 0.00 0.00 0
134155 0.00 0.00 0.00 0
134156 0.00 0.00 0.00 0
134157 0.00 0.00 0.00 0
134158 0.00 0.00 0.00 0
134159 0.00 0.00 0.00 0
134160 0.00 0.00 0.00 0
134161 0.00 0.00 0.00 0
134162 0.00 0.00 0.00 0
134163 0.00 0.00 0.00 0
134164 0.00 0.00 0.00 0
134165 0.00 0.00 0.00 0
134166 0.00 0.00 0.00 0
134167 0.00 0.00 0.00 0
136306 0.00 0.00 0.00 0
136307 0.00 0.00 0.00 0
136308 0.00 0.00 0.00 0
136309 0.00 0.00 0.00 0
136310 0.00 0.00 0.00 0
136311 0.00 0.00 0.00 0
136312 0.00 0.00 0.00 0
138914 0.00 0.00 0.00 0
138915 0.00 0.00 0.00 0
138916 0.00 0.00 0.00 0
138917 0.00 0.00 0.00 0
138918 0.00 0.00 0.00 0
138919 0.00 0.00 0.00 0
138920 0.00 0.00 0.00 0
138921 0.00 0.00 0.00 0
138922 0.00 0.00 0.00 0
138925 0.00 0.00 0.00 0
138943 0.00 0.00 0.00 0
140819 0.00 0.00 0.00 0
140821 0.00 0.00 0.00 0
140822 0.00 0.00 0.00 0
140829 0.00 0.00 0.00 0
140830 0.00 0.00 0.00 0
140831 0.00 0.00 0.00 0
140832 0.00 0.00 0.00 0
140833 0.00 0.00 0.00 0
140834 0.00 0.00 0.00 0
140836 0.00 0.00 0.00 0
140837 0.00 0.00 0.00 0
140859 0.00 0.00 0.00 0
140860 0.00 0.00 0.00 0
140861 0.00 0.00 0.00 0
140862 0.00 0.00 0.00 0
140863 0.00 0.00 0.00 0
147782 0.00 0.00 0.00 0
147784 0.00 0.00 0.00 0
147785 0.00 0.00 0.00 0
147786 0.00 0.00 0.00 0
147787 0.00 0.00 0.00 0
147788 0.00 0.00 0.00 0
147789 0.00 0.00 0.00 0
147790 0.00 0.00 0.00 0
147791 0.00 0.00 0.00 0
147792 0.00 0.00 0.00 0
147793 0.00 0.00 0.00 0
147796 0.00 0.00 0.00 0
147797 0.00 0.00 0.00 0
147798 0.00 0.00 0.00 0
147799 0.00 0.00 0.00 0
147800 0.00 0.00 0.00 0
147801 0.00 0.00 0.00 0
147802 0.00 0.00 0.00 0
147803 0.00 0.00 0.00 0
147804 0.00 0.00 0.00 0
147805 0.00 0.00 0.00 0
147806 0.00 0.00 0.00 0
147807 0.00 0.00 0.00 0
147808 0.00 0.00 0.00 0
147809 0.00 0.00 0.00 0
147810 0.00 0.00 0.00 0
147811 0.00 0.00 0.00 0
147812 0.00 0.00 0.00 0
147813 0.00 0.00 0.00 0
147814 0.00 0.00 0.00 0
147815 0.00 0.00 0.00 0
147816 0.00 0.00 0.00 0
147817 0.00 0.00 0.00 0
147818 0.00 0.00 0.00 0
147819 0.00 0.00 0.00 0
147820 0.00 0.00 0.00 0
147826 0.00 0.00 0.00 0
147827 0.00 0.00 0.00 0
147828 0.00 0.00 0.00 0
147829 0.00 0.00 0.00 0
147830 0.00 0.00 0.00 0
147831 0.00 0.00 0.00 0
147834 0.00 0.00 0.00 0
147839 0.00 0.00 0.00 0
147840 0.00 0.00 0.00 0
147841 0.00 0.00 0.00 0
147842 0.00 0.00 0.00 0
147843 0.00 0.00 0.00 0
147844 0.00 0.00 0.00 0
147845 0.00 0.00 0.00 0
147847 0.00 0.00 0.00 0
147848 0.00 0.00 0.00 0
147849 0.00 0.00 0.00 0
147850 0.00 0.00 0.00 0
147851 0.00 0.00 0.00 0
147852 0.00 0.00 0.00 0
147853 0.00 0.00 0.00 0
147854 0.00 0.00 0.00 0
147865 0.00 0.00 0.00 0
147866 0.00 0.00 0.00 0
147867 0.00 0.00 0.00 0
147868 0.00 0.00 0.00 0
147869 0.00 0.00 0.00 0
147870 0.00 0.00 0.00 0
147871 0.00 0.00 0.00 0
147872 0.00 0.00 0.00 0
147921 0.00 0.00 0.00 0
152838 0.00 0.00 0.00 0
152839 0.00 0.00 0.00 0
153129 0.00 0.00 0.00 0
153130 0.00 0.00 0.00 0
153131 0.00 0.00 0.00 0
153132 0.00 0.00 0.00 0
153133 0.00 0.00 0.00 0
153141 0.00 0.00 0.00 0
153142 0.00 0.00 0.00 0
153144 0.00 0.00 0.00 0
153145 0.00 0.00 0.00 0
153146 0.00 0.00 0.00 0
153365 0.00 0.00 0.00 0
153366 0.00 0.00 0.00 0
153367 0.00 0.00 0.00 0
153368 0.00 0.00 0.00 0
153369 0.00 0.00 0.00 0
153370 0.00 0.00 0.00 0
153371 0.00 0.00 0.00 0
153372 0.00 0.00 0.00 0
153373 0.00 0.00 0.00 0
153374 0.00 0.00 0.00 0
153375 0.00 0.00 0.00 0
153376 0.00 0.00 0.00 0
153377 0.00 0.00 0.00 0
153378 0.00 0.00 0.00 0
153379 0.00 0.00 0.00 0
153380 0.00 0.00 0.00 0
153381 0.00 0.00 0.00 0
153382 0.00 0.00 0.00 0
153383 0.00 0.00 0.00 0
153384 0.00 0.00 0.00 0
153385 0.00 0.00 0.00 0
153386 0.00 0.00 0.00 0
153387 0.00 0.00 0.00 0
153388 0.00 0.00 0.00 0
153389 0.00 0.00 0.00 0
153390 0.00 0.00 0.00 0
153391 0.00 0.00 0.00 0
153392 0.00 0.00 0.00 0
153393 0.00 0.00 0.00 0
153394 0.00 0.00 0.00 0
153395 0.00 0.00 0.00 0
153396 0.00 0.00 0.00 0
153397 0.00 0.00 0.00 0
153398 0.00 0.00 0.00 0
153399 0.00 0.00 0.00 0
153400 0.00 0.00 0.00 0
153401 0.00 0.00 0.00 0
153402 0.00 0.00 0.00 0
153403 0.00 0.00 0.00 0
153404 0.00 0.00 0.00 0
153405 0.00 0.00 0.00 0
153406 0.00 0.00 0.00 0
153407 0.00 0.00 0.00 0
153408 0.00 0.00 0.00 0
153409 0.00 0.00 0.00 0
153410 0.00 0.00 0.00 0
153411 0.00 0.00 0.00 0
153412 0.00 0.00 0.00 0
153413 0.00 0.00 0.00 0
153414 0.00 0.00 0.00 0
153415 0.00 0.00 0.00 0
153416 0.00 0.00 0.00 0
153417 0.00 0.00 0.00 0
153418 0.00 0.00 0.00 0
153419 0.00 0.00 0.00 0
153420 0.00 0.00 0.00 0
153421 0.00 0.00 0.00 0
153422 0.00 0.00 0.00 0
153423 0.00 0.00 0.00 0
153424 0.00 0.00 0.00 0
153425 0.00 0.00 0.00 0
153426 0.00 0.00 0.00 0
153427 0.00 0.00 0.00 0
153428 0.00 0.00 0.00 0
153429 0.00 0.00 0.00 0
153430 0.00 0.00 0.00 0
153431 0.00 0.00 0.00 0
153432 0.00 0.00 0.00 0
153433 0.00 0.00 0.00 0
153434 0.00 0.00 0.00 0
153435 0.00 0.00 0.00 0
153436 0.00 0.00 0.00 0
153437 0.00 0.00 0.00 0
153438 0.00 0.00 0.00 0
153439 0.00 0.00 0.00 0
153440 0.00 0.00 0.00 0
153441 0.00 0.00 0.00 0
153442 0.00 0.00 0.00 0
153443 0.00 0.00 0.00 0
153444 0.00 0.00 0.00 0
153445 0.00 0.00 0.00 0
153446 0.00 0.00 0.00 0
153447 0.00 0.00 0.00 0
153448 0.00 0.00 0.00 0
153449 0.00 0.00 0.00 0
153450 0.00 0.00 0.00 0
153451 0.00 0.00 0.00 0
153452 0.00 0.00 0.00 0
153453 0.00 0.00 0.00 0
153454 0.00 0.00 0.00 0
153455 0.00 0.00 0.00 0
153456 0.00 0.00 0.00 0
153457 0.00 0.00 0.00 0
153458 0.00 0.00 0.00 0
153459 0.00 0.00 0.00 0
153460 0.00 0.00 0.00 0
153461 0.00 0.00 0.00 0
153462 0.00 0.00 0.00 0
153463 0.00 0.00 0.00 0
153464 0.00 0.00 0.00 0
153465 0.00 0.00 0.00 0
153466 0.00 0.00 0.00 0
153467 0.00 0.00 0.00 0
153468 0.00 0.00 0.00 0
153469 0.00 0.00 0.00 0
153470 0.00 0.00 0.00 0
153479 0.00 0.00 0.00 0
153480 0.00 0.00 0.00 0
153481 0.00 0.00 0.00 0
153482 0.00 0.00 0.00 0
153483 0.00 0.00 0.00 0
153484 0.00 0.00 0.00 0
153485 0.00 0.00 0.00 0
153486 0.00 0.00 0.00 0
153487 0.00 0.00 0.00 0
153488 0.00 0.00 0.00 0
153489 0.00 0.00 0.00 0
153490 0.00 0.00 0.00 0
153491 0.00 0.00 0.00 0
153492 0.00 0.00 0.00 0
153493 0.00 0.00 0.00 0
153494 0.00 0.00 0.00 0
153495 0.00 0.00 0.00 0
153496 0.00 0.00 0.00 0
153497 0.00 0.00 0.00 0
153498 0.00 0.00 0.00 0
153499 0.00 0.00 0.00 0
153500 0.00 0.00 0.00 0
153501 0.00 0.00 0.00 0
153502 0.00 0.00 0.00 0
153503 0.00 0.00 0.00 0
153504 0.00 0.00 0.00 0
153505 0.00 0.00 0.00 0
153506 0.00 0.00 0.00 0
153507 0.00 0.00 0.00 0
153508 0.00 0.00 0.00 0
153509 0.00 0.00 0.00 0
153510 0.00 0.00 0.00 0
153511 0.00 0.00 0.00 0
153512 0.00 0.00 0.00 0
153513 0.00 0.00 0.00 0
153514 0.00 0.00 0.00 0
153515 0.00 0.00 0.00 0
153516 0.00 0.00 0.00 0
153517 0.00 0.00 0.00 0
153518 0.00 0.00 0.00 0
153519 0.00 0.00 0.00 0
153520 0.00 0.00 0.00 0
153521 0.00 0.00 0.00 0
153522 0.00 0.00 0.00 0
153523 0.00 0.00 0.00 0
153524 0.00 0.00 0.00 0
153525 0.00 0.00 0.00 0
153526 0.00 0.00 0.00 0
153527 0.00 0.00 0.00 0
153528 0.00 0.00 0.00 0
153529 0.00 0.00 0.00 0
153530 0.00 0.00 0.00 0
153531 0.00 0.00 0.00 0
153532 0.00 0.00 0.00 0
153533 0.00 0.00 0.00 0
153534 0.00 0.00 0.00 0
153535 0.00 0.00 0.00 0
153536 0.00 0.00 0.00 0
153537 0.00 0.00 0.00 0
153538 0.00 0.00 0.00 0
153539 0.00 0.00 0.00 0
153540 0.00 0.00 0.00 0
153541 0.00 0.00 0.00 0
153542 0.00 0.00 0.00 0
153543 0.00 0.00 0.00 0
153544 0.00 0.00 0.00 0
153545 0.00 0.00 0.00 0
153546 0.00 0.00 0.00 0
153547 0.00 0.00 0.00 0
153548 0.00 0.00 0.00 0
153549 0.00 0.00 0.00 0
153550 0.00 0.00 0.00 0
153551 0.00 0.00 0.00 0
153552 0.00 0.00 0.00 0
153553 0.00 0.00 0.00 0
153554 0.00 0.00 0.00 0
153555 0.00 0.00 0.00 0
153556 0.00 0.00 0.00 0
153557 0.00 0.00 0.00 0
153558 0.00 0.00 0.00 0
153559 0.00 0.00 0.00 0
153560 0.00 0.00 0.00 0
153561 0.00 0.00 0.00 0
153562 0.00 0.00 0.00 0
153563 0.00 0.00 0.00 0
153564 0.00 0.00 0.00 0
153565 0.00 0.00 0.00 0
153566 0.00 0.00 0.00 0
153567 0.00 0.00 0.00 0
153568 0.00 0.00 0.00 0
153569 0.00 0.00 0.00 0
153570 0.00 0.00 0.00 0
153571 0.00 0.00 0.00 0
153572 0.00 0.00 0.00 0
153573 0.00 0.00 0.00 0
153574 0.00 0.00 0.00 0
153575 0.00 0.00 0.00 0
153576 0.00 0.00 0.00 0
153577 0.00 0.00 0.00 0
153578 0.00 0.00 0.00 0
153579 0.00 0.00 0.00 0
153580 0.00 0.00 0.00 0
153581 0.00 0.00 0.00 0
153582 0.00 0.00 0.00 0
153583 0.00 0.00 0.00 0
153584 0.00 0.00 0.00 0
153585 0.00 0.00 0.00 0
153586 0.00 0.00 0.00 0
153587 0.00 0.00 0.00 0
153588 0.00 0.00 0.00 0
153589 0.00 0.00 0.00 0
153590 0.00 0.00 0.00 0
153591 0.00 0.00 0.00 0
153592 0.00 0.00 0.00 0
153593 0.00 0.00 0.00 0
153594 0.00 0.00 0.00 0
153595 0.00 0.00 0.00 0
153596 0.00 0.00 0.00 0
153597 0.00 0.00 0.00 0
153598 0.00 0.00 0.00 0
153599 0.00 0.00 0.00 0
153600 0.00 0.00 0.00 0
153601 0.00 0.00 0.00 0
153602 0.00 0.00 0.00 0
153603 0.00 0.00 0.00 0
153604 0.00 0.00 0.00 0
153605 0.00 0.00 0.00 0
153606 0.00 0.00 0.00 0
153607 0.00 0.00 0.00 0
153608 0.00 0.00 0.00 0
153609 0.00 0.00 0.00 0
153610 0.00 0.00 0.00 0
153611 0.00 0.00 0.00 0
153612 0.00 0.00 0.00 0
153613 0.00 0.00 0.00 0
153614 0.00 0.00 0.00 0
153615 0.00 0.00 0.00 0
153616 0.00 0.00 0.00 0
153617 0.00 0.00 0.00 0
153620 0.00 0.00 0.00 0
158747 0.00 0.00 0.00 0
158755 0.00 0.00 0.00 0
158756 0.00 0.00 0.00 0
158757 0.00 0.00 0.00 0
158758 0.00 0.00 0.00 0
159739 0.00 0.00 0.00 0
159740 0.00 0.00 0.00 0
159741 0.00 0.00 0.00 0
