# G_and_S_cingul-Ant
2931
26 0.00 0.00 0.00 0
61 0.00 0.00 0.00 0
120 0.00 0.00 0.00 0
263 0.00 0.00 0.00 0
276 0.00 0.00 0.00 0
399 0.00 0.00 0.00 0
453 0.00 0.00 0.00 0
522 0.00 0.00 0.00 0
523 0.00 0.00 0.00 0
524 0.00 0.00 0.00 0
526 0.00 0.00 0.00 0
527 0.00 0.00 0.00 0
754 0.00 0.00 0.00 0
755 0.00 0.00 0.00 0
756 0.00 0.00 0.00 0
906 0.00 0.00 0.00 0
1147 0.00 0.00 0.00 0
1148 0.00 0.00 0.00 0
1149 0.00 0.00 0.00 0
1150 0.00 0.00 0.00 0
1151 0.00 0.00 0.00 0
1152 0.00 0.00 0.00 0
1153 0.00 0.00 0.00 0
1154 0.00 0.00 0.00 0
1161 0.00 0.00 0.00 0
1162 0.00 0.00 0.00 0
1163 0.00 0.00 0.00 0
1479 0.00 0.00 0.00 0
1648 0.00 0.00 0.00 0
1649 0.00 0.00 0.00 0
1893 0.00 0.00 0.00 0
2015 0.00 0.00 0.00 0
2208 0.00 0.00 0.00 0
2209 0.00 0.00 0.00 0
2210 0.00 0.00 0.00 0
2211 0.00 0.00 0.00 0
2212 0.00 0.00 0.00 0
2213 0.00 0.00 0.00 0
2214 0.00 0.00 0.00 0
2215 0.00 0.00 0.00 0
2216 0.00 0.00 0.00 0
2222 0.00 0.00 0.00 0
2223 0.00 0.00 0.00 0
2224 0.00 0.00 0.00 0
2225 0.00 0.00 0.00 0
2226 0.00 0.00 0.00 0
2227 0.00 0.00 0.00 0
2672 0.00 0.00 0.00 0
2673 0.00 0.00 0.00 0
2674 0.00 0.00 0.00 0
2675 0.00 0.00 0.00 0
2676 0.00 0.00 0.00 0
2822 0.00 0.00 0.00 0
2824 0.00 0.00 0.00 0
2826 0.00 0.00 0.00 0
3067 0.00 0.00 0.00 0
3068 0.00 0.00 0.00 0
3069 0.00 0.00 0.00 0
3070 0.00 0.00 0.00 0
3071 0.00 0.00 0.00 0
3072 0.00 0.00 0.00 0
3073 0.00 0.00 0.00 0
3074 0.00 0.00 0.00 0
3424 0.00 0.00 0.00 0
3425 0.00 0.00 0.00 0
3426 0.00 0.00 0.00 0
3706 0.00 0.00 0.00 0
3707 0.00 0.00 0.00 0
3708 0.00 0.00 0.00 0
3709 0.00 0.00 0.00 0
3711 0.00 0.00 0.00 0
4160 0.00 0.00 0.00 0
4161 0.00 0.00 0.00 0
4416 0.00 0.00 0.00 0
4418 0.00 0.00 0.00 0
4882 0.00 0.00 0.00 0
4883 0.00 0.00 0.00 0
4884 0.00 0.00 0.00 0
4885 0.00 0.00 0.00 0
4886 0.00 0.00 0.00 0
4887 0.00 0.00 0.00 0
4888 0.00 0.00 0.00 0
4889 0.00 0.00 0.00 0
4891 0.00 0.00 0.00 0
4892 0.00 0.00 0.00 0
4893 0.00 0.00 0.00 0
4894 0.00 0.00 0.00 0
4895 0.00 0.00 0.00 0
4896 0.00 0.00 0.00 0
4897 0.00 0.00 0.00 0
4898 0.00 0.00 0.00 0
4899 0.00 0.00 0.00 0
4900 0.00 0.00 0.00 0
4901 0.00 0.00 0.00 0
4902 0.00 0.00 0.00 0
4903 0.00 0.00 0.00 0
4904 0.00 0.00 0.00 0
4920 0.00 0.00 0.00 0
4921 0.00 0.00 0.00 0
4922 0.00 0.00 0.00 0
4923 0.00 0.00 0.00 0
4924 0.00 0.00 0.00 0
4925 0.00 0.00 0.00 0
4926 0.00 0.00 0.00 0
4927 0.00 0.00 0.00 0
4928 0.00 0.00 0.00 0
4929 0.00 0.00 0.00 0
4931 0.00 0.00 0.00 0
5966 0.00 0.00 0.00 0
5967 0.00 0.00 0.00 0
5968 0.00 0.00 0.00 0
5969 0.00 0.00 0.00 0
5970 0.00 0.00 0.00 0
6240 0.00 0.00 0.00 0
6673 0.00 0.00 0.00 0
6674 0.00 0.00 0.00 0
6675 0.00 0.00 0.00 0
6676 0.00 0.00 0.00 0
6677 0.00 0.00 0.00 0
6678 0.00 0.00 0.00 0
6679 0.00 0.00 0.00 0
6680 0.00 0.00 0.00 0
6681 0.00 0.00 0.00 0
6682 0.00 0.00 0.00 0
6683 0.00 0.00 0.00 0
6684 0.00 0.00 0.00 0
6685 0.00 0.00 0.00 0
6686 0.00 0.00 0.00 0
6696 0.00 0.00 0.00 0
6697 0.00 0.00 0.00 0
6698 0.00 0.00 0.00 0
6701 0.00 0.00 0.00 0
6702 0.00 0.00 0.00 0
7292 0.00 0.00 0.00 0
7293 0.00 0.00 0.00 0
7686 0.00 0.00 0.00 0
7687 0.00 0.00 0.00 0
7688 0.00 0.00 0.00 0
7689 0.00 0.00 0.00 0
8294 0.00 0.00 0.00 0
8295 0.00 0.00 0.00 0
8616 0.00 0.00 0.00 0
8619 0.00 0.00 0.00 0
8620 0.00 0.00 0.00 0
8621 0.00 0.00 0.00 0
9189 0.00 0.00 0.00 0
9190 0.00 0.00 0.00 0
9191 0.00 0.00 0.00 0
9192 0.00 0.00 0.00 0
9193 0.00 0.00 0.00 0
9194 0.00 0.00 0.00 0
9196 0.00 0.00 0.00 0
9197 0.00 0.00 0.00 0
9198 0.00 0.00 0.00 0
9199 0.00 0.00 0.00 0
9200 0.00 0.00 0.00 0
9201 0.00 0.00 0.00 0
9202 0.00 0.00 0.00 0
9203 0.00 0.00 0.00 0
9204 0.00 0.00 0.00 0
9205 0.00 0.00 0.00 0
9206 0.00 0.00 0.00 0
9207 0.00 0.00 0.00 0
9208 0.00 0.00 0.00 0
9209 0.00 0.00 0.00 0
9210 0.00 0.00 0.00 0
9211 0.00 0.00 0.00 0
9212 0.00 0.00 0.00 0
9221 0.00 0.00 0.00 0
9231 0.00 0.00 0.00 0
9232 0.00 0.00 0.00 0
9233 0.00 0.00 0.00 0
9234 0.00 0.00 0.00 0
9235 0.00 0.00 0.00 0
9236 0.00 0.00 0.00 0
9237 0.00 0.00 0.00 0
9238 0.00 0.00 0.00 0
9239 0.00 0.00 0.00 0
9240 0.00 0.00 0.00 0
9241 0.00 0.00 0.00 0
9242 0.00 0.00 0.00 0
9243 0.00 0.00 0.00 0
9244 0.00 0.00 0.00 0
9245 0.00 0.00 0.00 0
10352 0.00 0.00 0.00 0
10353 0.00 0.00 0.00 0
10354 0.00 0.00 0.00 0
10355 0.00 0.00 0.00 0
10356 0.00 0.00 0.00 0
10502 0.00 0.00 0.00 0
10503 0.00 0.00 0.00 0
10504 0.00 0.00 0.00 0
10505 0.00 0.00 0.00 0
10506 0.00 0.00 0.00 0
10747 0.00 0.00 0.00 0
10748 0.00 0.00 0.00 0
10750 0.00 0.00 0.00 0
10751 0.00 0.00 0.00 0
10752 0.00 0.00 0.00 0
10753 0.00 0.00 0.00 0
10754 0.00 0.00 0.00 0
11105 0.00 0.00 0.00 0
11106 0.00 0.00 0.00 0
11387 0.00 0.00 0.00 0
11388 0.00 0.00 0.00 0
11389 0.00 0.00 0.00 0
11390 0.00 0.00 0.00 0
11391 0.00 0.00 0.00 0
11837 0.00 0.00 0.00 0
11839 0.00 0.00 0.00 0
11840 0.00 0.00 0.00 0
11841 0.00 0.00 0.00 0
12562 0.00 0.00 0.00 0
12563 0.00 0.00 0.00 0
12564 0.00 0.00 0.00 0
12565 0.00 0.00 0.00 0
12566 0.00 0.00 0.00 0
12567 0.00 0.00 0.00 0
12568 0.00 0.00 0.00 0
12569 0.00 0.00 0.00 0
12570 0.00 0.00 0.00 0
12571 0.00 0.00 0.00 0
12572 0.00 0.00 0.00 0
12573 0.00 0.00 0.00 0
12574 0.00 0.00 0.00 0
12575 0.00 0.00 0.00 0
12576 0.00 0.00 0.00 0
12577 0.00 0.00 0.00 0
12578 0.00 0.00 0.00 0
12579 0.00 0.00 0.00 0
12580 0.00 0.00 0.00 0
12581 0.00 0.00 0.00 0
12582 0.00 0.00 0.00 0
12583 0.00 0.00 0.00 0
12584 0.00 0.00 0.00 0
12596 0.00 0.00 0.00 0
12598 0.00 0.00 0.00 0
12599 0.00 0.00 0.00 0
12600 0.00 0.00 0.00 0
12601 0.00 0.00 0.00 0
12602 0.00 0.00 0.00 0
12603 0.00 0.00 0.00 0
12604 0.00 0.00 0.00 0
12605 0.00 0.00 0.00 0
12606 0.00 0.00 0.00 0
12607 0.00 0.00 0.00 0
12608 0.00 0.00 0.00 0
12609 0.00 0.00 0.00 0
13780 0.00 0.00 0.00 0
13782 0.00 0.00 0.00 0
13784 0.00 0.00 0.00 0
13785 0.00 0.00 0.00 0
13786 0.00 0.00 0.00 0
13787 0.00 0.00 0.00 0
13788 0.00 0.00 0.00 0
13789 0.00 0.00 0.00 0
13790 0.00 0.00 0.00 0
13791 0.00 0.00 0.00 0
14237 0.00 0.00 0.00 0
14239 0.00 0.00 0.00 0
14240 0.00 0.00 0.00 0
14241 0.00 0.00 0.00 0
14962 0.00 0.00 0.00 0
14963 0.00 0.00 0.00 0
14964 0.00 0.00 0.00 0
14965 0.00 0.00 0.00 0
14966 0.00 0.00 0.00 0
14967 0.00 0.00 0.00 0
14968 0.00 0.00 0.00 0
14969 0.00 0.00 0.00 0
14971 0.00 0.00 0.00 0
14972 0.00 0.00 0.00 0
14973 0.00 0.00 0.00 0
14974 0.00 0.00 0.00 0
14975 0.00 0.00 0.00 0
14976 0.00 0.00 0.00 0
14977 0.00 0.00 0.00 0
14978 0.00 0.00 0.00 0
14979 0.00 0.00 0.00 0
14980 0.00 0.00 0.00 0
14981 0.00 0.00 0.00 0
14982 0.00 0.00 0.00 0
14983 0.00 0.00 0.00 0
14984 0.00 0.00 0.00 0
15001 0.00 0.00 0.00 0
15007 0.00 0.00 0.00 0
15008 0.00 0.00 0.00 0
16037 0.00 0.00 0.00 0
16038 0.00 0.00 0.00 0
16039 0.00 0.00 0.00 0
16040 0.00 0.00 0.00 0
16041 0.00 0.00 0.00 0
16877 0.00 0.00 0.00 0
16879 0.00 0.00 0.00 0
16881 0.00 0.00 0.00 0
16882 0.00 0.00 0.00 0
16883 0.00 0.00 0.00 0
16884 0.00 0.00 0.00 0
16885 0.00 0.00 0.00 0
16886 0.00 0.00 0.00 0
16887 0.00 0.00 0.00 0
16888 0.00 0.00 0.00 0
16889 0.00 0.00 0.00 0
16891 0.00 0.00 0.00 0
18242 0.00 0.00 0.00 0
18243 0.00 0.00 0.00 0
18244 0.00 0.00 0.00 0
18245 0.00 0.00 0.00 0
18246 0.00 0.00 0.00 0
19003 0.00 0.00 0.00 0
19005 0.00 0.00 0.00 0
19006 0.00 0.00 0.00 0
19007 0.00 0.00 0.00 0
19008 0.00 0.00 0.00 0
19009 0.00 0.00 0.00 0
19011 0.00 0.00 0.00 0
19012 0.00 0.00 0.00 0
19013 0.00 0.00 0.00 0
20410 0.00 0.00 0.00 0
20411 0.00 0.00 0.00 0
20414 0.00 0.00 0.00 0
20415 0.00 0.00 0.00 0
20416 0.00 0.00 0.00 0
20417 0.00 0.00 0.00 0
20418 0.00 0.00 0.00 0
20419 0.00 0.00 0.00 0
20420 0.00 0.00 0.00 0
20421 0.00 0.00 0.00 0
20422 0.00 0.00 0.00 0
20423 0.00 0.00 0.00 0
20424 0.00 0.00 0.00 0
20425 0.00 0.00 0.00 0
20426 0.00 0.00 0.00 0
20427 0.00 0.00 0.00 0
20428 0.00 0.00 0.00 0
20429 0.00 0.00 0.00 0
20433 0.00 0.00 0.00 0
20434 0.00 0.00 0.00 0
20435 0.00 0.00 0.00 0
20436 0.00 0.00 0.00 0
20437 0.00 0.00 0.00 0
20438 0.00 0.00 0.00 0
20439 0.00 0.00 0.00 0
20440 0.00 0.00 0.00 0
20441 0.00 0.00 0.00 0
20442 0.00 0.00 0.00 0
20443 0.00 0.00 0.00 0
20444 0.00 0.00 0.00 0
20445 0.00 0.00 0.00 0
20446 0.00 0.00 0.00 0
20447 0.00 0.00 0.00 0
20448 0.00 0.00 0.00 0
20449 0.00 0.00 0.00 0
20450 0.00 0.00 0.00 0
20451 0.00 0.00 0.00 0
20452 0.00 0.00 0.00 0
20453 0.00 0.00 0.00 0
20454 0.00 0.00 0.00 0
20455 0.00 0.00 0.00 0
20456 0.00 0.00 0.00 0
20457 0.00 0.00 0.00 0
20458 0.00 0.00 0.00 0
20459 0.00 0.00 0.00 0
20460 0.00 0.00 0.00 0
20461 0.00 0.00 0.00 0
20462 0.00 0.00 0.00 0
20463 0.00 0.00 0.00 0
20464 0.00 0.00 0.00 0
20465 0.00 0.00 0.00 0
20466 0.00 0.00 0.00 0
20467 0.00 0.00 0.00 0
20468 0.00 0.00 0.00 0
20469 0.00 0.00 0.00 0
20470 0.00 0.00 0.00 0
20471 0.00 0.00 0.00 0
20472 0.00 0.00 0.00 0
20473 0.00 0.00 0.00 0
20474 0.00 0.00 0.00 0
20520 0.00 0.00 0.00 0
20521 0.00 0.00 0.00 0
20522 0.00 0.00 0.00 0
20523 0.00 0.00 0.00 0
20524 0.00 0.00 0.00 0
20525 0.00 0.00 0.00 0
20526 0.00 0.00 0.00 0
20527 0.00 0.00 0.00 0
20528 0.00 0.00 0.00 0
20529 0.00 0.00 0.00 0
20530 0.00 0.00 0.00 0
20531 0.00 0.00 0.00 0
20532 0.00 0.00 0.00 0
20533 0.00 0.00 0.00 0
20534 0.00 0.00 0.00 0
20535 0.00 0.00 0.00 0
20536 0.00 0.00 0.00 0
20537 0.00 0.00 0.00 0
20538 0.00 0.00 0.00 0
20539 0.00 0.00 0.00 0
20540 0.00 0.00 0.00 0
20541 0.00 0.00 0.00 0
20542 0.00 0.00 0.00 0
20543 0.00 0.00 0.00 0
20544 0.00 0.00 0.00 0
20545 0.00 0.00 0.00 0
20546 0.00 0.00 0.00 0
20547 0.00 0.00 0.00 0
20548 0.00 0.00 0.00 0
20549 0.00 0.00 0.00 0
20550 0.00 0.00 0.00 0
20551 0.00 0.00 0.00 0
20552 0.00 0.00 0.00 0
20553 0.00 0.00 0.00 0
20554 0.00 0.00 0.00 0
20555 0.00 0.00 0.00 0
20556 0.00 0.00 0.00 0
23244 0.00 0.00 0.00 0
23245 0.00 0.00 0.00 0
23246 0.00 0.00 0.00 0
23247 0.00 0.00 0.00 0
23248 0.00 0.00 0.00 0
23249 0.00 0.00 0.00 0
23250 0.00 0.00 0.00 0
23512 0.00 0.00 0.00 0
23514 0.00 0.00 0.00 0
23519 0.00 0.00 0.00 0
23520 0.00 0.00 0.00 0
23953 0.00 0.00 0.00 0
23954 0.00 0.00 0.00 0
23955 0.00 0.00 0.00 0
23956 0.00 0.00 0.00 0
23957 0.00 0.00 0.00 0
23958 0.00 0.00 0.00 0
23959 0.00 0.00 0.00 0
23960 0.00 0.00 0.00 0
23961 0.00 0.00 0.00 0
23962 0.00 0.00 0.00 0
23963 0.00 0.00 0.00 0
23964 0.00 0.00 0.00 0
23965 0.00 0.00 0.00 0
23966 0.00 0.00 0.00 0
24598 0.00 0.00 0.00 0
24599 0.00 0.00 0.00 0
24600 0.00 0.00 0.00 0
25104 0.00 0.00 0.00 0
25105 0.00 0.00 0.00 0
25106 0.00 0.00 0.00 0
25107 0.00 0.00 0.00 0
25108 0.00 0.00 0.00 0
25109 0.00 0.00 0.00 0
25110 0.00 0.00 0.00 0
25111 0.00 0.00 0.00 0
25112 0.00 0.00 0.00 0
25921 0.00 0.00 0.00 0
25922 0.00 0.00 0.00 0
25923 0.00 0.00 0.00 0
27220 0.00 0.00 0.00 0
27221 0.00 0.00 0.00 0
27222 0.00 0.00 0.00 0
27223 0.00 0.00 0.00 0
27224 0.00 0.00 0.00 0
27225 0.00 0.00 0.00 0
27226 0.00 0.00 0.00 0
27227 0.00 0.00 0.00 0
27228 0.00 0.00 0.00 0
27229 0.00 0.00 0.00 0
27230 0.00 0.00 0.00 0
27231 0.00 0.00 0.00 0
27232 0.00 0.00 0.00 0
27233 0.00 0.00 0.00 0
27236 0.00 0.00 0.00 0
27237 0.00 0.00 0.00 0
27238 0.00 0.00 0.00 0
27239 0.00 0.00 0.00 0
27240 0.00 0.00 0.00 0
27241 0.00 0.00 0.00 0
27242 0.00 0.00 0.00 0
27243 0.00 0.00 0.00 0
27244 0.00 0.00 0.00 0
27245 0.00 0.00 0.00 0
27246 0.00 0.00 0.00 0
27247 0.00 0.00 0.00 0
27248 0.00 0.00 0.00 0
27249 0.00 0.00 0.00 0
27250 0.00 0.00 0.00 0
27251 0.00 0.00 0.00 0
27252 0.00 0.00 0.00 0
27253 0.00 0.00 0.00 0
27254 0.00 0.00 0.00 0
27255 0.00 0.00 0.00 0
27256 0.00 0.00 0.00 0
27257 0.00 0.00 0.00 0
27258 0.00 0.00 0.00 0
27259 0.00 0.00 0.00 0
27260 0.00 0.00 0.00 0
27287 0.00 0.00 0.00 0
27288 0.00 0.00 0.00 0
27289 0.00 0.00 0.00 0
27290 0.00 0.00 0.00 0
27291 0.00 0.00 0.00 0
27292 0.00 0.00 0.00 0
27293 0.00 0.00 0.00 0
27294 0.00 0.00 0.00 0
27295 0.00 0.00 0.00 0
27296 0.00 0.00 0.00 0
27297 0.00 0.00 0.00 0
27298 0.00 0.00 0.00 0
27299 0.00 0.00 0.00 0
27300 0.00 0.00 0.00 0
27301 0.00 0.00 0.00 0
27302 0.00 0.00 0.00 0
27303 0.00 0.00 0.00 0
27304 0.00 0.00 0.00 0
27305 0.00 0.00 0.00 0
27307 0.00 0.00 0.00 0
29283 0.00 0.00 0.00 0
29284 0.00 0.00 0.00 0
29285 0.00 0.00 0.00 0
29286 0.00 0.00 0.00 0
29287 0.00 0.00 0.00 0
29288 0.00 0.00 0.00 0
29289 0.00 0.00 0.00 0
29290 0.00 0.00 0.00 0
29291 0.00 0.00 0.00 0
29292 0.00 0.00 0.00 0
29921 0.00 0.00 0.00 0
29922 0.00 0.00 0.00 0
30931 0.00 0.00 0.00 0
30932 0.00 0.00 0.00 0
30933 0.00 0.00 0.00 0
30934 0.00 0.00 0.00 0
30935 0.00 0.00 0.00 0
30936 0.00 0.00 0.00 0
30937 0.00 0.00 0.00 0
30938 0.00 0.00 0.00 0
30939 0.00 0.00 0.00 0
30940 0.00 0.00 0.00 0
30941 0.00 0.00 0.00 0
30942 0.00 0.00 0.00 0
30943 0.00 0.00 0.00 0
30944 0.00 0.00 0.00 0
30945 0.00 0.00 0.00 0
30946 0.00 0.00 0.00 0
30947 0.00 0.00 0.00 0
30948 0.00 0.00 0.00 0
30949 0.00 0.00 0.00 0
30950 0.00 0.00 0.00 0
30951 0.00 0.00 0.00 0
30952 0.00 0.00 0.00 0
30953 0.00 0.00 0.00 0
30954 0.00 0.00 0.00 0
30955 0.00 0.00 0.00 0
30956 0.00 0.00 0.00 0
30957 0.00 0.00 0.00 0
30958 0.00 0.00 0.00 0
30959 0.00 0.00 0.00 0
30960 0.00 0.00 0.00 0
30961 0.00 0.00 0.00 0
30962 0.00 0.00 0.00 0
30984 0.00 0.00 0.00 0
30985 0.00 0.00 0.00 0
30986 0.00 0.00 0.00 0
30987 0.00 0.00 0.00 0
30988 0.00 0.00 0.00 0
30991 0.00 0.00 0.00 0
30992 0.00 0.00 0.00 0
30993 0.00 0.00 0.00 0
30994 0.00 0.00 0.00 0
30995 0.00 0.00 0.00 0
30996 0.00 0.00 0.00 0
30997 0.00 0.00 0.00 0
30998 0.00 0.00 0.00 0
32411 0.00 0.00 0.00 0
32412 0.00 0.00 0.00 0
32413 0.00 0.00 0.00 0
32414 0.00 0.00 0.00 0
32415 0.00 0.00 0.00 0
33338 0.00 0.00 0.00 0
33346 0.00 0.00 0.00 0
33347 0.00 0.00 0.00 0
33348 0.00 0.00 0.00 0
33355 0.00 0.00 0.00 0
33356 0.00 0.00 0.00 0
33481 0.00 0.00 0.00 0
33482 0.00 0.00 0.00 0
33483 0.00 0.00 0.00 0
33484 0.00 0.00 0.00 0
33485 0.00 0.00 0.00 0
33486 0.00 0.00 0.00 0
33487 0.00 0.00 0.00 0
35179 0.00 0.00 0.00 0
35180 0.00 0.00 0.00 0
35181 0.00 0.00 0.00 0
36100 0.00 0.00 0.00 0
36101 0.00 0.00 0.00 0
36102 0.00 0.00 0.00 0
36109 0.00 0.00 0.00 0
36110 0.00 0.00 0.00 0
36111 0.00 0.00 0.00 0
36112 0.00 0.00 0.00 0
36113 0.00 0.00 0.00 0
36114 0.00 0.00 0.00 0
36115 0.00 0.00 0.00 0
36116 0.00 0.00 0.00 0
36117 0.00 0.00 0.00 0
36118 0.00 0.00 0.00 0
36119 0.00 0.00 0.00 0
37803 0.00 0.00 0.00 0
37804 0.00 0.00 0.00 0
37808 0.00 0.00 0.00 0
37809 0.00 0.00 0.00 0
37810 0.00 0.00 0.00 0
37811 0.00 0.00 0.00 0
37812 0.00 0.00 0.00 0
37813 0.00 0.00 0.00 0
37814 0.00 0.00 0.00 0
37815 0.00 0.00 0.00 0
37816 0.00 0.00 0.00 0
37817 0.00 0.00 0.00 0
37818 0.00 0.00 0.00 0
37819 0.00 0.00 0.00 0
37820 0.00 0.00 0.00 0
37821 0.00 0.00 0.00 0
37822 0.00 0.00 0.00 0
37823 0.00 0.00 0.00 0
37824 0.00 0.00 0.00 0
37825 0.00 0.00 0.00 0
37826 0.00 0.00 0.00 0
37829 0.00 0.00 0.00 0
37830 0.00 0.00 0.00 0
37831 0.00 0.00 0.00 0
37832 0.00 0.00 0.00 0
37833 0.00 0.00 0.00 0
37834 0.00 0.00 0.00 0
37835 0.00 0.00 0.00 0
37836 0.00 0.00 0.00 0
37837 0.00 0.00 0.00 0
37838 0.00 0.00 0.00 0
37839 0.00 0.00 0.00 0
37840 0.00 0.00 0.00 0
37841 0.00 0.00 0.00 0
37842 0.00 0.00 0.00 0
37843 0.00 0.00 0.00 0
37844 0.00 0.00 0.00 0
37845 0.00 0.00 0.00 0
37846 0.00 0.00 0.00 0
37847 0.00 0.00 0.00 0
37848 0.00 0.00 0.00 0
37849 0.00 0.00 0.00 0
37850 0.00 0.00 0.00 0
37851 0.00 0.00 0.00 0
37852 0.00 0.00 0.00 0
37853 0.00 0.00 0.00 0
37854 0.00 0.00 0.00 0
37855 0.00 0.00 0.00 0
37856 0.00 0.00 0.00 0
37857 0.00 0.00 0.00 0
37858 0.00 0.00 0.00 0
37859 0.00 0.00 0.00 0
37860 0.00 0.00 0.00 0
37861 0.00 0.00 0.00 0
37862 0.00 0.00 0.00 0
37863 0.00 0.00 0.00 0
37864 0.00 0.00 0.00 0
37865 0.00 0.00 0.00 0
37866 0.00 0.00 0.00 0
37867 0.00 0.00 0.00 0
37868 0.00 0.00 0.00 0
37869 0.00 0.00 0.00 0
37870 0.00 0.00 0.00 0
37871 0.00 0.00 0.00 0
37872 0.00 0.00 0.00 0
37873 0.00 0.00 0.00 0
37874 0.00 0.00 0.00 0
37875 0.00 0.00 0.00 0
37876 0.00 0.00 0.00 0
37877 0.00 0.00 0.00 0
37878 0.00 0.00 0.00 0
37879 0.00 0.00 0.00 0
37880 0.00 0.00 0.00 0
37906 0.00 0.00 0.00 0
37907 0.00 0.00 0.00 0
37932 0.00 0.00 0.00 0
37933 0.00 0.00 0.00 0
37934 0.00 0.00 0.00 0
37935 0.00 0.00 0.00 0
37936 0.00 0.00 0.00 0
37937 0.00 0.00 0.00 0
37938 0.00 0.00 0.00 0
37939 0.00 0.00 0.00 0
37940 0.00 0.00 0.00 0
37941 0.00 0.00 0.00 0
37942 0.00 0.00 0.00 0
37943 0.00 0.00 0.00 0
37944 0.00 0.00 0.00 0
37945 0.00 0.00 0.00 0
37946 0.00 0.00 0.00 0
37947 0.00 0.00 0.00 0
37948 0.00 0.00 0.00 0
37949 0.00 0.00 0.00 0
37950 0.00 0.00 0.00 0
37951 0.00 0.00 0.00 0
37952 0.00 0.00 0.00 0
37953 0.00 0.00 0.00 0
37954 0.00 0.00 0.00 0
37955 0.00 0.00 0.00 0
37956 0.00 0.00 0.00 0
37957 0.00 0.00 0.00 0
37958 0.00 0.00 0.00 0
37959 0.00 0.00 0.00 0
37960 0.00 0.00 0.00 0
37961 0.00 0.00 0.00 0
37962 0.00 0.00 0.00 0
37963 0.00 0.00 0.00 0
37964 0.00 0.00 0.00 0
37965 0.00 0.00 0.00 0
37966 0.00 0.00 0.00 0
37967 0.00 0.00 0.00 0
37968 0.00 0.00 0.00 0
37969 0.00 0.00 0.00 0
37970 0.00 0.00 0.00 0
37971 0.00 0.00 0.00 0
37972 0.00 0.00 0.00 0
37973 0.00 0.00 0.00 0
37974 0.00 0.00 0.00 0
37975 0.00 0.00 0.00 0
37976 0.00 0.00 0.00 0
37977 0.00 0.00 0.00 0
37978 0.00 0.00 0.00 0
37979 0.00 0.00 0.00 0
37980 0.00 0.00 0.00 0
41072 0.00 0.00 0.00 0
41073 0.00 0.00 0.00 0
41074 0.00 0.00 0.00 0
41075 0.00 0.00 0.00 0
41076 0.00 0.00 0.00 0
41222 0.00 0.00 0.00 0
41223 0.00 0.00 0.00 0
41224 0.00 0.00 0.00 0
41225 0.00 0.00 0.00 0
41226 0.00 0.00 0.00 0
41468 0.00 0.00 0.00 0
41470 0.00 0.00 0.00 0
41471 0.00 0.00 0.00 0
41472 0.00 0.00 0.00 0
41473 0.00 0.00 0.00 0
41474 0.00 0.00 0.00 0
41825 0.00 0.00 0.00 0
41826 0.00 0.00 0.00 0
42107 0.00 0.00 0.00 0
42108 0.00 0.00 0.00 0
42109 0.00 0.00 0.00 0
42110 0.00 0.00 0.00 0
42111 0.00 0.00 0.00 0
42557 0.00 0.00 0.00 0
42558 0.00 0.00 0.00 0
42559 0.00 0.00 0.00 0
42560 0.00 0.00 0.00 0
42561 0.00 0.00 0.00 0
43282 0.00 0.00 0.00 0
43283 0.00 0.00 0.00 0
43284 0.00 0.00 0.00 0
43285 0.00 0.00 0.00 0
43286 0.00 0.00 0.00 0
43287 0.00 0.00 0.00 0
43288 0.00 0.00 0.00 0
43289 0.00 0.00 0.00 0
43290 0.00 0.00 0.00 0
43291 0.00 0.00 0.00 0
43292 0.00 0.00 0.00 0
43293 0.00 0.00 0.00 0
43294 0.00 0.00 0.00 0
43295 0.00 0.00 0.00 0
43296 0.00 0.00 0.00 0
43297 0.00 0.00 0.00 0
43298 0.00 0.00 0.00 0
43299 0.00 0.00 0.00 0
43300 0.00 0.00 0.00 0
43301 0.00 0.00 0.00 0
43302 0.00 0.00 0.00 0
43303 0.00 0.00 0.00 0
43304 0.00 0.00 0.00 0
43316 0.00 0.00 0.00 0
43317 0.00 0.00 0.00 0
43318 0.00 0.00 0.00 0
43319 0.00 0.00 0.00 0
43320 0.00 0.00 0.00 0
43321 0.00 0.00 0.00 0
43322 0.00 0.00 0.00 0
43323 0.00 0.00 0.00 0
43324 0.00 0.00 0.00 0
43325 0.00 0.00 0.00 0
43326 0.00 0.00 0.00 0
43327 0.00 0.00 0.00 0
43328 0.00 0.00 0.00 0
43329 0.00 0.00 0.00 0
44500 0.00 0.00 0.00 0
44501 0.00 0.00 0.00 0
44502 0.00 0.00 0.00 0
44503 0.00 0.00 0.00 0
44504 0.00 0.00 0.00 0
44505 0.00 0.00 0.00 0
44506 0.00 0.00 0.00 0
44507 0.00 0.00 0.00 0
44508 0.00 0.00 0.00 0
44509 0.00 0.00 0.00 0
44510 0.00 0.00 0.00 0
44511 0.00 0.00 0.00 0
44957 0.00 0.00 0.00 0
44958 0.00 0.00 0.00 0
44959 0.00 0.00 0.00 0
44960 0.00 0.00 0.00 0
44961 0.00 0.00 0.00 0
45682 0.00 0.00 0.00 0
45683 0.00 0.00 0.00 0
45684 0.00 0.00 0.00 0
45685 0.00 0.00 0.00 0
45686 0.00 0.00 0.00 0
45687 0.00 0.00 0.00 0
45688 0.00 0.00 0.00 0
45689 0.00 0.00 0.00 0
45692 0.00 0.00 0.00 0
45693 0.00 0.00 0.00 0
45694 0.00 0.00 0.00 0
45695 0.00 0.00 0.00 0
45696 0.00 0.00 0.00 0
45697 0.00 0.00 0.00 0
45698 0.00 0.00 0.00 0
45699 0.00 0.00 0.00 0
45700 0.00 0.00 0.00 0
45701 0.00 0.00 0.00 0
45702 0.00 0.00 0.00 0
45703 0.00 0.00 0.00 0
45704 0.00 0.00 0.00 0
45724 0.00 0.00 0.00 0
45725 0.00 0.00 0.00 0
45726 0.00 0.00 0.00 0
45727 0.00 0.00 0.00 0
46757 0.00 0.00 0.00 0
46758 0.00 0.00 0.00 0
46759 0.00 0.00 0.00 0
46760 0.00 0.00 0.00 0
46761 0.00 0.00 0.00 0
47597 0.00 0.00 0.00 0
47598 0.00 0.00 0.00 0
47599 0.00 0.00 0.00 0
47600 0.00 0.00 0.00 0
47601 0.00 0.00 0.00 0
47602 0.00 0.00 0.00 0
47603 0.00 0.00 0.00 0
47604 0.00 0.00 0.00 0
47605 0.00 0.00 0.00 0
47606 0.00 0.00 0.00 0
47607 0.00 0.00 0.00 0
47608 0.00 0.00 0.00 0
47609 0.00 0.00 0.00 0
47610 0.00 0.00 0.00 0
47611 0.00 0.00 0.00 0
48962 0.00 0.00 0.00 0
48963 0.00 0.00 0.00 0
48964 0.00 0.00 0.00 0
48965 0.00 0.00 0.00 0
48966 0.00 0.00 0.00 0
49723 0.00 0.00 0.00 0
49724 0.00 0.00 0.00 0
49725 0.00 0.00 0.00 0
49726 0.00 0.00 0.00 0
49727 0.00 0.00 0.00 0
49728 0.00 0.00 0.00 0
49729 0.00 0.00 0.00 0
49731 0.00 0.00 0.00 0
49733 0.00 0.00 0.00 0
51130 0.00 0.00 0.00 0
51131 0.00 0.00 0.00 0
51132 0.00 0.00 0.00 0
51134 0.00 0.00 0.00 0
51135 0.00 0.00 0.00 0
51136 0.00 0.00 0.00 0
51137 0.00 0.00 0.00 0
51138 0.00 0.00 0.00 0
51139 0.00 0.00 0.00 0
51140 0.00 0.00 0.00 0
51141 0.00 0.00 0.00 0
51142 0.00 0.00 0.00 0
51143 0.00 0.00 0.00 0
51144 0.00 0.00 0.00 0
51145 0.00 0.00 0.00 0
51146 0.00 0.00 0.00 0
51147 0.00 0.00 0.00 0
51148 0.00 0.00 0.00 0
51149 0.00 0.00 0.00 0
51153 0.00 0.00 0.00 0
51154 0.00 0.00 0.00 0
51155 0.00 0.00 0.00 0
51156 0.00 0.00 0.00 0
51157 0.00 0.00 0.00 0
51158 0.00 0.00 0.00 0
51159 0.00 0.00 0.00 0
51160 0.00 0.00 0.00 0
51161 0.00 0.00 0.00 0
51162 0.00 0.00 0.00 0
51163 0.00 0.00 0.00 0
51164 0.00 0.00 0.00 0
51165 0.00 0.00 0.00 0
51166 0.00 0.00 0.00 0
51167 0.00 0.00 0.00 0
51168 0.00 0.00 0.00 0
51169 0.00 0.00 0.00 0
51170 0.00 0.00 0.00 0
51171 0.00 0.00 0.00 0
51172 0.00 0.00 0.00 0
51173 0.00 0.00 0.00 0
51174 0.00 0.00 0.00 0
51175 0.00 0.00 0.00 0
51176 0.00 0.00 0.00 0
51177 0.00 0.00 0.00 0
51178 0.00 0.00 0.00 0
51179 0.00 0.00 0.00 0
51180 0.00 0.00 0.00 0
51181 0.00 0.00 0.00 0
51182 0.00 0.00 0.00 0
51183 0.00 0.00 0.00 0
51184 0.00 0.00 0.00 0
51185 0.00 0.00 0.00 0
51186 0.00 0.00 0.00 0
51187 0.00 0.00 0.00 0
51188 0.00 0.00 0.00 0
51189 0.00 0.00 0.00 0
51190 0.00 0.00 0.00 0
51191 0.00 0.00 0.00 0
51192 0.00 0.00 0.00 0
51193 0.00 0.00 0.00 0
51194 0.00 0.00 0.00 0
51236 0.00 0.00 0.00 0
51238 0.00 0.00 0.00 0
51240 0.00 0.00 0.00 0
51241 0.00 0.00 0.00 0
51242 0.00 0.00 0.00 0
51243 0.00 0.00 0.00 0
51244 0.00 0.00 0.00 0
51245 0.00 0.00 0.00 0
51246 0.00 0.00 0.00 0
51247 0.00 0.00 0.00 0
51248 0.00 0.00 0.00 0
51249 0.00 0.00 0.00 0
51250 0.00 0.00 0.00 0
51251 0.00 0.00 0.00 0
51252 0.00 0.00 0.00 0
51253 0.00 0.00 0.00 0
51254 0.00 0.00 0.00 0
51255 0.00 0.00 0.00 0
51256 0.00 0.00 0.00 0
51257 0.00 0.00 0.00 0
51258 0.00 0.00 0.00 0
51259 0.00 0.00 0.00 0
51260 0.00 0.00 0.00 0
51261 0.00 0.00 0.00 0
51262 0.00 0.00 0.00 0
51263 0.00 0.00 0.00 0
51264 0.00 0.00 0.00 0
51265 0.00 0.00 0.00 0
51266 0.00 0.00 0.00 0
51267 0.00 0.00 0.00 0
51268 0.00 0.00 0.00 0
51269 0.00 0.00 0.00 0
51270 0.00 0.00 0.00 0
51271 0.00 0.00 0.00 0
51272 0.00 0.00 0.00 0
51273 0.00 0.00 0.00 0
51274 0.00 0.00 0.00 0
51275 0.00 0.00 0.00 0
54097 0.00 0.00 0.00 0
54098 0.00 0.00 0.00 0
54099 0.00 0.00 0.00 0
54100 0.00 0.00 0.00 0
54101 0.00 0.00 0.00 0
54102 0.00 0.00 0.00 0
54103 0.00 0.00 0.00 0
54104 0.00 0.00 0.00 0
54105 0.00 0.00 0.00 0
54106 0.00 0.00 0.00 0
54107 0.00 0.00 0.00 0
54108 0.00 0.00 0.00 0
54109 0.00 0.00 0.00 0
54110 0.00 0.00 0.00 0
54111 0.00 0.00 0.00 0
54547 0.00 0.00 0.00 0
54548 0.00 0.00 0.00 0
54549 0.00 0.00 0.00 0
54550 0.00 0.00 0.00 0
54551 0.00 0.00 0.00 0
54552 0.00 0.00 0.00 0
54556 0.00 0.00 0.00 0
54557 0.00 0.00 0.00 0
54558 0.00 0.00 0.00 0
54559 0.00 0.00 0.00 0
54560 0.00 0.00 0.00 0
54561 0.00 0.00 0.00 0
55282 0.00 0.00 0.00 0
55283 0.00 0.00 0.00 0
55284 0.00 0.00 0.00 0
55285 0.00 0.00 0.00 0
55286 0.00 0.00 0.00 0
55287 0.00 0.00 0.00 0
55288 0.00 0.00 0.00 0
55289 0.00 0.00 0.00 0
55290 0.00 0.00 0.00 0
55291 0.00 0.00 0.00 0
55292 0.00 0.00 0.00 0
55293 0.00 0.00 0.00 0
55294 0.00 0.00 0.00 0
55295 0.00 0.00 0.00 0
55296 0.00 0.00 0.00 0
55297 0.00 0.00 0.00 0
55298 0.00 0.00 0.00 0
55299 0.00 0.00 0.00 0
55300 0.00 0.00 0.00 0
55301 0.00 0.00 0.00 0
55302 0.00 0.00 0.00 0
55303 0.00 0.00 0.00 0
55304 0.00 0.00 0.00 0
56354 0.00 0.00 0.00 0
56355 0.00 0.00 0.00 0
56356 0.00 0.00 0.00 0
56357 0.00 0.00 0.00 0
56358 0.00 0.00 0.00 0
56359 0.00 0.00 0.00 0
56360 0.00 0.00 0.00 0
56361 0.00 0.00 0.00 0
57200 0.00 0.00 0.00 0
57201 0.00 0.00 0.00 0
57202 0.00 0.00 0.00 0
57203 0.00 0.00 0.00 0
57204 0.00 0.00 0.00 0
57205 0.00 0.00 0.00 0
57206 0.00 0.00 0.00 0
57207 0.00 0.00 0.00 0
57208 0.00 0.00 0.00 0
57209 0.00 0.00 0.00 0
57210 0.00 0.00 0.00 0
57211 0.00 0.00 0.00 0
57212 0.00 0.00 0.00 0
57213 0.00 0.00 0.00 0
57214 0.00 0.00 0.00 0
58561 0.00 0.00 0.00 0
58562 0.00 0.00 0.00 0
58563 0.00 0.00 0.00 0
58564 0.00 0.00 0.00 0
58565 0.00 0.00 0.00 0
58566 0.00 0.00 0.00 0
60727 0.00 0.00 0.00 0
60728 0.00 0.00 0.00 0
60729 0.00 0.00 0.00 0
60730 0.00 0.00 0.00 0
60731 0.00 0.00 0.00 0
60732 0.00 0.00 0.00 0
60733 0.00 0.00 0.00 0
60734 0.00 0.00 0.00 0
60735 0.00 0.00 0.00 0
60736 0.00 0.00 0.00 0
60737 0.00 0.00 0.00 0
60738 0.00 0.00 0.00 0
60739 0.00 0.00 0.00 0
60740 0.00 0.00 0.00 0
60741 0.00 0.00 0.00 0
60742 0.00 0.00 0.00 0
60743 0.00 0.00 0.00 0
60744 0.00 0.00 0.00 0
60745 0.00 0.00 0.00 0
60746 0.00 0.00 0.00 0
60747 0.00 0.00 0.00 0
60748 0.00 0.00 0.00 0
60749 0.00 0.00 0.00 0
60753 0.00 0.00 0.00 0
60754 0.00 0.00 0.00 0
60755 0.00 0.00 0.00 0
60756 0.00 0.00 0.00 0
60757 0.00 0.00 0.00 0
60758 0.00 0.00 0.00 0
60759 0.00 0.00 0.00 0
60760 0.00 0.00 0.00 0
60761 0.00 0.00 0.00 0
60762 0.00 0.00 0.00 0
60763 0.00 0.00 0.00 0
60764 0.00 0.00 0.00 0
60765 0.00 0.00 0.00 0
60766 0.00 0.00 0.00 0
60767 0.00 0.00 0.00 0
60768 0.00 0.00 0.00 0
60769 0.00 0.00 0.00 0
60770 0.00 0.00 0.00 0
60771 0.00 0.00 0.00 0
60772 0.00 0.00 0.00 0
60773 0.00 0.00 0.00 0
60774 0.00 0.00 0.00 0
60775 0.00 0.00 0.00 0
60776 0.00 0.00 0.00 0
60777 0.00 0.00 0.00 0
60778 0.00 0.00 0.00 0
60779 0.00 0.00 0.00 0
60780 0.00 0.00 0.00 0
60781 0.00 0.00 0.00 0
60782 0.00 0.00 0.00 0
60783 0.00 0.00 0.00 0
60784 0.00 0.00 0.00 0
60785 0.00 0.00 0.00 0
60786 0.00 0.00 0.00 0
60787 0.00 0.00 0.00 0
60788 0.00 0.00 0.00 0
60789 0.00 0.00 0.00 0
60790 0.00 0.00 0.00 0
60791 0.00 0.00 0.00 0
60792 0.00 0.00 0.00 0
60793 0.00 0.00 0.00 0
60794 0.00 0.00 0.00 0
60836 0.00 0.00 0.00 0
60837 0.00 0.00 0.00 0
60838 0.00 0.00 0.00 0
60839 0.00 0.00 0.00 0
60840 0.00 0.00 0.00 0
60841 0.00 0.00 0.00 0
60842 0.00 0.00 0.00 0
60843 0.00 0.00 0.00 0
60844 0.00 0.00 0.00 0
60845 0.00 0.00 0.00 0
60846 0.00 0.00 0.00 0
60847 0.00 0.00 0.00 0
60848 0.00 0.00 0.00 0
60849 0.00 0.00 0.00 0
60850 0.00 0.00 0.00 0
60851 0.00 0.00 0.00 0
60852 0.00 0.00 0.00 0
60853 0.00 0.00 0.00 0
60854 0.00 0.00 0.00 0
60855 0.00 0.00 0.00 0
60856 0.00 0.00 0.00 0
60857 0.00 0.00 0.00 0
60858 0.00 0.00 0.00 0
60859 0.00 0.00 0.00 0
60860 0.00 0.00 0.00 0
60861 0.00 0.00 0.00 0
60862 0.00 0.00 0.00 0
60863 0.00 0.00 0.00 0
60864 0.00 0.00 0.00 0
60865 0.00 0.00 0.00 0
60866 0.00 0.00 0.00 0
60867 0.00 0.00 0.00 0
60868 0.00 0.00 0.00 0
60869 0.00 0.00 0.00 0
64380 0.00 0.00 0.00 0
64395 0.00 0.00 0.00 0
64396 0.00 0.00 0.00 0
64397 0.00 0.00 0.00 0
64398 0.00 0.00 0.00 0
64399 0.00 0.00 0.00 0
64400 0.00 0.00 0.00 0
64401 0.00 0.00 0.00 0
64402 0.00 0.00 0.00 0
64403 0.00 0.00 0.00 0
64404 0.00 0.00 0.00 0
64405 0.00 0.00 0.00 0
64406 0.00 0.00 0.00 0
64407 0.00 0.00 0.00 0
64408 0.00 0.00 0.00 0
64409 0.00 0.00 0.00 0
64410 0.00 0.00 0.00 0
64411 0.00 0.00 0.00 0
64412 0.00 0.00 0.00 0
64413 0.00 0.00 0.00 0
64414 0.00 0.00 0.00 0
64415 0.00 0.00 0.00 0
64416 0.00 0.00 0.00 0
65762 0.00 0.00 0.00 0
65763 0.00 0.00 0.00 0
65764 0.00 0.00 0.00 0
65765 0.00 0.00 0.00 0
65766 0.00 0.00 0.00 0
67927 0.00 0.00 0.00 0
67928 0.00 0.00 0.00 0
67929 0.00 0.00 0.00 0
67930 0.00 0.00 0.00 0
67931 0.00 0.00 0.00 0
67932 0.00 0.00 0.00 0
67933 0.00 0.00 0.00 0
67934 0.00 0.00 0.00 0
67935 0.00 0.00 0.00 0
67936 0.00 0.00 0.00 0
67937 0.00 0.00 0.00 0
67938 0.00 0.00 0.00 0
67939 0.00 0.00 0.00 0
67940 0.00 0.00 0.00 0
67941 0.00 0.00 0.00 0
67942 0.00 0.00 0.00 0
67943 0.00 0.00 0.00 0
67944 0.00 0.00 0.00 0
67945 0.00 0.00 0.00 0
67946 0.00 0.00 0.00 0
67947 0.00 0.00 0.00 0
67948 0.00 0.00 0.00 0
67949 0.00 0.00 0.00 0
67950 0.00 0.00 0.00 0
67951 0.00 0.00 0.00 0
67952 0.00 0.00 0.00 0
67953 0.00 0.00 0.00 0
67954 0.00 0.00 0.00 0
67955 0.00 0.00 0.00 0
67956 0.00 0.00 0.00 0
67957 0.00 0.00 0.00 0
67958 0.00 0.00 0.00 0
67959 0.00 0.00 0.00 0
67960 0.00 0.00 0.00 0
67961 0.00 0.00 0.00 0
67962 0.00 0.00 0.00 0
67963 0.00 0.00 0.00 0
67964 0.00 0.00 0.00 0
67965 0.00 0.00 0.00 0
67966 0.00 0.00 0.00 0
67967 0.00 0.00 0.00 0
67968 0.00 0.00 0.00 0
67969 0.00 0.00 0.00 0
67970 0.00 0.00 0.00 0
67971 0.00 0.00 0.00 0
67972 0.00 0.00 0.00 0
67973 0.00 0.00 0.00 0
67974 0.00 0.00 0.00 0
67975 0.00 0.00 0.00 0
67976 0.00 0.00 0.00 0
67977 0.00 0.00 0.00 0
67978 0.00 0.00 0.00 0
67979 0.00 0.00 0.00 0
67980 0.00 0.00 0.00 0
67981 0.00 0.00 0.00 0
67982 0.00 0.00 0.00 0
67983 0.00 0.00 0.00 0
67984 0.00 0.00 0.00 0
67985 0.00 0.00 0.00 0
67986 0.00 0.00 0.00 0
67987 0.00 0.00 0.00 0
67988 0.00 0.00 0.00 0
67989 0.00 0.00 0.00 0
67990 0.00 0.00 0.00 0
67991 0.00 0.00 0.00 0
67992 0.00 0.00 0.00 0
67993 0.00 0.00 0.00 0
67994 0.00 0.00 0.00 0
68038 0.00 0.00 0.00 0
68039 0.00 0.00 0.00 0
68040 0.00 0.00 0.00 0
68041 0.00 0.00 0.00 0
68042 0.00 0.00 0.00 0
68043 0.00 0.00 0.00 0
68044 0.00 0.00 0.00 0
68045 0.00 0.00 0.00 0
68046 0.00 0.00 0.00 0
68047 0.00 0.00 0.00 0
68054 0.00 0.00 0.00 0
68056 0.00 0.00 0.00 0
68061 0.00 0.00 0.00 0
68063 0.00 0.00 0.00 0
68064 0.00 0.00 0.00 0
68065 0.00 0.00 0.00 0
68066 0.00 0.00 0.00 0
68067 0.00 0.00 0.00 0
68068 0.00 0.00 0.00 0
68069 0.00 0.00 0.00 0
71155 0.00 0.00 0.00 0
71156 0.00 0.00 0.00 0
71157 0.00 0.00 0.00 0
71158 0.00 0.00 0.00 0
71159 0.00 0.00 0.00 0
71160 0.00 0.00 0.00 0
71161 0.00 0.00 0.00 0
71162 0.00 0.00 0.00 0
71163 0.00 0.00 0.00 0
71164 0.00 0.00 0.00 0
71165 0.00 0.00 0.00 0
71166 0.00 0.00 0.00 0
73370 0.00 0.00 0.00 0
73371 0.00 0.00 0.00 0
73372 0.00 0.00 0.00 0
73373 0.00 0.00 0.00 0
73391 0.00 0.00 0.00 0
73392 0.00 0.00 0.00 0
73393 0.00 0.00 0.00 0
73394 0.00 0.00 0.00 0
73687 0.00 0.00 0.00 0
73688 0.00 0.00 0.00 0
73689 0.00 0.00 0.00 0
73690 0.00 0.00 0.00 0
73691 0.00 0.00 0.00 0
73692 0.00 0.00 0.00 0
73693 0.00 0.00 0.00 0
73694 0.00 0.00 0.00 0
73695 0.00 0.00 0.00 0
73696 0.00 0.00 0.00 0
73697 0.00 0.00 0.00 0
73698 0.00 0.00 0.00 0
73699 0.00 0.00 0.00 0
73700 0.00 0.00 0.00 0
73701 0.00 0.00 0.00 0
73702 0.00 0.00 0.00 0
73703 0.00 0.00 0.00 0
73704 0.00 0.00 0.00 0
73705 0.00 0.00 0.00 0
73706 0.00 0.00 0.00 0
73707 0.00 0.00 0.00 0
73717 0.00 0.00 0.00 0
73718 0.00 0.00 0.00 0
77770 0.00 0.00 0.00 0
77771 0.00 0.00 0.00 0
77772 0.00 0.00 0.00 0
77774 0.00 0.00 0.00 0
77775 0.00 0.00 0.00 0
77776 0.00 0.00 0.00 0
77777 0.00 0.00 0.00 0
77778 0.00 0.00 0.00 0
77779 0.00 0.00 0.00 0
77780 0.00 0.00 0.00 0
77781 0.00 0.00 0.00 0
80028 0.00 0.00 0.00 0
80030 0.00 0.00 0.00 0
80031 0.00 0.00 0.00 0
80032 0.00 0.00 0.00 0
80033 0.00 0.00 0.00 0
80034 0.00 0.00 0.00 0
80052 0.00 0.00 0.00 0
80053 0.00 0.00 0.00 0
80054 0.00 0.00 0.00 0
80055 0.00 0.00 0.00 0
80056 0.00 0.00 0.00 0
80057 0.00 0.00 0.00 0
80058 0.00 0.00 0.00 0
80059 0.00 0.00 0.00 0
80060 0.00 0.00 0.00 0
80061 0.00 0.00 0.00 0
80062 0.00 0.00 0.00 0
80063 0.00 0.00 0.00 0
80064 0.00 0.00 0.00 0
80065 0.00 0.00 0.00 0
80066 0.00 0.00 0.00 0
80067 0.00 0.00 0.00 0
80068 0.00 0.00 0.00 0
80069 0.00 0.00 0.00 0
80070 0.00 0.00 0.00 0
80071 0.00 0.00 0.00 0
80072 0.00 0.00 0.00 0
80073 0.00 0.00 0.00 0
80074 0.00 0.00 0.00 0
80075 0.00 0.00 0.00 0
80076 0.00 0.00 0.00 0
80077 0.00 0.00 0.00 0
80078 0.00 0.00 0.00 0
84270 0.00 0.00 0.00 0
84271 0.00 0.00 0.00 0
84272 0.00 0.00 0.00 0
84273 0.00 0.00 0.00 0
84274 0.00 0.00 0.00 0
84275 0.00 0.00 0.00 0
84285 0.00 0.00 0.00 0
84286 0.00 0.00 0.00 0
84287 0.00 0.00 0.00 0
84288 0.00 0.00 0.00 0
84289 0.00 0.00 0.00 0
84290 0.00 0.00 0.00 0
84291 0.00 0.00 0.00 0
84292 0.00 0.00 0.00 0
84293 0.00 0.00 0.00 0
84294 0.00 0.00 0.00 0
84295 0.00 0.00 0.00 0
84296 0.00 0.00 0.00 0
84297 0.00 0.00 0.00 0
84298 0.00 0.00 0.00 0
84299 0.00 0.00 0.00 0
84300 0.00 0.00 0.00 0
84301 0.00 0.00 0.00 0
84302 0.00 0.00 0.00 0
84303 0.00 0.00 0.00 0
84304 0.00 0.00 0.00 0
84305 0.00 0.00 0.00 0
84306 0.00 0.00 0.00 0
84307 0.00 0.00 0.00 0
84308 0.00 0.00 0.00 0
84309 0.00 0.00 0.00 0
84310 0.00 0.00 0.00 0
84311 0.00 0.00 0.00 0
84312 0.00 0.00 0.00 0
84313 0.00 0.00 0.00 0
84314 0.00 0.00 0.00 0
84315 0.00 0.00 0.00 0
84316 0.00 0.00 0.00 0
84317 0.00 0.00 0.00 0
84318 0.00 0.00 0.00 0
84319 0.00 0.00 0.00 0
84320 0.00 0.00 0.00 0
84321 0.00 0.00 0.00 0
84322 0.00 0.00 0.00 0
84323 0.00 0.00 0.00 0
84324 0.00 0.00 0.00 0
84325 0.00 0.00 0.00 0
84326 0.00 0.00 0.00 0
84327 0.00 0.00 0.00 0
84328 0.00 0.00 0.00 0
84329 0.00 0.00 0.00 0
84336 0.00 0.00 0.00 0
84337 0.00 0.00 0.00 0
84338 0.00 0.00 0.00 0
84339 0.00 0.00 0.00 0
84340 0.00 0.00 0.00 0
84341 0.00 0.00 0.00 0
84342 0.00 0.00 0.00 0
84343 0.00 0.00 0.00 0
84344 0.00 0.00 0.00 0
84345 0.00 0.00 0.00 0
84346 0.00 0.00 0.00 0
84347 0.00 0.00 0.00 0
84348 0.00 0.00 0.00 0
84349 0.00 0.00 0.00 0
84350 0.00 0.00 0.00 0
84351 0.00 0.00 0.00 0
84352 0.00 0.00 0.00 0
84353 0.00 0.00 0.00 0
84354 0.00 0.00 0.00 0
84355 0.00 0.00 0.00 0
84356 0.00 0.00 0.00 0
84357 0.00 0.00 0.00 0
84358 0.00 0.00 0.00 0
84359 0.00 0.00 0.00 0
84360 0.00 0.00 0.00 0
84361 0.00 0.00 0.00 0
84362 0.00 0.00 0.00 0
84363 0.00 0.00 0.00 0
84364 0.00 0.00 0.00 0
84365 0.00 0.00 0.00 0
84366 0.00 0.00 0.00 0
84367 0.00 0.00 0.00 0
84368 0.00 0.00 0.00 0
84369 0.00 0.00 0.00 0
84370 0.00 0.00 0.00 0
84371 0.00 0.00 0.00 0
84372 0.00 0.00 0.00 0
84373 0.00 0.00 0.00 0
84374 0.00 0.00 0.00 0
84375 0.00 0.00 0.00 0
84376 0.00 0.00 0.00 0
84377 0.00 0.00 0.00 0
84378 0.00 0.00 0.00 0
84379 0.00 0.00 0.00 0
84380 0.00 0.00 0.00 0
84381 0.00 0.00 0.00 0
84382 0.00 0.00 0.00 0
84383 0.00 0.00 0.00 0
84384 0.00 0.00 0.00 0
84385 0.00 0.00 0.00 0
84386 0.00 0.00 0.00 0
84387 0.00 0.00 0.00 0
84388 0.00 0.00 0.00 0
84389 0.00 0.00 0.00 0
84390 0.00 0.00 0.00 0
84391 0.00 0.00 0.00 0
84392 0.00 0.00 0.00 0
84393 0.00 0.00 0.00 0
84394 0.00 0.00 0.00 0
84395 0.00 0.00 0.00 0
84396 0.00 0.00 0.00 0
84397 0.00 0.00 0.00 0
84398 0.00 0.00 0.00 0
84399 0.00 0.00 0.00 0
84400 0.00 0.00 0.00 0
84401 0.00 0.00 0.00 0
84402 0.00 0.00 0.00 0
84403 0.00 0.00 0.00 0
84404 0.00 0.00 0.00 0
84405 0.00 0.00 0.00 0
84406 0.00 0.00 0.00 0
84407 0.00 0.00 0.00 0
84408 0.00 0.00 0.00 0
84409 0.00 0.00 0.00 0
84410 0.00 0.00 0.00 0
84411 0.00 0.00 0.00 0
84412 0.00 0.00 0.00 0
84413 0.00 0.00 0.00 0
84414 0.00 0.00 0.00 0
84415 0.00 0.00 0.00 0
84416 0.00 0.00 0.00 0
84417 0.00 0.00 0.00 0
84418 0.00 0.00 0.00 0
84419 0.00 0.00 0.00 0
84420 0.00 0.00 0.00 0
84421 0.00 0.00 0.00 0
84422 0.00 0.00 0.00 0
84423 0.00 0.00 0.00 0
84424 0.00 0.00 0.00 0
84425 0.00 0.00 0.00 0
84426 0.00 0.00 0.00 0
84427 0.00 0.00 0.00 0
84428 0.00 0.00 0.00 0
84429 0.00 0.00 0.00 0
84430 0.00 0.00 0.00 0
84431 0.00 0.00 0.00 0
84432 0.00 0.00 0.00 0
84433 0.00 0.00 0.00 0
84434 0.00 0.00 0.00 0
84435 0.00 0.00 0.00 0
84436 0.00 0.00 0.00 0
84437 0.00 0.00 0.00 0
84438 0.00 0.00 0.00 0
84439 0.00 0.00 0.00 0
84440 0.00 0.00 0.00 0
84441 0.00 0.00 0.00 0
84442 0.00 0.00 0.00 0
84443 0.00 0.00 0.00 0
84444 0.00 0.00 0.00 0
84445 0.00 0.00 0.00 0
84446 0.00 0.00 0.00 0
84447 0.00 0.00 0.00 0
84448 0.00 0.00 0.00 0
84449 0.00 0.00 0.00 0
84450 0.00 0.00 0.00 0
84451 0.00 0.00 0.00 0
84452 0.00 0.00 0.00 0
84453 0.00 0.00 0.00 0
84454 0.00 0.00 0.00 0
84455 0.00 0.00 0.00 0
84456 0.00 0.00 0.00 0
84457 0.00 0.00 0.00 0
84458 0.00 0.00 0.00 0
84459 0.00 0.00 0.00 0
84460 0.00 0.00 0.00 0
84461 0.00 0.00 0.00 0
84462 0.00 0.00 0.00 0
84463 0.00 0.00 0.00 0
84464 0.00 0.00 0.00 0
84528 0.00 0.00 0.00 0
84529 0.00 0.00 0.00 0
84530 0.00 0.00 0.00 0
84531 0.00 0.00 0.00 0
84532 0.00 0.00 0.00 0
84597 0.00 0.00 0.00 0
84598 0.00 0.00 0.00 0
84599 0.00 0.00 0.00 0
84600 0.00 0.00 0.00 0
84601 0.00 0.00 0.00 0
84602 0.00 0.00 0.00 0
84603 0.00 0.00 0.00 0
84604 0.00 0.00 0.00 0
84605 0.00 0.00 0.00 0
84606 0.00 0.00 0.00 0
84607 0.00 0.00 0.00 0
84608 0.00 0.00 0.00 0
84609 0.00 0.00 0.00 0
84610 0.00 0.00 0.00 0
84611 0.00 0.00 0.00 0
84612 0.00 0.00 0.00 0
84613 0.00 0.00 0.00 0
84614 0.00 0.00 0.00 0
84615 0.00 0.00 0.00 0
84616 0.00 0.00 0.00 0
84617 0.00 0.00 0.00 0
84618 0.00 0.00 0.00 0
84619 0.00 0.00 0.00 0
84620 0.00 0.00 0.00 0
84621 0.00 0.00 0.00 0
84622 0.00 0.00 0.00 0
84623 0.00 0.00 0.00 0
84624 0.00 0.00 0.00 0
84625 0.00 0.00 0.00 0
84626 0.00 0.00 0.00 0
84627 0.00 0.00 0.00 0
84628 0.00 0.00 0.00 0
84629 0.00 0.00 0.00 0
84630 0.00 0.00 0.00 0
84631 0.00 0.00 0.00 0
84632 0.00 0.00 0.00 0
84633 0.00 0.00 0.00 0
84634 0.00 0.00 0.00 0
84635 0.00 0.00 0.00 0
84636 0.00 0.00 0.00 0
84637 0.00 0.00 0.00 0
84638 0.00 0.00 0.00 0
84639 0.00 0.00 0.00 0
84640 0.00 0.00 0.00 0
84641 0.00 0.00 0.00 0
84642 0.00 0.00 0.00 0
84643 0.00 0.00 0.00 0
84644 0.00 0.00 0.00 0
84645 0.00 0.00 0.00 0
84646 0.00 0.00 0.00 0
84647 0.00 0.00 0.00 0
84648 0.00 0.00 0.00 0
84649 0.00 0.00 0.00 0
84650 0.00 0.00 0.00 0
84651 0.00 0.00 0.00 0
84652 0.00 0.00 0.00 0
84653 0.00 0.00 0.00 0
84654 0.00 0.00 0.00 0
84655 0.00 0.00 0.00 0
84656 0.00 0.00 0.00 0
84657 0.00 0.00 0.00 0
84658 0.00 0.00 0.00 0
84659 0.00 0.00 0.00 0
84660 0.00 0.00 0.00 0
84661 0.00 0.00 0.00 0
84662 0.00 0.00 0.00 0
84663 0.00 0.00 0.00 0
84664 0.00 0.00 0.00 0
84665 0.00 0.00 0.00 0
84666 0.00 0.00 0.00 0
84667 0.00 0.00 0.00 0
84668 0.00 0.00 0.00 0
84669 0.00 0.00 0.00 0
84670 0.00 0.00 0.00 0
84671 0.00 0.00 0.00 0
84672 0.00 0.00 0.00 0
84673 0.00 0.00 0.00 0
84674 0.00 0.00 0.00 0
84675 0.00 0.00 0.00 0
84676 0.00 0.00 0.00 0
84677 0.00 0.00 0.00 0
84678 0.00 0.00 0.00 0
84679 0.00 0.00 0.00 0
84680 0.00 0.00 0.00 0
84681 0.00 0.00 0.00 0
84682 0.00 0.00 0.00 0
84683 0.00 0.00 0.00 0
84684 0.00 0.00 0.00 0
84685 0.00 0.00 0.00 0
84686 0.00 0.00 0.00 0
84687 0.00 0.00 0.00 0
84688 0.00 0.00 0.00 0
84689 0.00 0.00 0.00 0
84690 0.00 0.00 0.00 0
84691 0.00 0.00 0.00 0
84692 0.00 0.00 0.00 0
84693 0.00 0.00 0.00 0
84694 0.00 0.00 0.00 0
84695 0.00 0.00 0.00 0
84696 0.00 0.00 0.00 0
84697 0.00 0.00 0.00 0
84698 0.00 0.00 0.00 0
84699 0.00 0.00 0.00 0
84700 0.00 0.00 0.00 0
84701 0.00 0.00 0.00 0
84702 0.00 0.00 0.00 0
84703 0.00 0.00 0.00 0
84704 0.00 0.00 0.00 0
84705 0.00 0.00 0.00 0
84706 0.00 0.00 0.00 0
84707 0.00 0.00 0.00 0
84708 0.00 0.00 0.00 0
84709 0.00 0.00 0.00 0
84710 0.00 0.00 0.00 0
84711 0.00 0.00 0.00 0
84712 0.00 0.00 0.00 0
84713 0.00 0.00 0.00 0
84714 0.00 0.00 0.00 0
92362 0.00 0.00 0.00 0
92363 0.00 0.00 0.00 0
92364 0.00 0.00 0.00 0
92365 0.00 0.00 0.00 0
92366 0.00 0.00 0.00 0
92367 0.00 0.00 0.00 0
92368 0.00 0.00 0.00 0
92369 0.00 0.00 0.00 0
92370 0.00 0.00 0.00 0
92632 0.00 0.00 0.00 0
92633 0.00 0.00 0.00 0
92634 0.00 0.00 0.00 0
92635 0.00 0.00 0.00 0
92636 0.00 0.00 0.00 0
92637 0.00 0.00 0.00 0
92638 0.00 0.00 0.00 0
92639 0.00 0.00 0.00 0
92640 0.00 0.00 0.00 0
93073 0.00 0.00 0.00 0
93074 0.00 0.00 0.00 0
93075 0.00 0.00 0.00 0
93076 0.00 0.00 0.00 0
93077 0.00 0.00 0.00 0
93078 0.00 0.00 0.00 0
93079 0.00 0.00 0.00 0
93080 0.00 0.00 0.00 0
93081 0.00 0.00 0.00 0
93082 0.00 0.00 0.00 0
93083 0.00 0.00 0.00 0
93084 0.00 0.00 0.00 0
93085 0.00 0.00 0.00 0
93086 0.00 0.00 0.00 0
93717 0.00 0.00 0.00 0
93718 0.00 0.00 0.00 0
93719 0.00 0.00 0.00 0
93720 0.00 0.00 0.00 0
94225 0.00 0.00 0.00 0
94226 0.00 0.00 0.00 0
94227 0.00 0.00 0.00 0
94228 0.00 0.00 0.00 0
94229 0.00 0.00 0.00 0
94230 0.00 0.00 0.00 0
94231 0.00 0.00 0.00 0
94232 0.00 0.00 0.00 0
94233 0.00 0.00 0.00 0
95038 0.00 0.00 0.00 0
95039 0.00 0.00 0.00 0
95040 0.00 0.00 0.00 0
95041 0.00 0.00 0.00 0
95042 0.00 0.00 0.00 0
95043 0.00 0.00 0.00 0
96340 0.00 0.00 0.00 0
96341 0.00 0.00 0.00 0
96342 0.00 0.00 0.00 0
96343 0.00 0.00 0.00 0
96344 0.00 0.00 0.00 0
96345 0.00 0.00 0.00 0
96346 0.00 0.00 0.00 0
96347 0.00 0.00 0.00 0
96348 0.00 0.00 0.00 0
96349 0.00 0.00 0.00 0
96350 0.00 0.00 0.00 0
96351 0.00 0.00 0.00 0
96352 0.00 0.00 0.00 0
96353 0.00 0.00 0.00 0
96354 0.00 0.00 0.00 0
96355 0.00 0.00 0.00 0
96356 0.00 0.00 0.00 0
96357 0.00 0.00 0.00 0
96358 0.00 0.00 0.00 0
96359 0.00 0.00 0.00 0
96360 0.00 0.00 0.00 0
96361 0.00 0.00 0.00 0
96362 0.00 0.00 0.00 0
96363 0.00 0.00 0.00 0
96364 0.00 0.00 0.00 0
96365 0.00 0.00 0.00 0
96366 0.00 0.00 0.00 0
96367 0.00 0.00 0.00 0
96368 0.00 0.00 0.00 0
96369 0.00 0.00 0.00 0
96370 0.00 0.00 0.00 0
96371 0.00 0.00 0.00 0
96372 0.00 0.00 0.00 0
96373 0.00 0.00 0.00 0
96374 0.00 0.00 0.00 0
96375 0.00 0.00 0.00 0
96376 0.00 0.00 0.00 0
96377 0.00 0.00 0.00 0
96378 0.00 0.00 0.00 0
96379 0.00 0.00 0.00 0
96380 0.00 0.00 0.00 0
96403 0.00 0.00 0.00 0
96404 0.00 0.00 0.00 0
96405 0.00 0.00 0.00 0
96406 0.00 0.00 0.00 0
96407 0.00 0.00 0.00 0
96408 0.00 0.00 0.00 0
96409 0.00 0.00 0.00 0
96410 0.00 0.00 0.00 0
96411 0.00 0.00 0.00 0
96412 0.00 0.00 0.00 0
96413 0.00 0.00 0.00 0
96414 0.00 0.00 0.00 0
96415 0.00 0.00 0.00 0
96416 0.00 0.00 0.00 0
96417 0.00 0.00 0.00 0
96418 0.00 0.00 0.00 0
96419 0.00 0.00 0.00 0
96420 0.00 0.00 0.00 0
96421 0.00 0.00 0.00 0
96422 0.00 0.00 0.00 0
96423 0.00 0.00 0.00 0
96424 0.00 0.00 0.00 0
96425 0.00 0.00 0.00 0
98532 0.00 0.00 0.00 0
98534 0.00 0.00 0.00 0
98539 0.00 0.00 0.00 0
98540 0.00 0.00 0.00 0
98541 0.00 0.00 0.00 0
98542 0.00 0.00 0.00 0
98543 0.00 0.00 0.00 0
98544 0.00 0.00 0.00 0
98545 0.00 0.00 0.00 0
98546 0.00 0.00 0.00 0
98547 0.00 0.00 0.00 0
98548 0.00 0.00 0.00 0
98549 0.00 0.00 0.00 0
98550 0.00 0.00 0.00 0
98551 0.00 0.00 0.00 0
98552 0.00 0.00 0.00 0
98553 0.00 0.00 0.00 0
99355 0.00 0.00 0.00 0
99357 0.00 0.00 0.00 0
99358 0.00 0.00 0.00 0
99359 0.00 0.00 0.00 0
99360 0.00 0.00 0.00 0
99361 0.00 0.00 0.00 0
99362 0.00 0.00 0.00 0
99363 0.00 0.00 0.00 0
100660 0.00 0.00 0.00 0
100661 0.00 0.00 0.00 0
100662 0.00 0.00 0.00 0
100663 0.00 0.00 0.00 0
100664 0.00 0.00 0.00 0
100665 0.00 0.00 0.00 0
100666 0.00 0.00 0.00 0
100667 0.00 0.00 0.00 0
100668 0.00 0.00 0.00 0
100669 0.00 0.00 0.00 0
100670 0.00 0.00 0.00 0
100671 0.00 0.00 0.00 0
100672 0.00 0.00 0.00 0
100673 0.00 0.00 0.00 0
100675 0.00 0.00 0.00 0
100677 0.00 0.00 0.00 0
100678 0.00 0.00 0.00 0
100679 0.00 0.00 0.00 0
100680 0.00 0.00 0.00 0
100681 0.00 0.00 0.00 0
100682 0.00 0.00 0.00 0
100683 0.00 0.00 0.00 0
100684 0.00 0.00 0.00 0
100685 0.00 0.00 0.00 0
100686 0.00 0.00 0.00 0
100687 0.00 0.00 0.00 0
100688 0.00 0.00 0.00 0
100689 0.00 0.00 0.00 0
100690 0.00 0.00 0.00 0
100691 0.00 0.00 0.00 0
100692 0.00 0.00 0.00 0
100693 0.00 0.00 0.00 0
100694 0.00 0.00 0.00 0
100695 0.00 0.00 0.00 0
100696 0.00 0.00 0.00 0
100697 0.00 0.00 0.00 0
100698 0.00 0.00 0.00 0
100699 0.00 0.00 0.00 0
100700 0.00 0.00 0.00 0
100728 0.00 0.00 0.00 0
100729 0.00 0.00 0.00 0
100730 0.00 0.00 0.00 0
100731 0.00 0.00 0.00 0
100741 0.00 0.00 0.00 0
100742 0.00 0.00 0.00 0
100743 0.00 0.00 0.00 0
100744 0.00 0.00 0.00 0
102595 0.00 0.00 0.00 0
102596 0.00 0.00 0.00 0
102597 0.00 0.00 0.00 0
102598 0.00 0.00 0.00 0
102599 0.00 0.00 0.00 0
102600 0.00 0.00 0.00 0
102601 0.00 0.00 0.00 0
102602 0.00 0.00 0.00 0
102603 0.00 0.00 0.00 0
104107 0.00 0.00 0.00 0
104108 0.00 0.00 0.00 0
104109 0.00 0.00 0.00 0
104110 0.00 0.00 0.00 0
104115 0.00 0.00 0.00 0
104116 0.00 0.00 0.00 0
104117 0.00 0.00 0.00 0
104118 0.00 0.00 0.00 0
104119 0.00 0.00 0.00 0
104120 0.00 0.00 0.00 0
104121 0.00 0.00 0.00 0
104122 0.00 0.00 0.00 0
104123 0.00 0.00 0.00 0
104124 0.00 0.00 0.00 0
104125 0.00 0.00 0.00 0
104126 0.00 0.00 0.00 0
104127 0.00 0.00 0.00 0
104128 0.00 0.00 0.00 0
104129 0.00 0.00 0.00 0
104130 0.00 0.00 0.00 0
104131 0.00 0.00 0.00 0
104132 0.00 0.00 0.00 0
104133 0.00 0.00 0.00 0
106564 0.00 0.00 0.00 0
106565 0.00 0.00 0.00 0
106566 0.00 0.00 0.00 0
106567 0.00 0.00 0.00 0
106568 0.00 0.00 0.00 0
106569 0.00 0.00 0.00 0
106570 0.00 0.00 0.00 0
106571 0.00 0.00 0.00 0
106572 0.00 0.00 0.00 0
107925 0.00 0.00 0.00 0
107931 0.00 0.00 0.00 0
107932 0.00 0.00 0.00 0
107933 0.00 0.00 0.00 0
107934 0.00 0.00 0.00 0
107935 0.00 0.00 0.00 0
107936 0.00 0.00 0.00 0
107937 0.00 0.00 0.00 0
107938 0.00 0.00 0.00 0
107939 0.00 0.00 0.00 0
107940 0.00 0.00 0.00 0
107941 0.00 0.00 0.00 0
107942 0.00 0.00 0.00 0
107943 0.00 0.00 0.00 0
107944 0.00 0.00 0.00 0
107945 0.00 0.00 0.00 0
107946 0.00 0.00 0.00 0
107947 0.00 0.00 0.00 0
107948 0.00 0.00 0.00 0
107949 0.00 0.00 0.00 0
107950 0.00 0.00 0.00 0
107951 0.00 0.00 0.00 0
110466 0.00 0.00 0.00 0
110467 0.00 0.00 0.00 0
110468 0.00 0.00 0.00 0
110469 0.00 0.00 0.00 0
110474 0.00 0.00 0.00 0
110475 0.00 0.00 0.00 0
110476 0.00 0.00 0.00 0
110477 0.00 0.00 0.00 0
110478 0.00 0.00 0.00 0
110479 0.00 0.00 0.00 0
110480 0.00 0.00 0.00 0
110481 0.00 0.00 0.00 0
110482 0.00 0.00 0.00 0
110483 0.00 0.00 0.00 0
110484 0.00 0.00 0.00 0
110485 0.00 0.00 0.00 0
110486 0.00 0.00 0.00 0
110487 0.00 0.00 0.00 0
110488 0.00 0.00 0.00 0
110489 0.00 0.00 0.00 0
110490 0.00 0.00 0.00 0
110491 0.00 0.00 0.00 0
110492 0.00 0.00 0.00 0
110493 0.00 0.00 0.00 0
110494 0.00 0.00 0.00 0
110495 0.00 0.00 0.00 0
110496 0.00 0.00 0.00 0
110497 0.00 0.00 0.00 0
110498 0.00 0.00 0.00 0
110499 0.00 0.00 0.00 0
110500 0.00 0.00 0.00 0
110501 0.00 0.00 0.00 0
110507 0.00 0.00 0.00 0
110508 0.00 0.00 0.00 0
110509 0.00 0.00 0.00 0
110510 0.00 0.00 0.00 0
110511 0.00 0.00 0.00 0
110512 0.00 0.00 0.00 0
110513 0.00 0.00 0.00 0
110514 0.00 0.00 0.00 0
110515 0.00 0.00 0.00 0
110516 0.00 0.00 0.00 0
110517 0.00 0.00 0.00 0
110518 0.00 0.00 0.00 0
110519 0.00 0.00 0.00 0
110520 0.00 0.00 0.00 0
110521 0.00 0.00 0.00 0
110522 0.00 0.00 0.00 0
110523 0.00 0.00 0.00 0
110524 0.00 0.00 0.00 0
110525 0.00 0.00 0.00 0
110526 0.00 0.00 0.00 0
110527 0.00 0.00 0.00 0
110528 0.00 0.00 0.00 0
110529 0.00 0.00 0.00 0
110530 0.00 0.00 0.00 0
110531 0.00 0.00 0.00 0
110532 0.00 0.00 0.00 0
110533 0.00 0.00 0.00 0
110534 0.00 0.00 0.00 0
110535 0.00 0.00 0.00 0
110536 0.00 0.00 0.00 0
110537 0.00 0.00 0.00 0
110538 0.00 0.00 0.00 0
110539 0.00 0.00 0.00 0
110540 0.00 0.00 0.00 0
110541 0.00 0.00 0.00 0
110542 0.00 0.00 0.00 0
110543 0.00 0.00 0.00 0
110544 0.00 0.00 0.00 0
110545 0.00 0.00 0.00 0
110546 0.00 0.00 0.00 0
110547 0.00 0.00 0.00 0
110548 0.00 0.00 0.00 0
110549 0.00 0.00 0.00 0
110550 0.00 0.00 0.00 0
110551 0.00 0.00 0.00 0
110552 0.00 0.00 0.00 0
110553 0.00 0.00 0.00 0
110554 0.00 0.00 0.00 0
110555 0.00 0.00 0.00 0
110556 0.00 0.00 0.00 0
110557 0.00 0.00 0.00 0
110558 0.00 0.00 0.00 0
110559 0.00 0.00 0.00 0
110560 0.00 0.00 0.00 0
110561 0.00 0.00 0.00 0
110562 0.00 0.00 0.00 0
110563 0.00 0.00 0.00 0
110564 0.00 0.00 0.00 0
110565 0.00 0.00 0.00 0
110566 0.00 0.00 0.00 0
110567 0.00 0.00 0.00 0
110568 0.00 0.00 0.00 0
110569 0.00 0.00 0.00 0
110570 0.00 0.00 0.00 0
110571 0.00 0.00 0.00 0
110572 0.00 0.00 0.00 0
110573 0.00 0.00 0.00 0
110574 0.00 0.00 0.00 0
110575 0.00 0.00 0.00 0
110576 0.00 0.00 0.00 0
110577 0.00 0.00 0.00 0
110578 0.00 0.00 0.00 0
110579 0.00 0.00 0.00 0
110580 0.00 0.00 0.00 0
110581 0.00 0.00 0.00 0
110582 0.00 0.00 0.00 0
110665 0.00 0.00 0.00 0
110666 0.00 0.00 0.00 0
110667 0.00 0.00 0.00 0
110668 0.00 0.00 0.00 0
110669 0.00 0.00 0.00 0
110670 0.00 0.00 0.00 0
110671 0.00 0.00 0.00 0
110672 0.00 0.00 0.00 0
110673 0.00 0.00 0.00 0
110674 0.00 0.00 0.00 0
110675 0.00 0.00 0.00 0
110676 0.00 0.00 0.00 0
110677 0.00 0.00 0.00 0
110678 0.00 0.00 0.00 0
110679 0.00 0.00 0.00 0
110680 0.00 0.00 0.00 0
110681 0.00 0.00 0.00 0
110682 0.00 0.00 0.00 0
110683 0.00 0.00 0.00 0
110684 0.00 0.00 0.00 0
110685 0.00 0.00 0.00 0
110686 0.00 0.00 0.00 0
110687 0.00 0.00 0.00 0
110688 0.00 0.00 0.00 0
110689 0.00 0.00 0.00 0
110690 0.00 0.00 0.00 0
110691 0.00 0.00 0.00 0
110692 0.00 0.00 0.00 0
110693 0.00 0.00 0.00 0
110694 0.00 0.00 0.00 0
110695 0.00 0.00 0.00 0
110696 0.00 0.00 0.00 0
110697 0.00 0.00 0.00 0
110698 0.00 0.00 0.00 0
110699 0.00 0.00 0.00 0
110700 0.00 0.00 0.00 0
110701 0.00 0.00 0.00 0
110702 0.00 0.00 0.00 0
110703 0.00 0.00 0.00 0
110704 0.00 0.00 0.00 0
110705 0.00 0.00 0.00 0
110706 0.00 0.00 0.00 0
110707 0.00 0.00 0.00 0
110708 0.00 0.00 0.00 0
110709 0.00 0.00 0.00 0
110710 0.00 0.00 0.00 0
110711 0.00 0.00 0.00 0
110712 0.00 0.00 0.00 0
110713 0.00 0.00 0.00 0
110714 0.00 0.00 0.00 0
110715 0.00 0.00 0.00 0
110716 0.00 0.00 0.00 0
110717 0.00 0.00 0.00 0
110718 0.00 0.00 0.00 0
110719 0.00 0.00 0.00 0
110720 0.00 0.00 0.00 0
110721 0.00 0.00 0.00 0
110722 0.00 0.00 0.00 0
110723 0.00 0.00 0.00 0
110724 0.00 0.00 0.00 0
110725 0.00 0.00 0.00 0
110726 0.00 0.00 0.00 0
110727 0.00 0.00 0.00 0
110728 0.00 0.00 0.00 0
115675 0.00 0.00 0.00 0
115676 0.00 0.00 0.00 0
115677 0.00 0.00 0.00 0
115678 0.00 0.00 0.00 0
115679 0.00 0.00 0.00 0
115680 0.00 0.00 0.00 0
115681 0.00 0.00 0.00 0
115682 0.00 0.00 0.00 0
115683 0.00 0.00 0.00 0
115684 0.00 0.00 0.00 0
115685 0.00 0.00 0.00 0
115686 0.00 0.00 0.00 0
115687 0.00 0.00 0.00 0
115688 0.00 0.00 0.00 0
115689 0.00 0.00 0.00 0
115690 0.00 0.00 0.00 0
115691 0.00 0.00 0.00 0
115692 0.00 0.00 0.00 0
116307 0.00 0.00 0.00 0
116317 0.00 0.00 0.00 0
116318 0.00 0.00 0.00 0
116319 0.00 0.00 0.00 0
116320 0.00 0.00 0.00 0
116321 0.00 0.00 0.00 0
116322 0.00 0.00 0.00 0
117331 0.00 0.00 0.00 0
117332 0.00 0.00 0.00 0
117333 0.00 0.00 0.00 0
117334 0.00 0.00 0.00 0
117335 0.00 0.00 0.00 0
117336 0.00 0.00 0.00 0
117337 0.00 0.00 0.00 0
117338 0.00 0.00 0.00 0
117339 0.00 0.00 0.00 0
117340 0.00 0.00 0.00 0
117341 0.00 0.00 0.00 0
117342 0.00 0.00 0.00 0
117343 0.00 0.00 0.00 0
117344 0.00 0.00 0.00 0
117345 0.00 0.00 0.00 0
117346 0.00 0.00 0.00 0
117347 0.00 0.00 0.00 0
117348 0.00 0.00 0.00 0
117349 0.00 0.00 0.00 0
117350 0.00 0.00 0.00 0
117351 0.00 0.00 0.00 0
117352 0.00 0.00 0.00 0
117353 0.00 0.00 0.00 0
117354 0.00 0.00 0.00 0
117355 0.00 0.00 0.00 0
117356 0.00 0.00 0.00 0
117357 0.00 0.00 0.00 0
117358 0.00 0.00 0.00 0
117359 0.00 0.00 0.00 0
117360 0.00 0.00 0.00 0
117361 0.00 0.00 0.00 0
117362 0.00 0.00 0.00 0
118836 0.00 0.00 0.00 0
118837 0.00 0.00 0.00 0
118838 0.00 0.00 0.00 0
118839 0.00 0.00 0.00 0
118840 0.00 0.00 0.00 0
118841 0.00 0.00 0.00 0
118842 0.00 0.00 0.00 0
120016 0.00 0.00 0.00 0
120017 0.00 0.00 0.00 0
120018 0.00 0.00 0.00 0
120019 0.00 0.00 0.00 0
120020 0.00 0.00 0.00 0
120021 0.00 0.00 0.00 0
120022 0.00 0.00 0.00 0
120023 0.00 0.00 0.00 0
120024 0.00 0.00 0.00 0
120025 0.00 0.00 0.00 0
120026 0.00 0.00 0.00 0
120027 0.00 0.00 0.00 0
120028 0.00 0.00 0.00 0
120029 0.00 0.00 0.00 0
120030 0.00 0.00 0.00 0
120031 0.00 0.00 0.00 0
120032 0.00 0.00 0.00 0
120033 0.00 0.00 0.00 0
120034 0.00 0.00 0.00 0
120035 0.00 0.00 0.00 0
120036 0.00 0.00 0.00 0
121923 0.00 0.00 0.00 0
121924 0.00 0.00 0.00 0
121925 0.00 0.00 0.00 0
121926 0.00 0.00 0.00 0
121927 0.00 0.00 0.00 0
121928 0.00 0.00 0.00 0
121929 0.00 0.00 0.00 0
122991 0.00 0.00 0.00 0
122997 0.00 0.00 0.00 0
123000 0.00 0.00 0.00 0
124954 0.00 0.00 0.00 0
124955 0.00 0.00 0.00 0
124956 0.00 0.00 0.00 0
124957 0.00 0.00 0.00 0
124958 0.00 0.00 0.00 0
124959 0.00 0.00 0.00 0
124960 0.00 0.00 0.00 0
124961 0.00 0.00 0.00 0
124962 0.00 0.00 0.00 0
124963 0.00 0.00 0.00 0
124964 0.00 0.00 0.00 0
124965 0.00 0.00 0.00 0
124966 0.00 0.00 0.00 0
124967 0.00 0.00 0.00 0
124968 0.00 0.00 0.00 0
124969 0.00 0.00 0.00 0
124970 0.00 0.00 0.00 0
124971 0.00 0.00 0.00 0
124972 0.00 0.00 0.00 0
124973 0.00 0.00 0.00 0
124974 0.00 0.00 0.00 0
124975 0.00 0.00 0.00 0
124976 0.00 0.00 0.00 0
124977 0.00 0.00 0.00 0
124978 0.00 0.00 0.00 0
124979 0.00 0.00 0.00 0
124980 0.00 0.00 0.00 0
124981 0.00 0.00 0.00 0
124982 0.00 0.00 0.00 0
124983 0.00 0.00 0.00 0
124984 0.00 0.00 0.00 0
124985 0.00 0.00 0.00 0
124990 0.00 0.00 0.00 0
124991 0.00 0.00 0.00 0
124992 0.00 0.00 0.00 0
124993 0.00 0.00 0.00 0
124994 0.00 0.00 0.00 0
124995 0.00 0.00 0.00 0
124996 0.00 0.00 0.00 0
124997 0.00 0.00 0.00 0
124998 0.00 0.00 0.00 0
124999 0.00 0.00 0.00 0
125000 0.00 0.00 0.00 0
125001 0.00 0.00 0.00 0
125002 0.00 0.00 0.00 0
125003 0.00 0.00 0.00 0
125004 0.00 0.00 0.00 0
125005 0.00 0.00 0.00 0
125006 0.00 0.00 0.00 0
125007 0.00 0.00 0.00 0
125008 0.00 0.00 0.00 0
125009 0.00 0.00 0.00 0
125010 0.00 0.00 0.00 0
125011 0.00 0.00 0.00 0
125012 0.00 0.00 0.00 0
125013 0.00 0.00 0.00 0
125014 0.00 0.00 0.00 0
125015 0.00 0.00 0.00 0
125016 0.00 0.00 0.00 0
125017 0.00 0.00 0.00 0
125018 0.00 0.00 0.00 0
125019 0.00 0.00 0.00 0
125020 0.00 0.00 0.00 0
125021 0.00 0.00 0.00 0
125022 0.00 0.00 0.00 0
125023 0.00 0.00 0.00 0
125024 0.00 0.00 0.00 0
125025 0.00 0.00 0.00 0
125026 0.00 0.00 0.00 0
125027 0.00 0.00 0.00 0
125028 0.00 0.00 0.00 0
125029 0.00 0.00 0.00 0
125030 0.00 0.00 0.00 0
125031 0.00 0.00 0.00 0
125032 0.00 0.00 0.00 0
125033 0.00 0.00 0.00 0
125034 0.00 0.00 0.00 0
125035 0.00 0.00 0.00 0
125036 0.00 0.00 0.00 0
125037 0.00 0.00 0.00 0
125038 0.00 0.00 0.00 0
125039 0.00 0.00 0.00 0
125040 0.00 0.00 0.00 0
125041 0.00 0.00 0.00 0
125042 0.00 0.00 0.00 0
125043 0.00 0.00 0.00 0
125044 0.00 0.00 0.00 0
125045 0.00 0.00 0.00 0
125046 0.00 0.00 0.00 0
125047 0.00 0.00 0.00 0
125048 0.00 0.00 0.00 0
125107 0.00 0.00 0.00 0
125108 0.00 0.00 0.00 0
125110 0.00 0.00 0.00 0
125111 0.00 0.00 0.00 0
125112 0.00 0.00 0.00 0
125113 0.00 0.00 0.00 0
125114 0.00 0.00 0.00 0
125115 0.00 0.00 0.00 0
125116 0.00 0.00 0.00 0
125117 0.00 0.00 0.00 0
125118 0.00 0.00 0.00 0
125119 0.00 0.00 0.00 0
125120 0.00 0.00 0.00 0
125121 0.00 0.00 0.00 0
125122 0.00 0.00 0.00 0
125123 0.00 0.00 0.00 0
125124 0.00 0.00 0.00 0
125125 0.00 0.00 0.00 0
125126 0.00 0.00 0.00 0
125127 0.00 0.00 0.00 0
125128 0.00 0.00 0.00 0
125129 0.00 0.00 0.00 0
125130 0.00 0.00 0.00 0
125131 0.00 0.00 0.00 0
125132 0.00 0.00 0.00 0
125133 0.00 0.00 0.00 0
125134 0.00 0.00 0.00 0
125135 0.00 0.00 0.00 0
125136 0.00 0.00 0.00 0
125137 0.00 0.00 0.00 0
125138 0.00 0.00 0.00 0
125139 0.00 0.00 0.00 0
125140 0.00 0.00 0.00 0
125141 0.00 0.00 0.00 0
125142 0.00 0.00 0.00 0
125143 0.00 0.00 0.00 0
125144 0.00 0.00 0.00 0
125145 0.00 0.00 0.00 0
125146 0.00 0.00 0.00 0
125147 0.00 0.00 0.00 0
125148 0.00 0.00 0.00 0
125149 0.00 0.00 0.00 0
125150 0.00 0.00 0.00 0
125151 0.00 0.00 0.00 0
125152 0.00 0.00 0.00 0
125153 0.00 0.00 0.00 0
125155 0.00 0.00 0.00 0
129952 0.00 0.00 0.00 0
129953 0.00 0.00 0.00 0
129954 0.00 0.00 0.00 0
129955 0.00 0.00 0.00 0
129956 0.00 0.00 0.00 0
129957 0.00 0.00 0.00 0
129958 0.00 0.00 0.00 0
129959 0.00 0.00 0.00 0
129960 0.00 0.00 0.00 0
129961 0.00 0.00 0.00 0
129962 0.00 0.00 0.00 0
129963 0.00 0.00 0.00 0
129964 0.00 0.00 0.00 0
129965 0.00 0.00 0.00 0
129966 0.00 0.00 0.00 0
129967 0.00 0.00 0.00 0
129968 0.00 0.00 0.00 0
129969 0.00 0.00 0.00 0
129970 0.00 0.00 0.00 0
129971 0.00 0.00 0.00 0
129972 0.00 0.00 0.00 0
129973 0.00 0.00 0.00 0
129974 0.00 0.00 0.00 0
129975 0.00 0.00 0.00 0
129976 0.00 0.00 0.00 0
129977 0.00 0.00 0.00 0
129978 0.00 0.00 0.00 0
131683 0.00 0.00 0.00 0
131684 0.00 0.00 0.00 0
131685 0.00 0.00 0.00 0
131686 0.00 0.00 0.00 0
131687 0.00 0.00 0.00 0
131688 0.00 0.00 0.00 0
134425 0.00 0.00 0.00 0
134426 0.00 0.00 0.00 0
134427 0.00 0.00 0.00 0
134428 0.00 0.00 0.00 0
134429 0.00 0.00 0.00 0
134430 0.00 0.00 0.00 0
134431 0.00 0.00 0.00 0
134432 0.00 0.00 0.00 0
134433 0.00 0.00 0.00 0
134434 0.00 0.00 0.00 0
134435 0.00 0.00 0.00 0
134436 0.00 0.00 0.00 0
134437 0.00 0.00 0.00 0
134438 0.00 0.00 0.00 0
134439 0.00 0.00 0.00 0
134440 0.00 0.00 0.00 0
134441 0.00 0.00 0.00 0
134442 0.00 0.00 0.00 0
134443 0.00 0.00 0.00 0
134444 0.00 0.00 0.00 0
134445 0.00 0.00 0.00 0
134446 0.00 0.00 0.00 0
134447 0.00 0.00 0.00 0
134448 0.00 0.00 0.00 0
134449 0.00 0.00 0.00 0
134450 0.00 0.00 0.00 0
134451 0.00 0.00 0.00 0
134452 0.00 0.00 0.00 0
134453 0.00 0.00 0.00 0
134454 0.00 0.00 0.00 0
134455 0.00 0.00 0.00 0
134456 0.00 0.00 0.00 0
134457 0.00 0.00 0.00 0
134458 0.00 0.00 0.00 0
134459 0.00 0.00 0.00 0
134460 0.00 0.00 0.00 0
134461 0.00 0.00 0.00 0
134462 0.00 0.00 0.00 0
134463 0.00 0.00 0.00 0
134464 0.00 0.00 0.00 0
134465 0.00 0.00 0.00 0
134466 0.00 0.00 0.00 0
134467 0.00 0.00 0.00 0
134468 0.00 0.00 0.00 0
134469 0.00 0.00 0.00 0
134470 0.00 0.00 0.00 0
134471 0.00 0.00 0.00 0
134472 0.00 0.00 0.00 0
134473 0.00 0.00 0.00 0
134474 0.00 0.00 0.00 0
134475 0.00 0.00 0.00 0
134476 0.00 0.00 0.00 0
134477 0.00 0.00 0.00 0
134478 0.00 0.00 0.00 0
134479 0.00 0.00 0.00 0
134480 0.00 0.00 0.00 0
134481 0.00 0.00 0.00 0
134482 0.00 0.00 0.00 0
134483 0.00 0.00 0.00 0
134484 0.00 0.00 0.00 0
134485 0.00 0.00 0.00 0
134486 0.00 0.00 0.00 0
134487 0.00 0.00 0.00 0
134488 0.00 0.00 0.00 0
134489 0.00 0.00 0.00 0
134490 0.00 0.00 0.00 0
134491 0.00 0.00 0.00 0
134492 0.00 0.00 0.00 0
134493 0.00 0.00 0.00 0
134494 0.00 0.00 0.00 0
134495 0.00 0.00 0.00 0
134496 0.00 0.00 0.00 0
134497 0.00 0.00 0.00 0
134498 0.00 0.00 0.00 0
134499 0.00 0.00 0.00 0
134500 0.00 0.00 0.00 0
134501 0.00 0.00 0.00 0
134502 0.00 0.00 0.00 0
134503 0.00 0.00 0.00 0
134504 0.00 0.00 0.00 0
134505 0.00 0.00 0.00 0
134506 0.00 0.00 0.00 0
134507 0.00 0.00 0.00 0
134508 0.00 0.00 0.00 0
134509 0.00 0.00 0.00 0
134510 0.00 0.00 0.00 0
134567 0.00 0.00 0.00 0
134568 0.00 0.00 0.00 0
134569 0.00 0.00 0.00 0
134570 0.00 0.00 0.00 0
134571 0.00 0.00 0.00 0
134572 0.00 0.00 0.00 0
134573 0.00 0.00 0.00 0
134574 0.00 0.00 0.00 0
134575 0.00 0.00 0.00 0
134576 0.00 0.00 0.00 0
134577 0.00 0.00 0.00 0
134578 0.00 0.00 0.00 0
134584 0.00 0.00 0.00 0
134585 0.00 0.00 0.00 0
134586 0.00 0.00 0.00 0
134587 0.00 0.00 0.00 0
134588 0.00 0.00 0.00 0
134589 0.00 0.00 0.00 0
134590 0.00 0.00 0.00 0
134592 0.00 0.00 0.00 0
134593 0.00 0.00 0.00 0
134594 0.00 0.00 0.00 0
134595 0.00 0.00 0.00 0
134596 0.00 0.00 0.00 0
134597 0.00 0.00 0.00 0
134598 0.00 0.00 0.00 0
134599 0.00 0.00 0.00 0
134600 0.00 0.00 0.00 0
134601 0.00 0.00 0.00 0
134602 0.00 0.00 0.00 0
134603 0.00 0.00 0.00 0
134604 0.00 0.00 0.00 0
134605 0.00 0.00 0.00 0
134606 0.00 0.00 0.00 0
138487 0.00 0.00 0.00 0
138490 0.00 0.00 0.00 0
138491 0.00 0.00 0.00 0
138493 0.00 0.00 0.00 0
138494 0.00 0.00 0.00 0
138495 0.00 0.00 0.00 0
138496 0.00 0.00 0.00 0
138497 0.00 0.00 0.00 0
138498 0.00 0.00 0.00 0
138499 0.00 0.00 0.00 0
138500 0.00 0.00 0.00 0
138501 0.00 0.00 0.00 0
141169 0.00 0.00 0.00 0
141170 0.00 0.00 0.00 0
141195 0.00 0.00 0.00 0
141196 0.00 0.00 0.00 0
141197 0.00 0.00 0.00 0
141198 0.00 0.00 0.00 0
141199 0.00 0.00 0.00 0
141200 0.00 0.00 0.00 0
141216 0.00 0.00 0.00 0
141217 0.00 0.00 0.00 0
141218 0.00 0.00 0.00 0
141220 0.00 0.00 0.00 0
141221 0.00 0.00 0.00 0
141222 0.00 0.00 0.00 0
141223 0.00 0.00 0.00 0
141224 0.00 0.00 0.00 0
141583 0.00 0.00 0.00 0
141584 0.00 0.00 0.00 0
141585 0.00 0.00 0.00 0
141586 0.00 0.00 0.00 0
141587 0.00 0.00 0.00 0
141588 0.00 0.00 0.00 0
141589 0.00 0.00 0.00 0
141590 0.00 0.00 0.00 0
141591 0.00 0.00 0.00 0
141592 0.00 0.00 0.00 0
141593 0.00 0.00 0.00 0
141594 0.00 0.00 0.00 0
141595 0.00 0.00 0.00 0
141596 0.00 0.00 0.00 0
141597 0.00 0.00 0.00 0
141598 0.00 0.00 0.00 0
141599 0.00 0.00 0.00 0
141600 0.00 0.00 0.00 0
141601 0.00 0.00 0.00 0
141602 0.00 0.00 0.00 0
141603 0.00 0.00 0.00 0
141604 0.00 0.00 0.00 0
141605 0.00 0.00 0.00 0
141619 0.00 0.00 0.00 0
141620 0.00 0.00 0.00 0
146545 0.00 0.00 0.00 0
146552 0.00 0.00 0.00 0
146553 0.00 0.00 0.00 0
146554 0.00 0.00 0.00 0
146555 0.00 0.00 0.00 0
146556 0.00 0.00 0.00 0
146557 0.00 0.00 0.00 0
146558 0.00 0.00 0.00 0
146559 0.00 0.00 0.00 0
149272 0.00 0.00 0.00 0
149273 0.00 0.00 0.00 0
149274 0.00 0.00 0.00 0
149275 0.00 0.00 0.00 0
149276 0.00 0.00 0.00 0
149277 0.00 0.00 0.00 0
149278 0.00 0.00 0.00 0
149279 0.00 0.00 0.00 0
149280 0.00 0.00 0.00 0
149300 0.00 0.00 0.00 0
149301 0.00 0.00 0.00 0
149302 0.00 0.00 0.00 0
149303 0.00 0.00 0.00 0
149304 0.00 0.00 0.00 0
149305 0.00 0.00 0.00 0
149306 0.00 0.00 0.00 0
149307 0.00 0.00 0.00 0
149308 0.00 0.00 0.00 0
149309 0.00 0.00 0.00 0
149310 0.00 0.00 0.00 0
149311 0.00 0.00 0.00 0
149312 0.00 0.00 0.00 0
149313 0.00 0.00 0.00 0
149314 0.00 0.00 0.00 0
149315 0.00 0.00 0.00 0
149316 0.00 0.00 0.00 0
149317 0.00 0.00 0.00 0
149318 0.00 0.00 0.00 0
149319 0.00 0.00 0.00 0
149320 0.00 0.00 0.00 0
149321 0.00 0.00 0.00 0
149322 0.00 0.00 0.00 0
149323 0.00 0.00 0.00 0
149324 0.00 0.00 0.00 0
149325 0.00 0.00 0.00 0
149326 0.00 0.00 0.00 0
149327 0.00 0.00 0.00 0
149328 0.00 0.00 0.00 0
149329 0.00 0.00 0.00 0
149330 0.00 0.00 0.00 0
149331 0.00 0.00 0.00 0
149332 0.00 0.00 0.00 0
149333 0.00 0.00 0.00 0
154371 0.00 0.00 0.00 0
154372 0.00 0.00 0.00 0
154373 0.00 0.00 0.00 0
154374 0.00 0.00 0.00 0
154375 0.00 0.00 0.00 0
154376 0.00 0.00 0.00 0
154388 0.00 0.00 0.00 0
154389 0.00 0.00 0.00 0
154390 0.00 0.00 0.00 0
154391 0.00 0.00 0.00 0
154392 0.00 0.00 0.00 0
154393 0.00 0.00 0.00 0
154394 0.00 0.00 0.00 0
154395 0.00 0.00 0.00 0
154396 0.00 0.00 0.00 0
154397 0.00 0.00 0.00 0
154398 0.00 0.00 0.00 0
154399 0.00 0.00 0.00 0
154400 0.00 0.00 0.00 0
154401 0.00 0.00 0.00 0
154402 0.00 0.00 0.00 0
154403 0.00 0.00 0.00 0
154404 0.00 0.00 0.00 0
154405 0.00 0.00 0.00 0
154406 0.00 0.00 0.00 0
154407 0.00 0.00 0.00 0
154408 0.00 0.00 0.00 0
154409 0.00 0.00 0.00 0
154410 0.00 0.00 0.00 0
154411 0.00 0.00 0.00 0
154412 0.00 0.00 0.00 0
154413 0.00 0.00 0.00 0
154414 0.00 0.00 0.00 0
154415 0.00 0.00 0.00 0
154416 0.00 0.00 0.00 0
154417 0.00 0.00 0.00 0
154418 0.00 0.00 0.00 0
154419 0.00 0.00 0.00 0
154420 0.00 0.00 0.00 0
154421 0.00 0.00 0.00 0
154422 0.00 0.00 0.00 0
154423 0.00 0.00 0.00 0
154424 0.00 0.00 0.00 0
154425 0.00 0.00 0.00 0
154426 0.00 0.00 0.00 0
154427 0.00 0.00 0.00 0
154428 0.00 0.00 0.00 0
154429 0.00 0.00 0.00 0
154430 0.00 0.00 0.00 0
154431 0.00 0.00 0.00 0
154432 0.00 0.00 0.00 0
154433 0.00 0.00 0.00 0
154434 0.00 0.00 0.00 0
154435 0.00 0.00 0.00 0
154436 0.00 0.00 0.00 0
154437 0.00 0.00 0.00 0
154438 0.00 0.00 0.00 0
154439 0.00 0.00 0.00 0
154440 0.00 0.00 0.00 0
154441 0.00 0.00 0.00 0
154442 0.00 0.00 0.00 0
154449 0.00 0.00 0.00 0
154450 0.00 0.00 0.00 0
154451 0.00 0.00 0.00 0
154455 0.00 0.00 0.00 0
154456 0.00 0.00 0.00 0
154457 0.00 0.00 0.00 0
154458 0.00 0.00 0.00 0
154459 0.00 0.00 0.00 0
154460 0.00 0.00 0.00 0
154461 0.00 0.00 0.00 0
154462 0.00 0.00 0.00 0
154463 0.00 0.00 0.00 0
154464 0.00 0.00 0.00 0
154465 0.00 0.00 0.00 0
154466 0.00 0.00 0.00 0
154467 0.00 0.00 0.00 0
154468 0.00 0.00 0.00 0
154469 0.00 0.00 0.00 0
154470 0.00 0.00 0.00 0
154471 0.00 0.00 0.00 0
154472 0.00 0.00 0.00 0
154473 0.00 0.00 0.00 0
154474 0.00 0.00 0.00 0
154475 0.00 0.00 0.00 0
154476 0.00 0.00 0.00 0
154477 0.00 0.00 0.00 0
154478 0.00 0.00 0.00 0
154479 0.00 0.00 0.00 0
154480 0.00 0.00 0.00 0
154481 0.00 0.00 0.00 0
154482 0.00 0.00 0.00 0
154483 0.00 0.00 0.00 0
154484 0.00 0.00 0.00 0
154485 0.00 0.00 0.00 0
154486 0.00 0.00 0.00 0
154487 0.00 0.00 0.00 0
154488 0.00 0.00 0.00 0
154489 0.00 0.00 0.00 0
154490 0.00 0.00 0.00 0
154491 0.00 0.00 0.00 0
154492 0.00 0.00 0.00 0
154493 0.00 0.00 0.00 0
154494 0.00 0.00 0.00 0
154495 0.00 0.00 0.00 0
154496 0.00 0.00 0.00 0
154497 0.00 0.00 0.00 0
154498 0.00 0.00 0.00 0
154499 0.00 0.00 0.00 0
154500 0.00 0.00 0.00 0
154501 0.00 0.00 0.00 0
154502 0.00 0.00 0.00 0
154503 0.00 0.00 0.00 0
154504 0.00 0.00 0.00 0
154505 0.00 0.00 0.00 0
154506 0.00 0.00 0.00 0
154507 0.00 0.00 0.00 0
154508 0.00 0.00 0.00 0
154509 0.00 0.00 0.00 0
154510 0.00 0.00 0.00 0
154511 0.00 0.00 0.00 0
154512 0.00 0.00 0.00 0
154513 0.00 0.00 0.00 0
154514 0.00 0.00 0.00 0
154515 0.00 0.00 0.00 0
154516 0.00 0.00 0.00 0
154517 0.00 0.00 0.00 0
154518 0.00 0.00 0.00 0
154519 0.00 0.00 0.00 0
154520 0.00 0.00 0.00 0
154521 0.00 0.00 0.00 0
154522 0.00 0.00 0.00 0
154523 0.00 0.00 0.00 0
154524 0.00 0.00 0.00 0
154525 0.00 0.00 0.00 0
154526 0.00 0.00 0.00 0
154527 0.00 0.00 0.00 0
154528 0.00 0.00 0.00 0
154529 0.00 0.00 0.00 0
154530 0.00 0.00 0.00 0
154531 0.00 0.00 0.00 0
154532 0.00 0.00 0.00 0
154533 0.00 0.00 0.00 0
154534 0.00 0.00 0.00 0
154535 0.00 0.00 0.00 0
154536 0.00 0.00 0.00 0
154537 0.00 0.00 0.00 0
154538 0.00 0.00 0.00 0
154539 0.00 0.00 0.00 0
154540 0.00 0.00 0.00 0
154541 0.00 0.00 0.00 0
154542 0.00 0.00 0.00 0
154543 0.00 0.00 0.00 0
154544 0.00 0.00 0.00 0
154545 0.00 0.00 0.00 0
154546 0.00 0.00 0.00 0
154547 0.00 0.00 0.00 0
154548 0.00 0.00 0.00 0
154549 0.00 0.00 0.00 0
154550 0.00 0.00 0.00 0
154551 0.00 0.00 0.00 0
154552 0.00 0.00 0.00 0
154553 0.00 0.00 0.00 0
154554 0.00 0.00 0.00 0
154555 0.00 0.00 0.00 0
154556 0.00 0.00 0.00 0
154557 0.00 0.00 0.00 0
154558 0.00 0.00 0.00 0
154559 0.00 0.00 0.00 0
154560 0.00 0.00 0.00 0
154561 0.00 0.00 0.00 0
154562 0.00 0.00 0.00 0
154563 0.00 0.00 0.00 0
154564 0.00 0.00 0.00 0
154565 0.00 0.00 0.00 0
154566 0.00 0.00 0.00 0
154567 0.00 0.00 0.00 0
154568 0.00 0.00 0.00 0
154569 0.00 0.00 0.00 0
154570 0.00 0.00 0.00 0
154571 0.00 0.00 0.00 0
154572 0.00 0.00 0.00 0
154573 0.00 0.00 0.00 0
154574 0.00 0.00 0.00 0
154575 0.00 0.00 0.00 0
154576 0.00 0.00 0.00 0
154577 0.00 0.00 0.00 0
154578 0.00 0.00 0.00 0
154579 0.00 0.00 0.00 0
154580 0.00 0.00 0.00 0
154581 0.00 0.00 0.00 0
154582 0.00 0.00 0.00 0
154583 0.00 0.00 0.00 0
154584 0.00 0.00 0.00 0
154585 0.00 0.00 0.00 0
154586 0.00 0.00 0.00 0
154587 0.00 0.00 0.00 0
154588 0.00 0.00 0.00 0
154589 0.00 0.00 0.00 0
154590 0.00 0.00 0.00 0
154591 0.00 0.00 0.00 0
154592 0.00 0.00 0.00 0
154593 0.00 0.00 0.00 0
154594 0.00 0.00 0.00 0
154595 0.00 0.00 0.00 0
154596 0.00 0.00 0.00 0
154597 0.00 0.00 0.00 0
154598 0.00 0.00 0.00 0
154599 0.00 0.00 0.00 0
154600 0.00 0.00 0.00 0
154601 0.00 0.00 0.00 0
154602 0.00 0.00 0.00 0
154603 0.00 0.00 0.00 0
154604 0.00 0.00 0.00 0
154681 0.00 0.00 0.00 0
154682 0.00 0.00 0.00 0
154683 0.00 0.00 0.00 0
154684 0.00 0.00 0.00 0
154685 0.00 0.00 0.00 0
154760 0.00 0.00 0.00 0
154761 0.00 0.00 0.00 0
154762 0.00 0.00 0.00 0
154763 0.00 0.00 0.00 0
154764 0.00 0.00 0.00 0
154765 0.00 0.00 0.00 0
154766 0.00 0.00 0.00 0
154767 0.00 0.00 0.00 0
154768 0.00 0.00 0.00 0
154769 0.00 0.00 0.00 0
154770 0.00 0.00 0.00 0
154771 0.00 0.00 0.00 0
154772 0.00 0.00 0.00 0
154773 0.00 0.00 0.00 0
154774 0.00 0.00 0.00 0
154775 0.00 0.00 0.00 0
154776 0.00 0.00 0.00 0
154777 0.00 0.00 0.00 0
154778 0.00 0.00 0.00 0
154779 0.00 0.00 0.00 0
154780 0.00 0.00 0.00 0
154781 0.00 0.00 0.00 0
154782 0.00 0.00 0.00 0
154783 0.00 0.00 0.00 0
154784 0.00 0.00 0.00 0
154785 0.00 0.00 0.00 0
154786 0.00 0.00 0.00 0
154787 0.00 0.00 0.00 0
154788 0.00 0.00 0.00 0
154789 0.00 0.00 0.00 0
154790 0.00 0.00 0.00 0
154791 0.00 0.00 0.00 0
154792 0.00 0.00 0.00 0
154793 0.00 0.00 0.00 0
154794 0.00 0.00 0.00 0
154795 0.00 0.00 0.00 0
154796 0.00 0.00 0.00 0
154797 0.00 0.00 0.00 0
154798 0.00 0.00 0.00 0
154799 0.00 0.00 0.00 0
154800 0.00 0.00 0.00 0
154801 0.00 0.00 0.00 0
154802 0.00 0.00 0.00 0
154803 0.00 0.00 0.00 0
154804 0.00 0.00 0.00 0
154805 0.00 0.00 0.00 0
154806 0.00 0.00 0.00 0
154807 0.00 0.00 0.00 0
154808 0.00 0.00 0.00 0
154809 0.00 0.00 0.00 0
154810 0.00 0.00 0.00 0
154811 0.00 0.00 0.00 0
154812 0.00 0.00 0.00 0
154813 0.00 0.00 0.00 0
154814 0.00 0.00 0.00 0
154815 0.00 0.00 0.00 0
154816 0.00 0.00 0.00 0
154817 0.00 0.00 0.00 0
154818 0.00 0.00 0.00 0
154819 0.00 0.00 0.00 0
154820 0.00 0.00 0.00 0
154821 0.00 0.00 0.00 0
154822 0.00 0.00 0.00 0
154823 0.00 0.00 0.00 0
154824 0.00 0.00 0.00 0
154825 0.00 0.00 0.00 0
154826 0.00 0.00 0.00 0
154827 0.00 0.00 0.00 0
154828 0.00 0.00 0.00 0
154829 0.00 0.00 0.00 0
154830 0.00 0.00 0.00 0
154831 0.00 0.00 0.00 0
154832 0.00 0.00 0.00 0
154833 0.00 0.00 0.00 0
154834 0.00 0.00 0.00 0
154835 0.00 0.00 0.00 0
154836 0.00 0.00 0.00 0
154837 0.00 0.00 0.00 0
154838 0.00 0.00 0.00 0
154839 0.00 0.00 0.00 0
154840 0.00 0.00 0.00 0
154841 0.00 0.00 0.00 0
154842 0.00 0.00 0.00 0
154843 0.00 0.00 0.00 0
154844 0.00 0.00 0.00 0
154845 0.00 0.00 0.00 0
154846 0.00 0.00 0.00 0
154847 0.00 0.00 0.00 0
154848 0.00 0.00 0.00 0
154849 0.00 0.00 0.00 0
154850 0.00 0.00 0.00 0
154851 0.00 0.00 0.00 0
154852 0.00 0.00 0.00 0
154853 0.00 0.00 0.00 0
154854 0.00 0.00 0.00 0
154855 0.00 0.00 0.00 0
154856 0.00 0.00 0.00 0
154857 0.00 0.00 0.00 0
154858 0.00 0.00 0.00 0
154859 0.00 0.00 0.00 0
154860 0.00 0.00 0.00 0
154861 0.00 0.00 0.00 0
154862 0.00 0.00 0.00 0
154863 0.00 0.00 0.00 0
154864 0.00 0.00 0.00 0
154865 0.00 0.00 0.00 0
154866 0.00 0.00 0.00 0
154867 0.00 0.00 0.00 0
154868 0.00 0.00 0.00 0
154869 0.00 0.00 0.00 0
154870 0.00 0.00 0.00 0
154871 0.00 0.00 0.00 0
154872 0.00 0.00 0.00 0
154873 0.00 0.00 0.00 0
154874 0.00 0.00 0.00 0
154875 0.00 0.00 0.00 0
154876 0.00 0.00 0.00 0
154877 0.00 0.00 0.00 0
154878 0.00 0.00 0.00 0
154879 0.00 0.00 0.00 0
154880 0.00 0.00 0.00 0
154881 0.00 0.00 0.00 0
154882 0.00 0.00 0.00 0
154883 0.00 0.00 0.00 0
154884 0.00 0.00 0.00 0
154885 0.00 0.00 0.00 0
154886 0.00 0.00 0.00 0
154887 0.00 0.00 0.00 0
154888 0.00 0.00 0.00 0
154889 0.00 0.00 0.00 0
154890 0.00 0.00 0.00 0
154891 0.00 0.00 0.00 0
154892 0.00 0.00 0.00 0
154893 0.00 0.00 0.00 0
154894 0.00 0.00 0.00 0
154895 0.00 0.00 0.00 0
154896 0.00 0.00 0.00 0
154897 0.00 0.00 0.00 0
154898 0.00 0.00 0.00 0
154899 0.00 0.00 0.00 0
154900 0.00 0.00 0.00 0
154901 0.00 0.00 0.00 0
154902 0.00 0.00 0.00 0
154903 0.00 0.00 0.00 0
154904 0.00 0.00 0.00 0
