# G_and_S_paracentral
2518
107 0.00 0.00 0.00 0
108 0.00 0.00 0.00 0
238 0.00 0.00 0.00 0
239 0.00 0.00 0.00 0
486 0.00 0.00 0.00 0
487 0.00 0.00 0.00 0
488 0.00 0.00 0.00 0
489 0.00 0.00 0.00 0
490 0.00 0.00 0.00 0
720 0.00 0.00 0.00 0
1062 0.00 0.00 0.00 0
1063 0.00 0.00 0.00 0
1064 0.00 0.00 0.00 0
1065 0.00 0.00 0.00 0
1066 0.00 0.00 0.00 0
1068 0.00 0.00 0.00 0
1069 0.00 0.00 0.00 0
1070 0.00 0.00 0.00 0
1071 0.00 0.00 0.00 0
1072 0.00 0.00 0.00 0
1073 0.00 0.00 0.00 0
1074 0.00 0.00 0.00 0
1576 0.00 0.00 0.00 0
1579 0.00 0.00 0.00 0
1580 0.00 0.00 0.00 0
1581 0.00 0.00 0.00 0
1582 0.00 0.00 0.00 0
1583 0.00 0.00 0.00 0
1834 0.00 0.00 0.00 0
2104 0.00 0.00 0.00 0
2105 0.00 0.00 0.00 0
2108 0.00 0.00 0.00 0
2109 0.00 0.00 0.00 0
2110 0.00 0.00 0.00 0
2111 0.00 0.00 0.00 0
2112 0.00 0.00 0.00 0
2113 0.00 0.00 0.00 0
2114 0.00 0.00 0.00 0
2115 0.00 0.00 0.00 0
2982 0.00 0.00 0.00 0
2983 0.00 0.00 0.00 0
2984 0.00 0.00 0.00 0
2985 0.00 0.00 0.00 0
2986 0.00 0.00 0.00 0
2988 0.00 0.00 0.00 0
2989 0.00 0.00 0.00 0
2990 0.00 0.00 0.00 0
2991 0.00 0.00 0.00 0
2992 0.00 0.00 0.00 0
2993 0.00 0.00 0.00 0
2994 0.00 0.00 0.00 0
2995 0.00 0.00 0.00 0
2996 0.00 0.00 0.00 0
3586 0.00 0.00 0.00 0
3590 0.00 0.00 0.00 0
3591 0.00 0.00 0.00 0
3592 0.00 0.00 0.00 0
3593 0.00 0.00 0.00 0
3594 0.00 0.00 0.00 0
3595 0.00 0.00 0.00 0
3596 0.00 0.00 0.00 0
3597 0.00 0.00 0.00 0
3598 0.00 0.00 0.00 0
3599 0.00 0.00 0.00 0
4625 0.00 0.00 0.00 0
4626 0.00 0.00 0.00 0
4627 0.00 0.00 0.00 0
4629 0.00 0.00 0.00 0
4630 0.00 0.00 0.00 0
4631 0.00 0.00 0.00 0
4632 0.00 0.00 0.00 0
4633 0.00 0.00 0.00 0
4634 0.00 0.00 0.00 0
4636 0.00 0.00 0.00 0
4638 0.00 0.00 0.00 0
4639 0.00 0.00 0.00 0
4640 0.00 0.00 0.00 0
4641 0.00 0.00 0.00 0
4642 0.00 0.00 0.00 0
4643 0.00 0.00 0.00 0
4644 0.00 0.00 0.00 0
4645 0.00 0.00 0.00 0
4646 0.00 0.00 0.00 0
4647 0.00 0.00 0.00 0
4648 0.00 0.00 0.00 0
4649 0.00 0.00 0.00 0
4650 0.00 0.00 0.00 0
4651 0.00 0.00 0.00 0
4652 0.00 0.00 0.00 0
4653 0.00 0.00 0.00 0
4654 0.00 0.00 0.00 0
4655 0.00 0.00 0.00 0
4656 0.00 0.00 0.00 0
4667 0.00 0.00 0.00 0
5896 0.00 0.00 0.00 0
5902 0.00 0.00 0.00 0
6518 0.00 0.00 0.00 0
6519 0.00 0.00 0.00 0
6520 0.00 0.00 0.00 0
6521 0.00 0.00 0.00 0
6522 0.00 0.00 0.00 0
6523 0.00 0.00 0.00 0
6524 0.00 0.00 0.00 0
6525 0.00 0.00 0.00 0
6526 0.00 0.00 0.00 0
6529 0.00 0.00 0.00 0
6530 0.00 0.00 0.00 0
6531 0.00 0.00 0.00 0
6532 0.00 0.00 0.00 0
6533 0.00 0.00 0.00 0
6534 0.00 0.00 0.00 0
6535 0.00 0.00 0.00 0
6536 0.00 0.00 0.00 0
6537 0.00 0.00 0.00 0
6538 0.00 0.00 0.00 0
6539 0.00 0.00 0.00 0
6540 0.00 0.00 0.00 0
6542 0.00 0.00 0.00 0
7515 0.00 0.00 0.00 0
7516 0.00 0.00 0.00 0
7521 0.00 0.00 0.00 0
7523 0.00 0.00 0.00 0
7524 0.00 0.00 0.00 0
7525 0.00 0.00 0.00 0
7526 0.00 0.00 0.00 0
7527 0.00 0.00 0.00 0
7528 0.00 0.00 0.00 0
7529 0.00 0.00 0.00 0
7530 0.00 0.00 0.00 0
7532 0.00 0.00 0.00 0
8873 0.00 0.00 0.00 0
8874 0.00 0.00 0.00 0
8875 0.00 0.00 0.00 0
8882 0.00 0.00 0.00 0
8883 0.00 0.00 0.00 0
8888 0.00 0.00 0.00 0
8889 0.00 0.00 0.00 0
8890 0.00 0.00 0.00 0
8891 0.00 0.00 0.00 0
8892 0.00 0.00 0.00 0
8893 0.00 0.00 0.00 0
8894 0.00 0.00 0.00 0
8895 0.00 0.00 0.00 0
8896 0.00 0.00 0.00 0
8897 0.00 0.00 0.00 0
8898 0.00 0.00 0.00 0
8899 0.00 0.00 0.00 0
8900 0.00 0.00 0.00 0
8901 0.00 0.00 0.00 0
8902 0.00 0.00 0.00 0
8903 0.00 0.00 0.00 0
8904 0.00 0.00 0.00 0
8905 0.00 0.00 0.00 0
8906 0.00 0.00 0.00 0
8907 0.00 0.00 0.00 0
8908 0.00 0.00 0.00 0
8909 0.00 0.00 0.00 0
8910 0.00 0.00 0.00 0
8911 0.00 0.00 0.00 0
10662 0.00 0.00 0.00 0
10663 0.00 0.00 0.00 0
10664 0.00 0.00 0.00 0
10665 0.00 0.00 0.00 0
10666 0.00 0.00 0.00 0
10670 0.00 0.00 0.00 0
10671 0.00 0.00 0.00 0
10672 0.00 0.00 0.00 0
10673 0.00 0.00 0.00 0
10674 0.00 0.00 0.00 0
10675 0.00 0.00 0.00 0
10676 0.00 0.00 0.00 0
11270 0.00 0.00 0.00 0
11271 0.00 0.00 0.00 0
11272 0.00 0.00 0.00 0
11273 0.00 0.00 0.00 0
11274 0.00 0.00 0.00 0
11275 0.00 0.00 0.00 0
11276 0.00 0.00 0.00 0
11277 0.00 0.00 0.00 0
11278 0.00 0.00 0.00 0
11279 0.00 0.00 0.00 0
11280 0.00 0.00 0.00 0
12305 0.00 0.00 0.00 0
12306 0.00 0.00 0.00 0
12307 0.00 0.00 0.00 0
12308 0.00 0.00 0.00 0
12309 0.00 0.00 0.00 0
12310 0.00 0.00 0.00 0
12311 0.00 0.00 0.00 0
12312 0.00 0.00 0.00 0
12313 0.00 0.00 0.00 0
12314 0.00 0.00 0.00 0
12315 0.00 0.00 0.00 0
12316 0.00 0.00 0.00 0
12320 0.00 0.00 0.00 0
12321 0.00 0.00 0.00 0
12322 0.00 0.00 0.00 0
12323 0.00 0.00 0.00 0
12324 0.00 0.00 0.00 0
12325 0.00 0.00 0.00 0
12326 0.00 0.00 0.00 0
12327 0.00 0.00 0.00 0
12328 0.00 0.00 0.00 0
12329 0.00 0.00 0.00 0
12330 0.00 0.00 0.00 0
12331 0.00 0.00 0.00 0
12332 0.00 0.00 0.00 0
12333 0.00 0.00 0.00 0
12334 0.00 0.00 0.00 0
12335 0.00 0.00 0.00 0
12336 0.00 0.00 0.00 0
12341 0.00 0.00 0.00 0
14702 0.00 0.00 0.00 0
14703 0.00 0.00 0.00 0
14704 0.00 0.00 0.00 0
14705 0.00 0.00 0.00 0
14706 0.00 0.00 0.00 0
14707 0.00 0.00 0.00 0
14708 0.00 0.00 0.00 0
14709 0.00 0.00 0.00 0
14710 0.00 0.00 0.00 0
14711 0.00 0.00 0.00 0
14712 0.00 0.00 0.00 0
14713 0.00 0.00 0.00 0
14714 0.00 0.00 0.00 0
14715 0.00 0.00 0.00 0
14716 0.00 0.00 0.00 0
14719 0.00 0.00 0.00 0
14720 0.00 0.00 0.00 0
14721 0.00 0.00 0.00 0
14722 0.00 0.00 0.00 0
14723 0.00 0.00 0.00 0
14724 0.00 0.00 0.00 0
14725 0.00 0.00 0.00 0
14726 0.00 0.00 0.00 0
14727 0.00 0.00 0.00 0
14728 0.00 0.00 0.00 0
14729 0.00 0.00 0.00 0
14730 0.00 0.00 0.00 0
14731 0.00 0.00 0.00 0
14732 0.00 0.00 0.00 0
14733 0.00 0.00 0.00 0
14734 0.00 0.00 0.00 0
14735 0.00 0.00 0.00 0
14736 0.00 0.00 0.00 0
14737 0.00 0.00 0.00 0
14738 0.00 0.00 0.00 0
14739 0.00 0.00 0.00 0
14740 0.00 0.00 0.00 0
14741 0.00 0.00 0.00 0
14742 0.00 0.00 0.00 0
16512 0.00 0.00 0.00 0
16513 0.00 0.00 0.00 0
16514 0.00 0.00 0.00 0
16515 0.00 0.00 0.00 0
16516 0.00 0.00 0.00 0
16523 0.00 0.00 0.00 0
16524 0.00 0.00 0.00 0
16528 0.00 0.00 0.00 0
16529 0.00 0.00 0.00 0
16530 0.00 0.00 0.00 0
16531 0.00 0.00 0.00 0
16532 0.00 0.00 0.00 0
16533 0.00 0.00 0.00 0
16534 0.00 0.00 0.00 0
16535 0.00 0.00 0.00 0
16536 0.00 0.00 0.00 0
16537 0.00 0.00 0.00 0
16538 0.00 0.00 0.00 0
16539 0.00 0.00 0.00 0
16540 0.00 0.00 0.00 0
16541 0.00 0.00 0.00 0
16542 0.00 0.00 0.00 0
16543 0.00 0.00 0.00 0
16544 0.00 0.00 0.00 0
16545 0.00 0.00 0.00 0
16546 0.00 0.00 0.00 0
16547 0.00 0.00 0.00 0
16548 0.00 0.00 0.00 0
16549 0.00 0.00 0.00 0
19630 0.00 0.00 0.00 0
19631 0.00 0.00 0.00 0
19632 0.00 0.00 0.00 0
19633 0.00 0.00 0.00 0
19634 0.00 0.00 0.00 0
19635 0.00 0.00 0.00 0
19636 0.00 0.00 0.00 0
19637 0.00 0.00 0.00 0
19638 0.00 0.00 0.00 0
19640 0.00 0.00 0.00 0
19646 0.00 0.00 0.00 0
19647 0.00 0.00 0.00 0
19648 0.00 0.00 0.00 0
19649 0.00 0.00 0.00 0
19652 0.00 0.00 0.00 0
19653 0.00 0.00 0.00 0
19654 0.00 0.00 0.00 0
19655 0.00 0.00 0.00 0
19656 0.00 0.00 0.00 0
19667 0.00 0.00 0.00 0
19668 0.00 0.00 0.00 0
19669 0.00 0.00 0.00 0
19670 0.00 0.00 0.00 0
19671 0.00 0.00 0.00 0
19672 0.00 0.00 0.00 0
19673 0.00 0.00 0.00 0
19674 0.00 0.00 0.00 0
19677 0.00 0.00 0.00 0
19678 0.00 0.00 0.00 0
19679 0.00 0.00 0.00 0
19680 0.00 0.00 0.00 0
19681 0.00 0.00 0.00 0
19682 0.00 0.00 0.00 0
19683 0.00 0.00 0.00 0
19684 0.00 0.00 0.00 0
19685 0.00 0.00 0.00 0
19686 0.00 0.00 0.00 0
19687 0.00 0.00 0.00 0
19688 0.00 0.00 0.00 0
19689 0.00 0.00 0.00 0
19691 0.00 0.00 0.00 0
19692 0.00 0.00 0.00 0
19693 0.00 0.00 0.00 0
19694 0.00 0.00 0.00 0
19695 0.00 0.00 0.00 0
19696 0.00 0.00 0.00 0
19697 0.00 0.00 0.00 0
19698 0.00 0.00 0.00 0
19699 0.00 0.00 0.00 0
19700 0.00 0.00 0.00 0
19701 0.00 0.00 0.00 0
19702 0.00 0.00 0.00 0
19703 0.00 0.00 0.00 0
19704 0.00 0.00 0.00 0
19705 0.00 0.00 0.00 0
19706 0.00 0.00 0.00 0
19707 0.00 0.00 0.00 0
19708 0.00 0.00 0.00 0
19709 0.00 0.00 0.00 0
19710 0.00 0.00 0.00 0
19711 0.00 0.00 0.00 0
19712 0.00 0.00 0.00 0
19713 0.00 0.00 0.00 0
19714 0.00 0.00 0.00 0
19715 0.00 0.00 0.00 0
19716 0.00 0.00 0.00 0
19717 0.00 0.00 0.00 0
19718 0.00 0.00 0.00 0
19719 0.00 0.00 0.00 0
19720 0.00 0.00 0.00 0
19721 0.00 0.00 0.00 0
19722 0.00 0.00 0.00 0
19723 0.00 0.00 0.00 0
19724 0.00 0.00 0.00 0
19725 0.00 0.00 0.00 0
19726 0.00 0.00 0.00 0
19727 0.00 0.00 0.00 0
19728 0.00 0.00 0.00 0
19757 0.00 0.00 0.00 0
19758 0.00 0.00 0.00 0
19759 0.00 0.00 0.00 0
23798 0.00 0.00 0.00 0
23799 0.00 0.00 0.00 0
23800 0.00 0.00 0.00 0
23801 0.00 0.00 0.00 0
23802 0.00 0.00 0.00 0
23803 0.00 0.00 0.00 0
23804 0.00 0.00 0.00 0
23805 0.00 0.00 0.00 0
23806 0.00 0.00 0.00 0
23810 0.00 0.00 0.00 0
23811 0.00 0.00 0.00 0
23812 0.00 0.00 0.00 0
23813 0.00 0.00 0.00 0
23814 0.00 0.00 0.00 0
23815 0.00 0.00 0.00 0
23816 0.00 0.00 0.00 0
23817 0.00 0.00 0.00 0
23818 0.00 0.00 0.00 0
23819 0.00 0.00 0.00 0
23820 0.00 0.00 0.00 0
23821 0.00 0.00 0.00 0
23822 0.00 0.00 0.00 0
23823 0.00 0.00 0.00 0
23824 0.00 0.00 0.00 0
24886 0.00 0.00 0.00 0
24892 0.00 0.00 0.00 0
24893 0.00 0.00 0.00 0
24894 0.00 0.00 0.00 0
24895 0.00 0.00 0.00 0
24896 0.00 0.00 0.00 0
24897 0.00 0.00 0.00 0
24898 0.00 0.00 0.00 0
24899 0.00 0.00 0.00 0
24900 0.00 0.00 0.00 0
24901 0.00 0.00 0.00 0
24902 0.00 0.00 0.00 0
24903 0.00 0.00 0.00 0
24904 0.00 0.00 0.00 0
24906 0.00 0.00 0.00 0
24907 0.00 0.00 0.00 0
24908 0.00 0.00 0.00 0
26755 0.00 0.00 0.00 0
26756 0.00 0.00 0.00 0
26757 0.00 0.00 0.00 0
26758 0.00 0.00 0.00 0
26762 0.00 0.00 0.00 0
26763 0.00 0.00 0.00 0
26764 0.00 0.00 0.00 0
26765 0.00 0.00 0.00 0
26766 0.00 0.00 0.00 0
26767 0.00 0.00 0.00 0
26768 0.00 0.00 0.00 0
26769 0.00 0.00 0.00 0
26770 0.00 0.00 0.00 0
26771 0.00 0.00 0.00 0
26777 0.00 0.00 0.00 0
26778 0.00 0.00 0.00 0
26779 0.00 0.00 0.00 0
26780 0.00 0.00 0.00 0
26781 0.00 0.00 0.00 0
26782 0.00 0.00 0.00 0
26783 0.00 0.00 0.00 0
26784 0.00 0.00 0.00 0
26785 0.00 0.00 0.00 0
26786 0.00 0.00 0.00 0
26787 0.00 0.00 0.00 0
26788 0.00 0.00 0.00 0
26789 0.00 0.00 0.00 0
26790 0.00 0.00 0.00 0
26792 0.00 0.00 0.00 0
26793 0.00 0.00 0.00 0
26794 0.00 0.00 0.00 0
26795 0.00 0.00 0.00 0
26796 0.00 0.00 0.00 0
26797 0.00 0.00 0.00 0
26798 0.00 0.00 0.00 0
26799 0.00 0.00 0.00 0
26800 0.00 0.00 0.00 0
26801 0.00 0.00 0.00 0
26802 0.00 0.00 0.00 0
26803 0.00 0.00 0.00 0
26804 0.00 0.00 0.00 0
26805 0.00 0.00 0.00 0
26806 0.00 0.00 0.00 0
26807 0.00 0.00 0.00 0
26808 0.00 0.00 0.00 0
26809 0.00 0.00 0.00 0
26810 0.00 0.00 0.00 0
26811 0.00 0.00 0.00 0
26812 0.00 0.00 0.00 0
26831 0.00 0.00 0.00 0
26832 0.00 0.00 0.00 0
26833 0.00 0.00 0.00 0
29116 0.00 0.00 0.00 0
29127 0.00 0.00 0.00 0
29128 0.00 0.00 0.00 0
29129 0.00 0.00 0.00 0
29130 0.00 0.00 0.00 0
29131 0.00 0.00 0.00 0
29135 0.00 0.00 0.00 0
30568 0.00 0.00 0.00 0
30569 0.00 0.00 0.00 0
30570 0.00 0.00 0.00 0
30571 0.00 0.00 0.00 0
30572 0.00 0.00 0.00 0
30573 0.00 0.00 0.00 0
30574 0.00 0.00 0.00 0
30575 0.00 0.00 0.00 0
30576 0.00 0.00 0.00 0
30577 0.00 0.00 0.00 0
30578 0.00 0.00 0.00 0
30579 0.00 0.00 0.00 0
30580 0.00 0.00 0.00 0
30581 0.00 0.00 0.00 0
30582 0.00 0.00 0.00 0
30583 0.00 0.00 0.00 0
30584 0.00 0.00 0.00 0
30585 0.00 0.00 0.00 0
30586 0.00 0.00 0.00 0
30588 0.00 0.00 0.00 0
30591 0.00 0.00 0.00 0
30592 0.00 0.00 0.00 0
30593 0.00 0.00 0.00 0
30594 0.00 0.00 0.00 0
30595 0.00 0.00 0.00 0
30596 0.00 0.00 0.00 0
30597 0.00 0.00 0.00 0
30598 0.00 0.00 0.00 0
30599 0.00 0.00 0.00 0
30600 0.00 0.00 0.00 0
30601 0.00 0.00 0.00 0
30602 0.00 0.00 0.00 0
30603 0.00 0.00 0.00 0
30604 0.00 0.00 0.00 0
30605 0.00 0.00 0.00 0
30606 0.00 0.00 0.00 0
30607 0.00 0.00 0.00 0
30608 0.00 0.00 0.00 0
30609 0.00 0.00 0.00 0
30610 0.00 0.00 0.00 0
30611 0.00 0.00 0.00 0
30612 0.00 0.00 0.00 0
30613 0.00 0.00 0.00 0
30614 0.00 0.00 0.00 0
30615 0.00 0.00 0.00 0
30616 0.00 0.00 0.00 0
30617 0.00 0.00 0.00 0
30618 0.00 0.00 0.00 0
30619 0.00 0.00 0.00 0
30623 0.00 0.00 0.00 0
33009 0.00 0.00 0.00 0
33010 0.00 0.00 0.00 0
33012 0.00 0.00 0.00 0
33013 0.00 0.00 0.00 0
33014 0.00 0.00 0.00 0
33015 0.00 0.00 0.00 0
33016 0.00 0.00 0.00 0
33026 0.00 0.00 0.00 0
33027 0.00 0.00 0.00 0
33031 0.00 0.00 0.00 0
33032 0.00 0.00 0.00 0
33033 0.00 0.00 0.00 0
33034 0.00 0.00 0.00 0
33035 0.00 0.00 0.00 0
33036 0.00 0.00 0.00 0
33037 0.00 0.00 0.00 0
33038 0.00 0.00 0.00 0
33039 0.00 0.00 0.00 0
33040 0.00 0.00 0.00 0
33041 0.00 0.00 0.00 0
33042 0.00 0.00 0.00 0
33043 0.00 0.00 0.00 0
33044 0.00 0.00 0.00 0
33045 0.00 0.00 0.00 0
33046 0.00 0.00 0.00 0
33047 0.00 0.00 0.00 0
33048 0.00 0.00 0.00 0
33049 0.00 0.00 0.00 0
33050 0.00 0.00 0.00 0
33051 0.00 0.00 0.00 0
33052 0.00 0.00 0.00 0
33053 0.00 0.00 0.00 0
33054 0.00 0.00 0.00 0
33056 0.00 0.00 0.00 0
33057 0.00 0.00 0.00 0
33058 0.00 0.00 0.00 0
33059 0.00 0.00 0.00 0
33060 0.00 0.00 0.00 0
34693 0.00 0.00 0.00 0
34696 0.00 0.00 0.00 0
36866 0.00 0.00 0.00 0
36867 0.00 0.00 0.00 0
36884 0.00 0.00 0.00 0
36890 0.00 0.00 0.00 0
36891 0.00 0.00 0.00 0
36892 0.00 0.00 0.00 0
36893 0.00 0.00 0.00 0
36894 0.00 0.00 0.00 0
36895 0.00 0.00 0.00 0
36909 0.00 0.00 0.00 0
36910 0.00 0.00 0.00 0
36911 0.00 0.00 0.00 0
36912 0.00 0.00 0.00 0
36913 0.00 0.00 0.00 0
36914 0.00 0.00 0.00 0
36915 0.00 0.00 0.00 0
36916 0.00 0.00 0.00 0
36918 0.00 0.00 0.00 0
36919 0.00 0.00 0.00 0
36920 0.00 0.00 0.00 0
36921 0.00 0.00 0.00 0
36922 0.00 0.00 0.00 0
36923 0.00 0.00 0.00 0
36924 0.00 0.00 0.00 0
36925 0.00 0.00 0.00 0
36926 0.00 0.00 0.00 0
36927 0.00 0.00 0.00 0
36928 0.00 0.00 0.00 0
36929 0.00 0.00 0.00 0
36930 0.00 0.00 0.00 0
36931 0.00 0.00 0.00 0
36932 0.00 0.00 0.00 0
36933 0.00 0.00 0.00 0
36934 0.00 0.00 0.00 0
36935 0.00 0.00 0.00 0
36936 0.00 0.00 0.00 0
36937 0.00 0.00 0.00 0
36938 0.00 0.00 0.00 0
36939 0.00 0.00 0.00 0
36940 0.00 0.00 0.00 0
36941 0.00 0.00 0.00 0
36942 0.00 0.00 0.00 0
36943 0.00 0.00 0.00 0
36944 0.00 0.00 0.00 0
36945 0.00 0.00 0.00 0
36946 0.00 0.00 0.00 0
36947 0.00 0.00 0.00 0
36948 0.00 0.00 0.00 0
36949 0.00 0.00 0.00 0
36950 0.00 0.00 0.00 0
36951 0.00 0.00 0.00 0
36952 0.00 0.00 0.00 0
36953 0.00 0.00 0.00 0
36954 0.00 0.00 0.00 0
36955 0.00 0.00 0.00 0
36956 0.00 0.00 0.00 0
36957 0.00 0.00 0.00 0
36958 0.00 0.00 0.00 0
36959 0.00 0.00 0.00 0
36960 0.00 0.00 0.00 0
36961 0.00 0.00 0.00 0
36962 0.00 0.00 0.00 0
36963 0.00 0.00 0.00 0
36964 0.00 0.00 0.00 0
36965 0.00 0.00 0.00 0
36966 0.00 0.00 0.00 0
36967 0.00 0.00 0.00 0
36968 0.00 0.00 0.00 0
36969 0.00 0.00 0.00 0
36970 0.00 0.00 0.00 0
36971 0.00 0.00 0.00 0
36972 0.00 0.00 0.00 0
36973 0.00 0.00 0.00 0
36974 0.00 0.00 0.00 0
36975 0.00 0.00 0.00 0
36976 0.00 0.00 0.00 0
36977 0.00 0.00 0.00 0
36978 0.00 0.00 0.00 0
36979 0.00 0.00 0.00 0
36980 0.00 0.00 0.00 0
37016 0.00 0.00 0.00 0
37017 0.00 0.00 0.00 0
41382 0.00 0.00 0.00 0
41383 0.00 0.00 0.00 0
41384 0.00 0.00 0.00 0
41385 0.00 0.00 0.00 0
41386 0.00 0.00 0.00 0
41390 0.00 0.00 0.00 0
41391 0.00 0.00 0.00 0
41392 0.00 0.00 0.00 0
41393 0.00 0.00 0.00 0
41394 0.00 0.00 0.00 0
41395 0.00 0.00 0.00 0
41396 0.00 0.00 0.00 0
41990 0.00 0.00 0.00 0
41991 0.00 0.00 0.00 0
41992 0.00 0.00 0.00 0
41993 0.00 0.00 0.00 0
41994 0.00 0.00 0.00 0
41995 0.00 0.00 0.00 0
41996 0.00 0.00 0.00 0
41998 0.00 0.00 0.00 0
43025 0.00 0.00 0.00 0
43026 0.00 0.00 0.00 0
43027 0.00 0.00 0.00 0
43028 0.00 0.00 0.00 0
43029 0.00 0.00 0.00 0
43030 0.00 0.00 0.00 0
43031 0.00 0.00 0.00 0
43032 0.00 0.00 0.00 0
43033 0.00 0.00 0.00 0
43034 0.00 0.00 0.00 0
43035 0.00 0.00 0.00 0
43036 0.00 0.00 0.00 0
43040 0.00 0.00 0.00 0
43041 0.00 0.00 0.00 0
43042 0.00 0.00 0.00 0
43043 0.00 0.00 0.00 0
43044 0.00 0.00 0.00 0
43045 0.00 0.00 0.00 0
43046 0.00 0.00 0.00 0
43047 0.00 0.00 0.00 0
43048 0.00 0.00 0.00 0
43049 0.00 0.00 0.00 0
43050 0.00 0.00 0.00 0
43051 0.00 0.00 0.00 0
43052 0.00 0.00 0.00 0
43053 0.00 0.00 0.00 0
43054 0.00 0.00 0.00 0
43055 0.00 0.00 0.00 0
43061 0.00 0.00 0.00 0
45422 0.00 0.00 0.00 0
45423 0.00 0.00 0.00 0
45424 0.00 0.00 0.00 0
45425 0.00 0.00 0.00 0
45426 0.00 0.00 0.00 0
45427 0.00 0.00 0.00 0
45428 0.00 0.00 0.00 0
45429 0.00 0.00 0.00 0
45430 0.00 0.00 0.00 0
45431 0.00 0.00 0.00 0
45432 0.00 0.00 0.00 0
45433 0.00 0.00 0.00 0
45434 0.00 0.00 0.00 0
45435 0.00 0.00 0.00 0
45436 0.00 0.00 0.00 0
45438 0.00 0.00 0.00 0
45439 0.00 0.00 0.00 0
45440 0.00 0.00 0.00 0
45441 0.00 0.00 0.00 0
45442 0.00 0.00 0.00 0
45443 0.00 0.00 0.00 0
45444 0.00 0.00 0.00 0
45445 0.00 0.00 0.00 0
45446 0.00 0.00 0.00 0
45447 0.00 0.00 0.00 0
45448 0.00 0.00 0.00 0
45449 0.00 0.00 0.00 0
45450 0.00 0.00 0.00 0
45451 0.00 0.00 0.00 0
45452 0.00 0.00 0.00 0
45453 0.00 0.00 0.00 0
45454 0.00 0.00 0.00 0
45455 0.00 0.00 0.00 0
45456 0.00 0.00 0.00 0
45457 0.00 0.00 0.00 0
45458 0.00 0.00 0.00 0
45459 0.00 0.00 0.00 0
45460 0.00 0.00 0.00 0
45461 0.00 0.00 0.00 0
47232 0.00 0.00 0.00 0
47233 0.00 0.00 0.00 0
47234 0.00 0.00 0.00 0
47235 0.00 0.00 0.00 0
47236 0.00 0.00 0.00 0
47243 0.00 0.00 0.00 0
47244 0.00 0.00 0.00 0
47248 0.00 0.00 0.00 0
47249 0.00 0.00 0.00 0
47250 0.00 0.00 0.00 0
47251 0.00 0.00 0.00 0
47252 0.00 0.00 0.00 0
47253 0.00 0.00 0.00 0
47254 0.00 0.00 0.00 0
47255 0.00 0.00 0.00 0
47256 0.00 0.00 0.00 0
47257 0.00 0.00 0.00 0
47258 0.00 0.00 0.00 0
47259 0.00 0.00 0.00 0
47260 0.00 0.00 0.00 0
47261 0.00 0.00 0.00 0
47262 0.00 0.00 0.00 0
47263 0.00 0.00 0.00 0
47264 0.00 0.00 0.00 0
47265 0.00 0.00 0.00 0
47266 0.00 0.00 0.00 0
47267 0.00 0.00 0.00 0
47268 0.00 0.00 0.00 0
47269 0.00 0.00 0.00 0
50350 0.00 0.00 0.00 0
50351 0.00 0.00 0.00 0
50352 0.00 0.00 0.00 0
50353 0.00 0.00 0.00 0
50354 0.00 0.00 0.00 0
50355 0.00 0.00 0.00 0
50356 0.00 0.00 0.00 0
50357 0.00 0.00 0.00 0
50358 0.00 0.00 0.00 0
50360 0.00 0.00 0.00 0
50365 0.00 0.00 0.00 0
50366 0.00 0.00 0.00 0
50367 0.00 0.00 0.00 0
50368 0.00 0.00 0.00 0
50369 0.00 0.00 0.00 0
50371 0.00 0.00 0.00 0
50372 0.00 0.00 0.00 0
50373 0.00 0.00 0.00 0
50374 0.00 0.00 0.00 0
50387 0.00 0.00 0.00 0
50388 0.00 0.00 0.00 0
50389 0.00 0.00 0.00 0
50390 0.00 0.00 0.00 0
50391 0.00 0.00 0.00 0
50392 0.00 0.00 0.00 0
50393 0.00 0.00 0.00 0
50394 0.00 0.00 0.00 0
50395 0.00 0.00 0.00 0
50396 0.00 0.00 0.00 0
50397 0.00 0.00 0.00 0
50398 0.00 0.00 0.00 0
50399 0.00 0.00 0.00 0
50400 0.00 0.00 0.00 0
50401 0.00 0.00 0.00 0
50402 0.00 0.00 0.00 0
50403 0.00 0.00 0.00 0
50404 0.00 0.00 0.00 0
50405 0.00 0.00 0.00 0
50406 0.00 0.00 0.00 0
50407 0.00 0.00 0.00 0
50408 0.00 0.00 0.00 0
50409 0.00 0.00 0.00 0
50413 0.00 0.00 0.00 0
50414 0.00 0.00 0.00 0
50415 0.00 0.00 0.00 0
50416 0.00 0.00 0.00 0
50417 0.00 0.00 0.00 0
50418 0.00 0.00 0.00 0
50419 0.00 0.00 0.00 0
50420 0.00 0.00 0.00 0
50421 0.00 0.00 0.00 0
50422 0.00 0.00 0.00 0
50423 0.00 0.00 0.00 0
50424 0.00 0.00 0.00 0
50425 0.00 0.00 0.00 0
50426 0.00 0.00 0.00 0
50427 0.00 0.00 0.00 0
50428 0.00 0.00 0.00 0
50429 0.00 0.00 0.00 0
50430 0.00 0.00 0.00 0
50431 0.00 0.00 0.00 0
50432 0.00 0.00 0.00 0
50433 0.00 0.00 0.00 0
50434 0.00 0.00 0.00 0
50435 0.00 0.00 0.00 0
50436 0.00 0.00 0.00 0
50437 0.00 0.00 0.00 0
50438 0.00 0.00 0.00 0
50439 0.00 0.00 0.00 0
50440 0.00 0.00 0.00 0
50441 0.00 0.00 0.00 0
50442 0.00 0.00 0.00 0
50443 0.00 0.00 0.00 0
50444 0.00 0.00 0.00 0
50445 0.00 0.00 0.00 0
50446 0.00 0.00 0.00 0
50447 0.00 0.00 0.00 0
50448 0.00 0.00 0.00 0
50449 0.00 0.00 0.00 0
50477 0.00 0.00 0.00 0
50478 0.00 0.00 0.00 0
50479 0.00 0.00 0.00 0
55022 0.00 0.00 0.00 0
55023 0.00 0.00 0.00 0
55024 0.00 0.00 0.00 0
55025 0.00 0.00 0.00 0
55026 0.00 0.00 0.00 0
55027 0.00 0.00 0.00 0
55028 0.00 0.00 0.00 0
55029 0.00 0.00 0.00 0
55030 0.00 0.00 0.00 0
55031 0.00 0.00 0.00 0
55032 0.00 0.00 0.00 0
55033 0.00 0.00 0.00 0
55034 0.00 0.00 0.00 0
55035 0.00 0.00 0.00 0
55036 0.00 0.00 0.00 0
55042 0.00 0.00 0.00 0
55043 0.00 0.00 0.00 0
55044 0.00 0.00 0.00 0
55045 0.00 0.00 0.00 0
55046 0.00 0.00 0.00 0
55047 0.00 0.00 0.00 0
55048 0.00 0.00 0.00 0
55049 0.00 0.00 0.00 0
55050 0.00 0.00 0.00 0
55051 0.00 0.00 0.00 0
55052 0.00 0.00 0.00 0
55053 0.00 0.00 0.00 0
55054 0.00 0.00 0.00 0
55055 0.00 0.00 0.00 0
55056 0.00 0.00 0.00 0
55057 0.00 0.00 0.00 0
55058 0.00 0.00 0.00 0
55059 0.00 0.00 0.00 0
55060 0.00 0.00 0.00 0
55061 0.00 0.00 0.00 0
55062 0.00 0.00 0.00 0
55063 0.00 0.00 0.00 0
55064 0.00 0.00 0.00 0
55065 0.00 0.00 0.00 0
55066 0.00 0.00 0.00 0
56834 0.00 0.00 0.00 0
56835 0.00 0.00 0.00 0
56836 0.00 0.00 0.00 0
56845 0.00 0.00 0.00 0
56846 0.00 0.00 0.00 0
56847 0.00 0.00 0.00 0
56848 0.00 0.00 0.00 0
56849 0.00 0.00 0.00 0
56850 0.00 0.00 0.00 0
56851 0.00 0.00 0.00 0
56852 0.00 0.00 0.00 0
56853 0.00 0.00 0.00 0
56854 0.00 0.00 0.00 0
56855 0.00 0.00 0.00 0
56856 0.00 0.00 0.00 0
56857 0.00 0.00 0.00 0
56858 0.00 0.00 0.00 0
56859 0.00 0.00 0.00 0
56860 0.00 0.00 0.00 0
56861 0.00 0.00 0.00 0
56862 0.00 0.00 0.00 0
56863 0.00 0.00 0.00 0
56864 0.00 0.00 0.00 0
56865 0.00 0.00 0.00 0
56866 0.00 0.00 0.00 0
56867 0.00 0.00 0.00 0
56868 0.00 0.00 0.00 0
56869 0.00 0.00 0.00 0
56870 0.00 0.00 0.00 0
56871 0.00 0.00 0.00 0
56872 0.00 0.00 0.00 0
56873 0.00 0.00 0.00 0
56874 0.00 0.00 0.00 0
56876 0.00 0.00 0.00 0
59950 0.00 0.00 0.00 0
59951 0.00 0.00 0.00 0
59952 0.00 0.00 0.00 0
59953 0.00 0.00 0.00 0
59954 0.00 0.00 0.00 0
59955 0.00 0.00 0.00 0
59956 0.00 0.00 0.00 0
59960 0.00 0.00 0.00 0
59961 0.00 0.00 0.00 0
59962 0.00 0.00 0.00 0
59963 0.00 0.00 0.00 0
59964 0.00 0.00 0.00 0
59965 0.00 0.00 0.00 0
59966 0.00 0.00 0.00 0
59967 0.00 0.00 0.00 0
59968 0.00 0.00 0.00 0
59969 0.00 0.00 0.00 0
59970 0.00 0.00 0.00 0
59971 0.00 0.00 0.00 0
59972 0.00 0.00 0.00 0
59973 0.00 0.00 0.00 0
59974 0.00 0.00 0.00 0
59975 0.00 0.00 0.00 0
59976 0.00 0.00 0.00 0
59977 0.00 0.00 0.00 0
59978 0.00 0.00 0.00 0
59982 0.00 0.00 0.00 0
59988 0.00 0.00 0.00 0
59990 0.00 0.00 0.00 0
59992 0.00 0.00 0.00 0
59993 0.00 0.00 0.00 0
59994 0.00 0.00 0.00 0
59995 0.00 0.00 0.00 0
59996 0.00 0.00 0.00 0
59997 0.00 0.00 0.00 0
59998 0.00 0.00 0.00 0
59999 0.00 0.00 0.00 0
60000 0.00 0.00 0.00 0
60001 0.00 0.00 0.00 0
60002 0.00 0.00 0.00 0
60003 0.00 0.00 0.00 0
60004 0.00 0.00 0.00 0
60005 0.00 0.00 0.00 0
60006 0.00 0.00 0.00 0
60007 0.00 0.00 0.00 0
60008 0.00 0.00 0.00 0
60009 0.00 0.00 0.00 0
60012 0.00 0.00 0.00 0
60013 0.00 0.00 0.00 0
60014 0.00 0.00 0.00 0
60015 0.00 0.00 0.00 0
60016 0.00 0.00 0.00 0
60017 0.00 0.00 0.00 0
60018 0.00 0.00 0.00 0
60019 0.00 0.00 0.00 0
60020 0.00 0.00 0.00 0
60021 0.00 0.00 0.00 0
60022 0.00 0.00 0.00 0
60023 0.00 0.00 0.00 0
60024 0.00 0.00 0.00 0
60025 0.00 0.00 0.00 0
60026 0.00 0.00 0.00 0
60027 0.00 0.00 0.00 0
60028 0.00 0.00 0.00 0
60029 0.00 0.00 0.00 0
60030 0.00 0.00 0.00 0
60031 0.00 0.00 0.00 0
60032 0.00 0.00 0.00 0
60033 0.00 0.00 0.00 0
60034 0.00 0.00 0.00 0
60035 0.00 0.00 0.00 0
60036 0.00 0.00 0.00 0
60037 0.00 0.00 0.00 0
60038 0.00 0.00 0.00 0
60039 0.00 0.00 0.00 0
60040 0.00 0.00 0.00 0
60041 0.00 0.00 0.00 0
60042 0.00 0.00 0.00 0
60044 0.00 0.00 0.00 0
60045 0.00 0.00 0.00 0
60046 0.00 0.00 0.00 0
60077 0.00 0.00 0.00 0
60078 0.00 0.00 0.00 0
60079 0.00 0.00 0.00 0
64036 0.00 0.00 0.00 0
64060 0.00 0.00 0.00 0
64064 0.00 0.00 0.00 0
64065 0.00 0.00 0.00 0
64066 0.00 0.00 0.00 0
67144 0.00 0.00 0.00 0
67145 0.00 0.00 0.00 0
67146 0.00 0.00 0.00 0
67147 0.00 0.00 0.00 0
67148 0.00 0.00 0.00 0
67149 0.00 0.00 0.00 0
67150 0.00 0.00 0.00 0
67151 0.00 0.00 0.00 0
67152 0.00 0.00 0.00 0
67153 0.00 0.00 0.00 0
67154 0.00 0.00 0.00 0
67155 0.00 0.00 0.00 0
67156 0.00 0.00 0.00 0
67157 0.00 0.00 0.00 0
67158 0.00 0.00 0.00 0
67159 0.00 0.00 0.00 0
67160 0.00 0.00 0.00 0
67161 0.00 0.00 0.00 0
67162 0.00 0.00 0.00 0
67163 0.00 0.00 0.00 0
67164 0.00 0.00 0.00 0
67165 0.00 0.00 0.00 0
67166 0.00 0.00 0.00 0
67167 0.00 0.00 0.00 0
67168 0.00 0.00 0.00 0
67169 0.00 0.00 0.00 0
67170 0.00 0.00 0.00 0
67171 0.00 0.00 0.00 0
67172 0.00 0.00 0.00 0
67173 0.00 0.00 0.00 0
67174 0.00 0.00 0.00 0
67175 0.00 0.00 0.00 0
67176 0.00 0.00 0.00 0
67177 0.00 0.00 0.00 0
67178 0.00 0.00 0.00 0
67179 0.00 0.00 0.00 0
67180 0.00 0.00 0.00 0
67181 0.00 0.00 0.00 0
67182 0.00 0.00 0.00 0
67183 0.00 0.00 0.00 0
67184 0.00 0.00 0.00 0
67185 0.00 0.00 0.00 0
67186 0.00 0.00 0.00 0
67190 0.00 0.00 0.00 0
67192 0.00 0.00 0.00 0
67193 0.00 0.00 0.00 0
67194 0.00 0.00 0.00 0
67197 0.00 0.00 0.00 0
67198 0.00 0.00 0.00 0
67199 0.00 0.00 0.00 0
67200 0.00 0.00 0.00 0
67201 0.00 0.00 0.00 0
67202 0.00 0.00 0.00 0
67203 0.00 0.00 0.00 0
67204 0.00 0.00 0.00 0
67205 0.00 0.00 0.00 0
67206 0.00 0.00 0.00 0
67207 0.00 0.00 0.00 0
67208 0.00 0.00 0.00 0
67209 0.00 0.00 0.00 0
67210 0.00 0.00 0.00 0
67211 0.00 0.00 0.00 0
67212 0.00 0.00 0.00 0
67213 0.00 0.00 0.00 0
67214 0.00 0.00 0.00 0
67215 0.00 0.00 0.00 0
67216 0.00 0.00 0.00 0
67217 0.00 0.00 0.00 0
67218 0.00 0.00 0.00 0
67219 0.00 0.00 0.00 0
67220 0.00 0.00 0.00 0
67221 0.00 0.00 0.00 0
67222 0.00 0.00 0.00 0
67223 0.00 0.00 0.00 0
67224 0.00 0.00 0.00 0
67225 0.00 0.00 0.00 0
67226 0.00 0.00 0.00 0
67227 0.00 0.00 0.00 0
67228 0.00 0.00 0.00 0
67229 0.00 0.00 0.00 0
67230 0.00 0.00 0.00 0
67231 0.00 0.00 0.00 0
67232 0.00 0.00 0.00 0
67233 0.00 0.00 0.00 0
67234 0.00 0.00 0.00 0
67235 0.00 0.00 0.00 0
67236 0.00 0.00 0.00 0
67237 0.00 0.00 0.00 0
67238 0.00 0.00 0.00 0
67239 0.00 0.00 0.00 0
67240 0.00 0.00 0.00 0
67241 0.00 0.00 0.00 0
67242 0.00 0.00 0.00 0
67243 0.00 0.00 0.00 0
67244 0.00 0.00 0.00 0
67245 0.00 0.00 0.00 0
67246 0.00 0.00 0.00 0
67247 0.00 0.00 0.00 0
67248 0.00 0.00 0.00 0
67249 0.00 0.00 0.00 0
67250 0.00 0.00 0.00 0
67251 0.00 0.00 0.00 0
67252 0.00 0.00 0.00 0
67253 0.00 0.00 0.00 0
67254 0.00 0.00 0.00 0
67255 0.00 0.00 0.00 0
67256 0.00 0.00 0.00 0
67257 0.00 0.00 0.00 0
67258 0.00 0.00 0.00 0
67262 0.00 0.00 0.00 0
67263 0.00 0.00 0.00 0
67264 0.00 0.00 0.00 0
72570 0.00 0.00 0.00 0
72571 0.00 0.00 0.00 0
72575 0.00 0.00 0.00 0
72576 0.00 0.00 0.00 0
72577 0.00 0.00 0.00 0
72578 0.00 0.00 0.00 0
72579 0.00 0.00 0.00 0
72580 0.00 0.00 0.00 0
72581 0.00 0.00 0.00 0
72582 0.00 0.00 0.00 0
72583 0.00 0.00 0.00 0
72584 0.00 0.00 0.00 0
72585 0.00 0.00 0.00 0
72586 0.00 0.00 0.00 0
72605 0.00 0.00 0.00 0
72606 0.00 0.00 0.00 0
72607 0.00 0.00 0.00 0
72608 0.00 0.00 0.00 0
72609 0.00 0.00 0.00 0
72618 0.00 0.00 0.00 0
72619 0.00 0.00 0.00 0
72620 0.00 0.00 0.00 0
72621 0.00 0.00 0.00 0
72622 0.00 0.00 0.00 0
72623 0.00 0.00 0.00 0
72624 0.00 0.00 0.00 0
72625 0.00 0.00 0.00 0
72626 0.00 0.00 0.00 0
72627 0.00 0.00 0.00 0
72628 0.00 0.00 0.00 0
72629 0.00 0.00 0.00 0
72630 0.00 0.00 0.00 0
72631 0.00 0.00 0.00 0
72632 0.00 0.00 0.00 0
72633 0.00 0.00 0.00 0
72634 0.00 0.00 0.00 0
72635 0.00 0.00 0.00 0
72636 0.00 0.00 0.00 0
72637 0.00 0.00 0.00 0
72638 0.00 0.00 0.00 0
72639 0.00 0.00 0.00 0
72640 0.00 0.00 0.00 0
72641 0.00 0.00 0.00 0
72642 0.00 0.00 0.00 0
72643 0.00 0.00 0.00 0
72644 0.00 0.00 0.00 0
72645 0.00 0.00 0.00 0
72646 0.00 0.00 0.00 0
72647 0.00 0.00 0.00 0
72648 0.00 0.00 0.00 0
72649 0.00 0.00 0.00 0
72650 0.00 0.00 0.00 0
72651 0.00 0.00 0.00 0
72652 0.00 0.00 0.00 0
72653 0.00 0.00 0.00 0
72654 0.00 0.00 0.00 0
72655 0.00 0.00 0.00 0
72656 0.00 0.00 0.00 0
72657 0.00 0.00 0.00 0
72658 0.00 0.00 0.00 0
72659 0.00 0.00 0.00 0
72660 0.00 0.00 0.00 0
72661 0.00 0.00 0.00 0
72662 0.00 0.00 0.00 0
72663 0.00 0.00 0.00 0
72664 0.00 0.00 0.00 0
72665 0.00 0.00 0.00 0
72666 0.00 0.00 0.00 0
72667 0.00 0.00 0.00 0
72668 0.00 0.00 0.00 0
72669 0.00 0.00 0.00 0
72670 0.00 0.00 0.00 0
72671 0.00 0.00 0.00 0
72672 0.00 0.00 0.00 0
72673 0.00 0.00 0.00 0
72677 0.00 0.00 0.00 0
72678 0.00 0.00 0.00 0
72679 0.00 0.00 0.00 0
72680 0.00 0.00 0.00 0
72681 0.00 0.00 0.00 0
72682 0.00 0.00 0.00 0
72683 0.00 0.00 0.00 0
72684 0.00 0.00 0.00 0
72685 0.00 0.00 0.00 0
72686 0.00 0.00 0.00 0
72687 0.00 0.00 0.00 0
72689 0.00 0.00 0.00 0
76573 0.00 0.00 0.00 0
76583 0.00 0.00 0.00 0
81927 0.00 0.00 0.00 0
81928 0.00 0.00 0.00 0
81929 0.00 0.00 0.00 0
81930 0.00 0.00 0.00 0
81932 0.00 0.00 0.00 0
81933 0.00 0.00 0.00 0
81934 0.00 0.00 0.00 0
81935 0.00 0.00 0.00 0
81936 0.00 0.00 0.00 0
81937 0.00 0.00 0.00 0
81938 0.00 0.00 0.00 0
81939 0.00 0.00 0.00 0
81940 0.00 0.00 0.00 0
81942 0.00 0.00 0.00 0
81943 0.00 0.00 0.00 0
81944 0.00 0.00 0.00 0
81945 0.00 0.00 0.00 0
81947 0.00 0.00 0.00 0
81949 0.00 0.00 0.00 0
81977 0.00 0.00 0.00 0
81978 0.00 0.00 0.00 0
81979 0.00 0.00 0.00 0
81992 0.00 0.00 0.00 0
81993 0.00 0.00 0.00 0
81994 0.00 0.00 0.00 0
81995 0.00 0.00 0.00 0
81996 0.00 0.00 0.00 0
81997 0.00 0.00 0.00 0
81998 0.00 0.00 0.00 0
81999 0.00 0.00 0.00 0
82000 0.00 0.00 0.00 0
82001 0.00 0.00 0.00 0
82002 0.00 0.00 0.00 0
82003 0.00 0.00 0.00 0
82004 0.00 0.00 0.00 0
82005 0.00 0.00 0.00 0
82006 0.00 0.00 0.00 0
82007 0.00 0.00 0.00 0
82040 0.00 0.00 0.00 0
82041 0.00 0.00 0.00 0
82042 0.00 0.00 0.00 0
82043 0.00 0.00 0.00 0
82044 0.00 0.00 0.00 0
82045 0.00 0.00 0.00 0
82046 0.00 0.00 0.00 0
82047 0.00 0.00 0.00 0
82048 0.00 0.00 0.00 0
82049 0.00 0.00 0.00 0
82050 0.00 0.00 0.00 0
82051 0.00 0.00 0.00 0
82052 0.00 0.00 0.00 0
82053 0.00 0.00 0.00 0
82054 0.00 0.00 0.00 0
82055 0.00 0.00 0.00 0
82056 0.00 0.00 0.00 0
82057 0.00 0.00 0.00 0
82058 0.00 0.00 0.00 0
82059 0.00 0.00 0.00 0
82060 0.00 0.00 0.00 0
82063 0.00 0.00 0.00 0
82065 0.00 0.00 0.00 0
82066 0.00 0.00 0.00 0
82067 0.00 0.00 0.00 0
82068 0.00 0.00 0.00 0
82069 0.00 0.00 0.00 0
82070 0.00 0.00 0.00 0
82071 0.00 0.00 0.00 0
82072 0.00 0.00 0.00 0
82073 0.00 0.00 0.00 0
82074 0.00 0.00 0.00 0
82075 0.00 0.00 0.00 0
82076 0.00 0.00 0.00 0
82077 0.00 0.00 0.00 0
82078 0.00 0.00 0.00 0
82079 0.00 0.00 0.00 0
82080 0.00 0.00 0.00 0
82081 0.00 0.00 0.00 0
82082 0.00 0.00 0.00 0
82083 0.00 0.00 0.00 0
82084 0.00 0.00 0.00 0
82085 0.00 0.00 0.00 0
82086 0.00 0.00 0.00 0
82087 0.00 0.00 0.00 0
82088 0.00 0.00 0.00 0
82089 0.00 0.00 0.00 0
82090 0.00 0.00 0.00 0
82091 0.00 0.00 0.00 0
82092 0.00 0.00 0.00 0
82093 0.00 0.00 0.00 0
82094 0.00 0.00 0.00 0
82095 0.00 0.00 0.00 0
82096 0.00 0.00 0.00 0
82097 0.00 0.00 0.00 0
82098 0.00 0.00 0.00 0
82099 0.00 0.00 0.00 0
82100 0.00 0.00 0.00 0
82101 0.00 0.00 0.00 0
82102 0.00 0.00 0.00 0
82103 0.00 0.00 0.00 0
82104 0.00 0.00 0.00 0
82108 0.00 0.00 0.00 0
82109 0.00 0.00 0.00 0
82110 0.00 0.00 0.00 0
82111 0.00 0.00 0.00 0
82112 0.00 0.00 0.00 0
82113 0.00 0.00 0.00 0
82114 0.00 0.00 0.00 0
82115 0.00 0.00 0.00 0
82116 0.00 0.00 0.00 0
82117 0.00 0.00 0.00 0
82118 0.00 0.00 0.00 0
82119 0.00 0.00 0.00 0
82120 0.00 0.00 0.00 0
82121 0.00 0.00 0.00 0
82122 0.00 0.00 0.00 0
82123 0.00 0.00 0.00 0
82124 0.00 0.00 0.00 0
82125 0.00 0.00 0.00 0
82126 0.00 0.00 0.00 0
82127 0.00 0.00 0.00 0
82128 0.00 0.00 0.00 0
82129 0.00 0.00 0.00 0
82130 0.00 0.00 0.00 0
82131 0.00 0.00 0.00 0
82132 0.00 0.00 0.00 0
82133 0.00 0.00 0.00 0
82134 0.00 0.00 0.00 0
82135 0.00 0.00 0.00 0
82136 0.00 0.00 0.00 0
82137 0.00 0.00 0.00 0
82138 0.00 0.00 0.00 0
82139 0.00 0.00 0.00 0
82140 0.00 0.00 0.00 0
82141 0.00 0.00 0.00 0
82142 0.00 0.00 0.00 0
82143 0.00 0.00 0.00 0
82144 0.00 0.00 0.00 0
82145 0.00 0.00 0.00 0
82146 0.00 0.00 0.00 0
82147 0.00 0.00 0.00 0
82148 0.00 0.00 0.00 0
82149 0.00 0.00 0.00 0
82150 0.00 0.00 0.00 0
82151 0.00 0.00 0.00 0
82152 0.00 0.00 0.00 0
82153 0.00 0.00 0.00 0
82154 0.00 0.00 0.00 0
82155 0.00 0.00 0.00 0
82156 0.00 0.00 0.00 0
82157 0.00 0.00 0.00 0
82158 0.00 0.00 0.00 0
82159 0.00 0.00 0.00 0
82160 0.00 0.00 0.00 0
82161 0.00 0.00 0.00 0
82162 0.00 0.00 0.00 0
82163 0.00 0.00 0.00 0
82164 0.00 0.00 0.00 0
82165 0.00 0.00 0.00 0
82166 0.00 0.00 0.00 0
82167 0.00 0.00 0.00 0
82168 0.00 0.00 0.00 0
82169 0.00 0.00 0.00 0
82170 0.00 0.00 0.00 0
82171 0.00 0.00 0.00 0
82172 0.00 0.00 0.00 0
82173 0.00 0.00 0.00 0
82174 0.00 0.00 0.00 0
82175 0.00 0.00 0.00 0
82176 0.00 0.00 0.00 0
82177 0.00 0.00 0.00 0
82178 0.00 0.00 0.00 0
82179 0.00 0.00 0.00 0
82180 0.00 0.00 0.00 0
82181 0.00 0.00 0.00 0
82182 0.00 0.00 0.00 0
82183 0.00 0.00 0.00 0
82184 0.00 0.00 0.00 0
82185 0.00 0.00 0.00 0
82186 0.00 0.00 0.00 0
82187 0.00 0.00 0.00 0
82188 0.00 0.00 0.00 0
82189 0.00 0.00 0.00 0
82190 0.00 0.00 0.00 0
82191 0.00 0.00 0.00 0
82192 0.00 0.00 0.00 0
82193 0.00 0.00 0.00 0
82194 0.00 0.00 0.00 0
82195 0.00 0.00 0.00 0
82196 0.00 0.00 0.00 0
82197 0.00 0.00 0.00 0
82198 0.00 0.00 0.00 0
82199 0.00 0.00 0.00 0
82200 0.00 0.00 0.00 0
82201 0.00 0.00 0.00 0
82202 0.00 0.00 0.00 0
82203 0.00 0.00 0.00 0
82204 0.00 0.00 0.00 0
82205 0.00 0.00 0.00 0
82206 0.00 0.00 0.00 0
82207 0.00 0.00 0.00 0
82208 0.00 0.00 0.00 0
82209 0.00 0.00 0.00 0
82210 0.00 0.00 0.00 0
82211 0.00 0.00 0.00 0
82212 0.00 0.00 0.00 0
82213 0.00 0.00 0.00 0
82214 0.00 0.00 0.00 0
82215 0.00 0.00 0.00 0
82216 0.00 0.00 0.00 0
82217 0.00 0.00 0.00 0
82218 0.00 0.00 0.00 0
82219 0.00 0.00 0.00 0
82307 0.00 0.00 0.00 0
82308 0.00 0.00 0.00 0
82309 0.00 0.00 0.00 0
82311 0.00 0.00 0.00 0
82315 0.00 0.00 0.00 0
82316 0.00 0.00 0.00 0
92918 0.00 0.00 0.00 0
92919 0.00 0.00 0.00 0
92920 0.00 0.00 0.00 0
92921 0.00 0.00 0.00 0
92922 0.00 0.00 0.00 0
92923 0.00 0.00 0.00 0
92924 0.00 0.00 0.00 0
92925 0.00 0.00 0.00 0
92926 0.00 0.00 0.00 0
92932 0.00 0.00 0.00 0
92933 0.00 0.00 0.00 0
92934 0.00 0.00 0.00 0
92935 0.00 0.00 0.00 0
92936 0.00 0.00 0.00 0
92937 0.00 0.00 0.00 0
92938 0.00 0.00 0.00 0
92939 0.00 0.00 0.00 0
92940 0.00 0.00 0.00 0
92941 0.00 0.00 0.00 0
92942 0.00 0.00 0.00 0
92943 0.00 0.00 0.00 0
92944 0.00 0.00 0.00 0
94012 0.00 0.00 0.00 0
94013 0.00 0.00 0.00 0
94014 0.00 0.00 0.00 0
94015 0.00 0.00 0.00 0
94016 0.00 0.00 0.00 0
94017 0.00 0.00 0.00 0
94018 0.00 0.00 0.00 0
94019 0.00 0.00 0.00 0
94020 0.00 0.00 0.00 0
94021 0.00 0.00 0.00 0
94022 0.00 0.00 0.00 0
94023 0.00 0.00 0.00 0
94024 0.00 0.00 0.00 0
94025 0.00 0.00 0.00 0
94026 0.00 0.00 0.00 0
94027 0.00 0.00 0.00 0
94028 0.00 0.00 0.00 0
94029 0.00 0.00 0.00 0
94030 0.00 0.00 0.00 0
94031 0.00 0.00 0.00 0
95875 0.00 0.00 0.00 0
95876 0.00 0.00 0.00 0
95877 0.00 0.00 0.00 0
95878 0.00 0.00 0.00 0
95879 0.00 0.00 0.00 0
95880 0.00 0.00 0.00 0
95881 0.00 0.00 0.00 0
95882 0.00 0.00 0.00 0
95883 0.00 0.00 0.00 0
95884 0.00 0.00 0.00 0
95885 0.00 0.00 0.00 0
95886 0.00 0.00 0.00 0
95887 0.00 0.00 0.00 0
95888 0.00 0.00 0.00 0
95889 0.00 0.00 0.00 0
95890 0.00 0.00 0.00 0
95891 0.00 0.00 0.00 0
95892 0.00 0.00 0.00 0
95893 0.00 0.00 0.00 0
95894 0.00 0.00 0.00 0
95895 0.00 0.00 0.00 0
95896 0.00 0.00 0.00 0
95902 0.00 0.00 0.00 0
95903 0.00 0.00 0.00 0
95904 0.00 0.00 0.00 0
95905 0.00 0.00 0.00 0
95906 0.00 0.00 0.00 0
95907 0.00 0.00 0.00 0
95908 0.00 0.00 0.00 0
95909 0.00 0.00 0.00 0
95910 0.00 0.00 0.00 0
95911 0.00 0.00 0.00 0
95912 0.00 0.00 0.00 0
95913 0.00 0.00 0.00 0
95914 0.00 0.00 0.00 0
95915 0.00 0.00 0.00 0
95916 0.00 0.00 0.00 0
95917 0.00 0.00 0.00 0
95918 0.00 0.00 0.00 0
95919 0.00 0.00 0.00 0
95920 0.00 0.00 0.00 0
95921 0.00 0.00 0.00 0
95922 0.00 0.00 0.00 0
95923 0.00 0.00 0.00 0
95924 0.00 0.00 0.00 0
95925 0.00 0.00 0.00 0
95926 0.00 0.00 0.00 0
95927 0.00 0.00 0.00 0
95928 0.00 0.00 0.00 0
95929 0.00 0.00 0.00 0
95930 0.00 0.00 0.00 0
95931 0.00 0.00 0.00 0
95951 0.00 0.00 0.00 0
95952 0.00 0.00 0.00 0
95953 0.00 0.00 0.00 0
100190 0.00 0.00 0.00 0
100191 0.00 0.00 0.00 0
100192 0.00 0.00 0.00 0
100193 0.00 0.00 0.00 0
100194 0.00 0.00 0.00 0
100195 0.00 0.00 0.00 0
100196 0.00 0.00 0.00 0
100197 0.00 0.00 0.00 0
100198 0.00 0.00 0.00 0
100199 0.00 0.00 0.00 0
100200 0.00 0.00 0.00 0
100201 0.00 0.00 0.00 0
100202 0.00 0.00 0.00 0
100203 0.00 0.00 0.00 0
100204 0.00 0.00 0.00 0
100205 0.00 0.00 0.00 0
100206 0.00 0.00 0.00 0
100207 0.00 0.00 0.00 0
100208 0.00 0.00 0.00 0
100209 0.00 0.00 0.00 0
100210 0.00 0.00 0.00 0
100211 0.00 0.00 0.00 0
100212 0.00 0.00 0.00 0
100213 0.00 0.00 0.00 0
100214 0.00 0.00 0.00 0
100215 0.00 0.00 0.00 0
100216 0.00 0.00 0.00 0
100220 0.00 0.00 0.00 0
100221 0.00 0.00 0.00 0
100222 0.00 0.00 0.00 0
100223 0.00 0.00 0.00 0
100224 0.00 0.00 0.00 0
100225 0.00 0.00 0.00 0
100226 0.00 0.00 0.00 0
100227 0.00 0.00 0.00 0
100228 0.00 0.00 0.00 0
100229 0.00 0.00 0.00 0
100230 0.00 0.00 0.00 0
100231 0.00 0.00 0.00 0
100232 0.00 0.00 0.00 0
100233 0.00 0.00 0.00 0
100234 0.00 0.00 0.00 0
100235 0.00 0.00 0.00 0
100236 0.00 0.00 0.00 0
100237 0.00 0.00 0.00 0
100238 0.00 0.00 0.00 0
100239 0.00 0.00 0.00 0
100240 0.00 0.00 0.00 0
100241 0.00 0.00 0.00 0
100242 0.00 0.00 0.00 0
100243 0.00 0.00 0.00 0
100244 0.00 0.00 0.00 0
100245 0.00 0.00 0.00 0
100246 0.00 0.00 0.00 0
100247 0.00 0.00 0.00 0
100248 0.00 0.00 0.00 0
100249 0.00 0.00 0.00 0
100250 0.00 0.00 0.00 0
100251 0.00 0.00 0.00 0
100252 0.00 0.00 0.00 0
100253 0.00 0.00 0.00 0
100254 0.00 0.00 0.00 0
100255 0.00 0.00 0.00 0
100256 0.00 0.00 0.00 0
100257 0.00 0.00 0.00 0
100258 0.00 0.00 0.00 0
100259 0.00 0.00 0.00 0
100260 0.00 0.00 0.00 0
100261 0.00 0.00 0.00 0
100262 0.00 0.00 0.00 0
100263 0.00 0.00 0.00 0
103448 0.00 0.00 0.00 0
103449 0.00 0.00 0.00 0
103450 0.00 0.00 0.00 0
103451 0.00 0.00 0.00 0
103452 0.00 0.00 0.00 0
103453 0.00 0.00 0.00 0
103454 0.00 0.00 0.00 0
103455 0.00 0.00 0.00 0
103456 0.00 0.00 0.00 0
103468 0.00 0.00 0.00 0
103469 0.00 0.00 0.00 0
103470 0.00 0.00 0.00 0
103476 0.00 0.00 0.00 0
103477 0.00 0.00 0.00 0
103478 0.00 0.00 0.00 0
103479 0.00 0.00 0.00 0
103480 0.00 0.00 0.00 0
103481 0.00 0.00 0.00 0
103482 0.00 0.00 0.00 0
103483 0.00 0.00 0.00 0
103484 0.00 0.00 0.00 0
103485 0.00 0.00 0.00 0
103486 0.00 0.00 0.00 0
103487 0.00 0.00 0.00 0
103488 0.00 0.00 0.00 0
103489 0.00 0.00 0.00 0
103490 0.00 0.00 0.00 0
103491 0.00 0.00 0.00 0
103492 0.00 0.00 0.00 0
103493 0.00 0.00 0.00 0
103494 0.00 0.00 0.00 0
103495 0.00 0.00 0.00 0
103496 0.00 0.00 0.00 0
103497 0.00 0.00 0.00 0
103498 0.00 0.00 0.00 0
103499 0.00 0.00 0.00 0
103500 0.00 0.00 0.00 0
103501 0.00 0.00 0.00 0
103502 0.00 0.00 0.00 0
103503 0.00 0.00 0.00 0
103504 0.00 0.00 0.00 0
103505 0.00 0.00 0.00 0
103506 0.00 0.00 0.00 0
103507 0.00 0.00 0.00 0
103508 0.00 0.00 0.00 0
103509 0.00 0.00 0.00 0
103511 0.00 0.00 0.00 0
103512 0.00 0.00 0.00 0
103513 0.00 0.00 0.00 0
103514 0.00 0.00 0.00 0
103515 0.00 0.00 0.00 0
103516 0.00 0.00 0.00 0
103517 0.00 0.00 0.00 0
109060 0.00 0.00 0.00 0
109061 0.00 0.00 0.00 0
109062 0.00 0.00 0.00 0
109063 0.00 0.00 0.00 0
109064 0.00 0.00 0.00 0
109065 0.00 0.00 0.00 0
109066 0.00 0.00 0.00 0
109067 0.00 0.00 0.00 0
109068 0.00 0.00 0.00 0
109069 0.00 0.00 0.00 0
109070 0.00 0.00 0.00 0
109071 0.00 0.00 0.00 0
109072 0.00 0.00 0.00 0
109073 0.00 0.00 0.00 0
109074 0.00 0.00 0.00 0
109075 0.00 0.00 0.00 0
109090 0.00 0.00 0.00 0
109091 0.00 0.00 0.00 0
109092 0.00 0.00 0.00 0
109093 0.00 0.00 0.00 0
109094 0.00 0.00 0.00 0
109100 0.00 0.00 0.00 0
109101 0.00 0.00 0.00 0
109102 0.00 0.00 0.00 0
109103 0.00 0.00 0.00 0
109104 0.00 0.00 0.00 0
109105 0.00 0.00 0.00 0
109106 0.00 0.00 0.00 0
109107 0.00 0.00 0.00 0
109108 0.00 0.00 0.00 0
109128 0.00 0.00 0.00 0
109129 0.00 0.00 0.00 0
109130 0.00 0.00 0.00 0
109131 0.00 0.00 0.00 0
109132 0.00 0.00 0.00 0
109133 0.00 0.00 0.00 0
109134 0.00 0.00 0.00 0
109135 0.00 0.00 0.00 0
109136 0.00 0.00 0.00 0
109137 0.00 0.00 0.00 0
109138 0.00 0.00 0.00 0
109139 0.00 0.00 0.00 0
109140 0.00 0.00 0.00 0
109144 0.00 0.00 0.00 0
109145 0.00 0.00 0.00 0
109146 0.00 0.00 0.00 0
109147 0.00 0.00 0.00 0
109148 0.00 0.00 0.00 0
109149 0.00 0.00 0.00 0
109150 0.00 0.00 0.00 0
109151 0.00 0.00 0.00 0
109152 0.00 0.00 0.00 0
109153 0.00 0.00 0.00 0
109154 0.00 0.00 0.00 0
109155 0.00 0.00 0.00 0
109156 0.00 0.00 0.00 0
109157 0.00 0.00 0.00 0
109158 0.00 0.00 0.00 0
109159 0.00 0.00 0.00 0
109160 0.00 0.00 0.00 0
109161 0.00 0.00 0.00 0
109162 0.00 0.00 0.00 0
109163 0.00 0.00 0.00 0
109164 0.00 0.00 0.00 0
109165 0.00 0.00 0.00 0
109166 0.00 0.00 0.00 0
109167 0.00 0.00 0.00 0
109171 0.00 0.00 0.00 0
109172 0.00 0.00 0.00 0
109173 0.00 0.00 0.00 0
109174 0.00 0.00 0.00 0
109175 0.00 0.00 0.00 0
109176 0.00 0.00 0.00 0
109177 0.00 0.00 0.00 0
109178 0.00 0.00 0.00 0
109179 0.00 0.00 0.00 0
109180 0.00 0.00 0.00 0
109181 0.00 0.00 0.00 0
109182 0.00 0.00 0.00 0
109183 0.00 0.00 0.00 0
109184 0.00 0.00 0.00 0
109185 0.00 0.00 0.00 0
109186 0.00 0.00 0.00 0
109187 0.00 0.00 0.00 0
109188 0.00 0.00 0.00 0
109189 0.00 0.00 0.00 0
109190 0.00 0.00 0.00 0
109191 0.00 0.00 0.00 0
109192 0.00 0.00 0.00 0
109193 0.00 0.00 0.00 0
109194 0.00 0.00 0.00 0
109195 0.00 0.00 0.00 0
109196 0.00 0.00 0.00 0
109197 0.00 0.00 0.00 0
109198 0.00 0.00 0.00 0
109199 0.00 0.00 0.00 0
109200 0.00 0.00 0.00 0
109201 0.00 0.00 0.00 0
109202 0.00 0.00 0.00 0
109203 0.00 0.00 0.00 0
109204 0.00 0.00 0.00 0
109205 0.00 0.00 0.00 0
109206 0.00 0.00 0.00 0
109207 0.00 0.00 0.00 0
109208 0.00 0.00 0.00 0
109209 0.00 0.00 0.00 0
109210 0.00 0.00 0.00 0
109211 0.00 0.00 0.00 0
109212 0.00 0.00 0.00 0
109213 0.00 0.00 0.00 0
109214 0.00 0.00 0.00 0
109215 0.00 0.00 0.00 0
109216 0.00 0.00 0.00 0
109217 0.00 0.00 0.00 0
109218 0.00 0.00 0.00 0
109219 0.00 0.00 0.00 0
109220 0.00 0.00 0.00 0
109221 0.00 0.00 0.00 0
109222 0.00 0.00 0.00 0
109223 0.00 0.00 0.00 0
109224 0.00 0.00 0.00 0
109225 0.00 0.00 0.00 0
109226 0.00 0.00 0.00 0
109227 0.00 0.00 0.00 0
109228 0.00 0.00 0.00 0
109229 0.00 0.00 0.00 0
109230 0.00 0.00 0.00 0
109231 0.00 0.00 0.00 0
109232 0.00 0.00 0.00 0
109233 0.00 0.00 0.00 0
109234 0.00 0.00 0.00 0
109235 0.00 0.00 0.00 0
109236 0.00 0.00 0.00 0
109237 0.00 0.00 0.00 0
109238 0.00 0.00 0.00 0
109289 0.00 0.00 0.00 0
109290 0.00 0.00 0.00 0
109291 0.00 0.00 0.00 0
109292 0.00 0.00 0.00 0
116966 0.00 0.00 0.00 0
116967 0.00 0.00 0.00 0
116968 0.00 0.00 0.00 0
116969 0.00 0.00 0.00 0
116970 0.00 0.00 0.00 0
116971 0.00 0.00 0.00 0
116972 0.00 0.00 0.00 0
116973 0.00 0.00 0.00 0
116974 0.00 0.00 0.00 0
116975 0.00 0.00 0.00 0
116976 0.00 0.00 0.00 0
116977 0.00 0.00 0.00 0
116978 0.00 0.00 0.00 0
116979 0.00 0.00 0.00 0
116980 0.00 0.00 0.00 0
116981 0.00 0.00 0.00 0
116982 0.00 0.00 0.00 0
116983 0.00 0.00 0.00 0
116984 0.00 0.00 0.00 0
116985 0.00 0.00 0.00 0
116986 0.00 0.00 0.00 0
116994 0.00 0.00 0.00 0
116995 0.00 0.00 0.00 0
116996 0.00 0.00 0.00 0
116997 0.00 0.00 0.00 0
116998 0.00 0.00 0.00 0
116999 0.00 0.00 0.00 0
117000 0.00 0.00 0.00 0
117001 0.00 0.00 0.00 0
117002 0.00 0.00 0.00 0
117003 0.00 0.00 0.00 0
117004 0.00 0.00 0.00 0
117005 0.00 0.00 0.00 0
117006 0.00 0.00 0.00 0
117007 0.00 0.00 0.00 0
117008 0.00 0.00 0.00 0
117009 0.00 0.00 0.00 0
117010 0.00 0.00 0.00 0
117011 0.00 0.00 0.00 0
117012 0.00 0.00 0.00 0
117013 0.00 0.00 0.00 0
117014 0.00 0.00 0.00 0
117015 0.00 0.00 0.00 0
117016 0.00 0.00 0.00 0
117017 0.00 0.00 0.00 0
117018 0.00 0.00 0.00 0
117019 0.00 0.00 0.00 0
117020 0.00 0.00 0.00 0
117021 0.00 0.00 0.00 0
117022 0.00 0.00 0.00 0
117023 0.00 0.00 0.00 0
117024 0.00 0.00 0.00 0
117025 0.00 0.00 0.00 0
117026 0.00 0.00 0.00 0
117027 0.00 0.00 0.00 0
119504 0.00 0.00 0.00 0
119505 0.00 0.00 0.00 0
119506 0.00 0.00 0.00 0
119520 0.00 0.00 0.00 0
119521 0.00 0.00 0.00 0
119522 0.00 0.00 0.00 0
119523 0.00 0.00 0.00 0
119524 0.00 0.00 0.00 0
119525 0.00 0.00 0.00 0
119526 0.00 0.00 0.00 0
119527 0.00 0.00 0.00 0
119528 0.00 0.00 0.00 0
119529 0.00 0.00 0.00 0
119530 0.00 0.00 0.00 0
119531 0.00 0.00 0.00 0
119532 0.00 0.00 0.00 0
119533 0.00 0.00 0.00 0
119534 0.00 0.00 0.00 0
119535 0.00 0.00 0.00 0
119536 0.00 0.00 0.00 0
119537 0.00 0.00 0.00 0
119538 0.00 0.00 0.00 0
119539 0.00 0.00 0.00 0
119540 0.00 0.00 0.00 0
119541 0.00 0.00 0.00 0
119542 0.00 0.00 0.00 0
119543 0.00 0.00 0.00 0
119544 0.00 0.00 0.00 0
119545 0.00 0.00 0.00 0
119546 0.00 0.00 0.00 0
119547 0.00 0.00 0.00 0
119548 0.00 0.00 0.00 0
119550 0.00 0.00 0.00 0
119552 0.00 0.00 0.00 0
119553 0.00 0.00 0.00 0
119554 0.00 0.00 0.00 0
119555 0.00 0.00 0.00 0
119556 0.00 0.00 0.00 0
119557 0.00 0.00 0.00 0
123865 0.00 0.00 0.00 0
123866 0.00 0.00 0.00 0
123867 0.00 0.00 0.00 0
123868 0.00 0.00 0.00 0
123869 0.00 0.00 0.00 0
123870 0.00 0.00 0.00 0
123871 0.00 0.00 0.00 0
123872 0.00 0.00 0.00 0
123873 0.00 0.00 0.00 0
123874 0.00 0.00 0.00 0
123880 0.00 0.00 0.00 0
123881 0.00 0.00 0.00 0
123883 0.00 0.00 0.00 0
123884 0.00 0.00 0.00 0
123885 0.00 0.00 0.00 0
123886 0.00 0.00 0.00 0
123887 0.00 0.00 0.00 0
123888 0.00 0.00 0.00 0
123889 0.00 0.00 0.00 0
123890 0.00 0.00 0.00 0
123891 0.00 0.00 0.00 0
123892 0.00 0.00 0.00 0
123893 0.00 0.00 0.00 0
123894 0.00 0.00 0.00 0
123895 0.00 0.00 0.00 0
123896 0.00 0.00 0.00 0
123897 0.00 0.00 0.00 0
123898 0.00 0.00 0.00 0
123899 0.00 0.00 0.00 0
123900 0.00 0.00 0.00 0
123901 0.00 0.00 0.00 0
123902 0.00 0.00 0.00 0
123903 0.00 0.00 0.00 0
123904 0.00 0.00 0.00 0
123917 0.00 0.00 0.00 0
123918 0.00 0.00 0.00 0
123919 0.00 0.00 0.00 0
123920 0.00 0.00 0.00 0
123921 0.00 0.00 0.00 0
123923 0.00 0.00 0.00 0
123924 0.00 0.00 0.00 0
123925 0.00 0.00 0.00 0
123926 0.00 0.00 0.00 0
123927 0.00 0.00 0.00 0
123928 0.00 0.00 0.00 0
123929 0.00 0.00 0.00 0
123930 0.00 0.00 0.00 0
123931 0.00 0.00 0.00 0
123932 0.00 0.00 0.00 0
123933 0.00 0.00 0.00 0
123934 0.00 0.00 0.00 0
123935 0.00 0.00 0.00 0
123936 0.00 0.00 0.00 0
123937 0.00 0.00 0.00 0
123938 0.00 0.00 0.00 0
123939 0.00 0.00 0.00 0
123940 0.00 0.00 0.00 0
123941 0.00 0.00 0.00 0
123942 0.00 0.00 0.00 0
123943 0.00 0.00 0.00 0
123944 0.00 0.00 0.00 0
123945 0.00 0.00 0.00 0
123946 0.00 0.00 0.00 0
123947 0.00 0.00 0.00 0
123948 0.00 0.00 0.00 0
123952 0.00 0.00 0.00 0
123953 0.00 0.00 0.00 0
123954 0.00 0.00 0.00 0
123955 0.00 0.00 0.00 0
123956 0.00 0.00 0.00 0
123957 0.00 0.00 0.00 0
123958 0.00 0.00 0.00 0
123959 0.00 0.00 0.00 0
123960 0.00 0.00 0.00 0
123961 0.00 0.00 0.00 0
123962 0.00 0.00 0.00 0
123963 0.00 0.00 0.00 0
123964 0.00 0.00 0.00 0
123965 0.00 0.00 0.00 0
123966 0.00 0.00 0.00 0
123967 0.00 0.00 0.00 0
123968 0.00 0.00 0.00 0
123969 0.00 0.00 0.00 0
123970 0.00 0.00 0.00 0
123971 0.00 0.00 0.00 0
123972 0.00 0.00 0.00 0
123973 0.00 0.00 0.00 0
123974 0.00 0.00 0.00 0
123975 0.00 0.00 0.00 0
123976 0.00 0.00 0.00 0
123977 0.00 0.00 0.00 0
123978 0.00 0.00 0.00 0
123979 0.00 0.00 0.00 0
123980 0.00 0.00 0.00 0
123981 0.00 0.00 0.00 0
123982 0.00 0.00 0.00 0
123983 0.00 0.00 0.00 0
123984 0.00 0.00 0.00 0
123985 0.00 0.00 0.00 0
123986 0.00 0.00 0.00 0
123987 0.00 0.00 0.00 0
123988 0.00 0.00 0.00 0
123989 0.00 0.00 0.00 0
123990 0.00 0.00 0.00 0
123991 0.00 0.00 0.00 0
123992 0.00 0.00 0.00 0
123993 0.00 0.00 0.00 0
123994 0.00 0.00 0.00 0
123995 0.00 0.00 0.00 0
123996 0.00 0.00 0.00 0
123997 0.00 0.00 0.00 0
123998 0.00 0.00 0.00 0
123999 0.00 0.00 0.00 0
124000 0.00 0.00 0.00 0
124001 0.00 0.00 0.00 0
124043 0.00 0.00 0.00 0
124044 0.00 0.00 0.00 0
124045 0.00 0.00 0.00 0
124046 0.00 0.00 0.00 0
124047 0.00 0.00 0.00 0
124048 0.00 0.00 0.00 0
129496 0.00 0.00 0.00 0
129519 0.00 0.00 0.00 0
129522 0.00 0.00 0.00 0
129523 0.00 0.00 0.00 0
129524 0.00 0.00 0.00 0
129525 0.00 0.00 0.00 0
129526 0.00 0.00 0.00 0
129527 0.00 0.00 0.00 0
129528 0.00 0.00 0.00 0
129529 0.00 0.00 0.00 0
129531 0.00 0.00 0.00 0
129532 0.00 0.00 0.00 0
129533 0.00 0.00 0.00 0
129534 0.00 0.00 0.00 0
129535 0.00 0.00 0.00 0
129542 0.00 0.00 0.00 0
129543 0.00 0.00 0.00 0
129546 0.00 0.00 0.00 0
129547 0.00 0.00 0.00 0
129550 0.00 0.00 0.00 0
129551 0.00 0.00 0.00 0
133434 0.00 0.00 0.00 0
133435 0.00 0.00 0.00 0
133436 0.00 0.00 0.00 0
133437 0.00 0.00 0.00 0
133438 0.00 0.00 0.00 0
133439 0.00 0.00 0.00 0
133440 0.00 0.00 0.00 0
133441 0.00 0.00 0.00 0
133442 0.00 0.00 0.00 0
133443 0.00 0.00 0.00 0
133444 0.00 0.00 0.00 0
133445 0.00 0.00 0.00 0
133446 0.00 0.00 0.00 0
133447 0.00 0.00 0.00 0
133448 0.00 0.00 0.00 0
133449 0.00 0.00 0.00 0
133450 0.00 0.00 0.00 0
133451 0.00 0.00 0.00 0
133452 0.00 0.00 0.00 0
133453 0.00 0.00 0.00 0
133454 0.00 0.00 0.00 0
133455 0.00 0.00 0.00 0
133456 0.00 0.00 0.00 0
133457 0.00 0.00 0.00 0
133458 0.00 0.00 0.00 0
133459 0.00 0.00 0.00 0
133460 0.00 0.00 0.00 0
133461 0.00 0.00 0.00 0
133462 0.00 0.00 0.00 0
133463 0.00 0.00 0.00 0
133464 0.00 0.00 0.00 0
133465 0.00 0.00 0.00 0
133466 0.00 0.00 0.00 0
133467 0.00 0.00 0.00 0
133468 0.00 0.00 0.00 0
133469 0.00 0.00 0.00 0
133470 0.00 0.00 0.00 0
133471 0.00 0.00 0.00 0
133472 0.00 0.00 0.00 0
133473 0.00 0.00 0.00 0
133474 0.00 0.00 0.00 0
133475 0.00 0.00 0.00 0
133476 0.00 0.00 0.00 0
133477 0.00 0.00 0.00 0
133478 0.00 0.00 0.00 0
133479 0.00 0.00 0.00 0
133480 0.00 0.00 0.00 0
133481 0.00 0.00 0.00 0
133482 0.00 0.00 0.00 0
133483 0.00 0.00 0.00 0
133484 0.00 0.00 0.00 0
133485 0.00 0.00 0.00 0
133486 0.00 0.00 0.00 0
133496 0.00 0.00 0.00 0
133497 0.00 0.00 0.00 0
133498 0.00 0.00 0.00 0
133499 0.00 0.00 0.00 0
133500 0.00 0.00 0.00 0
133501 0.00 0.00 0.00 0
133502 0.00 0.00 0.00 0
133503 0.00 0.00 0.00 0
133504 0.00 0.00 0.00 0
133505 0.00 0.00 0.00 0
133506 0.00 0.00 0.00 0
133507 0.00 0.00 0.00 0
133508 0.00 0.00 0.00 0
133509 0.00 0.00 0.00 0
133510 0.00 0.00 0.00 0
133511 0.00 0.00 0.00 0
133512 0.00 0.00 0.00 0
133513 0.00 0.00 0.00 0
133514 0.00 0.00 0.00 0
133515 0.00 0.00 0.00 0
133516 0.00 0.00 0.00 0
133517 0.00 0.00 0.00 0
133518 0.00 0.00 0.00 0
133519 0.00 0.00 0.00 0
133520 0.00 0.00 0.00 0
133521 0.00 0.00 0.00 0
133522 0.00 0.00 0.00 0
133523 0.00 0.00 0.00 0
133524 0.00 0.00 0.00 0
133525 0.00 0.00 0.00 0
133526 0.00 0.00 0.00 0
133527 0.00 0.00 0.00 0
133528 0.00 0.00 0.00 0
133529 0.00 0.00 0.00 0
133530 0.00 0.00 0.00 0
133531 0.00 0.00 0.00 0
133532 0.00 0.00 0.00 0
133533 0.00 0.00 0.00 0
133534 0.00 0.00 0.00 0
133535 0.00 0.00 0.00 0
133536 0.00 0.00 0.00 0
133537 0.00 0.00 0.00 0
133538 0.00 0.00 0.00 0
133539 0.00 0.00 0.00 0
133540 0.00 0.00 0.00 0
133541 0.00 0.00 0.00 0
133542 0.00 0.00 0.00 0
133543 0.00 0.00 0.00 0
133544 0.00 0.00 0.00 0
133545 0.00 0.00 0.00 0
133546 0.00 0.00 0.00 0
133547 0.00 0.00 0.00 0
133548 0.00 0.00 0.00 0
133549 0.00 0.00 0.00 0
133550 0.00 0.00 0.00 0
133551 0.00 0.00 0.00 0
133552 0.00 0.00 0.00 0
133553 0.00 0.00 0.00 0
133554 0.00 0.00 0.00 0
133555 0.00 0.00 0.00 0
133556 0.00 0.00 0.00 0
133557 0.00 0.00 0.00 0
133558 0.00 0.00 0.00 0
133559 0.00 0.00 0.00 0
133560 0.00 0.00 0.00 0
133561 0.00 0.00 0.00 0
133562 0.00 0.00 0.00 0
133563 0.00 0.00 0.00 0
133564 0.00 0.00 0.00 0
133565 0.00 0.00 0.00 0
133566 0.00 0.00 0.00 0
133567 0.00 0.00 0.00 0
133568 0.00 0.00 0.00 0
133569 0.00 0.00 0.00 0
133570 0.00 0.00 0.00 0
133571 0.00 0.00 0.00 0
133572 0.00 0.00 0.00 0
133573 0.00 0.00 0.00 0
133574 0.00 0.00 0.00 0
133577 0.00 0.00 0.00 0
133583 0.00 0.00 0.00 0
133584 0.00 0.00 0.00 0
133585 0.00 0.00 0.00 0
133586 0.00 0.00 0.00 0
140215 0.00 0.00 0.00 0
140216 0.00 0.00 0.00 0
140217 0.00 0.00 0.00 0
140218 0.00 0.00 0.00 0
140222 0.00 0.00 0.00 0
140223 0.00 0.00 0.00 0
140224 0.00 0.00 0.00 0
140225 0.00 0.00 0.00 0
140226 0.00 0.00 0.00 0
140227 0.00 0.00 0.00 0
140228 0.00 0.00 0.00 0
140229 0.00 0.00 0.00 0
140230 0.00 0.00 0.00 0
140231 0.00 0.00 0.00 0
140232 0.00 0.00 0.00 0
140233 0.00 0.00 0.00 0
140234 0.00 0.00 0.00 0
140235 0.00 0.00 0.00 0
140236 0.00 0.00 0.00 0
140259 0.00 0.00 0.00 0
140261 0.00 0.00 0.00 0
140262 0.00 0.00 0.00 0
140263 0.00 0.00 0.00 0
140264 0.00 0.00 0.00 0
140265 0.00 0.00 0.00 0
140274 0.00 0.00 0.00 0
140275 0.00 0.00 0.00 0
140276 0.00 0.00 0.00 0
140277 0.00 0.00 0.00 0
140278 0.00 0.00 0.00 0
140279 0.00 0.00 0.00 0
140280 0.00 0.00 0.00 0
140281 0.00 0.00 0.00 0
140282 0.00 0.00 0.00 0
140283 0.00 0.00 0.00 0
140284 0.00 0.00 0.00 0
140285 0.00 0.00 0.00 0
140286 0.00 0.00 0.00 0
140287 0.00 0.00 0.00 0
140288 0.00 0.00 0.00 0
140289 0.00 0.00 0.00 0
140290 0.00 0.00 0.00 0
140291 0.00 0.00 0.00 0
140292 0.00 0.00 0.00 0
140293 0.00 0.00 0.00 0
140294 0.00 0.00 0.00 0
140295 0.00 0.00 0.00 0
140296 0.00 0.00 0.00 0
140297 0.00 0.00 0.00 0
140298 0.00 0.00 0.00 0
140299 0.00 0.00 0.00 0
140300 0.00 0.00 0.00 0
140301 0.00 0.00 0.00 0
140302 0.00 0.00 0.00 0
140303 0.00 0.00 0.00 0
140304 0.00 0.00 0.00 0
140305 0.00 0.00 0.00 0
140306 0.00 0.00 0.00 0
140307 0.00 0.00 0.00 0
140308 0.00 0.00 0.00 0
140309 0.00 0.00 0.00 0
140310 0.00 0.00 0.00 0
140311 0.00 0.00 0.00 0
140312 0.00 0.00 0.00 0
140313 0.00 0.00 0.00 0
140314 0.00 0.00 0.00 0
140315 0.00 0.00 0.00 0
140316 0.00 0.00 0.00 0
140317 0.00 0.00 0.00 0
140318 0.00 0.00 0.00 0
140319 0.00 0.00 0.00 0
140320 0.00 0.00 0.00 0
140321 0.00 0.00 0.00 0
140322 0.00 0.00 0.00 0
140323 0.00 0.00 0.00 0
140324 0.00 0.00 0.00 0
140325 0.00 0.00 0.00 0
140326 0.00 0.00 0.00 0
140327 0.00 0.00 0.00 0
140328 0.00 0.00 0.00 0
140329 0.00 0.00 0.00 0
140330 0.00 0.00 0.00 0
140331 0.00 0.00 0.00 0
140332 0.00 0.00 0.00 0
140333 0.00 0.00 0.00 0
140334 0.00 0.00 0.00 0
140335 0.00 0.00 0.00 0
140336 0.00 0.00 0.00 0
140337 0.00 0.00 0.00 0
140338 0.00 0.00 0.00 0
140339 0.00 0.00 0.00 0
140340 0.00 0.00 0.00 0
140341 0.00 0.00 0.00 0
140342 0.00 0.00 0.00 0
140343 0.00 0.00 0.00 0
140344 0.00 0.00 0.00 0
140345 0.00 0.00 0.00 0
140348 0.00 0.00 0.00 0
140349 0.00 0.00 0.00 0
140350 0.00 0.00 0.00 0
140351 0.00 0.00 0.00 0
140352 0.00 0.00 0.00 0
140353 0.00 0.00 0.00 0
140354 0.00 0.00 0.00 0
140355 0.00 0.00 0.00 0
140356 0.00 0.00 0.00 0
140357 0.00 0.00 0.00 0
140358 0.00 0.00 0.00 0
140359 0.00 0.00 0.00 0
140360 0.00 0.00 0.00 0
140361 0.00 0.00 0.00 0
140362 0.00 0.00 0.00 0
140363 0.00 0.00 0.00 0
140364 0.00 0.00 0.00 0
140365 0.00 0.00 0.00 0
145104 0.00 0.00 0.00 0
145105 0.00 0.00 0.00 0
145112 0.00 0.00 0.00 0
145113 0.00 0.00 0.00 0
145114 0.00 0.00 0.00 0
145115 0.00 0.00 0.00 0
151556 0.00 0.00 0.00 0
151562 0.00 0.00 0.00 0
151563 0.00 0.00 0.00 0
151564 0.00 0.00 0.00 0
151565 0.00 0.00 0.00 0
151566 0.00 0.00 0.00 0
151567 0.00 0.00 0.00 0
151568 0.00 0.00 0.00 0
151574 0.00 0.00 0.00 0
151583 0.00 0.00 0.00 0
151616 0.00 0.00 0.00 0
151617 0.00 0.00 0.00 0
151618 0.00 0.00 0.00 0
151619 0.00 0.00 0.00 0
151620 0.00 0.00 0.00 0
151634 0.00 0.00 0.00 0
151635 0.00 0.00 0.00 0
151636 0.00 0.00 0.00 0
151637 0.00 0.00 0.00 0
151638 0.00 0.00 0.00 0
151639 0.00 0.00 0.00 0
151640 0.00 0.00 0.00 0
151641 0.00 0.00 0.00 0
151642 0.00 0.00 0.00 0
151643 0.00 0.00 0.00 0
151644 0.00 0.00 0.00 0
151645 0.00 0.00 0.00 0
151646 0.00 0.00 0.00 0
151647 0.00 0.00 0.00 0
151648 0.00 0.00 0.00 0
151649 0.00 0.00 0.00 0
151650 0.00 0.00 0.00 0
151651 0.00 0.00 0.00 0
151652 0.00 0.00 0.00 0
151691 0.00 0.00 0.00 0
151695 0.00 0.00 0.00 0
151697 0.00 0.00 0.00 0
151698 0.00 0.00 0.00 0
151699 0.00 0.00 0.00 0
151700 0.00 0.00 0.00 0
151701 0.00 0.00 0.00 0
151702 0.00 0.00 0.00 0
151703 0.00 0.00 0.00 0
151704 0.00 0.00 0.00 0
151706 0.00 0.00 0.00 0
151707 0.00 0.00 0.00 0
151708 0.00 0.00 0.00 0
151709 0.00 0.00 0.00 0
151710 0.00 0.00 0.00 0
151711 0.00 0.00 0.00 0
151712 0.00 0.00 0.00 0
151713 0.00 0.00 0.00 0
151714 0.00 0.00 0.00 0
151720 0.00 0.00 0.00 0
151721 0.00 0.00 0.00 0
151722 0.00 0.00 0.00 0
151723 0.00 0.00 0.00 0
151724 0.00 0.00 0.00 0
151725 0.00 0.00 0.00 0
151726 0.00 0.00 0.00 0
151727 0.00 0.00 0.00 0
151728 0.00 0.00 0.00 0
151729 0.00 0.00 0.00 0
151730 0.00 0.00 0.00 0
151731 0.00 0.00 0.00 0
151732 0.00 0.00 0.00 0
151733 0.00 0.00 0.00 0
151734 0.00 0.00 0.00 0
151735 0.00 0.00 0.00 0
151736 0.00 0.00 0.00 0
151737 0.00 0.00 0.00 0
151738 0.00 0.00 0.00 0
151739 0.00 0.00 0.00 0
151740 0.00 0.00 0.00 0
151741 0.00 0.00 0.00 0
151742 0.00 0.00 0.00 0
151743 0.00 0.00 0.00 0
151744 0.00 0.00 0.00 0
151745 0.00 0.00 0.00 0
151746 0.00 0.00 0.00 0
151747 0.00 0.00 0.00 0
151748 0.00 0.00 0.00 0
151749 0.00 0.00 0.00 0
151750 0.00 0.00 0.00 0
151751 0.00 0.00 0.00 0
151752 0.00 0.00 0.00 0
151753 0.00 0.00 0.00 0
151754 0.00 0.00 0.00 0
151755 0.00 0.00 0.00 0
151756 0.00 0.00 0.00 0
151757 0.00 0.00 0.00 0
151758 0.00 0.00 0.00 0
151759 0.00 0.00 0.00 0
151760 0.00 0.00 0.00 0
151761 0.00 0.00 0.00 0
151762 0.00 0.00 0.00 0
151763 0.00 0.00 0.00 0
151764 0.00 0.00 0.00 0
151765 0.00 0.00 0.00 0
151766 0.00 0.00 0.00 0
151767 0.00 0.00 0.00 0
151768 0.00 0.00 0.00 0
151771 0.00 0.00 0.00 0
151772 0.00 0.00 0.00 0
151773 0.00 0.00 0.00 0
151774 0.00 0.00 0.00 0
151775 0.00 0.00 0.00 0
151776 0.00 0.00 0.00 0
151777 0.00 0.00 0.00 0
151778 0.00 0.00 0.00 0
151779 0.00 0.00 0.00 0
151780 0.00 0.00 0.00 0
151781 0.00 0.00 0.00 0
151782 0.00 0.00 0.00 0
151783 0.00 0.00 0.00 0
151784 0.00 0.00 0.00 0
151785 0.00 0.00 0.00 0
151786 0.00 0.00 0.00 0
151787 0.00 0.00 0.00 0
151788 0.00 0.00 0.00 0
151789 0.00 0.00 0.00 0
151790 0.00 0.00 0.00 0
151791 0.00 0.00 0.00 0
151792 0.00 0.00 0.00 0
151793 0.00 0.00 0.00 0
151794 0.00 0.00 0.00 0
151795 0.00 0.00 0.00 0
151796 0.00 0.00 0.00 0
151797 0.00 0.00 0.00 0
151798 0.00 0.00 0.00 0
151799 0.00 0.00 0.00 0
151800 0.00 0.00 0.00 0
151801 0.00 0.00 0.00 0
151802 0.00 0.00 0.00 0
151803 0.00 0.00 0.00 0
151804 0.00 0.00 0.00 0
151805 0.00 0.00 0.00 0
151806 0.00 0.00 0.00 0
151807 0.00 0.00 0.00 0
151808 0.00 0.00 0.00 0
151809 0.00 0.00 0.00 0
151810 0.00 0.00 0.00 0
151811 0.00 0.00 0.00 0
151812 0.00 0.00 0.00 0
151813 0.00 0.00 0.00 0
151814 0.00 0.00 0.00 0
151815 0.00 0.00 0.00 0
151816 0.00 0.00 0.00 0
151817 0.00 0.00 0.00 0
151818 0.00 0.00 0.00 0
151819 0.00 0.00 0.00 0
151820 0.00 0.00 0.00 0
151821 0.00 0.00 0.00 0
151822 0.00 0.00 0.00 0
151823 0.00 0.00 0.00 0
151824 0.00 0.00 0.00 0
151825 0.00 0.00 0.00 0
151826 0.00 0.00 0.00 0
151827 0.00 0.00 0.00 0
151828 0.00 0.00 0.00 0
151829 0.00 0.00 0.00 0
151830 0.00 0.00 0.00 0
151831 0.00 0.00 0.00 0
151832 0.00 0.00 0.00 0
151833 0.00 0.00 0.00 0
151834 0.00 0.00 0.00 0
151835 0.00 0.00 0.00 0
151836 0.00 0.00 0.00 0
151837 0.00 0.00 0.00 0
151838 0.00 0.00 0.00 0
151839 0.00 0.00 0.00 0
151840 0.00 0.00 0.00 0
151841 0.00 0.00 0.00 0
151842 0.00 0.00 0.00 0
151843 0.00 0.00 0.00 0
151844 0.00 0.00 0.00 0
151845 0.00 0.00 0.00 0
151846 0.00 0.00 0.00 0
151847 0.00 0.00 0.00 0
151848 0.00 0.00 0.00 0
151849 0.00 0.00 0.00 0
151850 0.00 0.00 0.00 0
151851 0.00 0.00 0.00 0
151852 0.00 0.00 0.00 0
151853 0.00 0.00 0.00 0
151854 0.00 0.00 0.00 0
151855 0.00 0.00 0.00 0
151856 0.00 0.00 0.00 0
151857 0.00 0.00 0.00 0
151858 0.00 0.00 0.00 0
151859 0.00 0.00 0.00 0
151860 0.00 0.00 0.00 0
151861 0.00 0.00 0.00 0
151862 0.00 0.00 0.00 0
151863 0.00 0.00 0.00 0
151864 0.00 0.00 0.00 0
151865 0.00 0.00 0.00 0
151866 0.00 0.00 0.00 0
151867 0.00 0.00 0.00 0
151868 0.00 0.00 0.00 0
151869 0.00 0.00 0.00 0
151870 0.00 0.00 0.00 0
151871 0.00 0.00 0.00 0
151872 0.00 0.00 0.00 0
151873 0.00 0.00 0.00 0
151874 0.00 0.00 0.00 0
151875 0.00 0.00 0.00 0
151876 0.00 0.00 0.00 0
151877 0.00 0.00 0.00 0
151878 0.00 0.00 0.00 0
151879 0.00 0.00 0.00 0
151880 0.00 0.00 0.00 0
151881 0.00 0.00 0.00 0
151882 0.00 0.00 0.00 0
151883 0.00 0.00 0.00 0
151884 0.00 0.00 0.00 0
151885 0.00 0.00 0.00 0
151886 0.00 0.00 0.00 0
151887 0.00 0.00 0.00 0
151888 0.00 0.00 0.00 0
151889 0.00 0.00 0.00 0
151890 0.00 0.00 0.00 0
151891 0.00 0.00 0.00 0
151892 0.00 0.00 0.00 0
151893 0.00 0.00 0.00 0
151894 0.00 0.00 0.00 0
151895 0.00 0.00 0.00 0
151896 0.00 0.00 0.00 0
151897 0.00 0.00 0.00 0
151898 0.00 0.00 0.00 0
151899 0.00 0.00 0.00 0
151900 0.00 0.00 0.00 0
151901 0.00 0.00 0.00 0
151902 0.00 0.00 0.00 0
151903 0.00 0.00 0.00 0
151904 0.00 0.00 0.00 0
151905 0.00 0.00 0.00 0
151906 0.00 0.00 0.00 0
151907 0.00 0.00 0.00 0
151908 0.00 0.00 0.00 0
151909 0.00 0.00 0.00 0
151958 0.00 0.00 0.00 0
152012 0.00 0.00 0.00 0
152013 0.00 0.00 0.00 0
152014 0.00 0.00 0.00 0
152015 0.00 0.00 0.00 0
152016 0.00 0.00 0.00 0
152017 0.00 0.00 0.00 0
152018 0.00 0.00 0.00 0
152021 0.00 0.00 0.00 0
