# G_and_S_cingul-Ant
2517
22 0.00 0.00 0.00 0
112 0.00 0.00 0.00 0
114 0.00 0.00 0.00 0
247 0.00 0.00 0.00 0
248 0.00 0.00 0.00 0
249 0.00 0.00 0.00 0
507 0.00 0.00 0.00 0
508 0.00 0.00 0.00 0
727 0.00 0.00 0.00 0
728 0.00 0.00 0.00 0
729 0.00 0.00 0.00 0
740 0.00 0.00 0.00 0
741 0.00 0.00 0.00 0
1102 0.00 0.00 0.00 0
1105 0.00 0.00 0.00 0
1106 0.00 0.00 0.00 0
1107 0.00 0.00 0.00 0
1109 0.00 0.00 0.00 0
1111 0.00 0.00 0.00 0
1112 0.00 0.00 0.00 0
1113 0.00 0.00 0.00 0
1114 0.00 0.00 0.00 0
1115 0.00 0.00 0.00 0
1143 0.00 0.00 0.00 0
1145 0.00 0.00 0.00 0
1146 0.00 0.00 0.00 0
1597 0.00 0.00 0.00 0
1598 0.00 0.00 0.00 0
1599 0.00 0.00 0.00 0
1600 0.00 0.00 0.00 0
1601 0.00 0.00 0.00 0
1606 0.00 0.00 0.00 0
1622 0.00 0.00 0.00 0
2157 0.00 0.00 0.00 0
2163 0.00 0.00 0.00 0
2164 0.00 0.00 0.00 0
2165 0.00 0.00 0.00 0
2166 0.00 0.00 0.00 0
2167 0.00 0.00 0.00 0
2168 0.00 0.00 0.00 0
2169 0.00 0.00 0.00 0
2647 0.00 0.00 0.00 0
2648 0.00 0.00 0.00 0
2649 0.00 0.00 0.00 0
2660 0.00 0.00 0.00 0
2661 0.00 0.00 0.00 0
3022 0.00 0.00 0.00 0
3023 0.00 0.00 0.00 0
3024 0.00 0.00 0.00 0
3025 0.00 0.00 0.00 0
3026 0.00 0.00 0.00 0
3027 0.00 0.00 0.00 0
3028 0.00 0.00 0.00 0
3029 0.00 0.00 0.00 0
3033 0.00 0.00 0.00 0
3034 0.00 0.00 0.00 0
3063 0.00 0.00 0.00 0
3064 0.00 0.00 0.00 0
3065 0.00 0.00 0.00 0
3066 0.00 0.00 0.00 0
3622 0.00 0.00 0.00 0
3623 0.00 0.00 0.00 0
3624 0.00 0.00 0.00 0
3625 0.00 0.00 0.00 0
3626 0.00 0.00 0.00 0
3627 0.00 0.00 0.00 0
3628 0.00 0.00 0.00 0
3629 0.00 0.00 0.00 0
3636 0.00 0.00 0.00 0
3663 0.00 0.00 0.00 0
3664 0.00 0.00 0.00 0
3665 0.00 0.00 0.00 0
3666 0.00 0.00 0.00 0
4755 0.00 0.00 0.00 0
4756 0.00 0.00 0.00 0
4757 0.00 0.00 0.00 0
4771 0.00 0.00 0.00 0
4773 0.00 0.00 0.00 0
4774 0.00 0.00 0.00 0
4775 0.00 0.00 0.00 0
4776 0.00 0.00 0.00 0
4777 0.00 0.00 0.00 0
4780 0.00 0.00 0.00 0
4781 0.00 0.00 0.00 0
4782 0.00 0.00 0.00 0
4783 0.00 0.00 0.00 0
4784 0.00 0.00 0.00 0
4785 0.00 0.00 0.00 0
4786 0.00 0.00 0.00 0
4787 0.00 0.00 0.00 0
4878 0.00 0.00 0.00 0
4879 0.00 0.00 0.00 0
5917 0.00 0.00 0.00 0
5918 0.00 0.00 0.00 0
5919 0.00 0.00 0.00 0
5920 0.00 0.00 0.00 0
5921 0.00 0.00 0.00 0
5942 0.00 0.00 0.00 0
5943 0.00 0.00 0.00 0
6592 0.00 0.00 0.00 0
6597 0.00 0.00 0.00 0
6598 0.00 0.00 0.00 0
6599 0.00 0.00 0.00 0
6600 0.00 0.00 0.00 0
6604 0.00 0.00 0.00 0
6605 0.00 0.00 0.00 0
6609 0.00 0.00 0.00 0
6610 0.00 0.00 0.00 0
6612 0.00 0.00 0.00 0
6613 0.00 0.00 0.00 0
6614 0.00 0.00 0.00 0
6615 0.00 0.00 0.00 0
6616 0.00 0.00 0.00 0
6617 0.00 0.00 0.00 0
6669 0.00 0.00 0.00 0
6671 0.00 0.00 0.00 0
6672 0.00 0.00 0.00 0
7567 0.00 0.00 0.00 0
7568 0.00 0.00 0.00 0
7569 0.00 0.00 0.00 0
7570 0.00 0.00 0.00 0
7571 0.00 0.00 0.00 0
7572 0.00 0.00 0.00 0
7573 0.00 0.00 0.00 0
7574 0.00 0.00 0.00 0
7575 0.00 0.00 0.00 0
7576 0.00 0.00 0.00 0
7577 0.00 0.00 0.00 0
7586 0.00 0.00 0.00 0
7587 0.00 0.00 0.00 0
7624 0.00 0.00 0.00 0
7625 0.00 0.00 0.00 0
7626 0.00 0.00 0.00 0
7627 0.00 0.00 0.00 0
7628 0.00 0.00 0.00 0
7629 0.00 0.00 0.00 0
8183 0.00 0.00 0.00 0
9033 0.00 0.00 0.00 0
9036 0.00 0.00 0.00 0
9051 0.00 0.00 0.00 0
9052 0.00 0.00 0.00 0
9053 0.00 0.00 0.00 0
9054 0.00 0.00 0.00 0
9055 0.00 0.00 0.00 0
9056 0.00 0.00 0.00 0
9057 0.00 0.00 0.00 0
9058 0.00 0.00 0.00 0
9059 0.00 0.00 0.00 0
9061 0.00 0.00 0.00 0
9062 0.00 0.00 0.00 0
9063 0.00 0.00 0.00 0
9064 0.00 0.00 0.00 0
9065 0.00 0.00 0.00 0
9066 0.00 0.00 0.00 0
9067 0.00 0.00 0.00 0
9068 0.00 0.00 0.00 0
9069 0.00 0.00 0.00 0
9070 0.00 0.00 0.00 0
9072 0.00 0.00 0.00 0
9181 0.00 0.00 0.00 0
10327 0.00 0.00 0.00 0
10328 0.00 0.00 0.00 0
10329 0.00 0.00 0.00 0
10338 0.00 0.00 0.00 0
10339 0.00 0.00 0.00 0
10340 0.00 0.00 0.00 0
10341 0.00 0.00 0.00 0
10702 0.00 0.00 0.00 0
10703 0.00 0.00 0.00 0
10704 0.00 0.00 0.00 0
10705 0.00 0.00 0.00 0
10706 0.00 0.00 0.00 0
10707 0.00 0.00 0.00 0
10708 0.00 0.00 0.00 0
10709 0.00 0.00 0.00 0
10714 0.00 0.00 0.00 0
10743 0.00 0.00 0.00 0
10744 0.00 0.00 0.00 0
10745 0.00 0.00 0.00 0
10746 0.00 0.00 0.00 0
11302 0.00 0.00 0.00 0
11303 0.00 0.00 0.00 0
11304 0.00 0.00 0.00 0
11305 0.00 0.00 0.00 0
11306 0.00 0.00 0.00 0
11307 0.00 0.00 0.00 0
11308 0.00 0.00 0.00 0
11309 0.00 0.00 0.00 0
11343 0.00 0.00 0.00 0
11344 0.00 0.00 0.00 0
11345 0.00 0.00 0.00 0
11346 0.00 0.00 0.00 0
12435 0.00 0.00 0.00 0
12436 0.00 0.00 0.00 0
12437 0.00 0.00 0.00 0
12453 0.00 0.00 0.00 0
12454 0.00 0.00 0.00 0
12455 0.00 0.00 0.00 0
12456 0.00 0.00 0.00 0
12457 0.00 0.00 0.00 0
12461 0.00 0.00 0.00 0
12462 0.00 0.00 0.00 0
12463 0.00 0.00 0.00 0
12464 0.00 0.00 0.00 0
12465 0.00 0.00 0.00 0
12466 0.00 0.00 0.00 0
12467 0.00 0.00 0.00 0
12559 0.00 0.00 0.00 0
13702 0.00 0.00 0.00 0
13703 0.00 0.00 0.00 0
13704 0.00 0.00 0.00 0
13705 0.00 0.00 0.00 0
13706 0.00 0.00 0.00 0
13707 0.00 0.00 0.00 0
13708 0.00 0.00 0.00 0
13709 0.00 0.00 0.00 0
13741 0.00 0.00 0.00 0
13742 0.00 0.00 0.00 0
13743 0.00 0.00 0.00 0
13744 0.00 0.00 0.00 0
13745 0.00 0.00 0.00 0
13746 0.00 0.00 0.00 0
14827 0.00 0.00 0.00 0
14829 0.00 0.00 0.00 0
14830 0.00 0.00 0.00 0
14835 0.00 0.00 0.00 0
14836 0.00 0.00 0.00 0
14837 0.00 0.00 0.00 0
14838 0.00 0.00 0.00 0
14839 0.00 0.00 0.00 0
14840 0.00 0.00 0.00 0
14845 0.00 0.00 0.00 0
14846 0.00 0.00 0.00 0
14847 0.00 0.00 0.00 0
14848 0.00 0.00 0.00 0
14849 0.00 0.00 0.00 0
14855 0.00 0.00 0.00 0
14856 0.00 0.00 0.00 0
14857 0.00 0.00 0.00 0
14859 0.00 0.00 0.00 0
14860 0.00 0.00 0.00 0
14861 0.00 0.00 0.00 0
14862 0.00 0.00 0.00 0
14863 0.00 0.00 0.00 0
14864 0.00 0.00 0.00 0
14865 0.00 0.00 0.00 0
14866 0.00 0.00 0.00 0
14867 0.00 0.00 0.00 0
14950 0.00 0.00 0.00 0
14951 0.00 0.00 0.00 0
14952 0.00 0.00 0.00 0
14953 0.00 0.00 0.00 0
14954 0.00 0.00 0.00 0
14955 0.00 0.00 0.00 0
14956 0.00 0.00 0.00 0
14957 0.00 0.00 0.00 0
14958 0.00 0.00 0.00 0
14959 0.00 0.00 0.00 0
14960 0.00 0.00 0.00 0
14961 0.00 0.00 0.00 0
16627 0.00 0.00 0.00 0
16628 0.00 0.00 0.00 0
16629 0.00 0.00 0.00 0
16630 0.00 0.00 0.00 0
16631 0.00 0.00 0.00 0
16632 0.00 0.00 0.00 0
16633 0.00 0.00 0.00 0
16634 0.00 0.00 0.00 0
16635 0.00 0.00 0.00 0
16636 0.00 0.00 0.00 0
16637 0.00 0.00 0.00 0
16638 0.00 0.00 0.00 0
16639 0.00 0.00 0.00 0
16640 0.00 0.00 0.00 0
16641 0.00 0.00 0.00 0
16642 0.00 0.00 0.00 0
16643 0.00 0.00 0.00 0
16644 0.00 0.00 0.00 0
16645 0.00 0.00 0.00 0
16646 0.00 0.00 0.00 0
16647 0.00 0.00 0.00 0
16648 0.00 0.00 0.00 0
16649 0.00 0.00 0.00 0
16667 0.00 0.00 0.00 0
16669 0.00 0.00 0.00 0
16670 0.00 0.00 0.00 0
16671 0.00 0.00 0.00 0
16672 0.00 0.00 0.00 0
16745 0.00 0.00 0.00 0
16746 0.00 0.00 0.00 0
16747 0.00 0.00 0.00 0
16748 0.00 0.00 0.00 0
16749 0.00 0.00 0.00 0
16750 0.00 0.00 0.00 0
16754 0.00 0.00 0.00 0
16755 0.00 0.00 0.00 0
16756 0.00 0.00 0.00 0
16757 0.00 0.00 0.00 0
16758 0.00 0.00 0.00 0
16759 0.00 0.00 0.00 0
16760 0.00 0.00 0.00 0
16761 0.00 0.00 0.00 0
20025 0.00 0.00 0.00 0
20026 0.00 0.00 0.00 0
20027 0.00 0.00 0.00 0
20028 0.00 0.00 0.00 0
20029 0.00 0.00 0.00 0
20033 0.00 0.00 0.00 0
20034 0.00 0.00 0.00 0
20035 0.00 0.00 0.00 0
20070 0.00 0.00 0.00 0
20071 0.00 0.00 0.00 0
20072 0.00 0.00 0.00 0
20073 0.00 0.00 0.00 0
20074 0.00 0.00 0.00 0
20075 0.00 0.00 0.00 0
20076 0.00 0.00 0.00 0
20077 0.00 0.00 0.00 0
20078 0.00 0.00 0.00 0
20079 0.00 0.00 0.00 0
20080 0.00 0.00 0.00 0
20081 0.00 0.00 0.00 0
20082 0.00 0.00 0.00 0
20083 0.00 0.00 0.00 0
20084 0.00 0.00 0.00 0
20085 0.00 0.00 0.00 0
20086 0.00 0.00 0.00 0
20087 0.00 0.00 0.00 0
20088 0.00 0.00 0.00 0
20089 0.00 0.00 0.00 0
20090 0.00 0.00 0.00 0
20091 0.00 0.00 0.00 0
20092 0.00 0.00 0.00 0
20096 0.00 0.00 0.00 0
20097 0.00 0.00 0.00 0
20098 0.00 0.00 0.00 0
20099 0.00 0.00 0.00 0
20100 0.00 0.00 0.00 0
20101 0.00 0.00 0.00 0
20102 0.00 0.00 0.00 0
20103 0.00 0.00 0.00 0
20104 0.00 0.00 0.00 0
20105 0.00 0.00 0.00 0
20106 0.00 0.00 0.00 0
20107 0.00 0.00 0.00 0
20108 0.00 0.00 0.00 0
20109 0.00 0.00 0.00 0
20110 0.00 0.00 0.00 0
20111 0.00 0.00 0.00 0
20112 0.00 0.00 0.00 0
20113 0.00 0.00 0.00 0
20114 0.00 0.00 0.00 0
20115 0.00 0.00 0.00 0
20116 0.00 0.00 0.00 0
20117 0.00 0.00 0.00 0
20118 0.00 0.00 0.00 0
20119 0.00 0.00 0.00 0
20120 0.00 0.00 0.00 0
20121 0.00 0.00 0.00 0
20122 0.00 0.00 0.00 0
20123 0.00 0.00 0.00 0
20124 0.00 0.00 0.00 0
20393 0.00 0.00 0.00 0
20394 0.00 0.00 0.00 0
20395 0.00 0.00 0.00 0
23197 0.00 0.00 0.00 0
23198 0.00 0.00 0.00 0
23199 0.00 0.00 0.00 0
23200 0.00 0.00 0.00 0
23201 0.00 0.00 0.00 0
23219 0.00 0.00 0.00 0
23220 0.00 0.00 0.00 0
23221 0.00 0.00 0.00 0
23222 0.00 0.00 0.00 0
23223 0.00 0.00 0.00 0
23872 0.00 0.00 0.00 0
23873 0.00 0.00 0.00 0
23874 0.00 0.00 0.00 0
23875 0.00 0.00 0.00 0
23876 0.00 0.00 0.00 0
23877 0.00 0.00 0.00 0
23878 0.00 0.00 0.00 0
23879 0.00 0.00 0.00 0
23880 0.00 0.00 0.00 0
23881 0.00 0.00 0.00 0
23882 0.00 0.00 0.00 0
23883 0.00 0.00 0.00 0
23884 0.00 0.00 0.00 0
23885 0.00 0.00 0.00 0
23891 0.00 0.00 0.00 0
23892 0.00 0.00 0.00 0
23893 0.00 0.00 0.00 0
23894 0.00 0.00 0.00 0
23895 0.00 0.00 0.00 0
23945 0.00 0.00 0.00 0
23946 0.00 0.00 0.00 0
23947 0.00 0.00 0.00 0
23948 0.00 0.00 0.00 0
23949 0.00 0.00 0.00 0
23950 0.00 0.00 0.00 0
23951 0.00 0.00 0.00 0
23952 0.00 0.00 0.00 0
24952 0.00 0.00 0.00 0
24953 0.00 0.00 0.00 0
24954 0.00 0.00 0.00 0
24955 0.00 0.00 0.00 0
24956 0.00 0.00 0.00 0
24957 0.00 0.00 0.00 0
24958 0.00 0.00 0.00 0
24959 0.00 0.00 0.00 0
24960 0.00 0.00 0.00 0
24961 0.00 0.00 0.00 0
24962 0.00 0.00 0.00 0
24963 0.00 0.00 0.00 0
24964 0.00 0.00 0.00 0
24965 0.00 0.00 0.00 0
25024 0.00 0.00 0.00 0
25025 0.00 0.00 0.00 0
25026 0.00 0.00 0.00 0
25027 0.00 0.00 0.00 0
25028 0.00 0.00 0.00 0
25029 0.00 0.00 0.00 0
25030 0.00 0.00 0.00 0
25031 0.00 0.00 0.00 0
25032 0.00 0.00 0.00 0
26991 0.00 0.00 0.00 0
26992 0.00 0.00 0.00 0
26993 0.00 0.00 0.00 0
26994 0.00 0.00 0.00 0
26995 0.00 0.00 0.00 0
27019 0.00 0.00 0.00 0
27023 0.00 0.00 0.00 0
27024 0.00 0.00 0.00 0
27025 0.00 0.00 0.00 0
27026 0.00 0.00 0.00 0
27027 0.00 0.00 0.00 0
27028 0.00 0.00 0.00 0
27029 0.00 0.00 0.00 0
27030 0.00 0.00 0.00 0
27031 0.00 0.00 0.00 0
27035 0.00 0.00 0.00 0
27036 0.00 0.00 0.00 0
27037 0.00 0.00 0.00 0
27038 0.00 0.00 0.00 0
27039 0.00 0.00 0.00 0
27040 0.00 0.00 0.00 0
27041 0.00 0.00 0.00 0
27042 0.00 0.00 0.00 0
27043 0.00 0.00 0.00 0
27044 0.00 0.00 0.00 0
27045 0.00 0.00 0.00 0
27046 0.00 0.00 0.00 0
27047 0.00 0.00 0.00 0
27048 0.00 0.00 0.00 0
27049 0.00 0.00 0.00 0
27212 0.00 0.00 0.00 0
27213 0.00 0.00 0.00 0
27214 0.00 0.00 0.00 0
29167 0.00 0.00 0.00 0
29168 0.00 0.00 0.00 0
29169 0.00 0.00 0.00 0
29170 0.00 0.00 0.00 0
29171 0.00 0.00 0.00 0
29172 0.00 0.00 0.00 0
29173 0.00 0.00 0.00 0
29174 0.00 0.00 0.00 0
29175 0.00 0.00 0.00 0
29176 0.00 0.00 0.00 0
29177 0.00 0.00 0.00 0
29223 0.00 0.00 0.00 0
29224 0.00 0.00 0.00 0
29225 0.00 0.00 0.00 0
29226 0.00 0.00 0.00 0
29227 0.00 0.00 0.00 0
29228 0.00 0.00 0.00 0
29229 0.00 0.00 0.00 0
30742 0.00 0.00 0.00 0
30753 0.00 0.00 0.00 0
30754 0.00 0.00 0.00 0
30755 0.00 0.00 0.00 0
30756 0.00 0.00 0.00 0
30757 0.00 0.00 0.00 0
30758 0.00 0.00 0.00 0
30759 0.00 0.00 0.00 0
30760 0.00 0.00 0.00 0
30768 0.00 0.00 0.00 0
30778 0.00 0.00 0.00 0
30781 0.00 0.00 0.00 0
30782 0.00 0.00 0.00 0
30783 0.00 0.00 0.00 0
30784 0.00 0.00 0.00 0
30787 0.00 0.00 0.00 0
30788 0.00 0.00 0.00 0
30789 0.00 0.00 0.00 0
30790 0.00 0.00 0.00 0
30791 0.00 0.00 0.00 0
30792 0.00 0.00 0.00 0
30793 0.00 0.00 0.00 0
30794 0.00 0.00 0.00 0
30795 0.00 0.00 0.00 0
30796 0.00 0.00 0.00 0
30797 0.00 0.00 0.00 0
30798 0.00 0.00 0.00 0
30799 0.00 0.00 0.00 0
30924 0.00 0.00 0.00 0
30925 0.00 0.00 0.00 0
30926 0.00 0.00 0.00 0
30927 0.00 0.00 0.00 0
30928 0.00 0.00 0.00 0
30929 0.00 0.00 0.00 0
30930 0.00 0.00 0.00 0
33157 0.00 0.00 0.00 0
33158 0.00 0.00 0.00 0
33159 0.00 0.00 0.00 0
33160 0.00 0.00 0.00 0
33161 0.00 0.00 0.00 0
33162 0.00 0.00 0.00 0
33163 0.00 0.00 0.00 0
33164 0.00 0.00 0.00 0
33165 0.00 0.00 0.00 0
33166 0.00 0.00 0.00 0
33167 0.00 0.00 0.00 0
33168 0.00 0.00 0.00 0
33169 0.00 0.00 0.00 0
33170 0.00 0.00 0.00 0
33171 0.00 0.00 0.00 0
33172 0.00 0.00 0.00 0
33173 0.00 0.00 0.00 0
33174 0.00 0.00 0.00 0
33175 0.00 0.00 0.00 0
33176 0.00 0.00 0.00 0
33177 0.00 0.00 0.00 0
33178 0.00 0.00 0.00 0
33179 0.00 0.00 0.00 0
33180 0.00 0.00 0.00 0
33181 0.00 0.00 0.00 0
33182 0.00 0.00 0.00 0
33183 0.00 0.00 0.00 0
33184 0.00 0.00 0.00 0
33185 0.00 0.00 0.00 0
33209 0.00 0.00 0.00 0
33210 0.00 0.00 0.00 0
33211 0.00 0.00 0.00 0
33212 0.00 0.00 0.00 0
33213 0.00 0.00 0.00 0
33309 0.00 0.00 0.00 0
33310 0.00 0.00 0.00 0
33312 0.00 0.00 0.00 0
33313 0.00 0.00 0.00 0
33314 0.00 0.00 0.00 0
33315 0.00 0.00 0.00 0
33316 0.00 0.00 0.00 0
33317 0.00 0.00 0.00 0
33318 0.00 0.00 0.00 0
33321 0.00 0.00 0.00 0
33322 0.00 0.00 0.00 0
33323 0.00 0.00 0.00 0
33324 0.00 0.00 0.00 0
33325 0.00 0.00 0.00 0
33326 0.00 0.00 0.00 0
33327 0.00 0.00 0.00 0
34852 0.00 0.00 0.00 0
34853 0.00 0.00 0.00 0
34854 0.00 0.00 0.00 0
37341 0.00 0.00 0.00 0
37342 0.00 0.00 0.00 0
37343 0.00 0.00 0.00 0
37344 0.00 0.00 0.00 0
37345 0.00 0.00 0.00 0
37350 0.00 0.00 0.00 0
37351 0.00 0.00 0.00 0
37352 0.00 0.00 0.00 0
37395 0.00 0.00 0.00 0
37396 0.00 0.00 0.00 0
37397 0.00 0.00 0.00 0
37398 0.00 0.00 0.00 0
37399 0.00 0.00 0.00 0
37400 0.00 0.00 0.00 0
37401 0.00 0.00 0.00 0
37402 0.00 0.00 0.00 0
37403 0.00 0.00 0.00 0
37406 0.00 0.00 0.00 0
37407 0.00 0.00 0.00 0
37408 0.00 0.00 0.00 0
37409 0.00 0.00 0.00 0
37410 0.00 0.00 0.00 0
37411 0.00 0.00 0.00 0
37412 0.00 0.00 0.00 0
37413 0.00 0.00 0.00 0
37414 0.00 0.00 0.00 0
37415 0.00 0.00 0.00 0
37416 0.00 0.00 0.00 0
37417 0.00 0.00 0.00 0
37418 0.00 0.00 0.00 0
37419 0.00 0.00 0.00 0
37420 0.00 0.00 0.00 0
37421 0.00 0.00 0.00 0
37426 0.00 0.00 0.00 0
37427 0.00 0.00 0.00 0
37428 0.00 0.00 0.00 0
37429 0.00 0.00 0.00 0
37430 0.00 0.00 0.00 0
37431 0.00 0.00 0.00 0
37432 0.00 0.00 0.00 0
37433 0.00 0.00 0.00 0
37434 0.00 0.00 0.00 0
37435 0.00 0.00 0.00 0
37436 0.00 0.00 0.00 0
37437 0.00 0.00 0.00 0
37438 0.00 0.00 0.00 0
37439 0.00 0.00 0.00 0
37440 0.00 0.00 0.00 0
37441 0.00 0.00 0.00 0
37442 0.00 0.00 0.00 0
37443 0.00 0.00 0.00 0
37444 0.00 0.00 0.00 0
37445 0.00 0.00 0.00 0
37446 0.00 0.00 0.00 0
37447 0.00 0.00 0.00 0
37448 0.00 0.00 0.00 0
37449 0.00 0.00 0.00 0
37450 0.00 0.00 0.00 0
37451 0.00 0.00 0.00 0
37452 0.00 0.00 0.00 0
37453 0.00 0.00 0.00 0
37454 0.00 0.00 0.00 0
37455 0.00 0.00 0.00 0
37456 0.00 0.00 0.00 0
37458 0.00 0.00 0.00 0
37459 0.00 0.00 0.00 0
37460 0.00 0.00 0.00 0
37462 0.00 0.00 0.00 0
37463 0.00 0.00 0.00 0
37756 0.00 0.00 0.00 0
41047 0.00 0.00 0.00 0
41048 0.00 0.00 0.00 0
41049 0.00 0.00 0.00 0
41058 0.00 0.00 0.00 0
41059 0.00 0.00 0.00 0
41060 0.00 0.00 0.00 0
41061 0.00 0.00 0.00 0
41422 0.00 0.00 0.00 0
41423 0.00 0.00 0.00 0
41424 0.00 0.00 0.00 0
41425 0.00 0.00 0.00 0
41426 0.00 0.00 0.00 0
41427 0.00 0.00 0.00 0
41428 0.00 0.00 0.00 0
41429 0.00 0.00 0.00 0
41463 0.00 0.00 0.00 0
41464 0.00 0.00 0.00 0
41465 0.00 0.00 0.00 0
41466 0.00 0.00 0.00 0
42022 0.00 0.00 0.00 0
42023 0.00 0.00 0.00 0
42024 0.00 0.00 0.00 0
42025 0.00 0.00 0.00 0
42026 0.00 0.00 0.00 0
42027 0.00 0.00 0.00 0
42028 0.00 0.00 0.00 0
42029 0.00 0.00 0.00 0
42063 0.00 0.00 0.00 0
42064 0.00 0.00 0.00 0
42065 0.00 0.00 0.00 0
42066 0.00 0.00 0.00 0
43155 0.00 0.00 0.00 0
43156 0.00 0.00 0.00 0
43157 0.00 0.00 0.00 0
43173 0.00 0.00 0.00 0
43174 0.00 0.00 0.00 0
43175 0.00 0.00 0.00 0
43176 0.00 0.00 0.00 0
43177 0.00 0.00 0.00 0
43181 0.00 0.00 0.00 0
43182 0.00 0.00 0.00 0
43183 0.00 0.00 0.00 0
43184 0.00 0.00 0.00 0
43185 0.00 0.00 0.00 0
43186 0.00 0.00 0.00 0
43187 0.00 0.00 0.00 0
44422 0.00 0.00 0.00 0
44423 0.00 0.00 0.00 0
44424 0.00 0.00 0.00 0
44425 0.00 0.00 0.00 0
44426 0.00 0.00 0.00 0
44427 0.00 0.00 0.00 0
44428 0.00 0.00 0.00 0
44429 0.00 0.00 0.00 0
44456 0.00 0.00 0.00 0
44458 0.00 0.00 0.00 0
44460 0.00 0.00 0.00 0
44461 0.00 0.00 0.00 0
44462 0.00 0.00 0.00 0
44463 0.00 0.00 0.00 0
44464 0.00 0.00 0.00 0
44465 0.00 0.00 0.00 0
44466 0.00 0.00 0.00 0
45547 0.00 0.00 0.00 0
45548 0.00 0.00 0.00 0
45549 0.00 0.00 0.00 0
45555 0.00 0.00 0.00 0
45556 0.00 0.00 0.00 0
45557 0.00 0.00 0.00 0
45558 0.00 0.00 0.00 0
45559 0.00 0.00 0.00 0
45560 0.00 0.00 0.00 0
45565 0.00 0.00 0.00 0
45566 0.00 0.00 0.00 0
45567 0.00 0.00 0.00 0
45568 0.00 0.00 0.00 0
45569 0.00 0.00 0.00 0
45575 0.00 0.00 0.00 0
45576 0.00 0.00 0.00 0
45577 0.00 0.00 0.00 0
45579 0.00 0.00 0.00 0
45580 0.00 0.00 0.00 0
45581 0.00 0.00 0.00 0
45582 0.00 0.00 0.00 0
45583 0.00 0.00 0.00 0
45584 0.00 0.00 0.00 0
45585 0.00 0.00 0.00 0
45586 0.00 0.00 0.00 0
45587 0.00 0.00 0.00 0
45668 0.00 0.00 0.00 0
45669 0.00 0.00 0.00 0
45670 0.00 0.00 0.00 0
45671 0.00 0.00 0.00 0
45672 0.00 0.00 0.00 0
45673 0.00 0.00 0.00 0
45674 0.00 0.00 0.00 0
45675 0.00 0.00 0.00 0
45676 0.00 0.00 0.00 0
45677 0.00 0.00 0.00 0
45678 0.00 0.00 0.00 0
45679 0.00 0.00 0.00 0
45680 0.00 0.00 0.00 0
45681 0.00 0.00 0.00 0
47347 0.00 0.00 0.00 0
47348 0.00 0.00 0.00 0
47349 0.00 0.00 0.00 0
47350 0.00 0.00 0.00 0
47351 0.00 0.00 0.00 0
47352 0.00 0.00 0.00 0
47353 0.00 0.00 0.00 0
47354 0.00 0.00 0.00 0
47355 0.00 0.00 0.00 0
47356 0.00 0.00 0.00 0
47357 0.00 0.00 0.00 0
47358 0.00 0.00 0.00 0
47359 0.00 0.00 0.00 0
47360 0.00 0.00 0.00 0
47361 0.00 0.00 0.00 0
47362 0.00 0.00 0.00 0
47363 0.00 0.00 0.00 0
47364 0.00 0.00 0.00 0
47365 0.00 0.00 0.00 0
47366 0.00 0.00 0.00 0
47367 0.00 0.00 0.00 0
47368 0.00 0.00 0.00 0
47369 0.00 0.00 0.00 0
47388 0.00 0.00 0.00 0
47389 0.00 0.00 0.00 0
47390 0.00 0.00 0.00 0
47391 0.00 0.00 0.00 0
47392 0.00 0.00 0.00 0
47463 0.00 0.00 0.00 0
47464 0.00 0.00 0.00 0
47465 0.00 0.00 0.00 0
47466 0.00 0.00 0.00 0
47467 0.00 0.00 0.00 0
47468 0.00 0.00 0.00 0
47469 0.00 0.00 0.00 0
47470 0.00 0.00 0.00 0
47474 0.00 0.00 0.00 0
47475 0.00 0.00 0.00 0
47476 0.00 0.00 0.00 0
47477 0.00 0.00 0.00 0
47478 0.00 0.00 0.00 0
47479 0.00 0.00 0.00 0
47480 0.00 0.00 0.00 0
47481 0.00 0.00 0.00 0
50745 0.00 0.00 0.00 0
50746 0.00 0.00 0.00 0
50747 0.00 0.00 0.00 0
50748 0.00 0.00 0.00 0
50749 0.00 0.00 0.00 0
50753 0.00 0.00 0.00 0
50754 0.00 0.00 0.00 0
50755 0.00 0.00 0.00 0
50790 0.00 0.00 0.00 0
50791 0.00 0.00 0.00 0
50792 0.00 0.00 0.00 0
50793 0.00 0.00 0.00 0
50794 0.00 0.00 0.00 0
50795 0.00 0.00 0.00 0
50796 0.00 0.00 0.00 0
50797 0.00 0.00 0.00 0
50798 0.00 0.00 0.00 0
50799 0.00 0.00 0.00 0
50800 0.00 0.00 0.00 0
50801 0.00 0.00 0.00 0
50802 0.00 0.00 0.00 0
50803 0.00 0.00 0.00 0
50804 0.00 0.00 0.00 0
50805 0.00 0.00 0.00 0
50806 0.00 0.00 0.00 0
50807 0.00 0.00 0.00 0
50808 0.00 0.00 0.00 0
50809 0.00 0.00 0.00 0
50810 0.00 0.00 0.00 0
50811 0.00 0.00 0.00 0
50812 0.00 0.00 0.00 0
50816 0.00 0.00 0.00 0
50817 0.00 0.00 0.00 0
50818 0.00 0.00 0.00 0
50819 0.00 0.00 0.00 0
50820 0.00 0.00 0.00 0
50821 0.00 0.00 0.00 0
50822 0.00 0.00 0.00 0
50823 0.00 0.00 0.00 0
50824 0.00 0.00 0.00 0
50825 0.00 0.00 0.00 0
50826 0.00 0.00 0.00 0
50827 0.00 0.00 0.00 0
50828 0.00 0.00 0.00 0
50829 0.00 0.00 0.00 0
50830 0.00 0.00 0.00 0
50831 0.00 0.00 0.00 0
50832 0.00 0.00 0.00 0
50833 0.00 0.00 0.00 0
50834 0.00 0.00 0.00 0
50835 0.00 0.00 0.00 0
50836 0.00 0.00 0.00 0
50837 0.00 0.00 0.00 0
50838 0.00 0.00 0.00 0
50839 0.00 0.00 0.00 0
50840 0.00 0.00 0.00 0
50841 0.00 0.00 0.00 0
50842 0.00 0.00 0.00 0
51113 0.00 0.00 0.00 0
51114 0.00 0.00 0.00 0
51115 0.00 0.00 0.00 0
54022 0.00 0.00 0.00 0
54023 0.00 0.00 0.00 0
54024 0.00 0.00 0.00 0
54025 0.00 0.00 0.00 0
54026 0.00 0.00 0.00 0
54027 0.00 0.00 0.00 0
54028 0.00 0.00 0.00 0
54029 0.00 0.00 0.00 0
54056 0.00 0.00 0.00 0
54057 0.00 0.00 0.00 0
54058 0.00 0.00 0.00 0
54059 0.00 0.00 0.00 0
54060 0.00 0.00 0.00 0
54061 0.00 0.00 0.00 0
54062 0.00 0.00 0.00 0
54063 0.00 0.00 0.00 0
54064 0.00 0.00 0.00 0
54065 0.00 0.00 0.00 0
54066 0.00 0.00 0.00 0
55147 0.00 0.00 0.00 0
55148 0.00 0.00 0.00 0
55149 0.00 0.00 0.00 0
55150 0.00 0.00 0.00 0
55151 0.00 0.00 0.00 0
55152 0.00 0.00 0.00 0
55153 0.00 0.00 0.00 0
55154 0.00 0.00 0.00 0
55155 0.00 0.00 0.00 0
55156 0.00 0.00 0.00 0
55157 0.00 0.00 0.00 0
55158 0.00 0.00 0.00 0
55159 0.00 0.00 0.00 0
55160 0.00 0.00 0.00 0
55161 0.00 0.00 0.00 0
55162 0.00 0.00 0.00 0
55163 0.00 0.00 0.00 0
55164 0.00 0.00 0.00 0
55165 0.00 0.00 0.00 0
55166 0.00 0.00 0.00 0
55167 0.00 0.00 0.00 0
55168 0.00 0.00 0.00 0
55169 0.00 0.00 0.00 0
55178 0.00 0.00 0.00 0
55179 0.00 0.00 0.00 0
55180 0.00 0.00 0.00 0
55182 0.00 0.00 0.00 0
55183 0.00 0.00 0.00 0
55184 0.00 0.00 0.00 0
55268 0.00 0.00 0.00 0
55269 0.00 0.00 0.00 0
55270 0.00 0.00 0.00 0
55271 0.00 0.00 0.00 0
55272 0.00 0.00 0.00 0
55273 0.00 0.00 0.00 0
55274 0.00 0.00 0.00 0
55275 0.00 0.00 0.00 0
55276 0.00 0.00 0.00 0
55277 0.00 0.00 0.00 0
55278 0.00 0.00 0.00 0
55279 0.00 0.00 0.00 0
55280 0.00 0.00 0.00 0
55281 0.00 0.00 0.00 0
56947 0.00 0.00 0.00 0
56948 0.00 0.00 0.00 0
56949 0.00 0.00 0.00 0
56950 0.00 0.00 0.00 0
56951 0.00 0.00 0.00 0
56952 0.00 0.00 0.00 0
56953 0.00 0.00 0.00 0
56954 0.00 0.00 0.00 0
56955 0.00 0.00 0.00 0
56956 0.00 0.00 0.00 0
56957 0.00 0.00 0.00 0
56958 0.00 0.00 0.00 0
56959 0.00 0.00 0.00 0
56960 0.00 0.00 0.00 0
56961 0.00 0.00 0.00 0
56962 0.00 0.00 0.00 0
56963 0.00 0.00 0.00 0
56964 0.00 0.00 0.00 0
56965 0.00 0.00 0.00 0
56966 0.00 0.00 0.00 0
56967 0.00 0.00 0.00 0
56968 0.00 0.00 0.00 0
56969 0.00 0.00 0.00 0
57068 0.00 0.00 0.00 0
57069 0.00 0.00 0.00 0
57070 0.00 0.00 0.00 0
57071 0.00 0.00 0.00 0
57072 0.00 0.00 0.00 0
57073 0.00 0.00 0.00 0
57074 0.00 0.00 0.00 0
57075 0.00 0.00 0.00 0
57076 0.00 0.00 0.00 0
57077 0.00 0.00 0.00 0
57078 0.00 0.00 0.00 0
57079 0.00 0.00 0.00 0
57080 0.00 0.00 0.00 0
57081 0.00 0.00 0.00 0
60345 0.00 0.00 0.00 0
60346 0.00 0.00 0.00 0
60347 0.00 0.00 0.00 0
60348 0.00 0.00 0.00 0
60349 0.00 0.00 0.00 0
60350 0.00 0.00 0.00 0
60351 0.00 0.00 0.00 0
60352 0.00 0.00 0.00 0
60398 0.00 0.00 0.00 0
60399 0.00 0.00 0.00 0
60400 0.00 0.00 0.00 0
60401 0.00 0.00 0.00 0
60402 0.00 0.00 0.00 0
60403 0.00 0.00 0.00 0
60404 0.00 0.00 0.00 0
60405 0.00 0.00 0.00 0
60406 0.00 0.00 0.00 0
60407 0.00 0.00 0.00 0
60408 0.00 0.00 0.00 0
60409 0.00 0.00 0.00 0
60410 0.00 0.00 0.00 0
60411 0.00 0.00 0.00 0
60412 0.00 0.00 0.00 0
60418 0.00 0.00 0.00 0
60419 0.00 0.00 0.00 0
60420 0.00 0.00 0.00 0
60421 0.00 0.00 0.00 0
60422 0.00 0.00 0.00 0
60423 0.00 0.00 0.00 0
60424 0.00 0.00 0.00 0
60425 0.00 0.00 0.00 0
60426 0.00 0.00 0.00 0
60427 0.00 0.00 0.00 0
60428 0.00 0.00 0.00 0
60429 0.00 0.00 0.00 0
60430 0.00 0.00 0.00 0
60431 0.00 0.00 0.00 0
60432 0.00 0.00 0.00 0
60433 0.00 0.00 0.00 0
60434 0.00 0.00 0.00 0
60435 0.00 0.00 0.00 0
60436 0.00 0.00 0.00 0
60437 0.00 0.00 0.00 0
60438 0.00 0.00 0.00 0
60439 0.00 0.00 0.00 0
60440 0.00 0.00 0.00 0
60441 0.00 0.00 0.00 0
60442 0.00 0.00 0.00 0
60713 0.00 0.00 0.00 0
60714 0.00 0.00 0.00 0
60715 0.00 0.00 0.00 0
60717 0.00 0.00 0.00 0
60719 0.00 0.00 0.00 0
60721 0.00 0.00 0.00 0
64147 0.00 0.00 0.00 0
64148 0.00 0.00 0.00 0
64149 0.00 0.00 0.00 0
64150 0.00 0.00 0.00 0
64151 0.00 0.00 0.00 0
64152 0.00 0.00 0.00 0
64153 0.00 0.00 0.00 0
64154 0.00 0.00 0.00 0
64155 0.00 0.00 0.00 0
64156 0.00 0.00 0.00 0
64157 0.00 0.00 0.00 0
64158 0.00 0.00 0.00 0
64159 0.00 0.00 0.00 0
64160 0.00 0.00 0.00 0
64161 0.00 0.00 0.00 0
64162 0.00 0.00 0.00 0
64163 0.00 0.00 0.00 0
64164 0.00 0.00 0.00 0
64165 0.00 0.00 0.00 0
64166 0.00 0.00 0.00 0
64167 0.00 0.00 0.00 0
64168 0.00 0.00 0.00 0
64169 0.00 0.00 0.00 0
64263 0.00 0.00 0.00 0
64264 0.00 0.00 0.00 0
64265 0.00 0.00 0.00 0
64266 0.00 0.00 0.00 0
64267 0.00 0.00 0.00 0
64268 0.00 0.00 0.00 0
64269 0.00 0.00 0.00 0
64270 0.00 0.00 0.00 0
64271 0.00 0.00 0.00 0
64272 0.00 0.00 0.00 0
64273 0.00 0.00 0.00 0
64274 0.00 0.00 0.00 0
64275 0.00 0.00 0.00 0
64276 0.00 0.00 0.00 0
64277 0.00 0.00 0.00 0
64278 0.00 0.00 0.00 0
64279 0.00 0.00 0.00 0
64280 0.00 0.00 0.00 0
64281 0.00 0.00 0.00 0
67522 0.00 0.00 0.00 0
67530 0.00 0.00 0.00 0
67531 0.00 0.00 0.00 0
67532 0.00 0.00 0.00 0
67545 0.00 0.00 0.00 0
67546 0.00 0.00 0.00 0
67547 0.00 0.00 0.00 0
67548 0.00 0.00 0.00 0
67549 0.00 0.00 0.00 0
67550 0.00 0.00 0.00 0
67551 0.00 0.00 0.00 0
67552 0.00 0.00 0.00 0
67553 0.00 0.00 0.00 0
67554 0.00 0.00 0.00 0
67555 0.00 0.00 0.00 0
67556 0.00 0.00 0.00 0
67557 0.00 0.00 0.00 0
67558 0.00 0.00 0.00 0
67559 0.00 0.00 0.00 0
67560 0.00 0.00 0.00 0
67575 0.00 0.00 0.00 0
67576 0.00 0.00 0.00 0
67577 0.00 0.00 0.00 0
67578 0.00 0.00 0.00 0
67585 0.00 0.00 0.00 0
67587 0.00 0.00 0.00 0
67589 0.00 0.00 0.00 0
67603 0.00 0.00 0.00 0
67604 0.00 0.00 0.00 0
67605 0.00 0.00 0.00 0
67606 0.00 0.00 0.00 0
67607 0.00 0.00 0.00 0
67608 0.00 0.00 0.00 0
67609 0.00 0.00 0.00 0
67610 0.00 0.00 0.00 0
67611 0.00 0.00 0.00 0
67612 0.00 0.00 0.00 0
67616 0.00 0.00 0.00 0
67617 0.00 0.00 0.00 0
67618 0.00 0.00 0.00 0
67619 0.00 0.00 0.00 0
67620 0.00 0.00 0.00 0
67621 0.00 0.00 0.00 0
67622 0.00 0.00 0.00 0
67623 0.00 0.00 0.00 0
67624 0.00 0.00 0.00 0
67625 0.00 0.00 0.00 0
67626 0.00 0.00 0.00 0
67627 0.00 0.00 0.00 0
67628 0.00 0.00 0.00 0
67629 0.00 0.00 0.00 0
67630 0.00 0.00 0.00 0
67631 0.00 0.00 0.00 0
67632 0.00 0.00 0.00 0
67633 0.00 0.00 0.00 0
67634 0.00 0.00 0.00 0
67635 0.00 0.00 0.00 0
67636 0.00 0.00 0.00 0
67637 0.00 0.00 0.00 0
67638 0.00 0.00 0.00 0
67639 0.00 0.00 0.00 0
67640 0.00 0.00 0.00 0
67641 0.00 0.00 0.00 0
67642 0.00 0.00 0.00 0
67891 0.00 0.00 0.00 0
67892 0.00 0.00 0.00 0
67893 0.00 0.00 0.00 0
67894 0.00 0.00 0.00 0
67895 0.00 0.00 0.00 0
67901 0.00 0.00 0.00 0
67908 0.00 0.00 0.00 0
67909 0.00 0.00 0.00 0
67910 0.00 0.00 0.00 0
67911 0.00 0.00 0.00 0
67912 0.00 0.00 0.00 0
67913 0.00 0.00 0.00 0
67914 0.00 0.00 0.00 0
67915 0.00 0.00 0.00 0
67916 0.00 0.00 0.00 0
67917 0.00 0.00 0.00 0
67918 0.00 0.00 0.00 0
67919 0.00 0.00 0.00 0
67920 0.00 0.00 0.00 0
67921 0.00 0.00 0.00 0
67922 0.00 0.00 0.00 0
67923 0.00 0.00 0.00 0
67924 0.00 0.00 0.00 0
67925 0.00 0.00 0.00 0
67926 0.00 0.00 0.00 0
72922 0.00 0.00 0.00 0
72923 0.00 0.00 0.00 0
72924 0.00 0.00 0.00 0
72925 0.00 0.00 0.00 0
72926 0.00 0.00 0.00 0
72927 0.00 0.00 0.00 0
72928 0.00 0.00 0.00 0
72929 0.00 0.00 0.00 0
72930 0.00 0.00 0.00 0
72931 0.00 0.00 0.00 0
72932 0.00 0.00 0.00 0
72933 0.00 0.00 0.00 0
72934 0.00 0.00 0.00 0
72935 0.00 0.00 0.00 0
72936 0.00 0.00 0.00 0
72937 0.00 0.00 0.00 0
72938 0.00 0.00 0.00 0
72939 0.00 0.00 0.00 0
72940 0.00 0.00 0.00 0
72941 0.00 0.00 0.00 0
72942 0.00 0.00 0.00 0
72943 0.00 0.00 0.00 0
72944 0.00 0.00 0.00 0
72945 0.00 0.00 0.00 0
72946 0.00 0.00 0.00 0
72947 0.00 0.00 0.00 0
72948 0.00 0.00 0.00 0
72949 0.00 0.00 0.00 0
72950 0.00 0.00 0.00 0
72951 0.00 0.00 0.00 0
72952 0.00 0.00 0.00 0
72953 0.00 0.00 0.00 0
72954 0.00 0.00 0.00 0
72955 0.00 0.00 0.00 0
72956 0.00 0.00 0.00 0
72957 0.00 0.00 0.00 0
72958 0.00 0.00 0.00 0
72959 0.00 0.00 0.00 0
72960 0.00 0.00 0.00 0
72961 0.00 0.00 0.00 0
72962 0.00 0.00 0.00 0
72963 0.00 0.00 0.00 0
72964 0.00 0.00 0.00 0
72965 0.00 0.00 0.00 0
72966 0.00 0.00 0.00 0
72967 0.00 0.00 0.00 0
72968 0.00 0.00 0.00 0
72969 0.00 0.00 0.00 0
72970 0.00 0.00 0.00 0
72971 0.00 0.00 0.00 0
72972 0.00 0.00 0.00 0
72973 0.00 0.00 0.00 0
72974 0.00 0.00 0.00 0
72975 0.00 0.00 0.00 0
72976 0.00 0.00 0.00 0
72977 0.00 0.00 0.00 0
72978 0.00 0.00 0.00 0
72979 0.00 0.00 0.00 0
72980 0.00 0.00 0.00 0
72981 0.00 0.00 0.00 0
72982 0.00 0.00 0.00 0
72983 0.00 0.00 0.00 0
72984 0.00 0.00 0.00 0
72985 0.00 0.00 0.00 0
72986 0.00 0.00 0.00 0
72987 0.00 0.00 0.00 0
72988 0.00 0.00 0.00 0
72989 0.00 0.00 0.00 0
73043 0.00 0.00 0.00 0
73044 0.00 0.00 0.00 0
73045 0.00 0.00 0.00 0
73046 0.00 0.00 0.00 0
73047 0.00 0.00 0.00 0
73048 0.00 0.00 0.00 0
73049 0.00 0.00 0.00 0
73050 0.00 0.00 0.00 0
73051 0.00 0.00 0.00 0
73052 0.00 0.00 0.00 0
73053 0.00 0.00 0.00 0
73054 0.00 0.00 0.00 0
73055 0.00 0.00 0.00 0
73278 0.00 0.00 0.00 0
73279 0.00 0.00 0.00 0
73280 0.00 0.00 0.00 0
73281 0.00 0.00 0.00 0
73282 0.00 0.00 0.00 0
73286 0.00 0.00 0.00 0
73287 0.00 0.00 0.00 0
73288 0.00 0.00 0.00 0
73289 0.00 0.00 0.00 0
73290 0.00 0.00 0.00 0
73291 0.00 0.00 0.00 0
73292 0.00 0.00 0.00 0
73293 0.00 0.00 0.00 0
73296 0.00 0.00 0.00 0
73297 0.00 0.00 0.00 0
73298 0.00 0.00 0.00 0
73299 0.00 0.00 0.00 0
73300 0.00 0.00 0.00 0
73301 0.00 0.00 0.00 0
73302 0.00 0.00 0.00 0
73303 0.00 0.00 0.00 0
73304 0.00 0.00 0.00 0
73305 0.00 0.00 0.00 0
73307 0.00 0.00 0.00 0
73308 0.00 0.00 0.00 0
73309 0.00 0.00 0.00 0
73310 0.00 0.00 0.00 0
73311 0.00 0.00 0.00 0
73312 0.00 0.00 0.00 0
73313 0.00 0.00 0.00 0
73314 0.00 0.00 0.00 0
73315 0.00 0.00 0.00 0
73316 0.00 0.00 0.00 0
73317 0.00 0.00 0.00 0
73318 0.00 0.00 0.00 0
73319 0.00 0.00 0.00 0
73320 0.00 0.00 0.00 0
73321 0.00 0.00 0.00 0
73322 0.00 0.00 0.00 0
73323 0.00 0.00 0.00 0
73324 0.00 0.00 0.00 0
73325 0.00 0.00 0.00 0
73326 0.00 0.00 0.00 0
76973 0.00 0.00 0.00 0
83115 0.00 0.00 0.00 0
83116 0.00 0.00 0.00 0
83117 0.00 0.00 0.00 0
83118 0.00 0.00 0.00 0
83119 0.00 0.00 0.00 0
83120 0.00 0.00 0.00 0
83121 0.00 0.00 0.00 0
83122 0.00 0.00 0.00 0
83123 0.00 0.00 0.00 0
83124 0.00 0.00 0.00 0
83125 0.00 0.00 0.00 0
83138 0.00 0.00 0.00 0
83139 0.00 0.00 0.00 0
83140 0.00 0.00 0.00 0
83141 0.00 0.00 0.00 0
83142 0.00 0.00 0.00 0
83143 0.00 0.00 0.00 0
83144 0.00 0.00 0.00 0
83145 0.00 0.00 0.00 0
83152 0.00 0.00 0.00 0
83250 0.00 0.00 0.00 0
83251 0.00 0.00 0.00 0
83252 0.00 0.00 0.00 0
83253 0.00 0.00 0.00 0
83254 0.00 0.00 0.00 0
83255 0.00 0.00 0.00 0
83256 0.00 0.00 0.00 0
83257 0.00 0.00 0.00 0
83258 0.00 0.00 0.00 0
83259 0.00 0.00 0.00 0
83260 0.00 0.00 0.00 0
83261 0.00 0.00 0.00 0
83262 0.00 0.00 0.00 0
83263 0.00 0.00 0.00 0
83264 0.00 0.00 0.00 0
83265 0.00 0.00 0.00 0
83266 0.00 0.00 0.00 0
83267 0.00 0.00 0.00 0
83268 0.00 0.00 0.00 0
83269 0.00 0.00 0.00 0
83270 0.00 0.00 0.00 0
83271 0.00 0.00 0.00 0
83272 0.00 0.00 0.00 0
83276 0.00 0.00 0.00 0
83277 0.00 0.00 0.00 0
83278 0.00 0.00 0.00 0
83279 0.00 0.00 0.00 0
83280 0.00 0.00 0.00 0
83281 0.00 0.00 0.00 0
83282 0.00 0.00 0.00 0
83283 0.00 0.00 0.00 0
83284 0.00 0.00 0.00 0
83285 0.00 0.00 0.00 0
83286 0.00 0.00 0.00 0
83287 0.00 0.00 0.00 0
83288 0.00 0.00 0.00 0
83289 0.00 0.00 0.00 0
83290 0.00 0.00 0.00 0
83291 0.00 0.00 0.00 0
83292 0.00 0.00 0.00 0
83293 0.00 0.00 0.00 0
83294 0.00 0.00 0.00 0
83295 0.00 0.00 0.00 0
83296 0.00 0.00 0.00 0
83297 0.00 0.00 0.00 0
83298 0.00 0.00 0.00 0
83299 0.00 0.00 0.00 0
83300 0.00 0.00 0.00 0
83301 0.00 0.00 0.00 0
83302 0.00 0.00 0.00 0
83303 0.00 0.00 0.00 0
83304 0.00 0.00 0.00 0
83305 0.00 0.00 0.00 0
83306 0.00 0.00 0.00 0
83307 0.00 0.00 0.00 0
83308 0.00 0.00 0.00 0
83309 0.00 0.00 0.00 0
83310 0.00 0.00 0.00 0
83311 0.00 0.00 0.00 0
83312 0.00 0.00 0.00 0
83313 0.00 0.00 0.00 0
83314 0.00 0.00 0.00 0
83315 0.00 0.00 0.00 0
83316 0.00 0.00 0.00 0
83317 0.00 0.00 0.00 0
83329 0.00 0.00 0.00 0
83330 0.00 0.00 0.00 0
83331 0.00 0.00 0.00 0
83332 0.00 0.00 0.00 0
83333 0.00 0.00 0.00 0
83334 0.00 0.00 0.00 0
83335 0.00 0.00 0.00 0
83336 0.00 0.00 0.00 0
83337 0.00 0.00 0.00 0
83338 0.00 0.00 0.00 0
83339 0.00 0.00 0.00 0
83340 0.00 0.00 0.00 0
83341 0.00 0.00 0.00 0
83342 0.00 0.00 0.00 0
83343 0.00 0.00 0.00 0
83344 0.00 0.00 0.00 0
83345 0.00 0.00 0.00 0
83346 0.00 0.00 0.00 0
83347 0.00 0.00 0.00 0
83348 0.00 0.00 0.00 0
83349 0.00 0.00 0.00 0
83350 0.00 0.00 0.00 0
83351 0.00 0.00 0.00 0
83352 0.00 0.00 0.00 0
83353 0.00 0.00 0.00 0
83354 0.00 0.00 0.00 0
83355 0.00 0.00 0.00 0
83356 0.00 0.00 0.00 0
83357 0.00 0.00 0.00 0
83358 0.00 0.00 0.00 0
83359 0.00 0.00 0.00 0
83360 0.00 0.00 0.00 0
83361 0.00 0.00 0.00 0
83362 0.00 0.00 0.00 0
83363 0.00 0.00 0.00 0
83364 0.00 0.00 0.00 0
83365 0.00 0.00 0.00 0
83366 0.00 0.00 0.00 0
83367 0.00 0.00 0.00 0
83368 0.00 0.00 0.00 0
83369 0.00 0.00 0.00 0
83370 0.00 0.00 0.00 0
83371 0.00 0.00 0.00 0
83372 0.00 0.00 0.00 0
83373 0.00 0.00 0.00 0
83374 0.00 0.00 0.00 0
83375 0.00 0.00 0.00 0
83376 0.00 0.00 0.00 0
83377 0.00 0.00 0.00 0
83378 0.00 0.00 0.00 0
83379 0.00 0.00 0.00 0
83380 0.00 0.00 0.00 0
83381 0.00 0.00 0.00 0
83382 0.00 0.00 0.00 0
83383 0.00 0.00 0.00 0
83384 0.00 0.00 0.00 0
83385 0.00 0.00 0.00 0
83386 0.00 0.00 0.00 0
83387 0.00 0.00 0.00 0
83388 0.00 0.00 0.00 0
83389 0.00 0.00 0.00 0
83390 0.00 0.00 0.00 0
83391 0.00 0.00 0.00 0
83392 0.00 0.00 0.00 0
83393 0.00 0.00 0.00 0
83394 0.00 0.00 0.00 0
83395 0.00 0.00 0.00 0
83396 0.00 0.00 0.00 0
83397 0.00 0.00 0.00 0
83398 0.00 0.00 0.00 0
83399 0.00 0.00 0.00 0
83400 0.00 0.00 0.00 0
83401 0.00 0.00 0.00 0
83402 0.00 0.00 0.00 0
83403 0.00 0.00 0.00 0
83404 0.00 0.00 0.00 0
83408 0.00 0.00 0.00 0
83409 0.00 0.00 0.00 0
83410 0.00 0.00 0.00 0
83411 0.00 0.00 0.00 0
83412 0.00 0.00 0.00 0
83413 0.00 0.00 0.00 0
83414 0.00 0.00 0.00 0
83415 0.00 0.00 0.00 0
83422 0.00 0.00 0.00 0
84152 0.00 0.00 0.00 0
84221 0.00 0.00 0.00 0
84226 0.00 0.00 0.00 0
84227 0.00 0.00 0.00 0
92317 0.00 0.00 0.00 0
92318 0.00 0.00 0.00 0
92319 0.00 0.00 0.00 0
92320 0.00 0.00 0.00 0
92321 0.00 0.00 0.00 0
92338 0.00 0.00 0.00 0
92339 0.00 0.00 0.00 0
92340 0.00 0.00 0.00 0
92341 0.00 0.00 0.00 0
92342 0.00 0.00 0.00 0
92343 0.00 0.00 0.00 0
92992 0.00 0.00 0.00 0
92993 0.00 0.00 0.00 0
92994 0.00 0.00 0.00 0
92995 0.00 0.00 0.00 0
92996 0.00 0.00 0.00 0
92997 0.00 0.00 0.00 0
92998 0.00 0.00 0.00 0
92999 0.00 0.00 0.00 0
93000 0.00 0.00 0.00 0
93001 0.00 0.00 0.00 0
93002 0.00 0.00 0.00 0
93003 0.00 0.00 0.00 0
93004 0.00 0.00 0.00 0
93005 0.00 0.00 0.00 0
93012 0.00 0.00 0.00 0
93065 0.00 0.00 0.00 0
93066 0.00 0.00 0.00 0
93067 0.00 0.00 0.00 0
93068 0.00 0.00 0.00 0
93069 0.00 0.00 0.00 0
93070 0.00 0.00 0.00 0
93071 0.00 0.00 0.00 0
93072 0.00 0.00 0.00 0
94072 0.00 0.00 0.00 0
94073 0.00 0.00 0.00 0
94074 0.00 0.00 0.00 0
94075 0.00 0.00 0.00 0
94076 0.00 0.00 0.00 0
94077 0.00 0.00 0.00 0
94078 0.00 0.00 0.00 0
94079 0.00 0.00 0.00 0
94080 0.00 0.00 0.00 0
94081 0.00 0.00 0.00 0
94082 0.00 0.00 0.00 0
94083 0.00 0.00 0.00 0
94084 0.00 0.00 0.00 0
94085 0.00 0.00 0.00 0
94145 0.00 0.00 0.00 0
94146 0.00 0.00 0.00 0
94147 0.00 0.00 0.00 0
94148 0.00 0.00 0.00 0
94149 0.00 0.00 0.00 0
94150 0.00 0.00 0.00 0
94151 0.00 0.00 0.00 0
94152 0.00 0.00 0.00 0
96111 0.00 0.00 0.00 0
96112 0.00 0.00 0.00 0
96113 0.00 0.00 0.00 0
96114 0.00 0.00 0.00 0
96115 0.00 0.00 0.00 0
96143 0.00 0.00 0.00 0
96144 0.00 0.00 0.00 0
96145 0.00 0.00 0.00 0
96146 0.00 0.00 0.00 0
96147 0.00 0.00 0.00 0
96148 0.00 0.00 0.00 0
96149 0.00 0.00 0.00 0
96150 0.00 0.00 0.00 0
96151 0.00 0.00 0.00 0
96157 0.00 0.00 0.00 0
96158 0.00 0.00 0.00 0
96159 0.00 0.00 0.00 0
96160 0.00 0.00 0.00 0
96161 0.00 0.00 0.00 0
96162 0.00 0.00 0.00 0
96163 0.00 0.00 0.00 0
96164 0.00 0.00 0.00 0
96165 0.00 0.00 0.00 0
96166 0.00 0.00 0.00 0
96167 0.00 0.00 0.00 0
96168 0.00 0.00 0.00 0
96169 0.00 0.00 0.00 0
96332 0.00 0.00 0.00 0
96333 0.00 0.00 0.00 0
98392 0.00 0.00 0.00 0
98393 0.00 0.00 0.00 0
98394 0.00 0.00 0.00 0
98395 0.00 0.00 0.00 0
98396 0.00 0.00 0.00 0
98397 0.00 0.00 0.00 0
98398 0.00 0.00 0.00 0
98399 0.00 0.00 0.00 0
98400 0.00 0.00 0.00 0
98401 0.00 0.00 0.00 0
98402 0.00 0.00 0.00 0
98403 0.00 0.00 0.00 0
98404 0.00 0.00 0.00 0
98405 0.00 0.00 0.00 0
98463 0.00 0.00 0.00 0
98464 0.00 0.00 0.00 0
98465 0.00 0.00 0.00 0
98466 0.00 0.00 0.00 0
98467 0.00 0.00 0.00 0
98468 0.00 0.00 0.00 0
98469 0.00 0.00 0.00 0
98470 0.00 0.00 0.00 0
98471 0.00 0.00 0.00 0
98472 0.00 0.00 0.00 0
100417 0.00 0.00 0.00 0
100418 0.00 0.00 0.00 0
100419 0.00 0.00 0.00 0
100422 0.00 0.00 0.00 0
100423 0.00 0.00 0.00 0
100424 0.00 0.00 0.00 0
100431 0.00 0.00 0.00 0
100432 0.00 0.00 0.00 0
100433 0.00 0.00 0.00 0
100434 0.00 0.00 0.00 0
100435 0.00 0.00 0.00 0
100436 0.00 0.00 0.00 0
100437 0.00 0.00 0.00 0
100438 0.00 0.00 0.00 0
100439 0.00 0.00 0.00 0
100440 0.00 0.00 0.00 0
100449 0.00 0.00 0.00 0
100450 0.00 0.00 0.00 0
100451 0.00 0.00 0.00 0
100452 0.00 0.00 0.00 0
100453 0.00 0.00 0.00 0
100454 0.00 0.00 0.00 0
100455 0.00 0.00 0.00 0
100456 0.00 0.00 0.00 0
100457 0.00 0.00 0.00 0
100467 0.00 0.00 0.00 0
100468 0.00 0.00 0.00 0
100469 0.00 0.00 0.00 0
100470 0.00 0.00 0.00 0
100471 0.00 0.00 0.00 0
100473 0.00 0.00 0.00 0
100474 0.00 0.00 0.00 0
100475 0.00 0.00 0.00 0
100476 0.00 0.00 0.00 0
100477 0.00 0.00 0.00 0
100478 0.00 0.00 0.00 0
100479 0.00 0.00 0.00 0
100480 0.00 0.00 0.00 0
100481 0.00 0.00 0.00 0
100482 0.00 0.00 0.00 0
100483 0.00 0.00 0.00 0
100484 0.00 0.00 0.00 0
100485 0.00 0.00 0.00 0
100486 0.00 0.00 0.00 0
100487 0.00 0.00 0.00 0
100488 0.00 0.00 0.00 0
100489 0.00 0.00 0.00 0
100639 0.00 0.00 0.00 0
100640 0.00 0.00 0.00 0
100641 0.00 0.00 0.00 0
100642 0.00 0.00 0.00 0
100643 0.00 0.00 0.00 0
100645 0.00 0.00 0.00 0
100646 0.00 0.00 0.00 0
100647 0.00 0.00 0.00 0
100648 0.00 0.00 0.00 0
100649 0.00 0.00 0.00 0
100650 0.00 0.00 0.00 0
100651 0.00 0.00 0.00 0
100652 0.00 0.00 0.00 0
100653 0.00 0.00 0.00 0
100654 0.00 0.00 0.00 0
100655 0.00 0.00 0.00 0
100656 0.00 0.00 0.00 0
100657 0.00 0.00 0.00 0
100658 0.00 0.00 0.00 0
100659 0.00 0.00 0.00 0
103657 0.00 0.00 0.00 0
103658 0.00 0.00 0.00 0
103659 0.00 0.00 0.00 0
103660 0.00 0.00 0.00 0
103661 0.00 0.00 0.00 0
103662 0.00 0.00 0.00 0
103663 0.00 0.00 0.00 0
103664 0.00 0.00 0.00 0
103665 0.00 0.00 0.00 0
103666 0.00 0.00 0.00 0
103667 0.00 0.00 0.00 0
103668 0.00 0.00 0.00 0
103669 0.00 0.00 0.00 0
103670 0.00 0.00 0.00 0
103671 0.00 0.00 0.00 0
103672 0.00 0.00 0.00 0
103673 0.00 0.00 0.00 0
103674 0.00 0.00 0.00 0
103675 0.00 0.00 0.00 0
103676 0.00 0.00 0.00 0
103677 0.00 0.00 0.00 0
103678 0.00 0.00 0.00 0
103679 0.00 0.00 0.00 0
103680 0.00 0.00 0.00 0
103681 0.00 0.00 0.00 0
103682 0.00 0.00 0.00 0
103683 0.00 0.00 0.00 0
103684 0.00 0.00 0.00 0
103685 0.00 0.00 0.00 0
103686 0.00 0.00 0.00 0
103687 0.00 0.00 0.00 0
103688 0.00 0.00 0.00 0
103689 0.00 0.00 0.00 0
103690 0.00 0.00 0.00 0
103691 0.00 0.00 0.00 0
103692 0.00 0.00 0.00 0
103693 0.00 0.00 0.00 0
103694 0.00 0.00 0.00 0
103695 0.00 0.00 0.00 0
103696 0.00 0.00 0.00 0
103697 0.00 0.00 0.00 0
103729 0.00 0.00 0.00 0
103730 0.00 0.00 0.00 0
103731 0.00 0.00 0.00 0
103732 0.00 0.00 0.00 0
103733 0.00 0.00 0.00 0
103734 0.00 0.00 0.00 0
103735 0.00 0.00 0.00 0
103736 0.00 0.00 0.00 0
103737 0.00 0.00 0.00 0
103871 0.00 0.00 0.00 0
103872 0.00 0.00 0.00 0
103873 0.00 0.00 0.00 0
103876 0.00 0.00 0.00 0
103877 0.00 0.00 0.00 0
103878 0.00 0.00 0.00 0
103879 0.00 0.00 0.00 0
103880 0.00 0.00 0.00 0
103883 0.00 0.00 0.00 0
103884 0.00 0.00 0.00 0
103885 0.00 0.00 0.00 0
103886 0.00 0.00 0.00 0
103887 0.00 0.00 0.00 0
103888 0.00 0.00 0.00 0
103889 0.00 0.00 0.00 0
103890 0.00 0.00 0.00 0
103891 0.00 0.00 0.00 0
103892 0.00 0.00 0.00 0
103893 0.00 0.00 0.00 0
103894 0.00 0.00 0.00 0
103895 0.00 0.00 0.00 0
103896 0.00 0.00 0.00 0
103897 0.00 0.00 0.00 0
103898 0.00 0.00 0.00 0
103899 0.00 0.00 0.00 0
109773 0.00 0.00 0.00 0
109774 0.00 0.00 0.00 0
109775 0.00 0.00 0.00 0
109776 0.00 0.00 0.00 0
109777 0.00 0.00 0.00 0
109778 0.00 0.00 0.00 0
109779 0.00 0.00 0.00 0
109780 0.00 0.00 0.00 0
109787 0.00 0.00 0.00 0
109788 0.00 0.00 0.00 0
109789 0.00 0.00 0.00 0
109790 0.00 0.00 0.00 0
109791 0.00 0.00 0.00 0
109854 0.00 0.00 0.00 0
109855 0.00 0.00 0.00 0
109856 0.00 0.00 0.00 0
109857 0.00 0.00 0.00 0
109858 0.00 0.00 0.00 0
109859 0.00 0.00 0.00 0
109860 0.00 0.00 0.00 0
109861 0.00 0.00 0.00 0
109862 0.00 0.00 0.00 0
109863 0.00 0.00 0.00 0
109864 0.00 0.00 0.00 0
109865 0.00 0.00 0.00 0
109866 0.00 0.00 0.00 0
109867 0.00 0.00 0.00 0
109870 0.00 0.00 0.00 0
109871 0.00 0.00 0.00 0
109872 0.00 0.00 0.00 0
109873 0.00 0.00 0.00 0
109874 0.00 0.00 0.00 0
109875 0.00 0.00 0.00 0
109876 0.00 0.00 0.00 0
109877 0.00 0.00 0.00 0
109878 0.00 0.00 0.00 0
109879 0.00 0.00 0.00 0
109880 0.00 0.00 0.00 0
109881 0.00 0.00 0.00 0
109882 0.00 0.00 0.00 0
109883 0.00 0.00 0.00 0
109884 0.00 0.00 0.00 0
109885 0.00 0.00 0.00 0
109886 0.00 0.00 0.00 0
109887 0.00 0.00 0.00 0
109888 0.00 0.00 0.00 0
109889 0.00 0.00 0.00 0
109890 0.00 0.00 0.00 0
109891 0.00 0.00 0.00 0
109892 0.00 0.00 0.00 0
109893 0.00 0.00 0.00 0
109894 0.00 0.00 0.00 0
109900 0.00 0.00 0.00 0
109901 0.00 0.00 0.00 0
109902 0.00 0.00 0.00 0
109903 0.00 0.00 0.00 0
109904 0.00 0.00 0.00 0
109905 0.00 0.00 0.00 0
109906 0.00 0.00 0.00 0
109907 0.00 0.00 0.00 0
109908 0.00 0.00 0.00 0
109909 0.00 0.00 0.00 0
109910 0.00 0.00 0.00 0
109911 0.00 0.00 0.00 0
109912 0.00 0.00 0.00 0
109913 0.00 0.00 0.00 0
109914 0.00 0.00 0.00 0
109915 0.00 0.00 0.00 0
109916 0.00 0.00 0.00 0
109917 0.00 0.00 0.00 0
109918 0.00 0.00 0.00 0
109919 0.00 0.00 0.00 0
109920 0.00 0.00 0.00 0
109921 0.00 0.00 0.00 0
109922 0.00 0.00 0.00 0
109923 0.00 0.00 0.00 0
109924 0.00 0.00 0.00 0
109925 0.00 0.00 0.00 0
109926 0.00 0.00 0.00 0
109927 0.00 0.00 0.00 0
109928 0.00 0.00 0.00 0
109929 0.00 0.00 0.00 0
109930 0.00 0.00 0.00 0
109931 0.00 0.00 0.00 0
109932 0.00 0.00 0.00 0
109933 0.00 0.00 0.00 0
109934 0.00 0.00 0.00 0
109935 0.00 0.00 0.00 0
109936 0.00 0.00 0.00 0
109937 0.00 0.00 0.00 0
109938 0.00 0.00 0.00 0
109939 0.00 0.00 0.00 0
109940 0.00 0.00 0.00 0
109941 0.00 0.00 0.00 0
109942 0.00 0.00 0.00 0
109943 0.00 0.00 0.00 0
109944 0.00 0.00 0.00 0
109945 0.00 0.00 0.00 0
109946 0.00 0.00 0.00 0
109947 0.00 0.00 0.00 0
109948 0.00 0.00 0.00 0
109949 0.00 0.00 0.00 0
109950 0.00 0.00 0.00 0
109951 0.00 0.00 0.00 0
109952 0.00 0.00 0.00 0
109953 0.00 0.00 0.00 0
110435 0.00 0.00 0.00 0
110436 0.00 0.00 0.00 0
110437 0.00 0.00 0.00 0
110438 0.00 0.00 0.00 0
110439 0.00 0.00 0.00 0
110440 0.00 0.00 0.00 0
110442 0.00 0.00 0.00 0
115567 0.00 0.00 0.00 0
115568 0.00 0.00 0.00 0
115569 0.00 0.00 0.00 0
115570 0.00 0.00 0.00 0
115571 0.00 0.00 0.00 0
115572 0.00 0.00 0.00 0
115573 0.00 0.00 0.00 0
115574 0.00 0.00 0.00 0
115575 0.00 0.00 0.00 0
115576 0.00 0.00 0.00 0
115577 0.00 0.00 0.00 0
115619 0.00 0.00 0.00 0
115620 0.00 0.00 0.00 0
115621 0.00 0.00 0.00 0
115622 0.00 0.00 0.00 0
115623 0.00 0.00 0.00 0
115624 0.00 0.00 0.00 0
115625 0.00 0.00 0.00 0
115626 0.00 0.00 0.00 0
115627 0.00 0.00 0.00 0
115628 0.00 0.00 0.00 0
115629 0.00 0.00 0.00 0
117142 0.00 0.00 0.00 0
117143 0.00 0.00 0.00 0
117144 0.00 0.00 0.00 0
117145 0.00 0.00 0.00 0
117146 0.00 0.00 0.00 0
117147 0.00 0.00 0.00 0
117148 0.00 0.00 0.00 0
117149 0.00 0.00 0.00 0
117150 0.00 0.00 0.00 0
117151 0.00 0.00 0.00 0
117152 0.00 0.00 0.00 0
117153 0.00 0.00 0.00 0
117154 0.00 0.00 0.00 0
117155 0.00 0.00 0.00 0
117156 0.00 0.00 0.00 0
117157 0.00 0.00 0.00 0
117158 0.00 0.00 0.00 0
117159 0.00 0.00 0.00 0
117160 0.00 0.00 0.00 0
117161 0.00 0.00 0.00 0
117162 0.00 0.00 0.00 0
117163 0.00 0.00 0.00 0
117164 0.00 0.00 0.00 0
117165 0.00 0.00 0.00 0
117166 0.00 0.00 0.00 0
117167 0.00 0.00 0.00 0
117168 0.00 0.00 0.00 0
117169 0.00 0.00 0.00 0
117170 0.00 0.00 0.00 0
117171 0.00 0.00 0.00 0
117172 0.00 0.00 0.00 0
117173 0.00 0.00 0.00 0
117185 0.00 0.00 0.00 0
117186 0.00 0.00 0.00 0
117187 0.00 0.00 0.00 0
117188 0.00 0.00 0.00 0
117189 0.00 0.00 0.00 0
117190 0.00 0.00 0.00 0
117191 0.00 0.00 0.00 0
117192 0.00 0.00 0.00 0
117193 0.00 0.00 0.00 0
117194 0.00 0.00 0.00 0
117195 0.00 0.00 0.00 0
117196 0.00 0.00 0.00 0
117311 0.00 0.00 0.00 0
117312 0.00 0.00 0.00 0
117313 0.00 0.00 0.00 0
117314 0.00 0.00 0.00 0
117315 0.00 0.00 0.00 0
117316 0.00 0.00 0.00 0
117317 0.00 0.00 0.00 0
117318 0.00 0.00 0.00 0
117319 0.00 0.00 0.00 0
117320 0.00 0.00 0.00 0
117321 0.00 0.00 0.00 0
117322 0.00 0.00 0.00 0
117323 0.00 0.00 0.00 0
117324 0.00 0.00 0.00 0
117325 0.00 0.00 0.00 0
117326 0.00 0.00 0.00 0
117327 0.00 0.00 0.00 0
117328 0.00 0.00 0.00 0
117329 0.00 0.00 0.00 0
117330 0.00 0.00 0.00 0
119662 0.00 0.00 0.00 0
119663 0.00 0.00 0.00 0
119664 0.00 0.00 0.00 0
119665 0.00 0.00 0.00 0
119666 0.00 0.00 0.00 0
119667 0.00 0.00 0.00 0
119668 0.00 0.00 0.00 0
119669 0.00 0.00 0.00 0
119670 0.00 0.00 0.00 0
119671 0.00 0.00 0.00 0
119672 0.00 0.00 0.00 0
119673 0.00 0.00 0.00 0
119674 0.00 0.00 0.00 0
119675 0.00 0.00 0.00 0
119676 0.00 0.00 0.00 0
119677 0.00 0.00 0.00 0
119678 0.00 0.00 0.00 0
119679 0.00 0.00 0.00 0
119680 0.00 0.00 0.00 0
119681 0.00 0.00 0.00 0
119682 0.00 0.00 0.00 0
119683 0.00 0.00 0.00 0
119684 0.00 0.00 0.00 0
119685 0.00 0.00 0.00 0
119686 0.00 0.00 0.00 0
119687 0.00 0.00 0.00 0
119688 0.00 0.00 0.00 0
119689 0.00 0.00 0.00 0
119690 0.00 0.00 0.00 0
119691 0.00 0.00 0.00 0
119692 0.00 0.00 0.00 0
119693 0.00 0.00 0.00 0
119719 0.00 0.00 0.00 0
119829 0.00 0.00 0.00 0
119830 0.00 0.00 0.00 0
119831 0.00 0.00 0.00 0
119832 0.00 0.00 0.00 0
119833 0.00 0.00 0.00 0
119834 0.00 0.00 0.00 0
119835 0.00 0.00 0.00 0
119836 0.00 0.00 0.00 0
119837 0.00 0.00 0.00 0
119838 0.00 0.00 0.00 0
119839 0.00 0.00 0.00 0
119840 0.00 0.00 0.00 0
119842 0.00 0.00 0.00 0
119843 0.00 0.00 0.00 0
119844 0.00 0.00 0.00 0
119845 0.00 0.00 0.00 0
119846 0.00 0.00 0.00 0
119847 0.00 0.00 0.00 0
119848 0.00 0.00 0.00 0
119849 0.00 0.00 0.00 0
119850 0.00 0.00 0.00 0
124419 0.00 0.00 0.00 0
124420 0.00 0.00 0.00 0
124421 0.00 0.00 0.00 0
124422 0.00 0.00 0.00 0
124423 0.00 0.00 0.00 0
124424 0.00 0.00 0.00 0
124425 0.00 0.00 0.00 0
124426 0.00 0.00 0.00 0
124427 0.00 0.00 0.00 0
124428 0.00 0.00 0.00 0
124429 0.00 0.00 0.00 0
124483 0.00 0.00 0.00 0
124490 0.00 0.00 0.00 0
124491 0.00 0.00 0.00 0
124492 0.00 0.00 0.00 0
124493 0.00 0.00 0.00 0
124494 0.00 0.00 0.00 0
124495 0.00 0.00 0.00 0
124496 0.00 0.00 0.00 0
124497 0.00 0.00 0.00 0
124498 0.00 0.00 0.00 0
124499 0.00 0.00 0.00 0
124500 0.00 0.00 0.00 0
124501 0.00 0.00 0.00 0
124502 0.00 0.00 0.00 0
124503 0.00 0.00 0.00 0
124504 0.00 0.00 0.00 0
124505 0.00 0.00 0.00 0
124506 0.00 0.00 0.00 0
124507 0.00 0.00 0.00 0
124508 0.00 0.00 0.00 0
124509 0.00 0.00 0.00 0
124510 0.00 0.00 0.00 0
124511 0.00 0.00 0.00 0
124512 0.00 0.00 0.00 0
124513 0.00 0.00 0.00 0
124521 0.00 0.00 0.00 0
124522 0.00 0.00 0.00 0
124523 0.00 0.00 0.00 0
124524 0.00 0.00 0.00 0
124525 0.00 0.00 0.00 0
124526 0.00 0.00 0.00 0
124527 0.00 0.00 0.00 0
124528 0.00 0.00 0.00 0
124529 0.00 0.00 0.00 0
124530 0.00 0.00 0.00 0
124531 0.00 0.00 0.00 0
124532 0.00 0.00 0.00 0
124533 0.00 0.00 0.00 0
124534 0.00 0.00 0.00 0
124535 0.00 0.00 0.00 0
124536 0.00 0.00 0.00 0
124537 0.00 0.00 0.00 0
124538 0.00 0.00 0.00 0
124539 0.00 0.00 0.00 0
124540 0.00 0.00 0.00 0
124541 0.00 0.00 0.00 0
124542 0.00 0.00 0.00 0
124543 0.00 0.00 0.00 0
124544 0.00 0.00 0.00 0
124545 0.00 0.00 0.00 0
124546 0.00 0.00 0.00 0
124547 0.00 0.00 0.00 0
124548 0.00 0.00 0.00 0
124549 0.00 0.00 0.00 0
124550 0.00 0.00 0.00 0
124551 0.00 0.00 0.00 0
124552 0.00 0.00 0.00 0
124553 0.00 0.00 0.00 0
124554 0.00 0.00 0.00 0
124555 0.00 0.00 0.00 0
124934 0.00 0.00 0.00 0
124935 0.00 0.00 0.00 0
124936 0.00 0.00 0.00 0
124937 0.00 0.00 0.00 0
124939 0.00 0.00 0.00 0
124940 0.00 0.00 0.00 0
124941 0.00 0.00 0.00 0
124942 0.00 0.00 0.00 0
124943 0.00 0.00 0.00 0
129637 0.00 0.00 0.00 0
129638 0.00 0.00 0.00 0
129639 0.00 0.00 0.00 0
129640 0.00 0.00 0.00 0
129641 0.00 0.00 0.00 0
129642 0.00 0.00 0.00 0
129643 0.00 0.00 0.00 0
129644 0.00 0.00 0.00 0
129645 0.00 0.00 0.00 0
129646 0.00 0.00 0.00 0
129647 0.00 0.00 0.00 0
129648 0.00 0.00 0.00 0
129649 0.00 0.00 0.00 0
129650 0.00 0.00 0.00 0
129651 0.00 0.00 0.00 0
129652 0.00 0.00 0.00 0
129653 0.00 0.00 0.00 0
129654 0.00 0.00 0.00 0
129655 0.00 0.00 0.00 0
129656 0.00 0.00 0.00 0
129657 0.00 0.00 0.00 0
129658 0.00 0.00 0.00 0
129659 0.00 0.00 0.00 0
129660 0.00 0.00 0.00 0
129661 0.00 0.00 0.00 0
129662 0.00 0.00 0.00 0
129663 0.00 0.00 0.00 0
129664 0.00 0.00 0.00 0
129665 0.00 0.00 0.00 0
129781 0.00 0.00 0.00 0
129785 0.00 0.00 0.00 0
129786 0.00 0.00 0.00 0
129788 0.00 0.00 0.00 0
129789 0.00 0.00 0.00 0
129790 0.00 0.00 0.00 0
129791 0.00 0.00 0.00 0
129792 0.00 0.00 0.00 0
129793 0.00 0.00 0.00 0
129794 0.00 0.00 0.00 0
129795 0.00 0.00 0.00 0
129796 0.00 0.00 0.00 0
129797 0.00 0.00 0.00 0
129798 0.00 0.00 0.00 0
129799 0.00 0.00 0.00 0
129800 0.00 0.00 0.00 0
129801 0.00 0.00 0.00 0
129802 0.00 0.00 0.00 0
129803 0.00 0.00 0.00 0
129804 0.00 0.00 0.00 0
129805 0.00 0.00 0.00 0
129806 0.00 0.00 0.00 0
129807 0.00 0.00 0.00 0
133923 0.00 0.00 0.00 0
133941 0.00 0.00 0.00 0
133942 0.00 0.00 0.00 0
133943 0.00 0.00 0.00 0
133944 0.00 0.00 0.00 0
133945 0.00 0.00 0.00 0
133946 0.00 0.00 0.00 0
133947 0.00 0.00 0.00 0
133948 0.00 0.00 0.00 0
133949 0.00 0.00 0.00 0
133950 0.00 0.00 0.00 0
133951 0.00 0.00 0.00 0
133952 0.00 0.00 0.00 0
133953 0.00 0.00 0.00 0
133954 0.00 0.00 0.00 0
133955 0.00 0.00 0.00 0
133956 0.00 0.00 0.00 0
133957 0.00 0.00 0.00 0
133958 0.00 0.00 0.00 0
133959 0.00 0.00 0.00 0
133983 0.00 0.00 0.00 0
134007 0.00 0.00 0.00 0
134008 0.00 0.00 0.00 0
134015 0.00 0.00 0.00 0
134016 0.00 0.00 0.00 0
134017 0.00 0.00 0.00 0
134018 0.00 0.00 0.00 0
134019 0.00 0.00 0.00 0
134020 0.00 0.00 0.00 0
134021 0.00 0.00 0.00 0
134022 0.00 0.00 0.00 0
134023 0.00 0.00 0.00 0
134024 0.00 0.00 0.00 0
134025 0.00 0.00 0.00 0
134026 0.00 0.00 0.00 0
134031 0.00 0.00 0.00 0
134032 0.00 0.00 0.00 0
134033 0.00 0.00 0.00 0
134034 0.00 0.00 0.00 0
134035 0.00 0.00 0.00 0
134036 0.00 0.00 0.00 0
134037 0.00 0.00 0.00 0
134038 0.00 0.00 0.00 0
134039 0.00 0.00 0.00 0
134040 0.00 0.00 0.00 0
134041 0.00 0.00 0.00 0
134042 0.00 0.00 0.00 0
134043 0.00 0.00 0.00 0
134044 0.00 0.00 0.00 0
134045 0.00 0.00 0.00 0
134046 0.00 0.00 0.00 0
134047 0.00 0.00 0.00 0
134048 0.00 0.00 0.00 0
134049 0.00 0.00 0.00 0
134050 0.00 0.00 0.00 0
134051 0.00 0.00 0.00 0
134052 0.00 0.00 0.00 0
134053 0.00 0.00 0.00 0
134054 0.00 0.00 0.00 0
134055 0.00 0.00 0.00 0
134056 0.00 0.00 0.00 0
134057 0.00 0.00 0.00 0
134058 0.00 0.00 0.00 0
134059 0.00 0.00 0.00 0
134060 0.00 0.00 0.00 0
134061 0.00 0.00 0.00 0
134062 0.00 0.00 0.00 0
134063 0.00 0.00 0.00 0
134064 0.00 0.00 0.00 0
134065 0.00 0.00 0.00 0
134066 0.00 0.00 0.00 0
134067 0.00 0.00 0.00 0
134068 0.00 0.00 0.00 0
134380 0.00 0.00 0.00 0
134383 0.00 0.00 0.00 0
134402 0.00 0.00 0.00 0
134403 0.00 0.00 0.00 0
134404 0.00 0.00 0.00 0
134405 0.00 0.00 0.00 0
134406 0.00 0.00 0.00 0
134407 0.00 0.00 0.00 0
134408 0.00 0.00 0.00 0
134409 0.00 0.00 0.00 0
134410 0.00 0.00 0.00 0
134411 0.00 0.00 0.00 0
134412 0.00 0.00 0.00 0
134413 0.00 0.00 0.00 0
134414 0.00 0.00 0.00 0
134415 0.00 0.00 0.00 0
134416 0.00 0.00 0.00 0
134417 0.00 0.00 0.00 0
134418 0.00 0.00 0.00 0
134419 0.00 0.00 0.00 0
134420 0.00 0.00 0.00 0
134421 0.00 0.00 0.00 0
134422 0.00 0.00 0.00 0
134423 0.00 0.00 0.00 0
140647 0.00 0.00 0.00 0
140648 0.00 0.00 0.00 0
140649 0.00 0.00 0.00 0
140650 0.00 0.00 0.00 0
140651 0.00 0.00 0.00 0
140652 0.00 0.00 0.00 0
140653 0.00 0.00 0.00 0
140654 0.00 0.00 0.00 0
140655 0.00 0.00 0.00 0
140656 0.00 0.00 0.00 0
140657 0.00 0.00 0.00 0
140658 0.00 0.00 0.00 0
140659 0.00 0.00 0.00 0
140660 0.00 0.00 0.00 0
140661 0.00 0.00 0.00 0
140662 0.00 0.00 0.00 0
140663 0.00 0.00 0.00 0
140664 0.00 0.00 0.00 0
140665 0.00 0.00 0.00 0
140666 0.00 0.00 0.00 0
140667 0.00 0.00 0.00 0
140668 0.00 0.00 0.00 0
140669 0.00 0.00 0.00 0
140670 0.00 0.00 0.00 0
140671 0.00 0.00 0.00 0
140672 0.00 0.00 0.00 0
140673 0.00 0.00 0.00 0
140674 0.00 0.00 0.00 0
140675 0.00 0.00 0.00 0
140676 0.00 0.00 0.00 0
140677 0.00 0.00 0.00 0
140678 0.00 0.00 0.00 0
140679 0.00 0.00 0.00 0
140680 0.00 0.00 0.00 0
140681 0.00 0.00 0.00 0
140682 0.00 0.00 0.00 0
140683 0.00 0.00 0.00 0
140684 0.00 0.00 0.00 0
140685 0.00 0.00 0.00 0
140686 0.00 0.00 0.00 0
140687 0.00 0.00 0.00 0
140688 0.00 0.00 0.00 0
140689 0.00 0.00 0.00 0
140690 0.00 0.00 0.00 0
140691 0.00 0.00 0.00 0
140692 0.00 0.00 0.00 0
140693 0.00 0.00 0.00 0
140694 0.00 0.00 0.00 0
140695 0.00 0.00 0.00 0
140696 0.00 0.00 0.00 0
140697 0.00 0.00 0.00 0
140698 0.00 0.00 0.00 0
140699 0.00 0.00 0.00 0
140700 0.00 0.00 0.00 0
140701 0.00 0.00 0.00 0
140702 0.00 0.00 0.00 0
140703 0.00 0.00 0.00 0
140704 0.00 0.00 0.00 0
140705 0.00 0.00 0.00 0
140706 0.00 0.00 0.00 0
140707 0.00 0.00 0.00 0
140708 0.00 0.00 0.00 0
140709 0.00 0.00 0.00 0
140710 0.00 0.00 0.00 0
140711 0.00 0.00 0.00 0
140712 0.00 0.00 0.00 0
140713 0.00 0.00 0.00 0
140714 0.00 0.00 0.00 0
140715 0.00 0.00 0.00 0
140716 0.00 0.00 0.00 0
140717 0.00 0.00 0.00 0
140718 0.00 0.00 0.00 0
140719 0.00 0.00 0.00 0
140720 0.00 0.00 0.00 0
140721 0.00 0.00 0.00 0
140722 0.00 0.00 0.00 0
140723 0.00 0.00 0.00 0
140724 0.00 0.00 0.00 0
140725 0.00 0.00 0.00 0
140726 0.00 0.00 0.00 0
140727 0.00 0.00 0.00 0
140728 0.00 0.00 0.00 0
140729 0.00 0.00 0.00 0
140795 0.00 0.00 0.00 0
140796 0.00 0.00 0.00 0
140797 0.00 0.00 0.00 0
140798 0.00 0.00 0.00 0
140799 0.00 0.00 0.00 0
140800 0.00 0.00 0.00 0
140803 0.00 0.00 0.00 0
140804 0.00 0.00 0.00 0
140805 0.00 0.00 0.00 0
140806 0.00 0.00 0.00 0
140807 0.00 0.00 0.00 0
140808 0.00 0.00 0.00 0
140809 0.00 0.00 0.00 0
141086 0.00 0.00 0.00 0
141087 0.00 0.00 0.00 0
141093 0.00 0.00 0.00 0
141094 0.00 0.00 0.00 0
141095 0.00 0.00 0.00 0
141096 0.00 0.00 0.00 0
141097 0.00 0.00 0.00 0
141098 0.00 0.00 0.00 0
141099 0.00 0.00 0.00 0
141100 0.00 0.00 0.00 0
141101 0.00 0.00 0.00 0
141102 0.00 0.00 0.00 0
141103 0.00 0.00 0.00 0
141104 0.00 0.00 0.00 0
141105 0.00 0.00 0.00 0
141106 0.00 0.00 0.00 0
141107 0.00 0.00 0.00 0
141108 0.00 0.00 0.00 0
141109 0.00 0.00 0.00 0
141110 0.00 0.00 0.00 0
141111 0.00 0.00 0.00 0
141112 0.00 0.00 0.00 0
141113 0.00 0.00 0.00 0
141114 0.00 0.00 0.00 0
141119 0.00 0.00 0.00 0
141120 0.00 0.00 0.00 0
141123 0.00 0.00 0.00 0
141124 0.00 0.00 0.00 0
141125 0.00 0.00 0.00 0
141126 0.00 0.00 0.00 0
141127 0.00 0.00 0.00 0
141128 0.00 0.00 0.00 0
141129 0.00 0.00 0.00 0
141130 0.00 0.00 0.00 0
141131 0.00 0.00 0.00 0
141132 0.00 0.00 0.00 0
141133 0.00 0.00 0.00 0
141134 0.00 0.00 0.00 0
141135 0.00 0.00 0.00 0
141136 0.00 0.00 0.00 0
141137 0.00 0.00 0.00 0
141138 0.00 0.00 0.00 0
141139 0.00 0.00 0.00 0
141140 0.00 0.00 0.00 0
141141 0.00 0.00 0.00 0
145582 0.00 0.00 0.00 0
145583 0.00 0.00 0.00 0
145584 0.00 0.00 0.00 0
145585 0.00 0.00 0.00 0
145586 0.00 0.00 0.00 0
146070 0.00 0.00 0.00 0
152985 0.00 0.00 0.00 0
152986 0.00 0.00 0.00 0
152987 0.00 0.00 0.00 0
152988 0.00 0.00 0.00 0
152989 0.00 0.00 0.00 0
152990 0.00 0.00 0.00 0
152991 0.00 0.00 0.00 0
152992 0.00 0.00 0.00 0
152994 0.00 0.00 0.00 0
152995 0.00 0.00 0.00 0
152996 0.00 0.00 0.00 0
152997 0.00 0.00 0.00 0
152998 0.00 0.00 0.00 0
152999 0.00 0.00 0.00 0
153000 0.00 0.00 0.00 0
153012 0.00 0.00 0.00 0
153013 0.00 0.00 0.00 0
153014 0.00 0.00 0.00 0
153015 0.00 0.00 0.00 0
153016 0.00 0.00 0.00 0
153017 0.00 0.00 0.00 0
153018 0.00 0.00 0.00 0
153019 0.00 0.00 0.00 0
153020 0.00 0.00 0.00 0
153028 0.00 0.00 0.00 0
153029 0.00 0.00 0.00 0
153147 0.00 0.00 0.00 0
153148 0.00 0.00 0.00 0
153149 0.00 0.00 0.00 0
153150 0.00 0.00 0.00 0
153151 0.00 0.00 0.00 0
153152 0.00 0.00 0.00 0
153153 0.00 0.00 0.00 0
153154 0.00 0.00 0.00 0
153155 0.00 0.00 0.00 0
153156 0.00 0.00 0.00 0
153157 0.00 0.00 0.00 0
153158 0.00 0.00 0.00 0
153159 0.00 0.00 0.00 0
153160 0.00 0.00 0.00 0
153161 0.00 0.00 0.00 0
153162 0.00 0.00 0.00 0
153163 0.00 0.00 0.00 0
153164 0.00 0.00 0.00 0
153165 0.00 0.00 0.00 0
153166 0.00 0.00 0.00 0
153167 0.00 0.00 0.00 0
153168 0.00 0.00 0.00 0
153169 0.00 0.00 0.00 0
153170 0.00 0.00 0.00 0
153171 0.00 0.00 0.00 0
153172 0.00 0.00 0.00 0
153173 0.00 0.00 0.00 0
153181 0.00 0.00 0.00 0
153182 0.00 0.00 0.00 0
153183 0.00 0.00 0.00 0
153184 0.00 0.00 0.00 0
153185 0.00 0.00 0.00 0
153186 0.00 0.00 0.00 0
153187 0.00 0.00 0.00 0
153188 0.00 0.00 0.00 0
153189 0.00 0.00 0.00 0
153190 0.00 0.00 0.00 0
153191 0.00 0.00 0.00 0
153192 0.00 0.00 0.00 0
153193 0.00 0.00 0.00 0
153194 0.00 0.00 0.00 0
153195 0.00 0.00 0.00 0
153196 0.00 0.00 0.00 0
153197 0.00 0.00 0.00 0
153198 0.00 0.00 0.00 0
153199 0.00 0.00 0.00 0
153200 0.00 0.00 0.00 0
153201 0.00 0.00 0.00 0
153202 0.00 0.00 0.00 0
153203 0.00 0.00 0.00 0
153204 0.00 0.00 0.00 0
153205 0.00 0.00 0.00 0
153206 0.00 0.00 0.00 0
153207 0.00 0.00 0.00 0
153208 0.00 0.00 0.00 0
153209 0.00 0.00 0.00 0
153210 0.00 0.00 0.00 0
153211 0.00 0.00 0.00 0
153212 0.00 0.00 0.00 0
153213 0.00 0.00 0.00 0
153214 0.00 0.00 0.00 0
153215 0.00 0.00 0.00 0
153216 0.00 0.00 0.00 0
153217 0.00 0.00 0.00 0
153218 0.00 0.00 0.00 0
153219 0.00 0.00 0.00 0
153220 0.00 0.00 0.00 0
153221 0.00 0.00 0.00 0
153222 0.00 0.00 0.00 0
153223 0.00 0.00 0.00 0
153224 0.00 0.00 0.00 0
153225 0.00 0.00 0.00 0
153226 0.00 0.00 0.00 0
153227 0.00 0.00 0.00 0
153236 0.00 0.00 0.00 0
153240 0.00 0.00 0.00 0
153243 0.00 0.00 0.00 0
153244 0.00 0.00 0.00 0
153245 0.00 0.00 0.00 0
153246 0.00 0.00 0.00 0
153247 0.00 0.00 0.00 0
153248 0.00 0.00 0.00 0
153249 0.00 0.00 0.00 0
153250 0.00 0.00 0.00 0
153251 0.00 0.00 0.00 0
153252 0.00 0.00 0.00 0
153253 0.00 0.00 0.00 0
153254 0.00 0.00 0.00 0
153257 0.00 0.00 0.00 0
153258 0.00 0.00 0.00 0
153259 0.00 0.00 0.00 0
153260 0.00 0.00 0.00 0
153261 0.00 0.00 0.00 0
153262 0.00 0.00 0.00 0
153263 0.00 0.00 0.00 0
153264 0.00 0.00 0.00 0
153265 0.00 0.00 0.00 0
153266 0.00 0.00 0.00 0
153267 0.00 0.00 0.00 0
153268 0.00 0.00 0.00 0
153269 0.00 0.00 0.00 0
153270 0.00 0.00 0.00 0
153271 0.00 0.00 0.00 0
153272 0.00 0.00 0.00 0
153273 0.00 0.00 0.00 0
153274 0.00 0.00 0.00 0
153275 0.00 0.00 0.00 0
153276 0.00 0.00 0.00 0
153277 0.00 0.00 0.00 0
153278 0.00 0.00 0.00 0
153279 0.00 0.00 0.00 0
153280 0.00 0.00 0.00 0
153281 0.00 0.00 0.00 0
153282 0.00 0.00 0.00 0
153283 0.00 0.00 0.00 0
153284 0.00 0.00 0.00 0
153285 0.00 0.00 0.00 0
153286 0.00 0.00 0.00 0
153287 0.00 0.00 0.00 0
153288 0.00 0.00 0.00 0
153289 0.00 0.00 0.00 0
153290 0.00 0.00 0.00 0
153291 0.00 0.00 0.00 0
153292 0.00 0.00 0.00 0
153293 0.00 0.00 0.00 0
153294 0.00 0.00 0.00 0
153295 0.00 0.00 0.00 0
153296 0.00 0.00 0.00 0
153297 0.00 0.00 0.00 0
153298 0.00 0.00 0.00 0
153299 0.00 0.00 0.00 0
153300 0.00 0.00 0.00 0
153301 0.00 0.00 0.00 0
153302 0.00 0.00 0.00 0
153303 0.00 0.00 0.00 0
153304 0.00 0.00 0.00 0
153305 0.00 0.00 0.00 0
153306 0.00 0.00 0.00 0
153307 0.00 0.00 0.00 0
153308 0.00 0.00 0.00 0
153309 0.00 0.00 0.00 0
153310 0.00 0.00 0.00 0
153311 0.00 0.00 0.00 0
153312 0.00 0.00 0.00 0
153313 0.00 0.00 0.00 0
153314 0.00 0.00 0.00 0
153315 0.00 0.00 0.00 0
153316 0.00 0.00 0.00 0
153317 0.00 0.00 0.00 0
153318 0.00 0.00 0.00 0
153319 0.00 0.00 0.00 0
153320 0.00 0.00 0.00 0
153321 0.00 0.00 0.00 0
153322 0.00 0.00 0.00 0
153323 0.00 0.00 0.00 0
153324 0.00 0.00 0.00 0
153325 0.00 0.00 0.00 0
153326 0.00 0.00 0.00 0
153327 0.00 0.00 0.00 0
153328 0.00 0.00 0.00 0
153329 0.00 0.00 0.00 0
153330 0.00 0.00 0.00 0
153331 0.00 0.00 0.00 0
153332 0.00 0.00 0.00 0
153333 0.00 0.00 0.00 0
153336 0.00 0.00 0.00 0
153337 0.00 0.00 0.00 0
153338 0.00 0.00 0.00 0
153339 0.00 0.00 0.00 0
153340 0.00 0.00 0.00 0
153341 0.00 0.00 0.00 0
153342 0.00 0.00 0.00 0
153343 0.00 0.00 0.00 0
153344 0.00 0.00 0.00 0
153347 0.00 0.00 0.00 0
153350 0.00 0.00 0.00 0
153351 0.00 0.00 0.00 0
153352 0.00 0.00 0.00 0
153353 0.00 0.00 0.00 0
153354 0.00 0.00 0.00 0
154228 0.00 0.00 0.00 0
154229 0.00 0.00 0.00 0
154230 0.00 0.00 0.00 0
154318 0.00 0.00 0.00 0
154319 0.00 0.00 0.00 0
154320 0.00 0.00 0.00 0
