# G_and_S_occipital_inf
1010
87 0.00 0.00 0.00 0
349 0.00 0.00 0.00 0
445 0.00 0.00 0.00 0
829 0.00 0.00 0.00 0
830 0.00 0.00 0.00 0
980 0.00 0.00 0.00 0
982 0.00 0.00 0.00 0
1404 0.00 0.00 0.00 0
1406 0.00 0.00 0.00 0
1523 0.00 0.00 0.00 0
1779 0.00 0.00 0.00 0
1780 0.00 0.00 0.00 0
1994 0.00 0.00 0.00 0
1997 0.00 0.00 0.00 0
1998 0.00 0.00 0.00 0
1999 0.00 0.00 0.00 0
2521 0.00 0.00 0.00 0
2750 0.00 0.00 0.00 0
3324 0.00 0.00 0.00 0
3326 0.00 0.00 0.00 0
3924 0.00 0.00 0.00 0
3925 0.00 0.00 0.00 0
3926 0.00 0.00 0.00 0
3927 0.00 0.00 0.00 0
3928 0.00 0.00 0.00 0
4374 0.00 0.00 0.00 0
4376 0.00 0.00 0.00 0
4377 0.00 0.00 0.00 0
4378 0.00 0.00 0.00 0
4379 0.00 0.00 0.00 0
4381 0.00 0.00 0.00 0
4382 0.00 0.00 0.00 0
4383 0.00 0.00 0.00 0
4385 0.00 0.00 0.00 0
4386 0.00 0.00 0.00 0
5653 0.00 0.00 0.00 0
5657 0.00 0.00 0.00 0
5658 0.00 0.00 0.00 0
5659 0.00 0.00 0.00 0
6099 0.00 0.00 0.00 0
6100 0.00 0.00 0.00 0
6101 0.00 0.00 0.00 0
6102 0.00 0.00 0.00 0
6373 0.00 0.00 0.00 0
6374 0.00 0.00 0.00 0
7136 0.00 0.00 0.00 0
7393 0.00 0.00 0.00 0
7394 0.00 0.00 0.00 0
7989 0.00 0.00 0.00 0
7990 0.00 0.00 0.00 0
7991 0.00 0.00 0.00 0
7994 0.00 0.00 0.00 0
8564 0.00 0.00 0.00 0
8568 0.00 0.00 0.00 0
8572 0.00 0.00 0.00 0
8573 0.00 0.00 0.00 0
8574 0.00 0.00 0.00 0
8575 0.00 0.00 0.00 0
8576 0.00 0.00 0.00 0
8577 0.00 0.00 0.00 0
8578 0.00 0.00 0.00 0
8579 0.00 0.00 0.00 0
8580 0.00 0.00 0.00 0
10117 0.00 0.00 0.00 0
10118 0.00 0.00 0.00 0
10119 0.00 0.00 0.00 0
11004 0.00 0.00 0.00 0
11005 0.00 0.00 0.00 0
11006 0.00 0.00 0.00 0
11604 0.00 0.00 0.00 0
11605 0.00 0.00 0.00 0
11606 0.00 0.00 0.00 0
11608 0.00 0.00 0.00 0
12055 0.00 0.00 0.00 0
12057 0.00 0.00 0.00 0
12058 0.00 0.00 0.00 0
12059 0.00 0.00 0.00 0
12060 0.00 0.00 0.00 0
12061 0.00 0.00 0.00 0
12062 0.00 0.00 0.00 0
12063 0.00 0.00 0.00 0
12065 0.00 0.00 0.00 0
12067 0.00 0.00 0.00 0
13337 0.00 0.00 0.00 0
13338 0.00 0.00 0.00 0
14004 0.00 0.00 0.00 0
14005 0.00 0.00 0.00 0
14006 0.00 0.00 0.00 0
14460 0.00 0.00 0.00 0
14461 0.00 0.00 0.00 0
14462 0.00 0.00 0.00 0
15729 0.00 0.00 0.00 0
15730 0.00 0.00 0.00 0
15731 0.00 0.00 0.00 0
16251 0.00 0.00 0.00 0
16252 0.00 0.00 0.00 0
17529 0.00 0.00 0.00 0
17530 0.00 0.00 0.00 0
17531 0.00 0.00 0.00 0
17533 0.00 0.00 0.00 0
17537 0.00 0.00 0.00 0
17538 0.00 0.00 0.00 0
17543 0.00 0.00 0.00 0
18877 0.00 0.00 0.00 0
18878 0.00 0.00 0.00 0
18888 0.00 0.00 0.00 0
18889 0.00 0.00 0.00 0
18890 0.00 0.00 0.00 0
18891 0.00 0.00 0.00 0
18897 0.00 0.00 0.00 0
18898 0.00 0.00 0.00 0
18899 0.00 0.00 0.00 0
18900 0.00 0.00 0.00 0
18901 0.00 0.00 0.00 0
18902 0.00 0.00 0.00 0
18903 0.00 0.00 0.00 0
18904 0.00 0.00 0.00 0
18905 0.00 0.00 0.00 0
18906 0.00 0.00 0.00 0
18907 0.00 0.00 0.00 0
18908 0.00 0.00 0.00 0
18909 0.00 0.00 0.00 0
18910 0.00 0.00 0.00 0
18911 0.00 0.00 0.00 0
18912 0.00 0.00 0.00 0
18913 0.00 0.00 0.00 0
18914 0.00 0.00 0.00 0
18915 0.00 0.00 0.00 0
18916 0.00 0.00 0.00 0
18917 0.00 0.00 0.00 0
18918 0.00 0.00 0.00 0
22727 0.00 0.00 0.00 0
22728 0.00 0.00 0.00 0
22729 0.00 0.00 0.00 0
22730 0.00 0.00 0.00 0
22731 0.00 0.00 0.00 0
22732 0.00 0.00 0.00 0
22733 0.00 0.00 0.00 0
22734 0.00 0.00 0.00 0
23380 0.00 0.00 0.00 0
23381 0.00 0.00 0.00 0
24414 0.00 0.00 0.00 0
24415 0.00 0.00 0.00 0
24416 0.00 0.00 0.00 0
24417 0.00 0.00 0.00 0
25494 0.00 0.00 0.00 0
25495 0.00 0.00 0.00 0
25496 0.00 0.00 0.00 0
25497 0.00 0.00 0.00 0
25499 0.00 0.00 0.00 0
25500 0.00 0.00 0.00 0
25501 0.00 0.00 0.00 0
25502 0.00 0.00 0.00 0
26304 0.00 0.00 0.00 0
26309 0.00 0.00 0.00 0
26310 0.00 0.00 0.00 0
26311 0.00 0.00 0.00 0
26312 0.00 0.00 0.00 0
26313 0.00 0.00 0.00 0
26315 0.00 0.00 0.00 0
26316 0.00 0.00 0.00 0
26317 0.00 0.00 0.00 0
26318 0.00 0.00 0.00 0
26319 0.00 0.00 0.00 0
26320 0.00 0.00 0.00 0
26321 0.00 0.00 0.00 0
26322 0.00 0.00 0.00 0
26323 0.00 0.00 0.00 0
26324 0.00 0.00 0.00 0
26325 0.00 0.00 0.00 0
26326 0.00 0.00 0.00 0
26327 0.00 0.00 0.00 0
26328 0.00 0.00 0.00 0
28613 0.00 0.00 0.00 0
28614 0.00 0.00 0.00 0
28615 0.00 0.00 0.00 0
28616 0.00 0.00 0.00 0
28617 0.00 0.00 0.00 0
29589 0.00 0.00 0.00 0
29590 0.00 0.00 0.00 0
29591 0.00 0.00 0.00 0
29592 0.00 0.00 0.00 0
29593 0.00 0.00 0.00 0
29595 0.00 0.00 0.00 0
29596 0.00 0.00 0.00 0
29597 0.00 0.00 0.00 0
29598 0.00 0.00 0.00 0
30227 0.00 0.00 0.00 0
30228 0.00 0.00 0.00 0
30229 0.00 0.00 0.00 0
30230 0.00 0.00 0.00 0
30231 0.00 0.00 0.00 0
30232 0.00 0.00 0.00 0
30233 0.00 0.00 0.00 0
32007 0.00 0.00 0.00 0
32008 0.00 0.00 0.00 0
32009 0.00 0.00 0.00 0
32010 0.00 0.00 0.00 0
32681 0.00 0.00 0.00 0
32682 0.00 0.00 0.00 0
32683 0.00 0.00 0.00 0
34299 0.00 0.00 0.00 0
34300 0.00 0.00 0.00 0
34301 0.00 0.00 0.00 0
34302 0.00 0.00 0.00 0
34303 0.00 0.00 0.00 0
34304 0.00 0.00 0.00 0
34305 0.00 0.00 0.00 0
34306 0.00 0.00 0.00 0
34308 0.00 0.00 0.00 0
34310 0.00 0.00 0.00 0
34311 0.00 0.00 0.00 0
34317 0.00 0.00 0.00 0
35952 0.00 0.00 0.00 0
35953 0.00 0.00 0.00 0
35954 0.00 0.00 0.00 0
35964 0.00 0.00 0.00 0
35965 0.00 0.00 0.00 0
35966 0.00 0.00 0.00 0
35967 0.00 0.00 0.00 0
35968 0.00 0.00 0.00 0
35978 0.00 0.00 0.00 0
35979 0.00 0.00 0.00 0
35980 0.00 0.00 0.00 0
35981 0.00 0.00 0.00 0
35982 0.00 0.00 0.00 0
35983 0.00 0.00 0.00 0
35984 0.00 0.00 0.00 0
35985 0.00 0.00 0.00 0
35986 0.00 0.00 0.00 0
35987 0.00 0.00 0.00 0
35988 0.00 0.00 0.00 0
35989 0.00 0.00 0.00 0
35990 0.00 0.00 0.00 0
35991 0.00 0.00 0.00 0
35992 0.00 0.00 0.00 0
35993 0.00 0.00 0.00 0
35994 0.00 0.00 0.00 0
35995 0.00 0.00 0.00 0
35996 0.00 0.00 0.00 0
35997 0.00 0.00 0.00 0
35998 0.00 0.00 0.00 0
35999 0.00 0.00 0.00 0
36000 0.00 0.00 0.00 0
36001 0.00 0.00 0.00 0
36002 0.00 0.00 0.00 0
36003 0.00 0.00 0.00 0
40275 0.00 0.00 0.00 0
40276 0.00 0.00 0.00 0
40585 0.00 0.00 0.00 0
40586 0.00 0.00 0.00 0
40587 0.00 0.00 0.00 0
40588 0.00 0.00 0.00 0
40589 0.00 0.00 0.00 0
40596 0.00 0.00 0.00 0
40599 0.00 0.00 0.00 0
40600 0.00 0.00 0.00 0
41724 0.00 0.00 0.00 0
41725 0.00 0.00 0.00 0
41726 0.00 0.00 0.00 0
42324 0.00 0.00 0.00 0
42325 0.00 0.00 0.00 0
42326 0.00 0.00 0.00 0
42777 0.00 0.00 0.00 0
42778 0.00 0.00 0.00 0
42779 0.00 0.00 0.00 0
42780 0.00 0.00 0.00 0
42781 0.00 0.00 0.00 0
42782 0.00 0.00 0.00 0
42783 0.00 0.00 0.00 0
44057 0.00 0.00 0.00 0
44058 0.00 0.00 0.00 0
44724 0.00 0.00 0.00 0
44725 0.00 0.00 0.00 0
44726 0.00 0.00 0.00 0
45182 0.00 0.00 0.00 0
46449 0.00 0.00 0.00 0
46450 0.00 0.00 0.00 0
46451 0.00 0.00 0.00 0
48249 0.00 0.00 0.00 0
48250 0.00 0.00 0.00 0
48251 0.00 0.00 0.00 0
48257 0.00 0.00 0.00 0
48258 0.00 0.00 0.00 0
49594 0.00 0.00 0.00 0
49596 0.00 0.00 0.00 0
49598 0.00 0.00 0.00 0
49607 0.00 0.00 0.00 0
49608 0.00 0.00 0.00 0
49609 0.00 0.00 0.00 0
49617 0.00 0.00 0.00 0
49618 0.00 0.00 0.00 0
49619 0.00 0.00 0.00 0
49620 0.00 0.00 0.00 0
49621 0.00 0.00 0.00 0
49622 0.00 0.00 0.00 0
49623 0.00 0.00 0.00 0
49624 0.00 0.00 0.00 0
49625 0.00 0.00 0.00 0
49626 0.00 0.00 0.00 0
49627 0.00 0.00 0.00 0
49628 0.00 0.00 0.00 0
49629 0.00 0.00 0.00 0
49630 0.00 0.00 0.00 0
49631 0.00 0.00 0.00 0
49632 0.00 0.00 0.00 0
49633 0.00 0.00 0.00 0
49634 0.00 0.00 0.00 0
49635 0.00 0.00 0.00 0
49636 0.00 0.00 0.00 0
49637 0.00 0.00 0.00 0
49638 0.00 0.00 0.00 0
53447 0.00 0.00 0.00 0
53448 0.00 0.00 0.00 0
53449 0.00 0.00 0.00 0
53450 0.00 0.00 0.00 0
53451 0.00 0.00 0.00 0
53452 0.00 0.00 0.00 0
53453 0.00 0.00 0.00 0
53454 0.00 0.00 0.00 0
56049 0.00 0.00 0.00 0
56050 0.00 0.00 0.00 0
56051 0.00 0.00 0.00 0
56052 0.00 0.00 0.00 0
56053 0.00 0.00 0.00 0
56054 0.00 0.00 0.00 0
56056 0.00 0.00 0.00 0
57849 0.00 0.00 0.00 0
57850 0.00 0.00 0.00 0
57851 0.00 0.00 0.00 0
57852 0.00 0.00 0.00 0
57853 0.00 0.00 0.00 0
57854 0.00 0.00 0.00 0
57855 0.00 0.00 0.00 0
57856 0.00 0.00 0.00 0
57857 0.00 0.00 0.00 0
57858 0.00 0.00 0.00 0
57859 0.00 0.00 0.00 0
59199 0.00 0.00 0.00 0
59200 0.00 0.00 0.00 0
59201 0.00 0.00 0.00 0
59202 0.00 0.00 0.00 0
59203 0.00 0.00 0.00 0
59204 0.00 0.00 0.00 0
59206 0.00 0.00 0.00 0
59207 0.00 0.00 0.00 0
59208 0.00 0.00 0.00 0
59209 0.00 0.00 0.00 0
59210 0.00 0.00 0.00 0
59211 0.00 0.00 0.00 0
59212 0.00 0.00 0.00 0
59213 0.00 0.00 0.00 0
59214 0.00 0.00 0.00 0
59215 0.00 0.00 0.00 0
59216 0.00 0.00 0.00 0
59217 0.00 0.00 0.00 0
59218 0.00 0.00 0.00 0
59219 0.00 0.00 0.00 0
59220 0.00 0.00 0.00 0
59221 0.00 0.00 0.00 0
59222 0.00 0.00 0.00 0
59223 0.00 0.00 0.00 0
59224 0.00 0.00 0.00 0
59225 0.00 0.00 0.00 0
59226 0.00 0.00 0.00 0
59227 0.00 0.00 0.00 0
59228 0.00 0.00 0.00 0
59229 0.00 0.00 0.00 0
59230 0.00 0.00 0.00 0
59231 0.00 0.00 0.00 0
59233 0.00 0.00 0.00 0
59235 0.00 0.00 0.00 0
59238 0.00 0.00 0.00 0
59239 0.00 0.00 0.00 0
63047 0.00 0.00 0.00 0
63048 0.00 0.00 0.00 0
63049 0.00 0.00 0.00 0
63050 0.00 0.00 0.00 0
63051 0.00 0.00 0.00 0
63052 0.00 0.00 0.00 0
63053 0.00 0.00 0.00 0
63054 0.00 0.00 0.00 0
65049 0.00 0.00 0.00 0
65050 0.00 0.00 0.00 0
65051 0.00 0.00 0.00 0
65052 0.00 0.00 0.00 0
65053 0.00 0.00 0.00 0
65054 0.00 0.00 0.00 0
65055 0.00 0.00 0.00 0
65056 0.00 0.00 0.00 0
65057 0.00 0.00 0.00 0
65058 0.00 0.00 0.00 0
65062 0.00 0.00 0.00 0
65063 0.00 0.00 0.00 0
65064 0.00 0.00 0.00 0
65065 0.00 0.00 0.00 0
65066 0.00 0.00 0.00 0
66417 0.00 0.00 0.00 0
66418 0.00 0.00 0.00 0
66419 0.00 0.00 0.00 0
66420 0.00 0.00 0.00 0
66421 0.00 0.00 0.00 0
66422 0.00 0.00 0.00 0
66423 0.00 0.00 0.00 0
66424 0.00 0.00 0.00 0
66425 0.00 0.00 0.00 0
66426 0.00 0.00 0.00 0
66427 0.00 0.00 0.00 0
70227 0.00 0.00 0.00 0
70228 0.00 0.00 0.00 0
70229 0.00 0.00 0.00 0
70230 0.00 0.00 0.00 0
70231 0.00 0.00 0.00 0
70232 0.00 0.00 0.00 0
70233 0.00 0.00 0.00 0
70234 0.00 0.00 0.00 0
70236 0.00 0.00 0.00 0
70237 0.00 0.00 0.00 0
71787 0.00 0.00 0.00 0
71789 0.00 0.00 0.00 0
71790 0.00 0.00 0.00 0
71791 0.00 0.00 0.00 0
71792 0.00 0.00 0.00 0
71793 0.00 0.00 0.00 0
71794 0.00 0.00 0.00 0
71795 0.00 0.00 0.00 0
71796 0.00 0.00 0.00 0
75624 0.00 0.00 0.00 0
75625 0.00 0.00 0.00 0
75626 0.00 0.00 0.00 0
75627 0.00 0.00 0.00 0
75628 0.00 0.00 0.00 0
75629 0.00 0.00 0.00 0
75630 0.00 0.00 0.00 0
75631 0.00 0.00 0.00 0
75632 0.00 0.00 0.00 0
75633 0.00 0.00 0.00 0
75634 0.00 0.00 0.00 0
75636 0.00 0.00 0.00 0
75638 0.00 0.00 0.00 0
75645 0.00 0.00 0.00 0
75647 0.00 0.00 0.00 0
75648 0.00 0.00 0.00 0
75649 0.00 0.00 0.00 0
75650 0.00 0.00 0.00 0
75651 0.00 0.00 0.00 0
75652 0.00 0.00 0.00 0
75653 0.00 0.00 0.00 0
75654 0.00 0.00 0.00 0
75655 0.00 0.00 0.00 0
75656 0.00 0.00 0.00 0
75657 0.00 0.00 0.00 0
75665 0.00 0.00 0.00 0
75666 0.00 0.00 0.00 0
75669 0.00 0.00 0.00 0
79667 0.00 0.00 0.00 0
79669 0.00 0.00 0.00 0
79670 0.00 0.00 0.00 0
79671 0.00 0.00 0.00 0
79672 0.00 0.00 0.00 0
79673 0.00 0.00 0.00 0
79700 0.00 0.00 0.00 0
79701 0.00 0.00 0.00 0
79702 0.00 0.00 0.00 0
79703 0.00 0.00 0.00 0
79704 0.00 0.00 0.00 0
79705 0.00 0.00 0.00 0
79706 0.00 0.00 0.00 0
79707 0.00 0.00 0.00 0
79708 0.00 0.00 0.00 0
79709 0.00 0.00 0.00 0
79710 0.00 0.00 0.00 0
79711 0.00 0.00 0.00 0
79730 0.00 0.00 0.00 0
79734 0.00 0.00 0.00 0
79735 0.00 0.00 0.00 0
79736 0.00 0.00 0.00 0
79737 0.00 0.00 0.00 0
79738 0.00 0.00 0.00 0
79739 0.00 0.00 0.00 0
79740 0.00 0.00 0.00 0
79741 0.00 0.00 0.00 0
79742 0.00 0.00 0.00 0
79743 0.00 0.00 0.00 0
79744 0.00 0.00 0.00 0
79745 0.00 0.00 0.00 0
79746 0.00 0.00 0.00 0
79747 0.00 0.00 0.00 0
79748 0.00 0.00 0.00 0
79749 0.00 0.00 0.00 0
79750 0.00 0.00 0.00 0
79751 0.00 0.00 0.00 0
79752 0.00 0.00 0.00 0
79753 0.00 0.00 0.00 0
79754 0.00 0.00 0.00 0
79755 0.00 0.00 0.00 0
79756 0.00 0.00 0.00 0
79757 0.00 0.00 0.00 0
79758 0.00 0.00 0.00 0
79759 0.00 0.00 0.00 0
79760 0.00 0.00 0.00 0
79761 0.00 0.00 0.00 0
79762 0.00 0.00 0.00 0
79763 0.00 0.00 0.00 0
79764 0.00 0.00 0.00 0
79765 0.00 0.00 0.00 0
79766 0.00 0.00 0.00 0
79767 0.00 0.00 0.00 0
79768 0.00 0.00 0.00 0
79769 0.00 0.00 0.00 0
79770 0.00 0.00 0.00 0
79771 0.00 0.00 0.00 0
79772 0.00 0.00 0.00 0
79773 0.00 0.00 0.00 0
79774 0.00 0.00 0.00 0
79775 0.00 0.00 0.00 0
79776 0.00 0.00 0.00 0
79777 0.00 0.00 0.00 0
79778 0.00 0.00 0.00 0
79779 0.00 0.00 0.00 0
79780 0.00 0.00 0.00 0
79781 0.00 0.00 0.00 0
79782 0.00 0.00 0.00 0
79783 0.00 0.00 0.00 0
79784 0.00 0.00 0.00 0
79785 0.00 0.00 0.00 0
79786 0.00 0.00 0.00 0
79787 0.00 0.00 0.00 0
79788 0.00 0.00 0.00 0
79789 0.00 0.00 0.00 0
79790 0.00 0.00 0.00 0
79791 0.00 0.00 0.00 0
79792 0.00 0.00 0.00 0
79793 0.00 0.00 0.00 0
79795 0.00 0.00 0.00 0
90445 0.00 0.00 0.00 0
91217 0.00 0.00 0.00 0
91218 0.00 0.00 0.00 0
91219 0.00 0.00 0.00 0
91220 0.00 0.00 0.00 0
91221 0.00 0.00 0.00 0
91222 0.00 0.00 0.00 0
91223 0.00 0.00 0.00 0
91224 0.00 0.00 0.00 0
91225 0.00 0.00 0.00 0
91226 0.00 0.00 0.00 0
91227 0.00 0.00 0.00 0
91228 0.00 0.00 0.00 0
91229 0.00 0.00 0.00 0
91230 0.00 0.00 0.00 0
91231 0.00 0.00 0.00 0
91235 0.00 0.00 0.00 0
91236 0.00 0.00 0.00 0
91237 0.00 0.00 0.00 0
91254 0.00 0.00 0.00 0
91255 0.00 0.00 0.00 0
91256 0.00 0.00 0.00 0
91257 0.00 0.00 0.00 0
93534 0.00 0.00 0.00 0
93535 0.00 0.00 0.00 0
93536 0.00 0.00 0.00 0
93537 0.00 0.00 0.00 0
93538 0.00 0.00 0.00 0
94614 0.00 0.00 0.00 0
94615 0.00 0.00 0.00 0
94616 0.00 0.00 0.00 0
94617 0.00 0.00 0.00 0
94618 0.00 0.00 0.00 0
94619 0.00 0.00 0.00 0
94620 0.00 0.00 0.00 0
95424 0.00 0.00 0.00 0
95425 0.00 0.00 0.00 0
95426 0.00 0.00 0.00 0
95427 0.00 0.00 0.00 0
95428 0.00 0.00 0.00 0
95429 0.00 0.00 0.00 0
95430 0.00 0.00 0.00 0
95431 0.00 0.00 0.00 0
95432 0.00 0.00 0.00 0
95433 0.00 0.00 0.00 0
95434 0.00 0.00 0.00 0
95435 0.00 0.00 0.00 0
95436 0.00 0.00 0.00 0
95437 0.00 0.00 0.00 0
95438 0.00 0.00 0.00 0
95439 0.00 0.00 0.00 0
95440 0.00 0.00 0.00 0
95441 0.00 0.00 0.00 0
95446 0.00 0.00 0.00 0
95447 0.00 0.00 0.00 0
95448 0.00 0.00 0.00 0
97733 0.00 0.00 0.00 0
97734 0.00 0.00 0.00 0
97735 0.00 0.00 0.00 0
97736 0.00 0.00 0.00 0
97737 0.00 0.00 0.00 0
98934 0.00 0.00 0.00 0
98935 0.00 0.00 0.00 0
98936 0.00 0.00 0.00 0
98937 0.00 0.00 0.00 0
98938 0.00 0.00 0.00 0
99756 0.00 0.00 0.00 0
99757 0.00 0.00 0.00 0
99758 0.00 0.00 0.00 0
99759 0.00 0.00 0.00 0
99760 0.00 0.00 0.00 0
102039 0.00 0.00 0.00 0
102040 0.00 0.00 0.00 0
102041 0.00 0.00 0.00 0
102042 0.00 0.00 0.00 0
102043 0.00 0.00 0.00 0
102978 0.00 0.00 0.00 0
102979 0.00 0.00 0.00 0
102980 0.00 0.00 0.00 0
102981 0.00 0.00 0.00 0
102982 0.00 0.00 0.00 0
102983 0.00 0.00 0.00 0
105279 0.00 0.00 0.00 0
105280 0.00 0.00 0.00 0
105281 0.00 0.00 0.00 0
105282 0.00 0.00 0.00 0
105283 0.00 0.00 0.00 0
105284 0.00 0.00 0.00 0
105285 0.00 0.00 0.00 0
105293 0.00 0.00 0.00 0
105294 0.00 0.00 0.00 0
105295 0.00 0.00 0.00 0
105296 0.00 0.00 0.00 0
105298 0.00 0.00 0.00 0
105299 0.00 0.00 0.00 0
105303 0.00 0.00 0.00 0
105304 0.00 0.00 0.00 0
105305 0.00 0.00 0.00 0
107707 0.00 0.00 0.00 0
107724 0.00 0.00 0.00 0
107725 0.00 0.00 0.00 0
107726 0.00 0.00 0.00 0
107727 0.00 0.00 0.00 0
107728 0.00 0.00 0.00 0
107729 0.00 0.00 0.00 0
107730 0.00 0.00 0.00 0
107731 0.00 0.00 0.00 0
107738 0.00 0.00 0.00 0
107741 0.00 0.00 0.00 0
107743 0.00 0.00 0.00 0
107744 0.00 0.00 0.00 0
107745 0.00 0.00 0.00 0
107746 0.00 0.00 0.00 0
107747 0.00 0.00 0.00 0
107748 0.00 0.00 0.00 0
107749 0.00 0.00 0.00 0
107750 0.00 0.00 0.00 0
107751 0.00 0.00 0.00 0
107752 0.00 0.00 0.00 0
107753 0.00 0.00 0.00 0
107754 0.00 0.00 0.00 0
107755 0.00 0.00 0.00 0
107756 0.00 0.00 0.00 0
107757 0.00 0.00 0.00 0
107758 0.00 0.00 0.00 0
107759 0.00 0.00 0.00 0
107760 0.00 0.00 0.00 0
107761 0.00 0.00 0.00 0
107762 0.00 0.00 0.00 0
107763 0.00 0.00 0.00 0
107764 0.00 0.00 0.00 0
107765 0.00 0.00 0.00 0
107766 0.00 0.00 0.00 0
107767 0.00 0.00 0.00 0
107768 0.00 0.00 0.00 0
107769 0.00 0.00 0.00 0
107770 0.00 0.00 0.00 0
107771 0.00 0.00 0.00 0
107772 0.00 0.00 0.00 0
107773 0.00 0.00 0.00 0
107774 0.00 0.00 0.00 0
107775 0.00 0.00 0.00 0
107776 0.00 0.00 0.00 0
107777 0.00 0.00 0.00 0
107778 0.00 0.00 0.00 0
107779 0.00 0.00 0.00 0
107780 0.00 0.00 0.00 0
114613 0.00 0.00 0.00 0
114635 0.00 0.00 0.00 0
114636 0.00 0.00 0.00 0
114637 0.00 0.00 0.00 0
114638 0.00 0.00 0.00 0
114639 0.00 0.00 0.00 0
114640 0.00 0.00 0.00 0
114641 0.00 0.00 0.00 0
114642 0.00 0.00 0.00 0
114643 0.00 0.00 0.00 0
114644 0.00 0.00 0.00 0
114645 0.00 0.00 0.00 0
114646 0.00 0.00 0.00 0
114647 0.00 0.00 0.00 0
114648 0.00 0.00 0.00 0
115989 0.00 0.00 0.00 0
115990 0.00 0.00 0.00 0
115991 0.00 0.00 0.00 0
115992 0.00 0.00 0.00 0
115993 0.00 0.00 0.00 0
115996 0.00 0.00 0.00 0
118404 0.00 0.00 0.00 0
118405 0.00 0.00 0.00 0
118406 0.00 0.00 0.00 0
118407 0.00 0.00 0.00 0
118408 0.00 0.00 0.00 0
118409 0.00 0.00 0.00 0
118410 0.00 0.00 0.00 0
120924 0.00 0.00 0.00 0
120925 0.00 0.00 0.00 0
120926 0.00 0.00 0.00 0
120927 0.00 0.00 0.00 0
120928 0.00 0.00 0.00 0
120929 0.00 0.00 0.00 0
120930 0.00 0.00 0.00 0
120931 0.00 0.00 0.00 0
120932 0.00 0.00 0.00 0
120935 0.00 0.00 0.00 0
120936 0.00 0.00 0.00 0
120937 0.00 0.00 0.00 0
120938 0.00 0.00 0.00 0
120939 0.00 0.00 0.00 0
120940 0.00 0.00 0.00 0
120941 0.00 0.00 0.00 0
120942 0.00 0.00 0.00 0
122813 0.00 0.00 0.00 0
122814 0.00 0.00 0.00 0
122815 0.00 0.00 0.00 0
122816 0.00 0.00 0.00 0
122819 0.00 0.00 0.00 0
122825 0.00 0.00 0.00 0
122826 0.00 0.00 0.00 0
122827 0.00 0.00 0.00 0
122828 0.00 0.00 0.00 0
122829 0.00 0.00 0.00 0
122830 0.00 0.00 0.00 0
122831 0.00 0.00 0.00 0
122832 0.00 0.00 0.00 0
122833 0.00 0.00 0.00 0
122834 0.00 0.00 0.00 0
122839 0.00 0.00 0.00 0
122840 0.00 0.00 0.00 0
122841 0.00 0.00 0.00 0
122842 0.00 0.00 0.00 0
122843 0.00 0.00 0.00 0
122844 0.00 0.00 0.00 0
122845 0.00 0.00 0.00 0
122846 0.00 0.00 0.00 0
122847 0.00 0.00 0.00 0
122848 0.00 0.00 0.00 0
122849 0.00 0.00 0.00 0
122850 0.00 0.00 0.00 0
122851 0.00 0.00 0.00 0
122852 0.00 0.00 0.00 0
122853 0.00 0.00 0.00 0
122854 0.00 0.00 0.00 0
122855 0.00 0.00 0.00 0
122856 0.00 0.00 0.00 0
122857 0.00 0.00 0.00 0
122858 0.00 0.00 0.00 0
122859 0.00 0.00 0.00 0
122860 0.00 0.00 0.00 0
122861 0.00 0.00 0.00 0
122862 0.00 0.00 0.00 0
122863 0.00 0.00 0.00 0
122864 0.00 0.00 0.00 0
122865 0.00 0.00 0.00 0
122866 0.00 0.00 0.00 0
122867 0.00 0.00 0.00 0
122868 0.00 0.00 0.00 0
122871 0.00 0.00 0.00 0
128187 0.00 0.00 0.00 0
128201 0.00 0.00 0.00 0
128202 0.00 0.00 0.00 0
128203 0.00 0.00 0.00 0
128204 0.00 0.00 0.00 0
128205 0.00 0.00 0.00 0
128206 0.00 0.00 0.00 0
128207 0.00 0.00 0.00 0
128208 0.00 0.00 0.00 0
128209 0.00 0.00 0.00 0
128210 0.00 0.00 0.00 0
128211 0.00 0.00 0.00 0
130779 0.00 0.00 0.00 0
130780 0.00 0.00 0.00 0
130781 0.00 0.00 0.00 0
130782 0.00 0.00 0.00 0
130783 0.00 0.00 0.00 0
130784 0.00 0.00 0.00 0
130785 0.00 0.00 0.00 0
130786 0.00 0.00 0.00 0
130787 0.00 0.00 0.00 0
130788 0.00 0.00 0.00 0
130789 0.00 0.00 0.00 0
130790 0.00 0.00 0.00 0
130791 0.00 0.00 0.00 0
130792 0.00 0.00 0.00 0
130795 0.00 0.00 0.00 0
130796 0.00 0.00 0.00 0
130797 0.00 0.00 0.00 0
130798 0.00 0.00 0.00 0
130799 0.00 0.00 0.00 0
130800 0.00 0.00 0.00 0
130801 0.00 0.00 0.00 0
130802 0.00 0.00 0.00 0
130803 0.00 0.00 0.00 0
130804 0.00 0.00 0.00 0
130805 0.00 0.00 0.00 0
132499 0.00 0.00 0.00 0
132508 0.00 0.00 0.00 0
132509 0.00 0.00 0.00 0
132510 0.00 0.00 0.00 0
132511 0.00 0.00 0.00 0
132513 0.00 0.00 0.00 0
132514 0.00 0.00 0.00 0
132515 0.00 0.00 0.00 0
132516 0.00 0.00 0.00 0
132517 0.00 0.00 0.00 0
132518 0.00 0.00 0.00 0
132519 0.00 0.00 0.00 0
132520 0.00 0.00 0.00 0
132521 0.00 0.00 0.00 0
132522 0.00 0.00 0.00 0
132523 0.00 0.00 0.00 0
132524 0.00 0.00 0.00 0
132525 0.00 0.00 0.00 0
132526 0.00 0.00 0.00 0
132527 0.00 0.00 0.00 0
137340 0.00 0.00 0.00 0
137345 0.00 0.00 0.00 0
137346 0.00 0.00 0.00 0
137347 0.00 0.00 0.00 0
137348 0.00 0.00 0.00 0
137349 0.00 0.00 0.00 0
137350 0.00 0.00 0.00 0
137351 0.00 0.00 0.00 0
139256 0.00 0.00 0.00 0
139264 0.00 0.00 0.00 0
139265 0.00 0.00 0.00 0
139266 0.00 0.00 0.00 0
139267 0.00 0.00 0.00 0
139268 0.00 0.00 0.00 0
139269 0.00 0.00 0.00 0
139270 0.00 0.00 0.00 0
139271 0.00 0.00 0.00 0
143949 0.00 0.00 0.00 0
143950 0.00 0.00 0.00 0
143951 0.00 0.00 0.00 0
143952 0.00 0.00 0.00 0
143953 0.00 0.00 0.00 0
143954 0.00 0.00 0.00 0
143955 0.00 0.00 0.00 0
143956 0.00 0.00 0.00 0
143957 0.00 0.00 0.00 0
143958 0.00 0.00 0.00 0
143959 0.00 0.00 0.00 0
143960 0.00 0.00 0.00 0
143961 0.00 0.00 0.00 0
143962 0.00 0.00 0.00 0
143963 0.00 0.00 0.00 0
143964 0.00 0.00 0.00 0
143965 0.00 0.00 0.00 0
143966 0.00 0.00 0.00 0
143967 0.00 0.00 0.00 0
143968 0.00 0.00 0.00 0
143969 0.00 0.00 0.00 0
143970 0.00 0.00 0.00 0
143975 0.00 0.00 0.00 0
143976 0.00 0.00 0.00 0
143978 0.00 0.00 0.00 0
143979 0.00 0.00 0.00 0
143980 0.00 0.00 0.00 0
143981 0.00 0.00 0.00 0
143982 0.00 0.00 0.00 0
143983 0.00 0.00 0.00 0
143984 0.00 0.00 0.00 0
143999 0.00 0.00 0.00 0
148835 0.00 0.00 0.00 0
148836 0.00 0.00 0.00 0
148837 0.00 0.00 0.00 0
148838 0.00 0.00 0.00 0
148839 0.00 0.00 0.00 0
148840 0.00 0.00 0.00 0
148841 0.00 0.00 0.00 0
148842 0.00 0.00 0.00 0
148843 0.00 0.00 0.00 0
148844 0.00 0.00 0.00 0
148874 0.00 0.00 0.00 0
148875 0.00 0.00 0.00 0
148876 0.00 0.00 0.00 0
148877 0.00 0.00 0.00 0
148878 0.00 0.00 0.00 0
148881 0.00 0.00 0.00 0
148882 0.00 0.00 0.00 0
148883 0.00 0.00 0.00 0
148884 0.00 0.00 0.00 0
148885 0.00 0.00 0.00 0
148886 0.00 0.00 0.00 0
148887 0.00 0.00 0.00 0
148906 0.00 0.00 0.00 0
148907 0.00 0.00 0.00 0
148916 0.00 0.00 0.00 0
148917 0.00 0.00 0.00 0
148920 0.00 0.00 0.00 0
148921 0.00 0.00 0.00 0
148922 0.00 0.00 0.00 0
148923 0.00 0.00 0.00 0
148924 0.00 0.00 0.00 0
148925 0.00 0.00 0.00 0
148926 0.00 0.00 0.00 0
148927 0.00 0.00 0.00 0
148928 0.00 0.00 0.00 0
148929 0.00 0.00 0.00 0
148930 0.00 0.00 0.00 0
148931 0.00 0.00 0.00 0
148932 0.00 0.00 0.00 0
148933 0.00 0.00 0.00 0
148934 0.00 0.00 0.00 0
148935 0.00 0.00 0.00 0
148936 0.00 0.00 0.00 0
148937 0.00 0.00 0.00 0
148938 0.00 0.00 0.00 0
148939 0.00 0.00 0.00 0
148940 0.00 0.00 0.00 0
148941 0.00 0.00 0.00 0
148942 0.00 0.00 0.00 0
148943 0.00 0.00 0.00 0
148944 0.00 0.00 0.00 0
148945 0.00 0.00 0.00 0
148946 0.00 0.00 0.00 0
148947 0.00 0.00 0.00 0
148948 0.00 0.00 0.00 0
148949 0.00 0.00 0.00 0
148950 0.00 0.00 0.00 0
148951 0.00 0.00 0.00 0
148952 0.00 0.00 0.00 0
148953 0.00 0.00 0.00 0
148954 0.00 0.00 0.00 0
148955 0.00 0.00 0.00 0
148956 0.00 0.00 0.00 0
148957 0.00 0.00 0.00 0
148958 0.00 0.00 0.00 0
148959 0.00 0.00 0.00 0
148960 0.00 0.00 0.00 0
148961 0.00 0.00 0.00 0
148962 0.00 0.00 0.00 0
148963 0.00 0.00 0.00 0
148964 0.00 0.00 0.00 0
148965 0.00 0.00 0.00 0
148966 0.00 0.00 0.00 0
148967 0.00 0.00 0.00 0
148968 0.00 0.00 0.00 0
148969 0.00 0.00 0.00 0
148970 0.00 0.00 0.00 0
148971 0.00 0.00 0.00 0
148972 0.00 0.00 0.00 0
148973 0.00 0.00 0.00 0
148974 0.00 0.00 0.00 0
148975 0.00 0.00 0.00 0
148976 0.00 0.00 0.00 0
148977 0.00 0.00 0.00 0
148978 0.00 0.00 0.00 0
148979 0.00 0.00 0.00 0
148980 0.00 0.00 0.00 0
148981 0.00 0.00 0.00 0
148982 0.00 0.00 0.00 0
148983 0.00 0.00 0.00 0
148984 0.00 0.00 0.00 0
148985 0.00 0.00 0.00 0
148986 0.00 0.00 0.00 0
148987 0.00 0.00 0.00 0
148988 0.00 0.00 0.00 0
148989 0.00 0.00 0.00 0
148990 0.00 0.00 0.00 0
148991 0.00 0.00 0.00 0
148993 0.00 0.00 0.00 0
148994 0.00 0.00 0.00 0
148995 0.00 0.00 0.00 0
148996 0.00 0.00 0.00 0
148997 0.00 0.00 0.00 0
161782 0.00 0.00 0.00 0
161783 0.00 0.00 0.00 0
162709 0.00 0.00 0.00 0
162710 0.00 0.00 0.00 0
162711 0.00 0.00 0.00 0
162712 0.00 0.00 0.00 0
162713 0.00 0.00 0.00 0
162714 0.00 0.00 0.00 0
162715 0.00 0.00 0.00 0
162716 0.00 0.00 0.00 0
162717 0.00 0.00 0.00 0
162718 0.00 0.00 0.00 0
162719 0.00 0.00 0.00 0
162720 0.00 0.00 0.00 0
162721 0.00 0.00 0.00 0
162722 0.00 0.00 0.00 0
162723 0.00 0.00 0.00 0
162724 0.00 0.00 0.00 0
162725 0.00 0.00 0.00 0
162726 0.00 0.00 0.00 0
162731 0.00 0.00 0.00 0
162743 0.00 0.00 0.00 0
162744 0.00 0.00 0.00 0
162751 0.00 0.00 0.00 0
162752 0.00 0.00 0.00 0
162753 0.00 0.00 0.00 0
162754 0.00 0.00 0.00 0
162755 0.00 0.00 0.00 0
