# G_and_S_cingul-Mid-Ant
1942
74 0.00 0.00 0.00 0
111 0.00 0.00 0.00 0
115 0.00 0.00 0.00 0
253 0.00 0.00 0.00 0
422 0.00 0.00 0.00 0
501 0.00 0.00 0.00 0
506 0.00 0.00 0.00 0
509 0.00 0.00 0.00 0
510 0.00 0.00 0.00 0
511 0.00 0.00 0.00 0
944 0.00 0.00 0.00 0
945 0.00 0.00 0.00 0
946 0.00 0.00 0.00 0
1116 0.00 0.00 0.00 0
1117 0.00 0.00 0.00 0
1118 0.00 0.00 0.00 0
1119 0.00 0.00 0.00 0
1120 0.00 0.00 0.00 0
1121 0.00 0.00 0.00 0
1122 0.00 0.00 0.00 0
1123 0.00 0.00 0.00 0
1607 0.00 0.00 0.00 0
2170 0.00 0.00 0.00 0
2171 0.00 0.00 0.00 0
2172 0.00 0.00 0.00 0
2173 0.00 0.00 0.00 0
2174 0.00 0.00 0.00 0
2175 0.00 0.00 0.00 0
2176 0.00 0.00 0.00 0
2177 0.00 0.00 0.00 0
2178 0.00 0.00 0.00 0
2864 0.00 0.00 0.00 0
2865 0.00 0.00 0.00 0
2866 0.00 0.00 0.00 0
3035 0.00 0.00 0.00 0
3036 0.00 0.00 0.00 0
3037 0.00 0.00 0.00 0
3038 0.00 0.00 0.00 0
3039 0.00 0.00 0.00 0
3040 0.00 0.00 0.00 0
3041 0.00 0.00 0.00 0
3042 0.00 0.00 0.00 0
3638 0.00 0.00 0.00 0
4274 0.00 0.00 0.00 0
4276 0.00 0.00 0.00 0
4278 0.00 0.00 0.00 0
4788 0.00 0.00 0.00 0
4789 0.00 0.00 0.00 0
4790 0.00 0.00 0.00 0
4791 0.00 0.00 0.00 0
4792 0.00 0.00 0.00 0
4793 0.00 0.00 0.00 0
4794 0.00 0.00 0.00 0
4795 0.00 0.00 0.00 0
4796 0.00 0.00 0.00 0
4797 0.00 0.00 0.00 0
4798 0.00 0.00 0.00 0
4799 0.00 0.00 0.00 0
4800 0.00 0.00 0.00 0
4801 0.00 0.00 0.00 0
4802 0.00 0.00 0.00 0
4803 0.00 0.00 0.00 0
4804 0.00 0.00 0.00 0
4805 0.00 0.00 0.00 0
4806 0.00 0.00 0.00 0
4807 0.00 0.00 0.00 0
4808 0.00 0.00 0.00 0
4809 0.00 0.00 0.00 0
4810 0.00 0.00 0.00 0
4811 0.00 0.00 0.00 0
6308 0.00 0.00 0.00 0
6309 0.00 0.00 0.00 0
6310 0.00 0.00 0.00 0
6311 0.00 0.00 0.00 0
6618 0.00 0.00 0.00 0
6619 0.00 0.00 0.00 0
6620 0.00 0.00 0.00 0
6621 0.00 0.00 0.00 0
6622 0.00 0.00 0.00 0
6623 0.00 0.00 0.00 0
6624 0.00 0.00 0.00 0
6625 0.00 0.00 0.00 0
6626 0.00 0.00 0.00 0
6627 0.00 0.00 0.00 0
6628 0.00 0.00 0.00 0
6629 0.00 0.00 0.00 0
6630 0.00 0.00 0.00 0
6631 0.00 0.00 0.00 0
6632 0.00 0.00 0.00 0
7588 0.00 0.00 0.00 0
7589 0.00 0.00 0.00 0
7590 0.00 0.00 0.00 0
7591 0.00 0.00 0.00 0
7596 0.00 0.00 0.00 0
7597 0.00 0.00 0.00 0
7598 0.00 0.00 0.00 0
8443 0.00 0.00 0.00 0
9014 0.00 0.00 0.00 0
9015 0.00 0.00 0.00 0
9071 0.00 0.00 0.00 0
9073 0.00 0.00 0.00 0
9074 0.00 0.00 0.00 0
9075 0.00 0.00 0.00 0
9076 0.00 0.00 0.00 0
9078 0.00 0.00 0.00 0
9079 0.00 0.00 0.00 0
9080 0.00 0.00 0.00 0
9081 0.00 0.00 0.00 0
9082 0.00 0.00 0.00 0
9083 0.00 0.00 0.00 0
9084 0.00 0.00 0.00 0
9085 0.00 0.00 0.00 0
9086 0.00 0.00 0.00 0
9087 0.00 0.00 0.00 0
9088 0.00 0.00 0.00 0
9089 0.00 0.00 0.00 0
9090 0.00 0.00 0.00 0
9091 0.00 0.00 0.00 0
9092 0.00 0.00 0.00 0
9093 0.00 0.00 0.00 0
9094 0.00 0.00 0.00 0
9095 0.00 0.00 0.00 0
9096 0.00 0.00 0.00 0
9098 0.00 0.00 0.00 0
9099 0.00 0.00 0.00 0
10544 0.00 0.00 0.00 0
10545 0.00 0.00 0.00 0
10546 0.00 0.00 0.00 0
10713 0.00 0.00 0.00 0
10715 0.00 0.00 0.00 0
10716 0.00 0.00 0.00 0
10717 0.00 0.00 0.00 0
10718 0.00 0.00 0.00 0
10719 0.00 0.00 0.00 0
10720 0.00 0.00 0.00 0
10721 0.00 0.00 0.00 0
10722 0.00 0.00 0.00 0
10723 0.00 0.00 0.00 0
11954 0.00 0.00 0.00 0
11955 0.00 0.00 0.00 0
11956 0.00 0.00 0.00 0
12468 0.00 0.00 0.00 0
12469 0.00 0.00 0.00 0
12470 0.00 0.00 0.00 0
12471 0.00 0.00 0.00 0
12472 0.00 0.00 0.00 0
12473 0.00 0.00 0.00 0
12474 0.00 0.00 0.00 0
12475 0.00 0.00 0.00 0
12476 0.00 0.00 0.00 0
12477 0.00 0.00 0.00 0
12478 0.00 0.00 0.00 0
12479 0.00 0.00 0.00 0
12480 0.00 0.00 0.00 0
12481 0.00 0.00 0.00 0
12482 0.00 0.00 0.00 0
12483 0.00 0.00 0.00 0
12484 0.00 0.00 0.00 0
12485 0.00 0.00 0.00 0
12486 0.00 0.00 0.00 0
12487 0.00 0.00 0.00 0
12488 0.00 0.00 0.00 0
12489 0.00 0.00 0.00 0
12490 0.00 0.00 0.00 0
12491 0.00 0.00 0.00 0
14354 0.00 0.00 0.00 0
14355 0.00 0.00 0.00 0
14356 0.00 0.00 0.00 0
14357 0.00 0.00 0.00 0
14358 0.00 0.00 0.00 0
14359 0.00 0.00 0.00 0
14868 0.00 0.00 0.00 0
14869 0.00 0.00 0.00 0
14870 0.00 0.00 0.00 0
14871 0.00 0.00 0.00 0
14872 0.00 0.00 0.00 0
14873 0.00 0.00 0.00 0
14874 0.00 0.00 0.00 0
14875 0.00 0.00 0.00 0
14876 0.00 0.00 0.00 0
14877 0.00 0.00 0.00 0
14878 0.00 0.00 0.00 0
14879 0.00 0.00 0.00 0
14880 0.00 0.00 0.00 0
14881 0.00 0.00 0.00 0
14882 0.00 0.00 0.00 0
14883 0.00 0.00 0.00 0
14884 0.00 0.00 0.00 0
14885 0.00 0.00 0.00 0
14886 0.00 0.00 0.00 0
14887 0.00 0.00 0.00 0
14888 0.00 0.00 0.00 0
14889 0.00 0.00 0.00 0
14892 0.00 0.00 0.00 0
14893 0.00 0.00 0.00 0
14894 0.00 0.00 0.00 0
16673 0.00 0.00 0.00 0
16674 0.00 0.00 0.00 0
16676 0.00 0.00 0.00 0
16677 0.00 0.00 0.00 0
16678 0.00 0.00 0.00 0
16679 0.00 0.00 0.00 0
16693 0.00 0.00 0.00 0
18592 0.00 0.00 0.00 0
18593 0.00 0.00 0.00 0
18594 0.00 0.00 0.00 0
19986 0.00 0.00 0.00 0
19987 0.00 0.00 0.00 0
20125 0.00 0.00 0.00 0
20126 0.00 0.00 0.00 0
20127 0.00 0.00 0.00 0
20128 0.00 0.00 0.00 0
20129 0.00 0.00 0.00 0
20130 0.00 0.00 0.00 0
20131 0.00 0.00 0.00 0
20132 0.00 0.00 0.00 0
20133 0.00 0.00 0.00 0
20134 0.00 0.00 0.00 0
20135 0.00 0.00 0.00 0
20137 0.00 0.00 0.00 0
20139 0.00 0.00 0.00 0
20140 0.00 0.00 0.00 0
20141 0.00 0.00 0.00 0
20142 0.00 0.00 0.00 0
20143 0.00 0.00 0.00 0
20144 0.00 0.00 0.00 0
20145 0.00 0.00 0.00 0
20146 0.00 0.00 0.00 0
20147 0.00 0.00 0.00 0
20148 0.00 0.00 0.00 0
20149 0.00 0.00 0.00 0
20150 0.00 0.00 0.00 0
20151 0.00 0.00 0.00 0
20152 0.00 0.00 0.00 0
20153 0.00 0.00 0.00 0
20154 0.00 0.00 0.00 0
20155 0.00 0.00 0.00 0
20156 0.00 0.00 0.00 0
20157 0.00 0.00 0.00 0
20158 0.00 0.00 0.00 0
20159 0.00 0.00 0.00 0
20160 0.00 0.00 0.00 0
20161 0.00 0.00 0.00 0
20162 0.00 0.00 0.00 0
20163 0.00 0.00 0.00 0
20164 0.00 0.00 0.00 0
20165 0.00 0.00 0.00 0
20166 0.00 0.00 0.00 0
20167 0.00 0.00 0.00 0
20168 0.00 0.00 0.00 0
20169 0.00 0.00 0.00 0
20170 0.00 0.00 0.00 0
20171 0.00 0.00 0.00 0
20172 0.00 0.00 0.00 0
20173 0.00 0.00 0.00 0
20174 0.00 0.00 0.00 0
20175 0.00 0.00 0.00 0
20176 0.00 0.00 0.00 0
20177 0.00 0.00 0.00 0
20178 0.00 0.00 0.00 0
20179 0.00 0.00 0.00 0
20180 0.00 0.00 0.00 0
20181 0.00 0.00 0.00 0
20182 0.00 0.00 0.00 0
20183 0.00 0.00 0.00 0
20184 0.00 0.00 0.00 0
20185 0.00 0.00 0.00 0
20186 0.00 0.00 0.00 0
20187 0.00 0.00 0.00 0
20190 0.00 0.00 0.00 0
20191 0.00 0.00 0.00 0
20192 0.00 0.00 0.00 0
20194 0.00 0.00 0.00 0
23588 0.00 0.00 0.00 0
23589 0.00 0.00 0.00 0
23590 0.00 0.00 0.00 0
23591 0.00 0.00 0.00 0
23592 0.00 0.00 0.00 0
23896 0.00 0.00 0.00 0
23897 0.00 0.00 0.00 0
23898 0.00 0.00 0.00 0
23899 0.00 0.00 0.00 0
23900 0.00 0.00 0.00 0
23901 0.00 0.00 0.00 0
23902 0.00 0.00 0.00 0
23903 0.00 0.00 0.00 0
23904 0.00 0.00 0.00 0
23905 0.00 0.00 0.00 0
23906 0.00 0.00 0.00 0
23907 0.00 0.00 0.00 0
23908 0.00 0.00 0.00 0
26126 0.00 0.00 0.00 0
26131 0.00 0.00 0.00 0
26132 0.00 0.00 0.00 0
26133 0.00 0.00 0.00 0
27050 0.00 0.00 0.00 0
27051 0.00 0.00 0.00 0
27052 0.00 0.00 0.00 0
27053 0.00 0.00 0.00 0
27054 0.00 0.00 0.00 0
27055 0.00 0.00 0.00 0
27056 0.00 0.00 0.00 0
27057 0.00 0.00 0.00 0
27058 0.00 0.00 0.00 0
27059 0.00 0.00 0.00 0
27060 0.00 0.00 0.00 0
27061 0.00 0.00 0.00 0
27062 0.00 0.00 0.00 0
27063 0.00 0.00 0.00 0
27064 0.00 0.00 0.00 0
27065 0.00 0.00 0.00 0
27066 0.00 0.00 0.00 0
27067 0.00 0.00 0.00 0
27068 0.00 0.00 0.00 0
27069 0.00 0.00 0.00 0
27070 0.00 0.00 0.00 0
27071 0.00 0.00 0.00 0
27072 0.00 0.00 0.00 0
27073 0.00 0.00 0.00 0
27074 0.00 0.00 0.00 0
27075 0.00 0.00 0.00 0
27076 0.00 0.00 0.00 0
27077 0.00 0.00 0.00 0
27078 0.00 0.00 0.00 0
27079 0.00 0.00 0.00 0
27080 0.00 0.00 0.00 0
27081 0.00 0.00 0.00 0
27082 0.00 0.00 0.00 0
27083 0.00 0.00 0.00 0
27084 0.00 0.00 0.00 0
27085 0.00 0.00 0.00 0
27086 0.00 0.00 0.00 0
27087 0.00 0.00 0.00 0
27088 0.00 0.00 0.00 0
27089 0.00 0.00 0.00 0
27090 0.00 0.00 0.00 0
27091 0.00 0.00 0.00 0
27092 0.00 0.00 0.00 0
27093 0.00 0.00 0.00 0
30080 0.00 0.00 0.00 0
30081 0.00 0.00 0.00 0
30082 0.00 0.00 0.00 0
30083 0.00 0.00 0.00 0
30084 0.00 0.00 0.00 0
30085 0.00 0.00 0.00 0
30086 0.00 0.00 0.00 0
30087 0.00 0.00 0.00 0
30088 0.00 0.00 0.00 0
30773 0.00 0.00 0.00 0
30800 0.00 0.00 0.00 0
30801 0.00 0.00 0.00 0
30802 0.00 0.00 0.00 0
30803 0.00 0.00 0.00 0
30804 0.00 0.00 0.00 0
30805 0.00 0.00 0.00 0
30806 0.00 0.00 0.00 0
30807 0.00 0.00 0.00 0
30808 0.00 0.00 0.00 0
30809 0.00 0.00 0.00 0
30810 0.00 0.00 0.00 0
30811 0.00 0.00 0.00 0
30812 0.00 0.00 0.00 0
30813 0.00 0.00 0.00 0
30814 0.00 0.00 0.00 0
30815 0.00 0.00 0.00 0
30816 0.00 0.00 0.00 0
30817 0.00 0.00 0.00 0
30818 0.00 0.00 0.00 0
30819 0.00 0.00 0.00 0
30820 0.00 0.00 0.00 0
30821 0.00 0.00 0.00 0
30822 0.00 0.00 0.00 0
30823 0.00 0.00 0.00 0
30824 0.00 0.00 0.00 0
30825 0.00 0.00 0.00 0
30826 0.00 0.00 0.00 0
30827 0.00 0.00 0.00 0
30828 0.00 0.00 0.00 0
30829 0.00 0.00 0.00 0
30830 0.00 0.00 0.00 0
30831 0.00 0.00 0.00 0
30832 0.00 0.00 0.00 0
30833 0.00 0.00 0.00 0
30834 0.00 0.00 0.00 0
30835 0.00 0.00 0.00 0
30836 0.00 0.00 0.00 0
32558 0.00 0.00 0.00 0
32559 0.00 0.00 0.00 0
33214 0.00 0.00 0.00 0
33215 0.00 0.00 0.00 0
33216 0.00 0.00 0.00 0
33217 0.00 0.00 0.00 0
33218 0.00 0.00 0.00 0
33219 0.00 0.00 0.00 0
33220 0.00 0.00 0.00 0
33221 0.00 0.00 0.00 0
33222 0.00 0.00 0.00 0
33223 0.00 0.00 0.00 0
33224 0.00 0.00 0.00 0
33234 0.00 0.00 0.00 0
33235 0.00 0.00 0.00 0
33236 0.00 0.00 0.00 0
33238 0.00 0.00 0.00 0
33239 0.00 0.00 0.00 0
33240 0.00 0.00 0.00 0
33241 0.00 0.00 0.00 0
33242 0.00 0.00 0.00 0
35605 0.00 0.00 0.00 0
35606 0.00 0.00 0.00 0
35608 0.00 0.00 0.00 0
37290 0.00 0.00 0.00 0
37291 0.00 0.00 0.00 0
37292 0.00 0.00 0.00 0
37293 0.00 0.00 0.00 0
37301 0.00 0.00 0.00 0
37457 0.00 0.00 0.00 0
37461 0.00 0.00 0.00 0
37464 0.00 0.00 0.00 0
37465 0.00 0.00 0.00 0
37466 0.00 0.00 0.00 0
37467 0.00 0.00 0.00 0
37469 0.00 0.00 0.00 0
37470 0.00 0.00 0.00 0
37471 0.00 0.00 0.00 0
37479 0.00 0.00 0.00 0
37480 0.00 0.00 0.00 0
37481 0.00 0.00 0.00 0
37482 0.00 0.00 0.00 0
37483 0.00 0.00 0.00 0
37484 0.00 0.00 0.00 0
37485 0.00 0.00 0.00 0
37486 0.00 0.00 0.00 0
37487 0.00 0.00 0.00 0
37488 0.00 0.00 0.00 0
37489 0.00 0.00 0.00 0
37490 0.00 0.00 0.00 0
37491 0.00 0.00 0.00 0
37492 0.00 0.00 0.00 0
37493 0.00 0.00 0.00 0
37494 0.00 0.00 0.00 0
37495 0.00 0.00 0.00 0
37496 0.00 0.00 0.00 0
37497 0.00 0.00 0.00 0
37498 0.00 0.00 0.00 0
37499 0.00 0.00 0.00 0
37500 0.00 0.00 0.00 0
37501 0.00 0.00 0.00 0
37502 0.00 0.00 0.00 0
37503 0.00 0.00 0.00 0
37504 0.00 0.00 0.00 0
37505 0.00 0.00 0.00 0
37506 0.00 0.00 0.00 0
37507 0.00 0.00 0.00 0
37508 0.00 0.00 0.00 0
37509 0.00 0.00 0.00 0
37510 0.00 0.00 0.00 0
37511 0.00 0.00 0.00 0
37512 0.00 0.00 0.00 0
37513 0.00 0.00 0.00 0
37514 0.00 0.00 0.00 0
37515 0.00 0.00 0.00 0
37516 0.00 0.00 0.00 0
37517 0.00 0.00 0.00 0
37518 0.00 0.00 0.00 0
37519 0.00 0.00 0.00 0
37520 0.00 0.00 0.00 0
37521 0.00 0.00 0.00 0
37522 0.00 0.00 0.00 0
37523 0.00 0.00 0.00 0
37524 0.00 0.00 0.00 0
37525 0.00 0.00 0.00 0
37526 0.00 0.00 0.00 0
37527 0.00 0.00 0.00 0
37528 0.00 0.00 0.00 0
37529 0.00 0.00 0.00 0
37530 0.00 0.00 0.00 0
37533 0.00 0.00 0.00 0
37534 0.00 0.00 0.00 0
37536 0.00 0.00 0.00 0
37539 0.00 0.00 0.00 0
37540 0.00 0.00 0.00 0
37541 0.00 0.00 0.00 0
37542 0.00 0.00 0.00 0
37543 0.00 0.00 0.00 0
37544 0.00 0.00 0.00 0
41264 0.00 0.00 0.00 0
41265 0.00 0.00 0.00 0
41266 0.00 0.00 0.00 0
41433 0.00 0.00 0.00 0
41434 0.00 0.00 0.00 0
41435 0.00 0.00 0.00 0
41436 0.00 0.00 0.00 0
41437 0.00 0.00 0.00 0
41438 0.00 0.00 0.00 0
41439 0.00 0.00 0.00 0
41440 0.00 0.00 0.00 0
41441 0.00 0.00 0.00 0
41442 0.00 0.00 0.00 0
41443 0.00 0.00 0.00 0
41444 0.00 0.00 0.00 0
42674 0.00 0.00 0.00 0
42675 0.00 0.00 0.00 0
42676 0.00 0.00 0.00 0
43188 0.00 0.00 0.00 0
43189 0.00 0.00 0.00 0
43190 0.00 0.00 0.00 0
43191 0.00 0.00 0.00 0
43192 0.00 0.00 0.00 0
43193 0.00 0.00 0.00 0
43194 0.00 0.00 0.00 0
43195 0.00 0.00 0.00 0
43196 0.00 0.00 0.00 0
43197 0.00 0.00 0.00 0
43198 0.00 0.00 0.00 0
43199 0.00 0.00 0.00 0
43200 0.00 0.00 0.00 0
43201 0.00 0.00 0.00 0
43202 0.00 0.00 0.00 0
43203 0.00 0.00 0.00 0
43204 0.00 0.00 0.00 0
43205 0.00 0.00 0.00 0
43206 0.00 0.00 0.00 0
43207 0.00 0.00 0.00 0
43208 0.00 0.00 0.00 0
43209 0.00 0.00 0.00 0
43210 0.00 0.00 0.00 0
43211 0.00 0.00 0.00 0
43212 0.00 0.00 0.00 0
45074 0.00 0.00 0.00 0
45075 0.00 0.00 0.00 0
45076 0.00 0.00 0.00 0
45077 0.00 0.00 0.00 0
45078 0.00 0.00 0.00 0
45079 0.00 0.00 0.00 0
45080 0.00 0.00 0.00 0
45081 0.00 0.00 0.00 0
45588 0.00 0.00 0.00 0
45589 0.00 0.00 0.00 0
45590 0.00 0.00 0.00 0
45591 0.00 0.00 0.00 0
45592 0.00 0.00 0.00 0
45593 0.00 0.00 0.00 0
45594 0.00 0.00 0.00 0
45595 0.00 0.00 0.00 0
45596 0.00 0.00 0.00 0
45597 0.00 0.00 0.00 0
45598 0.00 0.00 0.00 0
45599 0.00 0.00 0.00 0
45600 0.00 0.00 0.00 0
45601 0.00 0.00 0.00 0
45602 0.00 0.00 0.00 0
45603 0.00 0.00 0.00 0
45604 0.00 0.00 0.00 0
45605 0.00 0.00 0.00 0
45606 0.00 0.00 0.00 0
45607 0.00 0.00 0.00 0
45608 0.00 0.00 0.00 0
45609 0.00 0.00 0.00 0
45612 0.00 0.00 0.00 0
45613 0.00 0.00 0.00 0
45614 0.00 0.00 0.00 0
47393 0.00 0.00 0.00 0
47394 0.00 0.00 0.00 0
47398 0.00 0.00 0.00 0
49312 0.00 0.00 0.00 0
49313 0.00 0.00 0.00 0
49314 0.00 0.00 0.00 0
50706 0.00 0.00 0.00 0
50843 0.00 0.00 0.00 0
50844 0.00 0.00 0.00 0
50845 0.00 0.00 0.00 0
50846 0.00 0.00 0.00 0
50847 0.00 0.00 0.00 0
50848 0.00 0.00 0.00 0
50849 0.00 0.00 0.00 0
50850 0.00 0.00 0.00 0
50851 0.00 0.00 0.00 0
50852 0.00 0.00 0.00 0
50853 0.00 0.00 0.00 0
50854 0.00 0.00 0.00 0
50855 0.00 0.00 0.00 0
50856 0.00 0.00 0.00 0
50857 0.00 0.00 0.00 0
50858 0.00 0.00 0.00 0
50859 0.00 0.00 0.00 0
50860 0.00 0.00 0.00 0
50861 0.00 0.00 0.00 0
50862 0.00 0.00 0.00 0
50863 0.00 0.00 0.00 0
50864 0.00 0.00 0.00 0
50865 0.00 0.00 0.00 0
50866 0.00 0.00 0.00 0
50867 0.00 0.00 0.00 0
50868 0.00 0.00 0.00 0
50869 0.00 0.00 0.00 0
50870 0.00 0.00 0.00 0
50871 0.00 0.00 0.00 0
50872 0.00 0.00 0.00 0
50873 0.00 0.00 0.00 0
50874 0.00 0.00 0.00 0
50875 0.00 0.00 0.00 0
50876 0.00 0.00 0.00 0
50877 0.00 0.00 0.00 0
50878 0.00 0.00 0.00 0
50879 0.00 0.00 0.00 0
50880 0.00 0.00 0.00 0
50881 0.00 0.00 0.00 0
50882 0.00 0.00 0.00 0
50883 0.00 0.00 0.00 0
50884 0.00 0.00 0.00 0
50885 0.00 0.00 0.00 0
50886 0.00 0.00 0.00 0
50887 0.00 0.00 0.00 0
50888 0.00 0.00 0.00 0
50889 0.00 0.00 0.00 0
50890 0.00 0.00 0.00 0
50891 0.00 0.00 0.00 0
50892 0.00 0.00 0.00 0
50893 0.00 0.00 0.00 0
50894 0.00 0.00 0.00 0
50895 0.00 0.00 0.00 0
50896 0.00 0.00 0.00 0
50897 0.00 0.00 0.00 0
50898 0.00 0.00 0.00 0
50899 0.00 0.00 0.00 0
50900 0.00 0.00 0.00 0
50901 0.00 0.00 0.00 0
50902 0.00 0.00 0.00 0
50903 0.00 0.00 0.00 0
50904 0.00 0.00 0.00 0
50905 0.00 0.00 0.00 0
50906 0.00 0.00 0.00 0
50907 0.00 0.00 0.00 0
50909 0.00 0.00 0.00 0
50910 0.00 0.00 0.00 0
50911 0.00 0.00 0.00 0
50912 0.00 0.00 0.00 0
54674 0.00 0.00 0.00 0
54675 0.00 0.00 0.00 0
54676 0.00 0.00 0.00 0
54677 0.00 0.00 0.00 0
54678 0.00 0.00 0.00 0
54679 0.00 0.00 0.00 0
54680 0.00 0.00 0.00 0
54681 0.00 0.00 0.00 0
55181 0.00 0.00 0.00 0
55185 0.00 0.00 0.00 0
55186 0.00 0.00 0.00 0
55187 0.00 0.00 0.00 0
55188 0.00 0.00 0.00 0
55189 0.00 0.00 0.00 0
55190 0.00 0.00 0.00 0
55191 0.00 0.00 0.00 0
55192 0.00 0.00 0.00 0
55193 0.00 0.00 0.00 0
55194 0.00 0.00 0.00 0
55195 0.00 0.00 0.00 0
55196 0.00 0.00 0.00 0
55197 0.00 0.00 0.00 0
55198 0.00 0.00 0.00 0
55199 0.00 0.00 0.00 0
55200 0.00 0.00 0.00 0
55201 0.00 0.00 0.00 0
55202 0.00 0.00 0.00 0
55203 0.00 0.00 0.00 0
55204 0.00 0.00 0.00 0
55205 0.00 0.00 0.00 0
55206 0.00 0.00 0.00 0
55207 0.00 0.00 0.00 0
58904 0.00 0.00 0.00 0
58906 0.00 0.00 0.00 0
58907 0.00 0.00 0.00 0
58912 0.00 0.00 0.00 0
58913 0.00 0.00 0.00 0
60443 0.00 0.00 0.00 0
60444 0.00 0.00 0.00 0
60445 0.00 0.00 0.00 0
60446 0.00 0.00 0.00 0
60447 0.00 0.00 0.00 0
60448 0.00 0.00 0.00 0
60449 0.00 0.00 0.00 0
60450 0.00 0.00 0.00 0
60451 0.00 0.00 0.00 0
60452 0.00 0.00 0.00 0
60453 0.00 0.00 0.00 0
60454 0.00 0.00 0.00 0
60455 0.00 0.00 0.00 0
60456 0.00 0.00 0.00 0
60457 0.00 0.00 0.00 0
60458 0.00 0.00 0.00 0
60459 0.00 0.00 0.00 0
60460 0.00 0.00 0.00 0
60461 0.00 0.00 0.00 0
60462 0.00 0.00 0.00 0
60463 0.00 0.00 0.00 0
60464 0.00 0.00 0.00 0
60465 0.00 0.00 0.00 0
60466 0.00 0.00 0.00 0
60467 0.00 0.00 0.00 0
60468 0.00 0.00 0.00 0
60469 0.00 0.00 0.00 0
60470 0.00 0.00 0.00 0
60471 0.00 0.00 0.00 0
60472 0.00 0.00 0.00 0
60473 0.00 0.00 0.00 0
60474 0.00 0.00 0.00 0
60475 0.00 0.00 0.00 0
60476 0.00 0.00 0.00 0
60477 0.00 0.00 0.00 0
60478 0.00 0.00 0.00 0
60479 0.00 0.00 0.00 0
60480 0.00 0.00 0.00 0
60481 0.00 0.00 0.00 0
60482 0.00 0.00 0.00 0
60483 0.00 0.00 0.00 0
60484 0.00 0.00 0.00 0
60485 0.00 0.00 0.00 0
60486 0.00 0.00 0.00 0
60487 0.00 0.00 0.00 0
60488 0.00 0.00 0.00 0
60489 0.00 0.00 0.00 0
60490 0.00 0.00 0.00 0
60491 0.00 0.00 0.00 0
60492 0.00 0.00 0.00 0
60493 0.00 0.00 0.00 0
60494 0.00 0.00 0.00 0
60495 0.00 0.00 0.00 0
60496 0.00 0.00 0.00 0
60497 0.00 0.00 0.00 0
60498 0.00 0.00 0.00 0
60499 0.00 0.00 0.00 0
60500 0.00 0.00 0.00 0
60501 0.00 0.00 0.00 0
60502 0.00 0.00 0.00 0
60503 0.00 0.00 0.00 0
60504 0.00 0.00 0.00 0
60505 0.00 0.00 0.00 0
60506 0.00 0.00 0.00 0
60507 0.00 0.00 0.00 0
60508 0.00 0.00 0.00 0
60509 0.00 0.00 0.00 0
60510 0.00 0.00 0.00 0
60511 0.00 0.00 0.00 0
60512 0.00 0.00 0.00 0
60513 0.00 0.00 0.00 0
60514 0.00 0.00 0.00 0
60515 0.00 0.00 0.00 0
60516 0.00 0.00 0.00 0
60517 0.00 0.00 0.00 0
60518 0.00 0.00 0.00 0
66104 0.00 0.00 0.00 0
66105 0.00 0.00 0.00 0
66106 0.00 0.00 0.00 0
66107 0.00 0.00 0.00 0
66108 0.00 0.00 0.00 0
66109 0.00 0.00 0.00 0
66110 0.00 0.00 0.00 0
66111 0.00 0.00 0.00 0
66112 0.00 0.00 0.00 0
66113 0.00 0.00 0.00 0
66114 0.00 0.00 0.00 0
66115 0.00 0.00 0.00 0
66116 0.00 0.00 0.00 0
66117 0.00 0.00 0.00 0
66118 0.00 0.00 0.00 0
66119 0.00 0.00 0.00 0
66120 0.00 0.00 0.00 0
66121 0.00 0.00 0.00 0
67588 0.00 0.00 0.00 0
67643 0.00 0.00 0.00 0
67644 0.00 0.00 0.00 0
67645 0.00 0.00 0.00 0
67646 0.00 0.00 0.00 0
67647 0.00 0.00 0.00 0
67648 0.00 0.00 0.00 0
67649 0.00 0.00 0.00 0
67650 0.00 0.00 0.00 0
67651 0.00 0.00 0.00 0
67652 0.00 0.00 0.00 0
67653 0.00 0.00 0.00 0
67654 0.00 0.00 0.00 0
67655 0.00 0.00 0.00 0
67656 0.00 0.00 0.00 0
67657 0.00 0.00 0.00 0
67658 0.00 0.00 0.00 0
67659 0.00 0.00 0.00 0
67660 0.00 0.00 0.00 0
67661 0.00 0.00 0.00 0
67662 0.00 0.00 0.00 0
67663 0.00 0.00 0.00 0
67664 0.00 0.00 0.00 0
67665 0.00 0.00 0.00 0
67666 0.00 0.00 0.00 0
67667 0.00 0.00 0.00 0
67668 0.00 0.00 0.00 0
67669 0.00 0.00 0.00 0
67670 0.00 0.00 0.00 0
67671 0.00 0.00 0.00 0
67672 0.00 0.00 0.00 0
67673 0.00 0.00 0.00 0
67674 0.00 0.00 0.00 0
67675 0.00 0.00 0.00 0
67676 0.00 0.00 0.00 0
67677 0.00 0.00 0.00 0
67678 0.00 0.00 0.00 0
67679 0.00 0.00 0.00 0
67680 0.00 0.00 0.00 0
67681 0.00 0.00 0.00 0
67682 0.00 0.00 0.00 0
67683 0.00 0.00 0.00 0
67684 0.00 0.00 0.00 0
67685 0.00 0.00 0.00 0
67686 0.00 0.00 0.00 0
67687 0.00 0.00 0.00 0
67688 0.00 0.00 0.00 0
67689 0.00 0.00 0.00 0
67690 0.00 0.00 0.00 0
67691 0.00 0.00 0.00 0
67692 0.00 0.00 0.00 0
67693 0.00 0.00 0.00 0
67694 0.00 0.00 0.00 0
67695 0.00 0.00 0.00 0
67696 0.00 0.00 0.00 0
67697 0.00 0.00 0.00 0
67698 0.00 0.00 0.00 0
67699 0.00 0.00 0.00 0
67700 0.00 0.00 0.00 0
67701 0.00 0.00 0.00 0
67702 0.00 0.00 0.00 0
67703 0.00 0.00 0.00 0
67704 0.00 0.00 0.00 0
67705 0.00 0.00 0.00 0
67706 0.00 0.00 0.00 0
67707 0.00 0.00 0.00 0
67708 0.00 0.00 0.00 0
67709 0.00 0.00 0.00 0
67713 0.00 0.00 0.00 0
67714 0.00 0.00 0.00 0
67715 0.00 0.00 0.00 0
67716 0.00 0.00 0.00 0
67717 0.00 0.00 0.00 0
67718 0.00 0.00 0.00 0
67719 0.00 0.00 0.00 0
67720 0.00 0.00 0.00 0
67721 0.00 0.00 0.00 0
67722 0.00 0.00 0.00 0
67723 0.00 0.00 0.00 0
67724 0.00 0.00 0.00 0
71504 0.00 0.00 0.00 0
71505 0.00 0.00 0.00 0
73056 0.00 0.00 0.00 0
73057 0.00 0.00 0.00 0
73058 0.00 0.00 0.00 0
73059 0.00 0.00 0.00 0
73060 0.00 0.00 0.00 0
73061 0.00 0.00 0.00 0
73062 0.00 0.00 0.00 0
73063 0.00 0.00 0.00 0
73064 0.00 0.00 0.00 0
73065 0.00 0.00 0.00 0
73066 0.00 0.00 0.00 0
73067 0.00 0.00 0.00 0
73068 0.00 0.00 0.00 0
73069 0.00 0.00 0.00 0
73070 0.00 0.00 0.00 0
73071 0.00 0.00 0.00 0
73072 0.00 0.00 0.00 0
73073 0.00 0.00 0.00 0
73074 0.00 0.00 0.00 0
73075 0.00 0.00 0.00 0
73076 0.00 0.00 0.00 0
73077 0.00 0.00 0.00 0
73078 0.00 0.00 0.00 0
73106 0.00 0.00 0.00 0
73107 0.00 0.00 0.00 0
73108 0.00 0.00 0.00 0
73109 0.00 0.00 0.00 0
73113 0.00 0.00 0.00 0
73114 0.00 0.00 0.00 0
73115 0.00 0.00 0.00 0
73116 0.00 0.00 0.00 0
73117 0.00 0.00 0.00 0
73118 0.00 0.00 0.00 0
73119 0.00 0.00 0.00 0
73120 0.00 0.00 0.00 0
73121 0.00 0.00 0.00 0
73122 0.00 0.00 0.00 0
73123 0.00 0.00 0.00 0
73124 0.00 0.00 0.00 0
78817 0.00 0.00 0.00 0
78818 0.00 0.00 0.00 0
78819 0.00 0.00 0.00 0
78820 0.00 0.00 0.00 0
78821 0.00 0.00 0.00 0
78822 0.00 0.00 0.00 0
78825 0.00 0.00 0.00 0
78826 0.00 0.00 0.00 0
78827 0.00 0.00 0.00 0
82995 0.00 0.00 0.00 0
82996 0.00 0.00 0.00 0
82997 0.00 0.00 0.00 0
82998 0.00 0.00 0.00 0
82999 0.00 0.00 0.00 0
83000 0.00 0.00 0.00 0
83001 0.00 0.00 0.00 0
83002 0.00 0.00 0.00 0
83405 0.00 0.00 0.00 0
83406 0.00 0.00 0.00 0
83407 0.00 0.00 0.00 0
83416 0.00 0.00 0.00 0
83417 0.00 0.00 0.00 0
83418 0.00 0.00 0.00 0
83419 0.00 0.00 0.00 0
83420 0.00 0.00 0.00 0
83421 0.00 0.00 0.00 0
83423 0.00 0.00 0.00 0
83424 0.00 0.00 0.00 0
83425 0.00 0.00 0.00 0
83426 0.00 0.00 0.00 0
83427 0.00 0.00 0.00 0
83428 0.00 0.00 0.00 0
83429 0.00 0.00 0.00 0
83430 0.00 0.00 0.00 0
83431 0.00 0.00 0.00 0
83432 0.00 0.00 0.00 0
83433 0.00 0.00 0.00 0
83434 0.00 0.00 0.00 0
83435 0.00 0.00 0.00 0
83437 0.00 0.00 0.00 0
83438 0.00 0.00 0.00 0
83439 0.00 0.00 0.00 0
83440 0.00 0.00 0.00 0
83441 0.00 0.00 0.00 0
83442 0.00 0.00 0.00 0
83443 0.00 0.00 0.00 0
83444 0.00 0.00 0.00 0
83445 0.00 0.00 0.00 0
83459 0.00 0.00 0.00 0
83460 0.00 0.00 0.00 0
83461 0.00 0.00 0.00 0
83462 0.00 0.00 0.00 0
83463 0.00 0.00 0.00 0
83464 0.00 0.00 0.00 0
83465 0.00 0.00 0.00 0
83466 0.00 0.00 0.00 0
83467 0.00 0.00 0.00 0
83468 0.00 0.00 0.00 0
83469 0.00 0.00 0.00 0
83470 0.00 0.00 0.00 0
83471 0.00 0.00 0.00 0
83472 0.00 0.00 0.00 0
83473 0.00 0.00 0.00 0
83474 0.00 0.00 0.00 0
83475 0.00 0.00 0.00 0
83476 0.00 0.00 0.00 0
83477 0.00 0.00 0.00 0
83478 0.00 0.00 0.00 0
83479 0.00 0.00 0.00 0
83480 0.00 0.00 0.00 0
83481 0.00 0.00 0.00 0
83482 0.00 0.00 0.00 0
83483 0.00 0.00 0.00 0
83484 0.00 0.00 0.00 0
83485 0.00 0.00 0.00 0
83486 0.00 0.00 0.00 0
83487 0.00 0.00 0.00 0
83488 0.00 0.00 0.00 0
83489 0.00 0.00 0.00 0
83490 0.00 0.00 0.00 0
83491 0.00 0.00 0.00 0
83492 0.00 0.00 0.00 0
83493 0.00 0.00 0.00 0
83494 0.00 0.00 0.00 0
83495 0.00 0.00 0.00 0
83496 0.00 0.00 0.00 0
83497 0.00 0.00 0.00 0
83498 0.00 0.00 0.00 0
83499 0.00 0.00 0.00 0
83500 0.00 0.00 0.00 0
83501 0.00 0.00 0.00 0
83502 0.00 0.00 0.00 0
83503 0.00 0.00 0.00 0
83504 0.00 0.00 0.00 0
83505 0.00 0.00 0.00 0
83506 0.00 0.00 0.00 0
83507 0.00 0.00 0.00 0
83508 0.00 0.00 0.00 0
83509 0.00 0.00 0.00 0
83510 0.00 0.00 0.00 0
83511 0.00 0.00 0.00 0
83512 0.00 0.00 0.00 0
83513 0.00 0.00 0.00 0
83514 0.00 0.00 0.00 0
83515 0.00 0.00 0.00 0
83516 0.00 0.00 0.00 0
83517 0.00 0.00 0.00 0
83518 0.00 0.00 0.00 0
83519 0.00 0.00 0.00 0
83520 0.00 0.00 0.00 0
83521 0.00 0.00 0.00 0
83522 0.00 0.00 0.00 0
83523 0.00 0.00 0.00 0
83524 0.00 0.00 0.00 0
83525 0.00 0.00 0.00 0
83526 0.00 0.00 0.00 0
83527 0.00 0.00 0.00 0
83528 0.00 0.00 0.00 0
83529 0.00 0.00 0.00 0
83530 0.00 0.00 0.00 0
83531 0.00 0.00 0.00 0
83532 0.00 0.00 0.00 0
83533 0.00 0.00 0.00 0
83534 0.00 0.00 0.00 0
83535 0.00 0.00 0.00 0
83536 0.00 0.00 0.00 0
83537 0.00 0.00 0.00 0
83538 0.00 0.00 0.00 0
83539 0.00 0.00 0.00 0
83540 0.00 0.00 0.00 0
83541 0.00 0.00 0.00 0
83542 0.00 0.00 0.00 0
83543 0.00 0.00 0.00 0
83544 0.00 0.00 0.00 0
83545 0.00 0.00 0.00 0
83546 0.00 0.00 0.00 0
83547 0.00 0.00 0.00 0
83548 0.00 0.00 0.00 0
83549 0.00 0.00 0.00 0
83550 0.00 0.00 0.00 0
83551 0.00 0.00 0.00 0
83552 0.00 0.00 0.00 0
83553 0.00 0.00 0.00 0
83554 0.00 0.00 0.00 0
83555 0.00 0.00 0.00 0
83556 0.00 0.00 0.00 0
83557 0.00 0.00 0.00 0
83558 0.00 0.00 0.00 0
83559 0.00 0.00 0.00 0
83560 0.00 0.00 0.00 0
83561 0.00 0.00 0.00 0
83562 0.00 0.00 0.00 0
83563 0.00 0.00 0.00 0
83564 0.00 0.00 0.00 0
83565 0.00 0.00 0.00 0
83566 0.00 0.00 0.00 0
83567 0.00 0.00 0.00 0
83568 0.00 0.00 0.00 0
83569 0.00 0.00 0.00 0
83570 0.00 0.00 0.00 0
83571 0.00 0.00 0.00 0
83572 0.00 0.00 0.00 0
83573 0.00 0.00 0.00 0
83574 0.00 0.00 0.00 0
83575 0.00 0.00 0.00 0
83576 0.00 0.00 0.00 0
83577 0.00 0.00 0.00 0
83578 0.00 0.00 0.00 0
83579 0.00 0.00 0.00 0
83580 0.00 0.00 0.00 0
83581 0.00 0.00 0.00 0
83582 0.00 0.00 0.00 0
83583 0.00 0.00 0.00 0
83584 0.00 0.00 0.00 0
83585 0.00 0.00 0.00 0
83586 0.00 0.00 0.00 0
83587 0.00 0.00 0.00 0
83588 0.00 0.00 0.00 0
83589 0.00 0.00 0.00 0
83590 0.00 0.00 0.00 0
83591 0.00 0.00 0.00 0
83592 0.00 0.00 0.00 0
83595 0.00 0.00 0.00 0
83596 0.00 0.00 0.00 0
83597 0.00 0.00 0.00 0
83598 0.00 0.00 0.00 0
83599 0.00 0.00 0.00 0
83603 0.00 0.00 0.00 0
83606 0.00 0.00 0.00 0
83610 0.00 0.00 0.00 0
83611 0.00 0.00 0.00 0
83612 0.00 0.00 0.00 0
83613 0.00 0.00 0.00 0
83614 0.00 0.00 0.00 0
83615 0.00 0.00 0.00 0
83616 0.00 0.00 0.00 0
83617 0.00 0.00 0.00 0
83618 0.00 0.00 0.00 0
83619 0.00 0.00 0.00 0
83620 0.00 0.00 0.00 0
83621 0.00 0.00 0.00 0
83622 0.00 0.00 0.00 0
83623 0.00 0.00 0.00 0
83624 0.00 0.00 0.00 0
83625 0.00 0.00 0.00 0
92708 0.00 0.00 0.00 0
92709 0.00 0.00 0.00 0
92710 0.00 0.00 0.00 0
92711 0.00 0.00 0.00 0
92712 0.00 0.00 0.00 0
93011 0.00 0.00 0.00 0
93013 0.00 0.00 0.00 0
93014 0.00 0.00 0.00 0
93015 0.00 0.00 0.00 0
93016 0.00 0.00 0.00 0
93017 0.00 0.00 0.00 0
93018 0.00 0.00 0.00 0
93019 0.00 0.00 0.00 0
93020 0.00 0.00 0.00 0
93021 0.00 0.00 0.00 0
93022 0.00 0.00 0.00 0
93023 0.00 0.00 0.00 0
93024 0.00 0.00 0.00 0
93025 0.00 0.00 0.00 0
93026 0.00 0.00 0.00 0
93027 0.00 0.00 0.00 0
93028 0.00 0.00 0.00 0
93029 0.00 0.00 0.00 0
93030 0.00 0.00 0.00 0
93031 0.00 0.00 0.00 0
95246 0.00 0.00 0.00 0
95247 0.00 0.00 0.00 0
95248 0.00 0.00 0.00 0
95249 0.00 0.00 0.00 0
95250 0.00 0.00 0.00 0
96170 0.00 0.00 0.00 0
96171 0.00 0.00 0.00 0
96172 0.00 0.00 0.00 0
96173 0.00 0.00 0.00 0
96174 0.00 0.00 0.00 0
96175 0.00 0.00 0.00 0
96176 0.00 0.00 0.00 0
96177 0.00 0.00 0.00 0
96178 0.00 0.00 0.00 0
96179 0.00 0.00 0.00 0
96180 0.00 0.00 0.00 0
96181 0.00 0.00 0.00 0
96182 0.00 0.00 0.00 0
96183 0.00 0.00 0.00 0
96184 0.00 0.00 0.00 0
96185 0.00 0.00 0.00 0
96186 0.00 0.00 0.00 0
96187 0.00 0.00 0.00 0
96188 0.00 0.00 0.00 0
96189 0.00 0.00 0.00 0
96190 0.00 0.00 0.00 0
96191 0.00 0.00 0.00 0
96192 0.00 0.00 0.00 0
96193 0.00 0.00 0.00 0
96194 0.00 0.00 0.00 0
96195 0.00 0.00 0.00 0
96196 0.00 0.00 0.00 0
96197 0.00 0.00 0.00 0
96198 0.00 0.00 0.00 0
96199 0.00 0.00 0.00 0
96200 0.00 0.00 0.00 0
96201 0.00 0.00 0.00 0
96202 0.00 0.00 0.00 0
96203 0.00 0.00 0.00 0
96204 0.00 0.00 0.00 0
96205 0.00 0.00 0.00 0
96206 0.00 0.00 0.00 0
96207 0.00 0.00 0.00 0
96208 0.00 0.00 0.00 0
96209 0.00 0.00 0.00 0
96210 0.00 0.00 0.00 0
96211 0.00 0.00 0.00 0
96212 0.00 0.00 0.00 0
96213 0.00 0.00 0.00 0
99566 0.00 0.00 0.00 0
99567 0.00 0.00 0.00 0
99568 0.00 0.00 0.00 0
99569 0.00 0.00 0.00 0
99570 0.00 0.00 0.00 0
99571 0.00 0.00 0.00 0
99572 0.00 0.00 0.00 0
99573 0.00 0.00 0.00 0
99574 0.00 0.00 0.00 0
99575 0.00 0.00 0.00 0
99576 0.00 0.00 0.00 0
99577 0.00 0.00 0.00 0
100490 0.00 0.00 0.00 0
100491 0.00 0.00 0.00 0
100492 0.00 0.00 0.00 0
100493 0.00 0.00 0.00 0
100494 0.00 0.00 0.00 0
100495 0.00 0.00 0.00 0
100496 0.00 0.00 0.00 0
100497 0.00 0.00 0.00 0
100498 0.00 0.00 0.00 0
100499 0.00 0.00 0.00 0
100500 0.00 0.00 0.00 0
100501 0.00 0.00 0.00 0
100502 0.00 0.00 0.00 0
100503 0.00 0.00 0.00 0
100504 0.00 0.00 0.00 0
100505 0.00 0.00 0.00 0
100506 0.00 0.00 0.00 0
100507 0.00 0.00 0.00 0
100508 0.00 0.00 0.00 0
100509 0.00 0.00 0.00 0
100510 0.00 0.00 0.00 0
100511 0.00 0.00 0.00 0
100512 0.00 0.00 0.00 0
100513 0.00 0.00 0.00 0
100514 0.00 0.00 0.00 0
100515 0.00 0.00 0.00 0
100516 0.00 0.00 0.00 0
100517 0.00 0.00 0.00 0
100518 0.00 0.00 0.00 0
100519 0.00 0.00 0.00 0
100520 0.00 0.00 0.00 0
100521 0.00 0.00 0.00 0
100522 0.00 0.00 0.00 0
100523 0.00 0.00 0.00 0
100524 0.00 0.00 0.00 0
100525 0.00 0.00 0.00 0
100526 0.00 0.00 0.00 0
100527 0.00 0.00 0.00 0
100528 0.00 0.00 0.00 0
100529 0.00 0.00 0.00 0
100533 0.00 0.00 0.00 0
100534 0.00 0.00 0.00 0
100535 0.00 0.00 0.00 0
100536 0.00 0.00 0.00 0
100537 0.00 0.00 0.00 0
100538 0.00 0.00 0.00 0
103738 0.00 0.00 0.00 0
103739 0.00 0.00 0.00 0
103740 0.00 0.00 0.00 0
103741 0.00 0.00 0.00 0
103742 0.00 0.00 0.00 0
103744 0.00 0.00 0.00 0
103745 0.00 0.00 0.00 0
103746 0.00 0.00 0.00 0
103747 0.00 0.00 0.00 0
103748 0.00 0.00 0.00 0
103749 0.00 0.00 0.00 0
103750 0.00 0.00 0.00 0
103751 0.00 0.00 0.00 0
103774 0.00 0.00 0.00 0
103775 0.00 0.00 0.00 0
103776 0.00 0.00 0.00 0
103777 0.00 0.00 0.00 0
107194 0.00 0.00 0.00 0
107195 0.00 0.00 0.00 0
107196 0.00 0.00 0.00 0
107197 0.00 0.00 0.00 0
107198 0.00 0.00 0.00 0
109701 0.00 0.00 0.00 0
109702 0.00 0.00 0.00 0
109703 0.00 0.00 0.00 0
109704 0.00 0.00 0.00 0
109705 0.00 0.00 0.00 0
109954 0.00 0.00 0.00 0
109955 0.00 0.00 0.00 0
109956 0.00 0.00 0.00 0
109957 0.00 0.00 0.00 0
109958 0.00 0.00 0.00 0
109959 0.00 0.00 0.00 0
109960 0.00 0.00 0.00 0
109961 0.00 0.00 0.00 0
109962 0.00 0.00 0.00 0
109963 0.00 0.00 0.00 0
109964 0.00 0.00 0.00 0
109965 0.00 0.00 0.00 0
109966 0.00 0.00 0.00 0
109967 0.00 0.00 0.00 0
109968 0.00 0.00 0.00 0
109969 0.00 0.00 0.00 0
109970 0.00 0.00 0.00 0
109971 0.00 0.00 0.00 0
109973 0.00 0.00 0.00 0
109978 0.00 0.00 0.00 0
109979 0.00 0.00 0.00 0
109980 0.00 0.00 0.00 0
109981 0.00 0.00 0.00 0
109982 0.00 0.00 0.00 0
109983 0.00 0.00 0.00 0
109984 0.00 0.00 0.00 0
109985 0.00 0.00 0.00 0
109986 0.00 0.00 0.00 0
109987 0.00 0.00 0.00 0
109988 0.00 0.00 0.00 0
109989 0.00 0.00 0.00 0
109990 0.00 0.00 0.00 0
109991 0.00 0.00 0.00 0
109992 0.00 0.00 0.00 0
109993 0.00 0.00 0.00 0
109994 0.00 0.00 0.00 0
109995 0.00 0.00 0.00 0
109996 0.00 0.00 0.00 0
109997 0.00 0.00 0.00 0
109998 0.00 0.00 0.00 0
109999 0.00 0.00 0.00 0
110000 0.00 0.00 0.00 0
110001 0.00 0.00 0.00 0
110002 0.00 0.00 0.00 0
110003 0.00 0.00 0.00 0
110004 0.00 0.00 0.00 0
110005 0.00 0.00 0.00 0
110006 0.00 0.00 0.00 0
110007 0.00 0.00 0.00 0
110008 0.00 0.00 0.00 0
110009 0.00 0.00 0.00 0
110010 0.00 0.00 0.00 0
110011 0.00 0.00 0.00 0
110012 0.00 0.00 0.00 0
110013 0.00 0.00 0.00 0
110014 0.00 0.00 0.00 0
110015 0.00 0.00 0.00 0
110016 0.00 0.00 0.00 0
110017 0.00 0.00 0.00 0
110018 0.00 0.00 0.00 0
110019 0.00 0.00 0.00 0
110020 0.00 0.00 0.00 0
110021 0.00 0.00 0.00 0
110022 0.00 0.00 0.00 0
110023 0.00 0.00 0.00 0
110024 0.00 0.00 0.00 0
110025 0.00 0.00 0.00 0
110026 0.00 0.00 0.00 0
110027 0.00 0.00 0.00 0
110028 0.00 0.00 0.00 0
110029 0.00 0.00 0.00 0
110030 0.00 0.00 0.00 0
110031 0.00 0.00 0.00 0
110032 0.00 0.00 0.00 0
110033 0.00 0.00 0.00 0
110034 0.00 0.00 0.00 0
110035 0.00 0.00 0.00 0
110036 0.00 0.00 0.00 0
110037 0.00 0.00 0.00 0
110038 0.00 0.00 0.00 0
110039 0.00 0.00 0.00 0
110040 0.00 0.00 0.00 0
110041 0.00 0.00 0.00 0
110042 0.00 0.00 0.00 0
110043 0.00 0.00 0.00 0
110044 0.00 0.00 0.00 0
110045 0.00 0.00 0.00 0
110046 0.00 0.00 0.00 0
110047 0.00 0.00 0.00 0
110048 0.00 0.00 0.00 0
110049 0.00 0.00 0.00 0
110050 0.00 0.00 0.00 0
110051 0.00 0.00 0.00 0
110052 0.00 0.00 0.00 0
110053 0.00 0.00 0.00 0
110054 0.00 0.00 0.00 0
110055 0.00 0.00 0.00 0
110056 0.00 0.00 0.00 0
110057 0.00 0.00 0.00 0
110058 0.00 0.00 0.00 0
110059 0.00 0.00 0.00 0
110060 0.00 0.00 0.00 0
110061 0.00 0.00 0.00 0
110062 0.00 0.00 0.00 0
110063 0.00 0.00 0.00 0
110064 0.00 0.00 0.00 0
110070 0.00 0.00 0.00 0
110071 0.00 0.00 0.00 0
110072 0.00 0.00 0.00 0
110073 0.00 0.00 0.00 0
110074 0.00 0.00 0.00 0
110075 0.00 0.00 0.00 0
110076 0.00 0.00 0.00 0
110077 0.00 0.00 0.00 0
116480 0.00 0.00 0.00 0
116481 0.00 0.00 0.00 0
116482 0.00 0.00 0.00 0
116483 0.00 0.00 0.00 0
116484 0.00 0.00 0.00 0
116485 0.00 0.00 0.00 0
116486 0.00 0.00 0.00 0
116487 0.00 0.00 0.00 0
116488 0.00 0.00 0.00 0
116489 0.00 0.00 0.00 0
116490 0.00 0.00 0.00 0
117197 0.00 0.00 0.00 0
117198 0.00 0.00 0.00 0
117199 0.00 0.00 0.00 0
117200 0.00 0.00 0.00 0
117201 0.00 0.00 0.00 0
117202 0.00 0.00 0.00 0
117203 0.00 0.00 0.00 0
117204 0.00 0.00 0.00 0
117205 0.00 0.00 0.00 0
117206 0.00 0.00 0.00 0
117207 0.00 0.00 0.00 0
117208 0.00 0.00 0.00 0
117209 0.00 0.00 0.00 0
117210 0.00 0.00 0.00 0
117211 0.00 0.00 0.00 0
117212 0.00 0.00 0.00 0
117213 0.00 0.00 0.00 0
117214 0.00 0.00 0.00 0
117215 0.00 0.00 0.00 0
117216 0.00 0.00 0.00 0
117217 0.00 0.00 0.00 0
117218 0.00 0.00 0.00 0
117219 0.00 0.00 0.00 0
117220 0.00 0.00 0.00 0
117221 0.00 0.00 0.00 0
117222 0.00 0.00 0.00 0
117223 0.00 0.00 0.00 0
117224 0.00 0.00 0.00 0
117225 0.00 0.00 0.00 0
117226 0.00 0.00 0.00 0
117227 0.00 0.00 0.00 0
117228 0.00 0.00 0.00 0
122407 0.00 0.00 0.00 0
122413 0.00 0.00 0.00 0
122414 0.00 0.00 0.00 0
122415 0.00 0.00 0.00 0
122416 0.00 0.00 0.00 0
122417 0.00 0.00 0.00 0
122420 0.00 0.00 0.00 0
124556 0.00 0.00 0.00 0
124557 0.00 0.00 0.00 0
124558 0.00 0.00 0.00 0
124559 0.00 0.00 0.00 0
124560 0.00 0.00 0.00 0
124561 0.00 0.00 0.00 0
124562 0.00 0.00 0.00 0
124563 0.00 0.00 0.00 0
124564 0.00 0.00 0.00 0
124565 0.00 0.00 0.00 0
124566 0.00 0.00 0.00 0
124567 0.00 0.00 0.00 0
124568 0.00 0.00 0.00 0
124569 0.00 0.00 0.00 0
124570 0.00 0.00 0.00 0
124571 0.00 0.00 0.00 0
124572 0.00 0.00 0.00 0
124573 0.00 0.00 0.00 0
124574 0.00 0.00 0.00 0
124575 0.00 0.00 0.00 0
124576 0.00 0.00 0.00 0
124577 0.00 0.00 0.00 0
124578 0.00 0.00 0.00 0
124579 0.00 0.00 0.00 0
124580 0.00 0.00 0.00 0
124581 0.00 0.00 0.00 0
124582 0.00 0.00 0.00 0
124583 0.00 0.00 0.00 0
124584 0.00 0.00 0.00 0
124585 0.00 0.00 0.00 0
124586 0.00 0.00 0.00 0
124587 0.00 0.00 0.00 0
124588 0.00 0.00 0.00 0
124589 0.00 0.00 0.00 0
124590 0.00 0.00 0.00 0
124591 0.00 0.00 0.00 0
124592 0.00 0.00 0.00 0
124593 0.00 0.00 0.00 0
124594 0.00 0.00 0.00 0
124595 0.00 0.00 0.00 0
124596 0.00 0.00 0.00 0
124597 0.00 0.00 0.00 0
124598 0.00 0.00 0.00 0
124599 0.00 0.00 0.00 0
124600 0.00 0.00 0.00 0
124601 0.00 0.00 0.00 0
124602 0.00 0.00 0.00 0
124603 0.00 0.00 0.00 0
124604 0.00 0.00 0.00 0
124605 0.00 0.00 0.00 0
124606 0.00 0.00 0.00 0
124607 0.00 0.00 0.00 0
124608 0.00 0.00 0.00 0
124609 0.00 0.00 0.00 0
124610 0.00 0.00 0.00 0
124611 0.00 0.00 0.00 0
124612 0.00 0.00 0.00 0
124613 0.00 0.00 0.00 0
124614 0.00 0.00 0.00 0
124615 0.00 0.00 0.00 0
124616 0.00 0.00 0.00 0
124617 0.00 0.00 0.00 0
124618 0.00 0.00 0.00 0
124619 0.00 0.00 0.00 0
124620 0.00 0.00 0.00 0
124621 0.00 0.00 0.00 0
124622 0.00 0.00 0.00 0
124623 0.00 0.00 0.00 0
124624 0.00 0.00 0.00 0
124625 0.00 0.00 0.00 0
124626 0.00 0.00 0.00 0
124627 0.00 0.00 0.00 0
124628 0.00 0.00 0.00 0
124629 0.00 0.00 0.00 0
124630 0.00 0.00 0.00 0
124631 0.00 0.00 0.00 0
124632 0.00 0.00 0.00 0
124633 0.00 0.00 0.00 0
124634 0.00 0.00 0.00 0
124635 0.00 0.00 0.00 0
124636 0.00 0.00 0.00 0
124637 0.00 0.00 0.00 0
124638 0.00 0.00 0.00 0
124639 0.00 0.00 0.00 0
124640 0.00 0.00 0.00 0
124641 0.00 0.00 0.00 0
124642 0.00 0.00 0.00 0
124643 0.00 0.00 0.00 0
124644 0.00 0.00 0.00 0
124645 0.00 0.00 0.00 0
124646 0.00 0.00 0.00 0
124647 0.00 0.00 0.00 0
124648 0.00 0.00 0.00 0
124649 0.00 0.00 0.00 0
124650 0.00 0.00 0.00 0
124651 0.00 0.00 0.00 0
124652 0.00 0.00 0.00 0
124653 0.00 0.00 0.00 0
124654 0.00 0.00 0.00 0
124655 0.00 0.00 0.00 0
124656 0.00 0.00 0.00 0
124657 0.00 0.00 0.00 0
124658 0.00 0.00 0.00 0
132116 0.00 0.00 0.00 0
132117 0.00 0.00 0.00 0
132118 0.00 0.00 0.00 0
132119 0.00 0.00 0.00 0
132120 0.00 0.00 0.00 0
132121 0.00 0.00 0.00 0
132122 0.00 0.00 0.00 0
132123 0.00 0.00 0.00 0
132124 0.00 0.00 0.00 0
132125 0.00 0.00 0.00 0
132126 0.00 0.00 0.00 0
132127 0.00 0.00 0.00 0
132128 0.00 0.00 0.00 0
132129 0.00 0.00 0.00 0
132130 0.00 0.00 0.00 0
132131 0.00 0.00 0.00 0
132132 0.00 0.00 0.00 0
132133 0.00 0.00 0.00 0
132134 0.00 0.00 0.00 0
132135 0.00 0.00 0.00 0
132136 0.00 0.00 0.00 0
132137 0.00 0.00 0.00 0
132138 0.00 0.00 0.00 0
132139 0.00 0.00 0.00 0
133996 0.00 0.00 0.00 0
133997 0.00 0.00 0.00 0
134069 0.00 0.00 0.00 0
134070 0.00 0.00 0.00 0
134071 0.00 0.00 0.00 0
134072 0.00 0.00 0.00 0
134073 0.00 0.00 0.00 0
134074 0.00 0.00 0.00 0
134075 0.00 0.00 0.00 0
134076 0.00 0.00 0.00 0
134077 0.00 0.00 0.00 0
134078 0.00 0.00 0.00 0
134079 0.00 0.00 0.00 0
134080 0.00 0.00 0.00 0
134081 0.00 0.00 0.00 0
134082 0.00 0.00 0.00 0
134083 0.00 0.00 0.00 0
134084 0.00 0.00 0.00 0
134085 0.00 0.00 0.00 0
134086 0.00 0.00 0.00 0
134087 0.00 0.00 0.00 0
134088 0.00 0.00 0.00 0
134089 0.00 0.00 0.00 0
134090 0.00 0.00 0.00 0
134091 0.00 0.00 0.00 0
134092 0.00 0.00 0.00 0
134093 0.00 0.00 0.00 0
134094 0.00 0.00 0.00 0
134095 0.00 0.00 0.00 0
134096 0.00 0.00 0.00 0
134097 0.00 0.00 0.00 0
134098 0.00 0.00 0.00 0
134099 0.00 0.00 0.00 0
134100 0.00 0.00 0.00 0
134101 0.00 0.00 0.00 0
134102 0.00 0.00 0.00 0
134103 0.00 0.00 0.00 0
134104 0.00 0.00 0.00 0
134105 0.00 0.00 0.00 0
134106 0.00 0.00 0.00 0
134107 0.00 0.00 0.00 0
134108 0.00 0.00 0.00 0
134109 0.00 0.00 0.00 0
134110 0.00 0.00 0.00 0
134111 0.00 0.00 0.00 0
134112 0.00 0.00 0.00 0
134113 0.00 0.00 0.00 0
134114 0.00 0.00 0.00 0
134115 0.00 0.00 0.00 0
134116 0.00 0.00 0.00 0
134117 0.00 0.00 0.00 0
134118 0.00 0.00 0.00 0
134119 0.00 0.00 0.00 0
134120 0.00 0.00 0.00 0
134121 0.00 0.00 0.00 0
134122 0.00 0.00 0.00 0
134123 0.00 0.00 0.00 0
134124 0.00 0.00 0.00 0
134125 0.00 0.00 0.00 0
134126 0.00 0.00 0.00 0
134127 0.00 0.00 0.00 0
134128 0.00 0.00 0.00 0
134129 0.00 0.00 0.00 0
134130 0.00 0.00 0.00 0
134131 0.00 0.00 0.00 0
134132 0.00 0.00 0.00 0
134133 0.00 0.00 0.00 0
134134 0.00 0.00 0.00 0
134135 0.00 0.00 0.00 0
134136 0.00 0.00 0.00 0
134137 0.00 0.00 0.00 0
134138 0.00 0.00 0.00 0
134139 0.00 0.00 0.00 0
134140 0.00 0.00 0.00 0
134141 0.00 0.00 0.00 0
134142 0.00 0.00 0.00 0
134143 0.00 0.00 0.00 0
134144 0.00 0.00 0.00 0
134145 0.00 0.00 0.00 0
134146 0.00 0.00 0.00 0
134147 0.00 0.00 0.00 0
134148 0.00 0.00 0.00 0
134149 0.00 0.00 0.00 0
134150 0.00 0.00 0.00 0
134151 0.00 0.00 0.00 0
134152 0.00 0.00 0.00 0
134153 0.00 0.00 0.00 0
134155 0.00 0.00 0.00 0
134156 0.00 0.00 0.00 0
134157 0.00 0.00 0.00 0
134158 0.00 0.00 0.00 0
134159 0.00 0.00 0.00 0
134160 0.00 0.00 0.00 0
134161 0.00 0.00 0.00 0
134162 0.00 0.00 0.00 0
134163 0.00 0.00 0.00 0
134164 0.00 0.00 0.00 0
134165 0.00 0.00 0.00 0
134166 0.00 0.00 0.00 0
134167 0.00 0.00 0.00 0
134168 0.00 0.00 0.00 0
138914 0.00 0.00 0.00 0
138915 0.00 0.00 0.00 0
138916 0.00 0.00 0.00 0
140810 0.00 0.00 0.00 0
140811 0.00 0.00 0.00 0
140812 0.00 0.00 0.00 0
140813 0.00 0.00 0.00 0
140814 0.00 0.00 0.00 0
140815 0.00 0.00 0.00 0
140816 0.00 0.00 0.00 0
140817 0.00 0.00 0.00 0
140818 0.00 0.00 0.00 0
140819 0.00 0.00 0.00 0
140820 0.00 0.00 0.00 0
140821 0.00 0.00 0.00 0
140822 0.00 0.00 0.00 0
140823 0.00 0.00 0.00 0
140824 0.00 0.00 0.00 0
140825 0.00 0.00 0.00 0
140826 0.00 0.00 0.00 0
140827 0.00 0.00 0.00 0
140828 0.00 0.00 0.00 0
140829 0.00 0.00 0.00 0
140830 0.00 0.00 0.00 0
140831 0.00 0.00 0.00 0
140832 0.00 0.00 0.00 0
140833 0.00 0.00 0.00 0
140834 0.00 0.00 0.00 0
140835 0.00 0.00 0.00 0
140836 0.00 0.00 0.00 0
140837 0.00 0.00 0.00 0
140838 0.00 0.00 0.00 0
140839 0.00 0.00 0.00 0
140840 0.00 0.00 0.00 0
140866 0.00 0.00 0.00 0
140867 0.00 0.00 0.00 0
140868 0.00 0.00 0.00 0
140869 0.00 0.00 0.00 0
140870 0.00 0.00 0.00 0
140871 0.00 0.00 0.00 0
140872 0.00 0.00 0.00 0
140873 0.00 0.00 0.00 0
140874 0.00 0.00 0.00 0
140875 0.00 0.00 0.00 0
140876 0.00 0.00 0.00 0
140881 0.00 0.00 0.00 0
140882 0.00 0.00 0.00 0
140883 0.00 0.00 0.00 0
140884 0.00 0.00 0.00 0
140885 0.00 0.00 0.00 0
140886 0.00 0.00 0.00 0
140887 0.00 0.00 0.00 0
140888 0.00 0.00 0.00 0
140889 0.00 0.00 0.00 0
140890 0.00 0.00 0.00 0
140891 0.00 0.00 0.00 0
140892 0.00 0.00 0.00 0
140893 0.00 0.00 0.00 0
140894 0.00 0.00 0.00 0
147811 0.00 0.00 0.00 0
147812 0.00 0.00 0.00 0
147813 0.00 0.00 0.00 0
147814 0.00 0.00 0.00 0
147815 0.00 0.00 0.00 0
147816 0.00 0.00 0.00 0
147820 0.00 0.00 0.00 0
147821 0.00 0.00 0.00 0
147865 0.00 0.00 0.00 0
147870 0.00 0.00 0.00 0
147871 0.00 0.00 0.00 0
147872 0.00 0.00 0.00 0
147873 0.00 0.00 0.00 0
152738 0.00 0.00 0.00 0
152739 0.00 0.00 0.00 0
152839 0.00 0.00 0.00 0
152840 0.00 0.00 0.00 0
152841 0.00 0.00 0.00 0
152842 0.00 0.00 0.00 0
152843 0.00 0.00 0.00 0
152844 0.00 0.00 0.00 0
152845 0.00 0.00 0.00 0
152846 0.00 0.00 0.00 0
152847 0.00 0.00 0.00 0
152868 0.00 0.00 0.00 0
152871 0.00 0.00 0.00 0
152872 0.00 0.00 0.00 0
152873 0.00 0.00 0.00 0
152874 0.00 0.00 0.00 0
153334 0.00 0.00 0.00 0
153335 0.00 0.00 0.00 0
153345 0.00 0.00 0.00 0
153346 0.00 0.00 0.00 0
153348 0.00 0.00 0.00 0
153349 0.00 0.00 0.00 0
153355 0.00 0.00 0.00 0
153356 0.00 0.00 0.00 0
153357 0.00 0.00 0.00 0
153358 0.00 0.00 0.00 0
153359 0.00 0.00 0.00 0
153360 0.00 0.00 0.00 0
153361 0.00 0.00 0.00 0
153362 0.00 0.00 0.00 0
153363 0.00 0.00 0.00 0
153366 0.00 0.00 0.00 0
153372 0.00 0.00 0.00 0
153373 0.00 0.00 0.00 0
153374 0.00 0.00 0.00 0
153375 0.00 0.00 0.00 0
153376 0.00 0.00 0.00 0
153377 0.00 0.00 0.00 0
153378 0.00 0.00 0.00 0
153379 0.00 0.00 0.00 0
153399 0.00 0.00 0.00 0
153400 0.00 0.00 0.00 0
153401 0.00 0.00 0.00 0
153402 0.00 0.00 0.00 0
153403 0.00 0.00 0.00 0
153404 0.00 0.00 0.00 0
153405 0.00 0.00 0.00 0
153406 0.00 0.00 0.00 0
153408 0.00 0.00 0.00 0
153409 0.00 0.00 0.00 0
153410 0.00 0.00 0.00 0
153411 0.00 0.00 0.00 0
153412 0.00 0.00 0.00 0
153413 0.00 0.00 0.00 0
153414 0.00 0.00 0.00 0
153415 0.00 0.00 0.00 0
153416 0.00 0.00 0.00 0
153417 0.00 0.00 0.00 0
153418 0.00 0.00 0.00 0
153419 0.00 0.00 0.00 0
153420 0.00 0.00 0.00 0
153421 0.00 0.00 0.00 0
153422 0.00 0.00 0.00 0
153423 0.00 0.00 0.00 0
153424 0.00 0.00 0.00 0
153425 0.00 0.00 0.00 0
153426 0.00 0.00 0.00 0
153427 0.00 0.00 0.00 0
153428 0.00 0.00 0.00 0
153429 0.00 0.00 0.00 0
153430 0.00 0.00 0.00 0
153431 0.00 0.00 0.00 0
153432 0.00 0.00 0.00 0
153433 0.00 0.00 0.00 0
153434 0.00 0.00 0.00 0
153435 0.00 0.00 0.00 0
153436 0.00 0.00 0.00 0
153437 0.00 0.00 0.00 0
153438 0.00 0.00 0.00 0
153439 0.00 0.00 0.00 0
153440 0.00 0.00 0.00 0
153441 0.00 0.00 0.00 0
153442 0.00 0.00 0.00 0
153443 0.00 0.00 0.00 0
153444 0.00 0.00 0.00 0
153445 0.00 0.00 0.00 0
153446 0.00 0.00 0.00 0
153447 0.00 0.00 0.00 0
153448 0.00 0.00 0.00 0
153449 0.00 0.00 0.00 0
153450 0.00 0.00 0.00 0
153451 0.00 0.00 0.00 0
153452 0.00 0.00 0.00 0
153453 0.00 0.00 0.00 0
153454 0.00 0.00 0.00 0
153455 0.00 0.00 0.00 0
153456 0.00 0.00 0.00 0
153457 0.00 0.00 0.00 0
153458 0.00 0.00 0.00 0
153459 0.00 0.00 0.00 0
153460 0.00 0.00 0.00 0
153461 0.00 0.00 0.00 0
153462 0.00 0.00 0.00 0
153463 0.00 0.00 0.00 0
153464 0.00 0.00 0.00 0
153465 0.00 0.00 0.00 0
153466 0.00 0.00 0.00 0
153467 0.00 0.00 0.00 0
153468 0.00 0.00 0.00 0
153469 0.00 0.00 0.00 0
153470 0.00 0.00 0.00 0
153471 0.00 0.00 0.00 0
153472 0.00 0.00 0.00 0
153473 0.00 0.00 0.00 0
153474 0.00 0.00 0.00 0
153475 0.00 0.00 0.00 0
153476 0.00 0.00 0.00 0
153477 0.00 0.00 0.00 0
153478 0.00 0.00 0.00 0
153479 0.00 0.00 0.00 0
153480 0.00 0.00 0.00 0
153481 0.00 0.00 0.00 0
153482 0.00 0.00 0.00 0
153483 0.00 0.00 0.00 0
153484 0.00 0.00 0.00 0
153485 0.00 0.00 0.00 0
153486 0.00 0.00 0.00 0
153487 0.00 0.00 0.00 0
153488 0.00 0.00 0.00 0
153489 0.00 0.00 0.00 0
153490 0.00 0.00 0.00 0
153491 0.00 0.00 0.00 0
153492 0.00 0.00 0.00 0
153493 0.00 0.00 0.00 0
153494 0.00 0.00 0.00 0
153495 0.00 0.00 0.00 0
153496 0.00 0.00 0.00 0
153497 0.00 0.00 0.00 0
153498 0.00 0.00 0.00 0
153499 0.00 0.00 0.00 0
153500 0.00 0.00 0.00 0
153501 0.00 0.00 0.00 0
153502 0.00 0.00 0.00 0
153503 0.00 0.00 0.00 0
153504 0.00 0.00 0.00 0
153505 0.00 0.00 0.00 0
153506 0.00 0.00 0.00 0
153507 0.00 0.00 0.00 0
153508 0.00 0.00 0.00 0
153509 0.00 0.00 0.00 0
153510 0.00 0.00 0.00 0
153511 0.00 0.00 0.00 0
153512 0.00 0.00 0.00 0
153513 0.00 0.00 0.00 0
153514 0.00 0.00 0.00 0
153515 0.00 0.00 0.00 0
153516 0.00 0.00 0.00 0
153517 0.00 0.00 0.00 0
153518 0.00 0.00 0.00 0
153519 0.00 0.00 0.00 0
153520 0.00 0.00 0.00 0
153521 0.00 0.00 0.00 0
153522 0.00 0.00 0.00 0
153523 0.00 0.00 0.00 0
153524 0.00 0.00 0.00 0
153525 0.00 0.00 0.00 0
153526 0.00 0.00 0.00 0
153527 0.00 0.00 0.00 0
153528 0.00 0.00 0.00 0
153529 0.00 0.00 0.00 0
153530 0.00 0.00 0.00 0
153531 0.00 0.00 0.00 0
153532 0.00 0.00 0.00 0
153533 0.00 0.00 0.00 0
153534 0.00 0.00 0.00 0
153535 0.00 0.00 0.00 0
153536 0.00 0.00 0.00 0
153537 0.00 0.00 0.00 0
153538 0.00 0.00 0.00 0
153539 0.00 0.00 0.00 0
153540 0.00 0.00 0.00 0
153541 0.00 0.00 0.00 0
153542 0.00 0.00 0.00 0
153543 0.00 0.00 0.00 0
153544 0.00 0.00 0.00 0
153545 0.00 0.00 0.00 0
153546 0.00 0.00 0.00 0
153547 0.00 0.00 0.00 0
153548 0.00 0.00 0.00 0
153549 0.00 0.00 0.00 0
153550 0.00 0.00 0.00 0
153551 0.00 0.00 0.00 0
153552 0.00 0.00 0.00 0
153553 0.00 0.00 0.00 0
153554 0.00 0.00 0.00 0
153555 0.00 0.00 0.00 0
153556 0.00 0.00 0.00 0
153561 0.00 0.00 0.00 0
153562 0.00 0.00 0.00 0
153563 0.00 0.00 0.00 0
153564 0.00 0.00 0.00 0
153565 0.00 0.00 0.00 0
153566 0.00 0.00 0.00 0
153571 0.00 0.00 0.00 0
153572 0.00 0.00 0.00 0
153573 0.00 0.00 0.00 0
153574 0.00 0.00 0.00 0
153579 0.00 0.00 0.00 0
153580 0.00 0.00 0.00 0
153581 0.00 0.00 0.00 0
153582 0.00 0.00 0.00 0
153583 0.00 0.00 0.00 0
153584 0.00 0.00 0.00 0
153585 0.00 0.00 0.00 0
153586 0.00 0.00 0.00 0
153587 0.00 0.00 0.00 0
153588 0.00 0.00 0.00 0
153589 0.00 0.00 0.00 0
153590 0.00 0.00 0.00 0
153591 0.00 0.00 0.00 0
153592 0.00 0.00 0.00 0
153593 0.00 0.00 0.00 0
153594 0.00 0.00 0.00 0
153595 0.00 0.00 0.00 0
153596 0.00 0.00 0.00 0
