# G_and_S_transv_frontopol
847
58 0.00 0.00 0.00 0
266 0.00 0.00 0.00 0
1155 0.00 0.00 0.00 0
1157 0.00 0.00 0.00 0
1629 0.00 0.00 0.00 0
1630 0.00 0.00 0.00 0
1631 0.00 0.00 0.00 0
1632 0.00 0.00 0.00 0
1633 0.00 0.00 0.00 0
1875 0.00 0.00 0.00 0
1877 0.00 0.00 0.00 0
1880 0.00 0.00 0.00 0
2220 0.00 0.00 0.00 0
3075 0.00 0.00 0.00 0
3076 0.00 0.00 0.00 0
3077 0.00 0.00 0.00 0
3675 0.00 0.00 0.00 0
3676 0.00 0.00 0.00 0
3677 0.00 0.00 0.00 0
3680 0.00 0.00 0.00 0
3681 0.00 0.00 0.00 0
4118 0.00 0.00 0.00 0
4124 0.00 0.00 0.00 0
4131 0.00 0.00 0.00 0
4913 0.00 0.00 0.00 0
4914 0.00 0.00 0.00 0
4915 0.00 0.00 0.00 0
6687 0.00 0.00 0.00 0
6689 0.00 0.00 0.00 0
6691 0.00 0.00 0.00 0
6692 0.00 0.00 0.00 0
6693 0.00 0.00 0.00 0
7641 0.00 0.00 0.00 0
7642 0.00 0.00 0.00 0
7643 0.00 0.00 0.00 0
7644 0.00 0.00 0.00 0
7645 0.00 0.00 0.00 0
7647 0.00 0.00 0.00 0
7648 0.00 0.00 0.00 0
7649 0.00 0.00 0.00 0
8242 0.00 0.00 0.00 0
8246 0.00 0.00 0.00 0
8247 0.00 0.00 0.00 0
8248 0.00 0.00 0.00 0
8249 0.00 0.00 0.00 0
8256 0.00 0.00 0.00 0
8257 0.00 0.00 0.00 0
8258 0.00 0.00 0.00 0
8259 0.00 0.00 0.00 0
8260 0.00 0.00 0.00 0
9222 0.00 0.00 0.00 0
9223 0.00 0.00 0.00 0
10755 0.00 0.00 0.00 0
10756 0.00 0.00 0.00 0
10757 0.00 0.00 0.00 0
11355 0.00 0.00 0.00 0
11356 0.00 0.00 0.00 0
11357 0.00 0.00 0.00 0
11361 0.00 0.00 0.00 0
12593 0.00 0.00 0.00 0
12594 0.00 0.00 0.00 0
12595 0.00 0.00 0.00 0
14985 0.00 0.00 0.00 0
14986 0.00 0.00 0.00 0
14987 0.00 0.00 0.00 0
14988 0.00 0.00 0.00 0
14989 0.00 0.00 0.00 0
14990 0.00 0.00 0.00 0
14991 0.00 0.00 0.00 0
14992 0.00 0.00 0.00 0
14993 0.00 0.00 0.00 0
16785 0.00 0.00 0.00 0
16786 0.00 0.00 0.00 0
16787 0.00 0.00 0.00 0
16788 0.00 0.00 0.00 0
16789 0.00 0.00 0.00 0
16790 0.00 0.00 0.00 0
16791 0.00 0.00 0.00 0
16792 0.00 0.00 0.00 0
16796 0.00 0.00 0.00 0
16797 0.00 0.00 0.00 0
16798 0.00 0.00 0.00 0
16799 0.00 0.00 0.00 0
16800 0.00 0.00 0.00 0
16801 0.00 0.00 0.00 0
16802 0.00 0.00 0.00 0
16803 0.00 0.00 0.00 0
18115 0.00 0.00 0.00 0
18116 0.00 0.00 0.00 0
18117 0.00 0.00 0.00 0
18118 0.00 0.00 0.00 0
18119 0.00 0.00 0.00 0
18128 0.00 0.00 0.00 0
18130 0.00 0.00 0.00 0
18131 0.00 0.00 0.00 0
18132 0.00 0.00 0.00 0
18133 0.00 0.00 0.00 0
18134 0.00 0.00 0.00 0
18148 0.00 0.00 0.00 0
18150 0.00 0.00 0.00 0
18151 0.00 0.00 0.00 0
18152 0.00 0.00 0.00 0
18153 0.00 0.00 0.00 0
18154 0.00 0.00 0.00 0
18155 0.00 0.00 0.00 0
18156 0.00 0.00 0.00 0
18157 0.00 0.00 0.00 0
18158 0.00 0.00 0.00 0
18159 0.00 0.00 0.00 0
18161 0.00 0.00 0.00 0
20498 0.00 0.00 0.00 0
20499 0.00 0.00 0.00 0
20500 0.00 0.00 0.00 0
20501 0.00 0.00 0.00 0
20502 0.00 0.00 0.00 0
20503 0.00 0.00 0.00 0
20504 0.00 0.00 0.00 0
20505 0.00 0.00 0.00 0
20507 0.00 0.00 0.00 0
23967 0.00 0.00 0.00 0
23968 0.00 0.00 0.00 0
23969 0.00 0.00 0.00 0
23970 0.00 0.00 0.00 0
23971 0.00 0.00 0.00 0
25047 0.00 0.00 0.00 0
25048 0.00 0.00 0.00 0
25049 0.00 0.00 0.00 0
25050 0.00 0.00 0.00 0
25051 0.00 0.00 0.00 0
25055 0.00 0.00 0.00 0
25056 0.00 0.00 0.00 0
25057 0.00 0.00 0.00 0
25058 0.00 0.00 0.00 0
25059 0.00 0.00 0.00 0
25060 0.00 0.00 0.00 0
25847 0.00 0.00 0.00 0
25856 0.00 0.00 0.00 0
25867 0.00 0.00 0.00 0
25868 0.00 0.00 0.00 0
25869 0.00 0.00 0.00 0
25870 0.00 0.00 0.00 0
25871 0.00 0.00 0.00 0
27275 0.00 0.00 0.00 0
27276 0.00 0.00 0.00 0
27277 0.00 0.00 0.00 0
27278 0.00 0.00 0.00 0
27279 0.00 0.00 0.00 0
30968 0.00 0.00 0.00 0
30974 0.00 0.00 0.00 0
30975 0.00 0.00 0.00 0
30976 0.00 0.00 0.00 0
33357 0.00 0.00 0.00 0
33358 0.00 0.00 0.00 0
33359 0.00 0.00 0.00 0
33360 0.00 0.00 0.00 0
33361 0.00 0.00 0.00 0
33362 0.00 0.00 0.00 0
33363 0.00 0.00 0.00 0
33364 0.00 0.00 0.00 0
33365 0.00 0.00 0.00 0
33366 0.00 0.00 0.00 0
33367 0.00 0.00 0.00 0
33369 0.00 0.00 0.00 0
33370 0.00 0.00 0.00 0
33371 0.00 0.00 0.00 0
33372 0.00 0.00 0.00 0
33373 0.00 0.00 0.00 0
33374 0.00 0.00 0.00 0
33375 0.00 0.00 0.00 0
33376 0.00 0.00 0.00 0
33377 0.00 0.00 0.00 0
33378 0.00 0.00 0.00 0
33379 0.00 0.00 0.00 0
33380 0.00 0.00 0.00 0
35033 0.00 0.00 0.00 0
35034 0.00 0.00 0.00 0
35037 0.00 0.00 0.00 0
35038 0.00 0.00 0.00 0
35039 0.00 0.00 0.00 0
35040 0.00 0.00 0.00 0
35041 0.00 0.00 0.00 0
35042 0.00 0.00 0.00 0
35043 0.00 0.00 0.00 0
35044 0.00 0.00 0.00 0
35045 0.00 0.00 0.00 0
35064 0.00 0.00 0.00 0
35065 0.00 0.00 0.00 0
35066 0.00 0.00 0.00 0
35067 0.00 0.00 0.00 0
35068 0.00 0.00 0.00 0
35069 0.00 0.00 0.00 0
35070 0.00 0.00 0.00 0
35071 0.00 0.00 0.00 0
35072 0.00 0.00 0.00 0
35073 0.00 0.00 0.00 0
35074 0.00 0.00 0.00 0
35075 0.00 0.00 0.00 0
35076 0.00 0.00 0.00 0
35077 0.00 0.00 0.00 0
35078 0.00 0.00 0.00 0
35079 0.00 0.00 0.00 0
35080 0.00 0.00 0.00 0
37908 0.00 0.00 0.00 0
37909 0.00 0.00 0.00 0
37910 0.00 0.00 0.00 0
37911 0.00 0.00 0.00 0
37912 0.00 0.00 0.00 0
37913 0.00 0.00 0.00 0
37914 0.00 0.00 0.00 0
37915 0.00 0.00 0.00 0
37917 0.00 0.00 0.00 0
37918 0.00 0.00 0.00 0
37919 0.00 0.00 0.00 0
37922 0.00 0.00 0.00 0
41475 0.00 0.00 0.00 0
41476 0.00 0.00 0.00 0
41477 0.00 0.00 0.00 0
42075 0.00 0.00 0.00 0
42076 0.00 0.00 0.00 0
43313 0.00 0.00 0.00 0
43314 0.00 0.00 0.00 0
43315 0.00 0.00 0.00 0
45705 0.00 0.00 0.00 0
45706 0.00 0.00 0.00 0
45707 0.00 0.00 0.00 0
45708 0.00 0.00 0.00 0
45709 0.00 0.00 0.00 0
45710 0.00 0.00 0.00 0
45711 0.00 0.00 0.00 0
45712 0.00 0.00 0.00 0
47505 0.00 0.00 0.00 0
47506 0.00 0.00 0.00 0
47507 0.00 0.00 0.00 0
47508 0.00 0.00 0.00 0
47509 0.00 0.00 0.00 0
47510 0.00 0.00 0.00 0
47511 0.00 0.00 0.00 0
47512 0.00 0.00 0.00 0
47516 0.00 0.00 0.00 0
47517 0.00 0.00 0.00 0
47518 0.00 0.00 0.00 0
47519 0.00 0.00 0.00 0
47520 0.00 0.00 0.00 0
47521 0.00 0.00 0.00 0
47522 0.00 0.00 0.00 0
47523 0.00 0.00 0.00 0
47524 0.00 0.00 0.00 0
47525 0.00 0.00 0.00 0
48835 0.00 0.00 0.00 0
48836 0.00 0.00 0.00 0
48837 0.00 0.00 0.00 0
48838 0.00 0.00 0.00 0
48839 0.00 0.00 0.00 0
48850 0.00 0.00 0.00 0
48851 0.00 0.00 0.00 0
48852 0.00 0.00 0.00 0
48853 0.00 0.00 0.00 0
48854 0.00 0.00 0.00 0
48867 0.00 0.00 0.00 0
48868 0.00 0.00 0.00 0
48869 0.00 0.00 0.00 0
48873 0.00 0.00 0.00 0
48874 0.00 0.00 0.00 0
48875 0.00 0.00 0.00 0
48876 0.00 0.00 0.00 0
48877 0.00 0.00 0.00 0
48878 0.00 0.00 0.00 0
48879 0.00 0.00 0.00 0
51218 0.00 0.00 0.00 0
51219 0.00 0.00 0.00 0
51220 0.00 0.00 0.00 0
51221 0.00 0.00 0.00 0
51222 0.00 0.00 0.00 0
51223 0.00 0.00 0.00 0
51224 0.00 0.00 0.00 0
51225 0.00 0.00 0.00 0
55305 0.00 0.00 0.00 0
55306 0.00 0.00 0.00 0
55307 0.00 0.00 0.00 0
55308 0.00 0.00 0.00 0
55309 0.00 0.00 0.00 0
55310 0.00 0.00 0.00 0
55311 0.00 0.00 0.00 0
55312 0.00 0.00 0.00 0
57105 0.00 0.00 0.00 0
57106 0.00 0.00 0.00 0
57107 0.00 0.00 0.00 0
57108 0.00 0.00 0.00 0
57109 0.00 0.00 0.00 0
57110 0.00 0.00 0.00 0
57111 0.00 0.00 0.00 0
57112 0.00 0.00 0.00 0
57118 0.00 0.00 0.00 0
57119 0.00 0.00 0.00 0
57120 0.00 0.00 0.00 0
57121 0.00 0.00 0.00 0
57122 0.00 0.00 0.00 0
57124 0.00 0.00 0.00 0
57125 0.00 0.00 0.00 0
57126 0.00 0.00 0.00 0
58452 0.00 0.00 0.00 0
58453 0.00 0.00 0.00 0
58454 0.00 0.00 0.00 0
58476 0.00 0.00 0.00 0
60818 0.00 0.00 0.00 0
60819 0.00 0.00 0.00 0
60820 0.00 0.00 0.00 0
60821 0.00 0.00 0.00 0
60822 0.00 0.00 0.00 0
60823 0.00 0.00 0.00 0
60824 0.00 0.00 0.00 0
60825 0.00 0.00 0.00 0
67995 0.00 0.00 0.00 0
67997 0.00 0.00 0.00 0
67998 0.00 0.00 0.00 0
68003 0.00 0.00 0.00 0
68004 0.00 0.00 0.00 0
68005 0.00 0.00 0.00 0
68006 0.00 0.00 0.00 0
68007 0.00 0.00 0.00 0
68013 0.00 0.00 0.00 0
68018 0.00 0.00 0.00 0
68019 0.00 0.00 0.00 0
68020 0.00 0.00 0.00 0
73395 0.00 0.00 0.00 0
73396 0.00 0.00 0.00 0
73397 0.00 0.00 0.00 0
73398 0.00 0.00 0.00 0
73399 0.00 0.00 0.00 0
73400 0.00 0.00 0.00 0
73401 0.00 0.00 0.00 0
73402 0.00 0.00 0.00 0
73403 0.00 0.00 0.00 0
73404 0.00 0.00 0.00 0
73405 0.00 0.00 0.00 0
73406 0.00 0.00 0.00 0
73407 0.00 0.00 0.00 0
73408 0.00 0.00 0.00 0
73409 0.00 0.00 0.00 0
73410 0.00 0.00 0.00 0
73411 0.00 0.00 0.00 0
73412 0.00 0.00 0.00 0
73413 0.00 0.00 0.00 0
73414 0.00 0.00 0.00 0
73415 0.00 0.00 0.00 0
73416 0.00 0.00 0.00 0
73417 0.00 0.00 0.00 0
73424 0.00 0.00 0.00 0
73425 0.00 0.00 0.00 0
73428 0.00 0.00 0.00 0
73429 0.00 0.00 0.00 0
73430 0.00 0.00 0.00 0
73431 0.00 0.00 0.00 0
73432 0.00 0.00 0.00 0
73433 0.00 0.00 0.00 0
73434 0.00 0.00 0.00 0
73435 0.00 0.00 0.00 0
73436 0.00 0.00 0.00 0
73437 0.00 0.00 0.00 0
73438 0.00 0.00 0.00 0
73439 0.00 0.00 0.00 0
73440 0.00 0.00 0.00 0
73441 0.00 0.00 0.00 0
73442 0.00 0.00 0.00 0
73443 0.00 0.00 0.00 0
73444 0.00 0.00 0.00 0
73445 0.00 0.00 0.00 0
73446 0.00 0.00 0.00 0
73447 0.00 0.00 0.00 0
73448 0.00 0.00 0.00 0
73449 0.00 0.00 0.00 0
73450 0.00 0.00 0.00 0
77385 0.00 0.00 0.00 0
77387 0.00 0.00 0.00 0
77388 0.00 0.00 0.00 0
77389 0.00 0.00 0.00 0
77390 0.00 0.00 0.00 0
77416 0.00 0.00 0.00 0
77420 0.00 0.00 0.00 0
77422 0.00 0.00 0.00 0
77423 0.00 0.00 0.00 0
77424 0.00 0.00 0.00 0
77425 0.00 0.00 0.00 0
77426 0.00 0.00 0.00 0
77427 0.00 0.00 0.00 0
77428 0.00 0.00 0.00 0
77429 0.00 0.00 0.00 0
77432 0.00 0.00 0.00 0
77433 0.00 0.00 0.00 0
77434 0.00 0.00 0.00 0
77435 0.00 0.00 0.00 0
77436 0.00 0.00 0.00 0
77437 0.00 0.00 0.00 0
77438 0.00 0.00 0.00 0
77439 0.00 0.00 0.00 0
77440 0.00 0.00 0.00 0
77441 0.00 0.00 0.00 0
77442 0.00 0.00 0.00 0
77443 0.00 0.00 0.00 0
77444 0.00 0.00 0.00 0
77491 0.00 0.00 0.00 0
77492 0.00 0.00 0.00 0
77493 0.00 0.00 0.00 0
77494 0.00 0.00 0.00 0
77495 0.00 0.00 0.00 0
77496 0.00 0.00 0.00 0
77497 0.00 0.00 0.00 0
77498 0.00 0.00 0.00 0
77499 0.00 0.00 0.00 0
77500 0.00 0.00 0.00 0
77501 0.00 0.00 0.00 0
77502 0.00 0.00 0.00 0
77503 0.00 0.00 0.00 0
77504 0.00 0.00 0.00 0
77505 0.00 0.00 0.00 0
77506 0.00 0.00 0.00 0
77507 0.00 0.00 0.00 0
77508 0.00 0.00 0.00 0
77509 0.00 0.00 0.00 0
77510 0.00 0.00 0.00 0
77511 0.00 0.00 0.00 0
77512 0.00 0.00 0.00 0
77513 0.00 0.00 0.00 0
77514 0.00 0.00 0.00 0
77515 0.00 0.00 0.00 0
77516 0.00 0.00 0.00 0
77517 0.00 0.00 0.00 0
77518 0.00 0.00 0.00 0
77519 0.00 0.00 0.00 0
77520 0.00 0.00 0.00 0
77521 0.00 0.00 0.00 0
77522 0.00 0.00 0.00 0
77523 0.00 0.00 0.00 0
77524 0.00 0.00 0.00 0
77525 0.00 0.00 0.00 0
77526 0.00 0.00 0.00 0
77527 0.00 0.00 0.00 0
77528 0.00 0.00 0.00 0
77529 0.00 0.00 0.00 0
77531 0.00 0.00 0.00 0
77532 0.00 0.00 0.00 0
77533 0.00 0.00 0.00 0
84533 0.00 0.00 0.00 0
84534 0.00 0.00 0.00 0
84535 0.00 0.00 0.00 0
84536 0.00 0.00 0.00 0
84537 0.00 0.00 0.00 0
84538 0.00 0.00 0.00 0
84539 0.00 0.00 0.00 0
84540 0.00 0.00 0.00 0
84541 0.00 0.00 0.00 0
84542 0.00 0.00 0.00 0
84543 0.00 0.00 0.00 0
84544 0.00 0.00 0.00 0
84545 0.00 0.00 0.00 0
84546 0.00 0.00 0.00 0
84547 0.00 0.00 0.00 0
84548 0.00 0.00 0.00 0
84549 0.00 0.00 0.00 0
84550 0.00 0.00 0.00 0
84551 0.00 0.00 0.00 0
84552 0.00 0.00 0.00 0
84553 0.00 0.00 0.00 0
84556 0.00 0.00 0.00 0
84557 0.00 0.00 0.00 0
84558 0.00 0.00 0.00 0
84559 0.00 0.00 0.00 0
84560 0.00 0.00 0.00 0
84561 0.00 0.00 0.00 0
84562 0.00 0.00 0.00 0
84563 0.00 0.00 0.00 0
93087 0.00 0.00 0.00 0
93088 0.00 0.00 0.00 0
93089 0.00 0.00 0.00 0
93090 0.00 0.00 0.00 0
93091 0.00 0.00 0.00 0
94167 0.00 0.00 0.00 0
94168 0.00 0.00 0.00 0
94169 0.00 0.00 0.00 0
94170 0.00 0.00 0.00 0
94171 0.00 0.00 0.00 0
94177 0.00 0.00 0.00 0
96395 0.00 0.00 0.00 0
96396 0.00 0.00 0.00 0
96397 0.00 0.00 0.00 0
96398 0.00 0.00 0.00 0
96399 0.00 0.00 0.00 0
100701 0.00 0.00 0.00 0
100702 0.00 0.00 0.00 0
100703 0.00 0.00 0.00 0
100704 0.00 0.00 0.00 0
100705 0.00 0.00 0.00 0
100706 0.00 0.00 0.00 0
100707 0.00 0.00 0.00 0
100708 0.00 0.00 0.00 0
100709 0.00 0.00 0.00 0
100710 0.00 0.00 0.00 0
100711 0.00 0.00 0.00 0
100712 0.00 0.00 0.00 0
100713 0.00 0.00 0.00 0
100714 0.00 0.00 0.00 0
100715 0.00 0.00 0.00 0
103941 0.00 0.00 0.00 0
103942 0.00 0.00 0.00 0
103943 0.00 0.00 0.00 0
103944 0.00 0.00 0.00 0
103945 0.00 0.00 0.00 0
103946 0.00 0.00 0.00 0
103947 0.00 0.00 0.00 0
103948 0.00 0.00 0.00 0
103949 0.00 0.00 0.00 0
103950 0.00 0.00 0.00 0
103951 0.00 0.00 0.00 0
103952 0.00 0.00 0.00 0
103953 0.00 0.00 0.00 0
103954 0.00 0.00 0.00 0
103960 0.00 0.00 0.00 0
103961 0.00 0.00 0.00 0
103962 0.00 0.00 0.00 0
103963 0.00 0.00 0.00 0
103964 0.00 0.00 0.00 0
103965 0.00 0.00 0.00 0
103966 0.00 0.00 0.00 0
103967 0.00 0.00 0.00 0
103968 0.00 0.00 0.00 0
103969 0.00 0.00 0.00 0
103970 0.00 0.00 0.00 0
103971 0.00 0.00 0.00 0
103972 0.00 0.00 0.00 0
103973 0.00 0.00 0.00 0
103974 0.00 0.00 0.00 0
103975 0.00 0.00 0.00 0
106335 0.00 0.00 0.00 0
106336 0.00 0.00 0.00 0
106337 0.00 0.00 0.00 0
106338 0.00 0.00 0.00 0
106339 0.00 0.00 0.00 0
106340 0.00 0.00 0.00 0
106341 0.00 0.00 0.00 0
106342 0.00 0.00 0.00 0
106357 0.00 0.00 0.00 0
106358 0.00 0.00 0.00 0
106359 0.00 0.00 0.00 0
106360 0.00 0.00 0.00 0
106361 0.00 0.00 0.00 0
106363 0.00 0.00 0.00 0
106364 0.00 0.00 0.00 0
106365 0.00 0.00 0.00 0
106366 0.00 0.00 0.00 0
106367 0.00 0.00 0.00 0
106368 0.00 0.00 0.00 0
106369 0.00 0.00 0.00 0
106370 0.00 0.00 0.00 0
106399 0.00 0.00 0.00 0
106401 0.00 0.00 0.00 0
106402 0.00 0.00 0.00 0
106403 0.00 0.00 0.00 0
106404 0.00 0.00 0.00 0
106405 0.00 0.00 0.00 0
106406 0.00 0.00 0.00 0
106407 0.00 0.00 0.00 0
106408 0.00 0.00 0.00 0
106409 0.00 0.00 0.00 0
106410 0.00 0.00 0.00 0
106411 0.00 0.00 0.00 0
106412 0.00 0.00 0.00 0
106413 0.00 0.00 0.00 0
106414 0.00 0.00 0.00 0
106415 0.00 0.00 0.00 0
106417 0.00 0.00 0.00 0
106419 0.00 0.00 0.00 0
106420 0.00 0.00 0.00 0
106421 0.00 0.00 0.00 0
110624 0.00 0.00 0.00 0
110625 0.00 0.00 0.00 0
110626 0.00 0.00 0.00 0
110627 0.00 0.00 0.00 0
110628 0.00 0.00 0.00 0
110629 0.00 0.00 0.00 0
110630 0.00 0.00 0.00 0
110631 0.00 0.00 0.00 0
110632 0.00 0.00 0.00 0
110633 0.00 0.00 0.00 0
110634 0.00 0.00 0.00 0
110635 0.00 0.00 0.00 0
110636 0.00 0.00 0.00 0
110637 0.00 0.00 0.00 0
110638 0.00 0.00 0.00 0
110639 0.00 0.00 0.00 0
110640 0.00 0.00 0.00 0
117363 0.00 0.00 0.00 0
117364 0.00 0.00 0.00 0
117365 0.00 0.00 0.00 0
117366 0.00 0.00 0.00 0
117367 0.00 0.00 0.00 0
117368 0.00 0.00 0.00 0
117369 0.00 0.00 0.00 0
117370 0.00 0.00 0.00 0
117371 0.00 0.00 0.00 0
117372 0.00 0.00 0.00 0
117373 0.00 0.00 0.00 0
119883 0.00 0.00 0.00 0
119884 0.00 0.00 0.00 0
119885 0.00 0.00 0.00 0
119886 0.00 0.00 0.00 0
119887 0.00 0.00 0.00 0
119888 0.00 0.00 0.00 0
119889 0.00 0.00 0.00 0
119890 0.00 0.00 0.00 0
119891 0.00 0.00 0.00 0
119892 0.00 0.00 0.00 0
119893 0.00 0.00 0.00 0
119902 0.00 0.00 0.00 0
119903 0.00 0.00 0.00 0
119904 0.00 0.00 0.00 0
119905 0.00 0.00 0.00 0
119906 0.00 0.00 0.00 0
119907 0.00 0.00 0.00 0
119908 0.00 0.00 0.00 0
119909 0.00 0.00 0.00 0
119910 0.00 0.00 0.00 0
119911 0.00 0.00 0.00 0
119912 0.00 0.00 0.00 0
119913 0.00 0.00 0.00 0
119914 0.00 0.00 0.00 0
121745 0.00 0.00 0.00 0
121748 0.00 0.00 0.00 0
121749 0.00 0.00 0.00 0
121750 0.00 0.00 0.00 0
121751 0.00 0.00 0.00 0
121771 0.00 0.00 0.00 0
121772 0.00 0.00 0.00 0
121797 0.00 0.00 0.00 0
121798 0.00 0.00 0.00 0
121800 0.00 0.00 0.00 0
121801 0.00 0.00 0.00 0
121802 0.00 0.00 0.00 0
121803 0.00 0.00 0.00 0
121804 0.00 0.00 0.00 0
121805 0.00 0.00 0.00 0
121806 0.00 0.00 0.00 0
121807 0.00 0.00 0.00 0
125081 0.00 0.00 0.00 0
125082 0.00 0.00 0.00 0
125083 0.00 0.00 0.00 0
125084 0.00 0.00 0.00 0
125085 0.00 0.00 0.00 0
125086 0.00 0.00 0.00 0
125087 0.00 0.00 0.00 0
125088 0.00 0.00 0.00 0
125089 0.00 0.00 0.00 0
125090 0.00 0.00 0.00 0
125091 0.00 0.00 0.00 0
134516 0.00 0.00 0.00 0
134522 0.00 0.00 0.00 0
134523 0.00 0.00 0.00 0
134524 0.00 0.00 0.00 0
134525 0.00 0.00 0.00 0
134526 0.00 0.00 0.00 0
134540 0.00 0.00 0.00 0
134541 0.00 0.00 0.00 0
134542 0.00 0.00 0.00 0
134543 0.00 0.00 0.00 0
134544 0.00 0.00 0.00 0
134546 0.00 0.00 0.00 0
134547 0.00 0.00 0.00 0
141225 0.00 0.00 0.00 0
141226 0.00 0.00 0.00 0
141227 0.00 0.00 0.00 0
141228 0.00 0.00 0.00 0
141229 0.00 0.00 0.00 0
141230 0.00 0.00 0.00 0
141231 0.00 0.00 0.00 0
141232 0.00 0.00 0.00 0
141233 0.00 0.00 0.00 0
141234 0.00 0.00 0.00 0
141235 0.00 0.00 0.00 0
141236 0.00 0.00 0.00 0
141237 0.00 0.00 0.00 0
141238 0.00 0.00 0.00 0
141239 0.00 0.00 0.00 0
141240 0.00 0.00 0.00 0
141241 0.00 0.00 0.00 0
141242 0.00 0.00 0.00 0
141243 0.00 0.00 0.00 0
141244 0.00 0.00 0.00 0
141245 0.00 0.00 0.00 0
141246 0.00 0.00 0.00 0
141247 0.00 0.00 0.00 0
141248 0.00 0.00 0.00 0
141249 0.00 0.00 0.00 0
141250 0.00 0.00 0.00 0
141251 0.00 0.00 0.00 0
141252 0.00 0.00 0.00 0
141253 0.00 0.00 0.00 0
141259 0.00 0.00 0.00 0
141260 0.00 0.00 0.00 0
141261 0.00 0.00 0.00 0
141262 0.00 0.00 0.00 0
141266 0.00 0.00 0.00 0
141267 0.00 0.00 0.00 0
141268 0.00 0.00 0.00 0
141269 0.00 0.00 0.00 0
141270 0.00 0.00 0.00 0
141271 0.00 0.00 0.00 0
141272 0.00 0.00 0.00 0
141273 0.00 0.00 0.00 0
141274 0.00 0.00 0.00 0
141275 0.00 0.00 0.00 0
141276 0.00 0.00 0.00 0
141277 0.00 0.00 0.00 0
141278 0.00 0.00 0.00 0
141279 0.00 0.00 0.00 0
141280 0.00 0.00 0.00 0
141281 0.00 0.00 0.00 0
141282 0.00 0.00 0.00 0
141283 0.00 0.00 0.00 0
141284 0.00 0.00 0.00 0
141285 0.00 0.00 0.00 0
141286 0.00 0.00 0.00 0
141287 0.00 0.00 0.00 0
141288 0.00 0.00 0.00 0
141290 0.00 0.00 0.00 0
141291 0.00 0.00 0.00 0
141292 0.00 0.00 0.00 0
141294 0.00 0.00 0.00 0
141295 0.00 0.00 0.00 0
141296 0.00 0.00 0.00 0
146085 0.00 0.00 0.00 0
146108 0.00 0.00 0.00 0
146116 0.00 0.00 0.00 0
146117 0.00 0.00 0.00 0
146118 0.00 0.00 0.00 0
146119 0.00 0.00 0.00 0
146128 0.00 0.00 0.00 0
146129 0.00 0.00 0.00 0
146130 0.00 0.00 0.00 0
146131 0.00 0.00 0.00 0
146132 0.00 0.00 0.00 0
146133 0.00 0.00 0.00 0
146134 0.00 0.00 0.00 0
146135 0.00 0.00 0.00 0
146138 0.00 0.00 0.00 0
146139 0.00 0.00 0.00 0
146140 0.00 0.00 0.00 0
146141 0.00 0.00 0.00 0
146142 0.00 0.00 0.00 0
146143 0.00 0.00 0.00 0
146144 0.00 0.00 0.00 0
146145 0.00 0.00 0.00 0
146146 0.00 0.00 0.00 0
146147 0.00 0.00 0.00 0
146148 0.00 0.00 0.00 0
146149 0.00 0.00 0.00 0
146150 0.00 0.00 0.00 0
146151 0.00 0.00 0.00 0
146152 0.00 0.00 0.00 0
146153 0.00 0.00 0.00 0
146208 0.00 0.00 0.00 0
146210 0.00 0.00 0.00 0
146211 0.00 0.00 0.00 0
146212 0.00 0.00 0.00 0
146213 0.00 0.00 0.00 0
146214 0.00 0.00 0.00 0
146215 0.00 0.00 0.00 0
146216 0.00 0.00 0.00 0
146217 0.00 0.00 0.00 0
146218 0.00 0.00 0.00 0
146219 0.00 0.00 0.00 0
146220 0.00 0.00 0.00 0
146221 0.00 0.00 0.00 0
146222 0.00 0.00 0.00 0
146223 0.00 0.00 0.00 0
146224 0.00 0.00 0.00 0
146225 0.00 0.00 0.00 0
146226 0.00 0.00 0.00 0
146227 0.00 0.00 0.00 0
146228 0.00 0.00 0.00 0
146229 0.00 0.00 0.00 0
146230 0.00 0.00 0.00 0
146231 0.00 0.00 0.00 0
146232 0.00 0.00 0.00 0
146233 0.00 0.00 0.00 0
146234 0.00 0.00 0.00 0
146235 0.00 0.00 0.00 0
146236 0.00 0.00 0.00 0
146237 0.00 0.00 0.00 0
146238 0.00 0.00 0.00 0
146239 0.00 0.00 0.00 0
146240 0.00 0.00 0.00 0
146241 0.00 0.00 0.00 0
146242 0.00 0.00 0.00 0
146243 0.00 0.00 0.00 0
146244 0.00 0.00 0.00 0
146245 0.00 0.00 0.00 0
146246 0.00 0.00 0.00 0
146247 0.00 0.00 0.00 0
146248 0.00 0.00 0.00 0
146249 0.00 0.00 0.00 0
146250 0.00 0.00 0.00 0
146251 0.00 0.00 0.00 0
146252 0.00 0.00 0.00 0
146253 0.00 0.00 0.00 0
146254 0.00 0.00 0.00 0
146255 0.00 0.00 0.00 0
146256 0.00 0.00 0.00 0
146257 0.00 0.00 0.00 0
146258 0.00 0.00 0.00 0
146259 0.00 0.00 0.00 0
146260 0.00 0.00 0.00 0
154686 0.00 0.00 0.00 0
154687 0.00 0.00 0.00 0
154688 0.00 0.00 0.00 0
154689 0.00 0.00 0.00 0
154690 0.00 0.00 0.00 0
154691 0.00 0.00 0.00 0
154692 0.00 0.00 0.00 0
154693 0.00 0.00 0.00 0
154694 0.00 0.00 0.00 0
154695 0.00 0.00 0.00 0
154696 0.00 0.00 0.00 0
154697 0.00 0.00 0.00 0
154698 0.00 0.00 0.00 0
154699 0.00 0.00 0.00 0
154700 0.00 0.00 0.00 0
154701 0.00 0.00 0.00 0
154702 0.00 0.00 0.00 0
154703 0.00 0.00 0.00 0
154704 0.00 0.00 0.00 0
154705 0.00 0.00 0.00 0
154706 0.00 0.00 0.00 0
154707 0.00 0.00 0.00 0
154708 0.00 0.00 0.00 0
154709 0.00 0.00 0.00 0
154713 0.00 0.00 0.00 0
154714 0.00 0.00 0.00 0
154715 0.00 0.00 0.00 0
154716 0.00 0.00 0.00 0
154717 0.00 0.00 0.00 0
154718 0.00 0.00 0.00 0
154719 0.00 0.00 0.00 0
154720 0.00 0.00 0.00 0
154721 0.00 0.00 0.00 0
154729 0.00 0.00 0.00 0
154730 0.00 0.00 0.00 0
154731 0.00 0.00 0.00 0
154732 0.00 0.00 0.00 0
