# G_cingul-Post-ventral
575
89 0.00 0.00 0.00 0
90 0.00 0.00 0.00 0
449 0.00 0.00 0.00 0
596 0.00 0.00 0.00 0
986 0.00 0.00 0.00 0
1324 0.00 0.00 0.00 0
1325 0.00 0.00 0.00 0
1793 0.00 0.00 0.00 0
2005 0.00 0.00 0.00 0
2424 0.00 0.00 0.00 0
2425 0.00 0.00 0.00 0
2906 0.00 0.00 0.00 0
3245 0.00 0.00 0.00 0
3246 0.00 0.00 0.00 0
3948 0.00 0.00 0.00 0
4396 0.00 0.00 0.00 0
5414 0.00 0.00 0.00 0
5415 0.00 0.00 0.00 0
5416 0.00 0.00 0.00 0
5417 0.00 0.00 0.00 0
6381 0.00 0.00 0.00 0
6382 0.00 0.00 0.00 0
6992 0.00 0.00 0.00 0
6993 0.00 0.00 0.00 0
6994 0.00 0.00 0.00 0
6995 0.00 0.00 0.00 0
7401 0.00 0.00 0.00 0
7402 0.00 0.00 0.00 0
8021 0.00 0.00 0.00 0
8593 0.00 0.00 0.00 0
8600 0.00 0.00 0.00 0
8601 0.00 0.00 0.00 0
8602 0.00 0.00 0.00 0
9828 0.00 0.00 0.00 0
9829 0.00 0.00 0.00 0
10584 0.00 0.00 0.00 0
10585 0.00 0.00 0.00 0
10586 0.00 0.00 0.00 0
12072 0.00 0.00 0.00 0
12073 0.00 0.00 0.00 0
12074 0.00 0.00 0.00 0
12075 0.00 0.00 0.00 0
12076 0.00 0.00 0.00 0
13094 0.00 0.00 0.00 0
13095 0.00 0.00 0.00 0
13096 0.00 0.00 0.00 0
14472 0.00 0.00 0.00 0
14473 0.00 0.00 0.00 0
14474 0.00 0.00 0.00 0
14475 0.00 0.00 0.00 0
14476 0.00 0.00 0.00 0
15490 0.00 0.00 0.00 0
15492 0.00 0.00 0.00 0
15493 0.00 0.00 0.00 0
15494 0.00 0.00 0.00 0
15495 0.00 0.00 0.00 0
15496 0.00 0.00 0.00 0
15497 0.00 0.00 0.00 0
15498 0.00 0.00 0.00 0
16269 0.00 0.00 0.00 0
17597 0.00 0.00 0.00 0
18942 0.00 0.00 0.00 0
18944 0.00 0.00 0.00 0
18945 0.00 0.00 0.00 0
18946 0.00 0.00 0.00 0
18948 0.00 0.00 0.00 0
18966 0.00 0.00 0.00 0
18967 0.00 0.00 0.00 0
18968 0.00 0.00 0.00 0
18969 0.00 0.00 0.00 0
18970 0.00 0.00 0.00 0
22005 0.00 0.00 0.00 0
22006 0.00 0.00 0.00 0
22007 0.00 0.00 0.00 0
22008 0.00 0.00 0.00 0
22012 0.00 0.00 0.00 0
22013 0.00 0.00 0.00 0
22014 0.00 0.00 0.00 0
23661 0.00 0.00 0.00 0
23662 0.00 0.00 0.00 0
24271 0.00 0.00 0.00 0
24272 0.00 0.00 0.00 0
24273 0.00 0.00 0.00 0
24274 0.00 0.00 0.00 0
24275 0.00 0.00 0.00 0
24276 0.00 0.00 0.00 0
25536 0.00 0.00 0.00 0
25537 0.00 0.00 0.00 0
26343 0.00 0.00 0.00 0
26344 0.00 0.00 0.00 0
28178 0.00 0.00 0.00 0
28179 0.00 0.00 0.00 0
28180 0.00 0.00 0.00 0
28181 0.00 0.00 0.00 0
28182 0.00 0.00 0.00 0
28183 0.00 0.00 0.00 0
28184 0.00 0.00 0.00 0
28185 0.00 0.00 0.00 0
30248 0.00 0.00 0.00 0
30249 0.00 0.00 0.00 0
30250 0.00 0.00 0.00 0
31675 0.00 0.00 0.00 0
31676 0.00 0.00 0.00 0
31677 0.00 0.00 0.00 0
31678 0.00 0.00 0.00 0
31679 0.00 0.00 0.00 0
31680 0.00 0.00 0.00 0
31681 0.00 0.00 0.00 0
31682 0.00 0.00 0.00 0
31683 0.00 0.00 0.00 0
31684 0.00 0.00 0.00 0
32703 0.00 0.00 0.00 0
32704 0.00 0.00 0.00 0
32705 0.00 0.00 0.00 0
34385 0.00 0.00 0.00 0
34386 0.00 0.00 0.00 0
36036 0.00 0.00 0.00 0
36037 0.00 0.00 0.00 0
36038 0.00 0.00 0.00 0
36039 0.00 0.00 0.00 0
36040 0.00 0.00 0.00 0
36043 0.00 0.00 0.00 0
36044 0.00 0.00 0.00 0
36045 0.00 0.00 0.00 0
36046 0.00 0.00 0.00 0
36055 0.00 0.00 0.00 0
36056 0.00 0.00 0.00 0
36057 0.00 0.00 0.00 0
36058 0.00 0.00 0.00 0
36060 0.00 0.00 0.00 0
36061 0.00 0.00 0.00 0
36062 0.00 0.00 0.00 0
36063 0.00 0.00 0.00 0
36064 0.00 0.00 0.00 0
36065 0.00 0.00 0.00 0
36066 0.00 0.00 0.00 0
36067 0.00 0.00 0.00 0
39720 0.00 0.00 0.00 0
39721 0.00 0.00 0.00 0
39722 0.00 0.00 0.00 0
39723 0.00 0.00 0.00 0
39724 0.00 0.00 0.00 0
39725 0.00 0.00 0.00 0
39730 0.00 0.00 0.00 0
39731 0.00 0.00 0.00 0
39732 0.00 0.00 0.00 0
41304 0.00 0.00 0.00 0
41305 0.00 0.00 0.00 0
41306 0.00 0.00 0.00 0
41747 0.00 0.00 0.00 0
41749 0.00 0.00 0.00 0
42792 0.00 0.00 0.00 0
42793 0.00 0.00 0.00 0
42794 0.00 0.00 0.00 0
42795 0.00 0.00 0.00 0
42796 0.00 0.00 0.00 0
43813 0.00 0.00 0.00 0
43814 0.00 0.00 0.00 0
43815 0.00 0.00 0.00 0
43816 0.00 0.00 0.00 0
45192 0.00 0.00 0.00 0
45193 0.00 0.00 0.00 0
45194 0.00 0.00 0.00 0
45195 0.00 0.00 0.00 0
45196 0.00 0.00 0.00 0
46210 0.00 0.00 0.00 0
46211 0.00 0.00 0.00 0
46212 0.00 0.00 0.00 0
46213 0.00 0.00 0.00 0
46214 0.00 0.00 0.00 0
46215 0.00 0.00 0.00 0
46216 0.00 0.00 0.00 0
46218 0.00 0.00 0.00 0
48317 0.00 0.00 0.00 0
48318 0.00 0.00 0.00 0
48319 0.00 0.00 0.00 0
49662 0.00 0.00 0.00 0
49663 0.00 0.00 0.00 0
49664 0.00 0.00 0.00 0
49665 0.00 0.00 0.00 0
49666 0.00 0.00 0.00 0
49687 0.00 0.00 0.00 0
49688 0.00 0.00 0.00 0
49689 0.00 0.00 0.00 0
49690 0.00 0.00 0.00 0
52724 0.00 0.00 0.00 0
52725 0.00 0.00 0.00 0
52726 0.00 0.00 0.00 0
52727 0.00 0.00 0.00 0
52732 0.00 0.00 0.00 0
52733 0.00 0.00 0.00 0
52734 0.00 0.00 0.00 0
54792 0.00 0.00 0.00 0
54793 0.00 0.00 0.00 0
54794 0.00 0.00 0.00 0
54795 0.00 0.00 0.00 0
54796 0.00 0.00 0.00 0
55813 0.00 0.00 0.00 0
55814 0.00 0.00 0.00 0
55815 0.00 0.00 0.00 0
55816 0.00 0.00 0.00 0
55817 0.00 0.00 0.00 0
55818 0.00 0.00 0.00 0
55819 0.00 0.00 0.00 0
55820 0.00 0.00 0.00 0
55821 0.00 0.00 0.00 0
57918 0.00 0.00 0.00 0
57919 0.00 0.00 0.00 0
59255 0.00 0.00 0.00 0
59262 0.00 0.00 0.00 0
59263 0.00 0.00 0.00 0
59264 0.00 0.00 0.00 0
59265 0.00 0.00 0.00 0
59266 0.00 0.00 0.00 0
62324 0.00 0.00 0.00 0
62325 0.00 0.00 0.00 0
62326 0.00 0.00 0.00 0
62327 0.00 0.00 0.00 0
62328 0.00 0.00 0.00 0
62329 0.00 0.00 0.00 0
62330 0.00 0.00 0.00 0
62331 0.00 0.00 0.00 0
62332 0.00 0.00 0.00 0
62333 0.00 0.00 0.00 0
62334 0.00 0.00 0.00 0
66461 0.00 0.00 0.00 0
66462 0.00 0.00 0.00 0
66463 0.00 0.00 0.00 0
66464 0.00 0.00 0.00 0
66465 0.00 0.00 0.00 0
66466 0.00 0.00 0.00 0
69520 0.00 0.00 0.00 0
69521 0.00 0.00 0.00 0
69522 0.00 0.00 0.00 0
69523 0.00 0.00 0.00 0
69524 0.00 0.00 0.00 0
69525 0.00 0.00 0.00 0
69526 0.00 0.00 0.00 0
69527 0.00 0.00 0.00 0
69528 0.00 0.00 0.00 0
69529 0.00 0.00 0.00 0
69530 0.00 0.00 0.00 0
69531 0.00 0.00 0.00 0
69532 0.00 0.00 0.00 0
69533 0.00 0.00 0.00 0
69534 0.00 0.00 0.00 0
69535 0.00 0.00 0.00 0
69536 0.00 0.00 0.00 0
69537 0.00 0.00 0.00 0
69538 0.00 0.00 0.00 0
69539 0.00 0.00 0.00 0
69540 0.00 0.00 0.00 0
69541 0.00 0.00 0.00 0
71844 0.00 0.00 0.00 0
71845 0.00 0.00 0.00 0
71846 0.00 0.00 0.00 0
75827 0.00 0.00 0.00 0
75828 0.00 0.00 0.00 0
75835 0.00 0.00 0.00 0
75837 0.00 0.00 0.00 0
79872 0.00 0.00 0.00 0
79873 0.00 0.00 0.00 0
79874 0.00 0.00 0.00 0
79875 0.00 0.00 0.00 0
79876 0.00 0.00 0.00 0
79877 0.00 0.00 0.00 0
79878 0.00 0.00 0.00 0
79879 0.00 0.00 0.00 0
79880 0.00 0.00 0.00 0
79881 0.00 0.00 0.00 0
79882 0.00 0.00 0.00 0
79883 0.00 0.00 0.00 0
79884 0.00 0.00 0.00 0
79891 0.00 0.00 0.00 0
79892 0.00 0.00 0.00 0
79893 0.00 0.00 0.00 0
79897 0.00 0.00 0.00 0
79898 0.00 0.00 0.00 0
79899 0.00 0.00 0.00 0
79921 0.00 0.00 0.00 0
79922 0.00 0.00 0.00 0
79923 0.00 0.00 0.00 0
79924 0.00 0.00 0.00 0
79925 0.00 0.00 0.00 0
79926 0.00 0.00 0.00 0
79927 0.00 0.00 0.00 0
79928 0.00 0.00 0.00 0
79929 0.00 0.00 0.00 0
79933 0.00 0.00 0.00 0
79934 0.00 0.00 0.00 0
79935 0.00 0.00 0.00 0
79936 0.00 0.00 0.00 0
79937 0.00 0.00 0.00 0
79938 0.00 0.00 0.00 0
79939 0.00 0.00 0.00 0
79940 0.00 0.00 0.00 0
79941 0.00 0.00 0.00 0
79942 0.00 0.00 0.00 0
79943 0.00 0.00 0.00 0
79944 0.00 0.00 0.00 0
79945 0.00 0.00 0.00 0
79946 0.00 0.00 0.00 0
79947 0.00 0.00 0.00 0
79948 0.00 0.00 0.00 0
79949 0.00 0.00 0.00 0
79950 0.00 0.00 0.00 0
79951 0.00 0.00 0.00 0
89052 0.00 0.00 0.00 0
89053 0.00 0.00 0.00 0
89054 0.00 0.00 0.00 0
89055 0.00 0.00 0.00 0
89056 0.00 0.00 0.00 0
89057 0.00 0.00 0.00 0
89058 0.00 0.00 0.00 0
89059 0.00 0.00 0.00 0
89060 0.00 0.00 0.00 0
89061 0.00 0.00 0.00 0
89062 0.00 0.00 0.00 0
89063 0.00 0.00 0.00 0
89064 0.00 0.00 0.00 0
89066 0.00 0.00 0.00 0
89077 0.00 0.00 0.00 0
89078 0.00 0.00 0.00 0
89079 0.00 0.00 0.00 0
89080 0.00 0.00 0.00 0
89081 0.00 0.00 0.00 0
92778 0.00 0.00 0.00 0
92780 0.00 0.00 0.00 0
92781 0.00 0.00 0.00 0
92782 0.00 0.00 0.00 0
93396 0.00 0.00 0.00 0
95456 0.00 0.00 0.00 0
95457 0.00 0.00 0.00 0
95458 0.00 0.00 0.00 0
95459 0.00 0.00 0.00 0
95460 0.00 0.00 0.00 0
95461 0.00 0.00 0.00 0
95462 0.00 0.00 0.00 0
95463 0.00 0.00 0.00 0
95464 0.00 0.00 0.00 0
97297 0.00 0.00 0.00 0
97298 0.00 0.00 0.00 0
97299 0.00 0.00 0.00 0
97300 0.00 0.00 0.00 0
97301 0.00 0.00 0.00 0
97302 0.00 0.00 0.00 0
99776 0.00 0.00 0.00 0
99777 0.00 0.00 0.00 0
99778 0.00 0.00 0.00 0
99779 0.00 0.00 0.00 0
99780 0.00 0.00 0.00 0
99781 0.00 0.00 0.00 0
99782 0.00 0.00 0.00 0
99783 0.00 0.00 0.00 0
99784 0.00 0.00 0.00 0
101610 0.00 0.00 0.00 0
101612 0.00 0.00 0.00 0
101613 0.00 0.00 0.00 0
101616 0.00 0.00 0.00 0
101617 0.00 0.00 0.00 0
101618 0.00 0.00 0.00 0
101619 0.00 0.00 0.00 0
101620 0.00 0.00 0.00 0
101621 0.00 0.00 0.00 0
101622 0.00 0.00 0.00 0
101623 0.00 0.00 0.00 0
101624 0.00 0.00 0.00 0
101625 0.00 0.00 0.00 0
101626 0.00 0.00 0.00 0
101627 0.00 0.00 0.00 0
102161 0.00 0.00 0.00 0
102162 0.00 0.00 0.00 0
103011 0.00 0.00 0.00 0
103012 0.00 0.00 0.00 0
103013 0.00 0.00 0.00 0
105401 0.00 0.00 0.00 0
105403 0.00 0.00 0.00 0
107822 0.00 0.00 0.00 0
107828 0.00 0.00 0.00 0
107829 0.00 0.00 0.00 0
107830 0.00 0.00 0.00 0
107832 0.00 0.00 0.00 0
107862 0.00 0.00 0.00 0
107866 0.00 0.00 0.00 0
107867 0.00 0.00 0.00 0
107868 0.00 0.00 0.00 0
107869 0.00 0.00 0.00 0
107870 0.00 0.00 0.00 0
107871 0.00 0.00 0.00 0
107872 0.00 0.00 0.00 0
107873 0.00 0.00 0.00 0
107874 0.00 0.00 0.00 0
113337 0.00 0.00 0.00 0
113338 0.00 0.00 0.00 0
113339 0.00 0.00 0.00 0
113340 0.00 0.00 0.00 0
113341 0.00 0.00 0.00 0
113342 0.00 0.00 0.00 0
113343 0.00 0.00 0.00 0
113350 0.00 0.00 0.00 0
113351 0.00 0.00 0.00 0
113352 0.00 0.00 0.00 0
113353 0.00 0.00 0.00 0
116646 0.00 0.00 0.00 0
116647 0.00 0.00 0.00 0
116648 0.00 0.00 0.00 0
116649 0.00 0.00 0.00 0
116650 0.00 0.00 0.00 0
118073 0.00 0.00 0.00 0
118074 0.00 0.00 0.00 0
118075 0.00 0.00 0.00 0
118076 0.00 0.00 0.00 0
118077 0.00 0.00 0.00 0
118078 0.00 0.00 0.00 0
118079 0.00 0.00 0.00 0
118080 0.00 0.00 0.00 0
118081 0.00 0.00 0.00 0
118082 0.00 0.00 0.00 0
118083 0.00 0.00 0.00 0
118084 0.00 0.00 0.00 0
118085 0.00 0.00 0.00 0
121019 0.00 0.00 0.00 0
121020 0.00 0.00 0.00 0
121021 0.00 0.00 0.00 0
121022 0.00 0.00 0.00 0
121023 0.00 0.00 0.00 0
122903 0.00 0.00 0.00 0
122904 0.00 0.00 0.00 0
122906 0.00 0.00 0.00 0
122907 0.00 0.00 0.00 0
122908 0.00 0.00 0.00 0
127190 0.00 0.00 0.00 0
127191 0.00 0.00 0.00 0
127192 0.00 0.00 0.00 0
127193 0.00 0.00 0.00 0
127194 0.00 0.00 0.00 0
127195 0.00 0.00 0.00 0
127196 0.00 0.00 0.00 0
127197 0.00 0.00 0.00 0
127198 0.00 0.00 0.00 0
127199 0.00 0.00 0.00 0
127200 0.00 0.00 0.00 0
127201 0.00 0.00 0.00 0
127202 0.00 0.00 0.00 0
127203 0.00 0.00 0.00 0
127204 0.00 0.00 0.00 0
132569 0.00 0.00 0.00 0
132570 0.00 0.00 0.00 0
132571 0.00 0.00 0.00 0
132572 0.00 0.00 0.00 0
132573 0.00 0.00 0.00 0
132574 0.00 0.00 0.00 0
136448 0.00 0.00 0.00 0
136449 0.00 0.00 0.00 0
136450 0.00 0.00 0.00 0
136451 0.00 0.00 0.00 0
136452 0.00 0.00 0.00 0
136453 0.00 0.00 0.00 0
136454 0.00 0.00 0.00 0
136455 0.00 0.00 0.00 0
136456 0.00 0.00 0.00 0
136457 0.00 0.00 0.00 0
136458 0.00 0.00 0.00 0
136459 0.00 0.00 0.00 0
136460 0.00 0.00 0.00 0
136461 0.00 0.00 0.00 0
136462 0.00 0.00 0.00 0
136463 0.00 0.00 0.00 0
136464 0.00 0.00 0.00 0
136465 0.00 0.00 0.00 0
136466 0.00 0.00 0.00 0
136467 0.00 0.00 0.00 0
136468 0.00 0.00 0.00 0
136469 0.00 0.00 0.00 0
136470 0.00 0.00 0.00 0
139329 0.00 0.00 0.00 0
139330 0.00 0.00 0.00 0
139331 0.00 0.00 0.00 0
139332 0.00 0.00 0.00 0
139333 0.00 0.00 0.00 0
139334 0.00 0.00 0.00 0
139335 0.00 0.00 0.00 0
144197 0.00 0.00 0.00 0
144198 0.00 0.00 0.00 0
144199 0.00 0.00 0.00 0
149088 0.00 0.00 0.00 0
149089 0.00 0.00 0.00 0
149090 0.00 0.00 0.00 0
149091 0.00 0.00 0.00 0
149092 0.00 0.00 0.00 0
149093 0.00 0.00 0.00 0
149094 0.00 0.00 0.00 0
149095 0.00 0.00 0.00 0
149096 0.00 0.00 0.00 0
149097 0.00 0.00 0.00 0
149098 0.00 0.00 0.00 0
149105 0.00 0.00 0.00 0
149106 0.00 0.00 0.00 0
149107 0.00 0.00 0.00 0
149108 0.00 0.00 0.00 0
149109 0.00 0.00 0.00 0
149110 0.00 0.00 0.00 0
149111 0.00 0.00 0.00 0
149112 0.00 0.00 0.00 0
149113 0.00 0.00 0.00 0
149114 0.00 0.00 0.00 0
149115 0.00 0.00 0.00 0
149116 0.00 0.00 0.00 0
149141 0.00 0.00 0.00 0
149142 0.00 0.00 0.00 0
149143 0.00 0.00 0.00 0
149144 0.00 0.00 0.00 0
149145 0.00 0.00 0.00 0
149146 0.00 0.00 0.00 0
149147 0.00 0.00 0.00 0
149148 0.00 0.00 0.00 0
149149 0.00 0.00 0.00 0
149150 0.00 0.00 0.00 0
149151 0.00 0.00 0.00 0
149152 0.00 0.00 0.00 0
149155 0.00 0.00 0.00 0
149157 0.00 0.00 0.00 0
149158 0.00 0.00 0.00 0
149159 0.00 0.00 0.00 0
149160 0.00 0.00 0.00 0
149161 0.00 0.00 0.00 0
149162 0.00 0.00 0.00 0
149163 0.00 0.00 0.00 0
149164 0.00 0.00 0.00 0
149165 0.00 0.00 0.00 0
149166 0.00 0.00 0.00 0
149167 0.00 0.00 0.00 0
149168 0.00 0.00 0.00 0
149169 0.00 0.00 0.00 0
149170 0.00 0.00 0.00 0
149171 0.00 0.00 0.00 0
149172 0.00 0.00 0.00 0
149173 0.00 0.00 0.00 0
149174 0.00 0.00 0.00 0
149175 0.00 0.00 0.00 0
149176 0.00 0.00 0.00 0
149177 0.00 0.00 0.00 0
149178 0.00 0.00 0.00 0
149179 0.00 0.00 0.00 0
159389 0.00 0.00 0.00 0
159392 0.00 0.00 0.00 0
159393 0.00 0.00 0.00 0
160034 0.00 0.00 0.00 0
160035 0.00 0.00 0.00 0
160116 0.00 0.00 0.00 0
160117 0.00 0.00 0.00 0
160118 0.00 0.00 0.00 0
160119 0.00 0.00 0.00 0
160120 0.00 0.00 0.00 0
160121 0.00 0.00 0.00 0
160122 0.00 0.00 0.00 0
160123 0.00 0.00 0.00 0
160124 0.00 0.00 0.00 0
160126 0.00 0.00 0.00 0
160127 0.00 0.00 0.00 0
160128 0.00 0.00 0.00 0
160129 0.00 0.00 0.00 0
160130 0.00 0.00 0.00 0
160131 0.00 0.00 0.00 0
160132 0.00 0.00 0.00 0
160144 0.00 0.00 0.00 0
160145 0.00 0.00 0.00 0
160146 0.00 0.00 0.00 0
160147 0.00 0.00 0.00 0
160148 0.00 0.00 0.00 0
160149 0.00 0.00 0.00 0
160150 0.00 0.00 0.00 0
160151 0.00 0.00 0.00 0
160152 0.00 0.00 0.00 0
160153 0.00 0.00 0.00 0
