# G_cingul-Post-dorsal
794
29 0.00 0.00 0.00 0
127 0.00 0.00 0.00 0
278 0.00 0.00 0.00 0
543 0.00 0.00 0.00 0
1655 0.00 0.00 0.00 0
2271 0.00 0.00 0.00 0
2273 0.00 0.00 0.00 0
2274 0.00 0.00 0.00 0
2276 0.00 0.00 0.00 0
2277 0.00 0.00 0.00 0
2278 0.00 0.00 0.00 0
2279 0.00 0.00 0.00 0
2280 0.00 0.00 0.00 0
2281 0.00 0.00 0.00 0
2691 0.00 0.00 0.00 0
3718 0.00 0.00 0.00 0
3719 0.00 0.00 0.00 0
5027 0.00 0.00 0.00 0
5039 0.00 0.00 0.00 0
5045 0.00 0.00 0.00 0
5046 0.00 0.00 0.00 0
5047 0.00 0.00 0.00 0
5054 0.00 0.00 0.00 0
5055 0.00 0.00 0.00 0
5056 0.00 0.00 0.00 0
5057 0.00 0.00 0.00 0
5061 0.00 0.00 0.00 0
5062 0.00 0.00 0.00 0
5063 0.00 0.00 0.00 0
7700 0.00 0.00 0.00 0
7701 0.00 0.00 0.00 0
9375 0.00 0.00 0.00 0
9381 0.00 0.00 0.00 0
9382 0.00 0.00 0.00 0
9383 0.00 0.00 0.00 0
9384 0.00 0.00 0.00 0
9390 0.00 0.00 0.00 0
9391 0.00 0.00 0.00 0
9392 0.00 0.00 0.00 0
9393 0.00 0.00 0.00 0
9394 0.00 0.00 0.00 0
9395 0.00 0.00 0.00 0
9396 0.00 0.00 0.00 0
9398 0.00 0.00 0.00 0
9399 0.00 0.00 0.00 0
9400 0.00 0.00 0.00 0
9401 0.00 0.00 0.00 0
9402 0.00 0.00 0.00 0
9403 0.00 0.00 0.00 0
9404 0.00 0.00 0.00 0
10371 0.00 0.00 0.00 0
10795 0.00 0.00 0.00 0
11398 0.00 0.00 0.00 0
11399 0.00 0.00 0.00 0
12707 0.00 0.00 0.00 0
12715 0.00 0.00 0.00 0
12717 0.00 0.00 0.00 0
12718 0.00 0.00 0.00 0
12719 0.00 0.00 0.00 0
12726 0.00 0.00 0.00 0
12727 0.00 0.00 0.00 0
12734 0.00 0.00 0.00 0
12736 0.00 0.00 0.00 0
16913 0.00 0.00 0.00 0
16914 0.00 0.00 0.00 0
16915 0.00 0.00 0.00 0
16916 0.00 0.00 0.00 0
16917 0.00 0.00 0.00 0
20875 0.00 0.00 0.00 0
20879 0.00 0.00 0.00 0
20895 0.00 0.00 0.00 0
20896 0.00 0.00 0.00 0
20897 0.00 0.00 0.00 0
20898 0.00 0.00 0.00 0
20899 0.00 0.00 0.00 0
20900 0.00 0.00 0.00 0
20901 0.00 0.00 0.00 0
20902 0.00 0.00 0.00 0
20916 0.00 0.00 0.00 0
20917 0.00 0.00 0.00 0
20918 0.00 0.00 0.00 0
20919 0.00 0.00 0.00 0
20920 0.00 0.00 0.00 0
20921 0.00 0.00 0.00 0
20922 0.00 0.00 0.00 0
20923 0.00 0.00 0.00 0
20924 0.00 0.00 0.00 0
20925 0.00 0.00 0.00 0
20926 0.00 0.00 0.00 0
20927 0.00 0.00 0.00 0
20928 0.00 0.00 0.00 0
20929 0.00 0.00 0.00 0
20930 0.00 0.00 0.00 0
20931 0.00 0.00 0.00 0
20932 0.00 0.00 0.00 0
20936 0.00 0.00 0.00 0
20937 0.00 0.00 0.00 0
20938 0.00 0.00 0.00 0
20939 0.00 0.00 0.00 0
20940 0.00 0.00 0.00 0
20941 0.00 0.00 0.00 0
20942 0.00 0.00 0.00 0
20943 0.00 0.00 0.00 0
20944 0.00 0.00 0.00 0
20945 0.00 0.00 0.00 0
20946 0.00 0.00 0.00 0
20947 0.00 0.00 0.00 0
20948 0.00 0.00 0.00 0
20949 0.00 0.00 0.00 0
20950 0.00 0.00 0.00 0
20951 0.00 0.00 0.00 0
20952 0.00 0.00 0.00 0
25124 0.00 0.00 0.00 0
25125 0.00 0.00 0.00 0
25126 0.00 0.00 0.00 0
25127 0.00 0.00 0.00 0
27501 0.00 0.00 0.00 0
27502 0.00 0.00 0.00 0
27503 0.00 0.00 0.00 0
27513 0.00 0.00 0.00 0
27514 0.00 0.00 0.00 0
27515 0.00 0.00 0.00 0
27516 0.00 0.00 0.00 0
27517 0.00 0.00 0.00 0
27527 0.00 0.00 0.00 0
27528 0.00 0.00 0.00 0
27529 0.00 0.00 0.00 0
27530 0.00 0.00 0.00 0
27531 0.00 0.00 0.00 0
27532 0.00 0.00 0.00 0
27533 0.00 0.00 0.00 0
27534 0.00 0.00 0.00 0
27535 0.00 0.00 0.00 0
27540 0.00 0.00 0.00 0
27541 0.00 0.00 0.00 0
27542 0.00 0.00 0.00 0
27543 0.00 0.00 0.00 0
27544 0.00 0.00 0.00 0
27545 0.00 0.00 0.00 0
27546 0.00 0.00 0.00 0
31131 0.00 0.00 0.00 0
31132 0.00 0.00 0.00 0
31151 0.00 0.00 0.00 0
33519 0.00 0.00 0.00 0
33520 0.00 0.00 0.00 0
33522 0.00 0.00 0.00 0
38324 0.00 0.00 0.00 0
38384 0.00 0.00 0.00 0
38385 0.00 0.00 0.00 0
38386 0.00 0.00 0.00 0
38387 0.00 0.00 0.00 0
38388 0.00 0.00 0.00 0
38389 0.00 0.00 0.00 0
38390 0.00 0.00 0.00 0
38391 0.00 0.00 0.00 0
38392 0.00 0.00 0.00 0
38393 0.00 0.00 0.00 0
38394 0.00 0.00 0.00 0
38410 0.00 0.00 0.00 0
38411 0.00 0.00 0.00 0
38412 0.00 0.00 0.00 0
38413 0.00 0.00 0.00 0
38414 0.00 0.00 0.00 0
38415 0.00 0.00 0.00 0
38416 0.00 0.00 0.00 0
38417 0.00 0.00 0.00 0
38418 0.00 0.00 0.00 0
38419 0.00 0.00 0.00 0
38420 0.00 0.00 0.00 0
38421 0.00 0.00 0.00 0
38422 0.00 0.00 0.00 0
38423 0.00 0.00 0.00 0
38424 0.00 0.00 0.00 0
38425 0.00 0.00 0.00 0
38426 0.00 0.00 0.00 0
38427 0.00 0.00 0.00 0
38428 0.00 0.00 0.00 0
38429 0.00 0.00 0.00 0
38430 0.00 0.00 0.00 0
38432 0.00 0.00 0.00 0
38433 0.00 0.00 0.00 0
38435 0.00 0.00 0.00 0
38436 0.00 0.00 0.00 0
38437 0.00 0.00 0.00 0
38438 0.00 0.00 0.00 0
38439 0.00 0.00 0.00 0
38440 0.00 0.00 0.00 0
38441 0.00 0.00 0.00 0
38442 0.00 0.00 0.00 0
38443 0.00 0.00 0.00 0
38444 0.00 0.00 0.00 0
38445 0.00 0.00 0.00 0
38446 0.00 0.00 0.00 0
38447 0.00 0.00 0.00 0
38448 0.00 0.00 0.00 0
38449 0.00 0.00 0.00 0
38450 0.00 0.00 0.00 0
38451 0.00 0.00 0.00 0
38452 0.00 0.00 0.00 0
38453 0.00 0.00 0.00 0
41087 0.00 0.00 0.00 0
41089 0.00 0.00 0.00 0
41091 0.00 0.00 0.00 0
41515 0.00 0.00 0.00 0
42118 0.00 0.00 0.00 0
43425 0.00 0.00 0.00 0
43426 0.00 0.00 0.00 0
43427 0.00 0.00 0.00 0
43435 0.00 0.00 0.00 0
43436 0.00 0.00 0.00 0
43437 0.00 0.00 0.00 0
43438 0.00 0.00 0.00 0
43439 0.00 0.00 0.00 0
43446 0.00 0.00 0.00 0
43447 0.00 0.00 0.00 0
47633 0.00 0.00 0.00 0
47634 0.00 0.00 0.00 0
47635 0.00 0.00 0.00 0
47636 0.00 0.00 0.00 0
47637 0.00 0.00 0.00 0
47639 0.00 0.00 0.00 0
51595 0.00 0.00 0.00 0
51597 0.00 0.00 0.00 0
51598 0.00 0.00 0.00 0
51599 0.00 0.00 0.00 0
51613 0.00 0.00 0.00 0
51614 0.00 0.00 0.00 0
51615 0.00 0.00 0.00 0
51616 0.00 0.00 0.00 0
51617 0.00 0.00 0.00 0
51618 0.00 0.00 0.00 0
51619 0.00 0.00 0.00 0
51620 0.00 0.00 0.00 0
51621 0.00 0.00 0.00 0
51622 0.00 0.00 0.00 0
51634 0.00 0.00 0.00 0
51636 0.00 0.00 0.00 0
51637 0.00 0.00 0.00 0
51638 0.00 0.00 0.00 0
51639 0.00 0.00 0.00 0
51640 0.00 0.00 0.00 0
51641 0.00 0.00 0.00 0
51642 0.00 0.00 0.00 0
51643 0.00 0.00 0.00 0
51644 0.00 0.00 0.00 0
51645 0.00 0.00 0.00 0
51646 0.00 0.00 0.00 0
51647 0.00 0.00 0.00 0
51648 0.00 0.00 0.00 0
51649 0.00 0.00 0.00 0
51650 0.00 0.00 0.00 0
51651 0.00 0.00 0.00 0
51652 0.00 0.00 0.00 0
51656 0.00 0.00 0.00 0
51657 0.00 0.00 0.00 0
51658 0.00 0.00 0.00 0
51659 0.00 0.00 0.00 0
51660 0.00 0.00 0.00 0
51661 0.00 0.00 0.00 0
51662 0.00 0.00 0.00 0
51663 0.00 0.00 0.00 0
51664 0.00 0.00 0.00 0
51665 0.00 0.00 0.00 0
51666 0.00 0.00 0.00 0
51667 0.00 0.00 0.00 0
51668 0.00 0.00 0.00 0
51669 0.00 0.00 0.00 0
51670 0.00 0.00 0.00 0
51671 0.00 0.00 0.00 0
51672 0.00 0.00 0.00 0
51673 0.00 0.00 0.00 0
54156 0.00 0.00 0.00 0
57235 0.00 0.00 0.00 0
57236 0.00 0.00 0.00 0
57237 0.00 0.00 0.00 0
57238 0.00 0.00 0.00 0
57239 0.00 0.00 0.00 0
61194 0.00 0.00 0.00 0
61195 0.00 0.00 0.00 0
61196 0.00 0.00 0.00 0
61197 0.00 0.00 0.00 0
61198 0.00 0.00 0.00 0
61199 0.00 0.00 0.00 0
61215 0.00 0.00 0.00 0
61216 0.00 0.00 0.00 0
61217 0.00 0.00 0.00 0
61218 0.00 0.00 0.00 0
61219 0.00 0.00 0.00 0
61220 0.00 0.00 0.00 0
61221 0.00 0.00 0.00 0
61222 0.00 0.00 0.00 0
61239 0.00 0.00 0.00 0
61240 0.00 0.00 0.00 0
61241 0.00 0.00 0.00 0
61242 0.00 0.00 0.00 0
61243 0.00 0.00 0.00 0
61244 0.00 0.00 0.00 0
61245 0.00 0.00 0.00 0
61246 0.00 0.00 0.00 0
61247 0.00 0.00 0.00 0
61248 0.00 0.00 0.00 0
61249 0.00 0.00 0.00 0
61250 0.00 0.00 0.00 0
61251 0.00 0.00 0.00 0
61252 0.00 0.00 0.00 0
61261 0.00 0.00 0.00 0
61265 0.00 0.00 0.00 0
61266 0.00 0.00 0.00 0
61267 0.00 0.00 0.00 0
61268 0.00 0.00 0.00 0
61269 0.00 0.00 0.00 0
68355 0.00 0.00 0.00 0
68356 0.00 0.00 0.00 0
73777 0.00 0.00 0.00 0
73778 0.00 0.00 0.00 0
73779 0.00 0.00 0.00 0
73780 0.00 0.00 0.00 0
73781 0.00 0.00 0.00 0
73782 0.00 0.00 0.00 0
73783 0.00 0.00 0.00 0
73784 0.00 0.00 0.00 0
73785 0.00 0.00 0.00 0
73786 0.00 0.00 0.00 0
73787 0.00 0.00 0.00 0
85569 0.00 0.00 0.00 0
85574 0.00 0.00 0.00 0
85721 0.00 0.00 0.00 0
85723 0.00 0.00 0.00 0
85724 0.00 0.00 0.00 0
85725 0.00 0.00 0.00 0
85726 0.00 0.00 0.00 0
85727 0.00 0.00 0.00 0
85728 0.00 0.00 0.00 0
85729 0.00 0.00 0.00 0
85730 0.00 0.00 0.00 0
85731 0.00 0.00 0.00 0
85732 0.00 0.00 0.00 0
85733 0.00 0.00 0.00 0
85734 0.00 0.00 0.00 0
85735 0.00 0.00 0.00 0
85736 0.00 0.00 0.00 0
85737 0.00 0.00 0.00 0
85738 0.00 0.00 0.00 0
85739 0.00 0.00 0.00 0
85740 0.00 0.00 0.00 0
85742 0.00 0.00 0.00 0
85743 0.00 0.00 0.00 0
85744 0.00 0.00 0.00 0
85745 0.00 0.00 0.00 0
85746 0.00 0.00 0.00 0
85747 0.00 0.00 0.00 0
85789 0.00 0.00 0.00 0
85790 0.00 0.00 0.00 0
85791 0.00 0.00 0.00 0
85792 0.00 0.00 0.00 0
85793 0.00 0.00 0.00 0
85794 0.00 0.00 0.00 0
85795 0.00 0.00 0.00 0
85796 0.00 0.00 0.00 0
85797 0.00 0.00 0.00 0
85798 0.00 0.00 0.00 0
85799 0.00 0.00 0.00 0
85800 0.00 0.00 0.00 0
85801 0.00 0.00 0.00 0
85802 0.00 0.00 0.00 0
85803 0.00 0.00 0.00 0
85804 0.00 0.00 0.00 0
85805 0.00 0.00 0.00 0
85806 0.00 0.00 0.00 0
85807 0.00 0.00 0.00 0
85808 0.00 0.00 0.00 0
85809 0.00 0.00 0.00 0
85810 0.00 0.00 0.00 0
85811 0.00 0.00 0.00 0
85812 0.00 0.00 0.00 0
85813 0.00 0.00 0.00 0
85814 0.00 0.00 0.00 0
85815 0.00 0.00 0.00 0
85816 0.00 0.00 0.00 0
85817 0.00 0.00 0.00 0
85818 0.00 0.00 0.00 0
85819 0.00 0.00 0.00 0
85820 0.00 0.00 0.00 0
85821 0.00 0.00 0.00 0
85822 0.00 0.00 0.00 0
85823 0.00 0.00 0.00 0
85824 0.00 0.00 0.00 0
85825 0.00 0.00 0.00 0
85826 0.00 0.00 0.00 0
85827 0.00 0.00 0.00 0
85828 0.00 0.00 0.00 0
85829 0.00 0.00 0.00 0
85830 0.00 0.00 0.00 0
85831 0.00 0.00 0.00 0
85832 0.00 0.00 0.00 0
85833 0.00 0.00 0.00 0
85834 0.00 0.00 0.00 0
85835 0.00 0.00 0.00 0
85836 0.00 0.00 0.00 0
85837 0.00 0.00 0.00 0
85843 0.00 0.00 0.00 0
85844 0.00 0.00 0.00 0
85845 0.00 0.00 0.00 0
85849 0.00 0.00 0.00 0
85850 0.00 0.00 0.00 0
85851 0.00 0.00 0.00 0
85852 0.00 0.00 0.00 0
85853 0.00 0.00 0.00 0
85854 0.00 0.00 0.00 0
85855 0.00 0.00 0.00 0
85856 0.00 0.00 0.00 0
85857 0.00 0.00 0.00 0
85858 0.00 0.00 0.00 0
85859 0.00 0.00 0.00 0
85860 0.00 0.00 0.00 0
85861 0.00 0.00 0.00 0
85862 0.00 0.00 0.00 0
85863 0.00 0.00 0.00 0
85864 0.00 0.00 0.00 0
85865 0.00 0.00 0.00 0
85866 0.00 0.00 0.00 0
85867 0.00 0.00 0.00 0
85868 0.00 0.00 0.00 0
85869 0.00 0.00 0.00 0
85870 0.00 0.00 0.00 0
85871 0.00 0.00 0.00 0
85872 0.00 0.00 0.00 0
85873 0.00 0.00 0.00 0
85874 0.00 0.00 0.00 0
85875 0.00 0.00 0.00 0
85876 0.00 0.00 0.00 0
85877 0.00 0.00 0.00 0
85878 0.00 0.00 0.00 0
85879 0.00 0.00 0.00 0
85880 0.00 0.00 0.00 0
85881 0.00 0.00 0.00 0
85882 0.00 0.00 0.00 0
85883 0.00 0.00 0.00 0
85884 0.00 0.00 0.00 0
85885 0.00 0.00 0.00 0
85886 0.00 0.00 0.00 0
85887 0.00 0.00 0.00 0
85888 0.00 0.00 0.00 0
85889 0.00 0.00 0.00 0
85890 0.00 0.00 0.00 0
85891 0.00 0.00 0.00 0
85892 0.00 0.00 0.00 0
85893 0.00 0.00 0.00 0
85894 0.00 0.00 0.00 0
85895 0.00 0.00 0.00 0
85896 0.00 0.00 0.00 0
92397 0.00 0.00 0.00 0
94244 0.00 0.00 0.00 0
94245 0.00 0.00 0.00 0
94246 0.00 0.00 0.00 0
94247 0.00 0.00 0.00 0
96600 0.00 0.00 0.00 0
96601 0.00 0.00 0.00 0
96619 0.00 0.00 0.00 0
96620 0.00 0.00 0.00 0
96621 0.00 0.00 0.00 0
96622 0.00 0.00 0.00 0
96623 0.00 0.00 0.00 0
96633 0.00 0.00 0.00 0
96634 0.00 0.00 0.00 0
96635 0.00 0.00 0.00 0
96636 0.00 0.00 0.00 0
96637 0.00 0.00 0.00 0
96651 0.00 0.00 0.00 0
96652 0.00 0.00 0.00 0
96653 0.00 0.00 0.00 0
96654 0.00 0.00 0.00 0
104171 0.00 0.00 0.00 0
104172 0.00 0.00 0.00 0
104173 0.00 0.00 0.00 0
104174 0.00 0.00 0.00 0
104175 0.00 0.00 0.00 0
104176 0.00 0.00 0.00 0
104177 0.00 0.00 0.00 0
104178 0.00 0.00 0.00 0
111310 0.00 0.00 0.00 0
111311 0.00 0.00 0.00 0
111338 0.00 0.00 0.00 0
111339 0.00 0.00 0.00 0
111340 0.00 0.00 0.00 0
111341 0.00 0.00 0.00 0
111342 0.00 0.00 0.00 0
111343 0.00 0.00 0.00 0
111344 0.00 0.00 0.00 0
111345 0.00 0.00 0.00 0
111346 0.00 0.00 0.00 0
111347 0.00 0.00 0.00 0
111348 0.00 0.00 0.00 0
111349 0.00 0.00 0.00 0
111350 0.00 0.00 0.00 0
111351 0.00 0.00 0.00 0
111352 0.00 0.00 0.00 0
111377 0.00 0.00 0.00 0
111378 0.00 0.00 0.00 0
111379 0.00 0.00 0.00 0
111380 0.00 0.00 0.00 0
111381 0.00 0.00 0.00 0
111382 0.00 0.00 0.00 0
111383 0.00 0.00 0.00 0
111384 0.00 0.00 0.00 0
111385 0.00 0.00 0.00 0
111386 0.00 0.00 0.00 0
111387 0.00 0.00 0.00 0
111388 0.00 0.00 0.00 0
111389 0.00 0.00 0.00 0
111390 0.00 0.00 0.00 0
111391 0.00 0.00 0.00 0
111392 0.00 0.00 0.00 0
111393 0.00 0.00 0.00 0
111394 0.00 0.00 0.00 0
111395 0.00 0.00 0.00 0
111396 0.00 0.00 0.00 0
111397 0.00 0.00 0.00 0
111398 0.00 0.00 0.00 0
111399 0.00 0.00 0.00 0
111400 0.00 0.00 0.00 0
111401 0.00 0.00 0.00 0
111402 0.00 0.00 0.00 0
111403 0.00 0.00 0.00 0
111404 0.00 0.00 0.00 0
111405 0.00 0.00 0.00 0
111406 0.00 0.00 0.00 0
111414 0.00 0.00 0.00 0
111415 0.00 0.00 0.00 0
111416 0.00 0.00 0.00 0
111417 0.00 0.00 0.00 0
111418 0.00 0.00 0.00 0
111419 0.00 0.00 0.00 0
111420 0.00 0.00 0.00 0
111421 0.00 0.00 0.00 0
111422 0.00 0.00 0.00 0
111423 0.00 0.00 0.00 0
111424 0.00 0.00 0.00 0
111425 0.00 0.00 0.00 0
111426 0.00 0.00 0.00 0
111427 0.00 0.00 0.00 0
111428 0.00 0.00 0.00 0
111429 0.00 0.00 0.00 0
111430 0.00 0.00 0.00 0
111431 0.00 0.00 0.00 0
111432 0.00 0.00 0.00 0
111433 0.00 0.00 0.00 0
111434 0.00 0.00 0.00 0
111435 0.00 0.00 0.00 0
111436 0.00 0.00 0.00 0
111437 0.00 0.00 0.00 0
111438 0.00 0.00 0.00 0
111439 0.00 0.00 0.00 0
111440 0.00 0.00 0.00 0
111441 0.00 0.00 0.00 0
111442 0.00 0.00 0.00 0
111443 0.00 0.00 0.00 0
111444 0.00 0.00 0.00 0
120062 0.00 0.00 0.00 0
120063 0.00 0.00 0.00 0
120064 0.00 0.00 0.00 0
120065 0.00 0.00 0.00 0
120066 0.00 0.00 0.00 0
120067 0.00 0.00 0.00 0
120068 0.00 0.00 0.00 0
120069 0.00 0.00 0.00 0
120070 0.00 0.00 0.00 0
120071 0.00 0.00 0.00 0
125610 0.00 0.00 0.00 0
125611 0.00 0.00 0.00 0
125612 0.00 0.00 0.00 0
125613 0.00 0.00 0.00 0
125614 0.00 0.00 0.00 0
125615 0.00 0.00 0.00 0
125637 0.00 0.00 0.00 0
125638 0.00 0.00 0.00 0
125639 0.00 0.00 0.00 0
125640 0.00 0.00 0.00 0
125641 0.00 0.00 0.00 0
125642 0.00 0.00 0.00 0
125643 0.00 0.00 0.00 0
125644 0.00 0.00 0.00 0
125645 0.00 0.00 0.00 0
125646 0.00 0.00 0.00 0
125647 0.00 0.00 0.00 0
125669 0.00 0.00 0.00 0
125670 0.00 0.00 0.00 0
125671 0.00 0.00 0.00 0
125672 0.00 0.00 0.00 0
125673 0.00 0.00 0.00 0
125674 0.00 0.00 0.00 0
125675 0.00 0.00 0.00 0
125676 0.00 0.00 0.00 0
125677 0.00 0.00 0.00 0
125678 0.00 0.00 0.00 0
125679 0.00 0.00 0.00 0
125680 0.00 0.00 0.00 0
125681 0.00 0.00 0.00 0
125682 0.00 0.00 0.00 0
125683 0.00 0.00 0.00 0
125684 0.00 0.00 0.00 0
125685 0.00 0.00 0.00 0
125686 0.00 0.00 0.00 0
125687 0.00 0.00 0.00 0
125688 0.00 0.00 0.00 0
125689 0.00 0.00 0.00 0
125699 0.00 0.00 0.00 0
125700 0.00 0.00 0.00 0
125701 0.00 0.00 0.00 0
125702 0.00 0.00 0.00 0
125703 0.00 0.00 0.00 0
125704 0.00 0.00 0.00 0
125706 0.00 0.00 0.00 0
125707 0.00 0.00 0.00 0
125708 0.00 0.00 0.00 0
125709 0.00 0.00 0.00 0
125710 0.00 0.00 0.00 0
125711 0.00 0.00 0.00 0
125712 0.00 0.00 0.00 0
125713 0.00 0.00 0.00 0
125714 0.00 0.00 0.00 0
125716 0.00 0.00 0.00 0
125717 0.00 0.00 0.00 0
125718 0.00 0.00 0.00 0
125719 0.00 0.00 0.00 0
134967 0.00 0.00 0.00 0
134968 0.00 0.00 0.00 0
134969 0.00 0.00 0.00 0
135022 0.00 0.00 0.00 0
135023 0.00 0.00 0.00 0
141693 0.00 0.00 0.00 0
141694 0.00 0.00 0.00 0
141695 0.00 0.00 0.00 0
141696 0.00 0.00 0.00 0
141697 0.00 0.00 0.00 0
141702 0.00 0.00 0.00 0
141703 0.00 0.00 0.00 0
141704 0.00 0.00 0.00 0
141705 0.00 0.00 0.00 0
141706 0.00 0.00 0.00 0
141707 0.00 0.00 0.00 0
141718 0.00 0.00 0.00 0
141719 0.00 0.00 0.00 0
147047 0.00 0.00 0.00 0
147048 0.00 0.00 0.00 0
155929 0.00 0.00 0.00 0
155930 0.00 0.00 0.00 0
155931 0.00 0.00 0.00 0
155933 0.00 0.00 0.00 0
155934 0.00 0.00 0.00 0
155935 0.00 0.00 0.00 0
155936 0.00 0.00 0.00 0
156063 0.00 0.00 0.00 0
156118 0.00 0.00 0.00 0
156119 0.00 0.00 0.00 0
156120 0.00 0.00 0.00 0
156121 0.00 0.00 0.00 0
156122 0.00 0.00 0.00 0
156123 0.00 0.00 0.00 0
156124 0.00 0.00 0.00 0
156125 0.00 0.00 0.00 0
156126 0.00 0.00 0.00 0
156127 0.00 0.00 0.00 0
156128 0.00 0.00 0.00 0
156129 0.00 0.00 0.00 0
156130 0.00 0.00 0.00 0
156131 0.00 0.00 0.00 0
156132 0.00 0.00 0.00 0
156133 0.00 0.00 0.00 0
156134 0.00 0.00 0.00 0
156135 0.00 0.00 0.00 0
156139 0.00 0.00 0.00 0
156140 0.00 0.00 0.00 0
156141 0.00 0.00 0.00 0
156142 0.00 0.00 0.00 0
156143 0.00 0.00 0.00 0
156144 0.00 0.00 0.00 0
156192 0.00 0.00 0.00 0
156193 0.00 0.00 0.00 0
156194 0.00 0.00 0.00 0
156195 0.00 0.00 0.00 0
156196 0.00 0.00 0.00 0
156197 0.00 0.00 0.00 0
156198 0.00 0.00 0.00 0
156199 0.00 0.00 0.00 0
156200 0.00 0.00 0.00 0
156201 0.00 0.00 0.00 0
156202 0.00 0.00 0.00 0
156203 0.00 0.00 0.00 0
156204 0.00 0.00 0.00 0
156205 0.00 0.00 0.00 0
156206 0.00 0.00 0.00 0
156207 0.00 0.00 0.00 0
156208 0.00 0.00 0.00 0
156209 0.00 0.00 0.00 0
156210 0.00 0.00 0.00 0
156211 0.00 0.00 0.00 0
156212 0.00 0.00 0.00 0
156213 0.00 0.00 0.00 0
156214 0.00 0.00 0.00 0
156215 0.00 0.00 0.00 0
156216 0.00 0.00 0.00 0
156217 0.00 0.00 0.00 0
156218 0.00 0.00 0.00 0
156219 0.00 0.00 0.00 0
156220 0.00 0.00 0.00 0
156221 0.00 0.00 0.00 0
156222 0.00 0.00 0.00 0
156223 0.00 0.00 0.00 0
156224 0.00 0.00 0.00 0
156225 0.00 0.00 0.00 0
156226 0.00 0.00 0.00 0
156227 0.00 0.00 0.00 0
156228 0.00 0.00 0.00 0
156229 0.00 0.00 0.00 0
156230 0.00 0.00 0.00 0
156231 0.00 0.00 0.00 0
156232 0.00 0.00 0.00 0
156235 0.00 0.00 0.00 0
156236 0.00 0.00 0.00 0
156237 0.00 0.00 0.00 0
156238 0.00 0.00 0.00 0
156239 0.00 0.00 0.00 0
156240 0.00 0.00 0.00 0
156241 0.00 0.00 0.00 0
156242 0.00 0.00 0.00 0
156243 0.00 0.00 0.00 0
156244 0.00 0.00 0.00 0
156245 0.00 0.00 0.00 0
156246 0.00 0.00 0.00 0
156247 0.00 0.00 0.00 0
156248 0.00 0.00 0.00 0
156249 0.00 0.00 0.00 0
156250 0.00 0.00 0.00 0
156251 0.00 0.00 0.00 0
156252 0.00 0.00 0.00 0
156258 0.00 0.00 0.00 0
156259 0.00 0.00 0.00 0
156260 0.00 0.00 0.00 0
156261 0.00 0.00 0.00 0
156268 0.00 0.00 0.00 0
156269 0.00 0.00 0.00 0
156270 0.00 0.00 0.00 0
156271 0.00 0.00 0.00 0
156272 0.00 0.00 0.00 0
156273 0.00 0.00 0.00 0
156274 0.00 0.00 0.00 0
156275 0.00 0.00 0.00 0
156276 0.00 0.00 0.00 0
156277 0.00 0.00 0.00 0
156278 0.00 0.00 0.00 0
156279 0.00 0.00 0.00 0
156280 0.00 0.00 0.00 0
156281 0.00 0.00 0.00 0
156282 0.00 0.00 0.00 0
156283 0.00 0.00 0.00 0
156284 0.00 0.00 0.00 0
156285 0.00 0.00 0.00 0
156286 0.00 0.00 0.00 0
156287 0.00 0.00 0.00 0
156288 0.00 0.00 0.00 0
156289 0.00 0.00 0.00 0
156290 0.00 0.00 0.00 0
156291 0.00 0.00 0.00 0
156292 0.00 0.00 0.00 0
156293 0.00 0.00 0.00 0
156294 0.00 0.00 0.00 0
156295 0.00 0.00 0.00 0
156296 0.00 0.00 0.00 0
156297 0.00 0.00 0.00 0
156298 0.00 0.00 0.00 0
156299 0.00 0.00 0.00 0
156300 0.00 0.00 0.00 0
156301 0.00 0.00 0.00 0
156302 0.00 0.00 0.00 0
156303 0.00 0.00 0.00 0
156304 0.00 0.00 0.00 0
156305 0.00 0.00 0.00 0
156306 0.00 0.00 0.00 0
156307 0.00 0.00 0.00 0
156308 0.00 0.00 0.00 0
156309 0.00 0.00 0.00 0
156310 0.00 0.00 0.00 0
156311 0.00 0.00 0.00 0
156312 0.00 0.00 0.00 0
156313 0.00 0.00 0.00 0
156314 0.00 0.00 0.00 0
156316 0.00 0.00 0.00 0
156317 0.00 0.00 0.00 0
156318 0.00 0.00 0.00 0
156319 0.00 0.00 0.00 0
156320 0.00 0.00 0.00 0
156321 0.00 0.00 0.00 0
156322 0.00 0.00 0.00 0
