# G_cingul-Post-dorsal
975
35 0.00 0.00 0.00 0
143 0.00 0.00 0.00 0
321 0.00 0.00 0.00 0
426 0.00 0.00 0.00 0
581 0.00 0.00 0.00 0
797 0.00 0.00 0.00 0
801 0.00 0.00 0.00 0
951 0.00 0.00 0.00 0
1731 0.00 0.00 0.00 0
1956 0.00 0.00 0.00 0
2381 0.00 0.00 0.00 0
2390 0.00 0.00 0.00 0
2391 0.00 0.00 0.00 0
2392 0.00 0.00 0.00 0
2393 0.00 0.00 0.00 0
2717 0.00 0.00 0.00 0
2719 0.00 0.00 0.00 0
2720 0.00 0.00 0.00 0
2721 0.00 0.00 0.00 0
3242 0.00 0.00 0.00 0
3244 0.00 0.00 0.00 0
3842 0.00 0.00 0.00 0
3845 0.00 0.00 0.00 0
3846 0.00 0.00 0.00 0
4294 0.00 0.00 0.00 0
4295 0.00 0.00 0.00 0
4296 0.00 0.00 0.00 0
5307 0.00 0.00 0.00 0
5308 0.00 0.00 0.00 0
5309 0.00 0.00 0.00 0
5333 0.00 0.00 0.00 0
5336 0.00 0.00 0.00 0
5337 0.00 0.00 0.00 0
5338 0.00 0.00 0.00 0
6050 0.00 0.00 0.00 0
6051 0.00 0.00 0.00 0
6321 0.00 0.00 0.00 0
7880 0.00 0.00 0.00 0
7881 0.00 0.00 0.00 0
8464 0.00 0.00 0.00 0
8465 0.00 0.00 0.00 0
8466 0.00 0.00 0.00 0
9694 0.00 0.00 0.00 0
9695 0.00 0.00 0.00 0
9698 0.00 0.00 0.00 0
9699 0.00 0.00 0.00 0
9700 0.00 0.00 0.00 0
9701 0.00 0.00 0.00 0
9727 0.00 0.00 0.00 0
9728 0.00 0.00 0.00 0
9729 0.00 0.00 0.00 0
9730 0.00 0.00 0.00 0
9731 0.00 0.00 0.00 0
9733 0.00 0.00 0.00 0
9734 0.00 0.00 0.00 0
9735 0.00 0.00 0.00 0
9736 0.00 0.00 0.00 0
9737 0.00 0.00 0.00 0
9745 0.00 0.00 0.00 0
9746 0.00 0.00 0.00 0
10397 0.00 0.00 0.00 0
10398 0.00 0.00 0.00 0
10399 0.00 0.00 0.00 0
10400 0.00 0.00 0.00 0
10401 0.00 0.00 0.00 0
10922 0.00 0.00 0.00 0
10923 0.00 0.00 0.00 0
10924 0.00 0.00 0.00 0
10925 0.00 0.00 0.00 0
10926 0.00 0.00 0.00 0
11522 0.00 0.00 0.00 0
11523 0.00 0.00 0.00 0
11524 0.00 0.00 0.00 0
11525 0.00 0.00 0.00 0
11526 0.00 0.00 0.00 0
11973 0.00 0.00 0.00 0
11974 0.00 0.00 0.00 0
11975 0.00 0.00 0.00 0
11976 0.00 0.00 0.00 0
12987 0.00 0.00 0.00 0
12988 0.00 0.00 0.00 0
12989 0.00 0.00 0.00 0
13018 0.00 0.00 0.00 0
13912 0.00 0.00 0.00 0
13922 0.00 0.00 0.00 0
13923 0.00 0.00 0.00 0
13924 0.00 0.00 0.00 0
13925 0.00 0.00 0.00 0
13926 0.00 0.00 0.00 0
14375 0.00 0.00 0.00 0
14376 0.00 0.00 0.00 0
17297 0.00 0.00 0.00 0
17298 0.00 0.00 0.00 0
17299 0.00 0.00 0.00 0
17300 0.00 0.00 0.00 0
17301 0.00 0.00 0.00 0
18644 0.00 0.00 0.00 0
18645 0.00 0.00 0.00 0
18646 0.00 0.00 0.00 0
18647 0.00 0.00 0.00 0
18648 0.00 0.00 0.00 0
18649 0.00 0.00 0.00 0
18650 0.00 0.00 0.00 0
18651 0.00 0.00 0.00 0
21672 0.00 0.00 0.00 0
21673 0.00 0.00 0.00 0
21674 0.00 0.00 0.00 0
21681 0.00 0.00 0.00 0
21682 0.00 0.00 0.00 0
21683 0.00 0.00 0.00 0
21684 0.00 0.00 0.00 0
21685 0.00 0.00 0.00 0
21686 0.00 0.00 0.00 0
21687 0.00 0.00 0.00 0
21688 0.00 0.00 0.00 0
21689 0.00 0.00 0.00 0
21755 0.00 0.00 0.00 0
21756 0.00 0.00 0.00 0
21757 0.00 0.00 0.00 0
21758 0.00 0.00 0.00 0
21759 0.00 0.00 0.00 0
21760 0.00 0.00 0.00 0
21761 0.00 0.00 0.00 0
21762 0.00 0.00 0.00 0
21763 0.00 0.00 0.00 0
21764 0.00 0.00 0.00 0
21768 0.00 0.00 0.00 0
21769 0.00 0.00 0.00 0
21770 0.00 0.00 0.00 0
21771 0.00 0.00 0.00 0
21772 0.00 0.00 0.00 0
21773 0.00 0.00 0.00 0
21774 0.00 0.00 0.00 0
21775 0.00 0.00 0.00 0
21776 0.00 0.00 0.00 0
21777 0.00 0.00 0.00 0
21778 0.00 0.00 0.00 0
21779 0.00 0.00 0.00 0
21800 0.00 0.00 0.00 0
21801 0.00 0.00 0.00 0
23323 0.00 0.00 0.00 0
23324 0.00 0.00 0.00 0
23325 0.00 0.00 0.00 0
23326 0.00 0.00 0.00 0
23329 0.00 0.00 0.00 0
23330 0.00 0.00 0.00 0
23331 0.00 0.00 0.00 0
24268 0.00 0.00 0.00 0
24270 0.00 0.00 0.00 0
25354 0.00 0.00 0.00 0
25355 0.00 0.00 0.00 0
25356 0.00 0.00 0.00 0
26163 0.00 0.00 0.00 0
26164 0.00 0.00 0.00 0
26165 0.00 0.00 0.00 0
26166 0.00 0.00 0.00 0
27985 0.00 0.00 0.00 0
27987 0.00 0.00 0.00 0
27988 0.00 0.00 0.00 0
27989 0.00 0.00 0.00 0
28031 0.00 0.00 0.00 0
28033 0.00 0.00 0.00 0
28034 0.00 0.00 0.00 0
28036 0.00 0.00 0.00 0
28037 0.00 0.00 0.00 0
28038 0.00 0.00 0.00 0
28039 0.00 0.00 0.00 0
28040 0.00 0.00 0.00 0
28041 0.00 0.00 0.00 0
28042 0.00 0.00 0.00 0
28043 0.00 0.00 0.00 0
29479 0.00 0.00 0.00 0
29480 0.00 0.00 0.00 0
29481 0.00 0.00 0.00 0
30110 0.00 0.00 0.00 0
30111 0.00 0.00 0.00 0
31529 0.00 0.00 0.00 0
34009 0.00 0.00 0.00 0
34010 0.00 0.00 0.00 0
34011 0.00 0.00 0.00 0
35668 0.00 0.00 0.00 0
35669 0.00 0.00 0.00 0
35670 0.00 0.00 0.00 0
35671 0.00 0.00 0.00 0
35672 0.00 0.00 0.00 0
35673 0.00 0.00 0.00 0
35674 0.00 0.00 0.00 0
35675 0.00 0.00 0.00 0
35676 0.00 0.00 0.00 0
39319 0.00 0.00 0.00 0
39320 0.00 0.00 0.00 0
39321 0.00 0.00 0.00 0
39322 0.00 0.00 0.00 0
39323 0.00 0.00 0.00 0
39331 0.00 0.00 0.00 0
39332 0.00 0.00 0.00 0
39333 0.00 0.00 0.00 0
39334 0.00 0.00 0.00 0
39335 0.00 0.00 0.00 0
39337 0.00 0.00 0.00 0
39338 0.00 0.00 0.00 0
39339 0.00 0.00 0.00 0
39340 0.00 0.00 0.00 0
39341 0.00 0.00 0.00 0
39404 0.00 0.00 0.00 0
39413 0.00 0.00 0.00 0
39414 0.00 0.00 0.00 0
39415 0.00 0.00 0.00 0
39416 0.00 0.00 0.00 0
39418 0.00 0.00 0.00 0
39419 0.00 0.00 0.00 0
39420 0.00 0.00 0.00 0
39421 0.00 0.00 0.00 0
39422 0.00 0.00 0.00 0
39423 0.00 0.00 0.00 0
39424 0.00 0.00 0.00 0
39425 0.00 0.00 0.00 0
39426 0.00 0.00 0.00 0
39427 0.00 0.00 0.00 0
39428 0.00 0.00 0.00 0
39429 0.00 0.00 0.00 0
39430 0.00 0.00 0.00 0
39431 0.00 0.00 0.00 0
39434 0.00 0.00 0.00 0
39435 0.00 0.00 0.00 0
39436 0.00 0.00 0.00 0
39437 0.00 0.00 0.00 0
39438 0.00 0.00 0.00 0
39439 0.00 0.00 0.00 0
39440 0.00 0.00 0.00 0
39441 0.00 0.00 0.00 0
39442 0.00 0.00 0.00 0
39443 0.00 0.00 0.00 0
39444 0.00 0.00 0.00 0
39445 0.00 0.00 0.00 0
39446 0.00 0.00 0.00 0
39447 0.00 0.00 0.00 0
39448 0.00 0.00 0.00 0
39449 0.00 0.00 0.00 0
39470 0.00 0.00 0.00 0
39473 0.00 0.00 0.00 0
39474 0.00 0.00 0.00 0
39475 0.00 0.00 0.00 0
39476 0.00 0.00 0.00 0
39477 0.00 0.00 0.00 0
41117 0.00 0.00 0.00 0
41118 0.00 0.00 0.00 0
41119 0.00 0.00 0.00 0
41120 0.00 0.00 0.00 0
41121 0.00 0.00 0.00 0
41642 0.00 0.00 0.00 0
41643 0.00 0.00 0.00 0
41644 0.00 0.00 0.00 0
41645 0.00 0.00 0.00 0
41646 0.00 0.00 0.00 0
42242 0.00 0.00 0.00 0
42243 0.00 0.00 0.00 0
42244 0.00 0.00 0.00 0
42245 0.00 0.00 0.00 0
42246 0.00 0.00 0.00 0
42692 0.00 0.00 0.00 0
42693 0.00 0.00 0.00 0
42694 0.00 0.00 0.00 0
42695 0.00 0.00 0.00 0
42696 0.00 0.00 0.00 0
43705 0.00 0.00 0.00 0
43706 0.00 0.00 0.00 0
43707 0.00 0.00 0.00 0
43708 0.00 0.00 0.00 0
43709 0.00 0.00 0.00 0
44632 0.00 0.00 0.00 0
44634 0.00 0.00 0.00 0
44642 0.00 0.00 0.00 0
44643 0.00 0.00 0.00 0
44644 0.00 0.00 0.00 0
44645 0.00 0.00 0.00 0
44646 0.00 0.00 0.00 0
45096 0.00 0.00 0.00 0
48017 0.00 0.00 0.00 0
48018 0.00 0.00 0.00 0
48019 0.00 0.00 0.00 0
48020 0.00 0.00 0.00 0
48021 0.00 0.00 0.00 0
49363 0.00 0.00 0.00 0
49364 0.00 0.00 0.00 0
49365 0.00 0.00 0.00 0
49366 0.00 0.00 0.00 0
49367 0.00 0.00 0.00 0
49368 0.00 0.00 0.00 0
49369 0.00 0.00 0.00 0
49370 0.00 0.00 0.00 0
49371 0.00 0.00 0.00 0
52391 0.00 0.00 0.00 0
52393 0.00 0.00 0.00 0
52401 0.00 0.00 0.00 0
52403 0.00 0.00 0.00 0
52405 0.00 0.00 0.00 0
52406 0.00 0.00 0.00 0
52407 0.00 0.00 0.00 0
52408 0.00 0.00 0.00 0
52409 0.00 0.00 0.00 0
52473 0.00 0.00 0.00 0
52474 0.00 0.00 0.00 0
52475 0.00 0.00 0.00 0
52476 0.00 0.00 0.00 0
52477 0.00 0.00 0.00 0
52478 0.00 0.00 0.00 0
52479 0.00 0.00 0.00 0
52480 0.00 0.00 0.00 0
52481 0.00 0.00 0.00 0
52482 0.00 0.00 0.00 0
52483 0.00 0.00 0.00 0
52484 0.00 0.00 0.00 0
52488 0.00 0.00 0.00 0
52489 0.00 0.00 0.00 0
52490 0.00 0.00 0.00 0
52491 0.00 0.00 0.00 0
52492 0.00 0.00 0.00 0
52493 0.00 0.00 0.00 0
52494 0.00 0.00 0.00 0
52495 0.00 0.00 0.00 0
52496 0.00 0.00 0.00 0
52497 0.00 0.00 0.00 0
52498 0.00 0.00 0.00 0
52499 0.00 0.00 0.00 0
54232 0.00 0.00 0.00 0
54233 0.00 0.00 0.00 0
54234 0.00 0.00 0.00 0
54235 0.00 0.00 0.00 0
54236 0.00 0.00 0.00 0
54237 0.00 0.00 0.00 0
54239 0.00 0.00 0.00 0
54240 0.00 0.00 0.00 0
54241 0.00 0.00 0.00 0
54242 0.00 0.00 0.00 0
54243 0.00 0.00 0.00 0
54244 0.00 0.00 0.00 0
54245 0.00 0.00 0.00 0
54246 0.00 0.00 0.00 0
55807 0.00 0.00 0.00 0
55808 0.00 0.00 0.00 0
55809 0.00 0.00 0.00 0
55810 0.00 0.00 0.00 0
55811 0.00 0.00 0.00 0
55812 0.00 0.00 0.00 0
57617 0.00 0.00 0.00 0
57618 0.00 0.00 0.00 0
57619 0.00 0.00 0.00 0
57620 0.00 0.00 0.00 0
57621 0.00 0.00 0.00 0
58960 0.00 0.00 0.00 0
58961 0.00 0.00 0.00 0
58962 0.00 0.00 0.00 0
58964 0.00 0.00 0.00 0
58965 0.00 0.00 0.00 0
58966 0.00 0.00 0.00 0
58967 0.00 0.00 0.00 0
58968 0.00 0.00 0.00 0
58969 0.00 0.00 0.00 0
58970 0.00 0.00 0.00 0
58971 0.00 0.00 0.00 0
62002 0.00 0.00 0.00 0
62003 0.00 0.00 0.00 0
62004 0.00 0.00 0.00 0
62005 0.00 0.00 0.00 0
62006 0.00 0.00 0.00 0
62007 0.00 0.00 0.00 0
62008 0.00 0.00 0.00 0
62009 0.00 0.00 0.00 0
62083 0.00 0.00 0.00 0
62088 0.00 0.00 0.00 0
62089 0.00 0.00 0.00 0
62090 0.00 0.00 0.00 0
62091 0.00 0.00 0.00 0
62092 0.00 0.00 0.00 0
62093 0.00 0.00 0.00 0
62094 0.00 0.00 0.00 0
62096 0.00 0.00 0.00 0
62097 0.00 0.00 0.00 0
62098 0.00 0.00 0.00 0
62099 0.00 0.00 0.00 0
64785 0.00 0.00 0.00 0
64807 0.00 0.00 0.00 0
64809 0.00 0.00 0.00 0
64810 0.00 0.00 0.00 0
64811 0.00 0.00 0.00 0
64812 0.00 0.00 0.00 0
64814 0.00 0.00 0.00 0
64816 0.00 0.00 0.00 0
64817 0.00 0.00 0.00 0
64818 0.00 0.00 0.00 0
64819 0.00 0.00 0.00 0
64820 0.00 0.00 0.00 0
64821 0.00 0.00 0.00 0
66167 0.00 0.00 0.00 0
66168 0.00 0.00 0.00 0
66169 0.00 0.00 0.00 0
66170 0.00 0.00 0.00 0
66171 0.00 0.00 0.00 0
74935 0.00 0.00 0.00 0
74940 0.00 0.00 0.00 0
74941 0.00 0.00 0.00 0
74942 0.00 0.00 0.00 0
74943 0.00 0.00 0.00 0
74944 0.00 0.00 0.00 0
74945 0.00 0.00 0.00 0
74946 0.00 0.00 0.00 0
78976 0.00 0.00 0.00 0
78977 0.00 0.00 0.00 0
78978 0.00 0.00 0.00 0
78979 0.00 0.00 0.00 0
78980 0.00 0.00 0.00 0
78981 0.00 0.00 0.00 0
78982 0.00 0.00 0.00 0
78983 0.00 0.00 0.00 0
78984 0.00 0.00 0.00 0
78985 0.00 0.00 0.00 0
78986 0.00 0.00 0.00 0
78987 0.00 0.00 0.00 0
78988 0.00 0.00 0.00 0
78989 0.00 0.00 0.00 0
78990 0.00 0.00 0.00 0
78991 0.00 0.00 0.00 0
78992 0.00 0.00 0.00 0
78993 0.00 0.00 0.00 0
78994 0.00 0.00 0.00 0
78995 0.00 0.00 0.00 0
78996 0.00 0.00 0.00 0
88053 0.00 0.00 0.00 0
88054 0.00 0.00 0.00 0
88055 0.00 0.00 0.00 0
88056 0.00 0.00 0.00 0
88057 0.00 0.00 0.00 0
88058 0.00 0.00 0.00 0
88059 0.00 0.00 0.00 0
88060 0.00 0.00 0.00 0
88061 0.00 0.00 0.00 0
88062 0.00 0.00 0.00 0
88063 0.00 0.00 0.00 0
88064 0.00 0.00 0.00 0
88083 0.00 0.00 0.00 0
88084 0.00 0.00 0.00 0
88085 0.00 0.00 0.00 0
88086 0.00 0.00 0.00 0
88087 0.00 0.00 0.00 0
88088 0.00 0.00 0.00 0
88089 0.00 0.00 0.00 0
88090 0.00 0.00 0.00 0
88091 0.00 0.00 0.00 0
88092 0.00 0.00 0.00 0
88093 0.00 0.00 0.00 0
88094 0.00 0.00 0.00 0
88095 0.00 0.00 0.00 0
88098 0.00 0.00 0.00 0
88099 0.00 0.00 0.00 0
88100 0.00 0.00 0.00 0
88101 0.00 0.00 0.00 0
88102 0.00 0.00 0.00 0
88103 0.00 0.00 0.00 0
88104 0.00 0.00 0.00 0
88105 0.00 0.00 0.00 0
88106 0.00 0.00 0.00 0
88107 0.00 0.00 0.00 0
88108 0.00 0.00 0.00 0
88109 0.00 0.00 0.00 0
88291 0.00 0.00 0.00 0
88292 0.00 0.00 0.00 0
88293 0.00 0.00 0.00 0
88294 0.00 0.00 0.00 0
88295 0.00 0.00 0.00 0
88296 0.00 0.00 0.00 0
88297 0.00 0.00 0.00 0
88301 0.00 0.00 0.00 0
88303 0.00 0.00 0.00 0
88304 0.00 0.00 0.00 0
88305 0.00 0.00 0.00 0
88306 0.00 0.00 0.00 0
88307 0.00 0.00 0.00 0
88308 0.00 0.00 0.00 0
88309 0.00 0.00 0.00 0
88310 0.00 0.00 0.00 0
88311 0.00 0.00 0.00 0
88312 0.00 0.00 0.00 0
88313 0.00 0.00 0.00 0
88314 0.00 0.00 0.00 0
88315 0.00 0.00 0.00 0
88316 0.00 0.00 0.00 0
88317 0.00 0.00 0.00 0
88318 0.00 0.00 0.00 0
88319 0.00 0.00 0.00 0
88320 0.00 0.00 0.00 0
88321 0.00 0.00 0.00 0
88322 0.00 0.00 0.00 0
88323 0.00 0.00 0.00 0
88324 0.00 0.00 0.00 0
88325 0.00 0.00 0.00 0
88326 0.00 0.00 0.00 0
88327 0.00 0.00 0.00 0
88328 0.00 0.00 0.00 0
88329 0.00 0.00 0.00 0
88330 0.00 0.00 0.00 0
88331 0.00 0.00 0.00 0
88332 0.00 0.00 0.00 0
88333 0.00 0.00 0.00 0
88334 0.00 0.00 0.00 0
88341 0.00 0.00 0.00 0
88342 0.00 0.00 0.00 0
88343 0.00 0.00 0.00 0
88344 0.00 0.00 0.00 0
88345 0.00 0.00 0.00 0
88346 0.00 0.00 0.00 0
88347 0.00 0.00 0.00 0
88348 0.00 0.00 0.00 0
88349 0.00 0.00 0.00 0
88350 0.00 0.00 0.00 0
88351 0.00 0.00 0.00 0
88352 0.00 0.00 0.00 0
88353 0.00 0.00 0.00 0
88354 0.00 0.00 0.00 0
88355 0.00 0.00 0.00 0
88356 0.00 0.00 0.00 0
88357 0.00 0.00 0.00 0
88358 0.00 0.00 0.00 0
88359 0.00 0.00 0.00 0
88360 0.00 0.00 0.00 0
88361 0.00 0.00 0.00 0
88362 0.00 0.00 0.00 0
88363 0.00 0.00 0.00 0
88364 0.00 0.00 0.00 0
88365 0.00 0.00 0.00 0
88366 0.00 0.00 0.00 0
88367 0.00 0.00 0.00 0
88368 0.00 0.00 0.00 0
88369 0.00 0.00 0.00 0
88370 0.00 0.00 0.00 0
88371 0.00 0.00 0.00 0
88372 0.00 0.00 0.00 0
88373 0.00 0.00 0.00 0
88374 0.00 0.00 0.00 0
88375 0.00 0.00 0.00 0
88376 0.00 0.00 0.00 0
88377 0.00 0.00 0.00 0
88378 0.00 0.00 0.00 0
88379 0.00 0.00 0.00 0
88436 0.00 0.00 0.00 0
88438 0.00 0.00 0.00 0
88439 0.00 0.00 0.00 0
88440 0.00 0.00 0.00 0
88441 0.00 0.00 0.00 0
88442 0.00 0.00 0.00 0
88443 0.00 0.00 0.00 0
88444 0.00 0.00 0.00 0
88445 0.00 0.00 0.00 0
88446 0.00 0.00 0.00 0
88447 0.00 0.00 0.00 0
88448 0.00 0.00 0.00 0
88449 0.00 0.00 0.00 0
92443 0.00 0.00 0.00 0
92444 0.00 0.00 0.00 0
92445 0.00 0.00 0.00 0
92446 0.00 0.00 0.00 0
92447 0.00 0.00 0.00 0
92448 0.00 0.00 0.00 0
92449 0.00 0.00 0.00 0
92450 0.00 0.00 0.00 0
92451 0.00 0.00 0.00 0
93388 0.00 0.00 0.00 0
93389 0.00 0.00 0.00 0
93390 0.00 0.00 0.00 0
93391 0.00 0.00 0.00 0
93392 0.00 0.00 0.00 0
93393 0.00 0.00 0.00 0
93394 0.00 0.00 0.00 0
93395 0.00 0.00 0.00 0
94468 0.00 0.00 0.00 0
94469 0.00 0.00 0.00 0
94470 0.00 0.00 0.00 0
94471 0.00 0.00 0.00 0
94472 0.00 0.00 0.00 0
94473 0.00 0.00 0.00 0
94474 0.00 0.00 0.00 0
94475 0.00 0.00 0.00 0
94476 0.00 0.00 0.00 0
95280 0.00 0.00 0.00 0
95281 0.00 0.00 0.00 0
95282 0.00 0.00 0.00 0
95283 0.00 0.00 0.00 0
95284 0.00 0.00 0.00 0
95285 0.00 0.00 0.00 0
95286 0.00 0.00 0.00 0
97105 0.00 0.00 0.00 0
97106 0.00 0.00 0.00 0
97107 0.00 0.00 0.00 0
97108 0.00 0.00 0.00 0
97109 0.00 0.00 0.00 0
97159 0.00 0.00 0.00 0
97160 0.00 0.00 0.00 0
98788 0.00 0.00 0.00 0
98789 0.00 0.00 0.00 0
98790 0.00 0.00 0.00 0
98791 0.00 0.00 0.00 0
98792 0.00 0.00 0.00 0
98793 0.00 0.00 0.00 0
98794 0.00 0.00 0.00 0
98795 0.00 0.00 0.00 0
98796 0.00 0.00 0.00 0
99605 0.00 0.00 0.00 0
99606 0.00 0.00 0.00 0
104863 0.00 0.00 0.00 0
104864 0.00 0.00 0.00 0
104865 0.00 0.00 0.00 0
104866 0.00 0.00 0.00 0
104867 0.00 0.00 0.00 0
104868 0.00 0.00 0.00 0
104869 0.00 0.00 0.00 0
104870 0.00 0.00 0.00 0
104871 0.00 0.00 0.00 0
107287 0.00 0.00 0.00 0
107288 0.00 0.00 0.00 0
107289 0.00 0.00 0.00 0
107290 0.00 0.00 0.00 0
107291 0.00 0.00 0.00 0
107292 0.00 0.00 0.00 0
107293 0.00 0.00 0.00 0
107294 0.00 0.00 0.00 0
107295 0.00 0.00 0.00 0
107296 0.00 0.00 0.00 0
107297 0.00 0.00 0.00 0
107298 0.00 0.00 0.00 0
107299 0.00 0.00 0.00 0
107300 0.00 0.00 0.00 0
107301 0.00 0.00 0.00 0
112738 0.00 0.00 0.00 0
112739 0.00 0.00 0.00 0
112740 0.00 0.00 0.00 0
112741 0.00 0.00 0.00 0
112742 0.00 0.00 0.00 0
112753 0.00 0.00 0.00 0
112754 0.00 0.00 0.00 0
112755 0.00 0.00 0.00 0
112756 0.00 0.00 0.00 0
112757 0.00 0.00 0.00 0
112758 0.00 0.00 0.00 0
112759 0.00 0.00 0.00 0
112760 0.00 0.00 0.00 0
112761 0.00 0.00 0.00 0
112762 0.00 0.00 0.00 0
112763 0.00 0.00 0.00 0
112764 0.00 0.00 0.00 0
112765 0.00 0.00 0.00 0
112766 0.00 0.00 0.00 0
112767 0.00 0.00 0.00 0
112768 0.00 0.00 0.00 0
112769 0.00 0.00 0.00 0
112886 0.00 0.00 0.00 0
112887 0.00 0.00 0.00 0
112888 0.00 0.00 0.00 0
112889 0.00 0.00 0.00 0
112890 0.00 0.00 0.00 0
112891 0.00 0.00 0.00 0
112892 0.00 0.00 0.00 0
112893 0.00 0.00 0.00 0
112894 0.00 0.00 0.00 0
112895 0.00 0.00 0.00 0
112896 0.00 0.00 0.00 0
112897 0.00 0.00 0.00 0
112898 0.00 0.00 0.00 0
112899 0.00 0.00 0.00 0
112900 0.00 0.00 0.00 0
112901 0.00 0.00 0.00 0
112902 0.00 0.00 0.00 0
112903 0.00 0.00 0.00 0
112904 0.00 0.00 0.00 0
112910 0.00 0.00 0.00 0
112911 0.00 0.00 0.00 0
112912 0.00 0.00 0.00 0
112913 0.00 0.00 0.00 0
112914 0.00 0.00 0.00 0
112915 0.00 0.00 0.00 0
112916 0.00 0.00 0.00 0
112917 0.00 0.00 0.00 0
112918 0.00 0.00 0.00 0
112919 0.00 0.00 0.00 0
112920 0.00 0.00 0.00 0
112921 0.00 0.00 0.00 0
112922 0.00 0.00 0.00 0
112923 0.00 0.00 0.00 0
112924 0.00 0.00 0.00 0
112925 0.00 0.00 0.00 0
112926 0.00 0.00 0.00 0
112927 0.00 0.00 0.00 0
112928 0.00 0.00 0.00 0
112929 0.00 0.00 0.00 0
112930 0.00 0.00 0.00 0
112931 0.00 0.00 0.00 0
112967 0.00 0.00 0.00 0
112968 0.00 0.00 0.00 0
112969 0.00 0.00 0.00 0
112970 0.00 0.00 0.00 0
112971 0.00 0.00 0.00 0
112972 0.00 0.00 0.00 0
112973 0.00 0.00 0.00 0
115861 0.00 0.00 0.00 0
115862 0.00 0.00 0.00 0
115863 0.00 0.00 0.00 0
115864 0.00 0.00 0.00 0
115865 0.00 0.00 0.00 0
115866 0.00 0.00 0.00 0
115867 0.00 0.00 0.00 0
115868 0.00 0.00 0.00 0
115874 0.00 0.00 0.00 0
115875 0.00 0.00 0.00 0
115876 0.00 0.00 0.00 0
115877 0.00 0.00 0.00 0
115878 0.00 0.00 0.00 0
115879 0.00 0.00 0.00 0
115880 0.00 0.00 0.00 0
115881 0.00 0.00 0.00 0
118069 0.00 0.00 0.00 0
118070 0.00 0.00 0.00 0
118071 0.00 0.00 0.00 0
118072 0.00 0.00 0.00 0
120600 0.00 0.00 0.00 0
120601 0.00 0.00 0.00 0
120602 0.00 0.00 0.00 0
120603 0.00 0.00 0.00 0
120604 0.00 0.00 0.00 0
120605 0.00 0.00 0.00 0
120606 0.00 0.00 0.00 0
122487 0.00 0.00 0.00 0
122488 0.00 0.00 0.00 0
122489 0.00 0.00 0.00 0
122490 0.00 0.00 0.00 0
122491 0.00 0.00 0.00 0
122492 0.00 0.00 0.00 0
122493 0.00 0.00 0.00 0
122494 0.00 0.00 0.00 0
122495 0.00 0.00 0.00 0
122496 0.00 0.00 0.00 0
126741 0.00 0.00 0.00 0
126742 0.00 0.00 0.00 0
126743 0.00 0.00 0.00 0
126744 0.00 0.00 0.00 0
126745 0.00 0.00 0.00 0
126746 0.00 0.00 0.00 0
126747 0.00 0.00 0.00 0
126748 0.00 0.00 0.00 0
126749 0.00 0.00 0.00 0
126844 0.00 0.00 0.00 0
126845 0.00 0.00 0.00 0
126846 0.00 0.00 0.00 0
126847 0.00 0.00 0.00 0
126848 0.00 0.00 0.00 0
126851 0.00 0.00 0.00 0
126852 0.00 0.00 0.00 0
126853 0.00 0.00 0.00 0
126854 0.00 0.00 0.00 0
126858 0.00 0.00 0.00 0
126859 0.00 0.00 0.00 0
126860 0.00 0.00 0.00 0
126861 0.00 0.00 0.00 0
126862 0.00 0.00 0.00 0
126863 0.00 0.00 0.00 0
126864 0.00 0.00 0.00 0
126865 0.00 0.00 0.00 0
126866 0.00 0.00 0.00 0
126867 0.00 0.00 0.00 0
126868 0.00 0.00 0.00 0
126869 0.00 0.00 0.00 0
126870 0.00 0.00 0.00 0
126871 0.00 0.00 0.00 0
126872 0.00 0.00 0.00 0
126873 0.00 0.00 0.00 0
126874 0.00 0.00 0.00 0
126875 0.00 0.00 0.00 0
130477 0.00 0.00 0.00 0
130485 0.00 0.00 0.00 0
130486 0.00 0.00 0.00 0
130487 0.00 0.00 0.00 0
130488 0.00 0.00 0.00 0
130489 0.00 0.00 0.00 0
130490 0.00 0.00 0.00 0
130491 0.00 0.00 0.00 0
132200 0.00 0.00 0.00 0
132201 0.00 0.00 0.00 0
136048 0.00 0.00 0.00 0
136049 0.00 0.00 0.00 0
143114 0.00 0.00 0.00 0
143115 0.00 0.00 0.00 0
143116 0.00 0.00 0.00 0
143117 0.00 0.00 0.00 0
143118 0.00 0.00 0.00 0
143119 0.00 0.00 0.00 0
143120 0.00 0.00 0.00 0
143121 0.00 0.00 0.00 0
148003 0.00 0.00 0.00 0
148004 0.00 0.00 0.00 0
148005 0.00 0.00 0.00 0
148006 0.00 0.00 0.00 0
148007 0.00 0.00 0.00 0
148008 0.00 0.00 0.00 0
148009 0.00 0.00 0.00 0
148010 0.00 0.00 0.00 0
148011 0.00 0.00 0.00 0
148012 0.00 0.00 0.00 0
148013 0.00 0.00 0.00 0
148014 0.00 0.00 0.00 0
148015 0.00 0.00 0.00 0
148016 0.00 0.00 0.00 0
148017 0.00 0.00 0.00 0
148018 0.00 0.00 0.00 0
148019 0.00 0.00 0.00 0
148020 0.00 0.00 0.00 0
148021 0.00 0.00 0.00 0
148022 0.00 0.00 0.00 0
148023 0.00 0.00 0.00 0
148024 0.00 0.00 0.00 0
148025 0.00 0.00 0.00 0
148026 0.00 0.00 0.00 0
158909 0.00 0.00 0.00 0
158916 0.00 0.00 0.00 0
158917 0.00 0.00 0.00 0
158918 0.00 0.00 0.00 0
158919 0.00 0.00 0.00 0
158920 0.00 0.00 0.00 0
158921 0.00 0.00 0.00 0
158922 0.00 0.00 0.00 0
158923 0.00 0.00 0.00 0
158924 0.00 0.00 0.00 0
158925 0.00 0.00 0.00 0
158926 0.00 0.00 0.00 0
158927 0.00 0.00 0.00 0
158948 0.00 0.00 0.00 0
158949 0.00 0.00 0.00 0
158950 0.00 0.00 0.00 0
158951 0.00 0.00 0.00 0
158952 0.00 0.00 0.00 0
158953 0.00 0.00 0.00 0
158954 0.00 0.00 0.00 0
158955 0.00 0.00 0.00 0
158956 0.00 0.00 0.00 0
158957 0.00 0.00 0.00 0
158958 0.00 0.00 0.00 0
158959 0.00 0.00 0.00 0
158960 0.00 0.00 0.00 0
158961 0.00 0.00 0.00 0
158962 0.00 0.00 0.00 0
158963 0.00 0.00 0.00 0
158966 0.00 0.00 0.00 0
158969 0.00 0.00 0.00 0
158970 0.00 0.00 0.00 0
158971 0.00 0.00 0.00 0
158972 0.00 0.00 0.00 0
158973 0.00 0.00 0.00 0
158974 0.00 0.00 0.00 0
158975 0.00 0.00 0.00 0
158976 0.00 0.00 0.00 0
158977 0.00 0.00 0.00 0
158978 0.00 0.00 0.00 0
158979 0.00 0.00 0.00 0
158980 0.00 0.00 0.00 0
158981 0.00 0.00 0.00 0
159169 0.00 0.00 0.00 0
159170 0.00 0.00 0.00 0
159196 0.00 0.00 0.00 0
159197 0.00 0.00 0.00 0
159198 0.00 0.00 0.00 0
159199 0.00 0.00 0.00 0
159200 0.00 0.00 0.00 0
159201 0.00 0.00 0.00 0
159202 0.00 0.00 0.00 0
159203 0.00 0.00 0.00 0
159204 0.00 0.00 0.00 0
159205 0.00 0.00 0.00 0
159206 0.00 0.00 0.00 0
159212 0.00 0.00 0.00 0
159213 0.00 0.00 0.00 0
159214 0.00 0.00 0.00 0
159215 0.00 0.00 0.00 0
159216 0.00 0.00 0.00 0
159217 0.00 0.00 0.00 0
159218 0.00 0.00 0.00 0
159219 0.00 0.00 0.00 0
159220 0.00 0.00 0.00 0
159221 0.00 0.00 0.00 0
159222 0.00 0.00 0.00 0
159223 0.00 0.00 0.00 0
159224 0.00 0.00 0.00 0
159225 0.00 0.00 0.00 0
159226 0.00 0.00 0.00 0
159227 0.00 0.00 0.00 0
159228 0.00 0.00 0.00 0
159229 0.00 0.00 0.00 0
159230 0.00 0.00 0.00 0
159231 0.00 0.00 0.00 0
159232 0.00 0.00 0.00 0
159233 0.00 0.00 0.00 0
159234 0.00 0.00 0.00 0
159235 0.00 0.00 0.00 0
159236 0.00 0.00 0.00 0
159237 0.00 0.00 0.00 0
159238 0.00 0.00 0.00 0
159239 0.00 0.00 0.00 0
159240 0.00 0.00 0.00 0
159241 0.00 0.00 0.00 0
159242 0.00 0.00 0.00 0
159243 0.00 0.00 0.00 0
159244 0.00 0.00 0.00 0
159245 0.00 0.00 0.00 0
159246 0.00 0.00 0.00 0
159247 0.00 0.00 0.00 0
159248 0.00 0.00 0.00 0
159249 0.00 0.00 0.00 0
159250 0.00 0.00 0.00 0
159251 0.00 0.00 0.00 0
159259 0.00 0.00 0.00 0
159260 0.00 0.00 0.00 0
159263 0.00 0.00 0.00 0
159264 0.00 0.00 0.00 0
159265 0.00 0.00 0.00 0
159266 0.00 0.00 0.00 0
159267 0.00 0.00 0.00 0
159268 0.00 0.00 0.00 0
159269 0.00 0.00 0.00 0
159270 0.00 0.00 0.00 0
159271 0.00 0.00 0.00 0
159272 0.00 0.00 0.00 0
159273 0.00 0.00 0.00 0
159274 0.00 0.00 0.00 0
159275 0.00 0.00 0.00 0
159276 0.00 0.00 0.00 0
159277 0.00 0.00 0.00 0
159278 0.00 0.00 0.00 0
159279 0.00 0.00 0.00 0
159280 0.00 0.00 0.00 0
159281 0.00 0.00 0.00 0
159282 0.00 0.00 0.00 0
159283 0.00 0.00 0.00 0
159284 0.00 0.00 0.00 0
159285 0.00 0.00 0.00 0
159286 0.00 0.00 0.00 0
159287 0.00 0.00 0.00 0
159288 0.00 0.00 0.00 0
159289 0.00 0.00 0.00 0
159290 0.00 0.00 0.00 0
159291 0.00 0.00 0.00 0
159292 0.00 0.00 0.00 0
159293 0.00 0.00 0.00 0
159294 0.00 0.00 0.00 0
159295 0.00 0.00 0.00 0
159296 0.00 0.00 0.00 0
159297 0.00 0.00 0.00 0
159298 0.00 0.00 0.00 0
159299 0.00 0.00 0.00 0
159300 0.00 0.00 0.00 0
159301 0.00 0.00 0.00 0
159302 0.00 0.00 0.00 0
159303 0.00 0.00 0.00 0
159304 0.00 0.00 0.00 0
159305 0.00 0.00 0.00 0
159368 0.00 0.00 0.00 0
159376 0.00 0.00 0.00 0
159377 0.00 0.00 0.00 0
159378 0.00 0.00 0.00 0
159379 0.00 0.00 0.00 0
159380 0.00 0.00 0.00 0
159381 0.00 0.00 0.00 0
159382 0.00 0.00 0.00 0
159383 0.00 0.00 0.00 0
159384 0.00 0.00 0.00 0
159385 0.00 0.00 0.00 0
159386 0.00 0.00 0.00 0
159387 0.00 0.00 0.00 0
159388 0.00 0.00 0.00 0
159390 0.00 0.00 0.00 0
