# G_cuneus
1544
132 0.00 0.00 0.00 0
285 0.00 0.00 0.00 0
286 0.00 0.00 0.00 0
553 0.00 0.00 0.00 0
556 0.00 0.00 0.00 0
765 0.00 0.00 0.00 0
766 0.00 0.00 0.00 0
1216 0.00 0.00 0.00 0
1217 0.00 0.00 0.00 0
1218 0.00 0.00 0.00 0
1219 0.00 0.00 0.00 0
1220 0.00 0.00 0.00 0
1221 0.00 0.00 0.00 0
1228 0.00 0.00 0.00 0
1665 0.00 0.00 0.00 0
1666 0.00 0.00 0.00 0
1667 0.00 0.00 0.00 0
1668 0.00 0.00 0.00 0
2294 0.00 0.00 0.00 0
2295 0.00 0.00 0.00 0
2296 0.00 0.00 0.00 0
2297 0.00 0.00 0.00 0
2303 0.00 0.00 0.00 0
2306 0.00 0.00 0.00 0
2307 0.00 0.00 0.00 0
2684 0.00 0.00 0.00 0
2685 0.00 0.00 0.00 0
2686 0.00 0.00 0.00 0
3135 0.00 0.00 0.00 0
3136 0.00 0.00 0.00 0
3137 0.00 0.00 0.00 0
3138 0.00 0.00 0.00 0
3139 0.00 0.00 0.00 0
3140 0.00 0.00 0.00 0
3141 0.00 0.00 0.00 0
3737 0.00 0.00 0.00 0
3738 0.00 0.00 0.00 0
3739 0.00 0.00 0.00 0
3740 0.00 0.00 0.00 0
3741 0.00 0.00 0.00 0
5092 0.00 0.00 0.00 0
5093 0.00 0.00 0.00 0
5094 0.00 0.00 0.00 0
5095 0.00 0.00 0.00 0
5096 0.00 0.00 0.00 0
5097 0.00 0.00 0.00 0
5098 0.00 0.00 0.00 0
5099 0.00 0.00 0.00 0
5100 0.00 0.00 0.00 0
5101 0.00 0.00 0.00 0
5102 0.00 0.00 0.00 0
5121 0.00 0.00 0.00 0
5122 0.00 0.00 0.00 0
5123 0.00 0.00 0.00 0
5124 0.00 0.00 0.00 0
5985 0.00 0.00 0.00 0
5986 0.00 0.00 0.00 0
5987 0.00 0.00 0.00 0
5988 0.00 0.00 0.00 0
6799 0.00 0.00 0.00 0
6800 0.00 0.00 0.00 0
6801 0.00 0.00 0.00 0
6802 0.00 0.00 0.00 0
6803 0.00 0.00 0.00 0
6804 0.00 0.00 0.00 0
6805 0.00 0.00 0.00 0
6806 0.00 0.00 0.00 0
6807 0.00 0.00 0.00 0
6818 0.00 0.00 0.00 0
7725 0.00 0.00 0.00 0
7726 0.00 0.00 0.00 0
7727 0.00 0.00 0.00 0
7728 0.00 0.00 0.00 0
7729 0.00 0.00 0.00 0
7730 0.00 0.00 0.00 0
7731 0.00 0.00 0.00 0
7732 0.00 0.00 0.00 0
7733 0.00 0.00 0.00 0
7734 0.00 0.00 0.00 0
9441 0.00 0.00 0.00 0
9442 0.00 0.00 0.00 0
9443 0.00 0.00 0.00 0
9444 0.00 0.00 0.00 0
9445 0.00 0.00 0.00 0
9446 0.00 0.00 0.00 0
9447 0.00 0.00 0.00 0
9448 0.00 0.00 0.00 0
9453 0.00 0.00 0.00 0
9465 0.00 0.00 0.00 0
9466 0.00 0.00 0.00 0
9467 0.00 0.00 0.00 0
9475 0.00 0.00 0.00 0
9476 0.00 0.00 0.00 0
9477 0.00 0.00 0.00 0
9478 0.00 0.00 0.00 0
9479 0.00 0.00 0.00 0
9480 0.00 0.00 0.00 0
10365 0.00 0.00 0.00 0
10815 0.00 0.00 0.00 0
10817 0.00 0.00 0.00 0
10818 0.00 0.00 0.00 0
10819 0.00 0.00 0.00 0
10820 0.00 0.00 0.00 0
10821 0.00 0.00 0.00 0
11417 0.00 0.00 0.00 0
11418 0.00 0.00 0.00 0
11419 0.00 0.00 0.00 0
11420 0.00 0.00 0.00 0
11421 0.00 0.00 0.00 0
12772 0.00 0.00 0.00 0
12773 0.00 0.00 0.00 0
12774 0.00 0.00 0.00 0
12775 0.00 0.00 0.00 0
12776 0.00 0.00 0.00 0
12777 0.00 0.00 0.00 0
12778 0.00 0.00 0.00 0
12779 0.00 0.00 0.00 0
12780 0.00 0.00 0.00 0
12781 0.00 0.00 0.00 0
12782 0.00 0.00 0.00 0
12801 0.00 0.00 0.00 0
12802 0.00 0.00 0.00 0
12803 0.00 0.00 0.00 0
12804 0.00 0.00 0.00 0
13815 0.00 0.00 0.00 0
13816 0.00 0.00 0.00 0
13817 0.00 0.00 0.00 0
13818 0.00 0.00 0.00 0
13819 0.00 0.00 0.00 0
13820 0.00 0.00 0.00 0
13821 0.00 0.00 0.00 0
15167 0.00 0.00 0.00 0
15171 0.00 0.00 0.00 0
15172 0.00 0.00 0.00 0
15173 0.00 0.00 0.00 0
15174 0.00 0.00 0.00 0
15175 0.00 0.00 0.00 0
15176 0.00 0.00 0.00 0
15177 0.00 0.00 0.00 0
15178 0.00 0.00 0.00 0
15179 0.00 0.00 0.00 0
15180 0.00 0.00 0.00 0
15181 0.00 0.00 0.00 0
15182 0.00 0.00 0.00 0
15183 0.00 0.00 0.00 0
15184 0.00 0.00 0.00 0
15185 0.00 0.00 0.00 0
15186 0.00 0.00 0.00 0
16964 0.00 0.00 0.00 0
16965 0.00 0.00 0.00 0
16966 0.00 0.00 0.00 0
16969 0.00 0.00 0.00 0
16970 0.00 0.00 0.00 0
16971 0.00 0.00 0.00 0
16972 0.00 0.00 0.00 0
16973 0.00 0.00 0.00 0
16974 0.00 0.00 0.00 0
16975 0.00 0.00 0.00 0
16976 0.00 0.00 0.00 0
16977 0.00 0.00 0.00 0
16978 0.00 0.00 0.00 0
16979 0.00 0.00 0.00 0
16980 0.00 0.00 0.00 0
16981 0.00 0.00 0.00 0
16982 0.00 0.00 0.00 0
16983 0.00 0.00 0.00 0
16984 0.00 0.00 0.00 0
16985 0.00 0.00 0.00 0
16986 0.00 0.00 0.00 0
21037 0.00 0.00 0.00 0
21038 0.00 0.00 0.00 0
21039 0.00 0.00 0.00 0
21040 0.00 0.00 0.00 0
21041 0.00 0.00 0.00 0
21042 0.00 0.00 0.00 0
21043 0.00 0.00 0.00 0
21044 0.00 0.00 0.00 0
21045 0.00 0.00 0.00 0
21046 0.00 0.00 0.00 0
21047 0.00 0.00 0.00 0
21048 0.00 0.00 0.00 0
21049 0.00 0.00 0.00 0
21050 0.00 0.00 0.00 0
21051 0.00 0.00 0.00 0
21052 0.00 0.00 0.00 0
21053 0.00 0.00 0.00 0
21054 0.00 0.00 0.00 0
21055 0.00 0.00 0.00 0
21056 0.00 0.00 0.00 0
21061 0.00 0.00 0.00 0
21062 0.00 0.00 0.00 0
21063 0.00 0.00 0.00 0
21067 0.00 0.00 0.00 0
21068 0.00 0.00 0.00 0
21069 0.00 0.00 0.00 0
21098 0.00 0.00 0.00 0
21101 0.00 0.00 0.00 0
21102 0.00 0.00 0.00 0
21103 0.00 0.00 0.00 0
21104 0.00 0.00 0.00 0
21123 0.00 0.00 0.00 0
21124 0.00 0.00 0.00 0
21125 0.00 0.00 0.00 0
21126 0.00 0.00 0.00 0
21127 0.00 0.00 0.00 0
21128 0.00 0.00 0.00 0
21129 0.00 0.00 0.00 0
21130 0.00 0.00 0.00 0
21131 0.00 0.00 0.00 0
21132 0.00 0.00 0.00 0
21133 0.00 0.00 0.00 0
21134 0.00 0.00 0.00 0
21135 0.00 0.00 0.00 0
21136 0.00 0.00 0.00 0
21137 0.00 0.00 0.00 0
23264 0.00 0.00 0.00 0
23265 0.00 0.00 0.00 0
23266 0.00 0.00 0.00 0
23267 0.00 0.00 0.00 0
23268 0.00 0.00 0.00 0
24076 0.00 0.00 0.00 0
24077 0.00 0.00 0.00 0
24078 0.00 0.00 0.00 0
24079 0.00 0.00 0.00 0
24080 0.00 0.00 0.00 0
24081 0.00 0.00 0.00 0
24082 0.00 0.00 0.00 0
24083 0.00 0.00 0.00 0
24084 0.00 0.00 0.00 0
24085 0.00 0.00 0.00 0
24086 0.00 0.00 0.00 0
24087 0.00 0.00 0.00 0
25159 0.00 0.00 0.00 0
25160 0.00 0.00 0.00 0
25161 0.00 0.00 0.00 0
25162 0.00 0.00 0.00 0
25163 0.00 0.00 0.00 0
25164 0.00 0.00 0.00 0
25165 0.00 0.00 0.00 0
25166 0.00 0.00 0.00 0
25167 0.00 0.00 0.00 0
27596 0.00 0.00 0.00 0
27597 0.00 0.00 0.00 0
27598 0.00 0.00 0.00 0
27599 0.00 0.00 0.00 0
27600 0.00 0.00 0.00 0
27601 0.00 0.00 0.00 0
27602 0.00 0.00 0.00 0
27603 0.00 0.00 0.00 0
27604 0.00 0.00 0.00 0
27605 0.00 0.00 0.00 0
27606 0.00 0.00 0.00 0
27607 0.00 0.00 0.00 0
27608 0.00 0.00 0.00 0
27609 0.00 0.00 0.00 0
27610 0.00 0.00 0.00 0
27611 0.00 0.00 0.00 0
27612 0.00 0.00 0.00 0
27613 0.00 0.00 0.00 0
27614 0.00 0.00 0.00 0
27615 0.00 0.00 0.00 0
27616 0.00 0.00 0.00 0
27617 0.00 0.00 0.00 0
27618 0.00 0.00 0.00 0
27651 0.00 0.00 0.00 0
27652 0.00 0.00 0.00 0
27653 0.00 0.00 0.00 0
27654 0.00 0.00 0.00 0
27655 0.00 0.00 0.00 0
27656 0.00 0.00 0.00 0
29324 0.00 0.00 0.00 0
29325 0.00 0.00 0.00 0
29326 0.00 0.00 0.00 0
29327 0.00 0.00 0.00 0
29328 0.00 0.00 0.00 0
29329 0.00 0.00 0.00 0
29330 0.00 0.00 0.00 0
29331 0.00 0.00 0.00 0
29332 0.00 0.00 0.00 0
29333 0.00 0.00 0.00 0
29334 0.00 0.00 0.00 0
31225 0.00 0.00 0.00 0
31226 0.00 0.00 0.00 0
31227 0.00 0.00 0.00 0
31228 0.00 0.00 0.00 0
31229 0.00 0.00 0.00 0
31230 0.00 0.00 0.00 0
31231 0.00 0.00 0.00 0
31232 0.00 0.00 0.00 0
31233 0.00 0.00 0.00 0
31234 0.00 0.00 0.00 0
31235 0.00 0.00 0.00 0
31236 0.00 0.00 0.00 0
31237 0.00 0.00 0.00 0
31238 0.00 0.00 0.00 0
31239 0.00 0.00 0.00 0
31240 0.00 0.00 0.00 0
31241 0.00 0.00 0.00 0
31242 0.00 0.00 0.00 0
31243 0.00 0.00 0.00 0
31244 0.00 0.00 0.00 0
31245 0.00 0.00 0.00 0
31268 0.00 0.00 0.00 0
31269 0.00 0.00 0.00 0
31270 0.00 0.00 0.00 0
31271 0.00 0.00 0.00 0
33586 0.00 0.00 0.00 0
33587 0.00 0.00 0.00 0
33588 0.00 0.00 0.00 0
33590 0.00 0.00 0.00 0
33591 0.00 0.00 0.00 0
33592 0.00 0.00 0.00 0
33593 0.00 0.00 0.00 0
33594 0.00 0.00 0.00 0
33595 0.00 0.00 0.00 0
33596 0.00 0.00 0.00 0
33597 0.00 0.00 0.00 0
33598 0.00 0.00 0.00 0
33599 0.00 0.00 0.00 0
33600 0.00 0.00 0.00 0
33601 0.00 0.00 0.00 0
33602 0.00 0.00 0.00 0
33603 0.00 0.00 0.00 0
33604 0.00 0.00 0.00 0
33605 0.00 0.00 0.00 0
33606 0.00 0.00 0.00 0
33607 0.00 0.00 0.00 0
33608 0.00 0.00 0.00 0
33609 0.00 0.00 0.00 0
33610 0.00 0.00 0.00 0
33611 0.00 0.00 0.00 0
33612 0.00 0.00 0.00 0
38560 0.00 0.00 0.00 0
38561 0.00 0.00 0.00 0
38562 0.00 0.00 0.00 0
38563 0.00 0.00 0.00 0
38564 0.00 0.00 0.00 0
38565 0.00 0.00 0.00 0
38566 0.00 0.00 0.00 0
38567 0.00 0.00 0.00 0
38568 0.00 0.00 0.00 0
38569 0.00 0.00 0.00 0
38570 0.00 0.00 0.00 0
38571 0.00 0.00 0.00 0
38572 0.00 0.00 0.00 0
38573 0.00 0.00 0.00 0
38574 0.00 0.00 0.00 0
38575 0.00 0.00 0.00 0
38576 0.00 0.00 0.00 0
38577 0.00 0.00 0.00 0
38579 0.00 0.00 0.00 0
38580 0.00 0.00 0.00 0
38581 0.00 0.00 0.00 0
38582 0.00 0.00 0.00 0
38589 0.00 0.00 0.00 0
38595 0.00 0.00 0.00 0
38596 0.00 0.00 0.00 0
38597 0.00 0.00 0.00 0
38598 0.00 0.00 0.00 0
38631 0.00 0.00 0.00 0
38632 0.00 0.00 0.00 0
38633 0.00 0.00 0.00 0
38635 0.00 0.00 0.00 0
38636 0.00 0.00 0.00 0
38637 0.00 0.00 0.00 0
38638 0.00 0.00 0.00 0
38639 0.00 0.00 0.00 0
38662 0.00 0.00 0.00 0
38663 0.00 0.00 0.00 0
38664 0.00 0.00 0.00 0
38665 0.00 0.00 0.00 0
38666 0.00 0.00 0.00 0
38667 0.00 0.00 0.00 0
38668 0.00 0.00 0.00 0
38669 0.00 0.00 0.00 0
38670 0.00 0.00 0.00 0
38671 0.00 0.00 0.00 0
38672 0.00 0.00 0.00 0
38673 0.00 0.00 0.00 0
38674 0.00 0.00 0.00 0
38676 0.00 0.00 0.00 0
38677 0.00 0.00 0.00 0
38678 0.00 0.00 0.00 0
38680 0.00 0.00 0.00 0
38681 0.00 0.00 0.00 0
41537 0.00 0.00 0.00 0
41538 0.00 0.00 0.00 0
41539 0.00 0.00 0.00 0
41540 0.00 0.00 0.00 0
41541 0.00 0.00 0.00 0
42137 0.00 0.00 0.00 0
42138 0.00 0.00 0.00 0
42139 0.00 0.00 0.00 0
42140 0.00 0.00 0.00 0
42141 0.00 0.00 0.00 0
43492 0.00 0.00 0.00 0
43493 0.00 0.00 0.00 0
43494 0.00 0.00 0.00 0
43495 0.00 0.00 0.00 0
43496 0.00 0.00 0.00 0
43497 0.00 0.00 0.00 0
43498 0.00 0.00 0.00 0
43499 0.00 0.00 0.00 0
43500 0.00 0.00 0.00 0
43501 0.00 0.00 0.00 0
43520 0.00 0.00 0.00 0
43521 0.00 0.00 0.00 0
43522 0.00 0.00 0.00 0
43523 0.00 0.00 0.00 0
43524 0.00 0.00 0.00 0
44535 0.00 0.00 0.00 0
44536 0.00 0.00 0.00 0
44537 0.00 0.00 0.00 0
44538 0.00 0.00 0.00 0
44539 0.00 0.00 0.00 0
44540 0.00 0.00 0.00 0
44541 0.00 0.00 0.00 0
45887 0.00 0.00 0.00 0
45891 0.00 0.00 0.00 0
45892 0.00 0.00 0.00 0
45893 0.00 0.00 0.00 0
45894 0.00 0.00 0.00 0
45895 0.00 0.00 0.00 0
45896 0.00 0.00 0.00 0
45897 0.00 0.00 0.00 0
45898 0.00 0.00 0.00 0
45899 0.00 0.00 0.00 0
45900 0.00 0.00 0.00 0
45901 0.00 0.00 0.00 0
45902 0.00 0.00 0.00 0
45903 0.00 0.00 0.00 0
45904 0.00 0.00 0.00 0
45905 0.00 0.00 0.00 0
45906 0.00 0.00 0.00 0
47685 0.00 0.00 0.00 0
47689 0.00 0.00 0.00 0
47690 0.00 0.00 0.00 0
47691 0.00 0.00 0.00 0
47692 0.00 0.00 0.00 0
47693 0.00 0.00 0.00 0
47694 0.00 0.00 0.00 0
47695 0.00 0.00 0.00 0
47696 0.00 0.00 0.00 0
47697 0.00 0.00 0.00 0
47698 0.00 0.00 0.00 0
47699 0.00 0.00 0.00 0
47700 0.00 0.00 0.00 0
47701 0.00 0.00 0.00 0
47702 0.00 0.00 0.00 0
47703 0.00 0.00 0.00 0
47704 0.00 0.00 0.00 0
47705 0.00 0.00 0.00 0
47706 0.00 0.00 0.00 0
51757 0.00 0.00 0.00 0
51758 0.00 0.00 0.00 0
51759 0.00 0.00 0.00 0
51760 0.00 0.00 0.00 0
51761 0.00 0.00 0.00 0
51762 0.00 0.00 0.00 0
51763 0.00 0.00 0.00 0
51764 0.00 0.00 0.00 0
51765 0.00 0.00 0.00 0
51766 0.00 0.00 0.00 0
51767 0.00 0.00 0.00 0
51768 0.00 0.00 0.00 0
51769 0.00 0.00 0.00 0
51770 0.00 0.00 0.00 0
51771 0.00 0.00 0.00 0
51772 0.00 0.00 0.00 0
51773 0.00 0.00 0.00 0
51774 0.00 0.00 0.00 0
51775 0.00 0.00 0.00 0
51776 0.00 0.00 0.00 0
51777 0.00 0.00 0.00 0
51779 0.00 0.00 0.00 0
51780 0.00 0.00 0.00 0
51781 0.00 0.00 0.00 0
51782 0.00 0.00 0.00 0
51783 0.00 0.00 0.00 0
51787 0.00 0.00 0.00 0
51788 0.00 0.00 0.00 0
51789 0.00 0.00 0.00 0
51820 0.00 0.00 0.00 0
51821 0.00 0.00 0.00 0
51822 0.00 0.00 0.00 0
51823 0.00 0.00 0.00 0
51824 0.00 0.00 0.00 0
51843 0.00 0.00 0.00 0
51844 0.00 0.00 0.00 0
51845 0.00 0.00 0.00 0
51846 0.00 0.00 0.00 0
51847 0.00 0.00 0.00 0
51848 0.00 0.00 0.00 0
51849 0.00 0.00 0.00 0
51850 0.00 0.00 0.00 0
51851 0.00 0.00 0.00 0
51852 0.00 0.00 0.00 0
51853 0.00 0.00 0.00 0
51854 0.00 0.00 0.00 0
51855 0.00 0.00 0.00 0
51856 0.00 0.00 0.00 0
51857 0.00 0.00 0.00 0
54134 0.00 0.00 0.00 0
54135 0.00 0.00 0.00 0
54136 0.00 0.00 0.00 0
54137 0.00 0.00 0.00 0
54138 0.00 0.00 0.00 0
54139 0.00 0.00 0.00 0
54140 0.00 0.00 0.00 0
54141 0.00 0.00 0.00 0
54175 0.00 0.00 0.00 0
54177 0.00 0.00 0.00 0
54178 0.00 0.00 0.00 0
55487 0.00 0.00 0.00 0
55488 0.00 0.00 0.00 0
55489 0.00 0.00 0.00 0
55490 0.00 0.00 0.00 0
55491 0.00 0.00 0.00 0
55492 0.00 0.00 0.00 0
55493 0.00 0.00 0.00 0
55494 0.00 0.00 0.00 0
55495 0.00 0.00 0.00 0
55496 0.00 0.00 0.00 0
55497 0.00 0.00 0.00 0
55498 0.00 0.00 0.00 0
55499 0.00 0.00 0.00 0
55500 0.00 0.00 0.00 0
55501 0.00 0.00 0.00 0
55502 0.00 0.00 0.00 0
55503 0.00 0.00 0.00 0
55504 0.00 0.00 0.00 0
55505 0.00 0.00 0.00 0
55506 0.00 0.00 0.00 0
57292 0.00 0.00 0.00 0
57293 0.00 0.00 0.00 0
57294 0.00 0.00 0.00 0
57295 0.00 0.00 0.00 0
57296 0.00 0.00 0.00 0
57297 0.00 0.00 0.00 0
57298 0.00 0.00 0.00 0
57299 0.00 0.00 0.00 0
57300 0.00 0.00 0.00 0
57301 0.00 0.00 0.00 0
57302 0.00 0.00 0.00 0
57303 0.00 0.00 0.00 0
57304 0.00 0.00 0.00 0
57305 0.00 0.00 0.00 0
57306 0.00 0.00 0.00 0
61350 0.00 0.00 0.00 0
61355 0.00 0.00 0.00 0
61357 0.00 0.00 0.00 0
61358 0.00 0.00 0.00 0
61359 0.00 0.00 0.00 0
61360 0.00 0.00 0.00 0
61361 0.00 0.00 0.00 0
61362 0.00 0.00 0.00 0
61363 0.00 0.00 0.00 0
61364 0.00 0.00 0.00 0
61365 0.00 0.00 0.00 0
61366 0.00 0.00 0.00 0
61367 0.00 0.00 0.00 0
61368 0.00 0.00 0.00 0
61369 0.00 0.00 0.00 0
61370 0.00 0.00 0.00 0
61371 0.00 0.00 0.00 0
61372 0.00 0.00 0.00 0
61373 0.00 0.00 0.00 0
61374 0.00 0.00 0.00 0
61375 0.00 0.00 0.00 0
61376 0.00 0.00 0.00 0
61377 0.00 0.00 0.00 0
61378 0.00 0.00 0.00 0
61379 0.00 0.00 0.00 0
61380 0.00 0.00 0.00 0
61381 0.00 0.00 0.00 0
61382 0.00 0.00 0.00 0
61383 0.00 0.00 0.00 0
61384 0.00 0.00 0.00 0
61385 0.00 0.00 0.00 0
61386 0.00 0.00 0.00 0
61387 0.00 0.00 0.00 0
61388 0.00 0.00 0.00 0
61389 0.00 0.00 0.00 0
61443 0.00 0.00 0.00 0
61444 0.00 0.00 0.00 0
61445 0.00 0.00 0.00 0
61446 0.00 0.00 0.00 0
61447 0.00 0.00 0.00 0
61448 0.00 0.00 0.00 0
61449 0.00 0.00 0.00 0
61450 0.00 0.00 0.00 0
61451 0.00 0.00 0.00 0
61452 0.00 0.00 0.00 0
61453 0.00 0.00 0.00 0
61454 0.00 0.00 0.00 0
64484 0.00 0.00 0.00 0
64485 0.00 0.00 0.00 0
64486 0.00 0.00 0.00 0
64487 0.00 0.00 0.00 0
64488 0.00 0.00 0.00 0
64489 0.00 0.00 0.00 0
64490 0.00 0.00 0.00 0
64491 0.00 0.00 0.00 0
64492 0.00 0.00 0.00 0
64493 0.00 0.00 0.00 0
64494 0.00 0.00 0.00 0
64495 0.00 0.00 0.00 0
64496 0.00 0.00 0.00 0
64497 0.00 0.00 0.00 0
64498 0.00 0.00 0.00 0
64499 0.00 0.00 0.00 0
64500 0.00 0.00 0.00 0
64501 0.00 0.00 0.00 0
64502 0.00 0.00 0.00 0
64503 0.00 0.00 0.00 0
64504 0.00 0.00 0.00 0
64505 0.00 0.00 0.00 0
64506 0.00 0.00 0.00 0
68542 0.00 0.00 0.00 0
68557 0.00 0.00 0.00 0
68558 0.00 0.00 0.00 0
68559 0.00 0.00 0.00 0
68560 0.00 0.00 0.00 0
68561 0.00 0.00 0.00 0
68562 0.00 0.00 0.00 0
68563 0.00 0.00 0.00 0
68564 0.00 0.00 0.00 0
68565 0.00 0.00 0.00 0
68566 0.00 0.00 0.00 0
68567 0.00 0.00 0.00 0
68568 0.00 0.00 0.00 0
68569 0.00 0.00 0.00 0
68570 0.00 0.00 0.00 0
68571 0.00 0.00 0.00 0
68572 0.00 0.00 0.00 0
68573 0.00 0.00 0.00 0
68574 0.00 0.00 0.00 0
68575 0.00 0.00 0.00 0
68576 0.00 0.00 0.00 0
68577 0.00 0.00 0.00 0
68578 0.00 0.00 0.00 0
68579 0.00 0.00 0.00 0
68580 0.00 0.00 0.00 0
68581 0.00 0.00 0.00 0
68582 0.00 0.00 0.00 0
68583 0.00 0.00 0.00 0
68584 0.00 0.00 0.00 0
68585 0.00 0.00 0.00 0
68586 0.00 0.00 0.00 0
68587 0.00 0.00 0.00 0
68588 0.00 0.00 0.00 0
68589 0.00 0.00 0.00 0
68590 0.00 0.00 0.00 0
68591 0.00 0.00 0.00 0
68592 0.00 0.00 0.00 0
68593 0.00 0.00 0.00 0
68594 0.00 0.00 0.00 0
68595 0.00 0.00 0.00 0
68596 0.00 0.00 0.00 0
68597 0.00 0.00 0.00 0
68598 0.00 0.00 0.00 0
68599 0.00 0.00 0.00 0
68600 0.00 0.00 0.00 0
68601 0.00 0.00 0.00 0
68648 0.00 0.00 0.00 0
68651 0.00 0.00 0.00 0
68652 0.00 0.00 0.00 0
68653 0.00 0.00 0.00 0
68654 0.00 0.00 0.00 0
73937 0.00 0.00 0.00 0
73938 0.00 0.00 0.00 0
73939 0.00 0.00 0.00 0
73940 0.00 0.00 0.00 0
73941 0.00 0.00 0.00 0
73945 0.00 0.00 0.00 0
73946 0.00 0.00 0.00 0
73947 0.00 0.00 0.00 0
73948 0.00 0.00 0.00 0
73949 0.00 0.00 0.00 0
73950 0.00 0.00 0.00 0
73951 0.00 0.00 0.00 0
73952 0.00 0.00 0.00 0
73953 0.00 0.00 0.00 0
73954 0.00 0.00 0.00 0
73955 0.00 0.00 0.00 0
73956 0.00 0.00 0.00 0
73957 0.00 0.00 0.00 0
73958 0.00 0.00 0.00 0
73959 0.00 0.00 0.00 0
73960 0.00 0.00 0.00 0
73961 0.00 0.00 0.00 0
73962 0.00 0.00 0.00 0
73963 0.00 0.00 0.00 0
73964 0.00 0.00 0.00 0
73965 0.00 0.00 0.00 0
73966 0.00 0.00 0.00 0
73967 0.00 0.00 0.00 0
73968 0.00 0.00 0.00 0
73969 0.00 0.00 0.00 0
73970 0.00 0.00 0.00 0
73971 0.00 0.00 0.00 0
73972 0.00 0.00 0.00 0
73973 0.00 0.00 0.00 0
73974 0.00 0.00 0.00 0
73975 0.00 0.00 0.00 0
73976 0.00 0.00 0.00 0
73977 0.00 0.00 0.00 0
73978 0.00 0.00 0.00 0
73979 0.00 0.00 0.00 0
73980 0.00 0.00 0.00 0
73981 0.00 0.00 0.00 0
73982 0.00 0.00 0.00 0
73983 0.00 0.00 0.00 0
73984 0.00 0.00 0.00 0
73985 0.00 0.00 0.00 0
73986 0.00 0.00 0.00 0
73987 0.00 0.00 0.00 0
73988 0.00 0.00 0.00 0
73989 0.00 0.00 0.00 0
73990 0.00 0.00 0.00 0
73991 0.00 0.00 0.00 0
73992 0.00 0.00 0.00 0
73993 0.00 0.00 0.00 0
73994 0.00 0.00 0.00 0
73995 0.00 0.00 0.00 0
73996 0.00 0.00 0.00 0
73997 0.00 0.00 0.00 0
73998 0.00 0.00 0.00 0
73999 0.00 0.00 0.00 0
74000 0.00 0.00 0.00 0
74001 0.00 0.00 0.00 0
86152 0.00 0.00 0.00 0
86154 0.00 0.00 0.00 0
86155 0.00 0.00 0.00 0
86156 0.00 0.00 0.00 0
86157 0.00 0.00 0.00 0
86158 0.00 0.00 0.00 0
86159 0.00 0.00 0.00 0
86160 0.00 0.00 0.00 0
86161 0.00 0.00 0.00 0
86162 0.00 0.00 0.00 0
86163 0.00 0.00 0.00 0
86164 0.00 0.00 0.00 0
86165 0.00 0.00 0.00 0
86166 0.00 0.00 0.00 0
86167 0.00 0.00 0.00 0
86168 0.00 0.00 0.00 0
86169 0.00 0.00 0.00 0
86170 0.00 0.00 0.00 0
86171 0.00 0.00 0.00 0
86172 0.00 0.00 0.00 0
86173 0.00 0.00 0.00 0
86174 0.00 0.00 0.00 0
86175 0.00 0.00 0.00 0
86176 0.00 0.00 0.00 0
86177 0.00 0.00 0.00 0
86178 0.00 0.00 0.00 0
86179 0.00 0.00 0.00 0
86180 0.00 0.00 0.00 0
86181 0.00 0.00 0.00 0
86182 0.00 0.00 0.00 0
86183 0.00 0.00 0.00 0
86184 0.00 0.00 0.00 0
86185 0.00 0.00 0.00 0
86186 0.00 0.00 0.00 0
86187 0.00 0.00 0.00 0
86188 0.00 0.00 0.00 0
86189 0.00 0.00 0.00 0
86190 0.00 0.00 0.00 0
86191 0.00 0.00 0.00 0
86192 0.00 0.00 0.00 0
86193 0.00 0.00 0.00 0
86194 0.00 0.00 0.00 0
86195 0.00 0.00 0.00 0
86196 0.00 0.00 0.00 0
86197 0.00 0.00 0.00 0
86198 0.00 0.00 0.00 0
86199 0.00 0.00 0.00 0
86200 0.00 0.00 0.00 0
86201 0.00 0.00 0.00 0
86202 0.00 0.00 0.00 0
86203 0.00 0.00 0.00 0
86204 0.00 0.00 0.00 0
86205 0.00 0.00 0.00 0
86206 0.00 0.00 0.00 0
86207 0.00 0.00 0.00 0
86208 0.00 0.00 0.00 0
86209 0.00 0.00 0.00 0
86210 0.00 0.00 0.00 0
86211 0.00 0.00 0.00 0
86212 0.00 0.00 0.00 0
86227 0.00 0.00 0.00 0
86228 0.00 0.00 0.00 0
86229 0.00 0.00 0.00 0
86242 0.00 0.00 0.00 0
86243 0.00 0.00 0.00 0
86244 0.00 0.00 0.00 0
86245 0.00 0.00 0.00 0
86246 0.00 0.00 0.00 0
86247 0.00 0.00 0.00 0
86248 0.00 0.00 0.00 0
86249 0.00 0.00 0.00 0
86250 0.00 0.00 0.00 0
86251 0.00 0.00 0.00 0
86333 0.00 0.00 0.00 0
86335 0.00 0.00 0.00 0
86336 0.00 0.00 0.00 0
86337 0.00 0.00 0.00 0
86338 0.00 0.00 0.00 0
86339 0.00 0.00 0.00 0
86343 0.00 0.00 0.00 0
86344 0.00 0.00 0.00 0
86345 0.00 0.00 0.00 0
86346 0.00 0.00 0.00 0
86347 0.00 0.00 0.00 0
86348 0.00 0.00 0.00 0
86349 0.00 0.00 0.00 0
86350 0.00 0.00 0.00 0
86351 0.00 0.00 0.00 0
86352 0.00 0.00 0.00 0
86353 0.00 0.00 0.00 0
86354 0.00 0.00 0.00 0
86410 0.00 0.00 0.00 0
86411 0.00 0.00 0.00 0
86412 0.00 0.00 0.00 0
86413 0.00 0.00 0.00 0
86414 0.00 0.00 0.00 0
86415 0.00 0.00 0.00 0
86416 0.00 0.00 0.00 0
86417 0.00 0.00 0.00 0
86418 0.00 0.00 0.00 0
86419 0.00 0.00 0.00 0
86420 0.00 0.00 0.00 0
86421 0.00 0.00 0.00 0
86422 0.00 0.00 0.00 0
86423 0.00 0.00 0.00 0
86424 0.00 0.00 0.00 0
86425 0.00 0.00 0.00 0
86426 0.00 0.00 0.00 0
86427 0.00 0.00 0.00 0
86428 0.00 0.00 0.00 0
86429 0.00 0.00 0.00 0
86430 0.00 0.00 0.00 0
86431 0.00 0.00 0.00 0
86432 0.00 0.00 0.00 0
86433 0.00 0.00 0.00 0
86434 0.00 0.00 0.00 0
86435 0.00 0.00 0.00 0
86436 0.00 0.00 0.00 0
86437 0.00 0.00 0.00 0
86438 0.00 0.00 0.00 0
86439 0.00 0.00 0.00 0
86440 0.00 0.00 0.00 0
86441 0.00 0.00 0.00 0
86442 0.00 0.00 0.00 0
86443 0.00 0.00 0.00 0
86445 0.00 0.00 0.00 0
86446 0.00 0.00 0.00 0
86447 0.00 0.00 0.00 0
86448 0.00 0.00 0.00 0
86449 0.00 0.00 0.00 0
86450 0.00 0.00 0.00 0
86451 0.00 0.00 0.00 0
86452 0.00 0.00 0.00 0
86459 0.00 0.00 0.00 0
92384 0.00 0.00 0.00 0
92385 0.00 0.00 0.00 0
92386 0.00 0.00 0.00 0
92387 0.00 0.00 0.00 0
92388 0.00 0.00 0.00 0
93195 0.00 0.00 0.00 0
93196 0.00 0.00 0.00 0
93197 0.00 0.00 0.00 0
93199 0.00 0.00 0.00 0
93200 0.00 0.00 0.00 0
93201 0.00 0.00 0.00 0
93202 0.00 0.00 0.00 0
93203 0.00 0.00 0.00 0
93204 0.00 0.00 0.00 0
93205 0.00 0.00 0.00 0
93206 0.00 0.00 0.00 0
93207 0.00 0.00 0.00 0
94279 0.00 0.00 0.00 0
94280 0.00 0.00 0.00 0
94281 0.00 0.00 0.00 0
94282 0.00 0.00 0.00 0
94283 0.00 0.00 0.00 0
94284 0.00 0.00 0.00 0
94285 0.00 0.00 0.00 0
94286 0.00 0.00 0.00 0
94287 0.00 0.00 0.00 0
96718 0.00 0.00 0.00 0
96719 0.00 0.00 0.00 0
96720 0.00 0.00 0.00 0
96721 0.00 0.00 0.00 0
96722 0.00 0.00 0.00 0
96723 0.00 0.00 0.00 0
96724 0.00 0.00 0.00 0
96725 0.00 0.00 0.00 0
96726 0.00 0.00 0.00 0
96727 0.00 0.00 0.00 0
96728 0.00 0.00 0.00 0
96729 0.00 0.00 0.00 0
96730 0.00 0.00 0.00 0
96731 0.00 0.00 0.00 0
96732 0.00 0.00 0.00 0
96733 0.00 0.00 0.00 0
96734 0.00 0.00 0.00 0
96735 0.00 0.00 0.00 0
96736 0.00 0.00 0.00 0
96737 0.00 0.00 0.00 0
96769 0.00 0.00 0.00 0
96770 0.00 0.00 0.00 0
96771 0.00 0.00 0.00 0
96772 0.00 0.00 0.00 0
96773 0.00 0.00 0.00 0
96774 0.00 0.00 0.00 0
96775 0.00 0.00 0.00 0
96776 0.00 0.00 0.00 0
98595 0.00 0.00 0.00 0
98596 0.00 0.00 0.00 0
98597 0.00 0.00 0.00 0
98598 0.00 0.00 0.00 0
98599 0.00 0.00 0.00 0
98600 0.00 0.00 0.00 0
98601 0.00 0.00 0.00 0
98602 0.00 0.00 0.00 0
98603 0.00 0.00 0.00 0
98604 0.00 0.00 0.00 0
98605 0.00 0.00 0.00 0
98606 0.00 0.00 0.00 0
98607 0.00 0.00 0.00 0
101029 0.00 0.00 0.00 0
101030 0.00 0.00 0.00 0
101038 0.00 0.00 0.00 0
101039 0.00 0.00 0.00 0
101040 0.00 0.00 0.00 0
101041 0.00 0.00 0.00 0
101042 0.00 0.00 0.00 0
101043 0.00 0.00 0.00 0
101044 0.00 0.00 0.00 0
101045 0.00 0.00 0.00 0
101046 0.00 0.00 0.00 0
101047 0.00 0.00 0.00 0
101048 0.00 0.00 0.00 0
101049 0.00 0.00 0.00 0
101050 0.00 0.00 0.00 0
101051 0.00 0.00 0.00 0
101052 0.00 0.00 0.00 0
101053 0.00 0.00 0.00 0
101054 0.00 0.00 0.00 0
101055 0.00 0.00 0.00 0
101056 0.00 0.00 0.00 0
101057 0.00 0.00 0.00 0
101058 0.00 0.00 0.00 0
101059 0.00 0.00 0.00 0
101060 0.00 0.00 0.00 0
101061 0.00 0.00 0.00 0
101062 0.00 0.00 0.00 0
101063 0.00 0.00 0.00 0
101064 0.00 0.00 0.00 0
104264 0.00 0.00 0.00 0
104265 0.00 0.00 0.00 0
104266 0.00 0.00 0.00 0
104267 0.00 0.00 0.00 0
104268 0.00 0.00 0.00 0
104272 0.00 0.00 0.00 0
104273 0.00 0.00 0.00 0
104274 0.00 0.00 0.00 0
104275 0.00 0.00 0.00 0
104276 0.00 0.00 0.00 0
104277 0.00 0.00 0.00 0
104278 0.00 0.00 0.00 0
104279 0.00 0.00 0.00 0
104280 0.00 0.00 0.00 0
104281 0.00 0.00 0.00 0
104282 0.00 0.00 0.00 0
104283 0.00 0.00 0.00 0
104284 0.00 0.00 0.00 0
104285 0.00 0.00 0.00 0
104286 0.00 0.00 0.00 0
104287 0.00 0.00 0.00 0
104288 0.00 0.00 0.00 0
104289 0.00 0.00 0.00 0
104290 0.00 0.00 0.00 0
104291 0.00 0.00 0.00 0
104292 0.00 0.00 0.00 0
104293 0.00 0.00 0.00 0
104294 0.00 0.00 0.00 0
104295 0.00 0.00 0.00 0
104296 0.00 0.00 0.00 0
104297 0.00 0.00 0.00 0
104298 0.00 0.00 0.00 0
104299 0.00 0.00 0.00 0
104300 0.00 0.00 0.00 0
104301 0.00 0.00 0.00 0
104302 0.00 0.00 0.00 0
104303 0.00 0.00 0.00 0
104304 0.00 0.00 0.00 0
104506 0.00 0.00 0.00 0
111595 0.00 0.00 0.00 0
111596 0.00 0.00 0.00 0
111597 0.00 0.00 0.00 0
111598 0.00 0.00 0.00 0
111599 0.00 0.00 0.00 0
111600 0.00 0.00 0.00 0
111601 0.00 0.00 0.00 0
111602 0.00 0.00 0.00 0
111603 0.00 0.00 0.00 0
111604 0.00 0.00 0.00 0
111605 0.00 0.00 0.00 0
111606 0.00 0.00 0.00 0
111607 0.00 0.00 0.00 0
111608 0.00 0.00 0.00 0
111609 0.00 0.00 0.00 0
111610 0.00 0.00 0.00 0
111611 0.00 0.00 0.00 0
111612 0.00 0.00 0.00 0
111613 0.00 0.00 0.00 0
111614 0.00 0.00 0.00 0
111615 0.00 0.00 0.00 0
111616 0.00 0.00 0.00 0
111617 0.00 0.00 0.00 0
111618 0.00 0.00 0.00 0
111619 0.00 0.00 0.00 0
111620 0.00 0.00 0.00 0
111621 0.00 0.00 0.00 0
111622 0.00 0.00 0.00 0
111623 0.00 0.00 0.00 0
111624 0.00 0.00 0.00 0
111625 0.00 0.00 0.00 0
111626 0.00 0.00 0.00 0
111627 0.00 0.00 0.00 0
111628 0.00 0.00 0.00 0
111629 0.00 0.00 0.00 0
111630 0.00 0.00 0.00 0
111631 0.00 0.00 0.00 0
111638 0.00 0.00 0.00 0
111639 0.00 0.00 0.00 0
111640 0.00 0.00 0.00 0
111641 0.00 0.00 0.00 0
111642 0.00 0.00 0.00 0
111649 0.00 0.00 0.00 0
111650 0.00 0.00 0.00 0
111651 0.00 0.00 0.00 0
111652 0.00 0.00 0.00 0
111653 0.00 0.00 0.00 0
111711 0.00 0.00 0.00 0
111712 0.00 0.00 0.00 0
111713 0.00 0.00 0.00 0
111714 0.00 0.00 0.00 0
111715 0.00 0.00 0.00 0
111716 0.00 0.00 0.00 0
111749 0.00 0.00 0.00 0
111750 0.00 0.00 0.00 0
111751 0.00 0.00 0.00 0
111752 0.00 0.00 0.00 0
111753 0.00 0.00 0.00 0
111754 0.00 0.00 0.00 0
111755 0.00 0.00 0.00 0
111756 0.00 0.00 0.00 0
111757 0.00 0.00 0.00 0
111758 0.00 0.00 0.00 0
111759 0.00 0.00 0.00 0
111760 0.00 0.00 0.00 0
111761 0.00 0.00 0.00 0
111762 0.00 0.00 0.00 0
111763 0.00 0.00 0.00 0
111764 0.00 0.00 0.00 0
111765 0.00 0.00 0.00 0
111766 0.00 0.00 0.00 0
111767 0.00 0.00 0.00 0
111768 0.00 0.00 0.00 0
111769 0.00 0.00 0.00 0
111770 0.00 0.00 0.00 0
111771 0.00 0.00 0.00 0
111772 0.00 0.00 0.00 0
111773 0.00 0.00 0.00 0
111774 0.00 0.00 0.00 0
111775 0.00 0.00 0.00 0
115724 0.00 0.00 0.00 0
115725 0.00 0.00 0.00 0
115726 0.00 0.00 0.00 0
115727 0.00 0.00 0.00 0
115728 0.00 0.00 0.00 0
115729 0.00 0.00 0.00 0
115730 0.00 0.00 0.00 0
115731 0.00 0.00 0.00 0
115732 0.00 0.00 0.00 0
115733 0.00 0.00 0.00 0
115734 0.00 0.00 0.00 0
117618 0.00 0.00 0.00 0
117619 0.00 0.00 0.00 0
117620 0.00 0.00 0.00 0
117621 0.00 0.00 0.00 0
117622 0.00 0.00 0.00 0
117623 0.00 0.00 0.00 0
117624 0.00 0.00 0.00 0
117625 0.00 0.00 0.00 0
117626 0.00 0.00 0.00 0
117627 0.00 0.00 0.00 0
117628 0.00 0.00 0.00 0
117629 0.00 0.00 0.00 0
117630 0.00 0.00 0.00 0
117631 0.00 0.00 0.00 0
117632 0.00 0.00 0.00 0
117633 0.00 0.00 0.00 0
117634 0.00 0.00 0.00 0
117635 0.00 0.00 0.00 0
117636 0.00 0.00 0.00 0
117637 0.00 0.00 0.00 0
117638 0.00 0.00 0.00 0
117639 0.00 0.00 0.00 0
117640 0.00 0.00 0.00 0
117641 0.00 0.00 0.00 0
117642 0.00 0.00 0.00 0
117643 0.00 0.00 0.00 0
117644 0.00 0.00 0.00 0
117645 0.00 0.00 0.00 0
120144 0.00 0.00 0.00 0
120145 0.00 0.00 0.00 0
120146 0.00 0.00 0.00 0
120147 0.00 0.00 0.00 0
120148 0.00 0.00 0.00 0
120149 0.00 0.00 0.00 0
120150 0.00 0.00 0.00 0
120151 0.00 0.00 0.00 0
120152 0.00 0.00 0.00 0
120153 0.00 0.00 0.00 0
120154 0.00 0.00 0.00 0
120155 0.00 0.00 0.00 0
120156 0.00 0.00 0.00 0
120157 0.00 0.00 0.00 0
120158 0.00 0.00 0.00 0
120159 0.00 0.00 0.00 0
120160 0.00 0.00 0.00 0
120161 0.00 0.00 0.00 0
120162 0.00 0.00 0.00 0
120163 0.00 0.00 0.00 0
120164 0.00 0.00 0.00 0
120165 0.00 0.00 0.00 0
125827 0.00 0.00 0.00 0
125828 0.00 0.00 0.00 0
125833 0.00 0.00 0.00 0
125834 0.00 0.00 0.00 0
125835 0.00 0.00 0.00 0
125836 0.00 0.00 0.00 0
125837 0.00 0.00 0.00 0
125838 0.00 0.00 0.00 0
125839 0.00 0.00 0.00 0
125840 0.00 0.00 0.00 0
125841 0.00 0.00 0.00 0
125842 0.00 0.00 0.00 0
125843 0.00 0.00 0.00 0
125844 0.00 0.00 0.00 0
125845 0.00 0.00 0.00 0
125846 0.00 0.00 0.00 0
125847 0.00 0.00 0.00 0
125848 0.00 0.00 0.00 0
125849 0.00 0.00 0.00 0
125850 0.00 0.00 0.00 0
125851 0.00 0.00 0.00 0
125852 0.00 0.00 0.00 0
125853 0.00 0.00 0.00 0
125854 0.00 0.00 0.00 0
125855 0.00 0.00 0.00 0
125856 0.00 0.00 0.00 0
125857 0.00 0.00 0.00 0
125858 0.00 0.00 0.00 0
125859 0.00 0.00 0.00 0
125860 0.00 0.00 0.00 0
125861 0.00 0.00 0.00 0
125862 0.00 0.00 0.00 0
125863 0.00 0.00 0.00 0
125864 0.00 0.00 0.00 0
125865 0.00 0.00 0.00 0
125866 0.00 0.00 0.00 0
125867 0.00 0.00 0.00 0
125868 0.00 0.00 0.00 0
125869 0.00 0.00 0.00 0
125870 0.00 0.00 0.00 0
125871 0.00 0.00 0.00 0
125872 0.00 0.00 0.00 0
125873 0.00 0.00 0.00 0
125874 0.00 0.00 0.00 0
125875 0.00 0.00 0.00 0
125876 0.00 0.00 0.00 0
125877 0.00 0.00 0.00 0
125878 0.00 0.00 0.00 0
125879 0.00 0.00 0.00 0
125880 0.00 0.00 0.00 0
125881 0.00 0.00 0.00 0
125956 0.00 0.00 0.00 0
125957 0.00 0.00 0.00 0
125958 0.00 0.00 0.00 0
125959 0.00 0.00 0.00 0
125960 0.00 0.00 0.00 0
125961 0.00 0.00 0.00 0
125962 0.00 0.00 0.00 0
125963 0.00 0.00 0.00 0
125964 0.00 0.00 0.00 0
125965 0.00 0.00 0.00 0
125966 0.00 0.00 0.00 0
125967 0.00 0.00 0.00 0
125968 0.00 0.00 0.00 0
125969 0.00 0.00 0.00 0
125970 0.00 0.00 0.00 0
125971 0.00 0.00 0.00 0
125972 0.00 0.00 0.00 0
125973 0.00 0.00 0.00 0
125974 0.00 0.00 0.00 0
130066 0.00 0.00 0.00 0
130067 0.00 0.00 0.00 0
130068 0.00 0.00 0.00 0
130069 0.00 0.00 0.00 0
130070 0.00 0.00 0.00 0
130071 0.00 0.00 0.00 0
130072 0.00 0.00 0.00 0
130073 0.00 0.00 0.00 0
130074 0.00 0.00 0.00 0
130075 0.00 0.00 0.00 0
130076 0.00 0.00 0.00 0
130077 0.00 0.00 0.00 0
130078 0.00 0.00 0.00 0
130079 0.00 0.00 0.00 0
130080 0.00 0.00 0.00 0
130081 0.00 0.00 0.00 0
130082 0.00 0.00 0.00 0
130083 0.00 0.00 0.00 0
130084 0.00 0.00 0.00 0
130085 0.00 0.00 0.00 0
130086 0.00 0.00 0.00 0
130087 0.00 0.00 0.00 0
130088 0.00 0.00 0.00 0
130089 0.00 0.00 0.00 0
130090 0.00 0.00 0.00 0
130091 0.00 0.00 0.00 0
130092 0.00 0.00 0.00 0
135223 0.00 0.00 0.00 0
135224 0.00 0.00 0.00 0
135225 0.00 0.00 0.00 0
135226 0.00 0.00 0.00 0
135227 0.00 0.00 0.00 0
135228 0.00 0.00 0.00 0
135229 0.00 0.00 0.00 0
135230 0.00 0.00 0.00 0
135231 0.00 0.00 0.00 0
135232 0.00 0.00 0.00 0
135233 0.00 0.00 0.00 0
135234 0.00 0.00 0.00 0
135235 0.00 0.00 0.00 0
135236 0.00 0.00 0.00 0
135237 0.00 0.00 0.00 0
135238 0.00 0.00 0.00 0
135239 0.00 0.00 0.00 0
135240 0.00 0.00 0.00 0
135241 0.00 0.00 0.00 0
135242 0.00 0.00 0.00 0
135243 0.00 0.00 0.00 0
135244 0.00 0.00 0.00 0
135245 0.00 0.00 0.00 0
135246 0.00 0.00 0.00 0
135247 0.00 0.00 0.00 0
135248 0.00 0.00 0.00 0
135249 0.00 0.00 0.00 0
135250 0.00 0.00 0.00 0
135251 0.00 0.00 0.00 0
135252 0.00 0.00 0.00 0
135253 0.00 0.00 0.00 0
135254 0.00 0.00 0.00 0
135255 0.00 0.00 0.00 0
135256 0.00 0.00 0.00 0
135257 0.00 0.00 0.00 0
135258 0.00 0.00 0.00 0
135259 0.00 0.00 0.00 0
135260 0.00 0.00 0.00 0
135261 0.00 0.00 0.00 0
135262 0.00 0.00 0.00 0
135263 0.00 0.00 0.00 0
135264 0.00 0.00 0.00 0
135265 0.00 0.00 0.00 0
135266 0.00 0.00 0.00 0
135267 0.00 0.00 0.00 0
135268 0.00 0.00 0.00 0
135269 0.00 0.00 0.00 0
135270 0.00 0.00 0.00 0
135271 0.00 0.00 0.00 0
135272 0.00 0.00 0.00 0
135273 0.00 0.00 0.00 0
135274 0.00 0.00 0.00 0
135275 0.00 0.00 0.00 0
135276 0.00 0.00 0.00 0
135277 0.00 0.00 0.00 0
135278 0.00 0.00 0.00 0
135337 0.00 0.00 0.00 0
135338 0.00 0.00 0.00 0
135339 0.00 0.00 0.00 0
135340 0.00 0.00 0.00 0
135341 0.00 0.00 0.00 0
135342 0.00 0.00 0.00 0
135343 0.00 0.00 0.00 0
135344 0.00 0.00 0.00 0
135345 0.00 0.00 0.00 0
135346 0.00 0.00 0.00 0
135347 0.00 0.00 0.00 0
135354 0.00 0.00 0.00 0
135355 0.00 0.00 0.00 0
135356 0.00 0.00 0.00 0
141888 0.00 0.00 0.00 0
141889 0.00 0.00 0.00 0
141890 0.00 0.00 0.00 0
141891 0.00 0.00 0.00 0
141892 0.00 0.00 0.00 0
141893 0.00 0.00 0.00 0
141894 0.00 0.00 0.00 0
141897 0.00 0.00 0.00 0
141899 0.00 0.00 0.00 0
141900 0.00 0.00 0.00 0
141901 0.00 0.00 0.00 0
141902 0.00 0.00 0.00 0
141903 0.00 0.00 0.00 0
141904 0.00 0.00 0.00 0
141905 0.00 0.00 0.00 0
141906 0.00 0.00 0.00 0
141907 0.00 0.00 0.00 0
141908 0.00 0.00 0.00 0
141909 0.00 0.00 0.00 0
141910 0.00 0.00 0.00 0
141911 0.00 0.00 0.00 0
141912 0.00 0.00 0.00 0
141913 0.00 0.00 0.00 0
141914 0.00 0.00 0.00 0
141915 0.00 0.00 0.00 0
141916 0.00 0.00 0.00 0
141917 0.00 0.00 0.00 0
141918 0.00 0.00 0.00 0
141919 0.00 0.00 0.00 0
141920 0.00 0.00 0.00 0
141921 0.00 0.00 0.00 0
141922 0.00 0.00 0.00 0
141923 0.00 0.00 0.00 0
141924 0.00 0.00 0.00 0
141925 0.00 0.00 0.00 0
141926 0.00 0.00 0.00 0
141927 0.00 0.00 0.00 0
141928 0.00 0.00 0.00 0
141929 0.00 0.00 0.00 0
141930 0.00 0.00 0.00 0
141931 0.00 0.00 0.00 0
141932 0.00 0.00 0.00 0
141933 0.00 0.00 0.00 0
141934 0.00 0.00 0.00 0
141935 0.00 0.00 0.00 0
141936 0.00 0.00 0.00 0
141937 0.00 0.00 0.00 0
141938 0.00 0.00 0.00 0
141939 0.00 0.00 0.00 0
141940 0.00 0.00 0.00 0
141941 0.00 0.00 0.00 0
141942 0.00 0.00 0.00 0
141943 0.00 0.00 0.00 0
141944 0.00 0.00 0.00 0
141945 0.00 0.00 0.00 0
141946 0.00 0.00 0.00 0
141947 0.00 0.00 0.00 0
141948 0.00 0.00 0.00 0
141949 0.00 0.00 0.00 0
141950 0.00 0.00 0.00 0
141951 0.00 0.00 0.00 0
141952 0.00 0.00 0.00 0
141953 0.00 0.00 0.00 0
141954 0.00 0.00 0.00 0
141955 0.00 0.00 0.00 0
141956 0.00 0.00 0.00 0
141957 0.00 0.00 0.00 0
141958 0.00 0.00 0.00 0
141959 0.00 0.00 0.00 0
141960 0.00 0.00 0.00 0
141961 0.00 0.00 0.00 0
141962 0.00 0.00 0.00 0
141963 0.00 0.00 0.00 0
141964 0.00 0.00 0.00 0
141965 0.00 0.00 0.00 0
141966 0.00 0.00 0.00 0
156636 0.00 0.00 0.00 0
156637 0.00 0.00 0.00 0
156638 0.00 0.00 0.00 0
156639 0.00 0.00 0.00 0
156640 0.00 0.00 0.00 0
156641 0.00 0.00 0.00 0
156642 0.00 0.00 0.00 0
156643 0.00 0.00 0.00 0
156644 0.00 0.00 0.00 0
156645 0.00 0.00 0.00 0
156646 0.00 0.00 0.00 0
156647 0.00 0.00 0.00 0
156648 0.00 0.00 0.00 0
156649 0.00 0.00 0.00 0
156650 0.00 0.00 0.00 0
156651 0.00 0.00 0.00 0
156652 0.00 0.00 0.00 0
156653 0.00 0.00 0.00 0
156654 0.00 0.00 0.00 0
156655 0.00 0.00 0.00 0
156656 0.00 0.00 0.00 0
156660 0.00 0.00 0.00 0
156661 0.00 0.00 0.00 0
156662 0.00 0.00 0.00 0
156663 0.00 0.00 0.00 0
156664 0.00 0.00 0.00 0
156665 0.00 0.00 0.00 0
156666 0.00 0.00 0.00 0
156667 0.00 0.00 0.00 0
156668 0.00 0.00 0.00 0
156669 0.00 0.00 0.00 0
156670 0.00 0.00 0.00 0
156671 0.00 0.00 0.00 0
156672 0.00 0.00 0.00 0
156673 0.00 0.00 0.00 0
156674 0.00 0.00 0.00 0
156675 0.00 0.00 0.00 0
156676 0.00 0.00 0.00 0
156677 0.00 0.00 0.00 0
156678 0.00 0.00 0.00 0
156679 0.00 0.00 0.00 0
156680 0.00 0.00 0.00 0
156681 0.00 0.00 0.00 0
156682 0.00 0.00 0.00 0
156683 0.00 0.00 0.00 0
156684 0.00 0.00 0.00 0
156685 0.00 0.00 0.00 0
156690 0.00 0.00 0.00 0
156694 0.00 0.00 0.00 0
156695 0.00 0.00 0.00 0
156696 0.00 0.00 0.00 0
156697 0.00 0.00 0.00 0
156698 0.00 0.00 0.00 0
156699 0.00 0.00 0.00 0
156700 0.00 0.00 0.00 0
156701 0.00 0.00 0.00 0
156702 0.00 0.00 0.00 0
156703 0.00 0.00 0.00 0
156704 0.00 0.00 0.00 0
156723 0.00 0.00 0.00 0
156724 0.00 0.00 0.00 0
156725 0.00 0.00 0.00 0
156726 0.00 0.00 0.00 0
156741 0.00 0.00 0.00 0
156742 0.00 0.00 0.00 0
156743 0.00 0.00 0.00 0
156744 0.00 0.00 0.00 0
156745 0.00 0.00 0.00 0
156746 0.00 0.00 0.00 0
156747 0.00 0.00 0.00 0
156748 0.00 0.00 0.00 0
156750 0.00 0.00 0.00 0
156751 0.00 0.00 0.00 0
156752 0.00 0.00 0.00 0
156755 0.00 0.00 0.00 0
156820 0.00 0.00 0.00 0
156821 0.00 0.00 0.00 0
156848 0.00 0.00 0.00 0
156849 0.00 0.00 0.00 0
156850 0.00 0.00 0.00 0
156851 0.00 0.00 0.00 0
156852 0.00 0.00 0.00 0
156853 0.00 0.00 0.00 0
156854 0.00 0.00 0.00 0
156855 0.00 0.00 0.00 0
156856 0.00 0.00 0.00 0
156857 0.00 0.00 0.00 0
156862 0.00 0.00 0.00 0
156863 0.00 0.00 0.00 0
156864 0.00 0.00 0.00 0
156865 0.00 0.00 0.00 0
156866 0.00 0.00 0.00 0
156867 0.00 0.00 0.00 0
156868 0.00 0.00 0.00 0
156869 0.00 0.00 0.00 0
156870 0.00 0.00 0.00 0
156871 0.00 0.00 0.00 0
156872 0.00 0.00 0.00 0
156873 0.00 0.00 0.00 0
156874 0.00 0.00 0.00 0
156875 0.00 0.00 0.00 0
156942 0.00 0.00 0.00 0
156943 0.00 0.00 0.00 0
156945 0.00 0.00 0.00 0
156946 0.00 0.00 0.00 0
156947 0.00 0.00 0.00 0
156948 0.00 0.00 0.00 0
156949 0.00 0.00 0.00 0
156950 0.00 0.00 0.00 0
156951 0.00 0.00 0.00 0
156952 0.00 0.00 0.00 0
156953 0.00 0.00 0.00 0
156954 0.00 0.00 0.00 0
156955 0.00 0.00 0.00 0
156956 0.00 0.00 0.00 0
156957 0.00 0.00 0.00 0
156958 0.00 0.00 0.00 0
156959 0.00 0.00 0.00 0
156960 0.00 0.00 0.00 0
156961 0.00 0.00 0.00 0
156962 0.00 0.00 0.00 0
156963 0.00 0.00 0.00 0
156964 0.00 0.00 0.00 0
156965 0.00 0.00 0.00 0
156966 0.00 0.00 0.00 0
156967 0.00 0.00 0.00 0
156968 0.00 0.00 0.00 0
156969 0.00 0.00 0.00 0
156970 0.00 0.00 0.00 0
156971 0.00 0.00 0.00 0
156972 0.00 0.00 0.00 0
156973 0.00 0.00 0.00 0
156974 0.00 0.00 0.00 0
156975 0.00 0.00 0.00 0
156976 0.00 0.00 0.00 0
156977 0.00 0.00 0.00 0
156978 0.00 0.00 0.00 0
156979 0.00 0.00 0.00 0
156980 0.00 0.00 0.00 0
156981 0.00 0.00 0.00 0
156982 0.00 0.00 0.00 0
156984 0.00 0.00 0.00 0
156985 0.00 0.00 0.00 0
156986 0.00 0.00 0.00 0
156987 0.00 0.00 0.00 0
156988 0.00 0.00 0.00 0
156989 0.00 0.00 0.00 0
156990 0.00 0.00 0.00 0
156991 0.00 0.00 0.00 0
156992 0.00 0.00 0.00 0
156993 0.00 0.00 0.00 0
156994 0.00 0.00 0.00 0
156995 0.00 0.00 0.00 0
156998 0.00 0.00 0.00 0
156999 0.00 0.00 0.00 0
157000 0.00 0.00 0.00 0
157001 0.00 0.00 0.00 0
157002 0.00 0.00 0.00 0
157003 0.00 0.00 0.00 0
157004 0.00 0.00 0.00 0
