# G_front_inf-Orbital
380
119 0.00 0.00 0.00 0
259 0.00 0.00 0.00 0
1136 0.00 0.00 0.00 0
1137 0.00 0.00 0.00 0
1138 0.00 0.00 0.00 0
1618 0.00 0.00 0.00 0
3056 0.00 0.00 0.00 0
3057 0.00 0.00 0.00 0
3058 0.00 0.00 0.00 0
3654 0.00 0.00 0.00 0
3655 0.00 0.00 0.00 0
4111 0.00 0.00 0.00 0
4846 0.00 0.00 0.00 0
4848 0.00 0.00 0.00 0
4849 0.00 0.00 0.00 0
6652 0.00 0.00 0.00 0
6653 0.00 0.00 0.00 0
6654 0.00 0.00 0.00 0
6655 0.00 0.00 0.00 0
6656 0.00 0.00 0.00 0
7613 0.00 0.00 0.00 0
7614 0.00 0.00 0.00 0
7616 0.00 0.00 0.00 0
7617 0.00 0.00 0.00 0
8231 0.00 0.00 0.00 0
10736 0.00 0.00 0.00 0
10737 0.00 0.00 0.00 0
10738 0.00 0.00 0.00 0
11334 0.00 0.00 0.00 0
12526 0.00 0.00 0.00 0
12527 0.00 0.00 0.00 0
12528 0.00 0.00 0.00 0
12529 0.00 0.00 0.00 0
14926 0.00 0.00 0.00 0
14927 0.00 0.00 0.00 0
14928 0.00 0.00 0.00 0
14929 0.00 0.00 0.00 0
14930 0.00 0.00 0.00 0
14931 0.00 0.00 0.00 0
14932 0.00 0.00 0.00 0
14933 0.00 0.00 0.00 0
16718 0.00 0.00 0.00 0
16721 0.00 0.00 0.00 0
16722 0.00 0.00 0.00 0
16723 0.00 0.00 0.00 0
16724 0.00 0.00 0.00 0
16725 0.00 0.00 0.00 0
16732 0.00 0.00 0.00 0
18094 0.00 0.00 0.00 0
20304 0.00 0.00 0.00 0
20305 0.00 0.00 0.00 0
23932 0.00 0.00 0.00 0
23933 0.00 0.00 0.00 0
23934 0.00 0.00 0.00 0
23935 0.00 0.00 0.00 0
25009 0.00 0.00 0.00 0
25010 0.00 0.00 0.00 0
25011 0.00 0.00 0.00 0
27154 0.00 0.00 0.00 0
27159 0.00 0.00 0.00 0
30880 0.00 0.00 0.00 0
30881 0.00 0.00 0.00 0
30882 0.00 0.00 0.00 0
30883 0.00 0.00 0.00 0
30884 0.00 0.00 0.00 0
30885 0.00 0.00 0.00 0
30886 0.00 0.00 0.00 0
30887 0.00 0.00 0.00 0
30888 0.00 0.00 0.00 0
30889 0.00 0.00 0.00 0
30890 0.00 0.00 0.00 0
30892 0.00 0.00 0.00 0
33277 0.00 0.00 0.00 0
33278 0.00 0.00 0.00 0
33279 0.00 0.00 0.00 0
33280 0.00 0.00 0.00 0
33281 0.00 0.00 0.00 0
33282 0.00 0.00 0.00 0
33284 0.00 0.00 0.00 0
33285 0.00 0.00 0.00 0
33287 0.00 0.00 0.00 0
33288 0.00 0.00 0.00 0
33289 0.00 0.00 0.00 0
33290 0.00 0.00 0.00 0
33291 0.00 0.00 0.00 0
33292 0.00 0.00 0.00 0
33293 0.00 0.00 0.00 0
33294 0.00 0.00 0.00 0
33297 0.00 0.00 0.00 0
33298 0.00 0.00 0.00 0
34993 0.00 0.00 0.00 0
34994 0.00 0.00 0.00 0
34995 0.00 0.00 0.00 0
37675 0.00 0.00 0.00 0
41456 0.00 0.00 0.00 0
41457 0.00 0.00 0.00 0
41458 0.00 0.00 0.00 0
41459 0.00 0.00 0.00 0
41460 0.00 0.00 0.00 0
43246 0.00 0.00 0.00 0
43247 0.00 0.00 0.00 0
43248 0.00 0.00 0.00 0
45646 0.00 0.00 0.00 0
45647 0.00 0.00 0.00 0
45648 0.00 0.00 0.00 0
45649 0.00 0.00 0.00 0
45650 0.00 0.00 0.00 0
45651 0.00 0.00 0.00 0
45652 0.00 0.00 0.00 0
45653 0.00 0.00 0.00 0
45655 0.00 0.00 0.00 0
47438 0.00 0.00 0.00 0
47439 0.00 0.00 0.00 0
47441 0.00 0.00 0.00 0
47442 0.00 0.00 0.00 0
47443 0.00 0.00 0.00 0
47444 0.00 0.00 0.00 0
47445 0.00 0.00 0.00 0
51024 0.00 0.00 0.00 0
51025 0.00 0.00 0.00 0
55246 0.00 0.00 0.00 0
55247 0.00 0.00 0.00 0
55248 0.00 0.00 0.00 0
55249 0.00 0.00 0.00 0
55250 0.00 0.00 0.00 0
55251 0.00 0.00 0.00 0
55252 0.00 0.00 0.00 0
57040 0.00 0.00 0.00 0
57041 0.00 0.00 0.00 0
57042 0.00 0.00 0.00 0
57043 0.00 0.00 0.00 0
57044 0.00 0.00 0.00 0
57045 0.00 0.00 0.00 0
60616 0.00 0.00 0.00 0
60618 0.00 0.00 0.00 0
60619 0.00 0.00 0.00 0
60620 0.00 0.00 0.00 0
60621 0.00 0.00 0.00 0
60623 0.00 0.00 0.00 0
60624 0.00 0.00 0.00 0
60625 0.00 0.00 0.00 0
60626 0.00 0.00 0.00 0
67816 0.00 0.00 0.00 0
67817 0.00 0.00 0.00 0
67818 0.00 0.00 0.00 0
67819 0.00 0.00 0.00 0
67820 0.00 0.00 0.00 0
67821 0.00 0.00 0.00 0
67822 0.00 0.00 0.00 0
67823 0.00 0.00 0.00 0
67824 0.00 0.00 0.00 0
67825 0.00 0.00 0.00 0
67826 0.00 0.00 0.00 0
67827 0.00 0.00 0.00 0
67828 0.00 0.00 0.00 0
67829 0.00 0.00 0.00 0
67830 0.00 0.00 0.00 0
67831 0.00 0.00 0.00 0
67832 0.00 0.00 0.00 0
67833 0.00 0.00 0.00 0
67834 0.00 0.00 0.00 0
67835 0.00 0.00 0.00 0
67836 0.00 0.00 0.00 0
67837 0.00 0.00 0.00 0
67838 0.00 0.00 0.00 0
67839 0.00 0.00 0.00 0
67840 0.00 0.00 0.00 0
73201 0.00 0.00 0.00 0
73202 0.00 0.00 0.00 0
73203 0.00 0.00 0.00 0
73204 0.00 0.00 0.00 0
73205 0.00 0.00 0.00 0
73206 0.00 0.00 0.00 0
73207 0.00 0.00 0.00 0
73208 0.00 0.00 0.00 0
73209 0.00 0.00 0.00 0
73210 0.00 0.00 0.00 0
73211 0.00 0.00 0.00 0
73212 0.00 0.00 0.00 0
73213 0.00 0.00 0.00 0
73214 0.00 0.00 0.00 0
73215 0.00 0.00 0.00 0
73229 0.00 0.00 0.00 0
73230 0.00 0.00 0.00 0
73231 0.00 0.00 0.00 0
73232 0.00 0.00 0.00 0
73233 0.00 0.00 0.00 0
73234 0.00 0.00 0.00 0
73235 0.00 0.00 0.00 0
73236 0.00 0.00 0.00 0
73237 0.00 0.00 0.00 0
73238 0.00 0.00 0.00 0
73239 0.00 0.00 0.00 0
73240 0.00 0.00 0.00 0
73244 0.00 0.00 0.00 0
73254 0.00 0.00 0.00 0
77316 0.00 0.00 0.00 0
77317 0.00 0.00 0.00 0
77320 0.00 0.00 0.00 0
77321 0.00 0.00 0.00 0
77322 0.00 0.00 0.00 0
83949 0.00 0.00 0.00 0
83950 0.00 0.00 0.00 0
83951 0.00 0.00 0.00 0
83953 0.00 0.00 0.00 0
93052 0.00 0.00 0.00 0
93053 0.00 0.00 0.00 0
93054 0.00 0.00 0.00 0
93055 0.00 0.00 0.00 0
93056 0.00 0.00 0.00 0
93057 0.00 0.00 0.00 0
93058 0.00 0.00 0.00 0
94128 0.00 0.00 0.00 0
94130 0.00 0.00 0.00 0
94131 0.00 0.00 0.00 0
96274 0.00 0.00 0.00 0
96275 0.00 0.00 0.00 0
96276 0.00 0.00 0.00 0
96277 0.00 0.00 0.00 0
96278 0.00 0.00 0.00 0
96279 0.00 0.00 0.00 0
96280 0.00 0.00 0.00 0
96281 0.00 0.00 0.00 0
100594 0.00 0.00 0.00 0
100595 0.00 0.00 0.00 0
100596 0.00 0.00 0.00 0
100597 0.00 0.00 0.00 0
100598 0.00 0.00 0.00 0
100599 0.00 0.00 0.00 0
100600 0.00 0.00 0.00 0
100601 0.00 0.00 0.00 0
100602 0.00 0.00 0.00 0
100603 0.00 0.00 0.00 0
100604 0.00 0.00 0.00 0
100605 0.00 0.00 0.00 0
100606 0.00 0.00 0.00 0
100607 0.00 0.00 0.00 0
100608 0.00 0.00 0.00 0
103825 0.00 0.00 0.00 0
103826 0.00 0.00 0.00 0
103827 0.00 0.00 0.00 0
103828 0.00 0.00 0.00 0
103829 0.00 0.00 0.00 0
103830 0.00 0.00 0.00 0
103831 0.00 0.00 0.00 0
103832 0.00 0.00 0.00 0
103833 0.00 0.00 0.00 0
103844 0.00 0.00 0.00 0
106294 0.00 0.00 0.00 0
106295 0.00 0.00 0.00 0
106296 0.00 0.00 0.00 0
106297 0.00 0.00 0.00 0
110274 0.00 0.00 0.00 0
110275 0.00 0.00 0.00 0
110276 0.00 0.00 0.00 0
110277 0.00 0.00 0.00 0
117280 0.00 0.00 0.00 0
117281 0.00 0.00 0.00 0
117282 0.00 0.00 0.00 0
117283 0.00 0.00 0.00 0
117284 0.00 0.00 0.00 0
117285 0.00 0.00 0.00 0
117286 0.00 0.00 0.00 0
117287 0.00 0.00 0.00 0
117288 0.00 0.00 0.00 0
117289 0.00 0.00 0.00 0
119792 0.00 0.00 0.00 0
119793 0.00 0.00 0.00 0
119794 0.00 0.00 0.00 0
119795 0.00 0.00 0.00 0
119796 0.00 0.00 0.00 0
119797 0.00 0.00 0.00 0
119798 0.00 0.00 0.00 0
119799 0.00 0.00 0.00 0
124798 0.00 0.00 0.00 0
124803 0.00 0.00 0.00 0
124809 0.00 0.00 0.00 0
124810 0.00 0.00 0.00 0
124811 0.00 0.00 0.00 0
134284 0.00 0.00 0.00 0
134285 0.00 0.00 0.00 0
134286 0.00 0.00 0.00 0
134287 0.00 0.00 0.00 0
134288 0.00 0.00 0.00 0
134289 0.00 0.00 0.00 0
134290 0.00 0.00 0.00 0
134291 0.00 0.00 0.00 0
134292 0.00 0.00 0.00 0
134293 0.00 0.00 0.00 0
134294 0.00 0.00 0.00 0
134295 0.00 0.00 0.00 0
134296 0.00 0.00 0.00 0
134297 0.00 0.00 0.00 0
134298 0.00 0.00 0.00 0
134299 0.00 0.00 0.00 0
134300 0.00 0.00 0.00 0
134301 0.00 0.00 0.00 0
134302 0.00 0.00 0.00 0
134303 0.00 0.00 0.00 0
134304 0.00 0.00 0.00 0
134305 0.00 0.00 0.00 0
134306 0.00 0.00 0.00 0
134307 0.00 0.00 0.00 0
134308 0.00 0.00 0.00 0
134309 0.00 0.00 0.00 0
134310 0.00 0.00 0.00 0
134311 0.00 0.00 0.00 0
134312 0.00 0.00 0.00 0
134314 0.00 0.00 0.00 0
134315 0.00 0.00 0.00 0
134317 0.00 0.00 0.00 0
140991 0.00 0.00 0.00 0
140992 0.00 0.00 0.00 0
140993 0.00 0.00 0.00 0
140994 0.00 0.00 0.00 0
140995 0.00 0.00 0.00 0
140996 0.00 0.00 0.00 0
140997 0.00 0.00 0.00 0
140998 0.00 0.00 0.00 0
140999 0.00 0.00 0.00 0
141000 0.00 0.00 0.00 0
141001 0.00 0.00 0.00 0
141002 0.00 0.00 0.00 0
141003 0.00 0.00 0.00 0
141004 0.00 0.00 0.00 0
141005 0.00 0.00 0.00 0
141006 0.00 0.00 0.00 0
141009 0.00 0.00 0.00 0
141011 0.00 0.00 0.00 0
141012 0.00 0.00 0.00 0
141013 0.00 0.00 0.00 0
141014 0.00 0.00 0.00 0
141015 0.00 0.00 0.00 0
141018 0.00 0.00 0.00 0
141020 0.00 0.00 0.00 0
141021 0.00 0.00 0.00 0
141022 0.00 0.00 0.00 0
141023 0.00 0.00 0.00 0
141024 0.00 0.00 0.00 0
141025 0.00 0.00 0.00 0
141026 0.00 0.00 0.00 0
141027 0.00 0.00 0.00 0
141028 0.00 0.00 0.00 0
141029 0.00 0.00 0.00 0
141030 0.00 0.00 0.00 0
141031 0.00 0.00 0.00 0
141032 0.00 0.00 0.00 0
141033 0.00 0.00 0.00 0
141034 0.00 0.00 0.00 0
141035 0.00 0.00 0.00 0
141036 0.00 0.00 0.00 0
141038 0.00 0.00 0.00 0
141039 0.00 0.00 0.00 0
141040 0.00 0.00 0.00 0
141041 0.00 0.00 0.00 0
141042 0.00 0.00 0.00 0
141050 0.00 0.00 0.00 0
141051 0.00 0.00 0.00 0
141052 0.00 0.00 0.00 0
141053 0.00 0.00 0.00 0
141054 0.00 0.00 0.00 0
141056 0.00 0.00 0.00 0
141057 0.00 0.00 0.00 0
141058 0.00 0.00 0.00 0
141059 0.00 0.00 0.00 0
141060 0.00 0.00 0.00 0
145997 0.00 0.00 0.00 0
145998 0.00 0.00 0.00 0
145999 0.00 0.00 0.00 0
146001 0.00 0.00 0.00 0
146002 0.00 0.00 0.00 0
146003 0.00 0.00 0.00 0
146004 0.00 0.00 0.00 0
146005 0.00 0.00 0.00 0
153985 0.00 0.00 0.00 0
153986 0.00 0.00 0.00 0
153987 0.00 0.00 0.00 0
153988 0.00 0.00 0.00 0
153989 0.00 0.00 0.00 0
153990 0.00 0.00 0.00 0
