# G_front_inf-Orbital
462
116 0.00 0.00 0.00 0
268 0.00 0.00 0.00 0
512 0.00 0.00 0.00 0
1125 0.00 0.00 0.00 0
1165 0.00 0.00 0.00 0
1168 0.00 0.00 0.00 0
1636 0.00 0.00 0.00 0
2182 0.00 0.00 0.00 0
3045 0.00 0.00 0.00 0
3046 0.00 0.00 0.00 0
3085 0.00 0.00 0.00 0
3086 0.00 0.00 0.00 0
3087 0.00 0.00 0.00 0
3088 0.00 0.00 0.00 0
4815 0.00 0.00 0.00 0
4817 0.00 0.00 0.00 0
4945 0.00 0.00 0.00 0
4946 0.00 0.00 0.00 0
4947 0.00 0.00 0.00 0
6633 0.00 0.00 0.00 0
6634 0.00 0.00 0.00 0
6635 0.00 0.00 0.00 0
6705 0.00 0.00 0.00 0
6711 0.00 0.00 0.00 0
6712 0.00 0.00 0.00 0
7655 0.00 0.00 0.00 0
7657 0.00 0.00 0.00 0
7658 0.00 0.00 0.00 0
7659 0.00 0.00 0.00 0
10725 0.00 0.00 0.00 0
10726 0.00 0.00 0.00 0
10765 0.00 0.00 0.00 0
10766 0.00 0.00 0.00 0
10767 0.00 0.00 0.00 0
10768 0.00 0.00 0.00 0
12495 0.00 0.00 0.00 0
12496 0.00 0.00 0.00 0
12497 0.00 0.00 0.00 0
12625 0.00 0.00 0.00 0
12626 0.00 0.00 0.00 0
12627 0.00 0.00 0.00 0
12628 0.00 0.00 0.00 0
14895 0.00 0.00 0.00 0
14896 0.00 0.00 0.00 0
14897 0.00 0.00 0.00 0
15015 0.00 0.00 0.00 0
15016 0.00 0.00 0.00 0
15017 0.00 0.00 0.00 0
15018 0.00 0.00 0.00 0
15025 0.00 0.00 0.00 0
15026 0.00 0.00 0.00 0
15027 0.00 0.00 0.00 0
15028 0.00 0.00 0.00 0
16814 0.00 0.00 0.00 0
16818 0.00 0.00 0.00 0
16819 0.00 0.00 0.00 0
16820 0.00 0.00 0.00 0
16821 0.00 0.00 0.00 0
16822 0.00 0.00 0.00 0
16823 0.00 0.00 0.00 0
16824 0.00 0.00 0.00 0
20208 0.00 0.00 0.00 0
20212 0.00 0.00 0.00 0
20213 0.00 0.00 0.00 0
20214 0.00 0.00 0.00 0
20595 0.00 0.00 0.00 0
20597 0.00 0.00 0.00 0
20598 0.00 0.00 0.00 0
23913 0.00 0.00 0.00 0
23914 0.00 0.00 0.00 0
23915 0.00 0.00 0.00 0
23916 0.00 0.00 0.00 0
23985 0.00 0.00 0.00 0
23986 0.00 0.00 0.00 0
23987 0.00 0.00 0.00 0
23988 0.00 0.00 0.00 0
23989 0.00 0.00 0.00 0
23990 0.00 0.00 0.00 0
23991 0.00 0.00 0.00 0
23992 0.00 0.00 0.00 0
27102 0.00 0.00 0.00 0
27103 0.00 0.00 0.00 0
27333 0.00 0.00 0.00 0
27334 0.00 0.00 0.00 0
27335 0.00 0.00 0.00 0
27336 0.00 0.00 0.00 0
30837 0.00 0.00 0.00 0
30838 0.00 0.00 0.00 0
30839 0.00 0.00 0.00 0
30840 0.00 0.00 0.00 0
30841 0.00 0.00 0.00 0
30842 0.00 0.00 0.00 0
30843 0.00 0.00 0.00 0
30844 0.00 0.00 0.00 0
31005 0.00 0.00 0.00 0
31006 0.00 0.00 0.00 0
31007 0.00 0.00 0.00 0
31010 0.00 0.00 0.00 0
31019 0.00 0.00 0.00 0
31020 0.00 0.00 0.00 0
31021 0.00 0.00 0.00 0
31022 0.00 0.00 0.00 0
31023 0.00 0.00 0.00 0
31024 0.00 0.00 0.00 0
33243 0.00 0.00 0.00 0
33400 0.00 0.00 0.00 0
33401 0.00 0.00 0.00 0
33402 0.00 0.00 0.00 0
33403 0.00 0.00 0.00 0
33404 0.00 0.00 0.00 0
33405 0.00 0.00 0.00 0
33406 0.00 0.00 0.00 0
33407 0.00 0.00 0.00 0
33409 0.00 0.00 0.00 0
33410 0.00 0.00 0.00 0
33411 0.00 0.00 0.00 0
37567 0.00 0.00 0.00 0
41445 0.00 0.00 0.00 0
41447 0.00 0.00 0.00 0
41485 0.00 0.00 0.00 0
41486 0.00 0.00 0.00 0
41487 0.00 0.00 0.00 0
41488 0.00 0.00 0.00 0
43215 0.00 0.00 0.00 0
43216 0.00 0.00 0.00 0
43217 0.00 0.00 0.00 0
43345 0.00 0.00 0.00 0
43346 0.00 0.00 0.00 0
43347 0.00 0.00 0.00 0
43348 0.00 0.00 0.00 0
45615 0.00 0.00 0.00 0
45616 0.00 0.00 0.00 0
45617 0.00 0.00 0.00 0
45735 0.00 0.00 0.00 0
45736 0.00 0.00 0.00 0
45737 0.00 0.00 0.00 0
45745 0.00 0.00 0.00 0
45746 0.00 0.00 0.00 0
45747 0.00 0.00 0.00 0
45748 0.00 0.00 0.00 0
47538 0.00 0.00 0.00 0
47539 0.00 0.00 0.00 0
47540 0.00 0.00 0.00 0
47541 0.00 0.00 0.00 0
47542 0.00 0.00 0.00 0
47543 0.00 0.00 0.00 0
47544 0.00 0.00 0.00 0
50928 0.00 0.00 0.00 0
50930 0.00 0.00 0.00 0
50931 0.00 0.00 0.00 0
50932 0.00 0.00 0.00 0
50933 0.00 0.00 0.00 0
50934 0.00 0.00 0.00 0
51315 0.00 0.00 0.00 0
51316 0.00 0.00 0.00 0
51317 0.00 0.00 0.00 0
55215 0.00 0.00 0.00 0
55216 0.00 0.00 0.00 0
55217 0.00 0.00 0.00 0
55219 0.00 0.00 0.00 0
55335 0.00 0.00 0.00 0
55336 0.00 0.00 0.00 0
55337 0.00 0.00 0.00 0
55338 0.00 0.00 0.00 0
55339 0.00 0.00 0.00 0
55340 0.00 0.00 0.00 0
55341 0.00 0.00 0.00 0
55342 0.00 0.00 0.00 0
55343 0.00 0.00 0.00 0
55344 0.00 0.00 0.00 0
55345 0.00 0.00 0.00 0
55346 0.00 0.00 0.00 0
55347 0.00 0.00 0.00 0
55348 0.00 0.00 0.00 0
60528 0.00 0.00 0.00 0
60529 0.00 0.00 0.00 0
60530 0.00 0.00 0.00 0
60531 0.00 0.00 0.00 0
60532 0.00 0.00 0.00 0
60915 0.00 0.00 0.00 0
60916 0.00 0.00 0.00 0
60917 0.00 0.00 0.00 0
60918 0.00 0.00 0.00 0
60919 0.00 0.00 0.00 0
60920 0.00 0.00 0.00 0
60921 0.00 0.00 0.00 0
60922 0.00 0.00 0.00 0
60924 0.00 0.00 0.00 0
60925 0.00 0.00 0.00 0
60926 0.00 0.00 0.00 0
67725 0.00 0.00 0.00 0
67726 0.00 0.00 0.00 0
67727 0.00 0.00 0.00 0
67728 0.00 0.00 0.00 0
67729 0.00 0.00 0.00 0
67730 0.00 0.00 0.00 0
67731 0.00 0.00 0.00 0
67732 0.00 0.00 0.00 0
67733 0.00 0.00 0.00 0
67734 0.00 0.00 0.00 0
67735 0.00 0.00 0.00 0
67737 0.00 0.00 0.00 0
67738 0.00 0.00 0.00 0
67739 0.00 0.00 0.00 0
67740 0.00 0.00 0.00 0
67741 0.00 0.00 0.00 0
68085 0.00 0.00 0.00 0
68086 0.00 0.00 0.00 0
68087 0.00 0.00 0.00 0
68088 0.00 0.00 0.00 0
68089 0.00 0.00 0.00 0
68093 0.00 0.00 0.00 0
68094 0.00 0.00 0.00 0
68095 0.00 0.00 0.00 0
68110 0.00 0.00 0.00 0
68112 0.00 0.00 0.00 0
68113 0.00 0.00 0.00 0
68114 0.00 0.00 0.00 0
68115 0.00 0.00 0.00 0
68116 0.00 0.00 0.00 0
68117 0.00 0.00 0.00 0
68118 0.00 0.00 0.00 0
68119 0.00 0.00 0.00 0
68120 0.00 0.00 0.00 0
68121 0.00 0.00 0.00 0
68122 0.00 0.00 0.00 0
68123 0.00 0.00 0.00 0
68124 0.00 0.00 0.00 0
68125 0.00 0.00 0.00 0
68126 0.00 0.00 0.00 0
68127 0.00 0.00 0.00 0
68128 0.00 0.00 0.00 0
73480 0.00 0.00 0.00 0
73484 0.00 0.00 0.00 0
73491 0.00 0.00 0.00 0
73496 0.00 0.00 0.00 0
73497 0.00 0.00 0.00 0
73498 0.00 0.00 0.00 0
73499 0.00 0.00 0.00 0
73500 0.00 0.00 0.00 0
73501 0.00 0.00 0.00 0
73502 0.00 0.00 0.00 0
73503 0.00 0.00 0.00 0
73504 0.00 0.00 0.00 0
73505 0.00 0.00 0.00 0
73506 0.00 0.00 0.00 0
73507 0.00 0.00 0.00 0
73508 0.00 0.00 0.00 0
73509 0.00 0.00 0.00 0
73510 0.00 0.00 0.00 0
73511 0.00 0.00 0.00 0
73512 0.00 0.00 0.00 0
73513 0.00 0.00 0.00 0
73514 0.00 0.00 0.00 0
73521 0.00 0.00 0.00 0
73522 0.00 0.00 0.00 0
73523 0.00 0.00 0.00 0
83678 0.00 0.00 0.00 0
83679 0.00 0.00 0.00 0
83680 0.00 0.00 0.00 0
83682 0.00 0.00 0.00 0
84833 0.00 0.00 0.00 0
84834 0.00 0.00 0.00 0
84835 0.00 0.00 0.00 0
93033 0.00 0.00 0.00 0
93034 0.00 0.00 0.00 0
93035 0.00 0.00 0.00 0
93105 0.00 0.00 0.00 0
93106 0.00 0.00 0.00 0
93107 0.00 0.00 0.00 0
93108 0.00 0.00 0.00 0
93109 0.00 0.00 0.00 0
93110 0.00 0.00 0.00 0
93111 0.00 0.00 0.00 0
93112 0.00 0.00 0.00 0
96219 0.00 0.00 0.00 0
96220 0.00 0.00 0.00 0
96221 0.00 0.00 0.00 0
96222 0.00 0.00 0.00 0
96223 0.00 0.00 0.00 0
96453 0.00 0.00 0.00 0
96454 0.00 0.00 0.00 0
96455 0.00 0.00 0.00 0
96456 0.00 0.00 0.00 0
96457 0.00 0.00 0.00 0
96458 0.00 0.00 0.00 0
96459 0.00 0.00 0.00 0
96460 0.00 0.00 0.00 0
100539 0.00 0.00 0.00 0
100540 0.00 0.00 0.00 0
100541 0.00 0.00 0.00 0
100542 0.00 0.00 0.00 0
100543 0.00 0.00 0.00 0
100755 0.00 0.00 0.00 0
100756 0.00 0.00 0.00 0
100757 0.00 0.00 0.00 0
100758 0.00 0.00 0.00 0
100759 0.00 0.00 0.00 0
100760 0.00 0.00 0.00 0
100761 0.00 0.00 0.00 0
100772 0.00 0.00 0.00 0
100773 0.00 0.00 0.00 0
100774 0.00 0.00 0.00 0
100775 0.00 0.00 0.00 0
100776 0.00 0.00 0.00 0
100777 0.00 0.00 0.00 0
100778 0.00 0.00 0.00 0
100779 0.00 0.00 0.00 0
100780 0.00 0.00 0.00 0
103994 0.00 0.00 0.00 0
104000 0.00 0.00 0.00 0
104001 0.00 0.00 0.00 0
104002 0.00 0.00 0.00 0
104003 0.00 0.00 0.00 0
104004 0.00 0.00 0.00 0
104005 0.00 0.00 0.00 0
104006 0.00 0.00 0.00 0
104007 0.00 0.00 0.00 0
104008 0.00 0.00 0.00 0
104009 0.00 0.00 0.00 0
104010 0.00 0.00 0.00 0
104011 0.00 0.00 0.00 0
104012 0.00 0.00 0.00 0
110110 0.00 0.00 0.00 0
110111 0.00 0.00 0.00 0
110112 0.00 0.00 0.00 0
110113 0.00 0.00 0.00 0
110804 0.00 0.00 0.00 0
110805 0.00 0.00 0.00 0
110806 0.00 0.00 0.00 0
117237 0.00 0.00 0.00 0
117238 0.00 0.00 0.00 0
117239 0.00 0.00 0.00 0
117240 0.00 0.00 0.00 0
117241 0.00 0.00 0.00 0
117242 0.00 0.00 0.00 0
117243 0.00 0.00 0.00 0
117244 0.00 0.00 0.00 0
117405 0.00 0.00 0.00 0
117406 0.00 0.00 0.00 0
117407 0.00 0.00 0.00 0
117408 0.00 0.00 0.00 0
117409 0.00 0.00 0.00 0
117410 0.00 0.00 0.00 0
117411 0.00 0.00 0.00 0
117412 0.00 0.00 0.00 0
117413 0.00 0.00 0.00 0
117414 0.00 0.00 0.00 0
117415 0.00 0.00 0.00 0
117416 0.00 0.00 0.00 0
117417 0.00 0.00 0.00 0
117418 0.00 0.00 0.00 0
117419 0.00 0.00 0.00 0
117420 0.00 0.00 0.00 0
117421 0.00 0.00 0.00 0
117422 0.00 0.00 0.00 0
117423 0.00 0.00 0.00 0
117424 0.00 0.00 0.00 0
124676 0.00 0.00 0.00 0
124679 0.00 0.00 0.00 0
124680 0.00 0.00 0.00 0
124681 0.00 0.00 0.00 0
125217 0.00 0.00 0.00 0
125218 0.00 0.00 0.00 0
125219 0.00 0.00 0.00 0
125220 0.00 0.00 0.00 0
125221 0.00 0.00 0.00 0
125222 0.00 0.00 0.00 0
125223 0.00 0.00 0.00 0
125224 0.00 0.00 0.00 0
125225 0.00 0.00 0.00 0
125226 0.00 0.00 0.00 0
125232 0.00 0.00 0.00 0
134169 0.00 0.00 0.00 0
134170 0.00 0.00 0.00 0
134171 0.00 0.00 0.00 0
134172 0.00 0.00 0.00 0
134173 0.00 0.00 0.00 0
134174 0.00 0.00 0.00 0
134175 0.00 0.00 0.00 0
134176 0.00 0.00 0.00 0
134177 0.00 0.00 0.00 0
134178 0.00 0.00 0.00 0
134179 0.00 0.00 0.00 0
134180 0.00 0.00 0.00 0
134181 0.00 0.00 0.00 0
134182 0.00 0.00 0.00 0
134183 0.00 0.00 0.00 0
134184 0.00 0.00 0.00 0
134185 0.00 0.00 0.00 0
134186 0.00 0.00 0.00 0
134187 0.00 0.00 0.00 0
134625 0.00 0.00 0.00 0
134626 0.00 0.00 0.00 0
134627 0.00 0.00 0.00 0
134628 0.00 0.00 0.00 0
134630 0.00 0.00 0.00 0
134636 0.00 0.00 0.00 0
134637 0.00 0.00 0.00 0
134661 0.00 0.00 0.00 0
134662 0.00 0.00 0.00 0
134663 0.00 0.00 0.00 0
134664 0.00 0.00 0.00 0
134665 0.00 0.00 0.00 0
134666 0.00 0.00 0.00 0
134667 0.00 0.00 0.00 0
134668 0.00 0.00 0.00 0
134669 0.00 0.00 0.00 0
134670 0.00 0.00 0.00 0
134671 0.00 0.00 0.00 0
134672 0.00 0.00 0.00 0
134673 0.00 0.00 0.00 0
134674 0.00 0.00 0.00 0
134675 0.00 0.00 0.00 0
134676 0.00 0.00 0.00 0
134677 0.00 0.00 0.00 0
134678 0.00 0.00 0.00 0
134679 0.00 0.00 0.00 0
134680 0.00 0.00 0.00 0
140895 0.00 0.00 0.00 0
140896 0.00 0.00 0.00 0
141335 0.00 0.00 0.00 0
141348 0.00 0.00 0.00 0
141349 0.00 0.00 0.00 0
141350 0.00 0.00 0.00 0
141351 0.00 0.00 0.00 0
141354 0.00 0.00 0.00 0
141355 0.00 0.00 0.00 0
141356 0.00 0.00 0.00 0
141357 0.00 0.00 0.00 0
141358 0.00 0.00 0.00 0
141359 0.00 0.00 0.00 0
141360 0.00 0.00 0.00 0
141361 0.00 0.00 0.00 0
141362 0.00 0.00 0.00 0
141363 0.00 0.00 0.00 0
141364 0.00 0.00 0.00 0
141365 0.00 0.00 0.00 0
141366 0.00 0.00 0.00 0
141367 0.00 0.00 0.00 0
141368 0.00 0.00 0.00 0
141369 0.00 0.00 0.00 0
141370 0.00 0.00 0.00 0
141371 0.00 0.00 0.00 0
141374 0.00 0.00 0.00 0
141376 0.00 0.00 0.00 0
141377 0.00 0.00 0.00 0
141378 0.00 0.00 0.00 0
141379 0.00 0.00 0.00 0
141380 0.00 0.00 0.00 0
141381 0.00 0.00 0.00 0
141382 0.00 0.00 0.00 0
141383 0.00 0.00 0.00 0
141388 0.00 0.00 0.00 0
153661 0.00 0.00 0.00 0
153662 0.00 0.00 0.00 0
153663 0.00 0.00 0.00 0
153664 0.00 0.00 0.00 0
153665 0.00 0.00 0.00 0
153666 0.00 0.00 0.00 0
153667 0.00 0.00 0.00 0
155046 0.00 0.00 0.00 0
