# G_front_inf-Opercular
1473
53 0.00 0.00 0.00 0
114 0.00 0.00 0.00 0
115 0.00 0.00 0.00 0
507 0.00 0.00 0.00 0
508 0.00 0.00 0.00 0
1110 0.00 0.00 0.00 0
1111 0.00 0.00 0.00 0
1112 0.00 0.00 0.00 0
1114 0.00 0.00 0.00 0
1115 0.00 0.00 0.00 0
1116 0.00 0.00 0.00 0
1117 0.00 0.00 0.00 0
1600 0.00 0.00 0.00 0
1601 0.00 0.00 0.00 0
1603 0.00 0.00 0.00 0
2164 0.00 0.00 0.00 0
2165 0.00 0.00 0.00 0
2166 0.00 0.00 0.00 0
2167 0.00 0.00 0.00 0
2168 0.00 0.00 0.00 0
3025 0.00 0.00 0.00 0
3026 0.00 0.00 0.00 0
3027 0.00 0.00 0.00 0
3030 0.00 0.00 0.00 0
3031 0.00 0.00 0.00 0
3032 0.00 0.00 0.00 0
3033 0.00 0.00 0.00 0
3034 0.00 0.00 0.00 0
3035 0.00 0.00 0.00 0
3036 0.00 0.00 0.00 0
3037 0.00 0.00 0.00 0
3038 0.00 0.00 0.00 0
3039 0.00 0.00 0.00 0
3626 0.00 0.00 0.00 0
3627 0.00 0.00 0.00 0
3628 0.00 0.00 0.00 0
3629 0.00 0.00 0.00 0
4773 0.00 0.00 0.00 0
4774 0.00 0.00 0.00 0
4775 0.00 0.00 0.00 0
4776 0.00 0.00 0.00 0
4777 0.00 0.00 0.00 0
4779 0.00 0.00 0.00 0
4780 0.00 0.00 0.00 0
4781 0.00 0.00 0.00 0
4782 0.00 0.00 0.00 0
4783 0.00 0.00 0.00 0
4784 0.00 0.00 0.00 0
4785 0.00 0.00 0.00 0
4786 0.00 0.00 0.00 0
4787 0.00 0.00 0.00 0
4788 0.00 0.00 0.00 0
4789 0.00 0.00 0.00 0
6608 0.00 0.00 0.00 0
6609 0.00 0.00 0.00 0
6610 0.00 0.00 0.00 0
6613 0.00 0.00 0.00 0
6614 0.00 0.00 0.00 0
6615 0.00 0.00 0.00 0
6616 0.00 0.00 0.00 0
6617 0.00 0.00 0.00 0
6618 0.00 0.00 0.00 0
6619 0.00 0.00 0.00 0
7573 0.00 0.00 0.00 0
7574 0.00 0.00 0.00 0
7575 0.00 0.00 0.00 0
7576 0.00 0.00 0.00 0
7577 0.00 0.00 0.00 0
7579 0.00 0.00 0.00 0
7580 0.00 0.00 0.00 0
7588 0.00 0.00 0.00 0
7589 0.00 0.00 0.00 0
7590 0.00 0.00 0.00 0
8201 0.00 0.00 0.00 0
9054 0.00 0.00 0.00 0
9056 0.00 0.00 0.00 0
9057 0.00 0.00 0.00 0
9058 0.00 0.00 0.00 0
9059 0.00 0.00 0.00 0
9060 0.00 0.00 0.00 0
9061 0.00 0.00 0.00 0
9062 0.00 0.00 0.00 0
9063 0.00 0.00 0.00 0
9064 0.00 0.00 0.00 0
9065 0.00 0.00 0.00 0
9066 0.00 0.00 0.00 0
9067 0.00 0.00 0.00 0
9068 0.00 0.00 0.00 0
9072 0.00 0.00 0.00 0
9073 0.00 0.00 0.00 0
10705 0.00 0.00 0.00 0
10706 0.00 0.00 0.00 0
10707 0.00 0.00 0.00 0
10708 0.00 0.00 0.00 0
10709 0.00 0.00 0.00 0
10710 0.00 0.00 0.00 0
10711 0.00 0.00 0.00 0
10712 0.00 0.00 0.00 0
10713 0.00 0.00 0.00 0
10714 0.00 0.00 0.00 0
10715 0.00 0.00 0.00 0
10716 0.00 0.00 0.00 0
10717 0.00 0.00 0.00 0
10718 0.00 0.00 0.00 0
10719 0.00 0.00 0.00 0
11306 0.00 0.00 0.00 0
11307 0.00 0.00 0.00 0
11308 0.00 0.00 0.00 0
11309 0.00 0.00 0.00 0
12453 0.00 0.00 0.00 0
12454 0.00 0.00 0.00 0
12455 0.00 0.00 0.00 0
12456 0.00 0.00 0.00 0
12457 0.00 0.00 0.00 0
12461 0.00 0.00 0.00 0
12462 0.00 0.00 0.00 0
12463 0.00 0.00 0.00 0
12464 0.00 0.00 0.00 0
12465 0.00 0.00 0.00 0
12466 0.00 0.00 0.00 0
12467 0.00 0.00 0.00 0
12468 0.00 0.00 0.00 0
12469 0.00 0.00 0.00 0
14837 0.00 0.00 0.00 0
14838 0.00 0.00 0.00 0
14839 0.00 0.00 0.00 0
14851 0.00 0.00 0.00 0
14852 0.00 0.00 0.00 0
14853 0.00 0.00 0.00 0
14854 0.00 0.00 0.00 0
14855 0.00 0.00 0.00 0
14856 0.00 0.00 0.00 0
14857 0.00 0.00 0.00 0
14860 0.00 0.00 0.00 0
14861 0.00 0.00 0.00 0
14862 0.00 0.00 0.00 0
14863 0.00 0.00 0.00 0
14864 0.00 0.00 0.00 0
14865 0.00 0.00 0.00 0
14866 0.00 0.00 0.00 0
14867 0.00 0.00 0.00 0
14868 0.00 0.00 0.00 0
14869 0.00 0.00 0.00 0
14870 0.00 0.00 0.00 0
14871 0.00 0.00 0.00 0
14872 0.00 0.00 0.00 0
14873 0.00 0.00 0.00 0
14874 0.00 0.00 0.00 0
16638 0.00 0.00 0.00 0
16639 0.00 0.00 0.00 0
16640 0.00 0.00 0.00 0
16642 0.00 0.00 0.00 0
16643 0.00 0.00 0.00 0
16644 0.00 0.00 0.00 0
16645 0.00 0.00 0.00 0
16646 0.00 0.00 0.00 0
16647 0.00 0.00 0.00 0
16648 0.00 0.00 0.00 0
16649 0.00 0.00 0.00 0
16654 0.00 0.00 0.00 0
16671 0.00 0.00 0.00 0
16672 0.00 0.00 0.00 0
16673 0.00 0.00 0.00 0
16674 0.00 0.00 0.00 0
18021 0.00 0.00 0.00 0
20078 0.00 0.00 0.00 0
20079 0.00 0.00 0.00 0
20080 0.00 0.00 0.00 0
20081 0.00 0.00 0.00 0
20085 0.00 0.00 0.00 0
20086 0.00 0.00 0.00 0
20087 0.00 0.00 0.00 0
20088 0.00 0.00 0.00 0
20089 0.00 0.00 0.00 0
20090 0.00 0.00 0.00 0
20091 0.00 0.00 0.00 0
20092 0.00 0.00 0.00 0
20093 0.00 0.00 0.00 0
20094 0.00 0.00 0.00 0
20095 0.00 0.00 0.00 0
20096 0.00 0.00 0.00 0
20097 0.00 0.00 0.00 0
20098 0.00 0.00 0.00 0
20099 0.00 0.00 0.00 0
20100 0.00 0.00 0.00 0
20101 0.00 0.00 0.00 0
20102 0.00 0.00 0.00 0
20103 0.00 0.00 0.00 0
20104 0.00 0.00 0.00 0
20105 0.00 0.00 0.00 0
20106 0.00 0.00 0.00 0
20107 0.00 0.00 0.00 0
20108 0.00 0.00 0.00 0
20109 0.00 0.00 0.00 0
20110 0.00 0.00 0.00 0
20111 0.00 0.00 0.00 0
20112 0.00 0.00 0.00 0
20113 0.00 0.00 0.00 0
20114 0.00 0.00 0.00 0
20115 0.00 0.00 0.00 0
20116 0.00 0.00 0.00 0
20117 0.00 0.00 0.00 0
20123 0.00 0.00 0.00 0
20124 0.00 0.00 0.00 0
20125 0.00 0.00 0.00 0
20127 0.00 0.00 0.00 0
20128 0.00 0.00 0.00 0
20129 0.00 0.00 0.00 0
20130 0.00 0.00 0.00 0
20161 0.00 0.00 0.00 0
23877 0.00 0.00 0.00 0
23878 0.00 0.00 0.00 0
23879 0.00 0.00 0.00 0
23880 0.00 0.00 0.00 0
23886 0.00 0.00 0.00 0
23887 0.00 0.00 0.00 0
23888 0.00 0.00 0.00 0
23889 0.00 0.00 0.00 0
23890 0.00 0.00 0.00 0
23891 0.00 0.00 0.00 0
23892 0.00 0.00 0.00 0
23893 0.00 0.00 0.00 0
23894 0.00 0.00 0.00 0
23895 0.00 0.00 0.00 0
23896 0.00 0.00 0.00 0
23897 0.00 0.00 0.00 0
23898 0.00 0.00 0.00 0
23899 0.00 0.00 0.00 0
23900 0.00 0.00 0.00 0
23901 0.00 0.00 0.00 0
23902 0.00 0.00 0.00 0
23903 0.00 0.00 0.00 0
24960 0.00 0.00 0.00 0
24961 0.00 0.00 0.00 0
24962 0.00 0.00 0.00 0
24963 0.00 0.00 0.00 0
24964 0.00 0.00 0.00 0
24965 0.00 0.00 0.00 0
27023 0.00 0.00 0.00 0
27024 0.00 0.00 0.00 0
27025 0.00 0.00 0.00 0
27026 0.00 0.00 0.00 0
27027 0.00 0.00 0.00 0
27028 0.00 0.00 0.00 0
27029 0.00 0.00 0.00 0
27030 0.00 0.00 0.00 0
27031 0.00 0.00 0.00 0
27032 0.00 0.00 0.00 0
27033 0.00 0.00 0.00 0
27034 0.00 0.00 0.00 0
27035 0.00 0.00 0.00 0
27036 0.00 0.00 0.00 0
27037 0.00 0.00 0.00 0
27038 0.00 0.00 0.00 0
27039 0.00 0.00 0.00 0
27040 0.00 0.00 0.00 0
27041 0.00 0.00 0.00 0
27042 0.00 0.00 0.00 0
27043 0.00 0.00 0.00 0
27044 0.00 0.00 0.00 0
27045 0.00 0.00 0.00 0
27046 0.00 0.00 0.00 0
27047 0.00 0.00 0.00 0
27048 0.00 0.00 0.00 0
27049 0.00 0.00 0.00 0
27050 0.00 0.00 0.00 0
27051 0.00 0.00 0.00 0
27052 0.00 0.00 0.00 0
27053 0.00 0.00 0.00 0
30758 0.00 0.00 0.00 0
30778 0.00 0.00 0.00 0
30779 0.00 0.00 0.00 0
30780 0.00 0.00 0.00 0
30781 0.00 0.00 0.00 0
30782 0.00 0.00 0.00 0
30783 0.00 0.00 0.00 0
30784 0.00 0.00 0.00 0
30788 0.00 0.00 0.00 0
30789 0.00 0.00 0.00 0
30790 0.00 0.00 0.00 0
30791 0.00 0.00 0.00 0
30792 0.00 0.00 0.00 0
30793 0.00 0.00 0.00 0
30794 0.00 0.00 0.00 0
30795 0.00 0.00 0.00 0
30796 0.00 0.00 0.00 0
30797 0.00 0.00 0.00 0
30798 0.00 0.00 0.00 0
30799 0.00 0.00 0.00 0
30800 0.00 0.00 0.00 0
30801 0.00 0.00 0.00 0
30802 0.00 0.00 0.00 0
30803 0.00 0.00 0.00 0
30804 0.00 0.00 0.00 0
30805 0.00 0.00 0.00 0
30806 0.00 0.00 0.00 0
30807 0.00 0.00 0.00 0
33170 0.00 0.00 0.00 0
33172 0.00 0.00 0.00 0
33173 0.00 0.00 0.00 0
33175 0.00 0.00 0.00 0
33180 0.00 0.00 0.00 0
33181 0.00 0.00 0.00 0
33182 0.00 0.00 0.00 0
33183 0.00 0.00 0.00 0
33184 0.00 0.00 0.00 0
33185 0.00 0.00 0.00 0
33186 0.00 0.00 0.00 0
33187 0.00 0.00 0.00 0
33188 0.00 0.00 0.00 0
33189 0.00 0.00 0.00 0
33190 0.00 0.00 0.00 0
33192 0.00 0.00 0.00 0
33193 0.00 0.00 0.00 0
33212 0.00 0.00 0.00 0
33213 0.00 0.00 0.00 0
33214 0.00 0.00 0.00 0
33215 0.00 0.00 0.00 0
33216 0.00 0.00 0.00 0
33217 0.00 0.00 0.00 0
34877 0.00 0.00 0.00 0
34879 0.00 0.00 0.00 0
34880 0.00 0.00 0.00 0
34906 0.00 0.00 0.00 0
34907 0.00 0.00 0.00 0
37407 0.00 0.00 0.00 0
37413 0.00 0.00 0.00 0
37414 0.00 0.00 0.00 0
37415 0.00 0.00 0.00 0
37416 0.00 0.00 0.00 0
37417 0.00 0.00 0.00 0
37418 0.00 0.00 0.00 0
37419 0.00 0.00 0.00 0
37420 0.00 0.00 0.00 0
37421 0.00 0.00 0.00 0
37422 0.00 0.00 0.00 0
37423 0.00 0.00 0.00 0
37424 0.00 0.00 0.00 0
37425 0.00 0.00 0.00 0
37426 0.00 0.00 0.00 0
37427 0.00 0.00 0.00 0
37428 0.00 0.00 0.00 0
37429 0.00 0.00 0.00 0
37430 0.00 0.00 0.00 0
37432 0.00 0.00 0.00 0
37433 0.00 0.00 0.00 0
37434 0.00 0.00 0.00 0
37435 0.00 0.00 0.00 0
37436 0.00 0.00 0.00 0
37437 0.00 0.00 0.00 0
37438 0.00 0.00 0.00 0
37439 0.00 0.00 0.00 0
37440 0.00 0.00 0.00 0
37441 0.00 0.00 0.00 0
37442 0.00 0.00 0.00 0
37443 0.00 0.00 0.00 0
37444 0.00 0.00 0.00 0
37445 0.00 0.00 0.00 0
37446 0.00 0.00 0.00 0
37447 0.00 0.00 0.00 0
37448 0.00 0.00 0.00 0
37449 0.00 0.00 0.00 0
37450 0.00 0.00 0.00 0
37452 0.00 0.00 0.00 0
37458 0.00 0.00 0.00 0
37459 0.00 0.00 0.00 0
37460 0.00 0.00 0.00 0
37461 0.00 0.00 0.00 0
37462 0.00 0.00 0.00 0
37503 0.00 0.00 0.00 0
37504 0.00 0.00 0.00 0
41425 0.00 0.00 0.00 0
41426 0.00 0.00 0.00 0
41427 0.00 0.00 0.00 0
41428 0.00 0.00 0.00 0
41429 0.00 0.00 0.00 0
41430 0.00 0.00 0.00 0
41431 0.00 0.00 0.00 0
41432 0.00 0.00 0.00 0
41433 0.00 0.00 0.00 0
41434 0.00 0.00 0.00 0
41435 0.00 0.00 0.00 0
41436 0.00 0.00 0.00 0
41437 0.00 0.00 0.00 0
41438 0.00 0.00 0.00 0
41439 0.00 0.00 0.00 0
42028 0.00 0.00 0.00 0
43173 0.00 0.00 0.00 0
43174 0.00 0.00 0.00 0
43175 0.00 0.00 0.00 0
43176 0.00 0.00 0.00 0
43177 0.00 0.00 0.00 0
43181 0.00 0.00 0.00 0
43182 0.00 0.00 0.00 0
43183 0.00 0.00 0.00 0
43184 0.00 0.00 0.00 0
43185 0.00 0.00 0.00 0
43186 0.00 0.00 0.00 0
43187 0.00 0.00 0.00 0
45557 0.00 0.00 0.00 0
45570 0.00 0.00 0.00 0
45571 0.00 0.00 0.00 0
45572 0.00 0.00 0.00 0
45573 0.00 0.00 0.00 0
45574 0.00 0.00 0.00 0
45575 0.00 0.00 0.00 0
45576 0.00 0.00 0.00 0
45577 0.00 0.00 0.00 0
45580 0.00 0.00 0.00 0
45581 0.00 0.00 0.00 0
45582 0.00 0.00 0.00 0
45583 0.00 0.00 0.00 0
45584 0.00 0.00 0.00 0
45585 0.00 0.00 0.00 0
45586 0.00 0.00 0.00 0
45587 0.00 0.00 0.00 0
45588 0.00 0.00 0.00 0
45589 0.00 0.00 0.00 0
45590 0.00 0.00 0.00 0
45591 0.00 0.00 0.00 0
45592 0.00 0.00 0.00 0
45593 0.00 0.00 0.00 0
45594 0.00 0.00 0.00 0
47358 0.00 0.00 0.00 0
47359 0.00 0.00 0.00 0
47360 0.00 0.00 0.00 0
47361 0.00 0.00 0.00 0
47362 0.00 0.00 0.00 0
47363 0.00 0.00 0.00 0
47364 0.00 0.00 0.00 0
47365 0.00 0.00 0.00 0
47366 0.00 0.00 0.00 0
47367 0.00 0.00 0.00 0
47368 0.00 0.00 0.00 0
47369 0.00 0.00 0.00 0
47391 0.00 0.00 0.00 0
47393 0.00 0.00 0.00 0
50798 0.00 0.00 0.00 0
50799 0.00 0.00 0.00 0
50800 0.00 0.00 0.00 0
50801 0.00 0.00 0.00 0
50802 0.00 0.00 0.00 0
50803 0.00 0.00 0.00 0
50804 0.00 0.00 0.00 0
50805 0.00 0.00 0.00 0
50806 0.00 0.00 0.00 0
50807 0.00 0.00 0.00 0
50808 0.00 0.00 0.00 0
50809 0.00 0.00 0.00 0
50810 0.00 0.00 0.00 0
50811 0.00 0.00 0.00 0
50812 0.00 0.00 0.00 0
50813 0.00 0.00 0.00 0
50814 0.00 0.00 0.00 0
50815 0.00 0.00 0.00 0
50816 0.00 0.00 0.00 0
50817 0.00 0.00 0.00 0
50818 0.00 0.00 0.00 0
50819 0.00 0.00 0.00 0
50820 0.00 0.00 0.00 0
50821 0.00 0.00 0.00 0
50822 0.00 0.00 0.00 0
50823 0.00 0.00 0.00 0
50824 0.00 0.00 0.00 0
50825 0.00 0.00 0.00 0
50826 0.00 0.00 0.00 0
50827 0.00 0.00 0.00 0
50828 0.00 0.00 0.00 0
50829 0.00 0.00 0.00 0
50830 0.00 0.00 0.00 0
50831 0.00 0.00 0.00 0
50832 0.00 0.00 0.00 0
50833 0.00 0.00 0.00 0
50834 0.00 0.00 0.00 0
50835 0.00 0.00 0.00 0
50836 0.00 0.00 0.00 0
50837 0.00 0.00 0.00 0
50843 0.00 0.00 0.00 0
50844 0.00 0.00 0.00 0
50845 0.00 0.00 0.00 0
50847 0.00 0.00 0.00 0
50849 0.00 0.00 0.00 0
55155 0.00 0.00 0.00 0
55156 0.00 0.00 0.00 0
55157 0.00 0.00 0.00 0
55158 0.00 0.00 0.00 0
55159 0.00 0.00 0.00 0
55160 0.00 0.00 0.00 0
55161 0.00 0.00 0.00 0
55162 0.00 0.00 0.00 0
55170 0.00 0.00 0.00 0
55171 0.00 0.00 0.00 0
55172 0.00 0.00 0.00 0
55173 0.00 0.00 0.00 0
55174 0.00 0.00 0.00 0
55175 0.00 0.00 0.00 0
55176 0.00 0.00 0.00 0
55177 0.00 0.00 0.00 0
55178 0.00 0.00 0.00 0
55179 0.00 0.00 0.00 0
55180 0.00 0.00 0.00 0
55181 0.00 0.00 0.00 0
55182 0.00 0.00 0.00 0
55183 0.00 0.00 0.00 0
55184 0.00 0.00 0.00 0
55185 0.00 0.00 0.00 0
55186 0.00 0.00 0.00 0
55187 0.00 0.00 0.00 0
55188 0.00 0.00 0.00 0
55189 0.00 0.00 0.00 0
55190 0.00 0.00 0.00 0
55191 0.00 0.00 0.00 0
55192 0.00 0.00 0.00 0
55193 0.00 0.00 0.00 0
55194 0.00 0.00 0.00 0
55195 0.00 0.00 0.00 0
55196 0.00 0.00 0.00 0
55197 0.00 0.00 0.00 0
55198 0.00 0.00 0.00 0
55199 0.00 0.00 0.00 0
56958 0.00 0.00 0.00 0
56959 0.00 0.00 0.00 0
56960 0.00 0.00 0.00 0
56961 0.00 0.00 0.00 0
56962 0.00 0.00 0.00 0
56963 0.00 0.00 0.00 0
56964 0.00 0.00 0.00 0
56965 0.00 0.00 0.00 0
56966 0.00 0.00 0.00 0
56967 0.00 0.00 0.00 0
56968 0.00 0.00 0.00 0
56969 0.00 0.00 0.00 0
60398 0.00 0.00 0.00 0
60399 0.00 0.00 0.00 0
60400 0.00 0.00 0.00 0
60401 0.00 0.00 0.00 0
60402 0.00 0.00 0.00 0
60403 0.00 0.00 0.00 0
60404 0.00 0.00 0.00 0
60405 0.00 0.00 0.00 0
60406 0.00 0.00 0.00 0
60407 0.00 0.00 0.00 0
60408 0.00 0.00 0.00 0
60409 0.00 0.00 0.00 0
60410 0.00 0.00 0.00 0
60411 0.00 0.00 0.00 0
60412 0.00 0.00 0.00 0
60414 0.00 0.00 0.00 0
60415 0.00 0.00 0.00 0
60416 0.00 0.00 0.00 0
60417 0.00 0.00 0.00 0
60418 0.00 0.00 0.00 0
60419 0.00 0.00 0.00 0
60420 0.00 0.00 0.00 0
60421 0.00 0.00 0.00 0
60422 0.00 0.00 0.00 0
60423 0.00 0.00 0.00 0
60424 0.00 0.00 0.00 0
60425 0.00 0.00 0.00 0
60426 0.00 0.00 0.00 0
60427 0.00 0.00 0.00 0
60428 0.00 0.00 0.00 0
60429 0.00 0.00 0.00 0
60430 0.00 0.00 0.00 0
60431 0.00 0.00 0.00 0
60432 0.00 0.00 0.00 0
60433 0.00 0.00 0.00 0
60434 0.00 0.00 0.00 0
60435 0.00 0.00 0.00 0
60436 0.00 0.00 0.00 0
60437 0.00 0.00 0.00 0
60438 0.00 0.00 0.00 0
60439 0.00 0.00 0.00 0
60440 0.00 0.00 0.00 0
60441 0.00 0.00 0.00 0
60442 0.00 0.00 0.00 0
60443 0.00 0.00 0.00 0
60444 0.00 0.00 0.00 0
60445 0.00 0.00 0.00 0
60447 0.00 0.00 0.00 0
67554 0.00 0.00 0.00 0
67555 0.00 0.00 0.00 0
67557 0.00 0.00 0.00 0
67593 0.00 0.00 0.00 0
67595 0.00 0.00 0.00 0
67596 0.00 0.00 0.00 0
67597 0.00 0.00 0.00 0
67598 0.00 0.00 0.00 0
67599 0.00 0.00 0.00 0
67600 0.00 0.00 0.00 0
67601 0.00 0.00 0.00 0
67602 0.00 0.00 0.00 0
67603 0.00 0.00 0.00 0
67604 0.00 0.00 0.00 0
67605 0.00 0.00 0.00 0
67606 0.00 0.00 0.00 0
67607 0.00 0.00 0.00 0
67608 0.00 0.00 0.00 0
67609 0.00 0.00 0.00 0
67610 0.00 0.00 0.00 0
67611 0.00 0.00 0.00 0
67612 0.00 0.00 0.00 0
67616 0.00 0.00 0.00 0
67617 0.00 0.00 0.00 0
67618 0.00 0.00 0.00 0
67619 0.00 0.00 0.00 0
67620 0.00 0.00 0.00 0
67621 0.00 0.00 0.00 0
67622 0.00 0.00 0.00 0
67623 0.00 0.00 0.00 0
67624 0.00 0.00 0.00 0
67625 0.00 0.00 0.00 0
67626 0.00 0.00 0.00 0
67627 0.00 0.00 0.00 0
67628 0.00 0.00 0.00 0
67629 0.00 0.00 0.00 0
67630 0.00 0.00 0.00 0
67631 0.00 0.00 0.00 0
67632 0.00 0.00 0.00 0
67633 0.00 0.00 0.00 0
67634 0.00 0.00 0.00 0
67635 0.00 0.00 0.00 0
67636 0.00 0.00 0.00 0
67637 0.00 0.00 0.00 0
67638 0.00 0.00 0.00 0
67639 0.00 0.00 0.00 0
67640 0.00 0.00 0.00 0
67641 0.00 0.00 0.00 0
67642 0.00 0.00 0.00 0
67643 0.00 0.00 0.00 0
67644 0.00 0.00 0.00 0
67645 0.00 0.00 0.00 0
67646 0.00 0.00 0.00 0
67647 0.00 0.00 0.00 0
67648 0.00 0.00 0.00 0
67649 0.00 0.00 0.00 0
67650 0.00 0.00 0.00 0
67651 0.00 0.00 0.00 0
67652 0.00 0.00 0.00 0
67653 0.00 0.00 0.00 0
67654 0.00 0.00 0.00 0
67655 0.00 0.00 0.00 0
67656 0.00 0.00 0.00 0
67657 0.00 0.00 0.00 0
67658 0.00 0.00 0.00 0
67659 0.00 0.00 0.00 0
67660 0.00 0.00 0.00 0
67661 0.00 0.00 0.00 0
67665 0.00 0.00 0.00 0
67666 0.00 0.00 0.00 0
72956 0.00 0.00 0.00 0
72957 0.00 0.00 0.00 0
72958 0.00 0.00 0.00 0
72959 0.00 0.00 0.00 0
72960 0.00 0.00 0.00 0
72961 0.00 0.00 0.00 0
72962 0.00 0.00 0.00 0
72963 0.00 0.00 0.00 0
72965 0.00 0.00 0.00 0
72966 0.00 0.00 0.00 0
72967 0.00 0.00 0.00 0
72970 0.00 0.00 0.00 0
72972 0.00 0.00 0.00 0
72974 0.00 0.00 0.00 0
72975 0.00 0.00 0.00 0
72976 0.00 0.00 0.00 0
72977 0.00 0.00 0.00 0
72978 0.00 0.00 0.00 0
72979 0.00 0.00 0.00 0
72980 0.00 0.00 0.00 0
72981 0.00 0.00 0.00 0
72982 0.00 0.00 0.00 0
72983 0.00 0.00 0.00 0
72984 0.00 0.00 0.00 0
72985 0.00 0.00 0.00 0
72986 0.00 0.00 0.00 0
72987 0.00 0.00 0.00 0
72988 0.00 0.00 0.00 0
72989 0.00 0.00 0.00 0
72990 0.00 0.00 0.00 0
72991 0.00 0.00 0.00 0
72995 0.00 0.00 0.00 0
72996 0.00 0.00 0.00 0
72997 0.00 0.00 0.00 0
73001 0.00 0.00 0.00 0
73002 0.00 0.00 0.00 0
73003 0.00 0.00 0.00 0
73004 0.00 0.00 0.00 0
73051 0.00 0.00 0.00 0
73052 0.00 0.00 0.00 0
73053 0.00 0.00 0.00 0
73054 0.00 0.00 0.00 0
73055 0.00 0.00 0.00 0
73056 0.00 0.00 0.00 0
73057 0.00 0.00 0.00 0
73058 0.00 0.00 0.00 0
73059 0.00 0.00 0.00 0
73060 0.00 0.00 0.00 0
73061 0.00 0.00 0.00 0
73062 0.00 0.00 0.00 0
73063 0.00 0.00 0.00 0
73064 0.00 0.00 0.00 0
77031 0.00 0.00 0.00 0
77038 0.00 0.00 0.00 0
77103 0.00 0.00 0.00 0
77104 0.00 0.00 0.00 0
77105 0.00 0.00 0.00 0
77106 0.00 0.00 0.00 0
77107 0.00 0.00 0.00 0
77108 0.00 0.00 0.00 0
83276 0.00 0.00 0.00 0
83281 0.00 0.00 0.00 0
83282 0.00 0.00 0.00 0
83283 0.00 0.00 0.00 0
83297 0.00 0.00 0.00 0
83298 0.00 0.00 0.00 0
83299 0.00 0.00 0.00 0
83300 0.00 0.00 0.00 0
83301 0.00 0.00 0.00 0
83302 0.00 0.00 0.00 0
83303 0.00 0.00 0.00 0
83304 0.00 0.00 0.00 0
83305 0.00 0.00 0.00 0
83306 0.00 0.00 0.00 0
83307 0.00 0.00 0.00 0
83308 0.00 0.00 0.00 0
83309 0.00 0.00 0.00 0
83310 0.00 0.00 0.00 0
83311 0.00 0.00 0.00 0
83312 0.00 0.00 0.00 0
83313 0.00 0.00 0.00 0
83314 0.00 0.00 0.00 0
83315 0.00 0.00 0.00 0
83316 0.00 0.00 0.00 0
83317 0.00 0.00 0.00 0
83318 0.00 0.00 0.00 0
83319 0.00 0.00 0.00 0
83320 0.00 0.00 0.00 0
83321 0.00 0.00 0.00 0
83322 0.00 0.00 0.00 0
83323 0.00 0.00 0.00 0
83324 0.00 0.00 0.00 0
83325 0.00 0.00 0.00 0
83326 0.00 0.00 0.00 0
83327 0.00 0.00 0.00 0
83328 0.00 0.00 0.00 0
83329 0.00 0.00 0.00 0
83330 0.00 0.00 0.00 0
83331 0.00 0.00 0.00 0
83332 0.00 0.00 0.00 0
83333 0.00 0.00 0.00 0
83334 0.00 0.00 0.00 0
83335 0.00 0.00 0.00 0
83336 0.00 0.00 0.00 0
83337 0.00 0.00 0.00 0
83338 0.00 0.00 0.00 0
83339 0.00 0.00 0.00 0
83340 0.00 0.00 0.00 0
83344 0.00 0.00 0.00 0
83345 0.00 0.00 0.00 0
83346 0.00 0.00 0.00 0
83347 0.00 0.00 0.00 0
83348 0.00 0.00 0.00 0
83349 0.00 0.00 0.00 0
83350 0.00 0.00 0.00 0
83351 0.00 0.00 0.00 0
83352 0.00 0.00 0.00 0
83353 0.00 0.00 0.00 0
83354 0.00 0.00 0.00 0
83355 0.00 0.00 0.00 0
83356 0.00 0.00 0.00 0
83357 0.00 0.00 0.00 0
83358 0.00 0.00 0.00 0
83359 0.00 0.00 0.00 0
83360 0.00 0.00 0.00 0
83361 0.00 0.00 0.00 0
83362 0.00 0.00 0.00 0
83363 0.00 0.00 0.00 0
83364 0.00 0.00 0.00 0
83365 0.00 0.00 0.00 0
83366 0.00 0.00 0.00 0
83367 0.00 0.00 0.00 0
83368 0.00 0.00 0.00 0
83369 0.00 0.00 0.00 0
83370 0.00 0.00 0.00 0
83371 0.00 0.00 0.00 0
83372 0.00 0.00 0.00 0
83373 0.00 0.00 0.00 0
83374 0.00 0.00 0.00 0
83375 0.00 0.00 0.00 0
83376 0.00 0.00 0.00 0
83377 0.00 0.00 0.00 0
83378 0.00 0.00 0.00 0
83379 0.00 0.00 0.00 0
83380 0.00 0.00 0.00 0
83381 0.00 0.00 0.00 0
83382 0.00 0.00 0.00 0
83383 0.00 0.00 0.00 0
83384 0.00 0.00 0.00 0
83385 0.00 0.00 0.00 0
83386 0.00 0.00 0.00 0
83387 0.00 0.00 0.00 0
83388 0.00 0.00 0.00 0
83389 0.00 0.00 0.00 0
83393 0.00 0.00 0.00 0
83394 0.00 0.00 0.00 0
83395 0.00 0.00 0.00 0
83408 0.00 0.00 0.00 0
83409 0.00 0.00 0.00 0
83410 0.00 0.00 0.00 0
83411 0.00 0.00 0.00 0
83412 0.00 0.00 0.00 0
83413 0.00 0.00 0.00 0
83414 0.00 0.00 0.00 0
83415 0.00 0.00 0.00 0
83416 0.00 0.00 0.00 0
83417 0.00 0.00 0.00 0
83418 0.00 0.00 0.00 0
83419 0.00 0.00 0.00 0
83420 0.00 0.00 0.00 0
83421 0.00 0.00 0.00 0
83422 0.00 0.00 0.00 0
83423 0.00 0.00 0.00 0
83425 0.00 0.00 0.00 0
83475 0.00 0.00 0.00 0
83520 0.00 0.00 0.00 0
83521 0.00 0.00 0.00 0
83522 0.00 0.00 0.00 0
83523 0.00 0.00 0.00 0
83524 0.00 0.00 0.00 0
83525 0.00 0.00 0.00 0
83526 0.00 0.00 0.00 0
92997 0.00 0.00 0.00 0
92998 0.00 0.00 0.00 0
92999 0.00 0.00 0.00 0
93000 0.00 0.00 0.00 0
93001 0.00 0.00 0.00 0
93002 0.00 0.00 0.00 0
93003 0.00 0.00 0.00 0
93004 0.00 0.00 0.00 0
93005 0.00 0.00 0.00 0
93006 0.00 0.00 0.00 0
93007 0.00 0.00 0.00 0
93008 0.00 0.00 0.00 0
93009 0.00 0.00 0.00 0
93010 0.00 0.00 0.00 0
93011 0.00 0.00 0.00 0
93012 0.00 0.00 0.00 0
93013 0.00 0.00 0.00 0
93014 0.00 0.00 0.00 0
93015 0.00 0.00 0.00 0
93016 0.00 0.00 0.00 0
93017 0.00 0.00 0.00 0
93018 0.00 0.00 0.00 0
93019 0.00 0.00 0.00 0
93020 0.00 0.00 0.00 0
93021 0.00 0.00 0.00 0
93022 0.00 0.00 0.00 0
93023 0.00 0.00 0.00 0
94080 0.00 0.00 0.00 0
94081 0.00 0.00 0.00 0
94082 0.00 0.00 0.00 0
94083 0.00 0.00 0.00 0
94084 0.00 0.00 0.00 0
94085 0.00 0.00 0.00 0
96143 0.00 0.00 0.00 0
96144 0.00 0.00 0.00 0
96145 0.00 0.00 0.00 0
96146 0.00 0.00 0.00 0
96147 0.00 0.00 0.00 0
96148 0.00 0.00 0.00 0
96149 0.00 0.00 0.00 0
96150 0.00 0.00 0.00 0
96151 0.00 0.00 0.00 0
96157 0.00 0.00 0.00 0
96158 0.00 0.00 0.00 0
96159 0.00 0.00 0.00 0
96160 0.00 0.00 0.00 0
96161 0.00 0.00 0.00 0
96162 0.00 0.00 0.00 0
96163 0.00 0.00 0.00 0
96164 0.00 0.00 0.00 0
96165 0.00 0.00 0.00 0
96166 0.00 0.00 0.00 0
96167 0.00 0.00 0.00 0
96168 0.00 0.00 0.00 0
96169 0.00 0.00 0.00 0
96170 0.00 0.00 0.00 0
96171 0.00 0.00 0.00 0
96172 0.00 0.00 0.00 0
100436 0.00 0.00 0.00 0
100437 0.00 0.00 0.00 0
100438 0.00 0.00 0.00 0
100460 0.00 0.00 0.00 0
100462 0.00 0.00 0.00 0
100463 0.00 0.00 0.00 0
100464 0.00 0.00 0.00 0
100465 0.00 0.00 0.00 0
100466 0.00 0.00 0.00 0
100467 0.00 0.00 0.00 0
100468 0.00 0.00 0.00 0
100469 0.00 0.00 0.00 0
100470 0.00 0.00 0.00 0
100471 0.00 0.00 0.00 0
100476 0.00 0.00 0.00 0
100477 0.00 0.00 0.00 0
100478 0.00 0.00 0.00 0
100479 0.00 0.00 0.00 0
100480 0.00 0.00 0.00 0
100481 0.00 0.00 0.00 0
100482 0.00 0.00 0.00 0
100483 0.00 0.00 0.00 0
100484 0.00 0.00 0.00 0
100485 0.00 0.00 0.00 0
100486 0.00 0.00 0.00 0
100487 0.00 0.00 0.00 0
100488 0.00 0.00 0.00 0
100489 0.00 0.00 0.00 0
100490 0.00 0.00 0.00 0
100491 0.00 0.00 0.00 0
100492 0.00 0.00 0.00 0
100493 0.00 0.00 0.00 0
100494 0.00 0.00 0.00 0
100495 0.00 0.00 0.00 0
100496 0.00 0.00 0.00 0
100497 0.00 0.00 0.00 0
100498 0.00 0.00 0.00 0
100499 0.00 0.00 0.00 0
100500 0.00 0.00 0.00 0
100501 0.00 0.00 0.00 0
100502 0.00 0.00 0.00 0
103676 0.00 0.00 0.00 0
103677 0.00 0.00 0.00 0
103678 0.00 0.00 0.00 0
103679 0.00 0.00 0.00 0
103680 0.00 0.00 0.00 0
103684 0.00 0.00 0.00 0
103685 0.00 0.00 0.00 0
103686 0.00 0.00 0.00 0
103687 0.00 0.00 0.00 0
103688 0.00 0.00 0.00 0
103689 0.00 0.00 0.00 0
103690 0.00 0.00 0.00 0
103691 0.00 0.00 0.00 0
103692 0.00 0.00 0.00 0
103693 0.00 0.00 0.00 0
103694 0.00 0.00 0.00 0
103695 0.00 0.00 0.00 0
103696 0.00 0.00 0.00 0
103697 0.00 0.00 0.00 0
103735 0.00 0.00 0.00 0
103736 0.00 0.00 0.00 0
103737 0.00 0.00 0.00 0
103738 0.00 0.00 0.00 0
103739 0.00 0.00 0.00 0
103740 0.00 0.00 0.00 0
103741 0.00 0.00 0.00 0
103742 0.00 0.00 0.00 0
109870 0.00 0.00 0.00 0
109871 0.00 0.00 0.00 0
109872 0.00 0.00 0.00 0
109873 0.00 0.00 0.00 0
109874 0.00 0.00 0.00 0
109875 0.00 0.00 0.00 0
109880 0.00 0.00 0.00 0
109881 0.00 0.00 0.00 0
109882 0.00 0.00 0.00 0
109883 0.00 0.00 0.00 0
109884 0.00 0.00 0.00 0
109885 0.00 0.00 0.00 0
109886 0.00 0.00 0.00 0
109887 0.00 0.00 0.00 0
109888 0.00 0.00 0.00 0
109889 0.00 0.00 0.00 0
109890 0.00 0.00 0.00 0
109891 0.00 0.00 0.00 0
109892 0.00 0.00 0.00 0
109893 0.00 0.00 0.00 0
109894 0.00 0.00 0.00 0
109895 0.00 0.00 0.00 0
109896 0.00 0.00 0.00 0
109897 0.00 0.00 0.00 0
109898 0.00 0.00 0.00 0
109899 0.00 0.00 0.00 0
109900 0.00 0.00 0.00 0
109901 0.00 0.00 0.00 0
109902 0.00 0.00 0.00 0
109903 0.00 0.00 0.00 0
109904 0.00 0.00 0.00 0
109905 0.00 0.00 0.00 0
109906 0.00 0.00 0.00 0
109907 0.00 0.00 0.00 0
109908 0.00 0.00 0.00 0
109909 0.00 0.00 0.00 0
109910 0.00 0.00 0.00 0
109911 0.00 0.00 0.00 0
109912 0.00 0.00 0.00 0
109913 0.00 0.00 0.00 0
109914 0.00 0.00 0.00 0
109915 0.00 0.00 0.00 0
109916 0.00 0.00 0.00 0
109917 0.00 0.00 0.00 0
109918 0.00 0.00 0.00 0
109919 0.00 0.00 0.00 0
109920 0.00 0.00 0.00 0
109921 0.00 0.00 0.00 0
109922 0.00 0.00 0.00 0
109923 0.00 0.00 0.00 0
109924 0.00 0.00 0.00 0
109925 0.00 0.00 0.00 0
109926 0.00 0.00 0.00 0
109927 0.00 0.00 0.00 0
109928 0.00 0.00 0.00 0
109929 0.00 0.00 0.00 0
109930 0.00 0.00 0.00 0
109931 0.00 0.00 0.00 0
109932 0.00 0.00 0.00 0
109933 0.00 0.00 0.00 0
109934 0.00 0.00 0.00 0
109935 0.00 0.00 0.00 0
109936 0.00 0.00 0.00 0
109937 0.00 0.00 0.00 0
109938 0.00 0.00 0.00 0
109939 0.00 0.00 0.00 0
109940 0.00 0.00 0.00 0
109949 0.00 0.00 0.00 0
109950 0.00 0.00 0.00 0
109951 0.00 0.00 0.00 0
109952 0.00 0.00 0.00 0
109953 0.00 0.00 0.00 0
109954 0.00 0.00 0.00 0
109955 0.00 0.00 0.00 0
109956 0.00 0.00 0.00 0
109957 0.00 0.00 0.00 0
109958 0.00 0.00 0.00 0
109959 0.00 0.00 0.00 0
109960 0.00 0.00 0.00 0
109961 0.00 0.00 0.00 0
109962 0.00 0.00 0.00 0
109964 0.00 0.00 0.00 0
110016 0.00 0.00 0.00 0
110017 0.00 0.00 0.00 0
110018 0.00 0.00 0.00 0
117153 0.00 0.00 0.00 0
117154 0.00 0.00 0.00 0
117155 0.00 0.00 0.00 0
117156 0.00 0.00 0.00 0
117158 0.00 0.00 0.00 0
117159 0.00 0.00 0.00 0
117160 0.00 0.00 0.00 0
117161 0.00 0.00 0.00 0
117174 0.00 0.00 0.00 0
117175 0.00 0.00 0.00 0
117176 0.00 0.00 0.00 0
117177 0.00 0.00 0.00 0
117178 0.00 0.00 0.00 0
117179 0.00 0.00 0.00 0
117180 0.00 0.00 0.00 0
117181 0.00 0.00 0.00 0
117182 0.00 0.00 0.00 0
117183 0.00 0.00 0.00 0
117184 0.00 0.00 0.00 0
117185 0.00 0.00 0.00 0
117186 0.00 0.00 0.00 0
117187 0.00 0.00 0.00 0
117188 0.00 0.00 0.00 0
117189 0.00 0.00 0.00 0
117190 0.00 0.00 0.00 0
117191 0.00 0.00 0.00 0
117192 0.00 0.00 0.00 0
117193 0.00 0.00 0.00 0
117194 0.00 0.00 0.00 0
117195 0.00 0.00 0.00 0
117196 0.00 0.00 0.00 0
117197 0.00 0.00 0.00 0
117198 0.00 0.00 0.00 0
117199 0.00 0.00 0.00 0
117200 0.00 0.00 0.00 0
117201 0.00 0.00 0.00 0
117202 0.00 0.00 0.00 0
117203 0.00 0.00 0.00 0
117204 0.00 0.00 0.00 0
117205 0.00 0.00 0.00 0
117206 0.00 0.00 0.00 0
117207 0.00 0.00 0.00 0
117208 0.00 0.00 0.00 0
117209 0.00 0.00 0.00 0
117210 0.00 0.00 0.00 0
117211 0.00 0.00 0.00 0
117212 0.00 0.00 0.00 0
117213 0.00 0.00 0.00 0
119677 0.00 0.00 0.00 0
119678 0.00 0.00 0.00 0
119679 0.00 0.00 0.00 0
119680 0.00 0.00 0.00 0
119681 0.00 0.00 0.00 0
119682 0.00 0.00 0.00 0
119683 0.00 0.00 0.00 0
119684 0.00 0.00 0.00 0
119685 0.00 0.00 0.00 0
119686 0.00 0.00 0.00 0
119687 0.00 0.00 0.00 0
119688 0.00 0.00 0.00 0
119689 0.00 0.00 0.00 0
119690 0.00 0.00 0.00 0
119691 0.00 0.00 0.00 0
119692 0.00 0.00 0.00 0
119693 0.00 0.00 0.00 0
124493 0.00 0.00 0.00 0
124494 0.00 0.00 0.00 0
124495 0.00 0.00 0.00 0
124496 0.00 0.00 0.00 0
124497 0.00 0.00 0.00 0
124498 0.00 0.00 0.00 0
124499 0.00 0.00 0.00 0
124500 0.00 0.00 0.00 0
124501 0.00 0.00 0.00 0
124502 0.00 0.00 0.00 0
124503 0.00 0.00 0.00 0
124504 0.00 0.00 0.00 0
124505 0.00 0.00 0.00 0
124506 0.00 0.00 0.00 0
124507 0.00 0.00 0.00 0
124508 0.00 0.00 0.00 0
124509 0.00 0.00 0.00 0
124510 0.00 0.00 0.00 0
124511 0.00 0.00 0.00 0
124512 0.00 0.00 0.00 0
124513 0.00 0.00 0.00 0
124514 0.00 0.00 0.00 0
124515 0.00 0.00 0.00 0
124516 0.00 0.00 0.00 0
124517 0.00 0.00 0.00 0
124518 0.00 0.00 0.00 0
124519 0.00 0.00 0.00 0
124520 0.00 0.00 0.00 0
124521 0.00 0.00 0.00 0
124522 0.00 0.00 0.00 0
124523 0.00 0.00 0.00 0
124524 0.00 0.00 0.00 0
124525 0.00 0.00 0.00 0
124526 0.00 0.00 0.00 0
124527 0.00 0.00 0.00 0
124528 0.00 0.00 0.00 0
124529 0.00 0.00 0.00 0
124530 0.00 0.00 0.00 0
124531 0.00 0.00 0.00 0
124532 0.00 0.00 0.00 0
124533 0.00 0.00 0.00 0
124534 0.00 0.00 0.00 0
124535 0.00 0.00 0.00 0
124536 0.00 0.00 0.00 0
124537 0.00 0.00 0.00 0
124538 0.00 0.00 0.00 0
124539 0.00 0.00 0.00 0
124540 0.00 0.00 0.00 0
124541 0.00 0.00 0.00 0
124542 0.00 0.00 0.00 0
124543 0.00 0.00 0.00 0
124544 0.00 0.00 0.00 0
124545 0.00 0.00 0.00 0
124546 0.00 0.00 0.00 0
124547 0.00 0.00 0.00 0
124548 0.00 0.00 0.00 0
124549 0.00 0.00 0.00 0
124550 0.00 0.00 0.00 0
124551 0.00 0.00 0.00 0
124552 0.00 0.00 0.00 0
124553 0.00 0.00 0.00 0
124554 0.00 0.00 0.00 0
124556 0.00 0.00 0.00 0
124557 0.00 0.00 0.00 0
124558 0.00 0.00 0.00 0
124559 0.00 0.00 0.00 0
124560 0.00 0.00 0.00 0
124561 0.00 0.00 0.00 0
124562 0.00 0.00 0.00 0
124563 0.00 0.00 0.00 0
133952 0.00 0.00 0.00 0
133953 0.00 0.00 0.00 0
133954 0.00 0.00 0.00 0
133955 0.00 0.00 0.00 0
133956 0.00 0.00 0.00 0
134007 0.00 0.00 0.00 0
134008 0.00 0.00 0.00 0
134009 0.00 0.00 0.00 0
134010 0.00 0.00 0.00 0
134011 0.00 0.00 0.00 0
134012 0.00 0.00 0.00 0
134013 0.00 0.00 0.00 0
134014 0.00 0.00 0.00 0
134015 0.00 0.00 0.00 0
134016 0.00 0.00 0.00 0
134017 0.00 0.00 0.00 0
134018 0.00 0.00 0.00 0
134019 0.00 0.00 0.00 0
134020 0.00 0.00 0.00 0
134021 0.00 0.00 0.00 0
134022 0.00 0.00 0.00 0
134023 0.00 0.00 0.00 0
134024 0.00 0.00 0.00 0
134025 0.00 0.00 0.00 0
134026 0.00 0.00 0.00 0
134033 0.00 0.00 0.00 0
134034 0.00 0.00 0.00 0
134035 0.00 0.00 0.00 0
134036 0.00 0.00 0.00 0
134037 0.00 0.00 0.00 0
134038 0.00 0.00 0.00 0
134039 0.00 0.00 0.00 0
134040 0.00 0.00 0.00 0
134041 0.00 0.00 0.00 0
134042 0.00 0.00 0.00 0
134043 0.00 0.00 0.00 0
134044 0.00 0.00 0.00 0
134045 0.00 0.00 0.00 0
134046 0.00 0.00 0.00 0
134047 0.00 0.00 0.00 0
134048 0.00 0.00 0.00 0
134049 0.00 0.00 0.00 0
134050 0.00 0.00 0.00 0
134051 0.00 0.00 0.00 0
134052 0.00 0.00 0.00 0
134053 0.00 0.00 0.00 0
134054 0.00 0.00 0.00 0
134055 0.00 0.00 0.00 0
134056 0.00 0.00 0.00 0
134057 0.00 0.00 0.00 0
134058 0.00 0.00 0.00 0
134059 0.00 0.00 0.00 0
134060 0.00 0.00 0.00 0
134061 0.00 0.00 0.00 0
134062 0.00 0.00 0.00 0
134063 0.00 0.00 0.00 0
134064 0.00 0.00 0.00 0
134065 0.00 0.00 0.00 0
134066 0.00 0.00 0.00 0
134067 0.00 0.00 0.00 0
134068 0.00 0.00 0.00 0
134069 0.00 0.00 0.00 0
134070 0.00 0.00 0.00 0
134071 0.00 0.00 0.00 0
134072 0.00 0.00 0.00 0
134073 0.00 0.00 0.00 0
134074 0.00 0.00 0.00 0
134075 0.00 0.00 0.00 0
134076 0.00 0.00 0.00 0
134077 0.00 0.00 0.00 0
134078 0.00 0.00 0.00 0
134079 0.00 0.00 0.00 0
134080 0.00 0.00 0.00 0
134081 0.00 0.00 0.00 0
134082 0.00 0.00 0.00 0
134083 0.00 0.00 0.00 0
134084 0.00 0.00 0.00 0
134085 0.00 0.00 0.00 0
134086 0.00 0.00 0.00 0
134087 0.00 0.00 0.00 0
134088 0.00 0.00 0.00 0
134089 0.00 0.00 0.00 0
134094 0.00 0.00 0.00 0
134095 0.00 0.00 0.00 0
140684 0.00 0.00 0.00 0
140688 0.00 0.00 0.00 0
140691 0.00 0.00 0.00 0
140692 0.00 0.00 0.00 0
140695 0.00 0.00 0.00 0
140712 0.00 0.00 0.00 0
140713 0.00 0.00 0.00 0
140714 0.00 0.00 0.00 0
140715 0.00 0.00 0.00 0
140716 0.00 0.00 0.00 0
140717 0.00 0.00 0.00 0
140718 0.00 0.00 0.00 0
140721 0.00 0.00 0.00 0
140722 0.00 0.00 0.00 0
140723 0.00 0.00 0.00 0
140724 0.00 0.00 0.00 0
140725 0.00 0.00 0.00 0
140726 0.00 0.00 0.00 0
140727 0.00 0.00 0.00 0
140728 0.00 0.00 0.00 0
140729 0.00 0.00 0.00 0
140730 0.00 0.00 0.00 0
140731 0.00 0.00 0.00 0
140732 0.00 0.00 0.00 0
140733 0.00 0.00 0.00 0
140734 0.00 0.00 0.00 0
140736 0.00 0.00 0.00 0
140737 0.00 0.00 0.00 0
140738 0.00 0.00 0.00 0
140739 0.00 0.00 0.00 0
140740 0.00 0.00 0.00 0
140744 0.00 0.00 0.00 0
140745 0.00 0.00 0.00 0
140746 0.00 0.00 0.00 0
140747 0.00 0.00 0.00 0
140748 0.00 0.00 0.00 0
140749 0.00 0.00 0.00 0
140750 0.00 0.00 0.00 0
140804 0.00 0.00 0.00 0
140805 0.00 0.00 0.00 0
140806 0.00 0.00 0.00 0
140807 0.00 0.00 0.00 0
140808 0.00 0.00 0.00 0
140809 0.00 0.00 0.00 0
140810 0.00 0.00 0.00 0
140811 0.00 0.00 0.00 0
140812 0.00 0.00 0.00 0
140813 0.00 0.00 0.00 0
140814 0.00 0.00 0.00 0
140815 0.00 0.00 0.00 0
140816 0.00 0.00 0.00 0
140817 0.00 0.00 0.00 0
140818 0.00 0.00 0.00 0
140820 0.00 0.00 0.00 0
140824 0.00 0.00 0.00 0
140825 0.00 0.00 0.00 0
140828 0.00 0.00 0.00 0
145646 0.00 0.00 0.00 0
145654 0.00 0.00 0.00 0
145655 0.00 0.00 0.00 0
145656 0.00 0.00 0.00 0
145657 0.00 0.00 0.00 0
145658 0.00 0.00 0.00 0
145661 0.00 0.00 0.00 0
145662 0.00 0.00 0.00 0
145663 0.00 0.00 0.00 0
145664 0.00 0.00 0.00 0
145743 0.00 0.00 0.00 0
145744 0.00 0.00 0.00 0
145745 0.00 0.00 0.00 0
145746 0.00 0.00 0.00 0
145747 0.00 0.00 0.00 0
153183 0.00 0.00 0.00 0
153184 0.00 0.00 0.00 0
153185 0.00 0.00 0.00 0
153202 0.00 0.00 0.00 0
153203 0.00 0.00 0.00 0
153204 0.00 0.00 0.00 0
153205 0.00 0.00 0.00 0
153206 0.00 0.00 0.00 0
153207 0.00 0.00 0.00 0
153208 0.00 0.00 0.00 0
153209 0.00 0.00 0.00 0
153210 0.00 0.00 0.00 0
153211 0.00 0.00 0.00 0
153212 0.00 0.00 0.00 0
153213 0.00 0.00 0.00 0
153214 0.00 0.00 0.00 0
153215 0.00 0.00 0.00 0
153216 0.00 0.00 0.00 0
153217 0.00 0.00 0.00 0
153218 0.00 0.00 0.00 0
153219 0.00 0.00 0.00 0
153220 0.00 0.00 0.00 0
153221 0.00 0.00 0.00 0
153222 0.00 0.00 0.00 0
153223 0.00 0.00 0.00 0
153224 0.00 0.00 0.00 0
153225 0.00 0.00 0.00 0
153226 0.00 0.00 0.00 0
153227 0.00 0.00 0.00 0
153228 0.00 0.00 0.00 0
153229 0.00 0.00 0.00 0
153230 0.00 0.00 0.00 0
153231 0.00 0.00 0.00 0
153232 0.00 0.00 0.00 0
153233 0.00 0.00 0.00 0
153234 0.00 0.00 0.00 0
153235 0.00 0.00 0.00 0
153236 0.00 0.00 0.00 0
153237 0.00 0.00 0.00 0
153238 0.00 0.00 0.00 0
153239 0.00 0.00 0.00 0
153240 0.00 0.00 0.00 0
153241 0.00 0.00 0.00 0
153242 0.00 0.00 0.00 0
153243 0.00 0.00 0.00 0
153244 0.00 0.00 0.00 0
153245 0.00 0.00 0.00 0
153246 0.00 0.00 0.00 0
153247 0.00 0.00 0.00 0
153248 0.00 0.00 0.00 0
153249 0.00 0.00 0.00 0
153250 0.00 0.00 0.00 0
153251 0.00 0.00 0.00 0
153252 0.00 0.00 0.00 0
153253 0.00 0.00 0.00 0
153254 0.00 0.00 0.00 0
153257 0.00 0.00 0.00 0
153258 0.00 0.00 0.00 0
153259 0.00 0.00 0.00 0
153260 0.00 0.00 0.00 0
153261 0.00 0.00 0.00 0
153262 0.00 0.00 0.00 0
153263 0.00 0.00 0.00 0
153264 0.00 0.00 0.00 0
153265 0.00 0.00 0.00 0
153266 0.00 0.00 0.00 0
153267 0.00 0.00 0.00 0
153268 0.00 0.00 0.00 0
153269 0.00 0.00 0.00 0
153270 0.00 0.00 0.00 0
153271 0.00 0.00 0.00 0
153272 0.00 0.00 0.00 0
153273 0.00 0.00 0.00 0
153274 0.00 0.00 0.00 0
153275 0.00 0.00 0.00 0
153276 0.00 0.00 0.00 0
153277 0.00 0.00 0.00 0
153278 0.00 0.00 0.00 0
153279 0.00 0.00 0.00 0
153280 0.00 0.00 0.00 0
153281 0.00 0.00 0.00 0
153282 0.00 0.00 0.00 0
153283 0.00 0.00 0.00 0
153284 0.00 0.00 0.00 0
153285 0.00 0.00 0.00 0
153286 0.00 0.00 0.00 0
153287 0.00 0.00 0.00 0
153288 0.00 0.00 0.00 0
153289 0.00 0.00 0.00 0
153290 0.00 0.00 0.00 0
153291 0.00 0.00 0.00 0
153292 0.00 0.00 0.00 0
153293 0.00 0.00 0.00 0
153294 0.00 0.00 0.00 0
153295 0.00 0.00 0.00 0
153296 0.00 0.00 0.00 0
153297 0.00 0.00 0.00 0
153298 0.00 0.00 0.00 0
153299 0.00 0.00 0.00 0
153300 0.00 0.00 0.00 0
153301 0.00 0.00 0.00 0
153302 0.00 0.00 0.00 0
153303 0.00 0.00 0.00 0
153304 0.00 0.00 0.00 0
153305 0.00 0.00 0.00 0
153306 0.00 0.00 0.00 0
153307 0.00 0.00 0.00 0
153308 0.00 0.00 0.00 0
153309 0.00 0.00 0.00 0
153310 0.00 0.00 0.00 0
153311 0.00 0.00 0.00 0
153312 0.00 0.00 0.00 0
153313 0.00 0.00 0.00 0
153314 0.00 0.00 0.00 0
153318 0.00 0.00 0.00 0
153319 0.00 0.00 0.00 0
153336 0.00 0.00 0.00 0
153337 0.00 0.00 0.00 0
153338 0.00 0.00 0.00 0
153339 0.00 0.00 0.00 0
153340 0.00 0.00 0.00 0
153341 0.00 0.00 0.00 0
153342 0.00 0.00 0.00 0
153343 0.00 0.00 0.00 0
153345 0.00 0.00 0.00 0
153346 0.00 0.00 0.00 0
153347 0.00 0.00 0.00 0
153348 0.00 0.00 0.00 0
153349 0.00 0.00 0.00 0
153350 0.00 0.00 0.00 0
153351 0.00 0.00 0.00 0
153471 0.00 0.00 0.00 0
153472 0.00 0.00 0.00 0
153473 0.00 0.00 0.00 0
153474 0.00 0.00 0.00 0
153475 0.00 0.00 0.00 0
153476 0.00 0.00 0.00 0
153477 0.00 0.00 0.00 0
153478 0.00 0.00 0.00 0
