# G_front_middle
4089
3 0.00 0.00 0.00 0
14 0.00 0.00 0.00 0
54 0.00 0.00 0.00 0
55 0.00 0.00 0.00 0
174 0.00 0.00 0.00 0
175 0.00 0.00 0.00 0
219 0.00 0.00 0.00 0
241 0.00 0.00 0.00 0
242 0.00 0.00 0.00 0
379 0.00 0.00 0.00 0
389 0.00 0.00 0.00 0
391 0.00 0.00 0.00 0
493 0.00 0.00 0.00 0
496 0.00 0.00 0.00 0
652 0.00 0.00 0.00 0
653 0.00 0.00 0.00 0
654 0.00 0.00 0.00 0
655 0.00 0.00 0.00 0
656 0.00 0.00 0.00 0
657 0.00 0.00 0.00 0
658 0.00 0.00 0.00 0
699 0.00 0.00 0.00 0
721 0.00 0.00 0.00 0
722 0.00 0.00 0.00 0
871 0.00 0.00 0.00 0
880 0.00 0.00 0.00 0
886 0.00 0.00 0.00 0
887 0.00 0.00 0.00 0
893 0.00 0.00 0.00 0
1010 0.00 0.00 0.00 0
1012 0.00 0.00 0.00 0
1081 0.00 0.00 0.00 0
1084 0.00 0.00 0.00 0
1088 0.00 0.00 0.00 0
1089 0.00 0.00 0.00 0
1090 0.00 0.00 0.00 0
1465 0.00 0.00 0.00 0
1466 0.00 0.00 0.00 0
1467 0.00 0.00 0.00 0
1468 0.00 0.00 0.00 0
1469 0.00 0.00 0.00 0
1474 0.00 0.00 0.00 0
1545 0.00 0.00 0.00 0
1585 0.00 0.00 0.00 0
1586 0.00 0.00 0.00 0
1587 0.00 0.00 0.00 0
1588 0.00 0.00 0.00 0
1590 0.00 0.00 0.00 0
1812 0.00 0.00 0.00 0
1843 0.00 0.00 0.00 0
1844 0.00 0.00 0.00 0
1845 0.00 0.00 0.00 0
1866 0.00 0.00 0.00 0
1868 0.00 0.00 0.00 0
1876 0.00 0.00 0.00 0
2032 0.00 0.00 0.00 0
2033 0.00 0.00 0.00 0
2040 0.00 0.00 0.00 0
2125 0.00 0.00 0.00 0
2126 0.00 0.00 0.00 0
2127 0.00 0.00 0.00 0
2128 0.00 0.00 0.00 0
2129 0.00 0.00 0.00 0
2130 0.00 0.00 0.00 0
2134 0.00 0.00 0.00 0
2135 0.00 0.00 0.00 0
2572 0.00 0.00 0.00 0
2573 0.00 0.00 0.00 0
2574 0.00 0.00 0.00 0
2575 0.00 0.00 0.00 0
2576 0.00 0.00 0.00 0
2577 0.00 0.00 0.00 0
2578 0.00 0.00 0.00 0
2618 0.00 0.00 0.00 0
2619 0.00 0.00 0.00 0
2641 0.00 0.00 0.00 0
2642 0.00 0.00 0.00 0
2800 0.00 0.00 0.00 0
2805 0.00 0.00 0.00 0
2806 0.00 0.00 0.00 0
2807 0.00 0.00 0.00 0
2930 0.00 0.00 0.00 0
2931 0.00 0.00 0.00 0
3008 0.00 0.00 0.00 0
3009 0.00 0.00 0.00 0
3010 0.00 0.00 0.00 0
3400 0.00 0.00 0.00 0
3401 0.00 0.00 0.00 0
3402 0.00 0.00 0.00 0
3403 0.00 0.00 0.00 0
3404 0.00 0.00 0.00 0
3405 0.00 0.00 0.00 0
3406 0.00 0.00 0.00 0
3407 0.00 0.00 0.00 0
3415 0.00 0.00 0.00 0
3417 0.00 0.00 0.00 0
3418 0.00 0.00 0.00 0
3530 0.00 0.00 0.00 0
3532 0.00 0.00 0.00 0
3533 0.00 0.00 0.00 0
3534 0.00 0.00 0.00 0
3601 0.00 0.00 0.00 0
3602 0.00 0.00 0.00 0
3603 0.00 0.00 0.00 0
3604 0.00 0.00 0.00 0
3605 0.00 0.00 0.00 0
3606 0.00 0.00 0.00 0
3607 0.00 0.00 0.00 0
3984 0.00 0.00 0.00 0
4051 0.00 0.00 0.00 0
4052 0.00 0.00 0.00 0
4054 0.00 0.00 0.00 0
4056 0.00 0.00 0.00 0
4098 0.00 0.00 0.00 0
4099 0.00 0.00 0.00 0
4100 0.00 0.00 0.00 0
4101 0.00 0.00 0.00 0
4102 0.00 0.00 0.00 0
4103 0.00 0.00 0.00 0
4104 0.00 0.00 0.00 0
4117 0.00 0.00 0.00 0
4119 0.00 0.00 0.00 0
4120 0.00 0.00 0.00 0
4121 0.00 0.00 0.00 0
4122 0.00 0.00 0.00 0
4123 0.00 0.00 0.00 0
4458 0.00 0.00 0.00 0
4462 0.00 0.00 0.00 0
4463 0.00 0.00 0.00 0
4464 0.00 0.00 0.00 0
4681 0.00 0.00 0.00 0
4682 0.00 0.00 0.00 0
4683 0.00 0.00 0.00 0
4684 0.00 0.00 0.00 0
4685 0.00 0.00 0.00 0
4686 0.00 0.00 0.00 0
4687 0.00 0.00 0.00 0
4688 0.00 0.00 0.00 0
4689 0.00 0.00 0.00 0
4690 0.00 0.00 0.00 0
4692 0.00 0.00 0.00 0
4693 0.00 0.00 0.00 0
4694 0.00 0.00 0.00 0
4695 0.00 0.00 0.00 0
4703 0.00 0.00 0.00 0
4704 0.00 0.00 0.00 0
4705 0.00 0.00 0.00 0
4706 0.00 0.00 0.00 0
4707 0.00 0.00 0.00 0
4708 0.00 0.00 0.00 0
4709 0.00 0.00 0.00 0
4712 0.00 0.00 0.00 0
5784 0.00 0.00 0.00 0
5785 0.00 0.00 0.00 0
5786 0.00 0.00 0.00 0
5787 0.00 0.00 0.00 0
5788 0.00 0.00 0.00 0
5789 0.00 0.00 0.00 0
5790 0.00 0.00 0.00 0
5793 0.00 0.00 0.00 0
5794 0.00 0.00 0.00 0
5864 0.00 0.00 0.00 0
5865 0.00 0.00 0.00 0
5905 0.00 0.00 0.00 0
5906 0.00 0.00 0.00 0
5907 0.00 0.00 0.00 0
5908 0.00 0.00 0.00 0
6175 0.00 0.00 0.00 0
6192 0.00 0.00 0.00 0
6203 0.00 0.00 0.00 0
6204 0.00 0.00 0.00 0
6205 0.00 0.00 0.00 0
6214 0.00 0.00 0.00 0
6215 0.00 0.00 0.00 0
6217 0.00 0.00 0.00 0
6426 0.00 0.00 0.00 0
6553 0.00 0.00 0.00 0
6557 0.00 0.00 0.00 0
6558 0.00 0.00 0.00 0
6566 0.00 0.00 0.00 0
6567 0.00 0.00 0.00 0
6568 0.00 0.00 0.00 0
6569 0.00 0.00 0.00 0
6570 0.00 0.00 0.00 0
7259 0.00 0.00 0.00 0
7260 0.00 0.00 0.00 0
7261 0.00 0.00 0.00 0
7262 0.00 0.00 0.00 0
7263 0.00 0.00 0.00 0
7264 0.00 0.00 0.00 0
7265 0.00 0.00 0.00 0
7266 0.00 0.00 0.00 0
7267 0.00 0.00 0.00 0
7268 0.00 0.00 0.00 0
7282 0.00 0.00 0.00 0
7441 0.00 0.00 0.00 0
7442 0.00 0.00 0.00 0
7443 0.00 0.00 0.00 0
7538 0.00 0.00 0.00 0
7539 0.00 0.00 0.00 0
7540 0.00 0.00 0.00 0
7541 0.00 0.00 0.00 0
7542 0.00 0.00 0.00 0
7543 0.00 0.00 0.00 0
7544 0.00 0.00 0.00 0
7545 0.00 0.00 0.00 0
7546 0.00 0.00 0.00 0
7548 0.00 0.00 0.00 0
8155 0.00 0.00 0.00 0
8156 0.00 0.00 0.00 0
8157 0.00 0.00 0.00 0
8158 0.00 0.00 0.00 0
8159 0.00 0.00 0.00 0
8160 0.00 0.00 0.00 0
8161 0.00 0.00 0.00 0
8162 0.00 0.00 0.00 0
8163 0.00 0.00 0.00 0
8217 0.00 0.00 0.00 0
8222 0.00 0.00 0.00 0
8223 0.00 0.00 0.00 0
8224 0.00 0.00 0.00 0
8226 0.00 0.00 0.00 0
8227 0.00 0.00 0.00 0
8244 0.00 0.00 0.00 0
8245 0.00 0.00 0.00 0
8669 0.00 0.00 0.00 0
8670 0.00 0.00 0.00 0
8671 0.00 0.00 0.00 0
8672 0.00 0.00 0.00 0
8673 0.00 0.00 0.00 0
8674 0.00 0.00 0.00 0
8694 0.00 0.00 0.00 0
8941 0.00 0.00 0.00 0
8942 0.00 0.00 0.00 0
8943 0.00 0.00 0.00 0
8944 0.00 0.00 0.00 0
8945 0.00 0.00 0.00 0
8946 0.00 0.00 0.00 0
8947 0.00 0.00 0.00 0
8948 0.00 0.00 0.00 0
8949 0.00 0.00 0.00 0
8953 0.00 0.00 0.00 0
8954 0.00 0.00 0.00 0
8955 0.00 0.00 0.00 0
8956 0.00 0.00 0.00 0
8957 0.00 0.00 0.00 0
8958 0.00 0.00 0.00 0
8968 0.00 0.00 0.00 0
8969 0.00 0.00 0.00 0
8970 0.00 0.00 0.00 0
8971 0.00 0.00 0.00 0
8972 0.00 0.00 0.00 0
8973 0.00 0.00 0.00 0
8974 0.00 0.00 0.00 0
8975 0.00 0.00 0.00 0
8977 0.00 0.00 0.00 0
8978 0.00 0.00 0.00 0
10252 0.00 0.00 0.00 0
10253 0.00 0.00 0.00 0
10254 0.00 0.00 0.00 0
10255 0.00 0.00 0.00 0
10256 0.00 0.00 0.00 0
10257 0.00 0.00 0.00 0
10258 0.00 0.00 0.00 0
10298 0.00 0.00 0.00 0
10299 0.00 0.00 0.00 0
10321 0.00 0.00 0.00 0
10322 0.00 0.00 0.00 0
10480 0.00 0.00 0.00 0
10481 0.00 0.00 0.00 0
10482 0.00 0.00 0.00 0
10484 0.00 0.00 0.00 0
10485 0.00 0.00 0.00 0
10486 0.00 0.00 0.00 0
10487 0.00 0.00 0.00 0
10688 0.00 0.00 0.00 0
10689 0.00 0.00 0.00 0
10690 0.00 0.00 0.00 0
11080 0.00 0.00 0.00 0
11081 0.00 0.00 0.00 0
11082 0.00 0.00 0.00 0
11083 0.00 0.00 0.00 0
11084 0.00 0.00 0.00 0
11085 0.00 0.00 0.00 0
11086 0.00 0.00 0.00 0
11087 0.00 0.00 0.00 0
11095 0.00 0.00 0.00 0
11096 0.00 0.00 0.00 0
11097 0.00 0.00 0.00 0
11098 0.00 0.00 0.00 0
11210 0.00 0.00 0.00 0
11211 0.00 0.00 0.00 0
11212 0.00 0.00 0.00 0
11213 0.00 0.00 0.00 0
11214 0.00 0.00 0.00 0
11281 0.00 0.00 0.00 0
11282 0.00 0.00 0.00 0
11283 0.00 0.00 0.00 0
11284 0.00 0.00 0.00 0
11285 0.00 0.00 0.00 0
11286 0.00 0.00 0.00 0
11287 0.00 0.00 0.00 0
11731 0.00 0.00 0.00 0
11732 0.00 0.00 0.00 0
11778 0.00 0.00 0.00 0
11779 0.00 0.00 0.00 0
11780 0.00 0.00 0.00 0
11781 0.00 0.00 0.00 0
11782 0.00 0.00 0.00 0
11784 0.00 0.00 0.00 0
11797 0.00 0.00 0.00 0
11798 0.00 0.00 0.00 0
11799 0.00 0.00 0.00 0
11800 0.00 0.00 0.00 0
11801 0.00 0.00 0.00 0
11802 0.00 0.00 0.00 0
11803 0.00 0.00 0.00 0
11804 0.00 0.00 0.00 0
12143 0.00 0.00 0.00 0
12363 0.00 0.00 0.00 0
12364 0.00 0.00 0.00 0
12365 0.00 0.00 0.00 0
12366 0.00 0.00 0.00 0
12367 0.00 0.00 0.00 0
12368 0.00 0.00 0.00 0
12369 0.00 0.00 0.00 0
12370 0.00 0.00 0.00 0
12372 0.00 0.00 0.00 0
12373 0.00 0.00 0.00 0
12374 0.00 0.00 0.00 0
12383 0.00 0.00 0.00 0
12384 0.00 0.00 0.00 0
12385 0.00 0.00 0.00 0
12386 0.00 0.00 0.00 0
12387 0.00 0.00 0.00 0
12388 0.00 0.00 0.00 0
12389 0.00 0.00 0.00 0
13477 0.00 0.00 0.00 0
13479 0.00 0.00 0.00 0
13480 0.00 0.00 0.00 0
13481 0.00 0.00 0.00 0
13482 0.00 0.00 0.00 0
13483 0.00 0.00 0.00 0
13484 0.00 0.00 0.00 0
13485 0.00 0.00 0.00 0
13486 0.00 0.00 0.00 0
13487 0.00 0.00 0.00 0
13488 0.00 0.00 0.00 0
13489 0.00 0.00 0.00 0
13490 0.00 0.00 0.00 0
13492 0.00 0.00 0.00 0
13493 0.00 0.00 0.00 0
13494 0.00 0.00 0.00 0
13495 0.00 0.00 0.00 0
13496 0.00 0.00 0.00 0
13497 0.00 0.00 0.00 0
13498 0.00 0.00 0.00 0
13610 0.00 0.00 0.00 0
13611 0.00 0.00 0.00 0
13612 0.00 0.00 0.00 0
13613 0.00 0.00 0.00 0
13614 0.00 0.00 0.00 0
13681 0.00 0.00 0.00 0
13682 0.00 0.00 0.00 0
13683 0.00 0.00 0.00 0
13684 0.00 0.00 0.00 0
13685 0.00 0.00 0.00 0
13686 0.00 0.00 0.00 0
13687 0.00 0.00 0.00 0
14160 0.00 0.00 0.00 0
14161 0.00 0.00 0.00 0
14162 0.00 0.00 0.00 0
14176 0.00 0.00 0.00 0
14177 0.00 0.00 0.00 0
14178 0.00 0.00 0.00 0
14179 0.00 0.00 0.00 0
14180 0.00 0.00 0.00 0
14181 0.00 0.00 0.00 0
14182 0.00 0.00 0.00 0
14197 0.00 0.00 0.00 0
14198 0.00 0.00 0.00 0
14545 0.00 0.00 0.00 0
14546 0.00 0.00 0.00 0
14547 0.00 0.00 0.00 0
14548 0.00 0.00 0.00 0
14549 0.00 0.00 0.00 0
14768 0.00 0.00 0.00 0
14783 0.00 0.00 0.00 0
14784 0.00 0.00 0.00 0
14785 0.00 0.00 0.00 0
14786 0.00 0.00 0.00 0
14787 0.00 0.00 0.00 0
14788 0.00 0.00 0.00 0
14789 0.00 0.00 0.00 0
14790 0.00 0.00 0.00 0
15963 0.00 0.00 0.00 0
15964 0.00 0.00 0.00 0
15965 0.00 0.00 0.00 0
15966 0.00 0.00 0.00 0
15967 0.00 0.00 0.00 0
15968 0.00 0.00 0.00 0
15969 0.00 0.00 0.00 0
15970 0.00 0.00 0.00 0
15971 0.00 0.00 0.00 0
15972 0.00 0.00 0.00 0
15973 0.00 0.00 0.00 0
15974 0.00 0.00 0.00 0
15975 0.00 0.00 0.00 0
15976 0.00 0.00 0.00 0
15977 0.00 0.00 0.00 0
15978 0.00 0.00 0.00 0
15979 0.00 0.00 0.00 0
15980 0.00 0.00 0.00 0
15981 0.00 0.00 0.00 0
15982 0.00 0.00 0.00 0
15983 0.00 0.00 0.00 0
15984 0.00 0.00 0.00 0
15985 0.00 0.00 0.00 0
16015 0.00 0.00 0.00 0
16016 0.00 0.00 0.00 0
16017 0.00 0.00 0.00 0
16018 0.00 0.00 0.00 0
16355 0.00 0.00 0.00 0
16356 0.00 0.00 0.00 0
16357 0.00 0.00 0.00 0
16358 0.00 0.00 0.00 0
16359 0.00 0.00 0.00 0
16561 0.00 0.00 0.00 0
16562 0.00 0.00 0.00 0
16563 0.00 0.00 0.00 0
16564 0.00 0.00 0.00 0
16565 0.00 0.00 0.00 0
16566 0.00 0.00 0.00 0
16567 0.00 0.00 0.00 0
16568 0.00 0.00 0.00 0
16569 0.00 0.00 0.00 0
16570 0.00 0.00 0.00 0
16571 0.00 0.00 0.00 0
16572 0.00 0.00 0.00 0
16573 0.00 0.00 0.00 0
16574 0.00 0.00 0.00 0
16575 0.00 0.00 0.00 0
16576 0.00 0.00 0.00 0
16577 0.00 0.00 0.00 0
16578 0.00 0.00 0.00 0
16579 0.00 0.00 0.00 0
16580 0.00 0.00 0.00 0
16581 0.00 0.00 0.00 0
16582 0.00 0.00 0.00 0
17709 0.00 0.00 0.00 0
17911 0.00 0.00 0.00 0
17912 0.00 0.00 0.00 0
17913 0.00 0.00 0.00 0
17914 0.00 0.00 0.00 0
17915 0.00 0.00 0.00 0
17916 0.00 0.00 0.00 0
17917 0.00 0.00 0.00 0
17918 0.00 0.00 0.00 0
17919 0.00 0.00 0.00 0
17920 0.00 0.00 0.00 0
17921 0.00 0.00 0.00 0
17922 0.00 0.00 0.00 0
17923 0.00 0.00 0.00 0
17924 0.00 0.00 0.00 0
17925 0.00 0.00 0.00 0
17926 0.00 0.00 0.00 0
17927 0.00 0.00 0.00 0
17928 0.00 0.00 0.00 0
17929 0.00 0.00 0.00 0
17930 0.00 0.00 0.00 0
17931 0.00 0.00 0.00 0
18053 0.00 0.00 0.00 0
18055 0.00 0.00 0.00 0
18056 0.00 0.00 0.00 0
18057 0.00 0.00 0.00 0
18058 0.00 0.00 0.00 0
18064 0.00 0.00 0.00 0
18068 0.00 0.00 0.00 0
18069 0.00 0.00 0.00 0
18070 0.00 0.00 0.00 0
18071 0.00 0.00 0.00 0
18072 0.00 0.00 0.00 0
18073 0.00 0.00 0.00 0
18074 0.00 0.00 0.00 0
18075 0.00 0.00 0.00 0
18082 0.00 0.00 0.00 0
18120 0.00 0.00 0.00 0
18121 0.00 0.00 0.00 0
18122 0.00 0.00 0.00 0
18123 0.00 0.00 0.00 0
18124 0.00 0.00 0.00 0
18125 0.00 0.00 0.00 0
18126 0.00 0.00 0.00 0
18127 0.00 0.00 0.00 0
18129 0.00 0.00 0.00 0
19130 0.00 0.00 0.00 0
19131 0.00 0.00 0.00 0
19132 0.00 0.00 0.00 0
19133 0.00 0.00 0.00 0
19134 0.00 0.00 0.00 0
19138 0.00 0.00 0.00 0
19139 0.00 0.00 0.00 0
19140 0.00 0.00 0.00 0
19141 0.00 0.00 0.00 0
19142 0.00 0.00 0.00 0
19143 0.00 0.00 0.00 0
19144 0.00 0.00 0.00 0
19146 0.00 0.00 0.00 0
19194 0.00 0.00 0.00 0
19801 0.00 0.00 0.00 0
19802 0.00 0.00 0.00 0
19803 0.00 0.00 0.00 0
19804 0.00 0.00 0.00 0
19805 0.00 0.00 0.00 0
19806 0.00 0.00 0.00 0
19807 0.00 0.00 0.00 0
19808 0.00 0.00 0.00 0
19809 0.00 0.00 0.00 0
19810 0.00 0.00 0.00 0
19811 0.00 0.00 0.00 0
19812 0.00 0.00 0.00 0
19813 0.00 0.00 0.00 0
19814 0.00 0.00 0.00 0
19815 0.00 0.00 0.00 0
19816 0.00 0.00 0.00 0
19817 0.00 0.00 0.00 0
19818 0.00 0.00 0.00 0
19819 0.00 0.00 0.00 0
19820 0.00 0.00 0.00 0
19821 0.00 0.00 0.00 0
19822 0.00 0.00 0.00 0
19823 0.00 0.00 0.00 0
19825 0.00 0.00 0.00 0
19831 0.00 0.00 0.00 0
19832 0.00 0.00 0.00 0
19833 0.00 0.00 0.00 0
19834 0.00 0.00 0.00 0
19835 0.00 0.00 0.00 0
19836 0.00 0.00 0.00 0
19837 0.00 0.00 0.00 0
19838 0.00 0.00 0.00 0
19839 0.00 0.00 0.00 0
19840 0.00 0.00 0.00 0
19841 0.00 0.00 0.00 0
19842 0.00 0.00 0.00 0
19843 0.00 0.00 0.00 0
19844 0.00 0.00 0.00 0
19845 0.00 0.00 0.00 0
19868 0.00 0.00 0.00 0
19869 0.00 0.00 0.00 0
19870 0.00 0.00 0.00 0
19871 0.00 0.00 0.00 0
19872 0.00 0.00 0.00 0
19873 0.00 0.00 0.00 0
19874 0.00 0.00 0.00 0
19875 0.00 0.00 0.00 0
19876 0.00 0.00 0.00 0
19877 0.00 0.00 0.00 0
19878 0.00 0.00 0.00 0
19879 0.00 0.00 0.00 0
19880 0.00 0.00 0.00 0
19881 0.00 0.00 0.00 0
19882 0.00 0.00 0.00 0
19883 0.00 0.00 0.00 0
19884 0.00 0.00 0.00 0
19885 0.00 0.00 0.00 0
19886 0.00 0.00 0.00 0
19887 0.00 0.00 0.00 0
19888 0.00 0.00 0.00 0
19889 0.00 0.00 0.00 0
19890 0.00 0.00 0.00 0
19891 0.00 0.00 0.00 0
19892 0.00 0.00 0.00 0
19893 0.00 0.00 0.00 0
19896 0.00 0.00 0.00 0
19897 0.00 0.00 0.00 0
23062 0.00 0.00 0.00 0
23063 0.00 0.00 0.00 0
23064 0.00 0.00 0.00 0
23065 0.00 0.00 0.00 0
23066 0.00 0.00 0.00 0
23067 0.00 0.00 0.00 0
23068 0.00 0.00 0.00 0
23069 0.00 0.00 0.00 0
23070 0.00 0.00 0.00 0
23071 0.00 0.00 0.00 0
23072 0.00 0.00 0.00 0
23073 0.00 0.00 0.00 0
23074 0.00 0.00 0.00 0
23144 0.00 0.00 0.00 0
23145 0.00 0.00 0.00 0
23185 0.00 0.00 0.00 0
23186 0.00 0.00 0.00 0
23187 0.00 0.00 0.00 0
23188 0.00 0.00 0.00 0
23472 0.00 0.00 0.00 0
23473 0.00 0.00 0.00 0
23474 0.00 0.00 0.00 0
23482 0.00 0.00 0.00 0
23483 0.00 0.00 0.00 0
23484 0.00 0.00 0.00 0
23485 0.00 0.00 0.00 0
23704 0.00 0.00 0.00 0
23705 0.00 0.00 0.00 0
23706 0.00 0.00 0.00 0
23708 0.00 0.00 0.00 0
23709 0.00 0.00 0.00 0
23846 0.00 0.00 0.00 0
23847 0.00 0.00 0.00 0
23848 0.00 0.00 0.00 0
23849 0.00 0.00 0.00 0
23850 0.00 0.00 0.00 0
24552 0.00 0.00 0.00 0
24553 0.00 0.00 0.00 0
24554 0.00 0.00 0.00 0
24555 0.00 0.00 0.00 0
24556 0.00 0.00 0.00 0
24557 0.00 0.00 0.00 0
24558 0.00 0.00 0.00 0
24559 0.00 0.00 0.00 0
24560 0.00 0.00 0.00 0
24561 0.00 0.00 0.00 0
24562 0.00 0.00 0.00 0
24563 0.00 0.00 0.00 0
24564 0.00 0.00 0.00 0
24565 0.00 0.00 0.00 0
24567 0.00 0.00 0.00 0
24579 0.00 0.00 0.00 0
24580 0.00 0.00 0.00 0
24581 0.00 0.00 0.00 0
24582 0.00 0.00 0.00 0
24583 0.00 0.00 0.00 0
24584 0.00 0.00 0.00 0
24585 0.00 0.00 0.00 0
24586 0.00 0.00 0.00 0
24791 0.00 0.00 0.00 0
24792 0.00 0.00 0.00 0
24913 0.00 0.00 0.00 0
24914 0.00 0.00 0.00 0
24915 0.00 0.00 0.00 0
24916 0.00 0.00 0.00 0
24917 0.00 0.00 0.00 0
24918 0.00 0.00 0.00 0
24919 0.00 0.00 0.00 0
24920 0.00 0.00 0.00 0
24921 0.00 0.00 0.00 0
24922 0.00 0.00 0.00 0
24923 0.00 0.00 0.00 0
24924 0.00 0.00 0.00 0
24925 0.00 0.00 0.00 0
25602 0.00 0.00 0.00 0
25723 0.00 0.00 0.00 0
25724 0.00 0.00 0.00 0
25725 0.00 0.00 0.00 0
25726 0.00 0.00 0.00 0
25727 0.00 0.00 0.00 0
25728 0.00 0.00 0.00 0
25729 0.00 0.00 0.00 0
25730 0.00 0.00 0.00 0
25731 0.00 0.00 0.00 0
25732 0.00 0.00 0.00 0
25733 0.00 0.00 0.00 0
25808 0.00 0.00 0.00 0
25809 0.00 0.00 0.00 0
25810 0.00 0.00 0.00 0
25811 0.00 0.00 0.00 0
25812 0.00 0.00 0.00 0
25813 0.00 0.00 0.00 0
25814 0.00 0.00 0.00 0
25815 0.00 0.00 0.00 0
25817 0.00 0.00 0.00 0
25818 0.00 0.00 0.00 0
25819 0.00 0.00 0.00 0
25820 0.00 0.00 0.00 0
25821 0.00 0.00 0.00 0
25843 0.00 0.00 0.00 0
25845 0.00 0.00 0.00 0
25846 0.00 0.00 0.00 0
25848 0.00 0.00 0.00 0
25849 0.00 0.00 0.00 0
25850 0.00 0.00 0.00 0
25851 0.00 0.00 0.00 0
25852 0.00 0.00 0.00 0
25853 0.00 0.00 0.00 0
25854 0.00 0.00 0.00 0
25855 0.00 0.00 0.00 0
26456 0.00 0.00 0.00 0
26462 0.00 0.00 0.00 0
26463 0.00 0.00 0.00 0
26464 0.00 0.00 0.00 0
26465 0.00 0.00 0.00 0
26493 0.00 0.00 0.00 0
26857 0.00 0.00 0.00 0
26858 0.00 0.00 0.00 0
26859 0.00 0.00 0.00 0
26860 0.00 0.00 0.00 0
26861 0.00 0.00 0.00 0
26862 0.00 0.00 0.00 0
26863 0.00 0.00 0.00 0
26864 0.00 0.00 0.00 0
26865 0.00 0.00 0.00 0
26866 0.00 0.00 0.00 0
26867 0.00 0.00 0.00 0
26868 0.00 0.00 0.00 0
26869 0.00 0.00 0.00 0
26870 0.00 0.00 0.00 0
26871 0.00 0.00 0.00 0
26872 0.00 0.00 0.00 0
26873 0.00 0.00 0.00 0
26874 0.00 0.00 0.00 0
26875 0.00 0.00 0.00 0
26876 0.00 0.00 0.00 0
26877 0.00 0.00 0.00 0
26878 0.00 0.00 0.00 0
26879 0.00 0.00 0.00 0
26880 0.00 0.00 0.00 0
26881 0.00 0.00 0.00 0
26882 0.00 0.00 0.00 0
26883 0.00 0.00 0.00 0
26897 0.00 0.00 0.00 0
26898 0.00 0.00 0.00 0
26899 0.00 0.00 0.00 0
26900 0.00 0.00 0.00 0
26901 0.00 0.00 0.00 0
26902 0.00 0.00 0.00 0
26903 0.00 0.00 0.00 0
26904 0.00 0.00 0.00 0
26905 0.00 0.00 0.00 0
26906 0.00 0.00 0.00 0
26907 0.00 0.00 0.00 0
26908 0.00 0.00 0.00 0
26909 0.00 0.00 0.00 0
26912 0.00 0.00 0.00 0
26913 0.00 0.00 0.00 0
26914 0.00 0.00 0.00 0
26915 0.00 0.00 0.00 0
28856 0.00 0.00 0.00 0
28857 0.00 0.00 0.00 0
28858 0.00 0.00 0.00 0
28859 0.00 0.00 0.00 0
28860 0.00 0.00 0.00 0
28861 0.00 0.00 0.00 0
28862 0.00 0.00 0.00 0
28863 0.00 0.00 0.00 0
28864 0.00 0.00 0.00 0
28865 0.00 0.00 0.00 0
28866 0.00 0.00 0.00 0
28867 0.00 0.00 0.00 0
28868 0.00 0.00 0.00 0
28869 0.00 0.00 0.00 0
28870 0.00 0.00 0.00 0
28876 0.00 0.00 0.00 0
28877 0.00 0.00 0.00 0
28878 0.00 0.00 0.00 0
28879 0.00 0.00 0.00 0
28880 0.00 0.00 0.00 0
28881 0.00 0.00 0.00 0
28882 0.00 0.00 0.00 0
29041 0.00 0.00 0.00 0
29042 0.00 0.00 0.00 0
29043 0.00 0.00 0.00 0
29137 0.00 0.00 0.00 0
29138 0.00 0.00 0.00 0
29139 0.00 0.00 0.00 0
29140 0.00 0.00 0.00 0
29141 0.00 0.00 0.00 0
29142 0.00 0.00 0.00 0
29143 0.00 0.00 0.00 0
29144 0.00 0.00 0.00 0
29145 0.00 0.00 0.00 0
29146 0.00 0.00 0.00 0
29767 0.00 0.00 0.00 0
29769 0.00 0.00 0.00 0
29770 0.00 0.00 0.00 0
29831 0.00 0.00 0.00 0
29832 0.00 0.00 0.00 0
29833 0.00 0.00 0.00 0
29834 0.00 0.00 0.00 0
29835 0.00 0.00 0.00 0
29836 0.00 0.00 0.00 0
29837 0.00 0.00 0.00 0
29838 0.00 0.00 0.00 0
29839 0.00 0.00 0.00 0
29860 0.00 0.00 0.00 0
29861 0.00 0.00 0.00 0
29862 0.00 0.00 0.00 0
29863 0.00 0.00 0.00 0
29864 0.00 0.00 0.00 0
29866 0.00 0.00 0.00 0
29867 0.00 0.00 0.00 0
29868 0.00 0.00 0.00 0
30349 0.00 0.00 0.00 0
30351 0.00 0.00 0.00 0
30649 0.00 0.00 0.00 0
30650 0.00 0.00 0.00 0
30651 0.00 0.00 0.00 0
30652 0.00 0.00 0.00 0
30655 0.00 0.00 0.00 0
30656 0.00 0.00 0.00 0
30658 0.00 0.00 0.00 0
30659 0.00 0.00 0.00 0
30660 0.00 0.00 0.00 0
30661 0.00 0.00 0.00 0
30666 0.00 0.00 0.00 0
30680 0.00 0.00 0.00 0
30681 0.00 0.00 0.00 0
30682 0.00 0.00 0.00 0
30683 0.00 0.00 0.00 0
30684 0.00 0.00 0.00 0
30685 0.00 0.00 0.00 0
30686 0.00 0.00 0.00 0
30687 0.00 0.00 0.00 0
30688 0.00 0.00 0.00 0
30689 0.00 0.00 0.00 0
30690 0.00 0.00 0.00 0
32316 0.00 0.00 0.00 0
32322 0.00 0.00 0.00 0
32323 0.00 0.00 0.00 0
32324 0.00 0.00 0.00 0
32325 0.00 0.00 0.00 0
32326 0.00 0.00 0.00 0
32327 0.00 0.00 0.00 0
32328 0.00 0.00 0.00 0
32329 0.00 0.00 0.00 0
32330 0.00 0.00 0.00 0
32331 0.00 0.00 0.00 0
32332 0.00 0.00 0.00 0
32333 0.00 0.00 0.00 0
32334 0.00 0.00 0.00 0
32335 0.00 0.00 0.00 0
32336 0.00 0.00 0.00 0
32337 0.00 0.00 0.00 0
32338 0.00 0.00 0.00 0
32339 0.00 0.00 0.00 0
32340 0.00 0.00 0.00 0
32342 0.00 0.00 0.00 0
32343 0.00 0.00 0.00 0
32344 0.00 0.00 0.00 0
32345 0.00 0.00 0.00 0
32346 0.00 0.00 0.00 0
32347 0.00 0.00 0.00 0
32348 0.00 0.00 0.00 0
32382 0.00 0.00 0.00 0
32811 0.00 0.00 0.00 0
32812 0.00 0.00 0.00 0
32813 0.00 0.00 0.00 0
32814 0.00 0.00 0.00 0
32815 0.00 0.00 0.00 0
32816 0.00 0.00 0.00 0
33075 0.00 0.00 0.00 0
33076 0.00 0.00 0.00 0
33077 0.00 0.00 0.00 0
33078 0.00 0.00 0.00 0
33079 0.00 0.00 0.00 0
33080 0.00 0.00 0.00 0
33081 0.00 0.00 0.00 0
33082 0.00 0.00 0.00 0
33083 0.00 0.00 0.00 0
33084 0.00 0.00 0.00 0
33085 0.00 0.00 0.00 0
33086 0.00 0.00 0.00 0
33087 0.00 0.00 0.00 0
33088 0.00 0.00 0.00 0
33089 0.00 0.00 0.00 0
33090 0.00 0.00 0.00 0
33091 0.00 0.00 0.00 0
33092 0.00 0.00 0.00 0
33093 0.00 0.00 0.00 0
33094 0.00 0.00 0.00 0
33095 0.00 0.00 0.00 0
33096 0.00 0.00 0.00 0
33097 0.00 0.00 0.00 0
33102 0.00 0.00 0.00 0
33105 0.00 0.00 0.00 0
34524 0.00 0.00 0.00 0
34771 0.00 0.00 0.00 0
34772 0.00 0.00 0.00 0
34773 0.00 0.00 0.00 0
34774 0.00 0.00 0.00 0
34775 0.00 0.00 0.00 0
34776 0.00 0.00 0.00 0
34777 0.00 0.00 0.00 0
34778 0.00 0.00 0.00 0
34779 0.00 0.00 0.00 0
34780 0.00 0.00 0.00 0
34781 0.00 0.00 0.00 0
34782 0.00 0.00 0.00 0
34783 0.00 0.00 0.00 0
34784 0.00 0.00 0.00 0
34785 0.00 0.00 0.00 0
34786 0.00 0.00 0.00 0
34787 0.00 0.00 0.00 0
34788 0.00 0.00 0.00 0
34789 0.00 0.00 0.00 0
34790 0.00 0.00 0.00 0
34791 0.00 0.00 0.00 0
34792 0.00 0.00 0.00 0
34793 0.00 0.00 0.00 0
34794 0.00 0.00 0.00 0
34795 0.00 0.00 0.00 0
34796 0.00 0.00 0.00 0
34797 0.00 0.00 0.00 0
34949 0.00 0.00 0.00 0
34950 0.00 0.00 0.00 0
34964 0.00 0.00 0.00 0
34965 0.00 0.00 0.00 0
34966 0.00 0.00 0.00 0
34967 0.00 0.00 0.00 0
34968 0.00 0.00 0.00 0
34969 0.00 0.00 0.00 0
34970 0.00 0.00 0.00 0
34971 0.00 0.00 0.00 0
34972 0.00 0.00 0.00 0
34975 0.00 0.00 0.00 0
34978 0.00 0.00 0.00 0
34979 0.00 0.00 0.00 0
34980 0.00 0.00 0.00 0
34981 0.00 0.00 0.00 0
34982 0.00 0.00 0.00 0
35028 0.00 0.00 0.00 0
35029 0.00 0.00 0.00 0
35030 0.00 0.00 0.00 0
35031 0.00 0.00 0.00 0
35032 0.00 0.00 0.00 0
36261 0.00 0.00 0.00 0
36262 0.00 0.00 0.00 0
36263 0.00 0.00 0.00 0
36264 0.00 0.00 0.00 0
36267 0.00 0.00 0.00 0
36268 0.00 0.00 0.00 0
36269 0.00 0.00 0.00 0
36270 0.00 0.00 0.00 0
36271 0.00 0.00 0.00 0
36272 0.00 0.00 0.00 0
36273 0.00 0.00 0.00 0
36274 0.00 0.00 0.00 0
36275 0.00 0.00 0.00 0
36276 0.00 0.00 0.00 0
36277 0.00 0.00 0.00 0
36278 0.00 0.00 0.00 0
36330 0.00 0.00 0.00 0
36333 0.00 0.00 0.00 0
36335 0.00 0.00 0.00 0
36336 0.00 0.00 0.00 0
37069 0.00 0.00 0.00 0
37070 0.00 0.00 0.00 0
37071 0.00 0.00 0.00 0
37072 0.00 0.00 0.00 0
37073 0.00 0.00 0.00 0
37074 0.00 0.00 0.00 0
37075 0.00 0.00 0.00 0
37076 0.00 0.00 0.00 0
37077 0.00 0.00 0.00 0
37078 0.00 0.00 0.00 0
37079 0.00 0.00 0.00 0
37080 0.00 0.00 0.00 0
37081 0.00 0.00 0.00 0
37082 0.00 0.00 0.00 0
37083 0.00 0.00 0.00 0
37084 0.00 0.00 0.00 0
37085 0.00 0.00 0.00 0
37086 0.00 0.00 0.00 0
37087 0.00 0.00 0.00 0
37088 0.00 0.00 0.00 0
37089 0.00 0.00 0.00 0
37090 0.00 0.00 0.00 0
37091 0.00 0.00 0.00 0
37092 0.00 0.00 0.00 0
37093 0.00 0.00 0.00 0
37094 0.00 0.00 0.00 0
37095 0.00 0.00 0.00 0
37104 0.00 0.00 0.00 0
37105 0.00 0.00 0.00 0
37106 0.00 0.00 0.00 0
37107 0.00 0.00 0.00 0
37108 0.00 0.00 0.00 0
37109 0.00 0.00 0.00 0
37110 0.00 0.00 0.00 0
37111 0.00 0.00 0.00 0
37112 0.00 0.00 0.00 0
37113 0.00 0.00 0.00 0
37114 0.00 0.00 0.00 0
37115 0.00 0.00 0.00 0
37116 0.00 0.00 0.00 0
37117 0.00 0.00 0.00 0
37118 0.00 0.00 0.00 0
37119 0.00 0.00 0.00 0
37120 0.00 0.00 0.00 0
37121 0.00 0.00 0.00 0
37122 0.00 0.00 0.00 0
37123 0.00 0.00 0.00 0
37150 0.00 0.00 0.00 0
37151 0.00 0.00 0.00 0
37152 0.00 0.00 0.00 0
37153 0.00 0.00 0.00 0
37154 0.00 0.00 0.00 0
37155 0.00 0.00 0.00 0
37156 0.00 0.00 0.00 0
37157 0.00 0.00 0.00 0
37158 0.00 0.00 0.00 0
37159 0.00 0.00 0.00 0
37160 0.00 0.00 0.00 0
37161 0.00 0.00 0.00 0
37162 0.00 0.00 0.00 0
37163 0.00 0.00 0.00 0
37164 0.00 0.00 0.00 0
37165 0.00 0.00 0.00 0
37166 0.00 0.00 0.00 0
37167 0.00 0.00 0.00 0
37168 0.00 0.00 0.00 0
37169 0.00 0.00 0.00 0
37170 0.00 0.00 0.00 0
37171 0.00 0.00 0.00 0
37172 0.00 0.00 0.00 0
37173 0.00 0.00 0.00 0
37174 0.00 0.00 0.00 0
37175 0.00 0.00 0.00 0
37177 0.00 0.00 0.00 0
37178 0.00 0.00 0.00 0
37179 0.00 0.00 0.00 0
37180 0.00 0.00 0.00 0
37181 0.00 0.00 0.00 0
37182 0.00 0.00 0.00 0
37183 0.00 0.00 0.00 0
37184 0.00 0.00 0.00 0
37185 0.00 0.00 0.00 0
40972 0.00 0.00 0.00 0
40973 0.00 0.00 0.00 0
40974 0.00 0.00 0.00 0
40975 0.00 0.00 0.00 0
40976 0.00 0.00 0.00 0
40977 0.00 0.00 0.00 0
40978 0.00 0.00 0.00 0
41018 0.00 0.00 0.00 0
41019 0.00 0.00 0.00 0
41041 0.00 0.00 0.00 0
41042 0.00 0.00 0.00 0
41200 0.00 0.00 0.00 0
41201 0.00 0.00 0.00 0
41202 0.00 0.00 0.00 0
41203 0.00 0.00 0.00 0
41204 0.00 0.00 0.00 0
41205 0.00 0.00 0.00 0
41206 0.00 0.00 0.00 0
41207 0.00 0.00 0.00 0
41215 0.00 0.00 0.00 0
41217 0.00 0.00 0.00 0
41218 0.00 0.00 0.00 0
41408 0.00 0.00 0.00 0
41409 0.00 0.00 0.00 0
41410 0.00 0.00 0.00 0
41800 0.00 0.00 0.00 0
41801 0.00 0.00 0.00 0
41802 0.00 0.00 0.00 0
41803 0.00 0.00 0.00 0
41804 0.00 0.00 0.00 0
41805 0.00 0.00 0.00 0
41806 0.00 0.00 0.00 0
41807 0.00 0.00 0.00 0
41815 0.00 0.00 0.00 0
41816 0.00 0.00 0.00 0
41817 0.00 0.00 0.00 0
41818 0.00 0.00 0.00 0
41930 0.00 0.00 0.00 0
41931 0.00 0.00 0.00 0
41932 0.00 0.00 0.00 0
41933 0.00 0.00 0.00 0
41934 0.00 0.00 0.00 0
42001 0.00 0.00 0.00 0
42002 0.00 0.00 0.00 0
42003 0.00 0.00 0.00 0
42004 0.00 0.00 0.00 0
42005 0.00 0.00 0.00 0
42006 0.00 0.00 0.00 0
42007 0.00 0.00 0.00 0
42498 0.00 0.00 0.00 0
42499 0.00 0.00 0.00 0
42500 0.00 0.00 0.00 0
42501 0.00 0.00 0.00 0
42502 0.00 0.00 0.00 0
42517 0.00 0.00 0.00 0
42518 0.00 0.00 0.00 0
42519 0.00 0.00 0.00 0
42520 0.00 0.00 0.00 0
42521 0.00 0.00 0.00 0
42522 0.00 0.00 0.00 0
42523 0.00 0.00 0.00 0
42524 0.00 0.00 0.00 0
43083 0.00 0.00 0.00 0
43084 0.00 0.00 0.00 0
43085 0.00 0.00 0.00 0
43086 0.00 0.00 0.00 0
43087 0.00 0.00 0.00 0
43088 0.00 0.00 0.00 0
43089 0.00 0.00 0.00 0
43090 0.00 0.00 0.00 0
43103 0.00 0.00 0.00 0
43104 0.00 0.00 0.00 0
43105 0.00 0.00 0.00 0
43106 0.00 0.00 0.00 0
43107 0.00 0.00 0.00 0
43108 0.00 0.00 0.00 0
43109 0.00 0.00 0.00 0
43110 0.00 0.00 0.00 0
44197 0.00 0.00 0.00 0
44198 0.00 0.00 0.00 0
44199 0.00 0.00 0.00 0
44200 0.00 0.00 0.00 0
44201 0.00 0.00 0.00 0
44202 0.00 0.00 0.00 0
44203 0.00 0.00 0.00 0
44204 0.00 0.00 0.00 0
44205 0.00 0.00 0.00 0
44206 0.00 0.00 0.00 0
44207 0.00 0.00 0.00 0
44208 0.00 0.00 0.00 0
44209 0.00 0.00 0.00 0
44210 0.00 0.00 0.00 0
44211 0.00 0.00 0.00 0
44212 0.00 0.00 0.00 0
44213 0.00 0.00 0.00 0
44214 0.00 0.00 0.00 0
44215 0.00 0.00 0.00 0
44216 0.00 0.00 0.00 0
44217 0.00 0.00 0.00 0
44218 0.00 0.00 0.00 0
44330 0.00 0.00 0.00 0
44331 0.00 0.00 0.00 0
44332 0.00 0.00 0.00 0
44333 0.00 0.00 0.00 0
44334 0.00 0.00 0.00 0
44401 0.00 0.00 0.00 0
44402 0.00 0.00 0.00 0
44403 0.00 0.00 0.00 0
44404 0.00 0.00 0.00 0
44405 0.00 0.00 0.00 0
44406 0.00 0.00 0.00 0
44407 0.00 0.00 0.00 0
44880 0.00 0.00 0.00 0
44881 0.00 0.00 0.00 0
44882 0.00 0.00 0.00 0
44896 0.00 0.00 0.00 0
44897 0.00 0.00 0.00 0
44898 0.00 0.00 0.00 0
44899 0.00 0.00 0.00 0
44900 0.00 0.00 0.00 0
44901 0.00 0.00 0.00 0
44902 0.00 0.00 0.00 0
45265 0.00 0.00 0.00 0
45266 0.00 0.00 0.00 0
45267 0.00 0.00 0.00 0
45268 0.00 0.00 0.00 0
45274 0.00 0.00 0.00 0
45503 0.00 0.00 0.00 0
45504 0.00 0.00 0.00 0
45505 0.00 0.00 0.00 0
45506 0.00 0.00 0.00 0
45507 0.00 0.00 0.00 0
45508 0.00 0.00 0.00 0
45509 0.00 0.00 0.00 0
45510 0.00 0.00 0.00 0
46682 0.00 0.00 0.00 0
46683 0.00 0.00 0.00 0
46684 0.00 0.00 0.00 0
46685 0.00 0.00 0.00 0
46686 0.00 0.00 0.00 0
46687 0.00 0.00 0.00 0
46688 0.00 0.00 0.00 0
46689 0.00 0.00 0.00 0
46690 0.00 0.00 0.00 0
46691 0.00 0.00 0.00 0
46692 0.00 0.00 0.00 0
46693 0.00 0.00 0.00 0
46694 0.00 0.00 0.00 0
46695 0.00 0.00 0.00 0
46696 0.00 0.00 0.00 0
46697 0.00 0.00 0.00 0
46698 0.00 0.00 0.00 0
46699 0.00 0.00 0.00 0
46700 0.00 0.00 0.00 0
46701 0.00 0.00 0.00 0
46702 0.00 0.00 0.00 0
46703 0.00 0.00 0.00 0
46704 0.00 0.00 0.00 0
46705 0.00 0.00 0.00 0
46725 0.00 0.00 0.00 0
46734 0.00 0.00 0.00 0
46735 0.00 0.00 0.00 0
46736 0.00 0.00 0.00 0
46737 0.00 0.00 0.00 0
46738 0.00 0.00 0.00 0
47075 0.00 0.00 0.00 0
47076 0.00 0.00 0.00 0
47077 0.00 0.00 0.00 0
47078 0.00 0.00 0.00 0
47079 0.00 0.00 0.00 0
47281 0.00 0.00 0.00 0
47282 0.00 0.00 0.00 0
47283 0.00 0.00 0.00 0
47284 0.00 0.00 0.00 0
47285 0.00 0.00 0.00 0
47286 0.00 0.00 0.00 0
47287 0.00 0.00 0.00 0
47288 0.00 0.00 0.00 0
47289 0.00 0.00 0.00 0
47290 0.00 0.00 0.00 0
47291 0.00 0.00 0.00 0
47292 0.00 0.00 0.00 0
47293 0.00 0.00 0.00 0
47294 0.00 0.00 0.00 0
47295 0.00 0.00 0.00 0
47296 0.00 0.00 0.00 0
47297 0.00 0.00 0.00 0
47298 0.00 0.00 0.00 0
47299 0.00 0.00 0.00 0
47300 0.00 0.00 0.00 0
47301 0.00 0.00 0.00 0
47302 0.00 0.00 0.00 0
48425 0.00 0.00 0.00 0
48427 0.00 0.00 0.00 0
48428 0.00 0.00 0.00 0
48429 0.00 0.00 0.00 0
48631 0.00 0.00 0.00 0
48632 0.00 0.00 0.00 0
48633 0.00 0.00 0.00 0
48634 0.00 0.00 0.00 0
48635 0.00 0.00 0.00 0
48636 0.00 0.00 0.00 0
48637 0.00 0.00 0.00 0
48638 0.00 0.00 0.00 0
48639 0.00 0.00 0.00 0
48640 0.00 0.00 0.00 0
48641 0.00 0.00 0.00 0
48642 0.00 0.00 0.00 0
48643 0.00 0.00 0.00 0
48644 0.00 0.00 0.00 0
48645 0.00 0.00 0.00 0
48646 0.00 0.00 0.00 0
48647 0.00 0.00 0.00 0
48649 0.00 0.00 0.00 0
48773 0.00 0.00 0.00 0
48774 0.00 0.00 0.00 0
48775 0.00 0.00 0.00 0
48776 0.00 0.00 0.00 0
48777 0.00 0.00 0.00 0
48778 0.00 0.00 0.00 0
48779 0.00 0.00 0.00 0
48780 0.00 0.00 0.00 0
48782 0.00 0.00 0.00 0
48788 0.00 0.00 0.00 0
48789 0.00 0.00 0.00 0
48790 0.00 0.00 0.00 0
48791 0.00 0.00 0.00 0
48792 0.00 0.00 0.00 0
48793 0.00 0.00 0.00 0
48794 0.00 0.00 0.00 0
48795 0.00 0.00 0.00 0
48840 0.00 0.00 0.00 0
48841 0.00 0.00 0.00 0
48842 0.00 0.00 0.00 0
48843 0.00 0.00 0.00 0
48844 0.00 0.00 0.00 0
48845 0.00 0.00 0.00 0
48846 0.00 0.00 0.00 0
48847 0.00 0.00 0.00 0
48848 0.00 0.00 0.00 0
48849 0.00 0.00 0.00 0
49850 0.00 0.00 0.00 0
49851 0.00 0.00 0.00 0
49852 0.00 0.00 0.00 0
49853 0.00 0.00 0.00 0
49854 0.00 0.00 0.00 0
49858 0.00 0.00 0.00 0
49859 0.00 0.00 0.00 0
49860 0.00 0.00 0.00 0
49861 0.00 0.00 0.00 0
49862 0.00 0.00 0.00 0
49863 0.00 0.00 0.00 0
49864 0.00 0.00 0.00 0
49913 0.00 0.00 0.00 0
49914 0.00 0.00 0.00 0
50521 0.00 0.00 0.00 0
50522 0.00 0.00 0.00 0
50523 0.00 0.00 0.00 0
50524 0.00 0.00 0.00 0
50525 0.00 0.00 0.00 0
50526 0.00 0.00 0.00 0
50527 0.00 0.00 0.00 0
50528 0.00 0.00 0.00 0
50529 0.00 0.00 0.00 0
50530 0.00 0.00 0.00 0
50531 0.00 0.00 0.00 0
50532 0.00 0.00 0.00 0
50533 0.00 0.00 0.00 0
50534 0.00 0.00 0.00 0
50535 0.00 0.00 0.00 0
50536 0.00 0.00 0.00 0
50537 0.00 0.00 0.00 0
50538 0.00 0.00 0.00 0
50539 0.00 0.00 0.00 0
50540 0.00 0.00 0.00 0
50541 0.00 0.00 0.00 0
50542 0.00 0.00 0.00 0
50543 0.00 0.00 0.00 0
50544 0.00 0.00 0.00 0
50545 0.00 0.00 0.00 0
50551 0.00 0.00 0.00 0
50552 0.00 0.00 0.00 0
50553 0.00 0.00 0.00 0
50554 0.00 0.00 0.00 0
50555 0.00 0.00 0.00 0
50556 0.00 0.00 0.00 0
50557 0.00 0.00 0.00 0
50558 0.00 0.00 0.00 0
50559 0.00 0.00 0.00 0
50560 0.00 0.00 0.00 0
50561 0.00 0.00 0.00 0
50562 0.00 0.00 0.00 0
50563 0.00 0.00 0.00 0
50564 0.00 0.00 0.00 0
50565 0.00 0.00 0.00 0
50566 0.00 0.00 0.00 0
50588 0.00 0.00 0.00 0
50589 0.00 0.00 0.00 0
50590 0.00 0.00 0.00 0
50591 0.00 0.00 0.00 0
50592 0.00 0.00 0.00 0
50593 0.00 0.00 0.00 0
50594 0.00 0.00 0.00 0
50595 0.00 0.00 0.00 0
50596 0.00 0.00 0.00 0
50597 0.00 0.00 0.00 0
50598 0.00 0.00 0.00 0
50599 0.00 0.00 0.00 0
50600 0.00 0.00 0.00 0
50601 0.00 0.00 0.00 0
50602 0.00 0.00 0.00 0
50603 0.00 0.00 0.00 0
50604 0.00 0.00 0.00 0
50605 0.00 0.00 0.00 0
50606 0.00 0.00 0.00 0
50607 0.00 0.00 0.00 0
50608 0.00 0.00 0.00 0
50609 0.00 0.00 0.00 0
50610 0.00 0.00 0.00 0
50611 0.00 0.00 0.00 0
50612 0.00 0.00 0.00 0
50613 0.00 0.00 0.00 0
50614 0.00 0.00 0.00 0
50615 0.00 0.00 0.00 0
50616 0.00 0.00 0.00 0
50617 0.00 0.00 0.00 0
53797 0.00 0.00 0.00 0
53798 0.00 0.00 0.00 0
53799 0.00 0.00 0.00 0
53800 0.00 0.00 0.00 0
53801 0.00 0.00 0.00 0
53802 0.00 0.00 0.00 0
53803 0.00 0.00 0.00 0
53804 0.00 0.00 0.00 0
53805 0.00 0.00 0.00 0
53806 0.00 0.00 0.00 0
53807 0.00 0.00 0.00 0
53808 0.00 0.00 0.00 0
53809 0.00 0.00 0.00 0
53810 0.00 0.00 0.00 0
53811 0.00 0.00 0.00 0
53812 0.00 0.00 0.00 0
53813 0.00 0.00 0.00 0
53814 0.00 0.00 0.00 0
53815 0.00 0.00 0.00 0
53816 0.00 0.00 0.00 0
53817 0.00 0.00 0.00 0
53818 0.00 0.00 0.00 0
53930 0.00 0.00 0.00 0
53931 0.00 0.00 0.00 0
53932 0.00 0.00 0.00 0
53933 0.00 0.00 0.00 0
53934 0.00 0.00 0.00 0
54001 0.00 0.00 0.00 0
54002 0.00 0.00 0.00 0
54003 0.00 0.00 0.00 0
54004 0.00 0.00 0.00 0
54005 0.00 0.00 0.00 0
54006 0.00 0.00 0.00 0
54007 0.00 0.00 0.00 0
54480 0.00 0.00 0.00 0
54481 0.00 0.00 0.00 0
54482 0.00 0.00 0.00 0
54495 0.00 0.00 0.00 0
54496 0.00 0.00 0.00 0
54497 0.00 0.00 0.00 0
54498 0.00 0.00 0.00 0
54499 0.00 0.00 0.00 0
54500 0.00 0.00 0.00 0
54501 0.00 0.00 0.00 0
54502 0.00 0.00 0.00 0
54535 0.00 0.00 0.00 0
54865 0.00 0.00 0.00 0
54866 0.00 0.00 0.00 0
54867 0.00 0.00 0.00 0
55103 0.00 0.00 0.00 0
55104 0.00 0.00 0.00 0
55105 0.00 0.00 0.00 0
55106 0.00 0.00 0.00 0
55107 0.00 0.00 0.00 0
55108 0.00 0.00 0.00 0
55109 0.00 0.00 0.00 0
55110 0.00 0.00 0.00 0
56280 0.00 0.00 0.00 0
56281 0.00 0.00 0.00 0
56282 0.00 0.00 0.00 0
56283 0.00 0.00 0.00 0
56284 0.00 0.00 0.00 0
56285 0.00 0.00 0.00 0
56286 0.00 0.00 0.00 0
56287 0.00 0.00 0.00 0
56288 0.00 0.00 0.00 0
56289 0.00 0.00 0.00 0
56290 0.00 0.00 0.00 0
56291 0.00 0.00 0.00 0
56292 0.00 0.00 0.00 0
56293 0.00 0.00 0.00 0
56294 0.00 0.00 0.00 0
56295 0.00 0.00 0.00 0
56296 0.00 0.00 0.00 0
56297 0.00 0.00 0.00 0
56298 0.00 0.00 0.00 0
56299 0.00 0.00 0.00 0
56300 0.00 0.00 0.00 0
56301 0.00 0.00 0.00 0
56302 0.00 0.00 0.00 0
56325 0.00 0.00 0.00 0
56326 0.00 0.00 0.00 0
56327 0.00 0.00 0.00 0
56328 0.00 0.00 0.00 0
56329 0.00 0.00 0.00 0
56330 0.00 0.00 0.00 0
56331 0.00 0.00 0.00 0
56332 0.00 0.00 0.00 0
56333 0.00 0.00 0.00 0
56334 0.00 0.00 0.00 0
56335 0.00 0.00 0.00 0
56336 0.00 0.00 0.00 0
56337 0.00 0.00 0.00 0
56338 0.00 0.00 0.00 0
56665 0.00 0.00 0.00 0
56667 0.00 0.00 0.00 0
56668 0.00 0.00 0.00 0
56669 0.00 0.00 0.00 0
56675 0.00 0.00 0.00 0
56676 0.00 0.00 0.00 0
56677 0.00 0.00 0.00 0
56678 0.00 0.00 0.00 0
56679 0.00 0.00 0.00 0
56881 0.00 0.00 0.00 0
56882 0.00 0.00 0.00 0
56883 0.00 0.00 0.00 0
56884 0.00 0.00 0.00 0
56885 0.00 0.00 0.00 0
56886 0.00 0.00 0.00 0
56887 0.00 0.00 0.00 0
56888 0.00 0.00 0.00 0
56889 0.00 0.00 0.00 0
56890 0.00 0.00 0.00 0
56891 0.00 0.00 0.00 0
56892 0.00 0.00 0.00 0
56893 0.00 0.00 0.00 0
56894 0.00 0.00 0.00 0
56895 0.00 0.00 0.00 0
56896 0.00 0.00 0.00 0
56897 0.00 0.00 0.00 0
56898 0.00 0.00 0.00 0
56899 0.00 0.00 0.00 0
56900 0.00 0.00 0.00 0
56901 0.00 0.00 0.00 0
56902 0.00 0.00 0.00 0
58027 0.00 0.00 0.00 0
58028 0.00 0.00 0.00 0
58029 0.00 0.00 0.00 0
58231 0.00 0.00 0.00 0
58232 0.00 0.00 0.00 0
58233 0.00 0.00 0.00 0
58234 0.00 0.00 0.00 0
58235 0.00 0.00 0.00 0
58236 0.00 0.00 0.00 0
58237 0.00 0.00 0.00 0
58238 0.00 0.00 0.00 0
58239 0.00 0.00 0.00 0
58240 0.00 0.00 0.00 0
58242 0.00 0.00 0.00 0
58243 0.00 0.00 0.00 0
58244 0.00 0.00 0.00 0
58245 0.00 0.00 0.00 0
58246 0.00 0.00 0.00 0
58247 0.00 0.00 0.00 0
58373 0.00 0.00 0.00 0
58374 0.00 0.00 0.00 0
58375 0.00 0.00 0.00 0
58376 0.00 0.00 0.00 0
58377 0.00 0.00 0.00 0
58378 0.00 0.00 0.00 0
58379 0.00 0.00 0.00 0
58380 0.00 0.00 0.00 0
58381 0.00 0.00 0.00 0
58382 0.00 0.00 0.00 0
58383 0.00 0.00 0.00 0
58384 0.00 0.00 0.00 0
58385 0.00 0.00 0.00 0
58386 0.00 0.00 0.00 0
58388 0.00 0.00 0.00 0
58389 0.00 0.00 0.00 0
58390 0.00 0.00 0.00 0
58392 0.00 0.00 0.00 0
58393 0.00 0.00 0.00 0
58394 0.00 0.00 0.00 0
58395 0.00 0.00 0.00 0
58432 0.00 0.00 0.00 0
58433 0.00 0.00 0.00 0
58434 0.00 0.00 0.00 0
58435 0.00 0.00 0.00 0
58436 0.00 0.00 0.00 0
58437 0.00 0.00 0.00 0
58438 0.00 0.00 0.00 0
58439 0.00 0.00 0.00 0
58440 0.00 0.00 0.00 0
58441 0.00 0.00 0.00 0
58442 0.00 0.00 0.00 0
58443 0.00 0.00 0.00 0
58444 0.00 0.00 0.00 0
58445 0.00 0.00 0.00 0
58446 0.00 0.00 0.00 0
58447 0.00 0.00 0.00 0
58448 0.00 0.00 0.00 0
58449 0.00 0.00 0.00 0
58450 0.00 0.00 0.00 0
58451 0.00 0.00 0.00 0
59453 0.00 0.00 0.00 0
59461 0.00 0.00 0.00 0
59462 0.00 0.00 0.00 0
59463 0.00 0.00 0.00 0
59464 0.00 0.00 0.00 0
59466 0.00 0.00 0.00 0
59467 0.00 0.00 0.00 0
59468 0.00 0.00 0.00 0
59469 0.00 0.00 0.00 0
60121 0.00 0.00 0.00 0
60123 0.00 0.00 0.00 0
60124 0.00 0.00 0.00 0
60125 0.00 0.00 0.00 0
60126 0.00 0.00 0.00 0
60127 0.00 0.00 0.00 0
60128 0.00 0.00 0.00 0
60129 0.00 0.00 0.00 0
60130 0.00 0.00 0.00 0
60131 0.00 0.00 0.00 0
60132 0.00 0.00 0.00 0
60133 0.00 0.00 0.00 0
60134 0.00 0.00 0.00 0
60135 0.00 0.00 0.00 0
60136 0.00 0.00 0.00 0
60137 0.00 0.00 0.00 0
60138 0.00 0.00 0.00 0
60139 0.00 0.00 0.00 0
60140 0.00 0.00 0.00 0
60141 0.00 0.00 0.00 0
60142 0.00 0.00 0.00 0
60143 0.00 0.00 0.00 0
60144 0.00 0.00 0.00 0
60145 0.00 0.00 0.00 0
60146 0.00 0.00 0.00 0
60147 0.00 0.00 0.00 0
60148 0.00 0.00 0.00 0
60149 0.00 0.00 0.00 0
60150 0.00 0.00 0.00 0
60151 0.00 0.00 0.00 0
60152 0.00 0.00 0.00 0
60153 0.00 0.00 0.00 0
60154 0.00 0.00 0.00 0
60155 0.00 0.00 0.00 0
60156 0.00 0.00 0.00 0
60157 0.00 0.00 0.00 0
60158 0.00 0.00 0.00 0
60159 0.00 0.00 0.00 0
60160 0.00 0.00 0.00 0
60161 0.00 0.00 0.00 0
60162 0.00 0.00 0.00 0
60163 0.00 0.00 0.00 0
60164 0.00 0.00 0.00 0
60165 0.00 0.00 0.00 0
60188 0.00 0.00 0.00 0
60189 0.00 0.00 0.00 0
60190 0.00 0.00 0.00 0
60191 0.00 0.00 0.00 0
60192 0.00 0.00 0.00 0
60193 0.00 0.00 0.00 0
60194 0.00 0.00 0.00 0
60195 0.00 0.00 0.00 0
60196 0.00 0.00 0.00 0
60197 0.00 0.00 0.00 0
60198 0.00 0.00 0.00 0
60199 0.00 0.00 0.00 0
60200 0.00 0.00 0.00 0
60201 0.00 0.00 0.00 0
60202 0.00 0.00 0.00 0
60203 0.00 0.00 0.00 0
60204 0.00 0.00 0.00 0
60205 0.00 0.00 0.00 0
60206 0.00 0.00 0.00 0
60207 0.00 0.00 0.00 0
60215 0.00 0.00 0.00 0
60217 0.00 0.00 0.00 0
60218 0.00 0.00 0.00 0
63479 0.00 0.00 0.00 0
63480 0.00 0.00 0.00 0
63481 0.00 0.00 0.00 0
63482 0.00 0.00 0.00 0
63483 0.00 0.00 0.00 0
63484 0.00 0.00 0.00 0
63485 0.00 0.00 0.00 0
63486 0.00 0.00 0.00 0
63487 0.00 0.00 0.00 0
63488 0.00 0.00 0.00 0
63489 0.00 0.00 0.00 0
63490 0.00 0.00 0.00 0
63491 0.00 0.00 0.00 0
63492 0.00 0.00 0.00 0
63493 0.00 0.00 0.00 0
63494 0.00 0.00 0.00 0
63495 0.00 0.00 0.00 0
63496 0.00 0.00 0.00 0
63497 0.00 0.00 0.00 0
63498 0.00 0.00 0.00 0
63499 0.00 0.00 0.00 0
63500 0.00 0.00 0.00 0
63501 0.00 0.00 0.00 0
63502 0.00 0.00 0.00 0
63503 0.00 0.00 0.00 0
63504 0.00 0.00 0.00 0
63505 0.00 0.00 0.00 0
63506 0.00 0.00 0.00 0
63507 0.00 0.00 0.00 0
63508 0.00 0.00 0.00 0
63509 0.00 0.00 0.00 0
63510 0.00 0.00 0.00 0
63511 0.00 0.00 0.00 0
63512 0.00 0.00 0.00 0
63520 0.00 0.00 0.00 0
63521 0.00 0.00 0.00 0
63522 0.00 0.00 0.00 0
63523 0.00 0.00 0.00 0
63524 0.00 0.00 0.00 0
63525 0.00 0.00 0.00 0
63526 0.00 0.00 0.00 0
63527 0.00 0.00 0.00 0
63528 0.00 0.00 0.00 0
63529 0.00 0.00 0.00 0
63530 0.00 0.00 0.00 0
63531 0.00 0.00 0.00 0
63532 0.00 0.00 0.00 0
63533 0.00 0.00 0.00 0
63534 0.00 0.00 0.00 0
63535 0.00 0.00 0.00 0
63536 0.00 0.00 0.00 0
63537 0.00 0.00 0.00 0
63538 0.00 0.00 0.00 0
63868 0.00 0.00 0.00 0
63872 0.00 0.00 0.00 0
63873 0.00 0.00 0.00 0
63874 0.00 0.00 0.00 0
63875 0.00 0.00 0.00 0
63876 0.00 0.00 0.00 0
63877 0.00 0.00 0.00 0
63878 0.00 0.00 0.00 0
63879 0.00 0.00 0.00 0
64081 0.00 0.00 0.00 0
64082 0.00 0.00 0.00 0
64083 0.00 0.00 0.00 0
64084 0.00 0.00 0.00 0
64085 0.00 0.00 0.00 0
64086 0.00 0.00 0.00 0
64087 0.00 0.00 0.00 0
64088 0.00 0.00 0.00 0
64089 0.00 0.00 0.00 0
64090 0.00 0.00 0.00 0
64091 0.00 0.00 0.00 0
64092 0.00 0.00 0.00 0
64093 0.00 0.00 0.00 0
64094 0.00 0.00 0.00 0
64095 0.00 0.00 0.00 0
64096 0.00 0.00 0.00 0
64097 0.00 0.00 0.00 0
64098 0.00 0.00 0.00 0
64099 0.00 0.00 0.00 0
64100 0.00 0.00 0.00 0
64101 0.00 0.00 0.00 0
64102 0.00 0.00 0.00 0
65436 0.00 0.00 0.00 0
65523 0.00 0.00 0.00 0
65568 0.00 0.00 0.00 0
65569 0.00 0.00 0.00 0
65570 0.00 0.00 0.00 0
65571 0.00 0.00 0.00 0
65572 0.00 0.00 0.00 0
65573 0.00 0.00 0.00 0
65574 0.00 0.00 0.00 0
65575 0.00 0.00 0.00 0
65576 0.00 0.00 0.00 0
65577 0.00 0.00 0.00 0
65578 0.00 0.00 0.00 0
65579 0.00 0.00 0.00 0
65580 0.00 0.00 0.00 0
65581 0.00 0.00 0.00 0
65582 0.00 0.00 0.00 0
65583 0.00 0.00 0.00 0
65584 0.00 0.00 0.00 0
65585 0.00 0.00 0.00 0
65586 0.00 0.00 0.00 0
65587 0.00 0.00 0.00 0
65632 0.00 0.00 0.00 0
65633 0.00 0.00 0.00 0
65634 0.00 0.00 0.00 0
65636 0.00 0.00 0.00 0
65637 0.00 0.00 0.00 0
65638 0.00 0.00 0.00 0
65639 0.00 0.00 0.00 0
65645 0.00 0.00 0.00 0
65646 0.00 0.00 0.00 0
65647 0.00 0.00 0.00 0
65648 0.00 0.00 0.00 0
65649 0.00 0.00 0.00 0
66673 0.00 0.00 0.00 0
66674 0.00 0.00 0.00 0
66675 0.00 0.00 0.00 0
66677 0.00 0.00 0.00 0
66678 0.00 0.00 0.00 0
66679 0.00 0.00 0.00 0
66680 0.00 0.00 0.00 0
67326 0.00 0.00 0.00 0
67327 0.00 0.00 0.00 0
67334 0.00 0.00 0.00 0
67336 0.00 0.00 0.00 0
67343 0.00 0.00 0.00 0
67344 0.00 0.00 0.00 0
67345 0.00 0.00 0.00 0
67359 0.00 0.00 0.00 0
67388 0.00 0.00 0.00 0
67389 0.00 0.00 0.00 0
67390 0.00 0.00 0.00 0
67391 0.00 0.00 0.00 0
67392 0.00 0.00 0.00 0
67393 0.00 0.00 0.00 0
67394 0.00 0.00 0.00 0
67395 0.00 0.00 0.00 0
67396 0.00 0.00 0.00 0
67397 0.00 0.00 0.00 0
67398 0.00 0.00 0.00 0
67399 0.00 0.00 0.00 0
67400 0.00 0.00 0.00 0
67401 0.00 0.00 0.00 0
67402 0.00 0.00 0.00 0
67403 0.00 0.00 0.00 0
67404 0.00 0.00 0.00 0
67405 0.00 0.00 0.00 0
67406 0.00 0.00 0.00 0
67407 0.00 0.00 0.00 0
67408 0.00 0.00 0.00 0
67409 0.00 0.00 0.00 0
67410 0.00 0.00 0.00 0
70928 0.00 0.00 0.00 0
70929 0.00 0.00 0.00 0
70930 0.00 0.00 0.00 0
70931 0.00 0.00 0.00 0
70932 0.00 0.00 0.00 0
70938 0.00 0.00 0.00 0
70940 0.00 0.00 0.00 0
70942 0.00 0.00 0.00 0
70943 0.00 0.00 0.00 0
70944 0.00 0.00 0.00 0
70945 0.00 0.00 0.00 0
70946 0.00 0.00 0.00 0
70947 0.00 0.00 0.00 0
70948 0.00 0.00 0.00 0
70949 0.00 0.00 0.00 0
70950 0.00 0.00 0.00 0
70951 0.00 0.00 0.00 0
70952 0.00 0.00 0.00 0
70953 0.00 0.00 0.00 0
70954 0.00 0.00 0.00 0
70955 0.00 0.00 0.00 0
70956 0.00 0.00 0.00 0
70957 0.00 0.00 0.00 0
70958 0.00 0.00 0.00 0
70959 0.00 0.00 0.00 0
70960 0.00 0.00 0.00 0
70961 0.00 0.00 0.00 0
70962 0.00 0.00 0.00 0
70963 0.00 0.00 0.00 0
70964 0.00 0.00 0.00 0
70965 0.00 0.00 0.00 0
70966 0.00 0.00 0.00 0
70967 0.00 0.00 0.00 0
70968 0.00 0.00 0.00 0
70969 0.00 0.00 0.00 0
70970 0.00 0.00 0.00 0
70971 0.00 0.00 0.00 0
70972 0.00 0.00 0.00 0
70973 0.00 0.00 0.00 0
70974 0.00 0.00 0.00 0
70975 0.00 0.00 0.00 0
70976 0.00 0.00 0.00 0
70977 0.00 0.00 0.00 0
70978 0.00 0.00 0.00 0
70979 0.00 0.00 0.00 0
70980 0.00 0.00 0.00 0
70981 0.00 0.00 0.00 0
70982 0.00 0.00 0.00 0
70983 0.00 0.00 0.00 0
70984 0.00 0.00 0.00 0
70985 0.00 0.00 0.00 0
70988 0.00 0.00 0.00 0
70989 0.00 0.00 0.00 0
70990 0.00 0.00 0.00 0
70991 0.00 0.00 0.00 0
70992 0.00 0.00 0.00 0
70993 0.00 0.00 0.00 0
70994 0.00 0.00 0.00 0
70995 0.00 0.00 0.00 0
70997 0.00 0.00 0.00 0
71002 0.00 0.00 0.00 0
71003 0.00 0.00 0.00 0
71004 0.00 0.00 0.00 0
71085 0.00 0.00 0.00 0
71086 0.00 0.00 0.00 0
71087 0.00 0.00 0.00 0
71088 0.00 0.00 0.00 0
71095 0.00 0.00 0.00 0
71097 0.00 0.00 0.00 0
71098 0.00 0.00 0.00 0
72097 0.00 0.00 0.00 0
72098 0.00 0.00 0.00 0
72099 0.00 0.00 0.00 0
72102 0.00 0.00 0.00 0
72103 0.00 0.00 0.00 0
72104 0.00 0.00 0.00 0
72105 0.00 0.00 0.00 0
72106 0.00 0.00 0.00 0
72107 0.00 0.00 0.00 0
72108 0.00 0.00 0.00 0
72109 0.00 0.00 0.00 0
72110 0.00 0.00 0.00 0
72111 0.00 0.00 0.00 0
72112 0.00 0.00 0.00 0
72723 0.00 0.00 0.00 0
72724 0.00 0.00 0.00 0
72725 0.00 0.00 0.00 0
72726 0.00 0.00 0.00 0
72727 0.00 0.00 0.00 0
72728 0.00 0.00 0.00 0
72729 0.00 0.00 0.00 0
72730 0.00 0.00 0.00 0
72731 0.00 0.00 0.00 0
72732 0.00 0.00 0.00 0
72733 0.00 0.00 0.00 0
72734 0.00 0.00 0.00 0
72735 0.00 0.00 0.00 0
72736 0.00 0.00 0.00 0
72737 0.00 0.00 0.00 0
72738 0.00 0.00 0.00 0
72739 0.00 0.00 0.00 0
72740 0.00 0.00 0.00 0
72741 0.00 0.00 0.00 0
72742 0.00 0.00 0.00 0
72743 0.00 0.00 0.00 0
72744 0.00 0.00 0.00 0
72745 0.00 0.00 0.00 0
72746 0.00 0.00 0.00 0
72747 0.00 0.00 0.00 0
72748 0.00 0.00 0.00 0
72749 0.00 0.00 0.00 0
72750 0.00 0.00 0.00 0
72751 0.00 0.00 0.00 0
72752 0.00 0.00 0.00 0
72753 0.00 0.00 0.00 0
72754 0.00 0.00 0.00 0
72755 0.00 0.00 0.00 0
72756 0.00 0.00 0.00 0
72757 0.00 0.00 0.00 0
72758 0.00 0.00 0.00 0
72759 0.00 0.00 0.00 0
72760 0.00 0.00 0.00 0
72761 0.00 0.00 0.00 0
72762 0.00 0.00 0.00 0
72763 0.00 0.00 0.00 0
72764 0.00 0.00 0.00 0
72765 0.00 0.00 0.00 0
72766 0.00 0.00 0.00 0
72767 0.00 0.00 0.00 0
72768 0.00 0.00 0.00 0
72769 0.00 0.00 0.00 0
72770 0.00 0.00 0.00 0
72771 0.00 0.00 0.00 0
72772 0.00 0.00 0.00 0
72773 0.00 0.00 0.00 0
72774 0.00 0.00 0.00 0
72775 0.00 0.00 0.00 0
72776 0.00 0.00 0.00 0
72777 0.00 0.00 0.00 0
72778 0.00 0.00 0.00 0
72779 0.00 0.00 0.00 0
72780 0.00 0.00 0.00 0
72781 0.00 0.00 0.00 0
72782 0.00 0.00 0.00 0
72783 0.00 0.00 0.00 0
72784 0.00 0.00 0.00 0
72785 0.00 0.00 0.00 0
72787 0.00 0.00 0.00 0
72794 0.00 0.00 0.00 0
76164 0.00 0.00 0.00 0
76771 0.00 0.00 0.00 0
76772 0.00 0.00 0.00 0
76773 0.00 0.00 0.00 0
76774 0.00 0.00 0.00 0
76775 0.00 0.00 0.00 0
76776 0.00 0.00 0.00 0
76777 0.00 0.00 0.00 0
76778 0.00 0.00 0.00 0
76779 0.00 0.00 0.00 0
76780 0.00 0.00 0.00 0
76781 0.00 0.00 0.00 0
76782 0.00 0.00 0.00 0
76783 0.00 0.00 0.00 0
76784 0.00 0.00 0.00 0
76785 0.00 0.00 0.00 0
76786 0.00 0.00 0.00 0
76787 0.00 0.00 0.00 0
76788 0.00 0.00 0.00 0
76789 0.00 0.00 0.00 0
76790 0.00 0.00 0.00 0
76791 0.00 0.00 0.00 0
76792 0.00 0.00 0.00 0
76793 0.00 0.00 0.00 0
76794 0.00 0.00 0.00 0
76795 0.00 0.00 0.00 0
76796 0.00 0.00 0.00 0
76797 0.00 0.00 0.00 0
76798 0.00 0.00 0.00 0
76799 0.00 0.00 0.00 0
76800 0.00 0.00 0.00 0
76801 0.00 0.00 0.00 0
76802 0.00 0.00 0.00 0
76803 0.00 0.00 0.00 0
76804 0.00 0.00 0.00 0
76805 0.00 0.00 0.00 0
76806 0.00 0.00 0.00 0
76807 0.00 0.00 0.00 0
76808 0.00 0.00 0.00 0
76809 0.00 0.00 0.00 0
76810 0.00 0.00 0.00 0
76811 0.00 0.00 0.00 0
76812 0.00 0.00 0.00 0
76813 0.00 0.00 0.00 0
76814 0.00 0.00 0.00 0
76815 0.00 0.00 0.00 0
76816 0.00 0.00 0.00 0
76817 0.00 0.00 0.00 0
76818 0.00 0.00 0.00 0
76819 0.00 0.00 0.00 0
76820 0.00 0.00 0.00 0
76821 0.00 0.00 0.00 0
76822 0.00 0.00 0.00 0
76823 0.00 0.00 0.00 0
76824 0.00 0.00 0.00 0
76825 0.00 0.00 0.00 0
76826 0.00 0.00 0.00 0
76827 0.00 0.00 0.00 0
76828 0.00 0.00 0.00 0
76829 0.00 0.00 0.00 0
76830 0.00 0.00 0.00 0
76831 0.00 0.00 0.00 0
76832 0.00 0.00 0.00 0
76834 0.00 0.00 0.00 0
77206 0.00 0.00 0.00 0
77207 0.00 0.00 0.00 0
77208 0.00 0.00 0.00 0
77209 0.00 0.00 0.00 0
77210 0.00 0.00 0.00 0
77211 0.00 0.00 0.00 0
77212 0.00 0.00 0.00 0
77213 0.00 0.00 0.00 0
77228 0.00 0.00 0.00 0
77229 0.00 0.00 0.00 0
77230 0.00 0.00 0.00 0
77231 0.00 0.00 0.00 0
77232 0.00 0.00 0.00 0
77233 0.00 0.00 0.00 0
77243 0.00 0.00 0.00 0
77244 0.00 0.00 0.00 0
77245 0.00 0.00 0.00 0
77246 0.00 0.00 0.00 0
77247 0.00 0.00 0.00 0
77248 0.00 0.00 0.00 0
77249 0.00 0.00 0.00 0
77250 0.00 0.00 0.00 0
77251 0.00 0.00 0.00 0
77252 0.00 0.00 0.00 0
77253 0.00 0.00 0.00 0
77254 0.00 0.00 0.00 0
77255 0.00 0.00 0.00 0
77256 0.00 0.00 0.00 0
77257 0.00 0.00 0.00 0
77258 0.00 0.00 0.00 0
77259 0.00 0.00 0.00 0
77260 0.00 0.00 0.00 0
77261 0.00 0.00 0.00 0
77262 0.00 0.00 0.00 0
77263 0.00 0.00 0.00 0
77264 0.00 0.00 0.00 0
77265 0.00 0.00 0.00 0
77277 0.00 0.00 0.00 0
77279 0.00 0.00 0.00 0
77280 0.00 0.00 0.00 0
77281 0.00 0.00 0.00 0
77282 0.00 0.00 0.00 0
77283 0.00 0.00 0.00 0
77284 0.00 0.00 0.00 0
77285 0.00 0.00 0.00 0
77286 0.00 0.00 0.00 0
77287 0.00 0.00 0.00 0
77288 0.00 0.00 0.00 0
77289 0.00 0.00 0.00 0
77290 0.00 0.00 0.00 0
77400 0.00 0.00 0.00 0
77401 0.00 0.00 0.00 0
77402 0.00 0.00 0.00 0
77403 0.00 0.00 0.00 0
77404 0.00 0.00 0.00 0
77405 0.00 0.00 0.00 0
77406 0.00 0.00 0.00 0
77407 0.00 0.00 0.00 0
77408 0.00 0.00 0.00 0
77409 0.00 0.00 0.00 0
77410 0.00 0.00 0.00 0
77411 0.00 0.00 0.00 0
77412 0.00 0.00 0.00 0
77413 0.00 0.00 0.00 0
77414 0.00 0.00 0.00 0
77415 0.00 0.00 0.00 0
77417 0.00 0.00 0.00 0
77418 0.00 0.00 0.00 0
77419 0.00 0.00 0.00 0
77430 0.00 0.00 0.00 0
77431 0.00 0.00 0.00 0
80425 0.00 0.00 0.00 0
80427 0.00 0.00 0.00 0
80428 0.00 0.00 0.00 0
80429 0.00 0.00 0.00 0
80430 0.00 0.00 0.00 0
80432 0.00 0.00 0.00 0
80433 0.00 0.00 0.00 0
80434 0.00 0.00 0.00 0
80435 0.00 0.00 0.00 0
80436 0.00 0.00 0.00 0
80437 0.00 0.00 0.00 0
80438 0.00 0.00 0.00 0
80439 0.00 0.00 0.00 0
80447 0.00 0.00 0.00 0
80451 0.00 0.00 0.00 0
80452 0.00 0.00 0.00 0
80453 0.00 0.00 0.00 0
80454 0.00 0.00 0.00 0
80455 0.00 0.00 0.00 0
80456 0.00 0.00 0.00 0
80457 0.00 0.00 0.00 0
80458 0.00 0.00 0.00 0
80459 0.00 0.00 0.00 0
80460 0.00 0.00 0.00 0
80461 0.00 0.00 0.00 0
80462 0.00 0.00 0.00 0
80463 0.00 0.00 0.00 0
80464 0.00 0.00 0.00 0
80465 0.00 0.00 0.00 0
80466 0.00 0.00 0.00 0
80467 0.00 0.00 0.00 0
80468 0.00 0.00 0.00 0
80469 0.00 0.00 0.00 0
80470 0.00 0.00 0.00 0
80471 0.00 0.00 0.00 0
80472 0.00 0.00 0.00 0
80474 0.00 0.00 0.00 0
80615 0.00 0.00 0.00 0
80616 0.00 0.00 0.00 0
80617 0.00 0.00 0.00 0
80618 0.00 0.00 0.00 0
80619 0.00 0.00 0.00 0
82441 0.00 0.00 0.00 0
82442 0.00 0.00 0.00 0
82443 0.00 0.00 0.00 0
82444 0.00 0.00 0.00 0
82445 0.00 0.00 0.00 0
82446 0.00 0.00 0.00 0
82447 0.00 0.00 0.00 0
82448 0.00 0.00 0.00 0
82449 0.00 0.00 0.00 0
82450 0.00 0.00 0.00 0
82451 0.00 0.00 0.00 0
82452 0.00 0.00 0.00 0
82453 0.00 0.00 0.00 0
82454 0.00 0.00 0.00 0
82455 0.00 0.00 0.00 0
82456 0.00 0.00 0.00 0
82457 0.00 0.00 0.00 0
82458 0.00 0.00 0.00 0
82459 0.00 0.00 0.00 0
82460 0.00 0.00 0.00 0
82461 0.00 0.00 0.00 0
82462 0.00 0.00 0.00 0
82463 0.00 0.00 0.00 0
82464 0.00 0.00 0.00 0
82465 0.00 0.00 0.00 0
82466 0.00 0.00 0.00 0
82467 0.00 0.00 0.00 0
82468 0.00 0.00 0.00 0
82469 0.00 0.00 0.00 0
82470 0.00 0.00 0.00 0
82471 0.00 0.00 0.00 0
82472 0.00 0.00 0.00 0
82473 0.00 0.00 0.00 0
82474 0.00 0.00 0.00 0
82475 0.00 0.00 0.00 0
82476 0.00 0.00 0.00 0
82477 0.00 0.00 0.00 0
82478 0.00 0.00 0.00 0
82479 0.00 0.00 0.00 0
82480 0.00 0.00 0.00 0
82481 0.00 0.00 0.00 0
82482 0.00 0.00 0.00 0
82483 0.00 0.00 0.00 0
82484 0.00 0.00 0.00 0
82485 0.00 0.00 0.00 0
82486 0.00 0.00 0.00 0
82487 0.00 0.00 0.00 0
82488 0.00 0.00 0.00 0
82489 0.00 0.00 0.00 0
82490 0.00 0.00 0.00 0
82491 0.00 0.00 0.00 0
82492 0.00 0.00 0.00 0
82493 0.00 0.00 0.00 0
82494 0.00 0.00 0.00 0
82495 0.00 0.00 0.00 0
82496 0.00 0.00 0.00 0
82497 0.00 0.00 0.00 0
82498 0.00 0.00 0.00 0
82499 0.00 0.00 0.00 0
82500 0.00 0.00 0.00 0
82501 0.00 0.00 0.00 0
82502 0.00 0.00 0.00 0
82503 0.00 0.00 0.00 0
82504 0.00 0.00 0.00 0
82505 0.00 0.00 0.00 0
82506 0.00 0.00 0.00 0
82507 0.00 0.00 0.00 0
82516 0.00 0.00 0.00 0
82517 0.00 0.00 0.00 0
82531 0.00 0.00 0.00 0
82532 0.00 0.00 0.00 0
82533 0.00 0.00 0.00 0
82534 0.00 0.00 0.00 0
82535 0.00 0.00 0.00 0
82536 0.00 0.00 0.00 0
82537 0.00 0.00 0.00 0
82538 0.00 0.00 0.00 0
82539 0.00 0.00 0.00 0
82540 0.00 0.00 0.00 0
82541 0.00 0.00 0.00 0
82542 0.00 0.00 0.00 0
82543 0.00 0.00 0.00 0
82544 0.00 0.00 0.00 0
82545 0.00 0.00 0.00 0
82546 0.00 0.00 0.00 0
82547 0.00 0.00 0.00 0
82548 0.00 0.00 0.00 0
82549 0.00 0.00 0.00 0
82550 0.00 0.00 0.00 0
82551 0.00 0.00 0.00 0
82552 0.00 0.00 0.00 0
82553 0.00 0.00 0.00 0
82554 0.00 0.00 0.00 0
82555 0.00 0.00 0.00 0
82556 0.00 0.00 0.00 0
82557 0.00 0.00 0.00 0
82558 0.00 0.00 0.00 0
82559 0.00 0.00 0.00 0
82560 0.00 0.00 0.00 0
82561 0.00 0.00 0.00 0
82562 0.00 0.00 0.00 0
82563 0.00 0.00 0.00 0
82564 0.00 0.00 0.00 0
82565 0.00 0.00 0.00 0
82566 0.00 0.00 0.00 0
82567 0.00 0.00 0.00 0
82568 0.00 0.00 0.00 0
82569 0.00 0.00 0.00 0
82570 0.00 0.00 0.00 0
82571 0.00 0.00 0.00 0
82572 0.00 0.00 0.00 0
82573 0.00 0.00 0.00 0
82574 0.00 0.00 0.00 0
82575 0.00 0.00 0.00 0
82576 0.00 0.00 0.00 0
82577 0.00 0.00 0.00 0
82643 0.00 0.00 0.00 0
82644 0.00 0.00 0.00 0
82645 0.00 0.00 0.00 0
82646 0.00 0.00 0.00 0
82647 0.00 0.00 0.00 0
82648 0.00 0.00 0.00 0
82649 0.00 0.00 0.00 0
82650 0.00 0.00 0.00 0
82651 0.00 0.00 0.00 0
82652 0.00 0.00 0.00 0
82653 0.00 0.00 0.00 0
82654 0.00 0.00 0.00 0
82655 0.00 0.00 0.00 0
82656 0.00 0.00 0.00 0
82657 0.00 0.00 0.00 0
82658 0.00 0.00 0.00 0
82659 0.00 0.00 0.00 0
82660 0.00 0.00 0.00 0
82661 0.00 0.00 0.00 0
82662 0.00 0.00 0.00 0
82663 0.00 0.00 0.00 0
82664 0.00 0.00 0.00 0
82665 0.00 0.00 0.00 0
82666 0.00 0.00 0.00 0
82667 0.00 0.00 0.00 0
82668 0.00 0.00 0.00 0
82669 0.00 0.00 0.00 0
82670 0.00 0.00 0.00 0
82671 0.00 0.00 0.00 0
82672 0.00 0.00 0.00 0
82673 0.00 0.00 0.00 0
82674 0.00 0.00 0.00 0
82675 0.00 0.00 0.00 0
82676 0.00 0.00 0.00 0
82677 0.00 0.00 0.00 0
82678 0.00 0.00 0.00 0
82679 0.00 0.00 0.00 0
82680 0.00 0.00 0.00 0
82681 0.00 0.00 0.00 0
82682 0.00 0.00 0.00 0
82683 0.00 0.00 0.00 0
82684 0.00 0.00 0.00 0
82685 0.00 0.00 0.00 0
82686 0.00 0.00 0.00 0
82687 0.00 0.00 0.00 0
82688 0.00 0.00 0.00 0
82689 0.00 0.00 0.00 0
82690 0.00 0.00 0.00 0
82691 0.00 0.00 0.00 0
82692 0.00 0.00 0.00 0
82693 0.00 0.00 0.00 0
82694 0.00 0.00 0.00 0
82695 0.00 0.00 0.00 0
82696 0.00 0.00 0.00 0
82697 0.00 0.00 0.00 0
82698 0.00 0.00 0.00 0
82699 0.00 0.00 0.00 0
82700 0.00 0.00 0.00 0
82701 0.00 0.00 0.00 0
82702 0.00 0.00 0.00 0
82703 0.00 0.00 0.00 0
82704 0.00 0.00 0.00 0
82705 0.00 0.00 0.00 0
82706 0.00 0.00 0.00 0
82707 0.00 0.00 0.00 0
82709 0.00 0.00 0.00 0
82711 0.00 0.00 0.00 0
82712 0.00 0.00 0.00 0
82713 0.00 0.00 0.00 0
82714 0.00 0.00 0.00 0
82715 0.00 0.00 0.00 0
82716 0.00 0.00 0.00 0
82717 0.00 0.00 0.00 0
82718 0.00 0.00 0.00 0
82719 0.00 0.00 0.00 0
82720 0.00 0.00 0.00 0
82721 0.00 0.00 0.00 0
82722 0.00 0.00 0.00 0
82723 0.00 0.00 0.00 0
82724 0.00 0.00 0.00 0
82725 0.00 0.00 0.00 0
82726 0.00 0.00 0.00 0
82727 0.00 0.00 0.00 0
82728 0.00 0.00 0.00 0
82729 0.00 0.00 0.00 0
82730 0.00 0.00 0.00 0
82731 0.00 0.00 0.00 0
82732 0.00 0.00 0.00 0
92182 0.00 0.00 0.00 0
92183 0.00 0.00 0.00 0
92184 0.00 0.00 0.00 0
92185 0.00 0.00 0.00 0
92186 0.00 0.00 0.00 0
92187 0.00 0.00 0.00 0
92188 0.00 0.00 0.00 0
92189 0.00 0.00 0.00 0
92190 0.00 0.00 0.00 0
92191 0.00 0.00 0.00 0
92192 0.00 0.00 0.00 0
92193 0.00 0.00 0.00 0
92194 0.00 0.00 0.00 0
92263 0.00 0.00 0.00 0
92264 0.00 0.00 0.00 0
92265 0.00 0.00 0.00 0
92305 0.00 0.00 0.00 0
92306 0.00 0.00 0.00 0
92307 0.00 0.00 0.00 0
92308 0.00 0.00 0.00 0
92592 0.00 0.00 0.00 0
92593 0.00 0.00 0.00 0
92594 0.00 0.00 0.00 0
92595 0.00 0.00 0.00 0
92601 0.00 0.00 0.00 0
92602 0.00 0.00 0.00 0
92603 0.00 0.00 0.00 0
92604 0.00 0.00 0.00 0
92605 0.00 0.00 0.00 0
92626 0.00 0.00 0.00 0
92966 0.00 0.00 0.00 0
92967 0.00 0.00 0.00 0
92968 0.00 0.00 0.00 0
92969 0.00 0.00 0.00 0
92970 0.00 0.00 0.00 0
93672 0.00 0.00 0.00 0
93673 0.00 0.00 0.00 0
93674 0.00 0.00 0.00 0
93675 0.00 0.00 0.00 0
93676 0.00 0.00 0.00 0
93677 0.00 0.00 0.00 0
93678 0.00 0.00 0.00 0
93679 0.00 0.00 0.00 0
93680 0.00 0.00 0.00 0
93681 0.00 0.00 0.00 0
93682 0.00 0.00 0.00 0
93683 0.00 0.00 0.00 0
93684 0.00 0.00 0.00 0
93685 0.00 0.00 0.00 0
93699 0.00 0.00 0.00 0
93700 0.00 0.00 0.00 0
93701 0.00 0.00 0.00 0
93702 0.00 0.00 0.00 0
93703 0.00 0.00 0.00 0
93704 0.00 0.00 0.00 0
93705 0.00 0.00 0.00 0
93706 0.00 0.00 0.00 0
93904 0.00 0.00 0.00 0
93905 0.00 0.00 0.00 0
93906 0.00 0.00 0.00 0
93907 0.00 0.00 0.00 0
93908 0.00 0.00 0.00 0
93909 0.00 0.00 0.00 0
93910 0.00 0.00 0.00 0
93911 0.00 0.00 0.00 0
93912 0.00 0.00 0.00 0
94033 0.00 0.00 0.00 0
94034 0.00 0.00 0.00 0
94035 0.00 0.00 0.00 0
94036 0.00 0.00 0.00 0
94037 0.00 0.00 0.00 0
94038 0.00 0.00 0.00 0
94039 0.00 0.00 0.00 0
94040 0.00 0.00 0.00 0
94041 0.00 0.00 0.00 0
94042 0.00 0.00 0.00 0
94043 0.00 0.00 0.00 0
94044 0.00 0.00 0.00 0
94045 0.00 0.00 0.00 0
94843 0.00 0.00 0.00 0
94844 0.00 0.00 0.00 0
94845 0.00 0.00 0.00 0
94846 0.00 0.00 0.00 0
94928 0.00 0.00 0.00 0
94929 0.00 0.00 0.00 0
94930 0.00 0.00 0.00 0
94931 0.00 0.00 0.00 0
94932 0.00 0.00 0.00 0
94933 0.00 0.00 0.00 0
94934 0.00 0.00 0.00 0
94935 0.00 0.00 0.00 0
94936 0.00 0.00 0.00 0
94937 0.00 0.00 0.00 0
94938 0.00 0.00 0.00 0
94939 0.00 0.00 0.00 0
94963 0.00 0.00 0.00 0
94964 0.00 0.00 0.00 0
94965 0.00 0.00 0.00 0
94966 0.00 0.00 0.00 0
94967 0.00 0.00 0.00 0
94968 0.00 0.00 0.00 0
94969 0.00 0.00 0.00 0
94970 0.00 0.00 0.00 0
94971 0.00 0.00 0.00 0
94972 0.00 0.00 0.00 0
94973 0.00 0.00 0.00 0
94974 0.00 0.00 0.00 0
94975 0.00 0.00 0.00 0
94976 0.00 0.00 0.00 0
95583 0.00 0.00 0.00 0
95980 0.00 0.00 0.00 0
95981 0.00 0.00 0.00 0
95982 0.00 0.00 0.00 0
95983 0.00 0.00 0.00 0
95984 0.00 0.00 0.00 0
95985 0.00 0.00 0.00 0
95986 0.00 0.00 0.00 0
95987 0.00 0.00 0.00 0
95988 0.00 0.00 0.00 0
95989 0.00 0.00 0.00 0
95990 0.00 0.00 0.00 0
95991 0.00 0.00 0.00 0
95992 0.00 0.00 0.00 0
95993 0.00 0.00 0.00 0
95994 0.00 0.00 0.00 0
95998 0.00 0.00 0.00 0
95999 0.00 0.00 0.00 0
96000 0.00 0.00 0.00 0
96001 0.00 0.00 0.00 0
96017 0.00 0.00 0.00 0
96018 0.00 0.00 0.00 0
96019 0.00 0.00 0.00 0
96020 0.00 0.00 0.00 0
96021 0.00 0.00 0.00 0
96022 0.00 0.00 0.00 0
96023 0.00 0.00 0.00 0
96024 0.00 0.00 0.00 0
96025 0.00 0.00 0.00 0
96026 0.00 0.00 0.00 0
96027 0.00 0.00 0.00 0
96028 0.00 0.00 0.00 0
96029 0.00 0.00 0.00 0
97990 0.00 0.00 0.00 0
97991 0.00 0.00 0.00 0
97992 0.00 0.00 0.00 0
97993 0.00 0.00 0.00 0
97994 0.00 0.00 0.00 0
97995 0.00 0.00 0.00 0
97996 0.00 0.00 0.00 0
97997 0.00 0.00 0.00 0
97998 0.00 0.00 0.00 0
97999 0.00 0.00 0.00 0
98000 0.00 0.00 0.00 0
98001 0.00 0.00 0.00 0
98002 0.00 0.00 0.00 0
98003 0.00 0.00 0.00 0
98004 0.00 0.00 0.00 0
98005 0.00 0.00 0.00 0
98006 0.00 0.00 0.00 0
98007 0.00 0.00 0.00 0
98008 0.00 0.00 0.00 0
98009 0.00 0.00 0.00 0
98010 0.00 0.00 0.00 0
98011 0.00 0.00 0.00 0
98012 0.00 0.00 0.00 0
98016 0.00 0.00 0.00 0
98017 0.00 0.00 0.00 0
98018 0.00 0.00 0.00 0
98019 0.00 0.00 0.00 0
98020 0.00 0.00 0.00 0
98021 0.00 0.00 0.00 0
98022 0.00 0.00 0.00 0
98023 0.00 0.00 0.00 0
98024 0.00 0.00 0.00 0
98025 0.00 0.00 0.00 0
98026 0.00 0.00 0.00 0
98224 0.00 0.00 0.00 0
98225 0.00 0.00 0.00 0
98226 0.00 0.00 0.00 0
98227 0.00 0.00 0.00 0
98228 0.00 0.00 0.00 0
98229 0.00 0.00 0.00 0
98230 0.00 0.00 0.00 0
98231 0.00 0.00 0.00 0
98232 0.00 0.00 0.00 0
98353 0.00 0.00 0.00 0
98354 0.00 0.00 0.00 0
98355 0.00 0.00 0.00 0
98356 0.00 0.00 0.00 0
98357 0.00 0.00 0.00 0
98358 0.00 0.00 0.00 0
98359 0.00 0.00 0.00 0
98360 0.00 0.00 0.00 0
98361 0.00 0.00 0.00 0
98362 0.00 0.00 0.00 0
98363 0.00 0.00 0.00 0
98364 0.00 0.00 0.00 0
98365 0.00 0.00 0.00 0
99216 0.00 0.00 0.00 0
99217 0.00 0.00 0.00 0
99218 0.00 0.00 0.00 0
99219 0.00 0.00 0.00 0
99220 0.00 0.00 0.00 0
99244 0.00 0.00 0.00 0
99245 0.00 0.00 0.00 0
99246 0.00 0.00 0.00 0
99247 0.00 0.00 0.00 0
99248 0.00 0.00 0.00 0
99249 0.00 0.00 0.00 0
99250 0.00 0.00 0.00 0
99251 0.00 0.00 0.00 0
99252 0.00 0.00 0.00 0
99253 0.00 0.00 0.00 0
99254 0.00 0.00 0.00 0
99255 0.00 0.00 0.00 0
99256 0.00 0.00 0.00 0
99283 0.00 0.00 0.00 0
99284 0.00 0.00 0.00 0
99293 0.00 0.00 0.00 0
99909 0.00 0.00 0.00 0
99910 0.00 0.00 0.00 0
99911 0.00 0.00 0.00 0
99912 0.00 0.00 0.00 0
99913 0.00 0.00 0.00 0
99914 0.00 0.00 0.00 0
99929 0.00 0.00 0.00 0
100310 0.00 0.00 0.00 0
100311 0.00 0.00 0.00 0
100312 0.00 0.00 0.00 0
100337 0.00 0.00 0.00 0
100338 0.00 0.00 0.00 0
100339 0.00 0.00 0.00 0
100340 0.00 0.00 0.00 0
100341 0.00 0.00 0.00 0
100342 0.00 0.00 0.00 0
100343 0.00 0.00 0.00 0
100344 0.00 0.00 0.00 0
100345 0.00 0.00 0.00 0
100346 0.00 0.00 0.00 0
100347 0.00 0.00 0.00 0
100348 0.00 0.00 0.00 0
100349 0.00 0.00 0.00 0
100350 0.00 0.00 0.00 0
102461 0.00 0.00 0.00 0
102462 0.00 0.00 0.00 0
102463 0.00 0.00 0.00 0
102464 0.00 0.00 0.00 0
102465 0.00 0.00 0.00 0
102466 0.00 0.00 0.00 0
102467 0.00 0.00 0.00 0
102468 0.00 0.00 0.00 0
102469 0.00 0.00 0.00 0
102470 0.00 0.00 0.00 0
102471 0.00 0.00 0.00 0
102472 0.00 0.00 0.00 0
102473 0.00 0.00 0.00 0
102474 0.00 0.00 0.00 0
102475 0.00 0.00 0.00 0
102476 0.00 0.00 0.00 0
102477 0.00 0.00 0.00 0
102478 0.00 0.00 0.00 0
102479 0.00 0.00 0.00 0
102480 0.00 0.00 0.00 0
102481 0.00 0.00 0.00 0
102482 0.00 0.00 0.00 0
102483 0.00 0.00 0.00 0
102484 0.00 0.00 0.00 0
102485 0.00 0.00 0.00 0
102486 0.00 0.00 0.00 0
102487 0.00 0.00 0.00 0
102488 0.00 0.00 0.00 0
102489 0.00 0.00 0.00 0
102490 0.00 0.00 0.00 0
102491 0.00 0.00 0.00 0
102492 0.00 0.00 0.00 0
102493 0.00 0.00 0.00 0
102494 0.00 0.00 0.00 0
102495 0.00 0.00 0.00 0
102496 0.00 0.00 0.00 0
102497 0.00 0.00 0.00 0
102498 0.00 0.00 0.00 0
102499 0.00 0.00 0.00 0
102500 0.00 0.00 0.00 0
102501 0.00 0.00 0.00 0
102555 0.00 0.00 0.00 0
102556 0.00 0.00 0.00 0
102557 0.00 0.00 0.00 0
102558 0.00 0.00 0.00 0
102559 0.00 0.00 0.00 0
102560 0.00 0.00 0.00 0
102561 0.00 0.00 0.00 0
102562 0.00 0.00 0.00 0
103165 0.00 0.00 0.00 0
103166 0.00 0.00 0.00 0
103167 0.00 0.00 0.00 0
103168 0.00 0.00 0.00 0
103169 0.00 0.00 0.00 0
103170 0.00 0.00 0.00 0
103171 0.00 0.00 0.00 0
103172 0.00 0.00 0.00 0
103173 0.00 0.00 0.00 0
103537 0.00 0.00 0.00 0
103538 0.00 0.00 0.00 0
103539 0.00 0.00 0.00 0
103540 0.00 0.00 0.00 0
103541 0.00 0.00 0.00 0
103542 0.00 0.00 0.00 0
103543 0.00 0.00 0.00 0
103544 0.00 0.00 0.00 0
103545 0.00 0.00 0.00 0
103546 0.00 0.00 0.00 0
103547 0.00 0.00 0.00 0
103548 0.00 0.00 0.00 0
103549 0.00 0.00 0.00 0
103550 0.00 0.00 0.00 0
103551 0.00 0.00 0.00 0
103552 0.00 0.00 0.00 0
103553 0.00 0.00 0.00 0
103554 0.00 0.00 0.00 0
103555 0.00 0.00 0.00 0
103556 0.00 0.00 0.00 0
103557 0.00 0.00 0.00 0
103558 0.00 0.00 0.00 0
103559 0.00 0.00 0.00 0
103560 0.00 0.00 0.00 0
103561 0.00 0.00 0.00 0
103562 0.00 0.00 0.00 0
103563 0.00 0.00 0.00 0
103564 0.00 0.00 0.00 0
103565 0.00 0.00 0.00 0
103566 0.00 0.00 0.00 0
103567 0.00 0.00 0.00 0
103568 0.00 0.00 0.00 0
103569 0.00 0.00 0.00 0
103570 0.00 0.00 0.00 0
103571 0.00 0.00 0.00 0
103572 0.00 0.00 0.00 0
103573 0.00 0.00 0.00 0
103574 0.00 0.00 0.00 0
103575 0.00 0.00 0.00 0
103576 0.00 0.00 0.00 0
105967 0.00 0.00 0.00 0
105968 0.00 0.00 0.00 0
105969 0.00 0.00 0.00 0
105970 0.00 0.00 0.00 0
105971 0.00 0.00 0.00 0
105972 0.00 0.00 0.00 0
105973 0.00 0.00 0.00 0
105974 0.00 0.00 0.00 0
105975 0.00 0.00 0.00 0
105976 0.00 0.00 0.00 0
105977 0.00 0.00 0.00 0
105978 0.00 0.00 0.00 0
105979 0.00 0.00 0.00 0
105980 0.00 0.00 0.00 0
105981 0.00 0.00 0.00 0
105982 0.00 0.00 0.00 0
105983 0.00 0.00 0.00 0
105984 0.00 0.00 0.00 0
105985 0.00 0.00 0.00 0
105986 0.00 0.00 0.00 0
105987 0.00 0.00 0.00 0
105988 0.00 0.00 0.00 0
105989 0.00 0.00 0.00 0
105990 0.00 0.00 0.00 0
105991 0.00 0.00 0.00 0
105992 0.00 0.00 0.00 0
105993 0.00 0.00 0.00 0
105994 0.00 0.00 0.00 0
105995 0.00 0.00 0.00 0
105996 0.00 0.00 0.00 0
105997 0.00 0.00 0.00 0
105998 0.00 0.00 0.00 0
105999 0.00 0.00 0.00 0
106000 0.00 0.00 0.00 0
106001 0.00 0.00 0.00 0
106002 0.00 0.00 0.00 0
106003 0.00 0.00 0.00 0
106004 0.00 0.00 0.00 0
106223 0.00 0.00 0.00 0
106225 0.00 0.00 0.00 0
106226 0.00 0.00 0.00 0
106227 0.00 0.00 0.00 0
106228 0.00 0.00 0.00 0
106229 0.00 0.00 0.00 0
106230 0.00 0.00 0.00 0
106231 0.00 0.00 0.00 0
106232 0.00 0.00 0.00 0
106233 0.00 0.00 0.00 0
106234 0.00 0.00 0.00 0
106241 0.00 0.00 0.00 0
106242 0.00 0.00 0.00 0
106243 0.00 0.00 0.00 0
106250 0.00 0.00 0.00 0
106251 0.00 0.00 0.00 0
106252 0.00 0.00 0.00 0
106253 0.00 0.00 0.00 0
106254 0.00 0.00 0.00 0
106255 0.00 0.00 0.00 0
106256 0.00 0.00 0.00 0
106257 0.00 0.00 0.00 0
106258 0.00 0.00 0.00 0
106259 0.00 0.00 0.00 0
106260 0.00 0.00 0.00 0
106261 0.00 0.00 0.00 0
106262 0.00 0.00 0.00 0
106263 0.00 0.00 0.00 0
106273 0.00 0.00 0.00 0
106274 0.00 0.00 0.00 0
106275 0.00 0.00 0.00 0
106276 0.00 0.00 0.00 0
106277 0.00 0.00 0.00 0
106278 0.00 0.00 0.00 0
106344 0.00 0.00 0.00 0
106345 0.00 0.00 0.00 0
106346 0.00 0.00 0.00 0
106347 0.00 0.00 0.00 0
106348 0.00 0.00 0.00 0
106349 0.00 0.00 0.00 0
106350 0.00 0.00 0.00 0
106351 0.00 0.00 0.00 0
106352 0.00 0.00 0.00 0
106353 0.00 0.00 0.00 0
106354 0.00 0.00 0.00 0
106355 0.00 0.00 0.00 0
106356 0.00 0.00 0.00 0
106362 0.00 0.00 0.00 0
108160 0.00 0.00 0.00 0
108161 0.00 0.00 0.00 0
108162 0.00 0.00 0.00 0
108163 0.00 0.00 0.00 0
108164 0.00 0.00 0.00 0
108165 0.00 0.00 0.00 0
108166 0.00 0.00 0.00 0
108167 0.00 0.00 0.00 0
108168 0.00 0.00 0.00 0
108174 0.00 0.00 0.00 0
108175 0.00 0.00 0.00 0
108176 0.00 0.00 0.00 0
108177 0.00 0.00 0.00 0
108178 0.00 0.00 0.00 0
108179 0.00 0.00 0.00 0
108180 0.00 0.00 0.00 0
108181 0.00 0.00 0.00 0
108182 0.00 0.00 0.00 0
108183 0.00 0.00 0.00 0
108184 0.00 0.00 0.00 0
108185 0.00 0.00 0.00 0
108186 0.00 0.00 0.00 0
108187 0.00 0.00 0.00 0
108188 0.00 0.00 0.00 0
108275 0.00 0.00 0.00 0
108276 0.00 0.00 0.00 0
109369 0.00 0.00 0.00 0
109370 0.00 0.00 0.00 0
109371 0.00 0.00 0.00 0
109372 0.00 0.00 0.00 0
109373 0.00 0.00 0.00 0
109374 0.00 0.00 0.00 0
109375 0.00 0.00 0.00 0
109376 0.00 0.00 0.00 0
109377 0.00 0.00 0.00 0
109378 0.00 0.00 0.00 0
109379 0.00 0.00 0.00 0
109380 0.00 0.00 0.00 0
109381 0.00 0.00 0.00 0
109382 0.00 0.00 0.00 0
109383 0.00 0.00 0.00 0
109384 0.00 0.00 0.00 0
109385 0.00 0.00 0.00 0
109386 0.00 0.00 0.00 0
109387 0.00 0.00 0.00 0
109388 0.00 0.00 0.00 0
109389 0.00 0.00 0.00 0
109390 0.00 0.00 0.00 0
109391 0.00 0.00 0.00 0
109392 0.00 0.00 0.00 0
109393 0.00 0.00 0.00 0
109394 0.00 0.00 0.00 0
109395 0.00 0.00 0.00 0
109396 0.00 0.00 0.00 0
109397 0.00 0.00 0.00 0
109398 0.00 0.00 0.00 0
109399 0.00 0.00 0.00 0
109400 0.00 0.00 0.00 0
109401 0.00 0.00 0.00 0
109402 0.00 0.00 0.00 0
109403 0.00 0.00 0.00 0
109404 0.00 0.00 0.00 0
109405 0.00 0.00 0.00 0
109406 0.00 0.00 0.00 0
109407 0.00 0.00 0.00 0
109408 0.00 0.00 0.00 0
109423 0.00 0.00 0.00 0
109424 0.00 0.00 0.00 0
109425 0.00 0.00 0.00 0
109426 0.00 0.00 0.00 0
109427 0.00 0.00 0.00 0
109428 0.00 0.00 0.00 0
109429 0.00 0.00 0.00 0
109430 0.00 0.00 0.00 0
109431 0.00 0.00 0.00 0
109432 0.00 0.00 0.00 0
109433 0.00 0.00 0.00 0
109434 0.00 0.00 0.00 0
109435 0.00 0.00 0.00 0
109436 0.00 0.00 0.00 0
109437 0.00 0.00 0.00 0
109438 0.00 0.00 0.00 0
109439 0.00 0.00 0.00 0
109440 0.00 0.00 0.00 0
109441 0.00 0.00 0.00 0
109442 0.00 0.00 0.00 0
109443 0.00 0.00 0.00 0
109444 0.00 0.00 0.00 0
109445 0.00 0.00 0.00 0
109446 0.00 0.00 0.00 0
109447 0.00 0.00 0.00 0
109448 0.00 0.00 0.00 0
109449 0.00 0.00 0.00 0
109450 0.00 0.00 0.00 0
109451 0.00 0.00 0.00 0
109490 0.00 0.00 0.00 0
109491 0.00 0.00 0.00 0
109492 0.00 0.00 0.00 0
109493 0.00 0.00 0.00 0
109494 0.00 0.00 0.00 0
109495 0.00 0.00 0.00 0
109496 0.00 0.00 0.00 0
109497 0.00 0.00 0.00 0
109498 0.00 0.00 0.00 0
109499 0.00 0.00 0.00 0
109500 0.00 0.00 0.00 0
109501 0.00 0.00 0.00 0
109502 0.00 0.00 0.00 0
109503 0.00 0.00 0.00 0
109504 0.00 0.00 0.00 0
109505 0.00 0.00 0.00 0
109506 0.00 0.00 0.00 0
109507 0.00 0.00 0.00 0
109508 0.00 0.00 0.00 0
109509 0.00 0.00 0.00 0
109510 0.00 0.00 0.00 0
109511 0.00 0.00 0.00 0
109512 0.00 0.00 0.00 0
109513 0.00 0.00 0.00 0
109514 0.00 0.00 0.00 0
109515 0.00 0.00 0.00 0
109516 0.00 0.00 0.00 0
109517 0.00 0.00 0.00 0
109518 0.00 0.00 0.00 0
109519 0.00 0.00 0.00 0
109520 0.00 0.00 0.00 0
109521 0.00 0.00 0.00 0
109522 0.00 0.00 0.00 0
109523 0.00 0.00 0.00 0
109524 0.00 0.00 0.00 0
109525 0.00 0.00 0.00 0
109526 0.00 0.00 0.00 0
109527 0.00 0.00 0.00 0
109528 0.00 0.00 0.00 0
109529 0.00 0.00 0.00 0
109531 0.00 0.00 0.00 0
109532 0.00 0.00 0.00 0
109533 0.00 0.00 0.00 0
109534 0.00 0.00 0.00 0
109535 0.00 0.00 0.00 0
109539 0.00 0.00 0.00 0
109540 0.00 0.00 0.00 0
109541 0.00 0.00 0.00 0
109542 0.00 0.00 0.00 0
109543 0.00 0.00 0.00 0
115252 0.00 0.00 0.00 0
115253 0.00 0.00 0.00 0
115254 0.00 0.00 0.00 0
115255 0.00 0.00 0.00 0
115256 0.00 0.00 0.00 0
115257 0.00 0.00 0.00 0
115258 0.00 0.00 0.00 0
115259 0.00 0.00 0.00 0
115260 0.00 0.00 0.00 0
115261 0.00 0.00 0.00 0
115262 0.00 0.00 0.00 0
115263 0.00 0.00 0.00 0
115264 0.00 0.00 0.00 0
115265 0.00 0.00 0.00 0
115266 0.00 0.00 0.00 0
115267 0.00 0.00 0.00 0
115268 0.00 0.00 0.00 0
115269 0.00 0.00 0.00 0
115270 0.00 0.00 0.00 0
115271 0.00 0.00 0.00 0
115272 0.00 0.00 0.00 0
115273 0.00 0.00 0.00 0
115274 0.00 0.00 0.00 0
115275 0.00 0.00 0.00 0
115276 0.00 0.00 0.00 0
115277 0.00 0.00 0.00 0
115278 0.00 0.00 0.00 0
115279 0.00 0.00 0.00 0
115280 0.00 0.00 0.00 0
115281 0.00 0.00 0.00 0
115282 0.00 0.00 0.00 0
115437 0.00 0.00 0.00 0
115438 0.00 0.00 0.00 0
115439 0.00 0.00 0.00 0
115440 0.00 0.00 0.00 0
115441 0.00 0.00 0.00 0
115442 0.00 0.00 0.00 0
115443 0.00 0.00 0.00 0
115537 0.00 0.00 0.00 0
115538 0.00 0.00 0.00 0
115539 0.00 0.00 0.00 0
115540 0.00 0.00 0.00 0
115541 0.00 0.00 0.00 0
115542 0.00 0.00 0.00 0
115543 0.00 0.00 0.00 0
115544 0.00 0.00 0.00 0
115545 0.00 0.00 0.00 0
115546 0.00 0.00 0.00 0
116208 0.00 0.00 0.00 0
116209 0.00 0.00 0.00 0
116210 0.00 0.00 0.00 0
116211 0.00 0.00 0.00 0
116213 0.00 0.00 0.00 0
116230 0.00 0.00 0.00 0
116231 0.00 0.00 0.00 0
116232 0.00 0.00 0.00 0
116233 0.00 0.00 0.00 0
116234 0.00 0.00 0.00 0
116235 0.00 0.00 0.00 0
116236 0.00 0.00 0.00 0
116237 0.00 0.00 0.00 0
116238 0.00 0.00 0.00 0
116239 0.00 0.00 0.00 0
116746 0.00 0.00 0.00 0
116747 0.00 0.00 0.00 0
116748 0.00 0.00 0.00 0
116749 0.00 0.00 0.00 0
116750 0.00 0.00 0.00 0
116751 0.00 0.00 0.00 0
116752 0.00 0.00 0.00 0
116753 0.00 0.00 0.00 0
116754 0.00 0.00 0.00 0
116755 0.00 0.00 0.00 0
116756 0.00 0.00 0.00 0
116757 0.00 0.00 0.00 0
116758 0.00 0.00 0.00 0
116759 0.00 0.00 0.00 0
117080 0.00 0.00 0.00 0
117081 0.00 0.00 0.00 0
117082 0.00 0.00 0.00 0
117083 0.00 0.00 0.00 0
117084 0.00 0.00 0.00 0
117085 0.00 0.00 0.00 0
117086 0.00 0.00 0.00 0
117087 0.00 0.00 0.00 0
117088 0.00 0.00 0.00 0
117089 0.00 0.00 0.00 0
117090 0.00 0.00 0.00 0
118728 0.00 0.00 0.00 0
118729 0.00 0.00 0.00 0
118730 0.00 0.00 0.00 0
118731 0.00 0.00 0.00 0
118732 0.00 0.00 0.00 0
118733 0.00 0.00 0.00 0
118734 0.00 0.00 0.00 0
118735 0.00 0.00 0.00 0
118736 0.00 0.00 0.00 0
118737 0.00 0.00 0.00 0
118738 0.00 0.00 0.00 0
118739 0.00 0.00 0.00 0
118740 0.00 0.00 0.00 0
118741 0.00 0.00 0.00 0
118742 0.00 0.00 0.00 0
118743 0.00 0.00 0.00 0
118744 0.00 0.00 0.00 0
118745 0.00 0.00 0.00 0
118746 0.00 0.00 0.00 0
118747 0.00 0.00 0.00 0
118748 0.00 0.00 0.00 0
118749 0.00 0.00 0.00 0
118750 0.00 0.00 0.00 0
118751 0.00 0.00 0.00 0
118752 0.00 0.00 0.00 0
118753 0.00 0.00 0.00 0
118754 0.00 0.00 0.00 0
118755 0.00 0.00 0.00 0
118756 0.00 0.00 0.00 0
118757 0.00 0.00 0.00 0
118758 0.00 0.00 0.00 0
118759 0.00 0.00 0.00 0
118760 0.00 0.00 0.00 0
118761 0.00 0.00 0.00 0
118762 0.00 0.00 0.00 0
118791 0.00 0.00 0.00 0
118792 0.00 0.00 0.00 0
118793 0.00 0.00 0.00 0
118794 0.00 0.00 0.00 0
118795 0.00 0.00 0.00 0
118796 0.00 0.00 0.00 0
118797 0.00 0.00 0.00 0
118798 0.00 0.00 0.00 0
118799 0.00 0.00 0.00 0
118800 0.00 0.00 0.00 0
118801 0.00 0.00 0.00 0
118802 0.00 0.00 0.00 0
118803 0.00 0.00 0.00 0
118804 0.00 0.00 0.00 0
118805 0.00 0.00 0.00 0
118806 0.00 0.00 0.00 0
118807 0.00 0.00 0.00 0
118808 0.00 0.00 0.00 0
118809 0.00 0.00 0.00 0
118810 0.00 0.00 0.00 0
119271 0.00 0.00 0.00 0
119281 0.00 0.00 0.00 0
119282 0.00 0.00 0.00 0
119283 0.00 0.00 0.00 0
119284 0.00 0.00 0.00 0
119285 0.00 0.00 0.00 0
119286 0.00 0.00 0.00 0
119569 0.00 0.00 0.00 0
119570 0.00 0.00 0.00 0
119571 0.00 0.00 0.00 0
119572 0.00 0.00 0.00 0
119573 0.00 0.00 0.00 0
119574 0.00 0.00 0.00 0
119575 0.00 0.00 0.00 0
119576 0.00 0.00 0.00 0
119577 0.00 0.00 0.00 0
119578 0.00 0.00 0.00 0
119579 0.00 0.00 0.00 0
119580 0.00 0.00 0.00 0
119581 0.00 0.00 0.00 0
119582 0.00 0.00 0.00 0
119583 0.00 0.00 0.00 0
119584 0.00 0.00 0.00 0
119585 0.00 0.00 0.00 0
119586 0.00 0.00 0.00 0
119587 0.00 0.00 0.00 0
119588 0.00 0.00 0.00 0
119589 0.00 0.00 0.00 0
119590 0.00 0.00 0.00 0
119591 0.00 0.00 0.00 0
119592 0.00 0.00 0.00 0
119593 0.00 0.00 0.00 0
119594 0.00 0.00 0.00 0
119595 0.00 0.00 0.00 0
119596 0.00 0.00 0.00 0
119597 0.00 0.00 0.00 0
119598 0.00 0.00 0.00 0
119599 0.00 0.00 0.00 0
121175 0.00 0.00 0.00 0
121176 0.00 0.00 0.00 0
121459 0.00 0.00 0.00 0
121460 0.00 0.00 0.00 0
121461 0.00 0.00 0.00 0
121462 0.00 0.00 0.00 0
121463 0.00 0.00 0.00 0
121464 0.00 0.00 0.00 0
121465 0.00 0.00 0.00 0
121466 0.00 0.00 0.00 0
121467 0.00 0.00 0.00 0
121468 0.00 0.00 0.00 0
121469 0.00 0.00 0.00 0
121470 0.00 0.00 0.00 0
121471 0.00 0.00 0.00 0
121472 0.00 0.00 0.00 0
121473 0.00 0.00 0.00 0
121474 0.00 0.00 0.00 0
121475 0.00 0.00 0.00 0
121476 0.00 0.00 0.00 0
121477 0.00 0.00 0.00 0
121478 0.00 0.00 0.00 0
121479 0.00 0.00 0.00 0
121480 0.00 0.00 0.00 0
121481 0.00 0.00 0.00 0
121482 0.00 0.00 0.00 0
121483 0.00 0.00 0.00 0
121485 0.00 0.00 0.00 0
121486 0.00 0.00 0.00 0
121658 0.00 0.00 0.00 0
121659 0.00 0.00 0.00 0
121660 0.00 0.00 0.00 0
121661 0.00 0.00 0.00 0
121662 0.00 0.00 0.00 0
121663 0.00 0.00 0.00 0
121664 0.00 0.00 0.00 0
121665 0.00 0.00 0.00 0
121666 0.00 0.00 0.00 0
121667 0.00 0.00 0.00 0
121668 0.00 0.00 0.00 0
121669 0.00 0.00 0.00 0
121670 0.00 0.00 0.00 0
121671 0.00 0.00 0.00 0
121672 0.00 0.00 0.00 0
121673 0.00 0.00 0.00 0
121674 0.00 0.00 0.00 0
121675 0.00 0.00 0.00 0
121676 0.00 0.00 0.00 0
121679 0.00 0.00 0.00 0
121680 0.00 0.00 0.00 0
121681 0.00 0.00 0.00 0
121682 0.00 0.00 0.00 0
121683 0.00 0.00 0.00 0
121684 0.00 0.00 0.00 0
121685 0.00 0.00 0.00 0
121686 0.00 0.00 0.00 0
121687 0.00 0.00 0.00 0
121688 0.00 0.00 0.00 0
121689 0.00 0.00 0.00 0
121741 0.00 0.00 0.00 0
121743 0.00 0.00 0.00 0
121744 0.00 0.00 0.00 0
121746 0.00 0.00 0.00 0
121747 0.00 0.00 0.00 0
121752 0.00 0.00 0.00 0
121753 0.00 0.00 0.00 0
121754 0.00 0.00 0.00 0
121755 0.00 0.00 0.00 0
121756 0.00 0.00 0.00 0
121757 0.00 0.00 0.00 0
121758 0.00 0.00 0.00 0
121759 0.00 0.00 0.00 0
121760 0.00 0.00 0.00 0
121761 0.00 0.00 0.00 0
121762 0.00 0.00 0.00 0
121763 0.00 0.00 0.00 0
121764 0.00 0.00 0.00 0
121765 0.00 0.00 0.00 0
121766 0.00 0.00 0.00 0
121767 0.00 0.00 0.00 0
121768 0.00 0.00 0.00 0
121769 0.00 0.00 0.00 0
121770 0.00 0.00 0.00 0
123167 0.00 0.00 0.00 0
123168 0.00 0.00 0.00 0
123169 0.00 0.00 0.00 0
123170 0.00 0.00 0.00 0
123171 0.00 0.00 0.00 0
123180 0.00 0.00 0.00 0
123181 0.00 0.00 0.00 0
123182 0.00 0.00 0.00 0
123183 0.00 0.00 0.00 0
123184 0.00 0.00 0.00 0
123185 0.00 0.00 0.00 0
123186 0.00 0.00 0.00 0
123187 0.00 0.00 0.00 0
123188 0.00 0.00 0.00 0
123189 0.00 0.00 0.00 0
123190 0.00 0.00 0.00 0
123254 0.00 0.00 0.00 0
123255 0.00 0.00 0.00 0
124105 0.00 0.00 0.00 0
124106 0.00 0.00 0.00 0
124107 0.00 0.00 0.00 0
124108 0.00 0.00 0.00 0
124110 0.00 0.00 0.00 0
124111 0.00 0.00 0.00 0
124112 0.00 0.00 0.00 0
124113 0.00 0.00 0.00 0
124114 0.00 0.00 0.00 0
124115 0.00 0.00 0.00 0
124116 0.00 0.00 0.00 0
124117 0.00 0.00 0.00 0
124118 0.00 0.00 0.00 0
124119 0.00 0.00 0.00 0
124120 0.00 0.00 0.00 0
124121 0.00 0.00 0.00 0
124122 0.00 0.00 0.00 0
124123 0.00 0.00 0.00 0
124124 0.00 0.00 0.00 0
124125 0.00 0.00 0.00 0
124126 0.00 0.00 0.00 0
124127 0.00 0.00 0.00 0
124128 0.00 0.00 0.00 0
124129 0.00 0.00 0.00 0
124130 0.00 0.00 0.00 0
124131 0.00 0.00 0.00 0
124132 0.00 0.00 0.00 0
124133 0.00 0.00 0.00 0
124134 0.00 0.00 0.00 0
124135 0.00 0.00 0.00 0
124136 0.00 0.00 0.00 0
124137 0.00 0.00 0.00 0
124138 0.00 0.00 0.00 0
124139 0.00 0.00 0.00 0
124140 0.00 0.00 0.00 0
124141 0.00 0.00 0.00 0
124142 0.00 0.00 0.00 0
124143 0.00 0.00 0.00 0
124144 0.00 0.00 0.00 0
124145 0.00 0.00 0.00 0
124146 0.00 0.00 0.00 0
124147 0.00 0.00 0.00 0
124148 0.00 0.00 0.00 0
124149 0.00 0.00 0.00 0
124150 0.00 0.00 0.00 0
124151 0.00 0.00 0.00 0
124152 0.00 0.00 0.00 0
124153 0.00 0.00 0.00 0
124154 0.00 0.00 0.00 0
124155 0.00 0.00 0.00 0
124156 0.00 0.00 0.00 0
124157 0.00 0.00 0.00 0
124158 0.00 0.00 0.00 0
124159 0.00 0.00 0.00 0
124160 0.00 0.00 0.00 0
124161 0.00 0.00 0.00 0
124162 0.00 0.00 0.00 0
124163 0.00 0.00 0.00 0
124164 0.00 0.00 0.00 0
124165 0.00 0.00 0.00 0
124166 0.00 0.00 0.00 0
124167 0.00 0.00 0.00 0
124199 0.00 0.00 0.00 0
124200 0.00 0.00 0.00 0
124201 0.00 0.00 0.00 0
124202 0.00 0.00 0.00 0
124203 0.00 0.00 0.00 0
124204 0.00 0.00 0.00 0
124205 0.00 0.00 0.00 0
124206 0.00 0.00 0.00 0
124207 0.00 0.00 0.00 0
124208 0.00 0.00 0.00 0
124209 0.00 0.00 0.00 0
124210 0.00 0.00 0.00 0
124211 0.00 0.00 0.00 0
124212 0.00 0.00 0.00 0
124213 0.00 0.00 0.00 0
124214 0.00 0.00 0.00 0
124215 0.00 0.00 0.00 0
124216 0.00 0.00 0.00 0
124217 0.00 0.00 0.00 0
124218 0.00 0.00 0.00 0
124219 0.00 0.00 0.00 0
124220 0.00 0.00 0.00 0
124221 0.00 0.00 0.00 0
124222 0.00 0.00 0.00 0
124223 0.00 0.00 0.00 0
124224 0.00 0.00 0.00 0
124225 0.00 0.00 0.00 0
124226 0.00 0.00 0.00 0
124227 0.00 0.00 0.00 0
124228 0.00 0.00 0.00 0
124229 0.00 0.00 0.00 0
124231 0.00 0.00 0.00 0
124232 0.00 0.00 0.00 0
124233 0.00 0.00 0.00 0
124234 0.00 0.00 0.00 0
124235 0.00 0.00 0.00 0
124237 0.00 0.00 0.00 0
124238 0.00 0.00 0.00 0
124240 0.00 0.00 0.00 0
124241 0.00 0.00 0.00 0
128792 0.00 0.00 0.00 0
128793 0.00 0.00 0.00 0
128794 0.00 0.00 0.00 0
128795 0.00 0.00 0.00 0
128796 0.00 0.00 0.00 0
128797 0.00 0.00 0.00 0
128798 0.00 0.00 0.00 0
128799 0.00 0.00 0.00 0
128800 0.00 0.00 0.00 0
128801 0.00 0.00 0.00 0
128802 0.00 0.00 0.00 0
128803 0.00 0.00 0.00 0
128804 0.00 0.00 0.00 0
128805 0.00 0.00 0.00 0
128806 0.00 0.00 0.00 0
128807 0.00 0.00 0.00 0
128808 0.00 0.00 0.00 0
128809 0.00 0.00 0.00 0
128810 0.00 0.00 0.00 0
128811 0.00 0.00 0.00 0
128812 0.00 0.00 0.00 0
128813 0.00 0.00 0.00 0
128814 0.00 0.00 0.00 0
128815 0.00 0.00 0.00 0
128816 0.00 0.00 0.00 0
128817 0.00 0.00 0.00 0
128818 0.00 0.00 0.00 0
128819 0.00 0.00 0.00 0
128820 0.00 0.00 0.00 0
128821 0.00 0.00 0.00 0
128822 0.00 0.00 0.00 0
128823 0.00 0.00 0.00 0
128824 0.00 0.00 0.00 0
128825 0.00 0.00 0.00 0
128826 0.00 0.00 0.00 0
128827 0.00 0.00 0.00 0
128828 0.00 0.00 0.00 0
128829 0.00 0.00 0.00 0
128830 0.00 0.00 0.00 0
128831 0.00 0.00 0.00 0
128847 0.00 0.00 0.00 0
128848 0.00 0.00 0.00 0
128849 0.00 0.00 0.00 0
128850 0.00 0.00 0.00 0
128851 0.00 0.00 0.00 0
128852 0.00 0.00 0.00 0
128853 0.00 0.00 0.00 0
128854 0.00 0.00 0.00 0
128855 0.00 0.00 0.00 0
128856 0.00 0.00 0.00 0
128857 0.00 0.00 0.00 0
128858 0.00 0.00 0.00 0
128859 0.00 0.00 0.00 0
128860 0.00 0.00 0.00 0
128861 0.00 0.00 0.00 0
128862 0.00 0.00 0.00 0
128863 0.00 0.00 0.00 0
128864 0.00 0.00 0.00 0
128865 0.00 0.00 0.00 0
128866 0.00 0.00 0.00 0
129290 0.00 0.00 0.00 0
129291 0.00 0.00 0.00 0
129292 0.00 0.00 0.00 0
129293 0.00 0.00 0.00 0
129294 0.00 0.00 0.00 0
129295 0.00 0.00 0.00 0
129296 0.00 0.00 0.00 0
129297 0.00 0.00 0.00 0
129553 0.00 0.00 0.00 0
129554 0.00 0.00 0.00 0
129555 0.00 0.00 0.00 0
129556 0.00 0.00 0.00 0
129557 0.00 0.00 0.00 0
129558 0.00 0.00 0.00 0
129559 0.00 0.00 0.00 0
129560 0.00 0.00 0.00 0
129561 0.00 0.00 0.00 0
129562 0.00 0.00 0.00 0
129563 0.00 0.00 0.00 0
129564 0.00 0.00 0.00 0
129565 0.00 0.00 0.00 0
129566 0.00 0.00 0.00 0
129567 0.00 0.00 0.00 0
129568 0.00 0.00 0.00 0
129569 0.00 0.00 0.00 0
129570 0.00 0.00 0.00 0
129571 0.00 0.00 0.00 0
129572 0.00 0.00 0.00 0
129573 0.00 0.00 0.00 0
129574 0.00 0.00 0.00 0
129575 0.00 0.00 0.00 0
129576 0.00 0.00 0.00 0
129577 0.00 0.00 0.00 0
129578 0.00 0.00 0.00 0
129579 0.00 0.00 0.00 0
129580 0.00 0.00 0.00 0
131265 0.00 0.00 0.00 0
131266 0.00 0.00 0.00 0
131268 0.00 0.00 0.00 0
131269 0.00 0.00 0.00 0
131270 0.00 0.00 0.00 0
131271 0.00 0.00 0.00 0
131272 0.00 0.00 0.00 0
131281 0.00 0.00 0.00 0
131282 0.00 0.00 0.00 0
131283 0.00 0.00 0.00 0
131387 0.00 0.00 0.00 0
131388 0.00 0.00 0.00 0
131438 0.00 0.00 0.00 0
131439 0.00 0.00 0.00 0
131440 0.00 0.00 0.00 0
131441 0.00 0.00 0.00 0
131442 0.00 0.00 0.00 0
131443 0.00 0.00 0.00 0
131444 0.00 0.00 0.00 0
131445 0.00 0.00 0.00 0
131446 0.00 0.00 0.00 0
131447 0.00 0.00 0.00 0
131448 0.00 0.00 0.00 0
131449 0.00 0.00 0.00 0
131450 0.00 0.00 0.00 0
131451 0.00 0.00 0.00 0
131452 0.00 0.00 0.00 0
131453 0.00 0.00 0.00 0
131454 0.00 0.00 0.00 0
131455 0.00 0.00 0.00 0
131456 0.00 0.00 0.00 0
131457 0.00 0.00 0.00 0
131458 0.00 0.00 0.00 0
131459 0.00 0.00 0.00 0
131460 0.00 0.00 0.00 0
131461 0.00 0.00 0.00 0
131518 0.00 0.00 0.00 0
131519 0.00 0.00 0.00 0
131520 0.00 0.00 0.00 0
131521 0.00 0.00 0.00 0
131522 0.00 0.00 0.00 0
131523 0.00 0.00 0.00 0
131524 0.00 0.00 0.00 0
131525 0.00 0.00 0.00 0
131526 0.00 0.00 0.00 0
131527 0.00 0.00 0.00 0
131528 0.00 0.00 0.00 0
131535 0.00 0.00 0.00 0
131536 0.00 0.00 0.00 0
131537 0.00 0.00 0.00 0
131538 0.00 0.00 0.00 0
131539 0.00 0.00 0.00 0
131540 0.00 0.00 0.00 0
131541 0.00 0.00 0.00 0
131542 0.00 0.00 0.00 0
131543 0.00 0.00 0.00 0
131544 0.00 0.00 0.00 0
132843 0.00 0.00 0.00 0
132844 0.00 0.00 0.00 0
132845 0.00 0.00 0.00 0
132846 0.00 0.00 0.00 0
132847 0.00 0.00 0.00 0
132871 0.00 0.00 0.00 0
133659 0.00 0.00 0.00 0
133660 0.00 0.00 0.00 0
133662 0.00 0.00 0.00 0
133663 0.00 0.00 0.00 0
133664 0.00 0.00 0.00 0
133665 0.00 0.00 0.00 0
133666 0.00 0.00 0.00 0
133673 0.00 0.00 0.00 0
133674 0.00 0.00 0.00 0
133675 0.00 0.00 0.00 0
133676 0.00 0.00 0.00 0
133677 0.00 0.00 0.00 0
133678 0.00 0.00 0.00 0
133681 0.00 0.00 0.00 0
133682 0.00 0.00 0.00 0
133683 0.00 0.00 0.00 0
133684 0.00 0.00 0.00 0
133685 0.00 0.00 0.00 0
133686 0.00 0.00 0.00 0
133687 0.00 0.00 0.00 0
133688 0.00 0.00 0.00 0
133689 0.00 0.00 0.00 0
133690 0.00 0.00 0.00 0
133691 0.00 0.00 0.00 0
133692 0.00 0.00 0.00 0
133693 0.00 0.00 0.00 0
133704 0.00 0.00 0.00 0
133705 0.00 0.00 0.00 0
133706 0.00 0.00 0.00 0
133742 0.00 0.00 0.00 0
133743 0.00 0.00 0.00 0
133744 0.00 0.00 0.00 0
133745 0.00 0.00 0.00 0
133746 0.00 0.00 0.00 0
133747 0.00 0.00 0.00 0
133748 0.00 0.00 0.00 0
133749 0.00 0.00 0.00 0
133750 0.00 0.00 0.00 0
133751 0.00 0.00 0.00 0
133752 0.00 0.00 0.00 0
133753 0.00 0.00 0.00 0
133754 0.00 0.00 0.00 0
133755 0.00 0.00 0.00 0
133756 0.00 0.00 0.00 0
133757 0.00 0.00 0.00 0
133758 0.00 0.00 0.00 0
133759 0.00 0.00 0.00 0
133760 0.00 0.00 0.00 0
133761 0.00 0.00 0.00 0
133762 0.00 0.00 0.00 0
133763 0.00 0.00 0.00 0
133764 0.00 0.00 0.00 0
133765 0.00 0.00 0.00 0
133766 0.00 0.00 0.00 0
133767 0.00 0.00 0.00 0
133768 0.00 0.00 0.00 0
133769 0.00 0.00 0.00 0
133770 0.00 0.00 0.00 0
138210 0.00 0.00 0.00 0
138213 0.00 0.00 0.00 0
138230 0.00 0.00 0.00 0
138231 0.00 0.00 0.00 0
138232 0.00 0.00 0.00 0
138233 0.00 0.00 0.00 0
138234 0.00 0.00 0.00 0
138235 0.00 0.00 0.00 0
138236 0.00 0.00 0.00 0
138237 0.00 0.00 0.00 0
138238 0.00 0.00 0.00 0
138239 0.00 0.00 0.00 0
138240 0.00 0.00 0.00 0
138241 0.00 0.00 0.00 0
138242 0.00 0.00 0.00 0
138243 0.00 0.00 0.00 0
138244 0.00 0.00 0.00 0
138245 0.00 0.00 0.00 0
138246 0.00 0.00 0.00 0
138247 0.00 0.00 0.00 0
138248 0.00 0.00 0.00 0
138249 0.00 0.00 0.00 0
138250 0.00 0.00 0.00 0
138251 0.00 0.00 0.00 0
138252 0.00 0.00 0.00 0
138253 0.00 0.00 0.00 0
138254 0.00 0.00 0.00 0
138255 0.00 0.00 0.00 0
138256 0.00 0.00 0.00 0
138257 0.00 0.00 0.00 0
138258 0.00 0.00 0.00 0
138259 0.00 0.00 0.00 0
138260 0.00 0.00 0.00 0
138261 0.00 0.00 0.00 0
138262 0.00 0.00 0.00 0
138263 0.00 0.00 0.00 0
138264 0.00 0.00 0.00 0
138265 0.00 0.00 0.00 0
138266 0.00 0.00 0.00 0
138267 0.00 0.00 0.00 0
138268 0.00 0.00 0.00 0
138269 0.00 0.00 0.00 0
138270 0.00 0.00 0.00 0
138271 0.00 0.00 0.00 0
138272 0.00 0.00 0.00 0
138273 0.00 0.00 0.00 0
138274 0.00 0.00 0.00 0
138275 0.00 0.00 0.00 0
138276 0.00 0.00 0.00 0
138277 0.00 0.00 0.00 0
138278 0.00 0.00 0.00 0
138279 0.00 0.00 0.00 0
138280 0.00 0.00 0.00 0
138284 0.00 0.00 0.00 0
138285 0.00 0.00 0.00 0
138286 0.00 0.00 0.00 0
138287 0.00 0.00 0.00 0
138288 0.00 0.00 0.00 0
138289 0.00 0.00 0.00 0
138290 0.00 0.00 0.00 0
138291 0.00 0.00 0.00 0
138292 0.00 0.00 0.00 0
138293 0.00 0.00 0.00 0
138294 0.00 0.00 0.00 0
138295 0.00 0.00 0.00 0
138297 0.00 0.00 0.00 0
138298 0.00 0.00 0.00 0
138299 0.00 0.00 0.00 0
138300 0.00 0.00 0.00 0
138301 0.00 0.00 0.00 0
138302 0.00 0.00 0.00 0
138303 0.00 0.00 0.00 0
138304 0.00 0.00 0.00 0
138402 0.00 0.00 0.00 0
138405 0.00 0.00 0.00 0
138418 0.00 0.00 0.00 0
139639 0.00 0.00 0.00 0
139640 0.00 0.00 0.00 0
139641 0.00 0.00 0.00 0
139644 0.00 0.00 0.00 0
139645 0.00 0.00 0.00 0
139646 0.00 0.00 0.00 0
139647 0.00 0.00 0.00 0
139648 0.00 0.00 0.00 0
139649 0.00 0.00 0.00 0
139650 0.00 0.00 0.00 0
139651 0.00 0.00 0.00 0
139652 0.00 0.00 0.00 0
139653 0.00 0.00 0.00 0
139654 0.00 0.00 0.00 0
139655 0.00 0.00 0.00 0
139656 0.00 0.00 0.00 0
140405 0.00 0.00 0.00 0
140408 0.00 0.00 0.00 0
140409 0.00 0.00 0.00 0
140410 0.00 0.00 0.00 0
140411 0.00 0.00 0.00 0
140412 0.00 0.00 0.00 0
140413 0.00 0.00 0.00 0
140414 0.00 0.00 0.00 0
140415 0.00 0.00 0.00 0
140416 0.00 0.00 0.00 0
140417 0.00 0.00 0.00 0
140418 0.00 0.00 0.00 0
140419 0.00 0.00 0.00 0
140420 0.00 0.00 0.00 0
140421 0.00 0.00 0.00 0
140422 0.00 0.00 0.00 0
140423 0.00 0.00 0.00 0
140424 0.00 0.00 0.00 0
140425 0.00 0.00 0.00 0
140426 0.00 0.00 0.00 0
140427 0.00 0.00 0.00 0
140428 0.00 0.00 0.00 0
140429 0.00 0.00 0.00 0
140430 0.00 0.00 0.00 0
140431 0.00 0.00 0.00 0
140432 0.00 0.00 0.00 0
140433 0.00 0.00 0.00 0
140434 0.00 0.00 0.00 0
140435 0.00 0.00 0.00 0
140436 0.00 0.00 0.00 0
140437 0.00 0.00 0.00 0
140438 0.00 0.00 0.00 0
140439 0.00 0.00 0.00 0
140440 0.00 0.00 0.00 0
140441 0.00 0.00 0.00 0
140442 0.00 0.00 0.00 0
140443 0.00 0.00 0.00 0
140444 0.00 0.00 0.00 0
140445 0.00 0.00 0.00 0
140446 0.00 0.00 0.00 0
140447 0.00 0.00 0.00 0
140448 0.00 0.00 0.00 0
140449 0.00 0.00 0.00 0
140450 0.00 0.00 0.00 0
140451 0.00 0.00 0.00 0
140452 0.00 0.00 0.00 0
140453 0.00 0.00 0.00 0
140454 0.00 0.00 0.00 0
140455 0.00 0.00 0.00 0
140456 0.00 0.00 0.00 0
140457 0.00 0.00 0.00 0
140458 0.00 0.00 0.00 0
140459 0.00 0.00 0.00 0
140460 0.00 0.00 0.00 0
140461 0.00 0.00 0.00 0
140462 0.00 0.00 0.00 0
140463 0.00 0.00 0.00 0
140464 0.00 0.00 0.00 0
140465 0.00 0.00 0.00 0
140466 0.00 0.00 0.00 0
140467 0.00 0.00 0.00 0
140468 0.00 0.00 0.00 0
140469 0.00 0.00 0.00 0
140470 0.00 0.00 0.00 0
140471 0.00 0.00 0.00 0
140472 0.00 0.00 0.00 0
140473 0.00 0.00 0.00 0
140474 0.00 0.00 0.00 0
140477 0.00 0.00 0.00 0
140484 0.00 0.00 0.00 0
140490 0.00 0.00 0.00 0
140491 0.00 0.00 0.00 0
140492 0.00 0.00 0.00 0
140493 0.00 0.00 0.00 0
140501 0.00 0.00 0.00 0
140502 0.00 0.00 0.00 0
144606 0.00 0.00 0.00 0
145339 0.00 0.00 0.00 0
145340 0.00 0.00 0.00 0
145341 0.00 0.00 0.00 0
145342 0.00 0.00 0.00 0
145343 0.00 0.00 0.00 0
145344 0.00 0.00 0.00 0
145345 0.00 0.00 0.00 0
145346 0.00 0.00 0.00 0
145347 0.00 0.00 0.00 0
145348 0.00 0.00 0.00 0
145349 0.00 0.00 0.00 0
145350 0.00 0.00 0.00 0
145351 0.00 0.00 0.00 0
145352 0.00 0.00 0.00 0
145353 0.00 0.00 0.00 0
145354 0.00 0.00 0.00 0
145355 0.00 0.00 0.00 0
145356 0.00 0.00 0.00 0
145357 0.00 0.00 0.00 0
145358 0.00 0.00 0.00 0
145359 0.00 0.00 0.00 0
145360 0.00 0.00 0.00 0
145361 0.00 0.00 0.00 0
145362 0.00 0.00 0.00 0
145363 0.00 0.00 0.00 0
145364 0.00 0.00 0.00 0
145365 0.00 0.00 0.00 0
145366 0.00 0.00 0.00 0
145367 0.00 0.00 0.00 0
145368 0.00 0.00 0.00 0
145369 0.00 0.00 0.00 0
145370 0.00 0.00 0.00 0
145371 0.00 0.00 0.00 0
145372 0.00 0.00 0.00 0
145373 0.00 0.00 0.00 0
145374 0.00 0.00 0.00 0
145375 0.00 0.00 0.00 0
145376 0.00 0.00 0.00 0
145377 0.00 0.00 0.00 0
145378 0.00 0.00 0.00 0
145379 0.00 0.00 0.00 0
145380 0.00 0.00 0.00 0
145381 0.00 0.00 0.00 0
145382 0.00 0.00 0.00 0
145383 0.00 0.00 0.00 0
145384 0.00 0.00 0.00 0
145385 0.00 0.00 0.00 0
145386 0.00 0.00 0.00 0
145387 0.00 0.00 0.00 0
145388 0.00 0.00 0.00 0
145389 0.00 0.00 0.00 0
145390 0.00 0.00 0.00 0
145391 0.00 0.00 0.00 0
145392 0.00 0.00 0.00 0
145393 0.00 0.00 0.00 0
145394 0.00 0.00 0.00 0
145395 0.00 0.00 0.00 0
145396 0.00 0.00 0.00 0
145397 0.00 0.00 0.00 0
145398 0.00 0.00 0.00 0
145399 0.00 0.00 0.00 0
145400 0.00 0.00 0.00 0
145401 0.00 0.00 0.00 0
145402 0.00 0.00 0.00 0
145403 0.00 0.00 0.00 0
145404 0.00 0.00 0.00 0
145405 0.00 0.00 0.00 0
145406 0.00 0.00 0.00 0
145407 0.00 0.00 0.00 0
145408 0.00 0.00 0.00 0
145409 0.00 0.00 0.00 0
145410 0.00 0.00 0.00 0
145411 0.00 0.00 0.00 0
145412 0.00 0.00 0.00 0
145413 0.00 0.00 0.00 0
145414 0.00 0.00 0.00 0
145415 0.00 0.00 0.00 0
145416 0.00 0.00 0.00 0
145417 0.00 0.00 0.00 0
145418 0.00 0.00 0.00 0
145865 0.00 0.00 0.00 0
145866 0.00 0.00 0.00 0
145867 0.00 0.00 0.00 0
145868 0.00 0.00 0.00 0
145869 0.00 0.00 0.00 0
145892 0.00 0.00 0.00 0
145895 0.00 0.00 0.00 0
145910 0.00 0.00 0.00 0
145911 0.00 0.00 0.00 0
145912 0.00 0.00 0.00 0
145913 0.00 0.00 0.00 0
145914 0.00 0.00 0.00 0
145915 0.00 0.00 0.00 0
145916 0.00 0.00 0.00 0
145917 0.00 0.00 0.00 0
145918 0.00 0.00 0.00 0
145919 0.00 0.00 0.00 0
145920 0.00 0.00 0.00 0
145921 0.00 0.00 0.00 0
145922 0.00 0.00 0.00 0
145923 0.00 0.00 0.00 0
145924 0.00 0.00 0.00 0
145925 0.00 0.00 0.00 0
145926 0.00 0.00 0.00 0
145927 0.00 0.00 0.00 0
145928 0.00 0.00 0.00 0
145929 0.00 0.00 0.00 0
145930 0.00 0.00 0.00 0
145931 0.00 0.00 0.00 0
145932 0.00 0.00 0.00 0
145933 0.00 0.00 0.00 0
145934 0.00 0.00 0.00 0
145935 0.00 0.00 0.00 0
145936 0.00 0.00 0.00 0
145943 0.00 0.00 0.00 0
145944 0.00 0.00 0.00 0
145945 0.00 0.00 0.00 0
145952 0.00 0.00 0.00 0
145953 0.00 0.00 0.00 0
145954 0.00 0.00 0.00 0
145955 0.00 0.00 0.00 0
145956 0.00 0.00 0.00 0
145957 0.00 0.00 0.00 0
145958 0.00 0.00 0.00 0
145959 0.00 0.00 0.00 0
145960 0.00 0.00 0.00 0
145961 0.00 0.00 0.00 0
145962 0.00 0.00 0.00 0
145963 0.00 0.00 0.00 0
145964 0.00 0.00 0.00 0
145965 0.00 0.00 0.00 0
145966 0.00 0.00 0.00 0
145967 0.00 0.00 0.00 0
146100 0.00 0.00 0.00 0
146101 0.00 0.00 0.00 0
146102 0.00 0.00 0.00 0
146103 0.00 0.00 0.00 0
146104 0.00 0.00 0.00 0
146105 0.00 0.00 0.00 0
146106 0.00 0.00 0.00 0
146107 0.00 0.00 0.00 0
146109 0.00 0.00 0.00 0
146110 0.00 0.00 0.00 0
146111 0.00 0.00 0.00 0
146112 0.00 0.00 0.00 0
146113 0.00 0.00 0.00 0
146114 0.00 0.00 0.00 0
146115 0.00 0.00 0.00 0
146121 0.00 0.00 0.00 0
146136 0.00 0.00 0.00 0
146137 0.00 0.00 0.00 0
146209 0.00 0.00 0.00 0
149752 0.00 0.00 0.00 0
149758 0.00 0.00 0.00 0
149759 0.00 0.00 0.00 0
149760 0.00 0.00 0.00 0
149761 0.00 0.00 0.00 0
149762 0.00 0.00 0.00 0
149763 0.00 0.00 0.00 0
149764 0.00 0.00 0.00 0
149765 0.00 0.00 0.00 0
149766 0.00 0.00 0.00 0
149775 0.00 0.00 0.00 0
149778 0.00 0.00 0.00 0
149779 0.00 0.00 0.00 0
149780 0.00 0.00 0.00 0
149781 0.00 0.00 0.00 0
149782 0.00 0.00 0.00 0
149783 0.00 0.00 0.00 0
149784 0.00 0.00 0.00 0
149785 0.00 0.00 0.00 0
149786 0.00 0.00 0.00 0
149787 0.00 0.00 0.00 0
149788 0.00 0.00 0.00 0
149789 0.00 0.00 0.00 0
149790 0.00 0.00 0.00 0
149791 0.00 0.00 0.00 0
149792 0.00 0.00 0.00 0
149793 0.00 0.00 0.00 0
149794 0.00 0.00 0.00 0
149795 0.00 0.00 0.00 0
149796 0.00 0.00 0.00 0
149797 0.00 0.00 0.00 0
149798 0.00 0.00 0.00 0
149799 0.00 0.00 0.00 0
149800 0.00 0.00 0.00 0
149801 0.00 0.00 0.00 0
149803 0.00 0.00 0.00 0
149804 0.00 0.00 0.00 0
149805 0.00 0.00 0.00 0
149806 0.00 0.00 0.00 0
149807 0.00 0.00 0.00 0
149808 0.00 0.00 0.00 0
149809 0.00 0.00 0.00 0
149963 0.00 0.00 0.00 0
149964 0.00 0.00 0.00 0
149972 0.00 0.00 0.00 0
149973 0.00 0.00 0.00 0
149974 0.00 0.00 0.00 0
149976 0.00 0.00 0.00 0
149978 0.00 0.00 0.00 0
149979 0.00 0.00 0.00 0
149980 0.00 0.00 0.00 0
149981 0.00 0.00 0.00 0
149982 0.00 0.00 0.00 0
152173 0.00 0.00 0.00 0
152174 0.00 0.00 0.00 0
152175 0.00 0.00 0.00 0
152176 0.00 0.00 0.00 0
152177 0.00 0.00 0.00 0
152178 0.00 0.00 0.00 0
152179 0.00 0.00 0.00 0
152180 0.00 0.00 0.00 0
152181 0.00 0.00 0.00 0
152182 0.00 0.00 0.00 0
152183 0.00 0.00 0.00 0
152184 0.00 0.00 0.00 0
152185 0.00 0.00 0.00 0
152186 0.00 0.00 0.00 0
152187 0.00 0.00 0.00 0
152188 0.00 0.00 0.00 0
152189 0.00 0.00 0.00 0
152190 0.00 0.00 0.00 0
152191 0.00 0.00 0.00 0
152192 0.00 0.00 0.00 0
152193 0.00 0.00 0.00 0
152194 0.00 0.00 0.00 0
152195 0.00 0.00 0.00 0
152196 0.00 0.00 0.00 0
152197 0.00 0.00 0.00 0
152198 0.00 0.00 0.00 0
152199 0.00 0.00 0.00 0
152201 0.00 0.00 0.00 0
152202 0.00 0.00 0.00 0
152203 0.00 0.00 0.00 0
152204 0.00 0.00 0.00 0
152205 0.00 0.00 0.00 0
152206 0.00 0.00 0.00 0
152207 0.00 0.00 0.00 0
152208 0.00 0.00 0.00 0
152209 0.00 0.00 0.00 0
152210 0.00 0.00 0.00 0
152211 0.00 0.00 0.00 0
152212 0.00 0.00 0.00 0
152213 0.00 0.00 0.00 0
152214 0.00 0.00 0.00 0
152215 0.00 0.00 0.00 0
152216 0.00 0.00 0.00 0
152217 0.00 0.00 0.00 0
152218 0.00 0.00 0.00 0
152219 0.00 0.00 0.00 0
152220 0.00 0.00 0.00 0
152221 0.00 0.00 0.00 0
152222 0.00 0.00 0.00 0
152223 0.00 0.00 0.00 0
152224 0.00 0.00 0.00 0
152225 0.00 0.00 0.00 0
152226 0.00 0.00 0.00 0
152227 0.00 0.00 0.00 0
152228 0.00 0.00 0.00 0
152229 0.00 0.00 0.00 0
152230 0.00 0.00 0.00 0
152231 0.00 0.00 0.00 0
152232 0.00 0.00 0.00 0
152233 0.00 0.00 0.00 0
152234 0.00 0.00 0.00 0
152235 0.00 0.00 0.00 0
152236 0.00 0.00 0.00 0
152237 0.00 0.00 0.00 0
152238 0.00 0.00 0.00 0
152239 0.00 0.00 0.00 0
152240 0.00 0.00 0.00 0
152241 0.00 0.00 0.00 0
152242 0.00 0.00 0.00 0
152243 0.00 0.00 0.00 0
152244 0.00 0.00 0.00 0
152245 0.00 0.00 0.00 0
152246 0.00 0.00 0.00 0
152247 0.00 0.00 0.00 0
152248 0.00 0.00 0.00 0
152249 0.00 0.00 0.00 0
152250 0.00 0.00 0.00 0
152251 0.00 0.00 0.00 0
152252 0.00 0.00 0.00 0
152253 0.00 0.00 0.00 0
152263 0.00 0.00 0.00 0
152279 0.00 0.00 0.00 0
152280 0.00 0.00 0.00 0
152281 0.00 0.00 0.00 0
152282 0.00 0.00 0.00 0
152283 0.00 0.00 0.00 0
152284 0.00 0.00 0.00 0
152285 0.00 0.00 0.00 0
152286 0.00 0.00 0.00 0
152287 0.00 0.00 0.00 0
152288 0.00 0.00 0.00 0
152289 0.00 0.00 0.00 0
152290 0.00 0.00 0.00 0
152291 0.00 0.00 0.00 0
152292 0.00 0.00 0.00 0
152293 0.00 0.00 0.00 0
152294 0.00 0.00 0.00 0
152295 0.00 0.00 0.00 0
152296 0.00 0.00 0.00 0
152297 0.00 0.00 0.00 0
152298 0.00 0.00 0.00 0
152299 0.00 0.00 0.00 0
152300 0.00 0.00 0.00 0
152302 0.00 0.00 0.00 0
152303 0.00 0.00 0.00 0
152305 0.00 0.00 0.00 0
152306 0.00 0.00 0.00 0
152307 0.00 0.00 0.00 0
152308 0.00 0.00 0.00 0
152309 0.00 0.00 0.00 0
152310 0.00 0.00 0.00 0
152311 0.00 0.00 0.00 0
152312 0.00 0.00 0.00 0
152313 0.00 0.00 0.00 0
152314 0.00 0.00 0.00 0
152315 0.00 0.00 0.00 0
152316 0.00 0.00 0.00 0
152317 0.00 0.00 0.00 0
152318 0.00 0.00 0.00 0
152319 0.00 0.00 0.00 0
152320 0.00 0.00 0.00 0
152321 0.00 0.00 0.00 0
152322 0.00 0.00 0.00 0
152323 0.00 0.00 0.00 0
152324 0.00 0.00 0.00 0
152325 0.00 0.00 0.00 0
152326 0.00 0.00 0.00 0
152327 0.00 0.00 0.00 0
152328 0.00 0.00 0.00 0
152329 0.00 0.00 0.00 0
152330 0.00 0.00 0.00 0
152331 0.00 0.00 0.00 0
152332 0.00 0.00 0.00 0
152333 0.00 0.00 0.00 0
152334 0.00 0.00 0.00 0
152335 0.00 0.00 0.00 0
152336 0.00 0.00 0.00 0
152416 0.00 0.00 0.00 0
152417 0.00 0.00 0.00 0
152418 0.00 0.00 0.00 0
152419 0.00 0.00 0.00 0
152420 0.00 0.00 0.00 0
152421 0.00 0.00 0.00 0
152422 0.00 0.00 0.00 0
152423 0.00 0.00 0.00 0
152424 0.00 0.00 0.00 0
152425 0.00 0.00 0.00 0
152426 0.00 0.00 0.00 0
152427 0.00 0.00 0.00 0
152428 0.00 0.00 0.00 0
152429 0.00 0.00 0.00 0
152430 0.00 0.00 0.00 0
152431 0.00 0.00 0.00 0
152432 0.00 0.00 0.00 0
152433 0.00 0.00 0.00 0
152434 0.00 0.00 0.00 0
152435 0.00 0.00 0.00 0
152436 0.00 0.00 0.00 0
152437 0.00 0.00 0.00 0
152438 0.00 0.00 0.00 0
152439 0.00 0.00 0.00 0
152440 0.00 0.00 0.00 0
152441 0.00 0.00 0.00 0
152442 0.00 0.00 0.00 0
152443 0.00 0.00 0.00 0
152444 0.00 0.00 0.00 0
152445 0.00 0.00 0.00 0
152446 0.00 0.00 0.00 0
152447 0.00 0.00 0.00 0
152448 0.00 0.00 0.00 0
152449 0.00 0.00 0.00 0
152450 0.00 0.00 0.00 0
152451 0.00 0.00 0.00 0
152452 0.00 0.00 0.00 0
152453 0.00 0.00 0.00 0
152454 0.00 0.00 0.00 0
152455 0.00 0.00 0.00 0
152456 0.00 0.00 0.00 0
152457 0.00 0.00 0.00 0
152458 0.00 0.00 0.00 0
152459 0.00 0.00 0.00 0
152460 0.00 0.00 0.00 0
152461 0.00 0.00 0.00 0
152462 0.00 0.00 0.00 0
152463 0.00 0.00 0.00 0
152464 0.00 0.00 0.00 0
152465 0.00 0.00 0.00 0
152466 0.00 0.00 0.00 0
152467 0.00 0.00 0.00 0
152468 0.00 0.00 0.00 0
152469 0.00 0.00 0.00 0
152470 0.00 0.00 0.00 0
152471 0.00 0.00 0.00 0
152472 0.00 0.00 0.00 0
152473 0.00 0.00 0.00 0
152474 0.00 0.00 0.00 0
152475 0.00 0.00 0.00 0
152476 0.00 0.00 0.00 0
152477 0.00 0.00 0.00 0
152478 0.00 0.00 0.00 0
152479 0.00 0.00 0.00 0
152480 0.00 0.00 0.00 0
152481 0.00 0.00 0.00 0
152482 0.00 0.00 0.00 0
152483 0.00 0.00 0.00 0
152484 0.00 0.00 0.00 0
152485 0.00 0.00 0.00 0
152486 0.00 0.00 0.00 0
152487 0.00 0.00 0.00 0
152488 0.00 0.00 0.00 0
152489 0.00 0.00 0.00 0
152490 0.00 0.00 0.00 0
152491 0.00 0.00 0.00 0
152492 0.00 0.00 0.00 0
152493 0.00 0.00 0.00 0
152494 0.00 0.00 0.00 0
152497 0.00 0.00 0.00 0
152498 0.00 0.00 0.00 0
152499 0.00 0.00 0.00 0
152500 0.00 0.00 0.00 0
152501 0.00 0.00 0.00 0
152502 0.00 0.00 0.00 0
152503 0.00 0.00 0.00 0
152504 0.00 0.00 0.00 0
152505 0.00 0.00 0.00 0
152506 0.00 0.00 0.00 0
152507 0.00 0.00 0.00 0
152508 0.00 0.00 0.00 0
152509 0.00 0.00 0.00 0
152510 0.00 0.00 0.00 0
152511 0.00 0.00 0.00 0
152512 0.00 0.00 0.00 0
152513 0.00 0.00 0.00 0
152514 0.00 0.00 0.00 0
152515 0.00 0.00 0.00 0
152516 0.00 0.00 0.00 0
152517 0.00 0.00 0.00 0
152518 0.00 0.00 0.00 0
152519 0.00 0.00 0.00 0
152520 0.00 0.00 0.00 0
152521 0.00 0.00 0.00 0
152522 0.00 0.00 0.00 0
152523 0.00 0.00 0.00 0
