# G_front_inf-Triangul
1117
22 0.00 0.00 0.00 0
258 0.00 0.00 0.00 0
382 0.00 0.00 0.00 0
383 0.00 0.00 0.00 0
384 0.00 0.00 0.00 0
727 0.00 0.00 0.00 0
738 0.00 0.00 0.00 0
878 0.00 0.00 0.00 0
891 0.00 0.00 0.00 0
1616 0.00 0.00 0.00 0
1852 0.00 0.00 0.00 0
1853 0.00 0.00 0.00 0
1854 0.00 0.00 0.00 0
1855 0.00 0.00 0.00 0
1856 0.00 0.00 0.00 0
1871 0.00 0.00 0.00 0
1872 0.00 0.00 0.00 0
2647 0.00 0.00 0.00 0
2649 0.00 0.00 0.00 0
2658 0.00 0.00 0.00 0
2660 0.00 0.00 0.00 0
3653 0.00 0.00 0.00 0
3663 0.00 0.00 0.00 0
4072 0.00 0.00 0.00 0
4073 0.00 0.00 0.00 0
4074 0.00 0.00 0.00 0
4075 0.00 0.00 0.00 0
4076 0.00 0.00 0.00 0
4077 0.00 0.00 0.00 0
4078 0.00 0.00 0.00 0
4079 0.00 0.00 0.00 0
4113 0.00 0.00 0.00 0
4114 0.00 0.00 0.00 0
4115 0.00 0.00 0.00 0
4116 0.00 0.00 0.00 0
4770 0.00 0.00 0.00 0
4771 0.00 0.00 0.00 0
4772 0.00 0.00 0.00 0
5917 0.00 0.00 0.00 0
5936 0.00 0.00 0.00 0
5937 0.00 0.00 0.00 0
5938 0.00 0.00 0.00 0
6187 0.00 0.00 0.00 0
6188 0.00 0.00 0.00 0
6189 0.00 0.00 0.00 0
6190 0.00 0.00 0.00 0
6606 0.00 0.00 0.00 0
6607 0.00 0.00 0.00 0
7615 0.00 0.00 0.00 0
8182 0.00 0.00 0.00 0
8183 0.00 0.00 0.00 0
8184 0.00 0.00 0.00 0
8185 0.00 0.00 0.00 0
8186 0.00 0.00 0.00 0
8187 0.00 0.00 0.00 0
8188 0.00 0.00 0.00 0
8189 0.00 0.00 0.00 0
8190 0.00 0.00 0.00 0
8191 0.00 0.00 0.00 0
8192 0.00 0.00 0.00 0
8199 0.00 0.00 0.00 0
8200 0.00 0.00 0.00 0
8232 0.00 0.00 0.00 0
8233 0.00 0.00 0.00 0
8234 0.00 0.00 0.00 0
8235 0.00 0.00 0.00 0
8236 0.00 0.00 0.00 0
8237 0.00 0.00 0.00 0
8238 0.00 0.00 0.00 0
9051 0.00 0.00 0.00 0
10327 0.00 0.00 0.00 0
10328 0.00 0.00 0.00 0
10329 0.00 0.00 0.00 0
10338 0.00 0.00 0.00 0
10339 0.00 0.00 0.00 0
10340 0.00 0.00 0.00 0
10341 0.00 0.00 0.00 0
11333 0.00 0.00 0.00 0
11335 0.00 0.00 0.00 0
11343 0.00 0.00 0.00 0
11752 0.00 0.00 0.00 0
11753 0.00 0.00 0.00 0
11754 0.00 0.00 0.00 0
11755 0.00 0.00 0.00 0
11756 0.00 0.00 0.00 0
11757 0.00 0.00 0.00 0
11758 0.00 0.00 0.00 0
11759 0.00 0.00 0.00 0
11793 0.00 0.00 0.00 0
11794 0.00 0.00 0.00 0
11795 0.00 0.00 0.00 0
11796 0.00 0.00 0.00 0
12450 0.00 0.00 0.00 0
12451 0.00 0.00 0.00 0
12452 0.00 0.00 0.00 0
13702 0.00 0.00 0.00 0
13733 0.00 0.00 0.00 0
13734 0.00 0.00 0.00 0
13735 0.00 0.00 0.00 0
13745 0.00 0.00 0.00 0
13746 0.00 0.00 0.00 0
14152 0.00 0.00 0.00 0
14153 0.00 0.00 0.00 0
14154 0.00 0.00 0.00 0
14196 0.00 0.00 0.00 0
14850 0.00 0.00 0.00 0
16720 0.00 0.00 0.00 0
16726 0.00 0.00 0.00 0
16727 0.00 0.00 0.00 0
16728 0.00 0.00 0.00 0
17977 0.00 0.00 0.00 0
17978 0.00 0.00 0.00 0
17979 0.00 0.00 0.00 0
17980 0.00 0.00 0.00 0
17981 0.00 0.00 0.00 0
17982 0.00 0.00 0.00 0
17983 0.00 0.00 0.00 0
17984 0.00 0.00 0.00 0
17985 0.00 0.00 0.00 0
17986 0.00 0.00 0.00 0
17987 0.00 0.00 0.00 0
17988 0.00 0.00 0.00 0
17989 0.00 0.00 0.00 0
17990 0.00 0.00 0.00 0
17991 0.00 0.00 0.00 0
17992 0.00 0.00 0.00 0
17993 0.00 0.00 0.00 0
17994 0.00 0.00 0.00 0
17995 0.00 0.00 0.00 0
17996 0.00 0.00 0.00 0
17997 0.00 0.00 0.00 0
17998 0.00 0.00 0.00 0
17999 0.00 0.00 0.00 0
18016 0.00 0.00 0.00 0
18019 0.00 0.00 0.00 0
18093 0.00 0.00 0.00 0
18095 0.00 0.00 0.00 0
18096 0.00 0.00 0.00 0
18097 0.00 0.00 0.00 0
18098 0.00 0.00 0.00 0
18099 0.00 0.00 0.00 0
18100 0.00 0.00 0.00 0
18101 0.00 0.00 0.00 0
18102 0.00 0.00 0.00 0
18103 0.00 0.00 0.00 0
18104 0.00 0.00 0.00 0
18105 0.00 0.00 0.00 0
18106 0.00 0.00 0.00 0
18107 0.00 0.00 0.00 0
18108 0.00 0.00 0.00 0
18109 0.00 0.00 0.00 0
18110 0.00 0.00 0.00 0
18111 0.00 0.00 0.00 0
20070 0.00 0.00 0.00 0
20071 0.00 0.00 0.00 0
20072 0.00 0.00 0.00 0
20073 0.00 0.00 0.00 0
20074 0.00 0.00 0.00 0
23197 0.00 0.00 0.00 0
23199 0.00 0.00 0.00 0
23216 0.00 0.00 0.00 0
23217 0.00 0.00 0.00 0
23218 0.00 0.00 0.00 0
25007 0.00 0.00 0.00 0
25008 0.00 0.00 0.00 0
25762 0.00 0.00 0.00 0
25763 0.00 0.00 0.00 0
25764 0.00 0.00 0.00 0
25765 0.00 0.00 0.00 0
25766 0.00 0.00 0.00 0
25767 0.00 0.00 0.00 0
25768 0.00 0.00 0.00 0
25769 0.00 0.00 0.00 0
25770 0.00 0.00 0.00 0
25771 0.00 0.00 0.00 0
25772 0.00 0.00 0.00 0
25773 0.00 0.00 0.00 0
25774 0.00 0.00 0.00 0
25775 0.00 0.00 0.00 0
25834 0.00 0.00 0.00 0
25835 0.00 0.00 0.00 0
25836 0.00 0.00 0.00 0
25837 0.00 0.00 0.00 0
25838 0.00 0.00 0.00 0
25839 0.00 0.00 0.00 0
25840 0.00 0.00 0.00 0
25841 0.00 0.00 0.00 0
25842 0.00 0.00 0.00 0
27018 0.00 0.00 0.00 0
27019 0.00 0.00 0.00 0
27020 0.00 0.00 0.00 0
27021 0.00 0.00 0.00 0
27022 0.00 0.00 0.00 0
29210 0.00 0.00 0.00 0
29211 0.00 0.00 0.00 0
29212 0.00 0.00 0.00 0
29213 0.00 0.00 0.00 0
29214 0.00 0.00 0.00 0
29215 0.00 0.00 0.00 0
29228 0.00 0.00 0.00 0
29229 0.00 0.00 0.00 0
29797 0.00 0.00 0.00 0
29798 0.00 0.00 0.00 0
29799 0.00 0.00 0.00 0
29800 0.00 0.00 0.00 0
29801 0.00 0.00 0.00 0
29803 0.00 0.00 0.00 0
29804 0.00 0.00 0.00 0
29805 0.00 0.00 0.00 0
29807 0.00 0.00 0.00 0
29854 0.00 0.00 0.00 0
29857 0.00 0.00 0.00 0
29858 0.00 0.00 0.00 0
29859 0.00 0.00 0.00 0
30774 0.00 0.00 0.00 0
30775 0.00 0.00 0.00 0
30776 0.00 0.00 0.00 0
30777 0.00 0.00 0.00 0
33283 0.00 0.00 0.00 0
34852 0.00 0.00 0.00 0
34853 0.00 0.00 0.00 0
34854 0.00 0.00 0.00 0
34855 0.00 0.00 0.00 0
34856 0.00 0.00 0.00 0
34857 0.00 0.00 0.00 0
34858 0.00 0.00 0.00 0
34859 0.00 0.00 0.00 0
34860 0.00 0.00 0.00 0
34861 0.00 0.00 0.00 0
34862 0.00 0.00 0.00 0
34863 0.00 0.00 0.00 0
34864 0.00 0.00 0.00 0
34865 0.00 0.00 0.00 0
34866 0.00 0.00 0.00 0
34867 0.00 0.00 0.00 0
34868 0.00 0.00 0.00 0
34869 0.00 0.00 0.00 0
34870 0.00 0.00 0.00 0
34871 0.00 0.00 0.00 0
34872 0.00 0.00 0.00 0
34873 0.00 0.00 0.00 0
34874 0.00 0.00 0.00 0
34875 0.00 0.00 0.00 0
34876 0.00 0.00 0.00 0
34878 0.00 0.00 0.00 0
34899 0.00 0.00 0.00 0
34900 0.00 0.00 0.00 0
34901 0.00 0.00 0.00 0
34902 0.00 0.00 0.00 0
34903 0.00 0.00 0.00 0
34904 0.00 0.00 0.00 0
34905 0.00 0.00 0.00 0
34996 0.00 0.00 0.00 0
34997 0.00 0.00 0.00 0
34998 0.00 0.00 0.00 0
34999 0.00 0.00 0.00 0
35001 0.00 0.00 0.00 0
35002 0.00 0.00 0.00 0
35003 0.00 0.00 0.00 0
35004 0.00 0.00 0.00 0
35005 0.00 0.00 0.00 0
35006 0.00 0.00 0.00 0
35007 0.00 0.00 0.00 0
35008 0.00 0.00 0.00 0
35009 0.00 0.00 0.00 0
35010 0.00 0.00 0.00 0
35011 0.00 0.00 0.00 0
35012 0.00 0.00 0.00 0
35013 0.00 0.00 0.00 0
35014 0.00 0.00 0.00 0
35015 0.00 0.00 0.00 0
35016 0.00 0.00 0.00 0
37395 0.00 0.00 0.00 0
37396 0.00 0.00 0.00 0
37398 0.00 0.00 0.00 0
37404 0.00 0.00 0.00 0
37405 0.00 0.00 0.00 0
41047 0.00 0.00 0.00 0
41048 0.00 0.00 0.00 0
41049 0.00 0.00 0.00 0
41058 0.00 0.00 0.00 0
41059 0.00 0.00 0.00 0
41060 0.00 0.00 0.00 0
41061 0.00 0.00 0.00 0
42053 0.00 0.00 0.00 0
42054 0.00 0.00 0.00 0
42055 0.00 0.00 0.00 0
42472 0.00 0.00 0.00 0
42473 0.00 0.00 0.00 0
42474 0.00 0.00 0.00 0
42475 0.00 0.00 0.00 0
42476 0.00 0.00 0.00 0
42477 0.00 0.00 0.00 0
42478 0.00 0.00 0.00 0
42479 0.00 0.00 0.00 0
42513 0.00 0.00 0.00 0
42514 0.00 0.00 0.00 0
42515 0.00 0.00 0.00 0
42516 0.00 0.00 0.00 0
43170 0.00 0.00 0.00 0
43171 0.00 0.00 0.00 0
43172 0.00 0.00 0.00 0
44453 0.00 0.00 0.00 0
44454 0.00 0.00 0.00 0
44455 0.00 0.00 0.00 0
44464 0.00 0.00 0.00 0
44465 0.00 0.00 0.00 0
44466 0.00 0.00 0.00 0
44873 0.00 0.00 0.00 0
44916 0.00 0.00 0.00 0
47440 0.00 0.00 0.00 0
47446 0.00 0.00 0.00 0
47447 0.00 0.00 0.00 0
47448 0.00 0.00 0.00 0
48697 0.00 0.00 0.00 0
48698 0.00 0.00 0.00 0
48699 0.00 0.00 0.00 0
48700 0.00 0.00 0.00 0
48701 0.00 0.00 0.00 0
48702 0.00 0.00 0.00 0
48703 0.00 0.00 0.00 0
48704 0.00 0.00 0.00 0
48705 0.00 0.00 0.00 0
48706 0.00 0.00 0.00 0
48707 0.00 0.00 0.00 0
48708 0.00 0.00 0.00 0
48709 0.00 0.00 0.00 0
48710 0.00 0.00 0.00 0
48711 0.00 0.00 0.00 0
48712 0.00 0.00 0.00 0
48713 0.00 0.00 0.00 0
48714 0.00 0.00 0.00 0
48715 0.00 0.00 0.00 0
48716 0.00 0.00 0.00 0
48717 0.00 0.00 0.00 0
48718 0.00 0.00 0.00 0
48719 0.00 0.00 0.00 0
48813 0.00 0.00 0.00 0
48814 0.00 0.00 0.00 0
48815 0.00 0.00 0.00 0
48816 0.00 0.00 0.00 0
48817 0.00 0.00 0.00 0
48818 0.00 0.00 0.00 0
48819 0.00 0.00 0.00 0
48820 0.00 0.00 0.00 0
48821 0.00 0.00 0.00 0
48822 0.00 0.00 0.00 0
48823 0.00 0.00 0.00 0
48824 0.00 0.00 0.00 0
48825 0.00 0.00 0.00 0
48826 0.00 0.00 0.00 0
48827 0.00 0.00 0.00 0
48828 0.00 0.00 0.00 0
48829 0.00 0.00 0.00 0
48830 0.00 0.00 0.00 0
48831 0.00 0.00 0.00 0
50790 0.00 0.00 0.00 0
50791 0.00 0.00 0.00 0
50792 0.00 0.00 0.00 0
50793 0.00 0.00 0.00 0
54022 0.00 0.00 0.00 0
54023 0.00 0.00 0.00 0
54024 0.00 0.00 0.00 0
54025 0.00 0.00 0.00 0
54027 0.00 0.00 0.00 0
54029 0.00 0.00 0.00 0
54053 0.00 0.00 0.00 0
54054 0.00 0.00 0.00 0
54055 0.00 0.00 0.00 0
54056 0.00 0.00 0.00 0
54057 0.00 0.00 0.00 0
54058 0.00 0.00 0.00 0
54063 0.00 0.00 0.00 0
57038 0.00 0.00 0.00 0
57039 0.00 0.00 0.00 0
57068 0.00 0.00 0.00 0
57070 0.00 0.00 0.00 0
58297 0.00 0.00 0.00 0
58298 0.00 0.00 0.00 0
58299 0.00 0.00 0.00 0
58300 0.00 0.00 0.00 0
58301 0.00 0.00 0.00 0
58302 0.00 0.00 0.00 0
58303 0.00 0.00 0.00 0
58304 0.00 0.00 0.00 0
58305 0.00 0.00 0.00 0
58306 0.00 0.00 0.00 0
58307 0.00 0.00 0.00 0
58308 0.00 0.00 0.00 0
58309 0.00 0.00 0.00 0
58310 0.00 0.00 0.00 0
58311 0.00 0.00 0.00 0
58312 0.00 0.00 0.00 0
58313 0.00 0.00 0.00 0
58314 0.00 0.00 0.00 0
58315 0.00 0.00 0.00 0
58316 0.00 0.00 0.00 0
58317 0.00 0.00 0.00 0
58318 0.00 0.00 0.00 0
58319 0.00 0.00 0.00 0
58416 0.00 0.00 0.00 0
58418 0.00 0.00 0.00 0
58419 0.00 0.00 0.00 0
58420 0.00 0.00 0.00 0
58421 0.00 0.00 0.00 0
58422 0.00 0.00 0.00 0
58423 0.00 0.00 0.00 0
58424 0.00 0.00 0.00 0
58425 0.00 0.00 0.00 0
58426 0.00 0.00 0.00 0
58427 0.00 0.00 0.00 0
58428 0.00 0.00 0.00 0
58429 0.00 0.00 0.00 0
58430 0.00 0.00 0.00 0
58431 0.00 0.00 0.00 0
60390 0.00 0.00 0.00 0
60391 0.00 0.00 0.00 0
60392 0.00 0.00 0.00 0
60393 0.00 0.00 0.00 0
60394 0.00 0.00 0.00 0
60395 0.00 0.00 0.00 0
60396 0.00 0.00 0.00 0
60397 0.00 0.00 0.00 0
64238 0.00 0.00 0.00 0
64239 0.00 0.00 0.00 0
64240 0.00 0.00 0.00 0
64241 0.00 0.00 0.00 0
64242 0.00 0.00 0.00 0
64243 0.00 0.00 0.00 0
64244 0.00 0.00 0.00 0
64245 0.00 0.00 0.00 0
64246 0.00 0.00 0.00 0
64247 0.00 0.00 0.00 0
64248 0.00 0.00 0.00 0
64276 0.00 0.00 0.00 0
64277 0.00 0.00 0.00 0
64278 0.00 0.00 0.00 0
64279 0.00 0.00 0.00 0
64280 0.00 0.00 0.00 0
64281 0.00 0.00 0.00 0
65497 0.00 0.00 0.00 0
65498 0.00 0.00 0.00 0
65499 0.00 0.00 0.00 0
65500 0.00 0.00 0.00 0
65501 0.00 0.00 0.00 0
65502 0.00 0.00 0.00 0
65503 0.00 0.00 0.00 0
65504 0.00 0.00 0.00 0
65509 0.00 0.00 0.00 0
65510 0.00 0.00 0.00 0
65511 0.00 0.00 0.00 0
65512 0.00 0.00 0.00 0
65513 0.00 0.00 0.00 0
65514 0.00 0.00 0.00 0
65518 0.00 0.00 0.00 0
65624 0.00 0.00 0.00 0
65625 0.00 0.00 0.00 0
65626 0.00 0.00 0.00 0
65627 0.00 0.00 0.00 0
65628 0.00 0.00 0.00 0
65629 0.00 0.00 0.00 0
65630 0.00 0.00 0.00 0
65631 0.00 0.00 0.00 0
67590 0.00 0.00 0.00 0
67591 0.00 0.00 0.00 0
67592 0.00 0.00 0.00 0
67594 0.00 0.00 0.00 0
73216 0.00 0.00 0.00 0
73217 0.00 0.00 0.00 0
73218 0.00 0.00 0.00 0
73219 0.00 0.00 0.00 0
73220 0.00 0.00 0.00 0
73221 0.00 0.00 0.00 0
73222 0.00 0.00 0.00 0
73223 0.00 0.00 0.00 0
76972 0.00 0.00 0.00 0
76973 0.00 0.00 0.00 0
76974 0.00 0.00 0.00 0
76975 0.00 0.00 0.00 0
76976 0.00 0.00 0.00 0
76977 0.00 0.00 0.00 0
76978 0.00 0.00 0.00 0
76979 0.00 0.00 0.00 0
76980 0.00 0.00 0.00 0
76981 0.00 0.00 0.00 0
76982 0.00 0.00 0.00 0
76983 0.00 0.00 0.00 0
76984 0.00 0.00 0.00 0
76985 0.00 0.00 0.00 0
76986 0.00 0.00 0.00 0
76987 0.00 0.00 0.00 0
76988 0.00 0.00 0.00 0
76989 0.00 0.00 0.00 0
76990 0.00 0.00 0.00 0
76991 0.00 0.00 0.00 0
76992 0.00 0.00 0.00 0
76993 0.00 0.00 0.00 0
76994 0.00 0.00 0.00 0
76995 0.00 0.00 0.00 0
76996 0.00 0.00 0.00 0
76997 0.00 0.00 0.00 0
76998 0.00 0.00 0.00 0
76999 0.00 0.00 0.00 0
77000 0.00 0.00 0.00 0
77001 0.00 0.00 0.00 0
77002 0.00 0.00 0.00 0
77003 0.00 0.00 0.00 0
77004 0.00 0.00 0.00 0
77005 0.00 0.00 0.00 0
77006 0.00 0.00 0.00 0
77007 0.00 0.00 0.00 0
77008 0.00 0.00 0.00 0
77009 0.00 0.00 0.00 0
77010 0.00 0.00 0.00 0
77011 0.00 0.00 0.00 0
77012 0.00 0.00 0.00 0
77013 0.00 0.00 0.00 0
77014 0.00 0.00 0.00 0
77015 0.00 0.00 0.00 0
77016 0.00 0.00 0.00 0
77017 0.00 0.00 0.00 0
77018 0.00 0.00 0.00 0
77019 0.00 0.00 0.00 0
77020 0.00 0.00 0.00 0
77021 0.00 0.00 0.00 0
77022 0.00 0.00 0.00 0
77023 0.00 0.00 0.00 0
77024 0.00 0.00 0.00 0
77025 0.00 0.00 0.00 0
77026 0.00 0.00 0.00 0
77027 0.00 0.00 0.00 0
77028 0.00 0.00 0.00 0
77029 0.00 0.00 0.00 0
77030 0.00 0.00 0.00 0
77032 0.00 0.00 0.00 0
77033 0.00 0.00 0.00 0
77034 0.00 0.00 0.00 0
77035 0.00 0.00 0.00 0
77036 0.00 0.00 0.00 0
77037 0.00 0.00 0.00 0
77039 0.00 0.00 0.00 0
77088 0.00 0.00 0.00 0
77089 0.00 0.00 0.00 0
77090 0.00 0.00 0.00 0
77091 0.00 0.00 0.00 0
77092 0.00 0.00 0.00 0
77094 0.00 0.00 0.00 0
77095 0.00 0.00 0.00 0
77096 0.00 0.00 0.00 0
77097 0.00 0.00 0.00 0
77098 0.00 0.00 0.00 0
77099 0.00 0.00 0.00 0
77100 0.00 0.00 0.00 0
77101 0.00 0.00 0.00 0
77102 0.00 0.00 0.00 0
77323 0.00 0.00 0.00 0
77324 0.00 0.00 0.00 0
77325 0.00 0.00 0.00 0
77326 0.00 0.00 0.00 0
77327 0.00 0.00 0.00 0
77328 0.00 0.00 0.00 0
77329 0.00 0.00 0.00 0
77330 0.00 0.00 0.00 0
77331 0.00 0.00 0.00 0
77332 0.00 0.00 0.00 0
77334 0.00 0.00 0.00 0
77336 0.00 0.00 0.00 0
77337 0.00 0.00 0.00 0
77338 0.00 0.00 0.00 0
77339 0.00 0.00 0.00 0
77340 0.00 0.00 0.00 0
77341 0.00 0.00 0.00 0
77342 0.00 0.00 0.00 0
77343 0.00 0.00 0.00 0
77344 0.00 0.00 0.00 0
77345 0.00 0.00 0.00 0
77346 0.00 0.00 0.00 0
77347 0.00 0.00 0.00 0
77348 0.00 0.00 0.00 0
77349 0.00 0.00 0.00 0
77350 0.00 0.00 0.00 0
77351 0.00 0.00 0.00 0
77352 0.00 0.00 0.00 0
77353 0.00 0.00 0.00 0
77354 0.00 0.00 0.00 0
77355 0.00 0.00 0.00 0
77356 0.00 0.00 0.00 0
77357 0.00 0.00 0.00 0
77358 0.00 0.00 0.00 0
77359 0.00 0.00 0.00 0
77360 0.00 0.00 0.00 0
77361 0.00 0.00 0.00 0
77362 0.00 0.00 0.00 0
77363 0.00 0.00 0.00 0
77364 0.00 0.00 0.00 0
77365 0.00 0.00 0.00 0
77366 0.00 0.00 0.00 0
77367 0.00 0.00 0.00 0
77368 0.00 0.00 0.00 0
77369 0.00 0.00 0.00 0
77370 0.00 0.00 0.00 0
77371 0.00 0.00 0.00 0
77372 0.00 0.00 0.00 0
77373 0.00 0.00 0.00 0
77374 0.00 0.00 0.00 0
77375 0.00 0.00 0.00 0
77376 0.00 0.00 0.00 0
83250 0.00 0.00 0.00 0
83251 0.00 0.00 0.00 0
83252 0.00 0.00 0.00 0
83253 0.00 0.00 0.00 0
83254 0.00 0.00 0.00 0
83255 0.00 0.00 0.00 0
83258 0.00 0.00 0.00 0
83259 0.00 0.00 0.00 0
83260 0.00 0.00 0.00 0
83273 0.00 0.00 0.00 0
83274 0.00 0.00 0.00 0
83275 0.00 0.00 0.00 0
83277 0.00 0.00 0.00 0
83278 0.00 0.00 0.00 0
83279 0.00 0.00 0.00 0
92317 0.00 0.00 0.00 0
92318 0.00 0.00 0.00 0
92319 0.00 0.00 0.00 0
92320 0.00 0.00 0.00 0
92321 0.00 0.00 0.00 0
92336 0.00 0.00 0.00 0
92337 0.00 0.00 0.00 0
92338 0.00 0.00 0.00 0
92339 0.00 0.00 0.00 0
92340 0.00 0.00 0.00 0
92341 0.00 0.00 0.00 0
92342 0.00 0.00 0.00 0
92343 0.00 0.00 0.00 0
94127 0.00 0.00 0.00 0
94129 0.00 0.00 0.00 0
94145 0.00 0.00 0.00 0
94146 0.00 0.00 0.00 0
94147 0.00 0.00 0.00 0
94882 0.00 0.00 0.00 0
94883 0.00 0.00 0.00 0
94884 0.00 0.00 0.00 0
94885 0.00 0.00 0.00 0
94886 0.00 0.00 0.00 0
94887 0.00 0.00 0.00 0
94888 0.00 0.00 0.00 0
94889 0.00 0.00 0.00 0
94890 0.00 0.00 0.00 0
94891 0.00 0.00 0.00 0
94892 0.00 0.00 0.00 0
94893 0.00 0.00 0.00 0
94894 0.00 0.00 0.00 0
94895 0.00 0.00 0.00 0
94955 0.00 0.00 0.00 0
94956 0.00 0.00 0.00 0
94957 0.00 0.00 0.00 0
94958 0.00 0.00 0.00 0
94959 0.00 0.00 0.00 0
94960 0.00 0.00 0.00 0
94961 0.00 0.00 0.00 0
94962 0.00 0.00 0.00 0
96138 0.00 0.00 0.00 0
96139 0.00 0.00 0.00 0
96140 0.00 0.00 0.00 0
96141 0.00 0.00 0.00 0
96142 0.00 0.00 0.00 0
98392 0.00 0.00 0.00 0
98447 0.00 0.00 0.00 0
98448 0.00 0.00 0.00 0
98449 0.00 0.00 0.00 0
98450 0.00 0.00 0.00 0
98451 0.00 0.00 0.00 0
98468 0.00 0.00 0.00 0
98469 0.00 0.00 0.00 0
98470 0.00 0.00 0.00 0
98471 0.00 0.00 0.00 0
98472 0.00 0.00 0.00 0
99202 0.00 0.00 0.00 0
99203 0.00 0.00 0.00 0
99204 0.00 0.00 0.00 0
99205 0.00 0.00 0.00 0
99206 0.00 0.00 0.00 0
99280 0.00 0.00 0.00 0
99281 0.00 0.00 0.00 0
99282 0.00 0.00 0.00 0
100458 0.00 0.00 0.00 0
100459 0.00 0.00 0.00 0
100461 0.00 0.00 0.00 0
103834 0.00 0.00 0.00 0
103835 0.00 0.00 0.00 0
103836 0.00 0.00 0.00 0
103837 0.00 0.00 0.00 0
103838 0.00 0.00 0.00 0
106087 0.00 0.00 0.00 0
106088 0.00 0.00 0.00 0
106089 0.00 0.00 0.00 0
106090 0.00 0.00 0.00 0
106091 0.00 0.00 0.00 0
106092 0.00 0.00 0.00 0
106093 0.00 0.00 0.00 0
106094 0.00 0.00 0.00 0
106095 0.00 0.00 0.00 0
106096 0.00 0.00 0.00 0
106097 0.00 0.00 0.00 0
106098 0.00 0.00 0.00 0
106099 0.00 0.00 0.00 0
106100 0.00 0.00 0.00 0
106101 0.00 0.00 0.00 0
106102 0.00 0.00 0.00 0
106103 0.00 0.00 0.00 0
106104 0.00 0.00 0.00 0
106105 0.00 0.00 0.00 0
106106 0.00 0.00 0.00 0
106107 0.00 0.00 0.00 0
106108 0.00 0.00 0.00 0
106109 0.00 0.00 0.00 0
106110 0.00 0.00 0.00 0
106111 0.00 0.00 0.00 0
106112 0.00 0.00 0.00 0
106113 0.00 0.00 0.00 0
106114 0.00 0.00 0.00 0
106115 0.00 0.00 0.00 0
106116 0.00 0.00 0.00 0
106117 0.00 0.00 0.00 0
106118 0.00 0.00 0.00 0
106119 0.00 0.00 0.00 0
106120 0.00 0.00 0.00 0
106121 0.00 0.00 0.00 0
106122 0.00 0.00 0.00 0
106123 0.00 0.00 0.00 0
106124 0.00 0.00 0.00 0
106125 0.00 0.00 0.00 0
106126 0.00 0.00 0.00 0
106127 0.00 0.00 0.00 0
106158 0.00 0.00 0.00 0
106159 0.00 0.00 0.00 0
106164 0.00 0.00 0.00 0
106165 0.00 0.00 0.00 0
106166 0.00 0.00 0.00 0
106298 0.00 0.00 0.00 0
106299 0.00 0.00 0.00 0
106300 0.00 0.00 0.00 0
106301 0.00 0.00 0.00 0
106302 0.00 0.00 0.00 0
106303 0.00 0.00 0.00 0
106306 0.00 0.00 0.00 0
106307 0.00 0.00 0.00 0
106308 0.00 0.00 0.00 0
106309 0.00 0.00 0.00 0
106310 0.00 0.00 0.00 0
106311 0.00 0.00 0.00 0
106312 0.00 0.00 0.00 0
106313 0.00 0.00 0.00 0
106314 0.00 0.00 0.00 0
106315 0.00 0.00 0.00 0
106316 0.00 0.00 0.00 0
106317 0.00 0.00 0.00 0
106318 0.00 0.00 0.00 0
106319 0.00 0.00 0.00 0
106320 0.00 0.00 0.00 0
106321 0.00 0.00 0.00 0
106322 0.00 0.00 0.00 0
106323 0.00 0.00 0.00 0
106324 0.00 0.00 0.00 0
106325 0.00 0.00 0.00 0
106326 0.00 0.00 0.00 0
106327 0.00 0.00 0.00 0
106328 0.00 0.00 0.00 0
106329 0.00 0.00 0.00 0
109854 0.00 0.00 0.00 0
109855 0.00 0.00 0.00 0
109856 0.00 0.00 0.00 0
109857 0.00 0.00 0.00 0
109858 0.00 0.00 0.00 0
109859 0.00 0.00 0.00 0
109860 0.00 0.00 0.00 0
109861 0.00 0.00 0.00 0
109868 0.00 0.00 0.00 0
109869 0.00 0.00 0.00 0
115567 0.00 0.00 0.00 0
115568 0.00 0.00 0.00 0
115569 0.00 0.00 0.00 0
115570 0.00 0.00 0.00 0
115572 0.00 0.00 0.00 0
115573 0.00 0.00 0.00 0
115610 0.00 0.00 0.00 0
115611 0.00 0.00 0.00 0
115612 0.00 0.00 0.00 0
115613 0.00 0.00 0.00 0
115614 0.00 0.00 0.00 0
115615 0.00 0.00 0.00 0
115616 0.00 0.00 0.00 0
119789 0.00 0.00 0.00 0
119790 0.00 0.00 0.00 0
119791 0.00 0.00 0.00 0
121552 0.00 0.00 0.00 0
121553 0.00 0.00 0.00 0
121554 0.00 0.00 0.00 0
121555 0.00 0.00 0.00 0
121556 0.00 0.00 0.00 0
121557 0.00 0.00 0.00 0
121558 0.00 0.00 0.00 0
121559 0.00 0.00 0.00 0
121560 0.00 0.00 0.00 0
121561 0.00 0.00 0.00 0
121562 0.00 0.00 0.00 0
121563 0.00 0.00 0.00 0
121564 0.00 0.00 0.00 0
121565 0.00 0.00 0.00 0
121566 0.00 0.00 0.00 0
121567 0.00 0.00 0.00 0
121568 0.00 0.00 0.00 0
121569 0.00 0.00 0.00 0
121570 0.00 0.00 0.00 0
121571 0.00 0.00 0.00 0
121572 0.00 0.00 0.00 0
121573 0.00 0.00 0.00 0
121574 0.00 0.00 0.00 0
121575 0.00 0.00 0.00 0
121576 0.00 0.00 0.00 0
121577 0.00 0.00 0.00 0
121578 0.00 0.00 0.00 0
121579 0.00 0.00 0.00 0
121580 0.00 0.00 0.00 0
121581 0.00 0.00 0.00 0
121582 0.00 0.00 0.00 0
121583 0.00 0.00 0.00 0
121718 0.00 0.00 0.00 0
121719 0.00 0.00 0.00 0
121720 0.00 0.00 0.00 0
121721 0.00 0.00 0.00 0
121722 0.00 0.00 0.00 0
121723 0.00 0.00 0.00 0
121724 0.00 0.00 0.00 0
121725 0.00 0.00 0.00 0
121726 0.00 0.00 0.00 0
121727 0.00 0.00 0.00 0
121728 0.00 0.00 0.00 0
121729 0.00 0.00 0.00 0
121730 0.00 0.00 0.00 0
121731 0.00 0.00 0.00 0
121732 0.00 0.00 0.00 0
121733 0.00 0.00 0.00 0
121734 0.00 0.00 0.00 0
121735 0.00 0.00 0.00 0
121736 0.00 0.00 0.00 0
121737 0.00 0.00 0.00 0
121738 0.00 0.00 0.00 0
121739 0.00 0.00 0.00 0
121740 0.00 0.00 0.00 0
124482 0.00 0.00 0.00 0
124483 0.00 0.00 0.00 0
124484 0.00 0.00 0.00 0
124485 0.00 0.00 0.00 0
124486 0.00 0.00 0.00 0
124487 0.00 0.00 0.00 0
124488 0.00 0.00 0.00 0
124489 0.00 0.00 0.00 0
124490 0.00 0.00 0.00 0
124491 0.00 0.00 0.00 0
124492 0.00 0.00 0.00 0
129752 0.00 0.00 0.00 0
129753 0.00 0.00 0.00 0
129754 0.00 0.00 0.00 0
129755 0.00 0.00 0.00 0
129756 0.00 0.00 0.00 0
129757 0.00 0.00 0.00 0
129758 0.00 0.00 0.00 0
129759 0.00 0.00 0.00 0
129760 0.00 0.00 0.00 0
129761 0.00 0.00 0.00 0
129762 0.00 0.00 0.00 0
129763 0.00 0.00 0.00 0
129764 0.00 0.00 0.00 0
129765 0.00 0.00 0.00 0
129766 0.00 0.00 0.00 0
129767 0.00 0.00 0.00 0
129768 0.00 0.00 0.00 0
129769 0.00 0.00 0.00 0
129801 0.00 0.00 0.00 0
129802 0.00 0.00 0.00 0
129803 0.00 0.00 0.00 0
129804 0.00 0.00 0.00 0
129805 0.00 0.00 0.00 0
129806 0.00 0.00 0.00 0
131347 0.00 0.00 0.00 0
131348 0.00 0.00 0.00 0
131349 0.00 0.00 0.00 0
131350 0.00 0.00 0.00 0
131351 0.00 0.00 0.00 0
131352 0.00 0.00 0.00 0
131353 0.00 0.00 0.00 0
131354 0.00 0.00 0.00 0
131355 0.00 0.00 0.00 0
131356 0.00 0.00 0.00 0
131357 0.00 0.00 0.00 0
131360 0.00 0.00 0.00 0
131362 0.00 0.00 0.00 0
131363 0.00 0.00 0.00 0
131364 0.00 0.00 0.00 0
131365 0.00 0.00 0.00 0
131366 0.00 0.00 0.00 0
131367 0.00 0.00 0.00 0
131368 0.00 0.00 0.00 0
131369 0.00 0.00 0.00 0
131372 0.00 0.00 0.00 0
131373 0.00 0.00 0.00 0
131374 0.00 0.00 0.00 0
131375 0.00 0.00 0.00 0
131499 0.00 0.00 0.00 0
131500 0.00 0.00 0.00 0
131507 0.00 0.00 0.00 0
131508 0.00 0.00 0.00 0
131509 0.00 0.00 0.00 0
131510 0.00 0.00 0.00 0
131511 0.00 0.00 0.00 0
131512 0.00 0.00 0.00 0
131513 0.00 0.00 0.00 0
131514 0.00 0.00 0.00 0
131515 0.00 0.00 0.00 0
131516 0.00 0.00 0.00 0
131517 0.00 0.00 0.00 0
133998 0.00 0.00 0.00 0
133999 0.00 0.00 0.00 0
134000 0.00 0.00 0.00 0
134001 0.00 0.00 0.00 0
134002 0.00 0.00 0.00 0
134003 0.00 0.00 0.00 0
134004 0.00 0.00 0.00 0
134005 0.00 0.00 0.00 0
134006 0.00 0.00 0.00 0
140989 0.00 0.00 0.00 0
140990 0.00 0.00 0.00 0
141007 0.00 0.00 0.00 0
141008 0.00 0.00 0.00 0
141010 0.00 0.00 0.00 0
145582 0.00 0.00 0.00 0
145583 0.00 0.00 0.00 0
145584 0.00 0.00 0.00 0
145585 0.00 0.00 0.00 0
145586 0.00 0.00 0.00 0
145587 0.00 0.00 0.00 0
145588 0.00 0.00 0.00 0
145589 0.00 0.00 0.00 0
145590 0.00 0.00 0.00 0
145591 0.00 0.00 0.00 0
145592 0.00 0.00 0.00 0
145593 0.00 0.00 0.00 0
145594 0.00 0.00 0.00 0
145595 0.00 0.00 0.00 0
145596 0.00 0.00 0.00 0
145597 0.00 0.00 0.00 0
145598 0.00 0.00 0.00 0
145599 0.00 0.00 0.00 0
145600 0.00 0.00 0.00 0
145601 0.00 0.00 0.00 0
145602 0.00 0.00 0.00 0
145603 0.00 0.00 0.00 0
145604 0.00 0.00 0.00 0
145605 0.00 0.00 0.00 0
145606 0.00 0.00 0.00 0
145607 0.00 0.00 0.00 0
145608 0.00 0.00 0.00 0
145609 0.00 0.00 0.00 0
145610 0.00 0.00 0.00 0
145611 0.00 0.00 0.00 0
145612 0.00 0.00 0.00 0
145613 0.00 0.00 0.00 0
145614 0.00 0.00 0.00 0
145615 0.00 0.00 0.00 0
145616 0.00 0.00 0.00 0
145617 0.00 0.00 0.00 0
145618 0.00 0.00 0.00 0
145619 0.00 0.00 0.00 0
145620 0.00 0.00 0.00 0
145621 0.00 0.00 0.00 0
145622 0.00 0.00 0.00 0
145623 0.00 0.00 0.00 0
145624 0.00 0.00 0.00 0
145625 0.00 0.00 0.00 0
145626 0.00 0.00 0.00 0
145627 0.00 0.00 0.00 0
145628 0.00 0.00 0.00 0
145629 0.00 0.00 0.00 0
145630 0.00 0.00 0.00 0
145631 0.00 0.00 0.00 0
145632 0.00 0.00 0.00 0
145633 0.00 0.00 0.00 0
145634 0.00 0.00 0.00 0
145635 0.00 0.00 0.00 0
145636 0.00 0.00 0.00 0
145637 0.00 0.00 0.00 0
145638 0.00 0.00 0.00 0
145639 0.00 0.00 0.00 0
145640 0.00 0.00 0.00 0
145641 0.00 0.00 0.00 0
145642 0.00 0.00 0.00 0
145643 0.00 0.00 0.00 0
145644 0.00 0.00 0.00 0
145645 0.00 0.00 0.00 0
145647 0.00 0.00 0.00 0
145648 0.00 0.00 0.00 0
145649 0.00 0.00 0.00 0
145650 0.00 0.00 0.00 0
145651 0.00 0.00 0.00 0
145652 0.00 0.00 0.00 0
145653 0.00 0.00 0.00 0
145659 0.00 0.00 0.00 0
145660 0.00 0.00 0.00 0
145690 0.00 0.00 0.00 0
145691 0.00 0.00 0.00 0
145718 0.00 0.00 0.00 0
145719 0.00 0.00 0.00 0
145720 0.00 0.00 0.00 0
145721 0.00 0.00 0.00 0
145722 0.00 0.00 0.00 0
145723 0.00 0.00 0.00 0
145724 0.00 0.00 0.00 0
145725 0.00 0.00 0.00 0
145726 0.00 0.00 0.00 0
145727 0.00 0.00 0.00 0
145729 0.00 0.00 0.00 0
145730 0.00 0.00 0.00 0
145731 0.00 0.00 0.00 0
145732 0.00 0.00 0.00 0
145733 0.00 0.00 0.00 0
145734 0.00 0.00 0.00 0
145735 0.00 0.00 0.00 0
145736 0.00 0.00 0.00 0
145737 0.00 0.00 0.00 0
145738 0.00 0.00 0.00 0
145739 0.00 0.00 0.00 0
145740 0.00 0.00 0.00 0
145741 0.00 0.00 0.00 0
145742 0.00 0.00 0.00 0
146006 0.00 0.00 0.00 0
146007 0.00 0.00 0.00 0
146008 0.00 0.00 0.00 0
146009 0.00 0.00 0.00 0
146010 0.00 0.00 0.00 0
146011 0.00 0.00 0.00 0
146012 0.00 0.00 0.00 0
146013 0.00 0.00 0.00 0
146014 0.00 0.00 0.00 0
146015 0.00 0.00 0.00 0
146016 0.00 0.00 0.00 0
146017 0.00 0.00 0.00 0
146018 0.00 0.00 0.00 0
146019 0.00 0.00 0.00 0
146024 0.00 0.00 0.00 0
146025 0.00 0.00 0.00 0
146026 0.00 0.00 0.00 0
146027 0.00 0.00 0.00 0
146028 0.00 0.00 0.00 0
146029 0.00 0.00 0.00 0
146030 0.00 0.00 0.00 0
146031 0.00 0.00 0.00 0
146032 0.00 0.00 0.00 0
146033 0.00 0.00 0.00 0
146034 0.00 0.00 0.00 0
146035 0.00 0.00 0.00 0
146036 0.00 0.00 0.00 0
146037 0.00 0.00 0.00 0
146038 0.00 0.00 0.00 0
146039 0.00 0.00 0.00 0
146040 0.00 0.00 0.00 0
146041 0.00 0.00 0.00 0
146042 0.00 0.00 0.00 0
146043 0.00 0.00 0.00 0
146044 0.00 0.00 0.00 0
146045 0.00 0.00 0.00 0
146046 0.00 0.00 0.00 0
146047 0.00 0.00 0.00 0
146048 0.00 0.00 0.00 0
146049 0.00 0.00 0.00 0
146050 0.00 0.00 0.00 0
146051 0.00 0.00 0.00 0
146052 0.00 0.00 0.00 0
146053 0.00 0.00 0.00 0
146054 0.00 0.00 0.00 0
146055 0.00 0.00 0.00 0
146056 0.00 0.00 0.00 0
146057 0.00 0.00 0.00 0
146058 0.00 0.00 0.00 0
146059 0.00 0.00 0.00 0
146060 0.00 0.00 0.00 0
146061 0.00 0.00 0.00 0
146062 0.00 0.00 0.00 0
146063 0.00 0.00 0.00 0
146064 0.00 0.00 0.00 0
146065 0.00 0.00 0.00 0
146066 0.00 0.00 0.00 0
146067 0.00 0.00 0.00 0
146068 0.00 0.00 0.00 0
146069 0.00 0.00 0.00 0
146070 0.00 0.00 0.00 0
153147 0.00 0.00 0.00 0
153148 0.00 0.00 0.00 0
153149 0.00 0.00 0.00 0
153150 0.00 0.00 0.00 0
153151 0.00 0.00 0.00 0
153152 0.00 0.00 0.00 0
153153 0.00 0.00 0.00 0
153156 0.00 0.00 0.00 0
153157 0.00 0.00 0.00 0
153158 0.00 0.00 0.00 0
153159 0.00 0.00 0.00 0
153160 0.00 0.00 0.00 0
153174 0.00 0.00 0.00 0
153175 0.00 0.00 0.00 0
153176 0.00 0.00 0.00 0
153177 0.00 0.00 0.00 0
153178 0.00 0.00 0.00 0
153179 0.00 0.00 0.00 0
153180 0.00 0.00 0.00 0
153181 0.00 0.00 0.00 0
