# G_Ins_lg_and_S_cent_ins
834
80 0.00 0.00 0.00 0
82 0.00 0.00 0.00 0
201 0.00 0.00 0.00 0
539 0.00 0.00 0.00 0
963 0.00 0.00 0.00 0
965 0.00 0.00 0.00 0
1181 0.00 0.00 0.00 0
1182 0.00 0.00 0.00 0
1184 0.00 0.00 0.00 0
1185 0.00 0.00 0.00 0
1186 0.00 0.00 0.00 0
1513 0.00 0.00 0.00 0
2249 0.00 0.00 0.00 0
2257 0.00 0.00 0.00 0
2880 0.00 0.00 0.00 0
2882 0.00 0.00 0.00 0
2883 0.00 0.00 0.00 0
2884 0.00 0.00 0.00 0
2885 0.00 0.00 0.00 0
2886 0.00 0.00 0.00 0
2887 0.00 0.00 0.00 0
3101 0.00 0.00 0.00 0
3102 0.00 0.00 0.00 0
3103 0.00 0.00 0.00 0
3104 0.00 0.00 0.00 0
3105 0.00 0.00 0.00 0
4328 0.00 0.00 0.00 0
4329 0.00 0.00 0.00 0
4330 0.00 0.00 0.00 0
4984 0.00 0.00 0.00 0
4997 0.00 0.00 0.00 0
4999 0.00 0.00 0.00 0
5000 0.00 0.00 0.00 0
5001 0.00 0.00 0.00 0
6341 0.00 0.00 0.00 0
6342 0.00 0.00 0.00 0
6343 0.00 0.00 0.00 0
6344 0.00 0.00 0.00 0
6730 0.00 0.00 0.00 0
6731 0.00 0.00 0.00 0
6733 0.00 0.00 0.00 0
6734 0.00 0.00 0.00 0
6735 0.00 0.00 0.00 0
6742 0.00 0.00 0.00 0
6743 0.00 0.00 0.00 0
6744 0.00 0.00 0.00 0
7369 0.00 0.00 0.00 0
8507 0.00 0.00 0.00 0
9306 0.00 0.00 0.00 0
9307 0.00 0.00 0.00 0
9308 0.00 0.00 0.00 0
9309 0.00 0.00 0.00 0
9331 0.00 0.00 0.00 0
10560 0.00 0.00 0.00 0
10562 0.00 0.00 0.00 0
10563 0.00 0.00 0.00 0
10564 0.00 0.00 0.00 0
10565 0.00 0.00 0.00 0
10566 0.00 0.00 0.00 0
10567 0.00 0.00 0.00 0
10781 0.00 0.00 0.00 0
10782 0.00 0.00 0.00 0
10783 0.00 0.00 0.00 0
10784 0.00 0.00 0.00 0
10785 0.00 0.00 0.00 0
12008 0.00 0.00 0.00 0
12009 0.00 0.00 0.00 0
12010 0.00 0.00 0.00 0
12677 0.00 0.00 0.00 0
12678 0.00 0.00 0.00 0
12679 0.00 0.00 0.00 0
12680 0.00 0.00 0.00 0
12681 0.00 0.00 0.00 0
14408 0.00 0.00 0.00 0
14409 0.00 0.00 0.00 0
14410 0.00 0.00 0.00 0
14411 0.00 0.00 0.00 0
14412 0.00 0.00 0.00 0
14413 0.00 0.00 0.00 0
14417 0.00 0.00 0.00 0
15057 0.00 0.00 0.00 0
15058 0.00 0.00 0.00 0
15059 0.00 0.00 0.00 0
15061 0.00 0.00 0.00 0
15062 0.00 0.00 0.00 0
15063 0.00 0.00 0.00 0
15064 0.00 0.00 0.00 0
15065 0.00 0.00 0.00 0
15066 0.00 0.00 0.00 0
15067 0.00 0.00 0.00 0
15069 0.00 0.00 0.00 0
15070 0.00 0.00 0.00 0
15071 0.00 0.00 0.00 0
15072 0.00 0.00 0.00 0
15073 0.00 0.00 0.00 0
15074 0.00 0.00 0.00 0
15075 0.00 0.00 0.00 0
15076 0.00 0.00 0.00 0
15077 0.00 0.00 0.00 0
15078 0.00 0.00 0.00 0
15079 0.00 0.00 0.00 0
15080 0.00 0.00 0.00 0
15081 0.00 0.00 0.00 0
18743 0.00 0.00 0.00 0
18744 0.00 0.00 0.00 0
18745 0.00 0.00 0.00 0
18751 0.00 0.00 0.00 0
18752 0.00 0.00 0.00 0
20703 0.00 0.00 0.00 0
20705 0.00 0.00 0.00 0
20706 0.00 0.00 0.00 0
20707 0.00 0.00 0.00 0
20708 0.00 0.00 0.00 0
20709 0.00 0.00 0.00 0
20710 0.00 0.00 0.00 0
20712 0.00 0.00 0.00 0
20762 0.00 0.00 0.00 0
20764 0.00 0.00 0.00 0
20765 0.00 0.00 0.00 0
20766 0.00 0.00 0.00 0
23620 0.00 0.00 0.00 0
23621 0.00 0.00 0.00 0
23622 0.00 0.00 0.00 0
23623 0.00 0.00 0.00 0
23624 0.00 0.00 0.00 0
23625 0.00 0.00 0.00 0
23626 0.00 0.00 0.00 0
23627 0.00 0.00 0.00 0
23628 0.00 0.00 0.00 0
24013 0.00 0.00 0.00 0
24014 0.00 0.00 0.00 0
24015 0.00 0.00 0.00 0
24016 0.00 0.00 0.00 0
24017 0.00 0.00 0.00 0
24018 0.00 0.00 0.00 0
24019 0.00 0.00 0.00 0
24020 0.00 0.00 0.00 0
24021 0.00 0.00 0.00 0
24022 0.00 0.00 0.00 0
24023 0.00 0.00 0.00 0
26222 0.00 0.00 0.00 0
26223 0.00 0.00 0.00 0
26224 0.00 0.00 0.00 0
26225 0.00 0.00 0.00 0
27400 0.00 0.00 0.00 0
27401 0.00 0.00 0.00 0
27402 0.00 0.00 0.00 0
27403 0.00 0.00 0.00 0
27427 0.00 0.00 0.00 0
27433 0.00 0.00 0.00 0
27434 0.00 0.00 0.00 0
27435 0.00 0.00 0.00 0
30155 0.00 0.00 0.00 0
30156 0.00 0.00 0.00 0
30157 0.00 0.00 0.00 0
30158 0.00 0.00 0.00 0
30159 0.00 0.00 0.00 0
30160 0.00 0.00 0.00 0
30161 0.00 0.00 0.00 0
31064 0.00 0.00 0.00 0
31065 0.00 0.00 0.00 0
31066 0.00 0.00 0.00 0
31067 0.00 0.00 0.00 0
31070 0.00 0.00 0.00 0
31071 0.00 0.00 0.00 0
31072 0.00 0.00 0.00 0
31073 0.00 0.00 0.00 0
31074 0.00 0.00 0.00 0
31075 0.00 0.00 0.00 0
31076 0.00 0.00 0.00 0
31083 0.00 0.00 0.00 0
31084 0.00 0.00 0.00 0
31085 0.00 0.00 0.00 0
31092 0.00 0.00 0.00 0
31093 0.00 0.00 0.00 0
31094 0.00 0.00 0.00 0
31095 0.00 0.00 0.00 0
31096 0.00 0.00 0.00 0
31097 0.00 0.00 0.00 0
31098 0.00 0.00 0.00 0
32616 0.00 0.00 0.00 0
32617 0.00 0.00 0.00 0
32618 0.00 0.00 0.00 0
32619 0.00 0.00 0.00 0
32620 0.00 0.00 0.00 0
32623 0.00 0.00 0.00 0
32624 0.00 0.00 0.00 0
35789 0.00 0.00 0.00 0
35790 0.00 0.00 0.00 0
35792 0.00 0.00 0.00 0
35798 0.00 0.00 0.00 0
38159 0.00 0.00 0.00 0
38160 0.00 0.00 0.00 0
38163 0.00 0.00 0.00 0
38164 0.00 0.00 0.00 0
38165 0.00 0.00 0.00 0
38166 0.00 0.00 0.00 0
38167 0.00 0.00 0.00 0
38168 0.00 0.00 0.00 0
38232 0.00 0.00 0.00 0
38233 0.00 0.00 0.00 0
38254 0.00 0.00 0.00 0
38257 0.00 0.00 0.00 0
38258 0.00 0.00 0.00 0
38259 0.00 0.00 0.00 0
38260 0.00 0.00 0.00 0
41280 0.00 0.00 0.00 0
41281 0.00 0.00 0.00 0
41282 0.00 0.00 0.00 0
41283 0.00 0.00 0.00 0
41284 0.00 0.00 0.00 0
41285 0.00 0.00 0.00 0
41286 0.00 0.00 0.00 0
41287 0.00 0.00 0.00 0
41503 0.00 0.00 0.00 0
42728 0.00 0.00 0.00 0
42729 0.00 0.00 0.00 0
42730 0.00 0.00 0.00 0
43397 0.00 0.00 0.00 0
43398 0.00 0.00 0.00 0
43399 0.00 0.00 0.00 0
43400 0.00 0.00 0.00 0
43401 0.00 0.00 0.00 0
45128 0.00 0.00 0.00 0
45129 0.00 0.00 0.00 0
45130 0.00 0.00 0.00 0
45131 0.00 0.00 0.00 0
45132 0.00 0.00 0.00 0
45133 0.00 0.00 0.00 0
45134 0.00 0.00 0.00 0
45135 0.00 0.00 0.00 0
45136 0.00 0.00 0.00 0
45137 0.00 0.00 0.00 0
45778 0.00 0.00 0.00 0
45781 0.00 0.00 0.00 0
45782 0.00 0.00 0.00 0
45783 0.00 0.00 0.00 0
45784 0.00 0.00 0.00 0
45785 0.00 0.00 0.00 0
45786 0.00 0.00 0.00 0
45787 0.00 0.00 0.00 0
45788 0.00 0.00 0.00 0
45789 0.00 0.00 0.00 0
45790 0.00 0.00 0.00 0
45791 0.00 0.00 0.00 0
45792 0.00 0.00 0.00 0
45793 0.00 0.00 0.00 0
45794 0.00 0.00 0.00 0
45795 0.00 0.00 0.00 0
45796 0.00 0.00 0.00 0
45797 0.00 0.00 0.00 0
45798 0.00 0.00 0.00 0
45799 0.00 0.00 0.00 0
45800 0.00 0.00 0.00 0
45801 0.00 0.00 0.00 0
49463 0.00 0.00 0.00 0
49464 0.00 0.00 0.00 0
49465 0.00 0.00 0.00 0
49471 0.00 0.00 0.00 0
51423 0.00 0.00 0.00 0
51424 0.00 0.00 0.00 0
51425 0.00 0.00 0.00 0
51426 0.00 0.00 0.00 0
51427 0.00 0.00 0.00 0
51428 0.00 0.00 0.00 0
51429 0.00 0.00 0.00 0
51430 0.00 0.00 0.00 0
51472 0.00 0.00 0.00 0
51482 0.00 0.00 0.00 0
51483 0.00 0.00 0.00 0
51484 0.00 0.00 0.00 0
51485 0.00 0.00 0.00 0
51486 0.00 0.00 0.00 0
54723 0.00 0.00 0.00 0
54725 0.00 0.00 0.00 0
54726 0.00 0.00 0.00 0
54727 0.00 0.00 0.00 0
54728 0.00 0.00 0.00 0
54729 0.00 0.00 0.00 0
54730 0.00 0.00 0.00 0
54731 0.00 0.00 0.00 0
54732 0.00 0.00 0.00 0
54733 0.00 0.00 0.00 0
54734 0.00 0.00 0.00 0
54735 0.00 0.00 0.00 0
54736 0.00 0.00 0.00 0
54737 0.00 0.00 0.00 0
54738 0.00 0.00 0.00 0
54739 0.00 0.00 0.00 0
54740 0.00 0.00 0.00 0
54741 0.00 0.00 0.00 0
54742 0.00 0.00 0.00 0
55383 0.00 0.00 0.00 0
55384 0.00 0.00 0.00 0
55385 0.00 0.00 0.00 0
55386 0.00 0.00 0.00 0
55387 0.00 0.00 0.00 0
55388 0.00 0.00 0.00 0
55389 0.00 0.00 0.00 0
55390 0.00 0.00 0.00 0
55391 0.00 0.00 0.00 0
55392 0.00 0.00 0.00 0
55393 0.00 0.00 0.00 0
55394 0.00 0.00 0.00 0
55395 0.00 0.00 0.00 0
55396 0.00 0.00 0.00 0
55397 0.00 0.00 0.00 0
55398 0.00 0.00 0.00 0
55399 0.00 0.00 0.00 0
55400 0.00 0.00 0.00 0
59063 0.00 0.00 0.00 0
59064 0.00 0.00 0.00 0
59065 0.00 0.00 0.00 0
59066 0.00 0.00 0.00 0
59067 0.00 0.00 0.00 0
59068 0.00 0.00 0.00 0
59069 0.00 0.00 0.00 0
61028 0.00 0.00 0.00 0
61029 0.00 0.00 0.00 0
61072 0.00 0.00 0.00 0
61073 0.00 0.00 0.00 0
61074 0.00 0.00 0.00 0
61075 0.00 0.00 0.00 0
61081 0.00 0.00 0.00 0
61082 0.00 0.00 0.00 0
61083 0.00 0.00 0.00 0
61084 0.00 0.00 0.00 0
61085 0.00 0.00 0.00 0
61086 0.00 0.00 0.00 0
66263 0.00 0.00 0.00 0
66264 0.00 0.00 0.00 0
66265 0.00 0.00 0.00 0
66266 0.00 0.00 0.00 0
66267 0.00 0.00 0.00 0
66268 0.00 0.00 0.00 0
66269 0.00 0.00 0.00 0
66270 0.00 0.00 0.00 0
66271 0.00 0.00 0.00 0
66272 0.00 0.00 0.00 0
66273 0.00 0.00 0.00 0
66274 0.00 0.00 0.00 0
66275 0.00 0.00 0.00 0
66276 0.00 0.00 0.00 0
66277 0.00 0.00 0.00 0
66293 0.00 0.00 0.00 0
66294 0.00 0.00 0.00 0
66295 0.00 0.00 0.00 0
68208 0.00 0.00 0.00 0
68210 0.00 0.00 0.00 0
68211 0.00 0.00 0.00 0
68212 0.00 0.00 0.00 0
68213 0.00 0.00 0.00 0
68214 0.00 0.00 0.00 0
68215 0.00 0.00 0.00 0
68216 0.00 0.00 0.00 0
68217 0.00 0.00 0.00 0
68218 0.00 0.00 0.00 0
68219 0.00 0.00 0.00 0
68222 0.00 0.00 0.00 0
68223 0.00 0.00 0.00 0
68224 0.00 0.00 0.00 0
68225 0.00 0.00 0.00 0
68226 0.00 0.00 0.00 0
68227 0.00 0.00 0.00 0
68228 0.00 0.00 0.00 0
68229 0.00 0.00 0.00 0
68230 0.00 0.00 0.00 0
68231 0.00 0.00 0.00 0
68232 0.00 0.00 0.00 0
68233 0.00 0.00 0.00 0
68234 0.00 0.00 0.00 0
68235 0.00 0.00 0.00 0
68236 0.00 0.00 0.00 0
68237 0.00 0.00 0.00 0
68238 0.00 0.00 0.00 0
68239 0.00 0.00 0.00 0
68250 0.00 0.00 0.00 0
68251 0.00 0.00 0.00 0
68252 0.00 0.00 0.00 0
68253 0.00 0.00 0.00 0
68254 0.00 0.00 0.00 0
68255 0.00 0.00 0.00 0
68256 0.00 0.00 0.00 0
68257 0.00 0.00 0.00 0
68260 0.00 0.00 0.00 0
68261 0.00 0.00 0.00 0
68267 0.00 0.00 0.00 0
68268 0.00 0.00 0.00 0
68269 0.00 0.00 0.00 0
68270 0.00 0.00 0.00 0
68271 0.00 0.00 0.00 0
68272 0.00 0.00 0.00 0
68273 0.00 0.00 0.00 0
68274 0.00 0.00 0.00 0
68275 0.00 0.00 0.00 0
68276 0.00 0.00 0.00 0
68277 0.00 0.00 0.00 0
68278 0.00 0.00 0.00 0
68279 0.00 0.00 0.00 0
68280 0.00 0.00 0.00 0
68281 0.00 0.00 0.00 0
68282 0.00 0.00 0.00 0
68283 0.00 0.00 0.00 0
68284 0.00 0.00 0.00 0
68285 0.00 0.00 0.00 0
68286 0.00 0.00 0.00 0
71640 0.00 0.00 0.00 0
71641 0.00 0.00 0.00 0
71642 0.00 0.00 0.00 0
71644 0.00 0.00 0.00 0
71645 0.00 0.00 0.00 0
71646 0.00 0.00 0.00 0
71647 0.00 0.00 0.00 0
71656 0.00 0.00 0.00 0
79268 0.00 0.00 0.00 0
79269 0.00 0.00 0.00 0
79270 0.00 0.00 0.00 0
79271 0.00 0.00 0.00 0
79272 0.00 0.00 0.00 0
79273 0.00 0.00 0.00 0
79274 0.00 0.00 0.00 0
79275 0.00 0.00 0.00 0
79276 0.00 0.00 0.00 0
79277 0.00 0.00 0.00 0
79278 0.00 0.00 0.00 0
79291 0.00 0.00 0.00 0
79292 0.00 0.00 0.00 0
79293 0.00 0.00 0.00 0
85151 0.00 0.00 0.00 0
85155 0.00 0.00 0.00 0
85156 0.00 0.00 0.00 0
85157 0.00 0.00 0.00 0
85158 0.00 0.00 0.00 0
85159 0.00 0.00 0.00 0
85160 0.00 0.00 0.00 0
85161 0.00 0.00 0.00 0
85162 0.00 0.00 0.00 0
85165 0.00 0.00 0.00 0
85166 0.00 0.00 0.00 0
85167 0.00 0.00 0.00 0
85168 0.00 0.00 0.00 0
85169 0.00 0.00 0.00 0
85170 0.00 0.00 0.00 0
85171 0.00 0.00 0.00 0
85172 0.00 0.00 0.00 0
85173 0.00 0.00 0.00 0
85174 0.00 0.00 0.00 0
85175 0.00 0.00 0.00 0
85176 0.00 0.00 0.00 0
85177 0.00 0.00 0.00 0
85178 0.00 0.00 0.00 0
85179 0.00 0.00 0.00 0
85180 0.00 0.00 0.00 0
85337 0.00 0.00 0.00 0
85338 0.00 0.00 0.00 0
85339 0.00 0.00 0.00 0
85340 0.00 0.00 0.00 0
85341 0.00 0.00 0.00 0
85403 0.00 0.00 0.00 0
85406 0.00 0.00 0.00 0
85407 0.00 0.00 0.00 0
85408 0.00 0.00 0.00 0
85409 0.00 0.00 0.00 0
85410 0.00 0.00 0.00 0
92736 0.00 0.00 0.00 0
92737 0.00 0.00 0.00 0
92738 0.00 0.00 0.00 0
92739 0.00 0.00 0.00 0
92740 0.00 0.00 0.00 0
92741 0.00 0.00 0.00 0
92742 0.00 0.00 0.00 0
92743 0.00 0.00 0.00 0
92744 0.00 0.00 0.00 0
92745 0.00 0.00 0.00 0
92746 0.00 0.00 0.00 0
92747 0.00 0.00 0.00 0
92748 0.00 0.00 0.00 0
92749 0.00 0.00 0.00 0
93135 0.00 0.00 0.00 0
93136 0.00 0.00 0.00 0
93137 0.00 0.00 0.00 0
93138 0.00 0.00 0.00 0
93139 0.00 0.00 0.00 0
93140 0.00 0.00 0.00 0
93141 0.00 0.00 0.00 0
93142 0.00 0.00 0.00 0
95342 0.00 0.00 0.00 0
95343 0.00 0.00 0.00 0
95344 0.00 0.00 0.00 0
95345 0.00 0.00 0.00 0
95346 0.00 0.00 0.00 0
96547 0.00 0.00 0.00 0
96548 0.00 0.00 0.00 0
96549 0.00 0.00 0.00 0
96550 0.00 0.00 0.00 0
96551 0.00 0.00 0.00 0
96552 0.00 0.00 0.00 0
96553 0.00 0.00 0.00 0
96554 0.00 0.00 0.00 0
96555 0.00 0.00 0.00 0
99662 0.00 0.00 0.00 0
99663 0.00 0.00 0.00 0
99664 0.00 0.00 0.00 0
99665 0.00 0.00 0.00 0
99666 0.00 0.00 0.00 0
99667 0.00 0.00 0.00 0
99668 0.00 0.00 0.00 0
99669 0.00 0.00 0.00 0
99670 0.00 0.00 0.00 0
99671 0.00 0.00 0.00 0
99673 0.00 0.00 0.00 0
100831 0.00 0.00 0.00 0
100832 0.00 0.00 0.00 0
100833 0.00 0.00 0.00 0
100834 0.00 0.00 0.00 0
100835 0.00 0.00 0.00 0
100837 0.00 0.00 0.00 0
100838 0.00 0.00 0.00 0
100839 0.00 0.00 0.00 0
100840 0.00 0.00 0.00 0
100841 0.00 0.00 0.00 0
100842 0.00 0.00 0.00 0
100843 0.00 0.00 0.00 0
100844 0.00 0.00 0.00 0
100845 0.00 0.00 0.00 0
100846 0.00 0.00 0.00 0
100847 0.00 0.00 0.00 0
100848 0.00 0.00 0.00 0
100849 0.00 0.00 0.00 0
100851 0.00 0.00 0.00 0
100852 0.00 0.00 0.00 0
100853 0.00 0.00 0.00 0
100854 0.00 0.00 0.00 0
100855 0.00 0.00 0.00 0
100856 0.00 0.00 0.00 0
100857 0.00 0.00 0.00 0
100859 0.00 0.00 0.00 0
100860 0.00 0.00 0.00 0
100861 0.00 0.00 0.00 0
100862 0.00 0.00 0.00 0
100863 0.00 0.00 0.00 0
100864 0.00 0.00 0.00 0
100865 0.00 0.00 0.00 0
100866 0.00 0.00 0.00 0
100867 0.00 0.00 0.00 0
100868 0.00 0.00 0.00 0
100869 0.00 0.00 0.00 0
100870 0.00 0.00 0.00 0
100871 0.00 0.00 0.00 0
100872 0.00 0.00 0.00 0
100873 0.00 0.00 0.00 0
100874 0.00 0.00 0.00 0
100875 0.00 0.00 0.00 0
107465 0.00 0.00 0.00 0
107466 0.00 0.00 0.00 0
107467 0.00 0.00 0.00 0
107468 0.00 0.00 0.00 0
107469 0.00 0.00 0.00 0
107479 0.00 0.00 0.00 0
107480 0.00 0.00 0.00 0
107481 0.00 0.00 0.00 0
110996 0.00 0.00 0.00 0
110997 0.00 0.00 0.00 0
110998 0.00 0.00 0.00 0
110999 0.00 0.00 0.00 0
111000 0.00 0.00 0.00 0
111001 0.00 0.00 0.00 0
111002 0.00 0.00 0.00 0
111003 0.00 0.00 0.00 0
111004 0.00 0.00 0.00 0
111005 0.00 0.00 0.00 0
111006 0.00 0.00 0.00 0
111008 0.00 0.00 0.00 0
111011 0.00 0.00 0.00 0
111012 0.00 0.00 0.00 0
111100 0.00 0.00 0.00 0
111101 0.00 0.00 0.00 0
111102 0.00 0.00 0.00 0
111103 0.00 0.00 0.00 0
111104 0.00 0.00 0.00 0
111105 0.00 0.00 0.00 0
111106 0.00 0.00 0.00 0
111107 0.00 0.00 0.00 0
111108 0.00 0.00 0.00 0
116555 0.00 0.00 0.00 0
116556 0.00 0.00 0.00 0
116557 0.00 0.00 0.00 0
116558 0.00 0.00 0.00 0
116559 0.00 0.00 0.00 0
116560 0.00 0.00 0.00 0
116561 0.00 0.00 0.00 0
116562 0.00 0.00 0.00 0
116563 0.00 0.00 0.00 0
116564 0.00 0.00 0.00 0
116565 0.00 0.00 0.00 0
116566 0.00 0.00 0.00 0
116567 0.00 0.00 0.00 0
116568 0.00 0.00 0.00 0
116569 0.00 0.00 0.00 0
116570 0.00 0.00 0.00 0
116571 0.00 0.00 0.00 0
116572 0.00 0.00 0.00 0
116573 0.00 0.00 0.00 0
117471 0.00 0.00 0.00 0
117472 0.00 0.00 0.00 0
117473 0.00 0.00 0.00 0
117474 0.00 0.00 0.00 0
117475 0.00 0.00 0.00 0
117476 0.00 0.00 0.00 0
117477 0.00 0.00 0.00 0
117478 0.00 0.00 0.00 0
117479 0.00 0.00 0.00 0
117480 0.00 0.00 0.00 0
117481 0.00 0.00 0.00 0
117482 0.00 0.00 0.00 0
117483 0.00 0.00 0.00 0
117484 0.00 0.00 0.00 0
117485 0.00 0.00 0.00 0
117486 0.00 0.00 0.00 0
117487 0.00 0.00 0.00 0
117488 0.00 0.00 0.00 0
117489 0.00 0.00 0.00 0
117490 0.00 0.00 0.00 0
117491 0.00 0.00 0.00 0
117492 0.00 0.00 0.00 0
117493 0.00 0.00 0.00 0
117494 0.00 0.00 0.00 0
117495 0.00 0.00 0.00 0
117496 0.00 0.00 0.00 0
117497 0.00 0.00 0.00 0
117498 0.00 0.00 0.00 0
122624 0.00 0.00 0.00 0
122625 0.00 0.00 0.00 0
122626 0.00 0.00 0.00 0
122627 0.00 0.00 0.00 0
122628 0.00 0.00 0.00 0
122629 0.00 0.00 0.00 0
122630 0.00 0.00 0.00 0
122631 0.00 0.00 0.00 0
122632 0.00 0.00 0.00 0
125373 0.00 0.00 0.00 0
125374 0.00 0.00 0.00 0
125375 0.00 0.00 0.00 0
125376 0.00 0.00 0.00 0
125377 0.00 0.00 0.00 0
125378 0.00 0.00 0.00 0
125379 0.00 0.00 0.00 0
125437 0.00 0.00 0.00 0
125442 0.00 0.00 0.00 0
125451 0.00 0.00 0.00 0
125452 0.00 0.00 0.00 0
125453 0.00 0.00 0.00 0
125454 0.00 0.00 0.00 0
125455 0.00 0.00 0.00 0
125456 0.00 0.00 0.00 0
125457 0.00 0.00 0.00 0
132317 0.00 0.00 0.00 0
132318 0.00 0.00 0.00 0
132319 0.00 0.00 0.00 0
132320 0.00 0.00 0.00 0
132321 0.00 0.00 0.00 0
132322 0.00 0.00 0.00 0
132323 0.00 0.00 0.00 0
132324 0.00 0.00 0.00 0
132325 0.00 0.00 0.00 0
132326 0.00 0.00 0.00 0
132327 0.00 0.00 0.00 0
132328 0.00 0.00 0.00 0
132329 0.00 0.00 0.00 0
132330 0.00 0.00 0.00 0
132331 0.00 0.00 0.00 0
132332 0.00 0.00 0.00 0
132333 0.00 0.00 0.00 0
132334 0.00 0.00 0.00 0
132335 0.00 0.00 0.00 0
132356 0.00 0.00 0.00 0
134790 0.00 0.00 0.00 0
134791 0.00 0.00 0.00 0
134800 0.00 0.00 0.00 0
134801 0.00 0.00 0.00 0
134802 0.00 0.00 0.00 0
134803 0.00 0.00 0.00 0
134804 0.00 0.00 0.00 0
134805 0.00 0.00 0.00 0
134806 0.00 0.00 0.00 0
134807 0.00 0.00 0.00 0
134808 0.00 0.00 0.00 0
134809 0.00 0.00 0.00 0
134810 0.00 0.00 0.00 0
134811 0.00 0.00 0.00 0
134812 0.00 0.00 0.00 0
134813 0.00 0.00 0.00 0
134814 0.00 0.00 0.00 0
134815 0.00 0.00 0.00 0
134816 0.00 0.00 0.00 0
134817 0.00 0.00 0.00 0
134818 0.00 0.00 0.00 0
134819 0.00 0.00 0.00 0
134820 0.00 0.00 0.00 0
134835 0.00 0.00 0.00 0
134836 0.00 0.00 0.00 0
134837 0.00 0.00 0.00 0
134838 0.00 0.00 0.00 0
134839 0.00 0.00 0.00 0
134847 0.00 0.00 0.00 0
134857 0.00 0.00 0.00 0
134861 0.00 0.00 0.00 0
134862 0.00 0.00 0.00 0
134863 0.00 0.00 0.00 0
134864 0.00 0.00 0.00 0
134865 0.00 0.00 0.00 0
134866 0.00 0.00 0.00 0
134867 0.00 0.00 0.00 0
134868 0.00 0.00 0.00 0
134869 0.00 0.00 0.00 0
134870 0.00 0.00 0.00 0
134871 0.00 0.00 0.00 0
134872 0.00 0.00 0.00 0
134873 0.00 0.00 0.00 0
134874 0.00 0.00 0.00 0
134875 0.00 0.00 0.00 0
134876 0.00 0.00 0.00 0
134877 0.00 0.00 0.00 0
134878 0.00 0.00 0.00 0
134879 0.00 0.00 0.00 0
134880 0.00 0.00 0.00 0
139080 0.00 0.00 0.00 0
139081 0.00 0.00 0.00 0
139082 0.00 0.00 0.00 0
139083 0.00 0.00 0.00 0
139084 0.00 0.00 0.00 0
139085 0.00 0.00 0.00 0
139086 0.00 0.00 0.00 0
139087 0.00 0.00 0.00 0
139088 0.00 0.00 0.00 0
139089 0.00 0.00 0.00 0
139090 0.00 0.00 0.00 0
139097 0.00 0.00 0.00 0
139098 0.00 0.00 0.00 0
139099 0.00 0.00 0.00 0
139100 0.00 0.00 0.00 0
139101 0.00 0.00 0.00 0
139102 0.00 0.00 0.00 0
139105 0.00 0.00 0.00 0
139106 0.00 0.00 0.00 0
139107 0.00 0.00 0.00 0
139108 0.00 0.00 0.00 0
139135 0.00 0.00 0.00 0
139136 0.00 0.00 0.00 0
139137 0.00 0.00 0.00 0
139153 0.00 0.00 0.00 0
139154 0.00 0.00 0.00 0
139155 0.00 0.00 0.00 0
139156 0.00 0.00 0.00 0
139159 0.00 0.00 0.00 0
139160 0.00 0.00 0.00 0
139161 0.00 0.00 0.00 0
139162 0.00 0.00 0.00 0
148355 0.00 0.00 0.00 0
148356 0.00 0.00 0.00 0
148357 0.00 0.00 0.00 0
148358 0.00 0.00 0.00 0
148359 0.00 0.00 0.00 0
148360 0.00 0.00 0.00 0
148361 0.00 0.00 0.00 0
148364 0.00 0.00 0.00 0
148365 0.00 0.00 0.00 0
148366 0.00 0.00 0.00 0
148368 0.00 0.00 0.00 0
148369 0.00 0.00 0.00 0
148382 0.00 0.00 0.00 0
148383 0.00 0.00 0.00 0
148384 0.00 0.00 0.00 0
148385 0.00 0.00 0.00 0
148386 0.00 0.00 0.00 0
155435 0.00 0.00 0.00 0
155436 0.00 0.00 0.00 0
155437 0.00 0.00 0.00 0
155438 0.00 0.00 0.00 0
155439 0.00 0.00 0.00 0
155440 0.00 0.00 0.00 0
155441 0.00 0.00 0.00 0
155442 0.00 0.00 0.00 0
155447 0.00 0.00 0.00 0
155448 0.00 0.00 0.00 0
155450 0.00 0.00 0.00 0
155451 0.00 0.00 0.00 0
155452 0.00 0.00 0.00 0
155453 0.00 0.00 0.00 0
155454 0.00 0.00 0.00 0
155455 0.00 0.00 0.00 0
155456 0.00 0.00 0.00 0
155457 0.00 0.00 0.00 0
155458 0.00 0.00 0.00 0
155459 0.00 0.00 0.00 0
155460 0.00 0.00 0.00 0
155461 0.00 0.00 0.00 0
155462 0.00 0.00 0.00 0
155463 0.00 0.00 0.00 0
155464 0.00 0.00 0.00 0
155465 0.00 0.00 0.00 0
155466 0.00 0.00 0.00 0
155467 0.00 0.00 0.00 0
155653 0.00 0.00 0.00 0
155654 0.00 0.00 0.00 0
155655 0.00 0.00 0.00 0
155656 0.00 0.00 0.00 0
155657 0.00 0.00 0.00 0
155658 0.00 0.00 0.00 0
155659 0.00 0.00 0.00 0
155686 0.00 0.00 0.00 0
155713 0.00 0.00 0.00 0
155714 0.00 0.00 0.00 0
155715 0.00 0.00 0.00 0
155716 0.00 0.00 0.00 0
155719 0.00 0.00 0.00 0
155720 0.00 0.00 0.00 0
155721 0.00 0.00 0.00 0
155722 0.00 0.00 0.00 0
155730 0.00 0.00 0.00 0
155731 0.00 0.00 0.00 0
155732 0.00 0.00 0.00 0
155733 0.00 0.00 0.00 0
155734 0.00 0.00 0.00 0
155736 0.00 0.00 0.00 0
155737 0.00 0.00 0.00 0
155738 0.00 0.00 0.00 0
155739 0.00 0.00 0.00 0
155740 0.00 0.00 0.00 0
155741 0.00 0.00 0.00 0
155742 0.00 0.00 0.00 0
160277 0.00 0.00 0.00 0
160361 0.00 0.00 0.00 0
160364 0.00 0.00 0.00 0
