# G_insular_short
821
77 0.00 0.00 0.00 0
427 0.00 0.00 0.00 0
428 0.00 0.00 0.00 0
520 0.00 0.00 0.00 0
952 0.00 0.00 0.00 0
953 0.00 0.00 0.00 0
1507 0.00 0.00 0.00 0
1959 0.00 0.00 0.00 0
2201 0.00 0.00 0.00 0
2202 0.00 0.00 0.00 0
2204 0.00 0.00 0.00 0
2207 0.00 0.00 0.00 0
2436 0.00 0.00 0.00 0
2872 0.00 0.00 0.00 0
2873 0.00 0.00 0.00 0
2874 0.00 0.00 0.00 0
3472 0.00 0.00 0.00 0
4299 0.00 0.00 0.00 0
4747 0.00 0.00 0.00 0
4749 0.00 0.00 0.00 0
4865 0.00 0.00 0.00 0
4866 0.00 0.00 0.00 0
4867 0.00 0.00 0.00 0
4881 0.00 0.00 0.00 0
5445 0.00 0.00 0.00 0
5446 0.00 0.00 0.00 0
5447 0.00 0.00 0.00 0
6322 0.00 0.00 0.00 0
6323 0.00 0.00 0.00 0
6324 0.00 0.00 0.00 0
6325 0.00 0.00 0.00 0
7357 0.00 0.00 0.00 0
7358 0.00 0.00 0.00 0
8471 0.00 0.00 0.00 0
8472 0.00 0.00 0.00 0
8473 0.00 0.00 0.00 0
9027 0.00 0.00 0.00 0
9164 0.00 0.00 0.00 0
9165 0.00 0.00 0.00 0
9166 0.00 0.00 0.00 0
9167 0.00 0.00 0.00 0
9174 0.00 0.00 0.00 0
9175 0.00 0.00 0.00 0
9178 0.00 0.00 0.00 0
9179 0.00 0.00 0.00 0
9180 0.00 0.00 0.00 0
9181 0.00 0.00 0.00 0
9182 0.00 0.00 0.00 0
9865 0.00 0.00 0.00 0
9867 0.00 0.00 0.00 0
10552 0.00 0.00 0.00 0
10553 0.00 0.00 0.00 0
10554 0.00 0.00 0.00 0
11977 0.00 0.00 0.00 0
11978 0.00 0.00 0.00 0
11979 0.00 0.00 0.00 0
12428 0.00 0.00 0.00 0
12544 0.00 0.00 0.00 0
12545 0.00 0.00 0.00 0
12546 0.00 0.00 0.00 0
12547 0.00 0.00 0.00 0
12561 0.00 0.00 0.00 0
13125 0.00 0.00 0.00 0
13126 0.00 0.00 0.00 0
13127 0.00 0.00 0.00 0
14377 0.00 0.00 0.00 0
14378 0.00 0.00 0.00 0
14379 0.00 0.00 0.00 0
14380 0.00 0.00 0.00 0
14381 0.00 0.00 0.00 0
14382 0.00 0.00 0.00 0
16177 0.00 0.00 0.00 0
16178 0.00 0.00 0.00 0
16179 0.00 0.00 0.00 0
18655 0.00 0.00 0.00 0
18657 0.00 0.00 0.00 0
18658 0.00 0.00 0.00 0
18659 0.00 0.00 0.00 0
18660 0.00 0.00 0.00 0
18661 0.00 0.00 0.00 0
18662 0.00 0.00 0.00 0
18664 0.00 0.00 0.00 0
18665 0.00 0.00 0.00 0
18666 0.00 0.00 0.00 0
20014 0.00 0.00 0.00 0
20351 0.00 0.00 0.00 0
20352 0.00 0.00 0.00 0
20353 0.00 0.00 0.00 0
20354 0.00 0.00 0.00 0
20355 0.00 0.00 0.00 0
20356 0.00 0.00 0.00 0
20357 0.00 0.00 0.00 0
20358 0.00 0.00 0.00 0
20359 0.00 0.00 0.00 0
20360 0.00 0.00 0.00 0
20377 0.00 0.00 0.00 0
20378 0.00 0.00 0.00 0
20379 0.00 0.00 0.00 0
20380 0.00 0.00 0.00 0
20386 0.00 0.00 0.00 0
20391 0.00 0.00 0.00 0
20392 0.00 0.00 0.00 0
20395 0.00 0.00 0.00 0
20398 0.00 0.00 0.00 0
20399 0.00 0.00 0.00 0
20400 0.00 0.00 0.00 0
22098 0.00 0.00 0.00 0
22099 0.00 0.00 0.00 0
22100 0.00 0.00 0.00 0
22101 0.00 0.00 0.00 0
22104 0.00 0.00 0.00 0
23602 0.00 0.00 0.00 0
23603 0.00 0.00 0.00 0
23604 0.00 0.00 0.00 0
23605 0.00 0.00 0.00 0
23606 0.00 0.00 0.00 0
24682 0.00 0.00 0.00 0
26170 0.00 0.00 0.00 0
26171 0.00 0.00 0.00 0
26172 0.00 0.00 0.00 0
26173 0.00 0.00 0.00 0
26977 0.00 0.00 0.00 0
26979 0.00 0.00 0.00 0
26980 0.00 0.00 0.00 0
26981 0.00 0.00 0.00 0
27188 0.00 0.00 0.00 0
27189 0.00 0.00 0.00 0
27190 0.00 0.00 0.00 0
27191 0.00 0.00 0.00 0
27192 0.00 0.00 0.00 0
27193 0.00 0.00 0.00 0
27210 0.00 0.00 0.00 0
27211 0.00 0.00 0.00 0
27216 0.00 0.00 0.00 0
27217 0.00 0.00 0.00 0
27218 0.00 0.00 0.00 0
27219 0.00 0.00 0.00 0
28233 0.00 0.00 0.00 0
28234 0.00 0.00 0.00 0
28235 0.00 0.00 0.00 0
28236 0.00 0.00 0.00 0
28237 0.00 0.00 0.00 0
30112 0.00 0.00 0.00 0
30113 0.00 0.00 0.00 0
30114 0.00 0.00 0.00 0
30115 0.00 0.00 0.00 0
30116 0.00 0.00 0.00 0
30117 0.00 0.00 0.00 0
30118 0.00 0.00 0.00 0
30119 0.00 0.00 0.00 0
31720 0.00 0.00 0.00 0
32587 0.00 0.00 0.00 0
32588 0.00 0.00 0.00 0
32589 0.00 0.00 0.00 0
35685 0.00 0.00 0.00 0
35686 0.00 0.00 0.00 0
35687 0.00 0.00 0.00 0
35688 0.00 0.00 0.00 0
35689 0.00 0.00 0.00 0
35690 0.00 0.00 0.00 0
35691 0.00 0.00 0.00 0
35692 0.00 0.00 0.00 0
35693 0.00 0.00 0.00 0
35694 0.00 0.00 0.00 0
35695 0.00 0.00 0.00 0
35696 0.00 0.00 0.00 0
35706 0.00 0.00 0.00 0
35707 0.00 0.00 0.00 0
37324 0.00 0.00 0.00 0
37325 0.00 0.00 0.00 0
37327 0.00 0.00 0.00 0
37728 0.00 0.00 0.00 0
37735 0.00 0.00 0.00 0
37736 0.00 0.00 0.00 0
37737 0.00 0.00 0.00 0
37738 0.00 0.00 0.00 0
37739 0.00 0.00 0.00 0
37740 0.00 0.00 0.00 0
37741 0.00 0.00 0.00 0
37742 0.00 0.00 0.00 0
37743 0.00 0.00 0.00 0
37744 0.00 0.00 0.00 0
37763 0.00 0.00 0.00 0
37764 0.00 0.00 0.00 0
37765 0.00 0.00 0.00 0
37766 0.00 0.00 0.00 0
37773 0.00 0.00 0.00 0
37774 0.00 0.00 0.00 0
37775 0.00 0.00 0.00 0
37776 0.00 0.00 0.00 0
37778 0.00 0.00 0.00 0
37779 0.00 0.00 0.00 0
37780 0.00 0.00 0.00 0
37781 0.00 0.00 0.00 0
37784 0.00 0.00 0.00 0
37789 0.00 0.00 0.00 0
37790 0.00 0.00 0.00 0
39831 0.00 0.00 0.00 0
39837 0.00 0.00 0.00 0
39838 0.00 0.00 0.00 0
39839 0.00 0.00 0.00 0
39841 0.00 0.00 0.00 0
39842 0.00 0.00 0.00 0
41272 0.00 0.00 0.00 0
41273 0.00 0.00 0.00 0
41274 0.00 0.00 0.00 0
42697 0.00 0.00 0.00 0
42698 0.00 0.00 0.00 0
42699 0.00 0.00 0.00 0
43263 0.00 0.00 0.00 0
43264 0.00 0.00 0.00 0
43265 0.00 0.00 0.00 0
43266 0.00 0.00 0.00 0
43267 0.00 0.00 0.00 0
43845 0.00 0.00 0.00 0
43846 0.00 0.00 0.00 0
43847 0.00 0.00 0.00 0
45097 0.00 0.00 0.00 0
45098 0.00 0.00 0.00 0
45099 0.00 0.00 0.00 0
45100 0.00 0.00 0.00 0
45101 0.00 0.00 0.00 0
46897 0.00 0.00 0.00 0
46898 0.00 0.00 0.00 0
46899 0.00 0.00 0.00 0
49375 0.00 0.00 0.00 0
49376 0.00 0.00 0.00 0
49377 0.00 0.00 0.00 0
49378 0.00 0.00 0.00 0
49379 0.00 0.00 0.00 0
49380 0.00 0.00 0.00 0
49381 0.00 0.00 0.00 0
49382 0.00 0.00 0.00 0
51071 0.00 0.00 0.00 0
51072 0.00 0.00 0.00 0
51073 0.00 0.00 0.00 0
51074 0.00 0.00 0.00 0
51075 0.00 0.00 0.00 0
51076 0.00 0.00 0.00 0
51077 0.00 0.00 0.00 0
51078 0.00 0.00 0.00 0
51079 0.00 0.00 0.00 0
51080 0.00 0.00 0.00 0
51081 0.00 0.00 0.00 0
51082 0.00 0.00 0.00 0
51096 0.00 0.00 0.00 0
51097 0.00 0.00 0.00 0
51098 0.00 0.00 0.00 0
51099 0.00 0.00 0.00 0
51100 0.00 0.00 0.00 0
51111 0.00 0.00 0.00 0
51116 0.00 0.00 0.00 0
51117 0.00 0.00 0.00 0
51118 0.00 0.00 0.00 0
51119 0.00 0.00 0.00 0
51120 0.00 0.00 0.00 0
51121 0.00 0.00 0.00 0
51122 0.00 0.00 0.00 0
52818 0.00 0.00 0.00 0
52819 0.00 0.00 0.00 0
52820 0.00 0.00 0.00 0
52821 0.00 0.00 0.00 0
52822 0.00 0.00 0.00 0
54697 0.00 0.00 0.00 0
54698 0.00 0.00 0.00 0
54699 0.00 0.00 0.00 0
54700 0.00 0.00 0.00 0
54701 0.00 0.00 0.00 0
54702 0.00 0.00 0.00 0
54703 0.00 0.00 0.00 0
54704 0.00 0.00 0.00 0
56497 0.00 0.00 0.00 0
58975 0.00 0.00 0.00 0
58976 0.00 0.00 0.00 0
58977 0.00 0.00 0.00 0
58978 0.00 0.00 0.00 0
58979 0.00 0.00 0.00 0
60322 0.00 0.00 0.00 0
60323 0.00 0.00 0.00 0
60324 0.00 0.00 0.00 0
60325 0.00 0.00 0.00 0
60326 0.00 0.00 0.00 0
60327 0.00 0.00 0.00 0
60328 0.00 0.00 0.00 0
60329 0.00 0.00 0.00 0
60671 0.00 0.00 0.00 0
60672 0.00 0.00 0.00 0
60673 0.00 0.00 0.00 0
60674 0.00 0.00 0.00 0
60675 0.00 0.00 0.00 0
60676 0.00 0.00 0.00 0
60677 0.00 0.00 0.00 0
60678 0.00 0.00 0.00 0
60679 0.00 0.00 0.00 0
60680 0.00 0.00 0.00 0
60681 0.00 0.00 0.00 0
60682 0.00 0.00 0.00 0
60710 0.00 0.00 0.00 0
60711 0.00 0.00 0.00 0
60712 0.00 0.00 0.00 0
60720 0.00 0.00 0.00 0
60721 0.00 0.00 0.00 0
60722 0.00 0.00 0.00 0
60723 0.00 0.00 0.00 0
60724 0.00 0.00 0.00 0
60725 0.00 0.00 0.00 0
60726 0.00 0.00 0.00 0
62415 0.00 0.00 0.00 0
62416 0.00 0.00 0.00 0
62417 0.00 0.00 0.00 0
62418 0.00 0.00 0.00 0
62419 0.00 0.00 0.00 0
62420 0.00 0.00 0.00 0
62421 0.00 0.00 0.00 0
62422 0.00 0.00 0.00 0
66172 0.00 0.00 0.00 0
66173 0.00 0.00 0.00 0
66174 0.00 0.00 0.00 0
66175 0.00 0.00 0.00 0
66176 0.00 0.00 0.00 0
66177 0.00 0.00 0.00 0
66178 0.00 0.00 0.00 0
66179 0.00 0.00 0.00 0
66180 0.00 0.00 0.00 0
66181 0.00 0.00 0.00 0
66182 0.00 0.00 0.00 0
66183 0.00 0.00 0.00 0
66184 0.00 0.00 0.00 0
66185 0.00 0.00 0.00 0
66186 0.00 0.00 0.00 0
66187 0.00 0.00 0.00 0
66188 0.00 0.00 0.00 0
66189 0.00 0.00 0.00 0
71572 0.00 0.00 0.00 0
71573 0.00 0.00 0.00 0
71574 0.00 0.00 0.00 0
71575 0.00 0.00 0.00 0
71576 0.00 0.00 0.00 0
79013 0.00 0.00 0.00 0
79014 0.00 0.00 0.00 0
79015 0.00 0.00 0.00 0
79016 0.00 0.00 0.00 0
79017 0.00 0.00 0.00 0
79018 0.00 0.00 0.00 0
79019 0.00 0.00 0.00 0
79020 0.00 0.00 0.00 0
79021 0.00 0.00 0.00 0
79022 0.00 0.00 0.00 0
79023 0.00 0.00 0.00 0
79024 0.00 0.00 0.00 0
79025 0.00 0.00 0.00 0
79026 0.00 0.00 0.00 0
79027 0.00 0.00 0.00 0
79029 0.00 0.00 0.00 0
79030 0.00 0.00 0.00 0
79031 0.00 0.00 0.00 0
79032 0.00 0.00 0.00 0
79033 0.00 0.00 0.00 0
79034 0.00 0.00 0.00 0
79035 0.00 0.00 0.00 0
79036 0.00 0.00 0.00 0
79037 0.00 0.00 0.00 0
79038 0.00 0.00 0.00 0
79039 0.00 0.00 0.00 0
79040 0.00 0.00 0.00 0
79041 0.00 0.00 0.00 0
79042 0.00 0.00 0.00 0
79065 0.00 0.00 0.00 0
79066 0.00 0.00 0.00 0
79067 0.00 0.00 0.00 0
83075 0.00 0.00 0.00 0
83076 0.00 0.00 0.00 0
83077 0.00 0.00 0.00 0
83081 0.00 0.00 0.00 0
83082 0.00 0.00 0.00 0
83083 0.00 0.00 0.00 0
83084 0.00 0.00 0.00 0
84081 0.00 0.00 0.00 0
84082 0.00 0.00 0.00 0
84094 0.00 0.00 0.00 0
84100 0.00 0.00 0.00 0
84101 0.00 0.00 0.00 0
84102 0.00 0.00 0.00 0
84103 0.00 0.00 0.00 0
84104 0.00 0.00 0.00 0
84105 0.00 0.00 0.00 0
84106 0.00 0.00 0.00 0
84107 0.00 0.00 0.00 0
84108 0.00 0.00 0.00 0
84109 0.00 0.00 0.00 0
84110 0.00 0.00 0.00 0
84111 0.00 0.00 0.00 0
84112 0.00 0.00 0.00 0
84113 0.00 0.00 0.00 0
84114 0.00 0.00 0.00 0
84115 0.00 0.00 0.00 0
84116 0.00 0.00 0.00 0
84117 0.00 0.00 0.00 0
84118 0.00 0.00 0.00 0
84119 0.00 0.00 0.00 0
84120 0.00 0.00 0.00 0
84121 0.00 0.00 0.00 0
84122 0.00 0.00 0.00 0
84169 0.00 0.00 0.00 0
84170 0.00 0.00 0.00 0
84171 0.00 0.00 0.00 0
84172 0.00 0.00 0.00 0
84173 0.00 0.00 0.00 0
84174 0.00 0.00 0.00 0
84175 0.00 0.00 0.00 0
84176 0.00 0.00 0.00 0
84177 0.00 0.00 0.00 0
84178 0.00 0.00 0.00 0
84179 0.00 0.00 0.00 0
84194 0.00 0.00 0.00 0
84195 0.00 0.00 0.00 0
84196 0.00 0.00 0.00 0
84197 0.00 0.00 0.00 0
84198 0.00 0.00 0.00 0
84199 0.00 0.00 0.00 0
84200 0.00 0.00 0.00 0
84201 0.00 0.00 0.00 0
84202 0.00 0.00 0.00 0
84208 0.00 0.00 0.00 0
84209 0.00 0.00 0.00 0
84210 0.00 0.00 0.00 0
84211 0.00 0.00 0.00 0
84212 0.00 0.00 0.00 0
84213 0.00 0.00 0.00 0
84214 0.00 0.00 0.00 0
84215 0.00 0.00 0.00 0
84216 0.00 0.00 0.00 0
84217 0.00 0.00 0.00 0
84221 0.00 0.00 0.00 0
84222 0.00 0.00 0.00 0
84223 0.00 0.00 0.00 0
84224 0.00 0.00 0.00 0
84225 0.00 0.00 0.00 0
84235 0.00 0.00 0.00 0
84236 0.00 0.00 0.00 0
84237 0.00 0.00 0.00 0
84238 0.00 0.00 0.00 0
84248 0.00 0.00 0.00 0
84249 0.00 0.00 0.00 0
84250 0.00 0.00 0.00 0
89333 0.00 0.00 0.00 0
89334 0.00 0.00 0.00 0
89335 0.00 0.00 0.00 0
89336 0.00 0.00 0.00 0
89337 0.00 0.00 0.00 0
89338 0.00 0.00 0.00 0
89340 0.00 0.00 0.00 0
89342 0.00 0.00 0.00 0
89343 0.00 0.00 0.00 0
89344 0.00 0.00 0.00 0
89348 0.00 0.00 0.00 0
89349 0.00 0.00 0.00 0
89350 0.00 0.00 0.00 0
89351 0.00 0.00 0.00 0
89352 0.00 0.00 0.00 0
89353 0.00 0.00 0.00 0
89354 0.00 0.00 0.00 0
89355 0.00 0.00 0.00 0
89362 0.00 0.00 0.00 0
92722 0.00 0.00 0.00 0
92723 0.00 0.00 0.00 0
92724 0.00 0.00 0.00 0
92725 0.00 0.00 0.00 0
92726 0.00 0.00 0.00 0
95289 0.00 0.00 0.00 0
95290 0.00 0.00 0.00 0
95291 0.00 0.00 0.00 0
96097 0.00 0.00 0.00 0
96098 0.00 0.00 0.00 0
96099 0.00 0.00 0.00 0
96307 0.00 0.00 0.00 0
96308 0.00 0.00 0.00 0
96309 0.00 0.00 0.00 0
96310 0.00 0.00 0.00 0
96311 0.00 0.00 0.00 0
96312 0.00 0.00 0.00 0
96313 0.00 0.00 0.00 0
96337 0.00 0.00 0.00 0
96339 0.00 0.00 0.00 0
97353 0.00 0.00 0.00 0
97354 0.00 0.00 0.00 0
97355 0.00 0.00 0.00 0
97356 0.00 0.00 0.00 0
97357 0.00 0.00 0.00 0
99607 0.00 0.00 0.00 0
99608 0.00 0.00 0.00 0
99609 0.00 0.00 0.00 0
99610 0.00 0.00 0.00 0
99611 0.00 0.00 0.00 0
99612 0.00 0.00 0.00 0
99613 0.00 0.00 0.00 0
99614 0.00 0.00 0.00 0
99615 0.00 0.00 0.00 0
99616 0.00 0.00 0.00 0
102847 0.00 0.00 0.00 0
102848 0.00 0.00 0.00 0
102849 0.00 0.00 0.00 0
102850 0.00 0.00 0.00 0
107310 0.00 0.00 0.00 0
107311 0.00 0.00 0.00 0
107312 0.00 0.00 0.00 0
107313 0.00 0.00 0.00 0
107314 0.00 0.00 0.00 0
107315 0.00 0.00 0.00 0
107316 0.00 0.00 0.00 0
107317 0.00 0.00 0.00 0
107318 0.00 0.00 0.00 0
107319 0.00 0.00 0.00 0
107320 0.00 0.00 0.00 0
107322 0.00 0.00 0.00 0
107323 0.00 0.00 0.00 0
107324 0.00 0.00 0.00 0
107325 0.00 0.00 0.00 0
107326 0.00 0.00 0.00 0
107327 0.00 0.00 0.00 0
107328 0.00 0.00 0.00 0
109752 0.00 0.00 0.00 0
110359 0.00 0.00 0.00 0
110360 0.00 0.00 0.00 0
110361 0.00 0.00 0.00 0
110362 0.00 0.00 0.00 0
110363 0.00 0.00 0.00 0
110364 0.00 0.00 0.00 0
110365 0.00 0.00 0.00 0
110366 0.00 0.00 0.00 0
110367 0.00 0.00 0.00 0
110368 0.00 0.00 0.00 0
110369 0.00 0.00 0.00 0
110370 0.00 0.00 0.00 0
110371 0.00 0.00 0.00 0
110372 0.00 0.00 0.00 0
110373 0.00 0.00 0.00 0
110374 0.00 0.00 0.00 0
110375 0.00 0.00 0.00 0
110376 0.00 0.00 0.00 0
110377 0.00 0.00 0.00 0
110378 0.00 0.00 0.00 0
110406 0.00 0.00 0.00 0
110407 0.00 0.00 0.00 0
110408 0.00 0.00 0.00 0
110409 0.00 0.00 0.00 0
110410 0.00 0.00 0.00 0
110411 0.00 0.00 0.00 0
110412 0.00 0.00 0.00 0
110430 0.00 0.00 0.00 0
110431 0.00 0.00 0.00 0
110432 0.00 0.00 0.00 0
110433 0.00 0.00 0.00 0
110434 0.00 0.00 0.00 0
110438 0.00 0.00 0.00 0
110439 0.00 0.00 0.00 0
110444 0.00 0.00 0.00 0
110445 0.00 0.00 0.00 0
110446 0.00 0.00 0.00 0
110447 0.00 0.00 0.00 0
110453 0.00 0.00 0.00 0
113504 0.00 0.00 0.00 0
113505 0.00 0.00 0.00 0
113506 0.00 0.00 0.00 0
113507 0.00 0.00 0.00 0
113508 0.00 0.00 0.00 0
113509 0.00 0.00 0.00 0
113510 0.00 0.00 0.00 0
113511 0.00 0.00 0.00 0
113514 0.00 0.00 0.00 0
113517 0.00 0.00 0.00 0
116512 0.00 0.00 0.00 0
116513 0.00 0.00 0.00 0
116514 0.00 0.00 0.00 0
116515 0.00 0.00 0.00 0
116516 0.00 0.00 0.00 0
116517 0.00 0.00 0.00 0
116518 0.00 0.00 0.00 0
116519 0.00 0.00 0.00 0
116520 0.00 0.00 0.00 0
116521 0.00 0.00 0.00 0
119032 0.00 0.00 0.00 0
119033 0.00 0.00 0.00 0
122505 0.00 0.00 0.00 0
122506 0.00 0.00 0.00 0
122507 0.00 0.00 0.00 0
122508 0.00 0.00 0.00 0
122509 0.00 0.00 0.00 0
122510 0.00 0.00 0.00 0
124392 0.00 0.00 0.00 0
124393 0.00 0.00 0.00 0
124394 0.00 0.00 0.00 0
124395 0.00 0.00 0.00 0
124396 0.00 0.00 0.00 0
124397 0.00 0.00 0.00 0
124877 0.00 0.00 0.00 0
124878 0.00 0.00 0.00 0
124879 0.00 0.00 0.00 0
124880 0.00 0.00 0.00 0
124881 0.00 0.00 0.00 0
124882 0.00 0.00 0.00 0
124883 0.00 0.00 0.00 0
124884 0.00 0.00 0.00 0
124885 0.00 0.00 0.00 0
124886 0.00 0.00 0.00 0
124887 0.00 0.00 0.00 0
124888 0.00 0.00 0.00 0
124889 0.00 0.00 0.00 0
124890 0.00 0.00 0.00 0
124891 0.00 0.00 0.00 0
124913 0.00 0.00 0.00 0
124914 0.00 0.00 0.00 0
124927 0.00 0.00 0.00 0
124929 0.00 0.00 0.00 0
124930 0.00 0.00 0.00 0
124943 0.00 0.00 0.00 0
124944 0.00 0.00 0.00 0
124945 0.00 0.00 0.00 0
124946 0.00 0.00 0.00 0
124947 0.00 0.00 0.00 0
124948 0.00 0.00 0.00 0
124949 0.00 0.00 0.00 0
124950 0.00 0.00 0.00 0
124951 0.00 0.00 0.00 0
124952 0.00 0.00 0.00 0
127319 0.00 0.00 0.00 0
127320 0.00 0.00 0.00 0
127321 0.00 0.00 0.00 0
127322 0.00 0.00 0.00 0
127323 0.00 0.00 0.00 0
127324 0.00 0.00 0.00 0
127325 0.00 0.00 0.00 0
127326 0.00 0.00 0.00 0
127327 0.00 0.00 0.00 0
132202 0.00 0.00 0.00 0
132203 0.00 0.00 0.00 0
132204 0.00 0.00 0.00 0
132205 0.00 0.00 0.00 0
132206 0.00 0.00 0.00 0
132207 0.00 0.00 0.00 0
132208 0.00 0.00 0.00 0
132209 0.00 0.00 0.00 0
132210 0.00 0.00 0.00 0
132211 0.00 0.00 0.00 0
132212 0.00 0.00 0.00 0
132213 0.00 0.00 0.00 0
132214 0.00 0.00 0.00 0
132215 0.00 0.00 0.00 0
132216 0.00 0.00 0.00 0
132217 0.00 0.00 0.00 0
132218 0.00 0.00 0.00 0
132219 0.00 0.00 0.00 0
132220 0.00 0.00 0.00 0
132221 0.00 0.00 0.00 0
132222 0.00 0.00 0.00 0
132223 0.00 0.00 0.00 0
136563 0.00 0.00 0.00 0
136564 0.00 0.00 0.00 0
136565 0.00 0.00 0.00 0
138997 0.00 0.00 0.00 0
138998 0.00 0.00 0.00 0
138999 0.00 0.00 0.00 0
139000 0.00 0.00 0.00 0
139001 0.00 0.00 0.00 0
139002 0.00 0.00 0.00 0
139003 0.00 0.00 0.00 0
148048 0.00 0.00 0.00 0
148049 0.00 0.00 0.00 0
148050 0.00 0.00 0.00 0
148051 0.00 0.00 0.00 0
148052 0.00 0.00 0.00 0
148053 0.00 0.00 0.00 0
148054 0.00 0.00 0.00 0
148055 0.00 0.00 0.00 0
148056 0.00 0.00 0.00 0
148057 0.00 0.00 0.00 0
148058 0.00 0.00 0.00 0
148059 0.00 0.00 0.00 0
148060 0.00 0.00 0.00 0
148061 0.00 0.00 0.00 0
148062 0.00 0.00 0.00 0
148063 0.00 0.00 0.00 0
148064 0.00 0.00 0.00 0
148065 0.00 0.00 0.00 0
148066 0.00 0.00 0.00 0
148067 0.00 0.00 0.00 0
148068 0.00 0.00 0.00 0
148069 0.00 0.00 0.00 0
148070 0.00 0.00 0.00 0
148071 0.00 0.00 0.00 0
148072 0.00 0.00 0.00 0
148073 0.00 0.00 0.00 0
148074 0.00 0.00 0.00 0
148075 0.00 0.00 0.00 0
148076 0.00 0.00 0.00 0
148077 0.00 0.00 0.00 0
148078 0.00 0.00 0.00 0
148079 0.00 0.00 0.00 0
148080 0.00 0.00 0.00 0
148081 0.00 0.00 0.00 0
148082 0.00 0.00 0.00 0
148083 0.00 0.00 0.00 0
148110 0.00 0.00 0.00 0
148111 0.00 0.00 0.00 0
148112 0.00 0.00 0.00 0
148113 0.00 0.00 0.00 0
148114 0.00 0.00 0.00 0
148115 0.00 0.00 0.00 0
148116 0.00 0.00 0.00 0
152936 0.00 0.00 0.00 0
152937 0.00 0.00 0.00 0
152938 0.00 0.00 0.00 0
152939 0.00 0.00 0.00 0
152943 0.00 0.00 0.00 0
152944 0.00 0.00 0.00 0
152945 0.00 0.00 0.00 0
152946 0.00 0.00 0.00 0
152947 0.00 0.00 0.00 0
154144 0.00 0.00 0.00 0
154145 0.00 0.00 0.00 0
154146 0.00 0.00 0.00 0
154168 0.00 0.00 0.00 0
154169 0.00 0.00 0.00 0
154170 0.00 0.00 0.00 0
154171 0.00 0.00 0.00 0
154172 0.00 0.00 0.00 0
154173 0.00 0.00 0.00 0
154174 0.00 0.00 0.00 0
154175 0.00 0.00 0.00 0
154176 0.00 0.00 0.00 0
154177 0.00 0.00 0.00 0
154178 0.00 0.00 0.00 0
154179 0.00 0.00 0.00 0
154180 0.00 0.00 0.00 0
154181 0.00 0.00 0.00 0
154182 0.00 0.00 0.00 0
154183 0.00 0.00 0.00 0
154184 0.00 0.00 0.00 0
154185 0.00 0.00 0.00 0
154186 0.00 0.00 0.00 0
154187 0.00 0.00 0.00 0
154188 0.00 0.00 0.00 0
154189 0.00 0.00 0.00 0
154190 0.00 0.00 0.00 0
154191 0.00 0.00 0.00 0
154192 0.00 0.00 0.00 0
154193 0.00 0.00 0.00 0
154194 0.00 0.00 0.00 0
154195 0.00 0.00 0.00 0
154196 0.00 0.00 0.00 0
154197 0.00 0.00 0.00 0
154198 0.00 0.00 0.00 0
154199 0.00 0.00 0.00 0
154200 0.00 0.00 0.00 0
154227 0.00 0.00 0.00 0
154251 0.00 0.00 0.00 0
154252 0.00 0.00 0.00 0
154253 0.00 0.00 0.00 0
154254 0.00 0.00 0.00 0
154255 0.00 0.00 0.00 0
154256 0.00 0.00 0.00 0
154257 0.00 0.00 0.00 0
154258 0.00 0.00 0.00 0
154259 0.00 0.00 0.00 0
154260 0.00 0.00 0.00 0
154261 0.00 0.00 0.00 0
154262 0.00 0.00 0.00 0
154263 0.00 0.00 0.00 0
154264 0.00 0.00 0.00 0
154272 0.00 0.00 0.00 0
154280 0.00 0.00 0.00 0
154281 0.00 0.00 0.00 0
154282 0.00 0.00 0.00 0
154283 0.00 0.00 0.00 0
154284 0.00 0.00 0.00 0
154285 0.00 0.00 0.00 0
154286 0.00 0.00 0.00 0
154287 0.00 0.00 0.00 0
154288 0.00 0.00 0.00 0
154289 0.00 0.00 0.00 0
154290 0.00 0.00 0.00 0
154296 0.00 0.00 0.00 0
154297 0.00 0.00 0.00 0
154298 0.00 0.00 0.00 0
154299 0.00 0.00 0.00 0
154300 0.00 0.00 0.00 0
154301 0.00 0.00 0.00 0
154302 0.00 0.00 0.00 0
154303 0.00 0.00 0.00 0
154304 0.00 0.00 0.00 0
154305 0.00 0.00 0.00 0
154314 0.00 0.00 0.00 0
154315 0.00 0.00 0.00 0
154316 0.00 0.00 0.00 0
154319 0.00 0.00 0.00 0
154320 0.00 0.00 0.00 0
154323 0.00 0.00 0.00 0
154328 0.00 0.00 0.00 0
154329 0.00 0.00 0.00 0
154330 0.00 0.00 0.00 0
154331 0.00 0.00 0.00 0
154332 0.00 0.00 0.00 0
154333 0.00 0.00 0.00 0
154345 0.00 0.00 0.00 0
160452 0.00 0.00 0.00 0
160461 0.00 0.00 0.00 0
160467 0.00 0.00 0.00 0
160468 0.00 0.00 0.00 0
160469 0.00 0.00 0.00 0
160470 0.00 0.00 0.00 0
160471 0.00 0.00 0.00 0
160472 0.00 0.00 0.00 0
160473 0.00 0.00 0.00 0
160474 0.00 0.00 0.00 0
160475 0.00 0.00 0.00 0
160478 0.00 0.00 0.00 0
160480 0.00 0.00 0.00 0
160481 0.00 0.00 0.00 0
160482 0.00 0.00 0.00 0
160483 0.00 0.00 0.00 0
160484 0.00 0.00 0.00 0
