# G_Ins_lg_and_S_cent_ins
890
8 0.00 0.00 0.00 0
197 0.00 0.00 0.00 0
429 0.00 0.00 0.00 0
503 0.00 0.00 0.00 0
677 0.00 0.00 0.00 0
954 0.00 0.00 0.00 0
1304 0.00 0.00 0.00 0
1336 0.00 0.00 0.00 0
1508 0.00 0.00 0.00 0
1509 0.00 0.00 0.00 0
1960 0.00 0.00 0.00 0
2152 0.00 0.00 0.00 0
2153 0.00 0.00 0.00 0
2154 0.00 0.00 0.00 0
2597 0.00 0.00 0.00 0
2598 0.00 0.00 0.00 0
2599 0.00 0.00 0.00 0
3473 0.00 0.00 0.00 0
3474 0.00 0.00 0.00 0
4300 0.00 0.00 0.00 0
4301 0.00 0.00 0.00 0
4302 0.00 0.00 0.00 0
4305 0.00 0.00 0.00 0
4306 0.00 0.00 0.00 0
4307 0.00 0.00 0.00 0
4748 0.00 0.00 0.00 0
5354 0.00 0.00 0.00 0
5356 0.00 0.00 0.00 0
5448 0.00 0.00 0.00 0
5449 0.00 0.00 0.00 0
5450 0.00 0.00 0.00 0
5827 0.00 0.00 0.00 0
5828 0.00 0.00 0.00 0
5829 0.00 0.00 0.00 0
6326 0.00 0.00 0.00 0
6956 0.00 0.00 0.00 0
6957 0.00 0.00 0.00 0
7011 0.00 0.00 0.00 0
7012 0.00 0.00 0.00 0
7013 0.00 0.00 0.00 0
7359 0.00 0.00 0.00 0
7360 0.00 0.00 0.00 0
7361 0.00 0.00 0.00 0
8474 0.00 0.00 0.00 0
8475 0.00 0.00 0.00 0
8478 0.00 0.00 0.00 0
8479 0.00 0.00 0.00 0
8480 0.00 0.00 0.00 0
9022 0.00 0.00 0.00 0
9023 0.00 0.00 0.00 0
9024 0.00 0.00 0.00 0
9025 0.00 0.00 0.00 0
9026 0.00 0.00 0.00 0
9183 0.00 0.00 0.00 0
9184 0.00 0.00 0.00 0
9185 0.00 0.00 0.00 0
9756 0.00 0.00 0.00 0
10277 0.00 0.00 0.00 0
10278 0.00 0.00 0.00 0
10279 0.00 0.00 0.00 0
11152 0.00 0.00 0.00 0
11153 0.00 0.00 0.00 0
11154 0.00 0.00 0.00 0
11980 0.00 0.00 0.00 0
11981 0.00 0.00 0.00 0
11982 0.00 0.00 0.00 0
11985 0.00 0.00 0.00 0
11986 0.00 0.00 0.00 0
11987 0.00 0.00 0.00 0
13034 0.00 0.00 0.00 0
13035 0.00 0.00 0.00 0
13036 0.00 0.00 0.00 0
13128 0.00 0.00 0.00 0
13129 0.00 0.00 0.00 0
13130 0.00 0.00 0.00 0
13552 0.00 0.00 0.00 0
13553 0.00 0.00 0.00 0
13554 0.00 0.00 0.00 0
14383 0.00 0.00 0.00 0
14384 0.00 0.00 0.00 0
15434 0.00 0.00 0.00 0
15435 0.00 0.00 0.00 0
15436 0.00 0.00 0.00 0
15525 0.00 0.00 0.00 0
15526 0.00 0.00 0.00 0
15527 0.00 0.00 0.00 0
16180 0.00 0.00 0.00 0
16181 0.00 0.00 0.00 0
16182 0.00 0.00 0.00 0
16183 0.00 0.00 0.00 0
16184 0.00 0.00 0.00 0
16185 0.00 0.00 0.00 0
16186 0.00 0.00 0.00 0
16187 0.00 0.00 0.00 0
18663 0.00 0.00 0.00 0
18667 0.00 0.00 0.00 0
18668 0.00 0.00 0.00 0
18669 0.00 0.00 0.00 0
18675 0.00 0.00 0.00 0
18676 0.00 0.00 0.00 0
18677 0.00 0.00 0.00 0
18678 0.00 0.00 0.00 0
18679 0.00 0.00 0.00 0
18680 0.00 0.00 0.00 0
18681 0.00 0.00 0.00 0
18682 0.00 0.00 0.00 0
20002 0.00 0.00 0.00 0
20003 0.00 0.00 0.00 0
20004 0.00 0.00 0.00 0
20005 0.00 0.00 0.00 0
20006 0.00 0.00 0.00 0
20007 0.00 0.00 0.00 0
20008 0.00 0.00 0.00 0
20009 0.00 0.00 0.00 0
20401 0.00 0.00 0.00 0
20402 0.00 0.00 0.00 0
20403 0.00 0.00 0.00 0
20404 0.00 0.00 0.00 0
20405 0.00 0.00 0.00 0
20406 0.00 0.00 0.00 0
21824 0.00 0.00 0.00 0
22103 0.00 0.00 0.00 0
22105 0.00 0.00 0.00 0
22107 0.00 0.00 0.00 0
23107 0.00 0.00 0.00 0
23108 0.00 0.00 0.00 0
23109 0.00 0.00 0.00 0
23110 0.00 0.00 0.00 0
24683 0.00 0.00 0.00 0
24684 0.00 0.00 0.00 0
24685 0.00 0.00 0.00 0
24686 0.00 0.00 0.00 0
26174 0.00 0.00 0.00 0
26175 0.00 0.00 0.00 0
26176 0.00 0.00 0.00 0
26177 0.00 0.00 0.00 0
26178 0.00 0.00 0.00 0
26181 0.00 0.00 0.00 0
26182 0.00 0.00 0.00 0
26183 0.00 0.00 0.00 0
26184 0.00 0.00 0.00 0
26978 0.00 0.00 0.00 0
28070 0.00 0.00 0.00 0
28071 0.00 0.00 0.00 0
28072 0.00 0.00 0.00 0
28238 0.00 0.00 0.00 0
28239 0.00 0.00 0.00 0
28240 0.00 0.00 0.00 0
28241 0.00 0.00 0.00 0
28957 0.00 0.00 0.00 0
28958 0.00 0.00 0.00 0
28959 0.00 0.00 0.00 0
28960 0.00 0.00 0.00 0
28961 0.00 0.00 0.00 0
28962 0.00 0.00 0.00 0
30120 0.00 0.00 0.00 0
30121 0.00 0.00 0.00 0
30122 0.00 0.00 0.00 0
31592 0.00 0.00 0.00 0
31593 0.00 0.00 0.00 0
31594 0.00 0.00 0.00 0
31719 0.00 0.00 0.00 0
31721 0.00 0.00 0.00 0
31722 0.00 0.00 0.00 0
31723 0.00 0.00 0.00 0
31724 0.00 0.00 0.00 0
31725 0.00 0.00 0.00 0
31726 0.00 0.00 0.00 0
31727 0.00 0.00 0.00 0
32590 0.00 0.00 0.00 0
32591 0.00 0.00 0.00 0
32592 0.00 0.00 0.00 0
32593 0.00 0.00 0.00 0
32594 0.00 0.00 0.00 0
32595 0.00 0.00 0.00 0
32596 0.00 0.00 0.00 0
32598 0.00 0.00 0.00 0
32599 0.00 0.00 0.00 0
32600 0.00 0.00 0.00 0
32601 0.00 0.00 0.00 0
32602 0.00 0.00 0.00 0
32603 0.00 0.00 0.00 0
35697 0.00 0.00 0.00 0
35698 0.00 0.00 0.00 0
35699 0.00 0.00 0.00 0
35700 0.00 0.00 0.00 0
35708 0.00 0.00 0.00 0
35709 0.00 0.00 0.00 0
35710 0.00 0.00 0.00 0
35711 0.00 0.00 0.00 0
35712 0.00 0.00 0.00 0
35713 0.00 0.00 0.00 0
35714 0.00 0.00 0.00 0
37312 0.00 0.00 0.00 0
37313 0.00 0.00 0.00 0
37314 0.00 0.00 0.00 0
37315 0.00 0.00 0.00 0
37316 0.00 0.00 0.00 0
37317 0.00 0.00 0.00 0
37318 0.00 0.00 0.00 0
37319 0.00 0.00 0.00 0
37320 0.00 0.00 0.00 0
37321 0.00 0.00 0.00 0
37322 0.00 0.00 0.00 0
37328 0.00 0.00 0.00 0
37329 0.00 0.00 0.00 0
37330 0.00 0.00 0.00 0
37782 0.00 0.00 0.00 0
37791 0.00 0.00 0.00 0
37792 0.00 0.00 0.00 0
37793 0.00 0.00 0.00 0
37794 0.00 0.00 0.00 0
37795 0.00 0.00 0.00 0
37796 0.00 0.00 0.00 0
37797 0.00 0.00 0.00 0
37798 0.00 0.00 0.00 0
37799 0.00 0.00 0.00 0
39504 0.00 0.00 0.00 0
39505 0.00 0.00 0.00 0
39506 0.00 0.00 0.00 0
39514 0.00 0.00 0.00 0
39840 0.00 0.00 0.00 0
40720 0.00 0.00 0.00 0
40997 0.00 0.00 0.00 0
40998 0.00 0.00 0.00 0
40999 0.00 0.00 0.00 0
41872 0.00 0.00 0.00 0
41873 0.00 0.00 0.00 0
41874 0.00 0.00 0.00 0
42700 0.00 0.00 0.00 0
42701 0.00 0.00 0.00 0
42702 0.00 0.00 0.00 0
42703 0.00 0.00 0.00 0
42704 0.00 0.00 0.00 0
42705 0.00 0.00 0.00 0
42706 0.00 0.00 0.00 0
42707 0.00 0.00 0.00 0
43754 0.00 0.00 0.00 0
43755 0.00 0.00 0.00 0
43756 0.00 0.00 0.00 0
44272 0.00 0.00 0.00 0
44273 0.00 0.00 0.00 0
44274 0.00 0.00 0.00 0
45102 0.00 0.00 0.00 0
45103 0.00 0.00 0.00 0
45104 0.00 0.00 0.00 0
46154 0.00 0.00 0.00 0
46155 0.00 0.00 0.00 0
46156 0.00 0.00 0.00 0
46246 0.00 0.00 0.00 0
46900 0.00 0.00 0.00 0
46901 0.00 0.00 0.00 0
46902 0.00 0.00 0.00 0
46903 0.00 0.00 0.00 0
46904 0.00 0.00 0.00 0
46905 0.00 0.00 0.00 0
46906 0.00 0.00 0.00 0
49383 0.00 0.00 0.00 0
49384 0.00 0.00 0.00 0
49385 0.00 0.00 0.00 0
49386 0.00 0.00 0.00 0
49387 0.00 0.00 0.00 0
49388 0.00 0.00 0.00 0
49389 0.00 0.00 0.00 0
49395 0.00 0.00 0.00 0
49396 0.00 0.00 0.00 0
49397 0.00 0.00 0.00 0
49398 0.00 0.00 0.00 0
49399 0.00 0.00 0.00 0
49400 0.00 0.00 0.00 0
49401 0.00 0.00 0.00 0
50722 0.00 0.00 0.00 0
50723 0.00 0.00 0.00 0
50724 0.00 0.00 0.00 0
50725 0.00 0.00 0.00 0
50726 0.00 0.00 0.00 0
50727 0.00 0.00 0.00 0
50728 0.00 0.00 0.00 0
50729 0.00 0.00 0.00 0
51123 0.00 0.00 0.00 0
51124 0.00 0.00 0.00 0
51125 0.00 0.00 0.00 0
51126 0.00 0.00 0.00 0
52544 0.00 0.00 0.00 0
52545 0.00 0.00 0.00 0
52546 0.00 0.00 0.00 0
52823 0.00 0.00 0.00 0
52824 0.00 0.00 0.00 0
52825 0.00 0.00 0.00 0
53872 0.00 0.00 0.00 0
53873 0.00 0.00 0.00 0
53874 0.00 0.00 0.00 0
53875 0.00 0.00 0.00 0
53876 0.00 0.00 0.00 0
53877 0.00 0.00 0.00 0
53878 0.00 0.00 0.00 0
53879 0.00 0.00 0.00 0
56498 0.00 0.00 0.00 0
56499 0.00 0.00 0.00 0
56500 0.00 0.00 0.00 0
56501 0.00 0.00 0.00 0
56502 0.00 0.00 0.00 0
56503 0.00 0.00 0.00 0
56504 0.00 0.00 0.00 0
58980 0.00 0.00 0.00 0
58981 0.00 0.00 0.00 0
58982 0.00 0.00 0.00 0
58983 0.00 0.00 0.00 0
58984 0.00 0.00 0.00 0
58985 0.00 0.00 0.00 0
58986 0.00 0.00 0.00 0
58987 0.00 0.00 0.00 0
58988 0.00 0.00 0.00 0
58989 0.00 0.00 0.00 0
58995 0.00 0.00 0.00 0
58996 0.00 0.00 0.00 0
58997 0.00 0.00 0.00 0
58998 0.00 0.00 0.00 0
58999 0.00 0.00 0.00 0
59000 0.00 0.00 0.00 0
59001 0.00 0.00 0.00 0
62144 0.00 0.00 0.00 0
62145 0.00 0.00 0.00 0
62146 0.00 0.00 0.00 0
62147 0.00 0.00 0.00 0
62148 0.00 0.00 0.00 0
62149 0.00 0.00 0.00 0
62423 0.00 0.00 0.00 0
62424 0.00 0.00 0.00 0
62425 0.00 0.00 0.00 0
62426 0.00 0.00 0.00 0
62427 0.00 0.00 0.00 0
62428 0.00 0.00 0.00 0
62429 0.00 0.00 0.00 0
63697 0.00 0.00 0.00 0
63698 0.00 0.00 0.00 0
63699 0.00 0.00 0.00 0
63700 0.00 0.00 0.00 0
63701 0.00 0.00 0.00 0
63702 0.00 0.00 0.00 0
63703 0.00 0.00 0.00 0
63704 0.00 0.00 0.00 0
63705 0.00 0.00 0.00 0
63706 0.00 0.00 0.00 0
63707 0.00 0.00 0.00 0
66190 0.00 0.00 0.00 0
66191 0.00 0.00 0.00 0
66192 0.00 0.00 0.00 0
66193 0.00 0.00 0.00 0
66194 0.00 0.00 0.00 0
69344 0.00 0.00 0.00 0
69345 0.00 0.00 0.00 0
69346 0.00 0.00 0.00 0
69347 0.00 0.00 0.00 0
69348 0.00 0.00 0.00 0
69615 0.00 0.00 0.00 0
69616 0.00 0.00 0.00 0
69617 0.00 0.00 0.00 0
69618 0.00 0.00 0.00 0
69619 0.00 0.00 0.00 0
69620 0.00 0.00 0.00 0
69621 0.00 0.00 0.00 0
69622 0.00 0.00 0.00 0
69628 0.00 0.00 0.00 0
69629 0.00 0.00 0.00 0
69630 0.00 0.00 0.00 0
69631 0.00 0.00 0.00 0
69632 0.00 0.00 0.00 0
71577 0.00 0.00 0.00 0
71578 0.00 0.00 0.00 0
71579 0.00 0.00 0.00 0
71580 0.00 0.00 0.00 0
71581 0.00 0.00 0.00 0
71582 0.00 0.00 0.00 0
71583 0.00 0.00 0.00 0
71584 0.00 0.00 0.00 0
71585 0.00 0.00 0.00 0
71586 0.00 0.00 0.00 0
71587 0.00 0.00 0.00 0
71588 0.00 0.00 0.00 0
71589 0.00 0.00 0.00 0
71590 0.00 0.00 0.00 0
71591 0.00 0.00 0.00 0
71592 0.00 0.00 0.00 0
71593 0.00 0.00 0.00 0
71595 0.00 0.00 0.00 0
71596 0.00 0.00 0.00 0
71597 0.00 0.00 0.00 0
71598 0.00 0.00 0.00 0
71599 0.00 0.00 0.00 0
71600 0.00 0.00 0.00 0
71601 0.00 0.00 0.00 0
71602 0.00 0.00 0.00 0
71603 0.00 0.00 0.00 0
71604 0.00 0.00 0.00 0
71605 0.00 0.00 0.00 0
71607 0.00 0.00 0.00 0
71608 0.00 0.00 0.00 0
71609 0.00 0.00 0.00 0
71610 0.00 0.00 0.00 0
71611 0.00 0.00 0.00 0
79028 0.00 0.00 0.00 0
79043 0.00 0.00 0.00 0
79044 0.00 0.00 0.00 0
79045 0.00 0.00 0.00 0
79046 0.00 0.00 0.00 0
79047 0.00 0.00 0.00 0
79048 0.00 0.00 0.00 0
79049 0.00 0.00 0.00 0
79050 0.00 0.00 0.00 0
79051 0.00 0.00 0.00 0
79068 0.00 0.00 0.00 0
79069 0.00 0.00 0.00 0
79070 0.00 0.00 0.00 0
79071 0.00 0.00 0.00 0
79072 0.00 0.00 0.00 0
79073 0.00 0.00 0.00 0
79074 0.00 0.00 0.00 0
79075 0.00 0.00 0.00 0
79076 0.00 0.00 0.00 0
79077 0.00 0.00 0.00 0
79078 0.00 0.00 0.00 0
79079 0.00 0.00 0.00 0
79080 0.00 0.00 0.00 0
79081 0.00 0.00 0.00 0
79082 0.00 0.00 0.00 0
79083 0.00 0.00 0.00 0
79084 0.00 0.00 0.00 0
79085 0.00 0.00 0.00 0
79086 0.00 0.00 0.00 0
79087 0.00 0.00 0.00 0
83047 0.00 0.00 0.00 0
83048 0.00 0.00 0.00 0
83049 0.00 0.00 0.00 0
83050 0.00 0.00 0.00 0
83051 0.00 0.00 0.00 0
83052 0.00 0.00 0.00 0
83053 0.00 0.00 0.00 0
83054 0.00 0.00 0.00 0
83055 0.00 0.00 0.00 0
83056 0.00 0.00 0.00 0
83057 0.00 0.00 0.00 0
83058 0.00 0.00 0.00 0
83059 0.00 0.00 0.00 0
83060 0.00 0.00 0.00 0
83061 0.00 0.00 0.00 0
83062 0.00 0.00 0.00 0
83063 0.00 0.00 0.00 0
83064 0.00 0.00 0.00 0
83065 0.00 0.00 0.00 0
83066 0.00 0.00 0.00 0
83067 0.00 0.00 0.00 0
83068 0.00 0.00 0.00 0
83069 0.00 0.00 0.00 0
83085 0.00 0.00 0.00 0
83086 0.00 0.00 0.00 0
84239 0.00 0.00 0.00 0
84240 0.00 0.00 0.00 0
84241 0.00 0.00 0.00 0
84242 0.00 0.00 0.00 0
84243 0.00 0.00 0.00 0
84244 0.00 0.00 0.00 0
84245 0.00 0.00 0.00 0
84246 0.00 0.00 0.00 0
84247 0.00 0.00 0.00 0
84251 0.00 0.00 0.00 0
84252 0.00 0.00 0.00 0
84253 0.00 0.00 0.00 0
84254 0.00 0.00 0.00 0
84255 0.00 0.00 0.00 0
84256 0.00 0.00 0.00 0
84257 0.00 0.00 0.00 0
84258 0.00 0.00 0.00 0
84259 0.00 0.00 0.00 0
84260 0.00 0.00 0.00 0
84261 0.00 0.00 0.00 0
88514 0.00 0.00 0.00 0
88515 0.00 0.00 0.00 0
88516 0.00 0.00 0.00 0
88537 0.00 0.00 0.00 0
88538 0.00 0.00 0.00 0
88539 0.00 0.00 0.00 0
89356 0.00 0.00 0.00 0
89357 0.00 0.00 0.00 0
89358 0.00 0.00 0.00 0
91554 0.00 0.00 0.00 0
91555 0.00 0.00 0.00 0
91556 0.00 0.00 0.00 0
92227 0.00 0.00 0.00 0
92228 0.00 0.00 0.00 0
92229 0.00 0.00 0.00 0
92230 0.00 0.00 0.00 0
92231 0.00 0.00 0.00 0
93802 0.00 0.00 0.00 0
93803 0.00 0.00 0.00 0
93804 0.00 0.00 0.00 0
93805 0.00 0.00 0.00 0
93806 0.00 0.00 0.00 0
95292 0.00 0.00 0.00 0
95293 0.00 0.00 0.00 0
95294 0.00 0.00 0.00 0
95295 0.00 0.00 0.00 0
95296 0.00 0.00 0.00 0
95297 0.00 0.00 0.00 0
95298 0.00 0.00 0.00 0
95301 0.00 0.00 0.00 0
95302 0.00 0.00 0.00 0
95303 0.00 0.00 0.00 0
95304 0.00 0.00 0.00 0
95305 0.00 0.00 0.00 0
97190 0.00 0.00 0.00 0
97191 0.00 0.00 0.00 0
97192 0.00 0.00 0.00 0
97193 0.00 0.00 0.00 0
97194 0.00 0.00 0.00 0
97358 0.00 0.00 0.00 0
97359 0.00 0.00 0.00 0
97360 0.00 0.00 0.00 0
97361 0.00 0.00 0.00 0
98122 0.00 0.00 0.00 0
98123 0.00 0.00 0.00 0
98124 0.00 0.00 0.00 0
98125 0.00 0.00 0.00 0
98126 0.00 0.00 0.00 0
99617 0.00 0.00 0.00 0
99618 0.00 0.00 0.00 0
99619 0.00 0.00 0.00 0
99620 0.00 0.00 0.00 0
101510 0.00 0.00 0.00 0
101511 0.00 0.00 0.00 0
101512 0.00 0.00 0.00 0
101513 0.00 0.00 0.00 0
101514 0.00 0.00 0.00 0
101673 0.00 0.00 0.00 0
101674 0.00 0.00 0.00 0
101675 0.00 0.00 0.00 0
101676 0.00 0.00 0.00 0
101677 0.00 0.00 0.00 0
102851 0.00 0.00 0.00 0
102852 0.00 0.00 0.00 0
102853 0.00 0.00 0.00 0
102854 0.00 0.00 0.00 0
102855 0.00 0.00 0.00 0
102856 0.00 0.00 0.00 0
102857 0.00 0.00 0.00 0
102858 0.00 0.00 0.00 0
102859 0.00 0.00 0.00 0
102860 0.00 0.00 0.00 0
102861 0.00 0.00 0.00 0
102862 0.00 0.00 0.00 0
102863 0.00 0.00 0.00 0
102864 0.00 0.00 0.00 0
102865 0.00 0.00 0.00 0
107321 0.00 0.00 0.00 0
107329 0.00 0.00 0.00 0
107330 0.00 0.00 0.00 0
107331 0.00 0.00 0.00 0
107332 0.00 0.00 0.00 0
107333 0.00 0.00 0.00 0
107343 0.00 0.00 0.00 0
107344 0.00 0.00 0.00 0
107345 0.00 0.00 0.00 0
107346 0.00 0.00 0.00 0
107347 0.00 0.00 0.00 0
107348 0.00 0.00 0.00 0
107349 0.00 0.00 0.00 0
107350 0.00 0.00 0.00 0
107351 0.00 0.00 0.00 0
107352 0.00 0.00 0.00 0
107353 0.00 0.00 0.00 0
107354 0.00 0.00 0.00 0
107355 0.00 0.00 0.00 0
107356 0.00 0.00 0.00 0
109732 0.00 0.00 0.00 0
109733 0.00 0.00 0.00 0
109734 0.00 0.00 0.00 0
109735 0.00 0.00 0.00 0
109736 0.00 0.00 0.00 0
109737 0.00 0.00 0.00 0
109738 0.00 0.00 0.00 0
109739 0.00 0.00 0.00 0
109740 0.00 0.00 0.00 0
109741 0.00 0.00 0.00 0
109742 0.00 0.00 0.00 0
109743 0.00 0.00 0.00 0
109744 0.00 0.00 0.00 0
109745 0.00 0.00 0.00 0
110448 0.00 0.00 0.00 0
110449 0.00 0.00 0.00 0
110450 0.00 0.00 0.00 0
110451 0.00 0.00 0.00 0
110452 0.00 0.00 0.00 0
110454 0.00 0.00 0.00 0
110455 0.00 0.00 0.00 0
110456 0.00 0.00 0.00 0
110457 0.00 0.00 0.00 0
110458 0.00 0.00 0.00 0
110459 0.00 0.00 0.00 0
110460 0.00 0.00 0.00 0
113012 0.00 0.00 0.00 0
113013 0.00 0.00 0.00 0
113014 0.00 0.00 0.00 0
113513 0.00 0.00 0.00 0
113515 0.00 0.00 0.00 0
113516 0.00 0.00 0.00 0
113518 0.00 0.00 0.00 0
113519 0.00 0.00 0.00 0
113520 0.00 0.00 0.00 0
114837 0.00 0.00 0.00 0
114838 0.00 0.00 0.00 0
115357 0.00 0.00 0.00 0
115358 0.00 0.00 0.00 0
115359 0.00 0.00 0.00 0
115360 0.00 0.00 0.00 0
115361 0.00 0.00 0.00 0
115362 0.00 0.00 0.00 0
115363 0.00 0.00 0.00 0
115364 0.00 0.00 0.00 0
116522 0.00 0.00 0.00 0
117993 0.00 0.00 0.00 0
119034 0.00 0.00 0.00 0
119035 0.00 0.00 0.00 0
119036 0.00 0.00 0.00 0
119037 0.00 0.00 0.00 0
119038 0.00 0.00 0.00 0
119039 0.00 0.00 0.00 0
119040 0.00 0.00 0.00 0
119041 0.00 0.00 0.00 0
119042 0.00 0.00 0.00 0
122511 0.00 0.00 0.00 0
122512 0.00 0.00 0.00 0
122513 0.00 0.00 0.00 0
122514 0.00 0.00 0.00 0
122515 0.00 0.00 0.00 0
122516 0.00 0.00 0.00 0
122517 0.00 0.00 0.00 0
122518 0.00 0.00 0.00 0
122519 0.00 0.00 0.00 0
122520 0.00 0.00 0.00 0
122521 0.00 0.00 0.00 0
122522 0.00 0.00 0.00 0
122529 0.00 0.00 0.00 0
122530 0.00 0.00 0.00 0
122531 0.00 0.00 0.00 0
122532 0.00 0.00 0.00 0
122533 0.00 0.00 0.00 0
122534 0.00 0.00 0.00 0
122535 0.00 0.00 0.00 0
122536 0.00 0.00 0.00 0
122537 0.00 0.00 0.00 0
122538 0.00 0.00 0.00 0
124387 0.00 0.00 0.00 0
124388 0.00 0.00 0.00 0
124389 0.00 0.00 0.00 0
124390 0.00 0.00 0.00 0
124391 0.00 0.00 0.00 0
124953 0.00 0.00 0.00 0
126938 0.00 0.00 0.00 0
126939 0.00 0.00 0.00 0
126940 0.00 0.00 0.00 0
126941 0.00 0.00 0.00 0
126942 0.00 0.00 0.00 0
126943 0.00 0.00 0.00 0
126944 0.00 0.00 0.00 0
127328 0.00 0.00 0.00 0
127329 0.00 0.00 0.00 0
127330 0.00 0.00 0.00 0
127331 0.00 0.00 0.00 0
127332 0.00 0.00 0.00 0
127333 0.00 0.00 0.00 0
127334 0.00 0.00 0.00 0
127335 0.00 0.00 0.00 0
127336 0.00 0.00 0.00 0
129067 0.00 0.00 0.00 0
129068 0.00 0.00 0.00 0
129069 0.00 0.00 0.00 0
129070 0.00 0.00 0.00 0
129071 0.00 0.00 0.00 0
129072 0.00 0.00 0.00 0
129073 0.00 0.00 0.00 0
129074 0.00 0.00 0.00 0
129075 0.00 0.00 0.00 0
129076 0.00 0.00 0.00 0
129078 0.00 0.00 0.00 0
129079 0.00 0.00 0.00 0
129080 0.00 0.00 0.00 0
129083 0.00 0.00 0.00 0
132224 0.00 0.00 0.00 0
132225 0.00 0.00 0.00 0
132226 0.00 0.00 0.00 0
132227 0.00 0.00 0.00 0
132228 0.00 0.00 0.00 0
132229 0.00 0.00 0.00 0
132230 0.00 0.00 0.00 0
136220 0.00 0.00 0.00 0
136221 0.00 0.00 0.00 0
136222 0.00 0.00 0.00 0
136223 0.00 0.00 0.00 0
136224 0.00 0.00 0.00 0
136225 0.00 0.00 0.00 0
136226 0.00 0.00 0.00 0
136227 0.00 0.00 0.00 0
136231 0.00 0.00 0.00 0
136566 0.00 0.00 0.00 0
136567 0.00 0.00 0.00 0
136568 0.00 0.00 0.00 0
136569 0.00 0.00 0.00 0
136570 0.00 0.00 0.00 0
136571 0.00 0.00 0.00 0
136572 0.00 0.00 0.00 0
136573 0.00 0.00 0.00 0
136575 0.00 0.00 0.00 0
136576 0.00 0.00 0.00 0
136578 0.00 0.00 0.00 0
136579 0.00 0.00 0.00 0
136580 0.00 0.00 0.00 0
136581 0.00 0.00 0.00 0
136582 0.00 0.00 0.00 0
136583 0.00 0.00 0.00 0
136584 0.00 0.00 0.00 0
136585 0.00 0.00 0.00 0
136586 0.00 0.00 0.00 0
136587 0.00 0.00 0.00 0
136588 0.00 0.00 0.00 0
139004 0.00 0.00 0.00 0
139005 0.00 0.00 0.00 0
139006 0.00 0.00 0.00 0
139007 0.00 0.00 0.00 0
139008 0.00 0.00 0.00 0
139009 0.00 0.00 0.00 0
139010 0.00 0.00 0.00 0
139011 0.00 0.00 0.00 0
139012 0.00 0.00 0.00 0
139013 0.00 0.00 0.00 0
139014 0.00 0.00 0.00 0
139015 0.00 0.00 0.00 0
139016 0.00 0.00 0.00 0
139017 0.00 0.00 0.00 0
139018 0.00 0.00 0.00 0
139019 0.00 0.00 0.00 0
139020 0.00 0.00 0.00 0
139021 0.00 0.00 0.00 0
139022 0.00 0.00 0.00 0
139023 0.00 0.00 0.00 0
139024 0.00 0.00 0.00 0
139026 0.00 0.00 0.00 0
139027 0.00 0.00 0.00 0
139028 0.00 0.00 0.00 0
139029 0.00 0.00 0.00 0
139030 0.00 0.00 0.00 0
139031 0.00 0.00 0.00 0
139032 0.00 0.00 0.00 0
139033 0.00 0.00 0.00 0
139034 0.00 0.00 0.00 0
139035 0.00 0.00 0.00 0
139036 0.00 0.00 0.00 0
139038 0.00 0.00 0.00 0
139039 0.00 0.00 0.00 0
139040 0.00 0.00 0.00 0
139041 0.00 0.00 0.00 0
139042 0.00 0.00 0.00 0
139043 0.00 0.00 0.00 0
139044 0.00 0.00 0.00 0
139045 0.00 0.00 0.00 0
139046 0.00 0.00 0.00 0
148084 0.00 0.00 0.00 0
148085 0.00 0.00 0.00 0
148086 0.00 0.00 0.00 0
148087 0.00 0.00 0.00 0
148088 0.00 0.00 0.00 0
148089 0.00 0.00 0.00 0
148090 0.00 0.00 0.00 0
148092 0.00 0.00 0.00 0
148093 0.00 0.00 0.00 0
148094 0.00 0.00 0.00 0
148097 0.00 0.00 0.00 0
148098 0.00 0.00 0.00 0
148117 0.00 0.00 0.00 0
148118 0.00 0.00 0.00 0
148119 0.00 0.00 0.00 0
148120 0.00 0.00 0.00 0
148121 0.00 0.00 0.00 0
148122 0.00 0.00 0.00 0
148123 0.00 0.00 0.00 0
148124 0.00 0.00 0.00 0
148125 0.00 0.00 0.00 0
148126 0.00 0.00 0.00 0
148127 0.00 0.00 0.00 0
148128 0.00 0.00 0.00 0
148129 0.00 0.00 0.00 0
148130 0.00 0.00 0.00 0
148131 0.00 0.00 0.00 0
148132 0.00 0.00 0.00 0
148133 0.00 0.00 0.00 0
148134 0.00 0.00 0.00 0
148135 0.00 0.00 0.00 0
148136 0.00 0.00 0.00 0
148162 0.00 0.00 0.00 0
148163 0.00 0.00 0.00 0
152902 0.00 0.00 0.00 0
152903 0.00 0.00 0.00 0
152904 0.00 0.00 0.00 0
152905 0.00 0.00 0.00 0
152906 0.00 0.00 0.00 0
152907 0.00 0.00 0.00 0
152908 0.00 0.00 0.00 0
152909 0.00 0.00 0.00 0
152910 0.00 0.00 0.00 0
152911 0.00 0.00 0.00 0
152912 0.00 0.00 0.00 0
152913 0.00 0.00 0.00 0
152914 0.00 0.00 0.00 0
152915 0.00 0.00 0.00 0
152916 0.00 0.00 0.00 0
152917 0.00 0.00 0.00 0
152918 0.00 0.00 0.00 0
152919 0.00 0.00 0.00 0
152920 0.00 0.00 0.00 0
152921 0.00 0.00 0.00 0
152922 0.00 0.00 0.00 0
152923 0.00 0.00 0.00 0
152924 0.00 0.00 0.00 0
152925 0.00 0.00 0.00 0
152926 0.00 0.00 0.00 0
152927 0.00 0.00 0.00 0
152928 0.00 0.00 0.00 0
152929 0.00 0.00 0.00 0
152930 0.00 0.00 0.00 0
152948 0.00 0.00 0.00 0
152949 0.00 0.00 0.00 0
152950 0.00 0.00 0.00 0
152951 0.00 0.00 0.00 0
152953 0.00 0.00 0.00 0
152954 0.00 0.00 0.00 0
152955 0.00 0.00 0.00 0
152956 0.00 0.00 0.00 0
152957 0.00 0.00 0.00 0
152958 0.00 0.00 0.00 0
152959 0.00 0.00 0.00 0
152960 0.00 0.00 0.00 0
152963 0.00 0.00 0.00 0
154306 0.00 0.00 0.00 0
154307 0.00 0.00 0.00 0
154308 0.00 0.00 0.00 0
154334 0.00 0.00 0.00 0
154335 0.00 0.00 0.00 0
154336 0.00 0.00 0.00 0
154337 0.00 0.00 0.00 0
154338 0.00 0.00 0.00 0
154339 0.00 0.00 0.00 0
154340 0.00 0.00 0.00 0
154341 0.00 0.00 0.00 0
154342 0.00 0.00 0.00 0
154343 0.00 0.00 0.00 0
154344 0.00 0.00 0.00 0
154346 0.00 0.00 0.00 0
154347 0.00 0.00 0.00 0
154348 0.00 0.00 0.00 0
154349 0.00 0.00 0.00 0
154350 0.00 0.00 0.00 0
154351 0.00 0.00 0.00 0
154352 0.00 0.00 0.00 0
154353 0.00 0.00 0.00 0
154354 0.00 0.00 0.00 0
154355 0.00 0.00 0.00 0
154356 0.00 0.00 0.00 0
154357 0.00 0.00 0.00 0
154358 0.00 0.00 0.00 0
154359 0.00 0.00 0.00 0
154360 0.00 0.00 0.00 0
154361 0.00 0.00 0.00 0
159468 0.00 0.00 0.00 0
159469 0.00 0.00 0.00 0
159470 0.00 0.00 0.00 0
159471 0.00 0.00 0.00 0
159474 0.00 0.00 0.00 0
159475 0.00 0.00 0.00 0
159478 0.00 0.00 0.00 0
159496 0.00 0.00 0.00 0
159497 0.00 0.00 0.00 0
159498 0.00 0.00 0.00 0
160476 0.00 0.00 0.00 0
160477 0.00 0.00 0.00 0
160479 0.00 0.00 0.00 0
163114 0.00 0.00 0.00 0
163115 0.00 0.00 0.00 0
163116 0.00 0.00 0.00 0
163117 0.00 0.00 0.00 0
163118 0.00 0.00 0.00 0
163119 0.00 0.00 0.00 0
