# G_occipital_sup
1516
30 0.00 0.00 0.00 0
130 0.00 0.00 0.00 0
284 0.00 0.00 0.00 0
295 0.00 0.00 0.00 0
296 0.00 0.00 0.00 0
297 0.00 0.00 0.00 0
298 0.00 0.00 0.00 0
567 0.00 0.00 0.00 0
568 0.00 0.00 0.00 0
764 0.00 0.00 0.00 0
775 0.00 0.00 0.00 0
776 0.00 0.00 0.00 0
777 0.00 0.00 0.00 0
778 0.00 0.00 0.00 0
1214 0.00 0.00 0.00 0
1248 0.00 0.00 0.00 0
1255 0.00 0.00 0.00 0
1257 0.00 0.00 0.00 0
1258 0.00 0.00 0.00 0
1664 0.00 0.00 0.00 0
1685 0.00 0.00 0.00 0
1686 0.00 0.00 0.00 0
1687 0.00 0.00 0.00 0
1688 0.00 0.00 0.00 0
1689 0.00 0.00 0.00 0
1690 0.00 0.00 0.00 0
2342 0.00 0.00 0.00 0
2695 0.00 0.00 0.00 0
2696 0.00 0.00 0.00 0
2697 0.00 0.00 0.00 0
2698 0.00 0.00 0.00 0
3134 0.00 0.00 0.00 0
3175 0.00 0.00 0.00 0
3176 0.00 0.00 0.00 0
3177 0.00 0.00 0.00 0
3178 0.00 0.00 0.00 0
3734 0.00 0.00 0.00 0
3735 0.00 0.00 0.00 0
3736 0.00 0.00 0.00 0
3767 0.00 0.00 0.00 0
3768 0.00 0.00 0.00 0
3769 0.00 0.00 0.00 0
3770 0.00 0.00 0.00 0
3771 0.00 0.00 0.00 0
3772 0.00 0.00 0.00 0
3773 0.00 0.00 0.00 0
3774 0.00 0.00 0.00 0
3775 0.00 0.00 0.00 0
3776 0.00 0.00 0.00 0
3777 0.00 0.00 0.00 0
3778 0.00 0.00 0.00 0
4227 0.00 0.00 0.00 0
4228 0.00 0.00 0.00 0
5205 0.00 0.00 0.00 0
5212 0.00 0.00 0.00 0
5214 0.00 0.00 0.00 0
5216 0.00 0.00 0.00 0
5282 0.00 0.00 0.00 0
5984 0.00 0.00 0.00 0
6004 0.00 0.00 0.00 0
6006 0.00 0.00 0.00 0
6007 0.00 0.00 0.00 0
6008 0.00 0.00 0.00 0
6009 0.00 0.00 0.00 0
6010 0.00 0.00 0.00 0
6796 0.00 0.00 0.00 0
6854 0.00 0.00 0.00 0
6867 0.00 0.00 0.00 0
6870 0.00 0.00 0.00 0
6871 0.00 0.00 0.00 0
6872 0.00 0.00 0.00 0
6873 0.00 0.00 0.00 0
6874 0.00 0.00 0.00 0
7724 0.00 0.00 0.00 0
7771 0.00 0.00 0.00 0
7772 0.00 0.00 0.00 0
7773 0.00 0.00 0.00 0
7774 0.00 0.00 0.00 0
7775 0.00 0.00 0.00 0
7776 0.00 0.00 0.00 0
7777 0.00 0.00 0.00 0
7778 0.00 0.00 0.00 0
7779 0.00 0.00 0.00 0
7780 0.00 0.00 0.00 0
7781 0.00 0.00 0.00 0
7782 0.00 0.00 0.00 0
7783 0.00 0.00 0.00 0
7784 0.00 0.00 0.00 0
7785 0.00 0.00 0.00 0
7786 0.00 0.00 0.00 0
8324 0.00 0.00 0.00 0
8378 0.00 0.00 0.00 0
8380 0.00 0.00 0.00 0
9575 0.00 0.00 0.00 0
9586 0.00 0.00 0.00 0
9587 0.00 0.00 0.00 0
9588 0.00 0.00 0.00 0
10364 0.00 0.00 0.00 0
10366 0.00 0.00 0.00 0
10375 0.00 0.00 0.00 0
10376 0.00 0.00 0.00 0
10377 0.00 0.00 0.00 0
10378 0.00 0.00 0.00 0
10814 0.00 0.00 0.00 0
10816 0.00 0.00 0.00 0
10855 0.00 0.00 0.00 0
10856 0.00 0.00 0.00 0
10857 0.00 0.00 0.00 0
10858 0.00 0.00 0.00 0
11414 0.00 0.00 0.00 0
11415 0.00 0.00 0.00 0
11416 0.00 0.00 0.00 0
11445 0.00 0.00 0.00 0
11447 0.00 0.00 0.00 0
11448 0.00 0.00 0.00 0
11449 0.00 0.00 0.00 0
11450 0.00 0.00 0.00 0
11451 0.00 0.00 0.00 0
11452 0.00 0.00 0.00 0
11453 0.00 0.00 0.00 0
11454 0.00 0.00 0.00 0
11455 0.00 0.00 0.00 0
11456 0.00 0.00 0.00 0
11457 0.00 0.00 0.00 0
11458 0.00 0.00 0.00 0
11908 0.00 0.00 0.00 0
12885 0.00 0.00 0.00 0
12886 0.00 0.00 0.00 0
12887 0.00 0.00 0.00 0
12888 0.00 0.00 0.00 0
12892 0.00 0.00 0.00 0
12893 0.00 0.00 0.00 0
12894 0.00 0.00 0.00 0
13814 0.00 0.00 0.00 0
13846 0.00 0.00 0.00 0
13847 0.00 0.00 0.00 0
13848 0.00 0.00 0.00 0
13849 0.00 0.00 0.00 0
13850 0.00 0.00 0.00 0
13851 0.00 0.00 0.00 0
13852 0.00 0.00 0.00 0
13853 0.00 0.00 0.00 0
13854 0.00 0.00 0.00 0
13855 0.00 0.00 0.00 0
13856 0.00 0.00 0.00 0
13857 0.00 0.00 0.00 0
13858 0.00 0.00 0.00 0
15164 0.00 0.00 0.00 0
15165 0.00 0.00 0.00 0
15166 0.00 0.00 0.00 0
15263 0.00 0.00 0.00 0
15264 0.00 0.00 0.00 0
15265 0.00 0.00 0.00 0
15285 0.00 0.00 0.00 0
15286 0.00 0.00 0.00 0
15287 0.00 0.00 0.00 0
15288 0.00 0.00 0.00 0
15289 0.00 0.00 0.00 0
15290 0.00 0.00 0.00 0
15291 0.00 0.00 0.00 0
15292 0.00 0.00 0.00 0
15293 0.00 0.00 0.00 0
15294 0.00 0.00 0.00 0
15295 0.00 0.00 0.00 0
15296 0.00 0.00 0.00 0
15297 0.00 0.00 0.00 0
15298 0.00 0.00 0.00 0
16967 0.00 0.00 0.00 0
16968 0.00 0.00 0.00 0
17060 0.00 0.00 0.00 0
17062 0.00 0.00 0.00 0
17063 0.00 0.00 0.00 0
17064 0.00 0.00 0.00 0
17065 0.00 0.00 0.00 0
17066 0.00 0.00 0.00 0
17067 0.00 0.00 0.00 0
17068 0.00 0.00 0.00 0
17069 0.00 0.00 0.00 0
17070 0.00 0.00 0.00 0
17071 0.00 0.00 0.00 0
17072 0.00 0.00 0.00 0
17073 0.00 0.00 0.00 0
17074 0.00 0.00 0.00 0
17075 0.00 0.00 0.00 0
17076 0.00 0.00 0.00 0
17077 0.00 0.00 0.00 0
17078 0.00 0.00 0.00 0
17079 0.00 0.00 0.00 0
17080 0.00 0.00 0.00 0
17081 0.00 0.00 0.00 0
17082 0.00 0.00 0.00 0
17083 0.00 0.00 0.00 0
17084 0.00 0.00 0.00 0
17085 0.00 0.00 0.00 0
17086 0.00 0.00 0.00 0
17087 0.00 0.00 0.00 0
17088 0.00 0.00 0.00 0
17089 0.00 0.00 0.00 0
17090 0.00 0.00 0.00 0
17091 0.00 0.00 0.00 0
17092 0.00 0.00 0.00 0
17093 0.00 0.00 0.00 0
17094 0.00 0.00 0.00 0
17095 0.00 0.00 0.00 0
17096 0.00 0.00 0.00 0
17097 0.00 0.00 0.00 0
17098 0.00 0.00 0.00 0
18314 0.00 0.00 0.00 0
18438 0.00 0.00 0.00 0
18445 0.00 0.00 0.00 0
18447 0.00 0.00 0.00 0
18448 0.00 0.00 0.00 0
21375 0.00 0.00 0.00 0
21376 0.00 0.00 0.00 0
21377 0.00 0.00 0.00 0
21404 0.00 0.00 0.00 0
21405 0.00 0.00 0.00 0
21406 0.00 0.00 0.00 0
21407 0.00 0.00 0.00 0
21409 0.00 0.00 0.00 0
23283 0.00 0.00 0.00 0
23284 0.00 0.00 0.00 0
23285 0.00 0.00 0.00 0
23286 0.00 0.00 0.00 0
23287 0.00 0.00 0.00 0
23288 0.00 0.00 0.00 0
23289 0.00 0.00 0.00 0
23290 0.00 0.00 0.00 0
24074 0.00 0.00 0.00 0
24075 0.00 0.00 0.00 0
24134 0.00 0.00 0.00 0
24135 0.00 0.00 0.00 0
24147 0.00 0.00 0.00 0
24148 0.00 0.00 0.00 0
24149 0.00 0.00 0.00 0
24150 0.00 0.00 0.00 0
24151 0.00 0.00 0.00 0
24152 0.00 0.00 0.00 0
24153 0.00 0.00 0.00 0
24154 0.00 0.00 0.00 0
25154 0.00 0.00 0.00 0
25155 0.00 0.00 0.00 0
25156 0.00 0.00 0.00 0
25157 0.00 0.00 0.00 0
25158 0.00 0.00 0.00 0
25213 0.00 0.00 0.00 0
25214 0.00 0.00 0.00 0
25215 0.00 0.00 0.00 0
25216 0.00 0.00 0.00 0
25217 0.00 0.00 0.00 0
25218 0.00 0.00 0.00 0
25219 0.00 0.00 0.00 0
25220 0.00 0.00 0.00 0
25221 0.00 0.00 0.00 0
25222 0.00 0.00 0.00 0
25223 0.00 0.00 0.00 0
25224 0.00 0.00 0.00 0
25225 0.00 0.00 0.00 0
25226 0.00 0.00 0.00 0
25227 0.00 0.00 0.00 0
25228 0.00 0.00 0.00 0
25229 0.00 0.00 0.00 0
25230 0.00 0.00 0.00 0
25231 0.00 0.00 0.00 0
25232 0.00 0.00 0.00 0
25233 0.00 0.00 0.00 0
25234 0.00 0.00 0.00 0
26043 0.00 0.00 0.00 0
26044 0.00 0.00 0.00 0
27801 0.00 0.00 0.00 0
27802 0.00 0.00 0.00 0
27803 0.00 0.00 0.00 0
27814 0.00 0.00 0.00 0
27815 0.00 0.00 0.00 0
27816 0.00 0.00 0.00 0
27818 0.00 0.00 0.00 0
27819 0.00 0.00 0.00 0
27820 0.00 0.00 0.00 0
27821 0.00 0.00 0.00 0
29367 0.00 0.00 0.00 0
29368 0.00 0.00 0.00 0
29370 0.00 0.00 0.00 0
29371 0.00 0.00 0.00 0
29372 0.00 0.00 0.00 0
29373 0.00 0.00 0.00 0
29374 0.00 0.00 0.00 0
29375 0.00 0.00 0.00 0
29376 0.00 0.00 0.00 0
29377 0.00 0.00 0.00 0
29378 0.00 0.00 0.00 0
29379 0.00 0.00 0.00 0
29380 0.00 0.00 0.00 0
29381 0.00 0.00 0.00 0
29382 0.00 0.00 0.00 0
29383 0.00 0.00 0.00 0
29384 0.00 0.00 0.00 0
29385 0.00 0.00 0.00 0
29386 0.00 0.00 0.00 0
31219 0.00 0.00 0.00 0
31220 0.00 0.00 0.00 0
31222 0.00 0.00 0.00 0
31352 0.00 0.00 0.00 0
31354 0.00 0.00 0.00 0
31383 0.00 0.00 0.00 0
31384 0.00 0.00 0.00 0
31385 0.00 0.00 0.00 0
31391 0.00 0.00 0.00 0
31392 0.00 0.00 0.00 0
31393 0.00 0.00 0.00 0
31394 0.00 0.00 0.00 0
31395 0.00 0.00 0.00 0
31396 0.00 0.00 0.00 0
31397 0.00 0.00 0.00 0
31398 0.00 0.00 0.00 0
31399 0.00 0.00 0.00 0
31400 0.00 0.00 0.00 0
31401 0.00 0.00 0.00 0
31402 0.00 0.00 0.00 0
31496 0.00 0.00 0.00 0
31497 0.00 0.00 0.00 0
33584 0.00 0.00 0.00 0
33585 0.00 0.00 0.00 0
33589 0.00 0.00 0.00 0
33709 0.00 0.00 0.00 0
33710 0.00 0.00 0.00 0
33711 0.00 0.00 0.00 0
33712 0.00 0.00 0.00 0
33713 0.00 0.00 0.00 0
33714 0.00 0.00 0.00 0
33715 0.00 0.00 0.00 0
33716 0.00 0.00 0.00 0
33717 0.00 0.00 0.00 0
33718 0.00 0.00 0.00 0
33719 0.00 0.00 0.00 0
33720 0.00 0.00 0.00 0
33721 0.00 0.00 0.00 0
33722 0.00 0.00 0.00 0
33723 0.00 0.00 0.00 0
33724 0.00 0.00 0.00 0
33725 0.00 0.00 0.00 0
33726 0.00 0.00 0.00 0
33727 0.00 0.00 0.00 0
33729 0.00 0.00 0.00 0
33730 0.00 0.00 0.00 0
33731 0.00 0.00 0.00 0
33732 0.00 0.00 0.00 0
33733 0.00 0.00 0.00 0
33734 0.00 0.00 0.00 0
33735 0.00 0.00 0.00 0
33736 0.00 0.00 0.00 0
33737 0.00 0.00 0.00 0
33738 0.00 0.00 0.00 0
33739 0.00 0.00 0.00 0
33740 0.00 0.00 0.00 0
33741 0.00 0.00 0.00 0
33742 0.00 0.00 0.00 0
33743 0.00 0.00 0.00 0
33744 0.00 0.00 0.00 0
33745 0.00 0.00 0.00 0
33746 0.00 0.00 0.00 0
33747 0.00 0.00 0.00 0
33748 0.00 0.00 0.00 0
33749 0.00 0.00 0.00 0
33750 0.00 0.00 0.00 0
33751 0.00 0.00 0.00 0
33752 0.00 0.00 0.00 0
33753 0.00 0.00 0.00 0
33754 0.00 0.00 0.00 0
35264 0.00 0.00 0.00 0
35420 0.00 0.00 0.00 0
35426 0.00 0.00 0.00 0
35427 0.00 0.00 0.00 0
35428 0.00 0.00 0.00 0
38559 0.00 0.00 0.00 0
38966 0.00 0.00 0.00 0
38998 0.00 0.00 0.00 0
38999 0.00 0.00 0.00 0
39000 0.00 0.00 0.00 0
39001 0.00 0.00 0.00 0
39002 0.00 0.00 0.00 0
39003 0.00 0.00 0.00 0
39004 0.00 0.00 0.00 0
39005 0.00 0.00 0.00 0
39006 0.00 0.00 0.00 0
41084 0.00 0.00 0.00 0
41085 0.00 0.00 0.00 0
41086 0.00 0.00 0.00 0
41095 0.00 0.00 0.00 0
41096 0.00 0.00 0.00 0
41097 0.00 0.00 0.00 0
41098 0.00 0.00 0.00 0
41534 0.00 0.00 0.00 0
41535 0.00 0.00 0.00 0
41536 0.00 0.00 0.00 0
41575 0.00 0.00 0.00 0
41576 0.00 0.00 0.00 0
41577 0.00 0.00 0.00 0
41578 0.00 0.00 0.00 0
42134 0.00 0.00 0.00 0
42135 0.00 0.00 0.00 0
42136 0.00 0.00 0.00 0
42165 0.00 0.00 0.00 0
42166 0.00 0.00 0.00 0
42167 0.00 0.00 0.00 0
42168 0.00 0.00 0.00 0
42169 0.00 0.00 0.00 0
42170 0.00 0.00 0.00 0
42171 0.00 0.00 0.00 0
42172 0.00 0.00 0.00 0
42173 0.00 0.00 0.00 0
42174 0.00 0.00 0.00 0
42175 0.00 0.00 0.00 0
42176 0.00 0.00 0.00 0
42177 0.00 0.00 0.00 0
42178 0.00 0.00 0.00 0
43583 0.00 0.00 0.00 0
43584 0.00 0.00 0.00 0
43585 0.00 0.00 0.00 0
43605 0.00 0.00 0.00 0
43606 0.00 0.00 0.00 0
43607 0.00 0.00 0.00 0
43608 0.00 0.00 0.00 0
43610 0.00 0.00 0.00 0
43611 0.00 0.00 0.00 0
43612 0.00 0.00 0.00 0
43613 0.00 0.00 0.00 0
43614 0.00 0.00 0.00 0
43682 0.00 0.00 0.00 0
44534 0.00 0.00 0.00 0
44566 0.00 0.00 0.00 0
44567 0.00 0.00 0.00 0
44568 0.00 0.00 0.00 0
44569 0.00 0.00 0.00 0
44570 0.00 0.00 0.00 0
44571 0.00 0.00 0.00 0
44572 0.00 0.00 0.00 0
44573 0.00 0.00 0.00 0
44574 0.00 0.00 0.00 0
44575 0.00 0.00 0.00 0
44576 0.00 0.00 0.00 0
44577 0.00 0.00 0.00 0
44578 0.00 0.00 0.00 0
45884 0.00 0.00 0.00 0
45885 0.00 0.00 0.00 0
45886 0.00 0.00 0.00 0
45983 0.00 0.00 0.00 0
45984 0.00 0.00 0.00 0
45985 0.00 0.00 0.00 0
46005 0.00 0.00 0.00 0
46006 0.00 0.00 0.00 0
46007 0.00 0.00 0.00 0
46008 0.00 0.00 0.00 0
46009 0.00 0.00 0.00 0
46010 0.00 0.00 0.00 0
46011 0.00 0.00 0.00 0
46012 0.00 0.00 0.00 0
46013 0.00 0.00 0.00 0
46014 0.00 0.00 0.00 0
46015 0.00 0.00 0.00 0
46016 0.00 0.00 0.00 0
46017 0.00 0.00 0.00 0
46018 0.00 0.00 0.00 0
47684 0.00 0.00 0.00 0
47686 0.00 0.00 0.00 0
47687 0.00 0.00 0.00 0
47688 0.00 0.00 0.00 0
47778 0.00 0.00 0.00 0
47779 0.00 0.00 0.00 0
47780 0.00 0.00 0.00 0
47781 0.00 0.00 0.00 0
47782 0.00 0.00 0.00 0
47783 0.00 0.00 0.00 0
47784 0.00 0.00 0.00 0
47785 0.00 0.00 0.00 0
47786 0.00 0.00 0.00 0
47787 0.00 0.00 0.00 0
47788 0.00 0.00 0.00 0
47789 0.00 0.00 0.00 0
47790 0.00 0.00 0.00 0
47791 0.00 0.00 0.00 0
47792 0.00 0.00 0.00 0
47793 0.00 0.00 0.00 0
47794 0.00 0.00 0.00 0
47795 0.00 0.00 0.00 0
47796 0.00 0.00 0.00 0
47797 0.00 0.00 0.00 0
47798 0.00 0.00 0.00 0
47799 0.00 0.00 0.00 0
47800 0.00 0.00 0.00 0
47801 0.00 0.00 0.00 0
47802 0.00 0.00 0.00 0
47803 0.00 0.00 0.00 0
47804 0.00 0.00 0.00 0
47805 0.00 0.00 0.00 0
47806 0.00 0.00 0.00 0
47807 0.00 0.00 0.00 0
47808 0.00 0.00 0.00 0
47809 0.00 0.00 0.00 0
47810 0.00 0.00 0.00 0
47811 0.00 0.00 0.00 0
47812 0.00 0.00 0.00 0
47813 0.00 0.00 0.00 0
47814 0.00 0.00 0.00 0
47815 0.00 0.00 0.00 0
47816 0.00 0.00 0.00 0
47817 0.00 0.00 0.00 0
47818 0.00 0.00 0.00 0
49165 0.00 0.00 0.00 0
49166 0.00 0.00 0.00 0
49167 0.00 0.00 0.00 0
49168 0.00 0.00 0.00 0
52095 0.00 0.00 0.00 0
52096 0.00 0.00 0.00 0
52097 0.00 0.00 0.00 0
52120 0.00 0.00 0.00 0
52122 0.00 0.00 0.00 0
52123 0.00 0.00 0.00 0
52124 0.00 0.00 0.00 0
52125 0.00 0.00 0.00 0
52126 0.00 0.00 0.00 0
52127 0.00 0.00 0.00 0
54165 0.00 0.00 0.00 0
54166 0.00 0.00 0.00 0
54167 0.00 0.00 0.00 0
54168 0.00 0.00 0.00 0
54169 0.00 0.00 0.00 0
54170 0.00 0.00 0.00 0
54171 0.00 0.00 0.00 0
54172 0.00 0.00 0.00 0
54173 0.00 0.00 0.00 0
54174 0.00 0.00 0.00 0
54176 0.00 0.00 0.00 0
55484 0.00 0.00 0.00 0
55485 0.00 0.00 0.00 0
55486 0.00 0.00 0.00 0
55605 0.00 0.00 0.00 0
55606 0.00 0.00 0.00 0
55607 0.00 0.00 0.00 0
55608 0.00 0.00 0.00 0
55609 0.00 0.00 0.00 0
55610 0.00 0.00 0.00 0
55611 0.00 0.00 0.00 0
55612 0.00 0.00 0.00 0
55613 0.00 0.00 0.00 0
55614 0.00 0.00 0.00 0
55615 0.00 0.00 0.00 0
55616 0.00 0.00 0.00 0
55617 0.00 0.00 0.00 0
55618 0.00 0.00 0.00 0
57284 0.00 0.00 0.00 0
57285 0.00 0.00 0.00 0
57286 0.00 0.00 0.00 0
57287 0.00 0.00 0.00 0
57288 0.00 0.00 0.00 0
57289 0.00 0.00 0.00 0
57290 0.00 0.00 0.00 0
57291 0.00 0.00 0.00 0
57378 0.00 0.00 0.00 0
57382 0.00 0.00 0.00 0
57383 0.00 0.00 0.00 0
57384 0.00 0.00 0.00 0
57385 0.00 0.00 0.00 0
57386 0.00 0.00 0.00 0
57387 0.00 0.00 0.00 0
57388 0.00 0.00 0.00 0
57389 0.00 0.00 0.00 0
57390 0.00 0.00 0.00 0
57391 0.00 0.00 0.00 0
57392 0.00 0.00 0.00 0
57393 0.00 0.00 0.00 0
57394 0.00 0.00 0.00 0
57395 0.00 0.00 0.00 0
57396 0.00 0.00 0.00 0
57397 0.00 0.00 0.00 0
57398 0.00 0.00 0.00 0
57399 0.00 0.00 0.00 0
57400 0.00 0.00 0.00 0
57401 0.00 0.00 0.00 0
57402 0.00 0.00 0.00 0
57403 0.00 0.00 0.00 0
57404 0.00 0.00 0.00 0
57405 0.00 0.00 0.00 0
57406 0.00 0.00 0.00 0
57407 0.00 0.00 0.00 0
57408 0.00 0.00 0.00 0
57409 0.00 0.00 0.00 0
57410 0.00 0.00 0.00 0
57411 0.00 0.00 0.00 0
57412 0.00 0.00 0.00 0
57413 0.00 0.00 0.00 0
57414 0.00 0.00 0.00 0
57415 0.00 0.00 0.00 0
57416 0.00 0.00 0.00 0
57417 0.00 0.00 0.00 0
57418 0.00 0.00 0.00 0
58761 0.00 0.00 0.00 0
58763 0.00 0.00 0.00 0
58764 0.00 0.00 0.00 0
58766 0.00 0.00 0.00 0
58767 0.00 0.00 0.00 0
58768 0.00 0.00 0.00 0
61695 0.00 0.00 0.00 0
61696 0.00 0.00 0.00 0
61697 0.00 0.00 0.00 0
61698 0.00 0.00 0.00 0
61699 0.00 0.00 0.00 0
61717 0.00 0.00 0.00 0
61718 0.00 0.00 0.00 0
61719 0.00 0.00 0.00 0
61720 0.00 0.00 0.00 0
61721 0.00 0.00 0.00 0
61722 0.00 0.00 0.00 0
61723 0.00 0.00 0.00 0
61724 0.00 0.00 0.00 0
61725 0.00 0.00 0.00 0
61726 0.00 0.00 0.00 0
64578 0.00 0.00 0.00 0
64582 0.00 0.00 0.00 0
64583 0.00 0.00 0.00 0
64584 0.00 0.00 0.00 0
64585 0.00 0.00 0.00 0
64586 0.00 0.00 0.00 0
64587 0.00 0.00 0.00 0
64588 0.00 0.00 0.00 0
64589 0.00 0.00 0.00 0
64590 0.00 0.00 0.00 0
64591 0.00 0.00 0.00 0
64592 0.00 0.00 0.00 0
64593 0.00 0.00 0.00 0
64594 0.00 0.00 0.00 0
64595 0.00 0.00 0.00 0
64596 0.00 0.00 0.00 0
64597 0.00 0.00 0.00 0
64598 0.00 0.00 0.00 0
64599 0.00 0.00 0.00 0
64600 0.00 0.00 0.00 0
64601 0.00 0.00 0.00 0
64602 0.00 0.00 0.00 0
64603 0.00 0.00 0.00 0
64604 0.00 0.00 0.00 0
64605 0.00 0.00 0.00 0
64606 0.00 0.00 0.00 0
64607 0.00 0.00 0.00 0
64608 0.00 0.00 0.00 0
64609 0.00 0.00 0.00 0
64610 0.00 0.00 0.00 0
64611 0.00 0.00 0.00 0
64612 0.00 0.00 0.00 0
64613 0.00 0.00 0.00 0
64614 0.00 0.00 0.00 0
64615 0.00 0.00 0.00 0
64616 0.00 0.00 0.00 0
64617 0.00 0.00 0.00 0
64618 0.00 0.00 0.00 0
68537 0.00 0.00 0.00 0
68538 0.00 0.00 0.00 0
68539 0.00 0.00 0.00 0
68541 0.00 0.00 0.00 0
68543 0.00 0.00 0.00 0
68548 0.00 0.00 0.00 0
68549 0.00 0.00 0.00 0
68551 0.00 0.00 0.00 0
68828 0.00 0.00 0.00 0
68829 0.00 0.00 0.00 0
68830 0.00 0.00 0.00 0
68895 0.00 0.00 0.00 0
68896 0.00 0.00 0.00 0
68897 0.00 0.00 0.00 0
68899 0.00 0.00 0.00 0
68903 0.00 0.00 0.00 0
68904 0.00 0.00 0.00 0
68905 0.00 0.00 0.00 0
68906 0.00 0.00 0.00 0
68912 0.00 0.00 0.00 0
68913 0.00 0.00 0.00 0
68914 0.00 0.00 0.00 0
68915 0.00 0.00 0.00 0
68916 0.00 0.00 0.00 0
68917 0.00 0.00 0.00 0
68918 0.00 0.00 0.00 0
68919 0.00 0.00 0.00 0
68920 0.00 0.00 0.00 0
68921 0.00 0.00 0.00 0
68922 0.00 0.00 0.00 0
68923 0.00 0.00 0.00 0
68924 0.00 0.00 0.00 0
68925 0.00 0.00 0.00 0
68926 0.00 0.00 0.00 0
68927 0.00 0.00 0.00 0
68928 0.00 0.00 0.00 0
68929 0.00 0.00 0.00 0
68930 0.00 0.00 0.00 0
68931 0.00 0.00 0.00 0
68932 0.00 0.00 0.00 0
68933 0.00 0.00 0.00 0
68934 0.00 0.00 0.00 0
68936 0.00 0.00 0.00 0
69140 0.00 0.00 0.00 0
73934 0.00 0.00 0.00 0
73935 0.00 0.00 0.00 0
73936 0.00 0.00 0.00 0
73942 0.00 0.00 0.00 0
73943 0.00 0.00 0.00 0
73944 0.00 0.00 0.00 0
74223 0.00 0.00 0.00 0
74225 0.00 0.00 0.00 0
74226 0.00 0.00 0.00 0
74227 0.00 0.00 0.00 0
74229 0.00 0.00 0.00 0
74230 0.00 0.00 0.00 0
74231 0.00 0.00 0.00 0
74232 0.00 0.00 0.00 0
74233 0.00 0.00 0.00 0
74234 0.00 0.00 0.00 0
74235 0.00 0.00 0.00 0
74236 0.00 0.00 0.00 0
74237 0.00 0.00 0.00 0
74238 0.00 0.00 0.00 0
74239 0.00 0.00 0.00 0
74240 0.00 0.00 0.00 0
74241 0.00 0.00 0.00 0
74242 0.00 0.00 0.00 0
74243 0.00 0.00 0.00 0
74244 0.00 0.00 0.00 0
74245 0.00 0.00 0.00 0
74246 0.00 0.00 0.00 0
74247 0.00 0.00 0.00 0
74248 0.00 0.00 0.00 0
74249 0.00 0.00 0.00 0
74250 0.00 0.00 0.00 0
74251 0.00 0.00 0.00 0
74252 0.00 0.00 0.00 0
74253 0.00 0.00 0.00 0
74254 0.00 0.00 0.00 0
74255 0.00 0.00 0.00 0
74256 0.00 0.00 0.00 0
74257 0.00 0.00 0.00 0
74258 0.00 0.00 0.00 0
74259 0.00 0.00 0.00 0
74260 0.00 0.00 0.00 0
74261 0.00 0.00 0.00 0
74262 0.00 0.00 0.00 0
74263 0.00 0.00 0.00 0
74264 0.00 0.00 0.00 0
74265 0.00 0.00 0.00 0
74266 0.00 0.00 0.00 0
74267 0.00 0.00 0.00 0
74268 0.00 0.00 0.00 0
74269 0.00 0.00 0.00 0
74270 0.00 0.00 0.00 0
74271 0.00 0.00 0.00 0
74272 0.00 0.00 0.00 0
74273 0.00 0.00 0.00 0
74274 0.00 0.00 0.00 0
74275 0.00 0.00 0.00 0
74276 0.00 0.00 0.00 0
74277 0.00 0.00 0.00 0
74278 0.00 0.00 0.00 0
74279 0.00 0.00 0.00 0
74280 0.00 0.00 0.00 0
74281 0.00 0.00 0.00 0
74282 0.00 0.00 0.00 0
74283 0.00 0.00 0.00 0
74284 0.00 0.00 0.00 0
74285 0.00 0.00 0.00 0
74286 0.00 0.00 0.00 0
74287 0.00 0.00 0.00 0
74288 0.00 0.00 0.00 0
74289 0.00 0.00 0.00 0
74290 0.00 0.00 0.00 0
74291 0.00 0.00 0.00 0
74292 0.00 0.00 0.00 0
74293 0.00 0.00 0.00 0
74294 0.00 0.00 0.00 0
74295 0.00 0.00 0.00 0
74296 0.00 0.00 0.00 0
74297 0.00 0.00 0.00 0
74298 0.00 0.00 0.00 0
74299 0.00 0.00 0.00 0
74300 0.00 0.00 0.00 0
74301 0.00 0.00 0.00 0
74302 0.00 0.00 0.00 0
74303 0.00 0.00 0.00 0
74304 0.00 0.00 0.00 0
74305 0.00 0.00 0.00 0
74306 0.00 0.00 0.00 0
74307 0.00 0.00 0.00 0
74308 0.00 0.00 0.00 0
74309 0.00 0.00 0.00 0
74310 0.00 0.00 0.00 0
74311 0.00 0.00 0.00 0
74312 0.00 0.00 0.00 0
74313 0.00 0.00 0.00 0
74314 0.00 0.00 0.00 0
74315 0.00 0.00 0.00 0
74316 0.00 0.00 0.00 0
74317 0.00 0.00 0.00 0
74318 0.00 0.00 0.00 0
74319 0.00 0.00 0.00 0
74320 0.00 0.00 0.00 0
74321 0.00 0.00 0.00 0
74322 0.00 0.00 0.00 0
74323 0.00 0.00 0.00 0
74324 0.00 0.00 0.00 0
74325 0.00 0.00 0.00 0
74326 0.00 0.00 0.00 0
74327 0.00 0.00 0.00 0
74328 0.00 0.00 0.00 0
74329 0.00 0.00 0.00 0
74330 0.00 0.00 0.00 0
74331 0.00 0.00 0.00 0
74332 0.00 0.00 0.00 0
74333 0.00 0.00 0.00 0
74334 0.00 0.00 0.00 0
74335 0.00 0.00 0.00 0
74336 0.00 0.00 0.00 0
74337 0.00 0.00 0.00 0
74338 0.00 0.00 0.00 0
77984 0.00 0.00 0.00 0
77985 0.00 0.00 0.00 0
77986 0.00 0.00 0.00 0
78365 0.00 0.00 0.00 0
78366 0.00 0.00 0.00 0
78367 0.00 0.00 0.00 0
78368 0.00 0.00 0.00 0
78369 0.00 0.00 0.00 0
78375 0.00 0.00 0.00 0
78378 0.00 0.00 0.00 0
78382 0.00 0.00 0.00 0
78383 0.00 0.00 0.00 0
78384 0.00 0.00 0.00 0
78385 0.00 0.00 0.00 0
78386 0.00 0.00 0.00 0
78387 0.00 0.00 0.00 0
78388 0.00 0.00 0.00 0
86153 0.00 0.00 0.00 0
87165 0.00 0.00 0.00 0
87167 0.00 0.00 0.00 0
87168 0.00 0.00 0.00 0
87169 0.00 0.00 0.00 0
87170 0.00 0.00 0.00 0
87173 0.00 0.00 0.00 0
87174 0.00 0.00 0.00 0
87175 0.00 0.00 0.00 0
87188 0.00 0.00 0.00 0
87189 0.00 0.00 0.00 0
87241 0.00 0.00 0.00 0
87254 0.00 0.00 0.00 0
87255 0.00 0.00 0.00 0
87256 0.00 0.00 0.00 0
87257 0.00 0.00 0.00 0
87258 0.00 0.00 0.00 0
87259 0.00 0.00 0.00 0
87260 0.00 0.00 0.00 0
87261 0.00 0.00 0.00 0
87262 0.00 0.00 0.00 0
87263 0.00 0.00 0.00 0
87264 0.00 0.00 0.00 0
87265 0.00 0.00 0.00 0
87266 0.00 0.00 0.00 0
87267 0.00 0.00 0.00 0
87268 0.00 0.00 0.00 0
87269 0.00 0.00 0.00 0
87270 0.00 0.00 0.00 0
87271 0.00 0.00 0.00 0
87272 0.00 0.00 0.00 0
87274 0.00 0.00 0.00 0
87276 0.00 0.00 0.00 0
92403 0.00 0.00 0.00 0
92404 0.00 0.00 0.00 0
92405 0.00 0.00 0.00 0
92406 0.00 0.00 0.00 0
92407 0.00 0.00 0.00 0
92408 0.00 0.00 0.00 0
92409 0.00 0.00 0.00 0
92410 0.00 0.00 0.00 0
93194 0.00 0.00 0.00 0
93198 0.00 0.00 0.00 0
93267 0.00 0.00 0.00 0
93268 0.00 0.00 0.00 0
93269 0.00 0.00 0.00 0
93270 0.00 0.00 0.00 0
93271 0.00 0.00 0.00 0
93272 0.00 0.00 0.00 0
93273 0.00 0.00 0.00 0
93274 0.00 0.00 0.00 0
94274 0.00 0.00 0.00 0
94275 0.00 0.00 0.00 0
94276 0.00 0.00 0.00 0
94277 0.00 0.00 0.00 0
94278 0.00 0.00 0.00 0
94332 0.00 0.00 0.00 0
94333 0.00 0.00 0.00 0
94334 0.00 0.00 0.00 0
94335 0.00 0.00 0.00 0
94336 0.00 0.00 0.00 0
94337 0.00 0.00 0.00 0
94338 0.00 0.00 0.00 0
94339 0.00 0.00 0.00 0
94340 0.00 0.00 0.00 0
94341 0.00 0.00 0.00 0
94342 0.00 0.00 0.00 0
94343 0.00 0.00 0.00 0
94344 0.00 0.00 0.00 0
94345 0.00 0.00 0.00 0
94346 0.00 0.00 0.00 0
94347 0.00 0.00 0.00 0
94348 0.00 0.00 0.00 0
94349 0.00 0.00 0.00 0
94350 0.00 0.00 0.00 0
94351 0.00 0.00 0.00 0
94352 0.00 0.00 0.00 0
94353 0.00 0.00 0.00 0
94354 0.00 0.00 0.00 0
96921 0.00 0.00 0.00 0
96922 0.00 0.00 0.00 0
96923 0.00 0.00 0.00 0
96924 0.00 0.00 0.00 0
96925 0.00 0.00 0.00 0
96934 0.00 0.00 0.00 0
96935 0.00 0.00 0.00 0
96936 0.00 0.00 0.00 0
96937 0.00 0.00 0.00 0
96938 0.00 0.00 0.00 0
98594 0.00 0.00 0.00 0
98652 0.00 0.00 0.00 0
98654 0.00 0.00 0.00 0
98655 0.00 0.00 0.00 0
98656 0.00 0.00 0.00 0
98657 0.00 0.00 0.00 0
98658 0.00 0.00 0.00 0
98659 0.00 0.00 0.00 0
98660 0.00 0.00 0.00 0
98661 0.00 0.00 0.00 0
98662 0.00 0.00 0.00 0
98663 0.00 0.00 0.00 0
98664 0.00 0.00 0.00 0
98665 0.00 0.00 0.00 0
98666 0.00 0.00 0.00 0
98667 0.00 0.00 0.00 0
98668 0.00 0.00 0.00 0
98669 0.00 0.00 0.00 0
98670 0.00 0.00 0.00 0
98671 0.00 0.00 0.00 0
98672 0.00 0.00 0.00 0
98673 0.00 0.00 0.00 0
98674 0.00 0.00 0.00 0
101024 0.00 0.00 0.00 0
101025 0.00 0.00 0.00 0
101026 0.00 0.00 0.00 0
101027 0.00 0.00 0.00 0
101028 0.00 0.00 0.00 0
101201 0.00 0.00 0.00 0
101202 0.00 0.00 0.00 0
101203 0.00 0.00 0.00 0
101241 0.00 0.00 0.00 0
101242 0.00 0.00 0.00 0
101243 0.00 0.00 0.00 0
101244 0.00 0.00 0.00 0
101246 0.00 0.00 0.00 0
101247 0.00 0.00 0.00 0
101248 0.00 0.00 0.00 0
101249 0.00 0.00 0.00 0
101250 0.00 0.00 0.00 0
101251 0.00 0.00 0.00 0
101252 0.00 0.00 0.00 0
101253 0.00 0.00 0.00 0
101254 0.00 0.00 0.00 0
101255 0.00 0.00 0.00 0
101256 0.00 0.00 0.00 0
101257 0.00 0.00 0.00 0
101258 0.00 0.00 0.00 0
101259 0.00 0.00 0.00 0
101260 0.00 0.00 0.00 0
101261 0.00 0.00 0.00 0
101262 0.00 0.00 0.00 0
101263 0.00 0.00 0.00 0
101264 0.00 0.00 0.00 0
101265 0.00 0.00 0.00 0
101266 0.00 0.00 0.00 0
104269 0.00 0.00 0.00 0
104270 0.00 0.00 0.00 0
104271 0.00 0.00 0.00 0
104439 0.00 0.00 0.00 0
104440 0.00 0.00 0.00 0
104441 0.00 0.00 0.00 0
104442 0.00 0.00 0.00 0
104443 0.00 0.00 0.00 0
104444 0.00 0.00 0.00 0
104445 0.00 0.00 0.00 0
104446 0.00 0.00 0.00 0
104447 0.00 0.00 0.00 0
104448 0.00 0.00 0.00 0
104449 0.00 0.00 0.00 0
104450 0.00 0.00 0.00 0
104451 0.00 0.00 0.00 0
104452 0.00 0.00 0.00 0
104453 0.00 0.00 0.00 0
104454 0.00 0.00 0.00 0
104455 0.00 0.00 0.00 0
104456 0.00 0.00 0.00 0
104457 0.00 0.00 0.00 0
104458 0.00 0.00 0.00 0
104459 0.00 0.00 0.00 0
104460 0.00 0.00 0.00 0
104461 0.00 0.00 0.00 0
104462 0.00 0.00 0.00 0
104463 0.00 0.00 0.00 0
104464 0.00 0.00 0.00 0
104465 0.00 0.00 0.00 0
104466 0.00 0.00 0.00 0
104467 0.00 0.00 0.00 0
104468 0.00 0.00 0.00 0
104469 0.00 0.00 0.00 0
104470 0.00 0.00 0.00 0
104471 0.00 0.00 0.00 0
104472 0.00 0.00 0.00 0
104473 0.00 0.00 0.00 0
104474 0.00 0.00 0.00 0
104475 0.00 0.00 0.00 0
104476 0.00 0.00 0.00 0
104477 0.00 0.00 0.00 0
104478 0.00 0.00 0.00 0
104479 0.00 0.00 0.00 0
104480 0.00 0.00 0.00 0
104481 0.00 0.00 0.00 0
104482 0.00 0.00 0.00 0
104483 0.00 0.00 0.00 0
104484 0.00 0.00 0.00 0
104485 0.00 0.00 0.00 0
104486 0.00 0.00 0.00 0
104487 0.00 0.00 0.00 0
104488 0.00 0.00 0.00 0
104489 0.00 0.00 0.00 0
104490 0.00 0.00 0.00 0
104491 0.00 0.00 0.00 0
104492 0.00 0.00 0.00 0
104493 0.00 0.00 0.00 0
104494 0.00 0.00 0.00 0
104495 0.00 0.00 0.00 0
104496 0.00 0.00 0.00 0
104497 0.00 0.00 0.00 0
104498 0.00 0.00 0.00 0
104499 0.00 0.00 0.00 0
104500 0.00 0.00 0.00 0
104501 0.00 0.00 0.00 0
104502 0.00 0.00 0.00 0
104503 0.00 0.00 0.00 0
104504 0.00 0.00 0.00 0
104505 0.00 0.00 0.00 0
106694 0.00 0.00 0.00 0
106925 0.00 0.00 0.00 0
106929 0.00 0.00 0.00 0
106930 0.00 0.00 0.00 0
106931 0.00 0.00 0.00 0
106932 0.00 0.00 0.00 0
106933 0.00 0.00 0.00 0
106934 0.00 0.00 0.00 0
106935 0.00 0.00 0.00 0
106936 0.00 0.00 0.00 0
112203 0.00 0.00 0.00 0
112204 0.00 0.00 0.00 0
112205 0.00 0.00 0.00 0
112206 0.00 0.00 0.00 0
112207 0.00 0.00 0.00 0
112256 0.00 0.00 0.00 0
112257 0.00 0.00 0.00 0
112258 0.00 0.00 0.00 0
112259 0.00 0.00 0.00 0
112260 0.00 0.00 0.00 0
112261 0.00 0.00 0.00 0
112263 0.00 0.00 0.00 0
112264 0.00 0.00 0.00 0
112265 0.00 0.00 0.00 0
112266 0.00 0.00 0.00 0
112267 0.00 0.00 0.00 0
115767 0.00 0.00 0.00 0
115768 0.00 0.00 0.00 0
115769 0.00 0.00 0.00 0
115770 0.00 0.00 0.00 0
115771 0.00 0.00 0.00 0
115772 0.00 0.00 0.00 0
115773 0.00 0.00 0.00 0
115774 0.00 0.00 0.00 0
115775 0.00 0.00 0.00 0
115776 0.00 0.00 0.00 0
115777 0.00 0.00 0.00 0
115778 0.00 0.00 0.00 0
115779 0.00 0.00 0.00 0
115780 0.00 0.00 0.00 0
115781 0.00 0.00 0.00 0
115782 0.00 0.00 0.00 0
115783 0.00 0.00 0.00 0
115784 0.00 0.00 0.00 0
115785 0.00 0.00 0.00 0
115786 0.00 0.00 0.00 0
117614 0.00 0.00 0.00 0
117615 0.00 0.00 0.00 0
117616 0.00 0.00 0.00 0
117617 0.00 0.00 0.00 0
117752 0.00 0.00 0.00 0
117753 0.00 0.00 0.00 0
117754 0.00 0.00 0.00 0
117783 0.00 0.00 0.00 0
117784 0.00 0.00 0.00 0
117785 0.00 0.00 0.00 0
117786 0.00 0.00 0.00 0
117787 0.00 0.00 0.00 0
117788 0.00 0.00 0.00 0
117789 0.00 0.00 0.00 0
117790 0.00 0.00 0.00 0
117791 0.00 0.00 0.00 0
117792 0.00 0.00 0.00 0
117793 0.00 0.00 0.00 0
117794 0.00 0.00 0.00 0
117795 0.00 0.00 0.00 0
117796 0.00 0.00 0.00 0
117797 0.00 0.00 0.00 0
117798 0.00 0.00 0.00 0
117799 0.00 0.00 0.00 0
117800 0.00 0.00 0.00 0
117801 0.00 0.00 0.00 0
117802 0.00 0.00 0.00 0
120134 0.00 0.00 0.00 0
120135 0.00 0.00 0.00 0
120136 0.00 0.00 0.00 0
120137 0.00 0.00 0.00 0
120138 0.00 0.00 0.00 0
120139 0.00 0.00 0.00 0
120140 0.00 0.00 0.00 0
120141 0.00 0.00 0.00 0
120142 0.00 0.00 0.00 0
120143 0.00 0.00 0.00 0
120271 0.00 0.00 0.00 0
120272 0.00 0.00 0.00 0
120273 0.00 0.00 0.00 0
120274 0.00 0.00 0.00 0
120275 0.00 0.00 0.00 0
120276 0.00 0.00 0.00 0
120277 0.00 0.00 0.00 0
120278 0.00 0.00 0.00 0
120279 0.00 0.00 0.00 0
120280 0.00 0.00 0.00 0
120281 0.00 0.00 0.00 0
120282 0.00 0.00 0.00 0
120283 0.00 0.00 0.00 0
120284 0.00 0.00 0.00 0
120285 0.00 0.00 0.00 0
120286 0.00 0.00 0.00 0
120287 0.00 0.00 0.00 0
120288 0.00 0.00 0.00 0
120289 0.00 0.00 0.00 0
120290 0.00 0.00 0.00 0
120291 0.00 0.00 0.00 0
120292 0.00 0.00 0.00 0
120293 0.00 0.00 0.00 0
120294 0.00 0.00 0.00 0
120295 0.00 0.00 0.00 0
120296 0.00 0.00 0.00 0
120297 0.00 0.00 0.00 0
120298 0.00 0.00 0.00 0
120299 0.00 0.00 0.00 0
120300 0.00 0.00 0.00 0
120301 0.00 0.00 0.00 0
120302 0.00 0.00 0.00 0
120303 0.00 0.00 0.00 0
120304 0.00 0.00 0.00 0
120305 0.00 0.00 0.00 0
120306 0.00 0.00 0.00 0
120307 0.00 0.00 0.00 0
120308 0.00 0.00 0.00 0
120309 0.00 0.00 0.00 0
120310 0.00 0.00 0.00 0
120311 0.00 0.00 0.00 0
120312 0.00 0.00 0.00 0
120313 0.00 0.00 0.00 0
120314 0.00 0.00 0.00 0
120315 0.00 0.00 0.00 0
120316 0.00 0.00 0.00 0
120317 0.00 0.00 0.00 0
120318 0.00 0.00 0.00 0
120319 0.00 0.00 0.00 0
120320 0.00 0.00 0.00 0
120321 0.00 0.00 0.00 0
120322 0.00 0.00 0.00 0
122207 0.00 0.00 0.00 0
122208 0.00 0.00 0.00 0
122209 0.00 0.00 0.00 0
122210 0.00 0.00 0.00 0
122211 0.00 0.00 0.00 0
122212 0.00 0.00 0.00 0
126309 0.00 0.00 0.00 0
126310 0.00 0.00 0.00 0
126311 0.00 0.00 0.00 0
126312 0.00 0.00 0.00 0
126313 0.00 0.00 0.00 0
126314 0.00 0.00 0.00 0
126315 0.00 0.00 0.00 0
126341 0.00 0.00 0.00 0
126342 0.00 0.00 0.00 0
126343 0.00 0.00 0.00 0
126345 0.00 0.00 0.00 0
126349 0.00 0.00 0.00 0
126350 0.00 0.00 0.00 0
126351 0.00 0.00 0.00 0
126352 0.00 0.00 0.00 0
126353 0.00 0.00 0.00 0
126354 0.00 0.00 0.00 0
126355 0.00 0.00 0.00 0
130064 0.00 0.00 0.00 0
130065 0.00 0.00 0.00 0
130179 0.00 0.00 0.00 0
130180 0.00 0.00 0.00 0
130181 0.00 0.00 0.00 0
130186 0.00 0.00 0.00 0
130187 0.00 0.00 0.00 0
130188 0.00 0.00 0.00 0
130189 0.00 0.00 0.00 0
130190 0.00 0.00 0.00 0
130193 0.00 0.00 0.00 0
130194 0.00 0.00 0.00 0
130195 0.00 0.00 0.00 0
130196 0.00 0.00 0.00 0
130197 0.00 0.00 0.00 0
130198 0.00 0.00 0.00 0
130199 0.00 0.00 0.00 0
130200 0.00 0.00 0.00 0
130201 0.00 0.00 0.00 0
130202 0.00 0.00 0.00 0
130203 0.00 0.00 0.00 0
130204 0.00 0.00 0.00 0
130205 0.00 0.00 0.00 0
130206 0.00 0.00 0.00 0
130207 0.00 0.00 0.00 0
130208 0.00 0.00 0.00 0
130209 0.00 0.00 0.00 0
130210 0.00 0.00 0.00 0
130211 0.00 0.00 0.00 0
130212 0.00 0.00 0.00 0
130213 0.00 0.00 0.00 0
130214 0.00 0.00 0.00 0
130215 0.00 0.00 0.00 0
130216 0.00 0.00 0.00 0
130217 0.00 0.00 0.00 0
130218 0.00 0.00 0.00 0
130219 0.00 0.00 0.00 0
130220 0.00 0.00 0.00 0
130221 0.00 0.00 0.00 0
130222 0.00 0.00 0.00 0
130223 0.00 0.00 0.00 0
130224 0.00 0.00 0.00 0
130225 0.00 0.00 0.00 0
130226 0.00 0.00 0.00 0
130227 0.00 0.00 0.00 0
130228 0.00 0.00 0.00 0
130229 0.00 0.00 0.00 0
130230 0.00 0.00 0.00 0
130231 0.00 0.00 0.00 0
130232 0.00 0.00 0.00 0
130233 0.00 0.00 0.00 0
130234 0.00 0.00 0.00 0
135205 0.00 0.00 0.00 0
135206 0.00 0.00 0.00 0
135207 0.00 0.00 0.00 0
135210 0.00 0.00 0.00 0
135211 0.00 0.00 0.00 0
135217 0.00 0.00 0.00 0
135566 0.00 0.00 0.00 0
135567 0.00 0.00 0.00 0
135568 0.00 0.00 0.00 0
135577 0.00 0.00 0.00 0
135651 0.00 0.00 0.00 0
135652 0.00 0.00 0.00 0
135653 0.00 0.00 0.00 0
135654 0.00 0.00 0.00 0
135655 0.00 0.00 0.00 0
135656 0.00 0.00 0.00 0
135657 0.00 0.00 0.00 0
135662 0.00 0.00 0.00 0
135673 0.00 0.00 0.00 0
135674 0.00 0.00 0.00 0
135675 0.00 0.00 0.00 0
135676 0.00 0.00 0.00 0
135677 0.00 0.00 0.00 0
135678 0.00 0.00 0.00 0
135679 0.00 0.00 0.00 0
135680 0.00 0.00 0.00 0
135681 0.00 0.00 0.00 0
135682 0.00 0.00 0.00 0
135683 0.00 0.00 0.00 0
135684 0.00 0.00 0.00 0
135685 0.00 0.00 0.00 0
135686 0.00 0.00 0.00 0
135687 0.00 0.00 0.00 0
135688 0.00 0.00 0.00 0
135689 0.00 0.00 0.00 0
135690 0.00 0.00 0.00 0
135691 0.00 0.00 0.00 0
135692 0.00 0.00 0.00 0
135693 0.00 0.00 0.00 0
135694 0.00 0.00 0.00 0
135695 0.00 0.00 0.00 0
135696 0.00 0.00 0.00 0
135697 0.00 0.00 0.00 0
135698 0.00 0.00 0.00 0
135699 0.00 0.00 0.00 0
135700 0.00 0.00 0.00 0
135701 0.00 0.00 0.00 0
135702 0.00 0.00 0.00 0
135703 0.00 0.00 0.00 0
135704 0.00 0.00 0.00 0
135957 0.00 0.00 0.00 0
135959 0.00 0.00 0.00 0
135960 0.00 0.00 0.00 0
135961 0.00 0.00 0.00 0
135962 0.00 0.00 0.00 0
135963 0.00 0.00 0.00 0
141884 0.00 0.00 0.00 0
141885 0.00 0.00 0.00 0
141886 0.00 0.00 0.00 0
141887 0.00 0.00 0.00 0
141895 0.00 0.00 0.00 0
141896 0.00 0.00 0.00 0
141898 0.00 0.00 0.00 0
142242 0.00 0.00 0.00 0
142243 0.00 0.00 0.00 0
142244 0.00 0.00 0.00 0
142245 0.00 0.00 0.00 0
142246 0.00 0.00 0.00 0
142247 0.00 0.00 0.00 0
142248 0.00 0.00 0.00 0
142249 0.00 0.00 0.00 0
142250 0.00 0.00 0.00 0
142251 0.00 0.00 0.00 0
142252 0.00 0.00 0.00 0
142253 0.00 0.00 0.00 0
142254 0.00 0.00 0.00 0
142255 0.00 0.00 0.00 0
142256 0.00 0.00 0.00 0
142257 0.00 0.00 0.00 0
142258 0.00 0.00 0.00 0
142259 0.00 0.00 0.00 0
142260 0.00 0.00 0.00 0
142261 0.00 0.00 0.00 0
142262 0.00 0.00 0.00 0
142263 0.00 0.00 0.00 0
142264 0.00 0.00 0.00 0
142265 0.00 0.00 0.00 0
142266 0.00 0.00 0.00 0
142267 0.00 0.00 0.00 0
142268 0.00 0.00 0.00 0
142269 0.00 0.00 0.00 0
142270 0.00 0.00 0.00 0
142271 0.00 0.00 0.00 0
142272 0.00 0.00 0.00 0
142273 0.00 0.00 0.00 0
142274 0.00 0.00 0.00 0
142275 0.00 0.00 0.00 0
142276 0.00 0.00 0.00 0
142277 0.00 0.00 0.00 0
142278 0.00 0.00 0.00 0
142279 0.00 0.00 0.00 0
142280 0.00 0.00 0.00 0
142281 0.00 0.00 0.00 0
142282 0.00 0.00 0.00 0
142283 0.00 0.00 0.00 0
142284 0.00 0.00 0.00 0
142285 0.00 0.00 0.00 0
142286 0.00 0.00 0.00 0
142287 0.00 0.00 0.00 0
142288 0.00 0.00 0.00 0
142289 0.00 0.00 0.00 0
142290 0.00 0.00 0.00 0
142291 0.00 0.00 0.00 0
142292 0.00 0.00 0.00 0
142293 0.00 0.00 0.00 0
142294 0.00 0.00 0.00 0
142295 0.00 0.00 0.00 0
142296 0.00 0.00 0.00 0
142300 0.00 0.00 0.00 0
142301 0.00 0.00 0.00 0
142302 0.00 0.00 0.00 0
142303 0.00 0.00 0.00 0
142304 0.00 0.00 0.00 0
142305 0.00 0.00 0.00 0
142306 0.00 0.00 0.00 0
142307 0.00 0.00 0.00 0
142308 0.00 0.00 0.00 0
142309 0.00 0.00 0.00 0
142310 0.00 0.00 0.00 0
142311 0.00 0.00 0.00 0
142312 0.00 0.00 0.00 0
142313 0.00 0.00 0.00 0
142314 0.00 0.00 0.00 0
142315 0.00 0.00 0.00 0
142316 0.00 0.00 0.00 0
142317 0.00 0.00 0.00 0
142318 0.00 0.00 0.00 0
142319 0.00 0.00 0.00 0
142320 0.00 0.00 0.00 0
142321 0.00 0.00 0.00 0
142322 0.00 0.00 0.00 0
142323 0.00 0.00 0.00 0
142324 0.00 0.00 0.00 0
142325 0.00 0.00 0.00 0
142326 0.00 0.00 0.00 0
142327 0.00 0.00 0.00 0
142328 0.00 0.00 0.00 0
142329 0.00 0.00 0.00 0
142330 0.00 0.00 0.00 0
142331 0.00 0.00 0.00 0
142332 0.00 0.00 0.00 0
142333 0.00 0.00 0.00 0
142334 0.00 0.00 0.00 0
142335 0.00 0.00 0.00 0
142336 0.00 0.00 0.00 0
142337 0.00 0.00 0.00 0
142338 0.00 0.00 0.00 0
142339 0.00 0.00 0.00 0
142340 0.00 0.00 0.00 0
142341 0.00 0.00 0.00 0
142342 0.00 0.00 0.00 0
142343 0.00 0.00 0.00 0
142344 0.00 0.00 0.00 0
142345 0.00 0.00 0.00 0
142346 0.00 0.00 0.00 0
142347 0.00 0.00 0.00 0
142348 0.00 0.00 0.00 0
142349 0.00 0.00 0.00 0
142350 0.00 0.00 0.00 0
142351 0.00 0.00 0.00 0
142352 0.00 0.00 0.00 0
142353 0.00 0.00 0.00 0
142354 0.00 0.00 0.00 0
142355 0.00 0.00 0.00 0
142356 0.00 0.00 0.00 0
142357 0.00 0.00 0.00 0
142358 0.00 0.00 0.00 0
142359 0.00 0.00 0.00 0
142360 0.00 0.00 0.00 0
142361 0.00 0.00 0.00 0
142362 0.00 0.00 0.00 0
142363 0.00 0.00 0.00 0
142364 0.00 0.00 0.00 0
142365 0.00 0.00 0.00 0
142366 0.00 0.00 0.00 0
142367 0.00 0.00 0.00 0
142368 0.00 0.00 0.00 0
142369 0.00 0.00 0.00 0
142370 0.00 0.00 0.00 0
142371 0.00 0.00 0.00 0
142372 0.00 0.00 0.00 0
142373 0.00 0.00 0.00 0
142374 0.00 0.00 0.00 0
142375 0.00 0.00 0.00 0
142376 0.00 0.00 0.00 0
142377 0.00 0.00 0.00 0
142378 0.00 0.00 0.00 0
146804 0.00 0.00 0.00 0
146805 0.00 0.00 0.00 0
146806 0.00 0.00 0.00 0
147239 0.00 0.00 0.00 0
147265 0.00 0.00 0.00 0
147266 0.00 0.00 0.00 0
147267 0.00 0.00 0.00 0
147268 0.00 0.00 0.00 0
147284 0.00 0.00 0.00 0
147285 0.00 0.00 0.00 0
147286 0.00 0.00 0.00 0
147287 0.00 0.00 0.00 0
147288 0.00 0.00 0.00 0
147289 0.00 0.00 0.00 0
147290 0.00 0.00 0.00 0
147291 0.00 0.00 0.00 0
147292 0.00 0.00 0.00 0
156633 0.00 0.00 0.00 0
156634 0.00 0.00 0.00 0
156635 0.00 0.00 0.00 0
156795 0.00 0.00 0.00 0
156796 0.00 0.00 0.00 0
157850 0.00 0.00 0.00 0
157856 0.00 0.00 0.00 0
157857 0.00 0.00 0.00 0
157858 0.00 0.00 0.00 0
157874 0.00 0.00 0.00 0
157875 0.00 0.00 0.00 0
157938 0.00 0.00 0.00 0
157953 0.00 0.00 0.00 0
157954 0.00 0.00 0.00 0
157955 0.00 0.00 0.00 0
157956 0.00 0.00 0.00 0
157957 0.00 0.00 0.00 0
157958 0.00 0.00 0.00 0
157959 0.00 0.00 0.00 0
157960 0.00 0.00 0.00 0
157961 0.00 0.00 0.00 0
157962 0.00 0.00 0.00 0
157963 0.00 0.00 0.00 0
157964 0.00 0.00 0.00 0
157965 0.00 0.00 0.00 0
157966 0.00 0.00 0.00 0
157967 0.00 0.00 0.00 0
157968 0.00 0.00 0.00 0
157969 0.00 0.00 0.00 0
157970 0.00 0.00 0.00 0
157971 0.00 0.00 0.00 0
157972 0.00 0.00 0.00 0
157973 0.00 0.00 0.00 0
157974 0.00 0.00 0.00 0
157975 0.00 0.00 0.00 0
157976 0.00 0.00 0.00 0
157977 0.00 0.00 0.00 0
157978 0.00 0.00 0.00 0
157979 0.00 0.00 0.00 0
157980 0.00 0.00 0.00 0
157981 0.00 0.00 0.00 0
