# G_oc-temp_med-Lingual
2469
41 0.00 0.00 0.00 0
87 0.00 0.00 0.00 0
157 0.00 0.00 0.00 0
347 0.00 0.00 0.00 0
348 0.00 0.00 0.00 0
357 0.00 0.00 0.00 0
451 0.00 0.00 0.00 0
626 0.00 0.00 0.00 0
627 0.00 0.00 0.00 0
628 0.00 0.00 0.00 0
629 0.00 0.00 0.00 0
837 0.00 0.00 0.00 0
838 0.00 0.00 0.00 0
990 0.00 0.00 0.00 0
991 0.00 0.00 0.00 0
1399 0.00 0.00 0.00 0
1400 0.00 0.00 0.00 0
1401 0.00 0.00 0.00 0
1402 0.00 0.00 0.00 0
1403 0.00 0.00 0.00 0
1405 0.00 0.00 0.00 0
1406 0.00 0.00 0.00 0
1410 0.00 0.00 0.00 0
1777 0.00 0.00 0.00 0
1778 0.00 0.00 0.00 0
2010 0.00 0.00 0.00 0
2011 0.00 0.00 0.00 0
2513 0.00 0.00 0.00 0
2514 0.00 0.00 0.00 0
2515 0.00 0.00 0.00 0
2516 0.00 0.00 0.00 0
2517 0.00 0.00 0.00 0
2518 0.00 0.00 0.00 0
2519 0.00 0.00 0.00 0
2520 0.00 0.00 0.00 0
2521 0.00 0.00 0.00 0
2522 0.00 0.00 0.00 0
2523 0.00 0.00 0.00 0
2524 0.00 0.00 0.00 0
2757 0.00 0.00 0.00 0
2758 0.00 0.00 0.00 0
2911 0.00 0.00 0.00 0
3319 0.00 0.00 0.00 0
3320 0.00 0.00 0.00 0
3321 0.00 0.00 0.00 0
3322 0.00 0.00 0.00 0
3323 0.00 0.00 0.00 0
3325 0.00 0.00 0.00 0
3326 0.00 0.00 0.00 0
3921 0.00 0.00 0.00 0
3922 0.00 0.00 0.00 0
3923 0.00 0.00 0.00 0
3949 0.00 0.00 0.00 0
3950 0.00 0.00 0.00 0
4407 0.00 0.00 0.00 0
4408 0.00 0.00 0.00 0
4409 0.00 0.00 0.00 0
4410 0.00 0.00 0.00 0
4411 0.00 0.00 0.00 0
5636 0.00 0.00 0.00 0
5637 0.00 0.00 0.00 0
5638 0.00 0.00 0.00 0
5639 0.00 0.00 0.00 0
5640 0.00 0.00 0.00 0
5641 0.00 0.00 0.00 0
5642 0.00 0.00 0.00 0
5643 0.00 0.00 0.00 0
5644 0.00 0.00 0.00 0
5645 0.00 0.00 0.00 0
5646 0.00 0.00 0.00 0
5647 0.00 0.00 0.00 0
5648 0.00 0.00 0.00 0
5650 0.00 0.00 0.00 0
5651 0.00 0.00 0.00 0
5652 0.00 0.00 0.00 0
5653 0.00 0.00 0.00 0
5654 0.00 0.00 0.00 0
5655 0.00 0.00 0.00 0
5656 0.00 0.00 0.00 0
5661 0.00 0.00 0.00 0
5662 0.00 0.00 0.00 0
5663 0.00 0.00 0.00 0
5664 0.00 0.00 0.00 0
5665 0.00 0.00 0.00 0
5666 0.00 0.00 0.00 0
5668 0.00 0.00 0.00 0
6098 0.00 0.00 0.00 0
6113 0.00 0.00 0.00 0
6114 0.00 0.00 0.00 0
6115 0.00 0.00 0.00 0
6116 0.00 0.00 0.00 0
6390 0.00 0.00 0.00 0
6391 0.00 0.00 0.00 0
7125 0.00 0.00 0.00 0
7126 0.00 0.00 0.00 0
7127 0.00 0.00 0.00 0
7128 0.00 0.00 0.00 0
7129 0.00 0.00 0.00 0
7130 0.00 0.00 0.00 0
7131 0.00 0.00 0.00 0
7132 0.00 0.00 0.00 0
7133 0.00 0.00 0.00 0
7134 0.00 0.00 0.00 0
7135 0.00 0.00 0.00 0
7136 0.00 0.00 0.00 0
7137 0.00 0.00 0.00 0
7138 0.00 0.00 0.00 0
7144 0.00 0.00 0.00 0
7145 0.00 0.00 0.00 0
7146 0.00 0.00 0.00 0
7985 0.00 0.00 0.00 0
7986 0.00 0.00 0.00 0
7987 0.00 0.00 0.00 0
7988 0.00 0.00 0.00 0
8605 0.00 0.00 0.00 0
8607 0.00 0.00 0.00 0
8608 0.00 0.00 0.00 0
8609 0.00 0.00 0.00 0
8610 0.00 0.00 0.00 0
8611 0.00 0.00 0.00 0
10093 0.00 0.00 0.00 0
10094 0.00 0.00 0.00 0
10097 0.00 0.00 0.00 0
10098 0.00 0.00 0.00 0
10099 0.00 0.00 0.00 0
10100 0.00 0.00 0.00 0
10101 0.00 0.00 0.00 0
10102 0.00 0.00 0.00 0
10103 0.00 0.00 0.00 0
10104 0.00 0.00 0.00 0
10105 0.00 0.00 0.00 0
10106 0.00 0.00 0.00 0
10107 0.00 0.00 0.00 0
10109 0.00 0.00 0.00 0
10110 0.00 0.00 0.00 0
10111 0.00 0.00 0.00 0
10112 0.00 0.00 0.00 0
10113 0.00 0.00 0.00 0
10114 0.00 0.00 0.00 0
10115 0.00 0.00 0.00 0
10116 0.00 0.00 0.00 0
10117 0.00 0.00 0.00 0
10118 0.00 0.00 0.00 0
10119 0.00 0.00 0.00 0
10120 0.00 0.00 0.00 0
10121 0.00 0.00 0.00 0
10122 0.00 0.00 0.00 0
10123 0.00 0.00 0.00 0
10124 0.00 0.00 0.00 0
10125 0.00 0.00 0.00 0
10126 0.00 0.00 0.00 0
10127 0.00 0.00 0.00 0
10128 0.00 0.00 0.00 0
10129 0.00 0.00 0.00 0
10130 0.00 0.00 0.00 0
10437 0.00 0.00 0.00 0
10438 0.00 0.00 0.00 0
10439 0.00 0.00 0.00 0
10999 0.00 0.00 0.00 0
11000 0.00 0.00 0.00 0
11001 0.00 0.00 0.00 0
11002 0.00 0.00 0.00 0
11003 0.00 0.00 0.00 0
11004 0.00 0.00 0.00 0
11005 0.00 0.00 0.00 0
11006 0.00 0.00 0.00 0
11599 0.00 0.00 0.00 0
11600 0.00 0.00 0.00 0
11601 0.00 0.00 0.00 0
11602 0.00 0.00 0.00 0
11603 0.00 0.00 0.00 0
11627 0.00 0.00 0.00 0
11628 0.00 0.00 0.00 0
11629 0.00 0.00 0.00 0
12087 0.00 0.00 0.00 0
12088 0.00 0.00 0.00 0
12089 0.00 0.00 0.00 0
12090 0.00 0.00 0.00 0
12091 0.00 0.00 0.00 0
13314 0.00 0.00 0.00 0
13315 0.00 0.00 0.00 0
13316 0.00 0.00 0.00 0
13317 0.00 0.00 0.00 0
13318 0.00 0.00 0.00 0
13319 0.00 0.00 0.00 0
13320 0.00 0.00 0.00 0
13321 0.00 0.00 0.00 0
13322 0.00 0.00 0.00 0
13323 0.00 0.00 0.00 0
13324 0.00 0.00 0.00 0
13325 0.00 0.00 0.00 0
13326 0.00 0.00 0.00 0
13327 0.00 0.00 0.00 0
13328 0.00 0.00 0.00 0
13330 0.00 0.00 0.00 0
13332 0.00 0.00 0.00 0
13333 0.00 0.00 0.00 0
13334 0.00 0.00 0.00 0
13335 0.00 0.00 0.00 0
13336 0.00 0.00 0.00 0
13340 0.00 0.00 0.00 0
13341 0.00 0.00 0.00 0
13342 0.00 0.00 0.00 0
13343 0.00 0.00 0.00 0
13344 0.00 0.00 0.00 0
13345 0.00 0.00 0.00 0
13346 0.00 0.00 0.00 0
14027 0.00 0.00 0.00 0
14028 0.00 0.00 0.00 0
14029 0.00 0.00 0.00 0
14030 0.00 0.00 0.00 0
14031 0.00 0.00 0.00 0
14487 0.00 0.00 0.00 0
14488 0.00 0.00 0.00 0
14489 0.00 0.00 0.00 0
14490 0.00 0.00 0.00 0
14491 0.00 0.00 0.00 0
15714 0.00 0.00 0.00 0
15715 0.00 0.00 0.00 0
15716 0.00 0.00 0.00 0
15717 0.00 0.00 0.00 0
15718 0.00 0.00 0.00 0
15719 0.00 0.00 0.00 0
15720 0.00 0.00 0.00 0
15721 0.00 0.00 0.00 0
15722 0.00 0.00 0.00 0
15723 0.00 0.00 0.00 0
15724 0.00 0.00 0.00 0
15725 0.00 0.00 0.00 0
15726 0.00 0.00 0.00 0
15727 0.00 0.00 0.00 0
15728 0.00 0.00 0.00 0
15729 0.00 0.00 0.00 0
15730 0.00 0.00 0.00 0
15731 0.00 0.00 0.00 0
15732 0.00 0.00 0.00 0
15733 0.00 0.00 0.00 0
15734 0.00 0.00 0.00 0
15735 0.00 0.00 0.00 0
15736 0.00 0.00 0.00 0
15745 0.00 0.00 0.00 0
15750 0.00 0.00 0.00 0
17520 0.00 0.00 0.00 0
17521 0.00 0.00 0.00 0
17522 0.00 0.00 0.00 0
17523 0.00 0.00 0.00 0
17524 0.00 0.00 0.00 0
17525 0.00 0.00 0.00 0
17526 0.00 0.00 0.00 0
17527 0.00 0.00 0.00 0
17528 0.00 0.00 0.00 0
17605 0.00 0.00 0.00 0
17606 0.00 0.00 0.00 0
17607 0.00 0.00 0.00 0
18980 0.00 0.00 0.00 0
18981 0.00 0.00 0.00 0
18982 0.00 0.00 0.00 0
18983 0.00 0.00 0.00 0
18984 0.00 0.00 0.00 0
18985 0.00 0.00 0.00 0
18986 0.00 0.00 0.00 0
18987 0.00 0.00 0.00 0
18988 0.00 0.00 0.00 0
18989 0.00 0.00 0.00 0
18990 0.00 0.00 0.00 0
18991 0.00 0.00 0.00 0
22667 0.00 0.00 0.00 0
22668 0.00 0.00 0.00 0
22669 0.00 0.00 0.00 0
22670 0.00 0.00 0.00 0
22671 0.00 0.00 0.00 0
22672 0.00 0.00 0.00 0
22676 0.00 0.00 0.00 0
22677 0.00 0.00 0.00 0
22678 0.00 0.00 0.00 0
22679 0.00 0.00 0.00 0
22680 0.00 0.00 0.00 0
22681 0.00 0.00 0.00 0
22682 0.00 0.00 0.00 0
22683 0.00 0.00 0.00 0
22684 0.00 0.00 0.00 0
22685 0.00 0.00 0.00 0
22686 0.00 0.00 0.00 0
22687 0.00 0.00 0.00 0
22688 0.00 0.00 0.00 0
22689 0.00 0.00 0.00 0
22690 0.00 0.00 0.00 0
22691 0.00 0.00 0.00 0
22692 0.00 0.00 0.00 0
22693 0.00 0.00 0.00 0
22694 0.00 0.00 0.00 0
22695 0.00 0.00 0.00 0
22696 0.00 0.00 0.00 0
22697 0.00 0.00 0.00 0
22698 0.00 0.00 0.00 0
22699 0.00 0.00 0.00 0
22700 0.00 0.00 0.00 0
22701 0.00 0.00 0.00 0
22702 0.00 0.00 0.00 0
22703 0.00 0.00 0.00 0
22707 0.00 0.00 0.00 0
22708 0.00 0.00 0.00 0
22709 0.00 0.00 0.00 0
22710 0.00 0.00 0.00 0
22711 0.00 0.00 0.00 0
22712 0.00 0.00 0.00 0
22713 0.00 0.00 0.00 0
22714 0.00 0.00 0.00 0
22715 0.00 0.00 0.00 0
22716 0.00 0.00 0.00 0
22717 0.00 0.00 0.00 0
22718 0.00 0.00 0.00 0
22719 0.00 0.00 0.00 0
22720 0.00 0.00 0.00 0
22721 0.00 0.00 0.00 0
22722 0.00 0.00 0.00 0
22723 0.00 0.00 0.00 0
22724 0.00 0.00 0.00 0
22725 0.00 0.00 0.00 0
22726 0.00 0.00 0.00 0
22728 0.00 0.00 0.00 0
22729 0.00 0.00 0.00 0
22730 0.00 0.00 0.00 0
22731 0.00 0.00 0.00 0
22732 0.00 0.00 0.00 0
22733 0.00 0.00 0.00 0
22734 0.00 0.00 0.00 0
22737 0.00 0.00 0.00 0
22738 0.00 0.00 0.00 0
22739 0.00 0.00 0.00 0
22740 0.00 0.00 0.00 0
22741 0.00 0.00 0.00 0
22742 0.00 0.00 0.00 0
22743 0.00 0.00 0.00 0
22744 0.00 0.00 0.00 0
22745 0.00 0.00 0.00 0
22746 0.00 0.00 0.00 0
22747 0.00 0.00 0.00 0
22748 0.00 0.00 0.00 0
22749 0.00 0.00 0.00 0
22750 0.00 0.00 0.00 0
22751 0.00 0.00 0.00 0
22752 0.00 0.00 0.00 0
22753 0.00 0.00 0.00 0
22754 0.00 0.00 0.00 0
22755 0.00 0.00 0.00 0
22756 0.00 0.00 0.00 0
22757 0.00 0.00 0.00 0
22758 0.00 0.00 0.00 0
22759 0.00 0.00 0.00 0
22760 0.00 0.00 0.00 0
22761 0.00 0.00 0.00 0
22762 0.00 0.00 0.00 0
22763 0.00 0.00 0.00 0
23393 0.00 0.00 0.00 0
23394 0.00 0.00 0.00 0
23395 0.00 0.00 0.00 0
23396 0.00 0.00 0.00 0
23671 0.00 0.00 0.00 0
24405 0.00 0.00 0.00 0
24406 0.00 0.00 0.00 0
24407 0.00 0.00 0.00 0
24408 0.00 0.00 0.00 0
24409 0.00 0.00 0.00 0
24410 0.00 0.00 0.00 0
24411 0.00 0.00 0.00 0
24412 0.00 0.00 0.00 0
24413 0.00 0.00 0.00 0
24415 0.00 0.00 0.00 0
24417 0.00 0.00 0.00 0
24418 0.00 0.00 0.00 0
25488 0.00 0.00 0.00 0
25489 0.00 0.00 0.00 0
25490 0.00 0.00 0.00 0
25491 0.00 0.00 0.00 0
25492 0.00 0.00 0.00 0
25493 0.00 0.00 0.00 0
25540 0.00 0.00 0.00 0
26363 0.00 0.00 0.00 0
26364 0.00 0.00 0.00 0
26365 0.00 0.00 0.00 0
26366 0.00 0.00 0.00 0
26367 0.00 0.00 0.00 0
26368 0.00 0.00 0.00 0
26369 0.00 0.00 0.00 0
26370 0.00 0.00 0.00 0
26371 0.00 0.00 0.00 0
28576 0.00 0.00 0.00 0
28577 0.00 0.00 0.00 0
28578 0.00 0.00 0.00 0
28579 0.00 0.00 0.00 0
28580 0.00 0.00 0.00 0
28581 0.00 0.00 0.00 0
28582 0.00 0.00 0.00 0
28583 0.00 0.00 0.00 0
28584 0.00 0.00 0.00 0
28585 0.00 0.00 0.00 0
28586 0.00 0.00 0.00 0
28587 0.00 0.00 0.00 0
28588 0.00 0.00 0.00 0
28589 0.00 0.00 0.00 0
28590 0.00 0.00 0.00 0
28591 0.00 0.00 0.00 0
28592 0.00 0.00 0.00 0
28593 0.00 0.00 0.00 0
28594 0.00 0.00 0.00 0
28595 0.00 0.00 0.00 0
28596 0.00 0.00 0.00 0
28597 0.00 0.00 0.00 0
28598 0.00 0.00 0.00 0
28602 0.00 0.00 0.00 0
28603 0.00 0.00 0.00 0
28604 0.00 0.00 0.00 0
28605 0.00 0.00 0.00 0
28606 0.00 0.00 0.00 0
28607 0.00 0.00 0.00 0
28608 0.00 0.00 0.00 0
28609 0.00 0.00 0.00 0
28610 0.00 0.00 0.00 0
28611 0.00 0.00 0.00 0
28612 0.00 0.00 0.00 0
28619 0.00 0.00 0.00 0
28620 0.00 0.00 0.00 0
28621 0.00 0.00 0.00 0
28622 0.00 0.00 0.00 0
28623 0.00 0.00 0.00 0
28624 0.00 0.00 0.00 0
28625 0.00 0.00 0.00 0
28626 0.00 0.00 0.00 0
28627 0.00 0.00 0.00 0
28628 0.00 0.00 0.00 0
28629 0.00 0.00 0.00 0
28630 0.00 0.00 0.00 0
28631 0.00 0.00 0.00 0
28632 0.00 0.00 0.00 0
28633 0.00 0.00 0.00 0
29588 0.00 0.00 0.00 0
29621 0.00 0.00 0.00 0
29622 0.00 0.00 0.00 0
29623 0.00 0.00 0.00 0
29624 0.00 0.00 0.00 0
29625 0.00 0.00 0.00 0
29626 0.00 0.00 0.00 0
29627 0.00 0.00 0.00 0
29628 0.00 0.00 0.00 0
29629 0.00 0.00 0.00 0
30267 0.00 0.00 0.00 0
30268 0.00 0.00 0.00 0
30269 0.00 0.00 0.00 0
30270 0.00 0.00 0.00 0
30271 0.00 0.00 0.00 0
31983 0.00 0.00 0.00 0
31984 0.00 0.00 0.00 0
31985 0.00 0.00 0.00 0
31986 0.00 0.00 0.00 0
31987 0.00 0.00 0.00 0
31988 0.00 0.00 0.00 0
31989 0.00 0.00 0.00 0
31990 0.00 0.00 0.00 0
31991 0.00 0.00 0.00 0
31992 0.00 0.00 0.00 0
31993 0.00 0.00 0.00 0
31994 0.00 0.00 0.00 0
31995 0.00 0.00 0.00 0
31996 0.00 0.00 0.00 0
31997 0.00 0.00 0.00 0
31998 0.00 0.00 0.00 0
31999 0.00 0.00 0.00 0
32000 0.00 0.00 0.00 0
32001 0.00 0.00 0.00 0
32002 0.00 0.00 0.00 0
32003 0.00 0.00 0.00 0
32004 0.00 0.00 0.00 0
32005 0.00 0.00 0.00 0
32007 0.00 0.00 0.00 0
32008 0.00 0.00 0.00 0
32009 0.00 0.00 0.00 0
32010 0.00 0.00 0.00 0
32011 0.00 0.00 0.00 0
32012 0.00 0.00 0.00 0
32013 0.00 0.00 0.00 0
32014 0.00 0.00 0.00 0
32025 0.00 0.00 0.00 0
32026 0.00 0.00 0.00 0
32027 0.00 0.00 0.00 0
32028 0.00 0.00 0.00 0
32029 0.00 0.00 0.00 0
32031 0.00 0.00 0.00 0
32032 0.00 0.00 0.00 0
32033 0.00 0.00 0.00 0
34280 0.00 0.00 0.00 0
34288 0.00 0.00 0.00 0
34289 0.00 0.00 0.00 0
34290 0.00 0.00 0.00 0
34291 0.00 0.00 0.00 0
34292 0.00 0.00 0.00 0
34293 0.00 0.00 0.00 0
34294 0.00 0.00 0.00 0
34295 0.00 0.00 0.00 0
34296 0.00 0.00 0.00 0
34297 0.00 0.00 0.00 0
34298 0.00 0.00 0.00 0
34396 0.00 0.00 0.00 0
34401 0.00 0.00 0.00 0
35954 0.00 0.00 0.00 0
36073 0.00 0.00 0.00 0
36077 0.00 0.00 0.00 0
36080 0.00 0.00 0.00 0
36081 0.00 0.00 0.00 0
36082 0.00 0.00 0.00 0
36083 0.00 0.00 0.00 0
36084 0.00 0.00 0.00 0
36085 0.00 0.00 0.00 0
36086 0.00 0.00 0.00 0
36087 0.00 0.00 0.00 0
36088 0.00 0.00 0.00 0
36089 0.00 0.00 0.00 0
36090 0.00 0.00 0.00 0
36091 0.00 0.00 0.00 0
40513 0.00 0.00 0.00 0
40514 0.00 0.00 0.00 0
40515 0.00 0.00 0.00 0
40516 0.00 0.00 0.00 0
40517 0.00 0.00 0.00 0
40525 0.00 0.00 0.00 0
40531 0.00 0.00 0.00 0
40532 0.00 0.00 0.00 0
40533 0.00 0.00 0.00 0
40534 0.00 0.00 0.00 0
40535 0.00 0.00 0.00 0
40536 0.00 0.00 0.00 0
40537 0.00 0.00 0.00 0
40538 0.00 0.00 0.00 0
40539 0.00 0.00 0.00 0
40540 0.00 0.00 0.00 0
40541 0.00 0.00 0.00 0
40542 0.00 0.00 0.00 0
40543 0.00 0.00 0.00 0
40544 0.00 0.00 0.00 0
40545 0.00 0.00 0.00 0
40546 0.00 0.00 0.00 0
40547 0.00 0.00 0.00 0
40548 0.00 0.00 0.00 0
40549 0.00 0.00 0.00 0
40550 0.00 0.00 0.00 0
40551 0.00 0.00 0.00 0
40552 0.00 0.00 0.00 0
40553 0.00 0.00 0.00 0
40554 0.00 0.00 0.00 0
40555 0.00 0.00 0.00 0
40556 0.00 0.00 0.00 0
40557 0.00 0.00 0.00 0
40562 0.00 0.00 0.00 0
40564 0.00 0.00 0.00 0
40565 0.00 0.00 0.00 0
40566 0.00 0.00 0.00 0
40567 0.00 0.00 0.00 0
40568 0.00 0.00 0.00 0
40569 0.00 0.00 0.00 0
40570 0.00 0.00 0.00 0
40571 0.00 0.00 0.00 0
40572 0.00 0.00 0.00 0
40573 0.00 0.00 0.00 0
40574 0.00 0.00 0.00 0
40575 0.00 0.00 0.00 0
40576 0.00 0.00 0.00 0
40577 0.00 0.00 0.00 0
40578 0.00 0.00 0.00 0
40579 0.00 0.00 0.00 0
40580 0.00 0.00 0.00 0
40581 0.00 0.00 0.00 0
40582 0.00 0.00 0.00 0
40583 0.00 0.00 0.00 0
40584 0.00 0.00 0.00 0
40585 0.00 0.00 0.00 0
40586 0.00 0.00 0.00 0
40587 0.00 0.00 0.00 0
40588 0.00 0.00 0.00 0
40589 0.00 0.00 0.00 0
40590 0.00 0.00 0.00 0
40591 0.00 0.00 0.00 0
40592 0.00 0.00 0.00 0
40593 0.00 0.00 0.00 0
40596 0.00 0.00 0.00 0
40597 0.00 0.00 0.00 0
40598 0.00 0.00 0.00 0
40599 0.00 0.00 0.00 0
40600 0.00 0.00 0.00 0
40601 0.00 0.00 0.00 0
40602 0.00 0.00 0.00 0
40603 0.00 0.00 0.00 0
40604 0.00 0.00 0.00 0
40605 0.00 0.00 0.00 0
40606 0.00 0.00 0.00 0
40607 0.00 0.00 0.00 0
40608 0.00 0.00 0.00 0
40609 0.00 0.00 0.00 0
40610 0.00 0.00 0.00 0
40611 0.00 0.00 0.00 0
40612 0.00 0.00 0.00 0
40613 0.00 0.00 0.00 0
40614 0.00 0.00 0.00 0
40615 0.00 0.00 0.00 0
40616 0.00 0.00 0.00 0
40617 0.00 0.00 0.00 0
40618 0.00 0.00 0.00 0
40619 0.00 0.00 0.00 0
40621 0.00 0.00 0.00 0
40622 0.00 0.00 0.00 0
40623 0.00 0.00 0.00 0
40624 0.00 0.00 0.00 0
40625 0.00 0.00 0.00 0
40626 0.00 0.00 0.00 0
40627 0.00 0.00 0.00 0
40628 0.00 0.00 0.00 0
40631 0.00 0.00 0.00 0
40632 0.00 0.00 0.00 0
40635 0.00 0.00 0.00 0
40636 0.00 0.00 0.00 0
40637 0.00 0.00 0.00 0
41157 0.00 0.00 0.00 0
41158 0.00 0.00 0.00 0
41159 0.00 0.00 0.00 0
41160 0.00 0.00 0.00 0
41161 0.00 0.00 0.00 0
41719 0.00 0.00 0.00 0
41720 0.00 0.00 0.00 0
41721 0.00 0.00 0.00 0
41722 0.00 0.00 0.00 0
41723 0.00 0.00 0.00 0
41724 0.00 0.00 0.00 0
41725 0.00 0.00 0.00 0
41726 0.00 0.00 0.00 0
42319 0.00 0.00 0.00 0
42320 0.00 0.00 0.00 0
42321 0.00 0.00 0.00 0
42322 0.00 0.00 0.00 0
42323 0.00 0.00 0.00 0
42347 0.00 0.00 0.00 0
42348 0.00 0.00 0.00 0
42349 0.00 0.00 0.00 0
42807 0.00 0.00 0.00 0
42808 0.00 0.00 0.00 0
42809 0.00 0.00 0.00 0
42810 0.00 0.00 0.00 0
42811 0.00 0.00 0.00 0
44034 0.00 0.00 0.00 0
44035 0.00 0.00 0.00 0
44036 0.00 0.00 0.00 0
44037 0.00 0.00 0.00 0
44038 0.00 0.00 0.00 0
44039 0.00 0.00 0.00 0
44040 0.00 0.00 0.00 0
44041 0.00 0.00 0.00 0
44042 0.00 0.00 0.00 0
44043 0.00 0.00 0.00 0
44044 0.00 0.00 0.00 0
44045 0.00 0.00 0.00 0
44046 0.00 0.00 0.00 0
44047 0.00 0.00 0.00 0
44048 0.00 0.00 0.00 0
44052 0.00 0.00 0.00 0
44053 0.00 0.00 0.00 0
44054 0.00 0.00 0.00 0
44055 0.00 0.00 0.00 0
44056 0.00 0.00 0.00 0
44060 0.00 0.00 0.00 0
44061 0.00 0.00 0.00 0
44062 0.00 0.00 0.00 0
44063 0.00 0.00 0.00 0
44064 0.00 0.00 0.00 0
44065 0.00 0.00 0.00 0
44066 0.00 0.00 0.00 0
44747 0.00 0.00 0.00 0
44748 0.00 0.00 0.00 0
44749 0.00 0.00 0.00 0
44751 0.00 0.00 0.00 0
45207 0.00 0.00 0.00 0
45208 0.00 0.00 0.00 0
45209 0.00 0.00 0.00 0
45210 0.00 0.00 0.00 0
45211 0.00 0.00 0.00 0
46434 0.00 0.00 0.00 0
46435 0.00 0.00 0.00 0
46436 0.00 0.00 0.00 0
46437 0.00 0.00 0.00 0
46438 0.00 0.00 0.00 0
46439 0.00 0.00 0.00 0
46440 0.00 0.00 0.00 0
46441 0.00 0.00 0.00 0
46442 0.00 0.00 0.00 0
46443 0.00 0.00 0.00 0
46444 0.00 0.00 0.00 0
46445 0.00 0.00 0.00 0
46446 0.00 0.00 0.00 0
46447 0.00 0.00 0.00 0
46448 0.00 0.00 0.00 0
46449 0.00 0.00 0.00 0
46450 0.00 0.00 0.00 0
46451 0.00 0.00 0.00 0
46452 0.00 0.00 0.00 0
46453 0.00 0.00 0.00 0
46454 0.00 0.00 0.00 0
46455 0.00 0.00 0.00 0
46456 0.00 0.00 0.00 0
48237 0.00 0.00 0.00 0
48239 0.00 0.00 0.00 0
48240 0.00 0.00 0.00 0
48241 0.00 0.00 0.00 0
48242 0.00 0.00 0.00 0
48243 0.00 0.00 0.00 0
48244 0.00 0.00 0.00 0
48245 0.00 0.00 0.00 0
48246 0.00 0.00 0.00 0
48247 0.00 0.00 0.00 0
48248 0.00 0.00 0.00 0
48325 0.00 0.00 0.00 0
48326 0.00 0.00 0.00 0
48327 0.00 0.00 0.00 0
49700 0.00 0.00 0.00 0
49701 0.00 0.00 0.00 0
49702 0.00 0.00 0.00 0
49703 0.00 0.00 0.00 0
49704 0.00 0.00 0.00 0
49705 0.00 0.00 0.00 0
49706 0.00 0.00 0.00 0
49707 0.00 0.00 0.00 0
49708 0.00 0.00 0.00 0
49709 0.00 0.00 0.00 0
49710 0.00 0.00 0.00 0
49711 0.00 0.00 0.00 0
53387 0.00 0.00 0.00 0
53388 0.00 0.00 0.00 0
53389 0.00 0.00 0.00 0
53390 0.00 0.00 0.00 0
53391 0.00 0.00 0.00 0
53392 0.00 0.00 0.00 0
53393 0.00 0.00 0.00 0
53394 0.00 0.00 0.00 0
53396 0.00 0.00 0.00 0
53397 0.00 0.00 0.00 0
53398 0.00 0.00 0.00 0
53399 0.00 0.00 0.00 0
53400 0.00 0.00 0.00 0
53401 0.00 0.00 0.00 0
53402 0.00 0.00 0.00 0
53403 0.00 0.00 0.00 0
53404 0.00 0.00 0.00 0
53405 0.00 0.00 0.00 0
53406 0.00 0.00 0.00 0
53407 0.00 0.00 0.00 0
53408 0.00 0.00 0.00 0
53409 0.00 0.00 0.00 0
53410 0.00 0.00 0.00 0
53411 0.00 0.00 0.00 0
53412 0.00 0.00 0.00 0
53413 0.00 0.00 0.00 0
53414 0.00 0.00 0.00 0
53415 0.00 0.00 0.00 0
53416 0.00 0.00 0.00 0
53417 0.00 0.00 0.00 0
53418 0.00 0.00 0.00 0
53419 0.00 0.00 0.00 0
53420 0.00 0.00 0.00 0
53421 0.00 0.00 0.00 0
53422 0.00 0.00 0.00 0
53423 0.00 0.00 0.00 0
53427 0.00 0.00 0.00 0
53428 0.00 0.00 0.00 0
53429 0.00 0.00 0.00 0
53430 0.00 0.00 0.00 0
53431 0.00 0.00 0.00 0
53432 0.00 0.00 0.00 0
53433 0.00 0.00 0.00 0
53434 0.00 0.00 0.00 0
53435 0.00 0.00 0.00 0
53436 0.00 0.00 0.00 0
53437 0.00 0.00 0.00 0
53438 0.00 0.00 0.00 0
53439 0.00 0.00 0.00 0
53440 0.00 0.00 0.00 0
53441 0.00 0.00 0.00 0
53442 0.00 0.00 0.00 0
53443 0.00 0.00 0.00 0
53444 0.00 0.00 0.00 0
53445 0.00 0.00 0.00 0
53446 0.00 0.00 0.00 0
53450 0.00 0.00 0.00 0
53451 0.00 0.00 0.00 0
53452 0.00 0.00 0.00 0
53453 0.00 0.00 0.00 0
53454 0.00 0.00 0.00 0
53458 0.00 0.00 0.00 0
53459 0.00 0.00 0.00 0
53460 0.00 0.00 0.00 0
53461 0.00 0.00 0.00 0
53462 0.00 0.00 0.00 0
53463 0.00 0.00 0.00 0
53464 0.00 0.00 0.00 0
53465 0.00 0.00 0.00 0
53466 0.00 0.00 0.00 0
53467 0.00 0.00 0.00 0
53468 0.00 0.00 0.00 0
53469 0.00 0.00 0.00 0
53470 0.00 0.00 0.00 0
53471 0.00 0.00 0.00 0
53472 0.00 0.00 0.00 0
53473 0.00 0.00 0.00 0
53474 0.00 0.00 0.00 0
53475 0.00 0.00 0.00 0
53476 0.00 0.00 0.00 0
53477 0.00 0.00 0.00 0
53478 0.00 0.00 0.00 0
53479 0.00 0.00 0.00 0
53481 0.00 0.00 0.00 0
54347 0.00 0.00 0.00 0
54348 0.00 0.00 0.00 0
54349 0.00 0.00 0.00 0
54350 0.00 0.00 0.00 0
54351 0.00 0.00 0.00 0
54352 0.00 0.00 0.00 0
54353 0.00 0.00 0.00 0
54810 0.00 0.00 0.00 0
54811 0.00 0.00 0.00 0
56034 0.00 0.00 0.00 0
56035 0.00 0.00 0.00 0
56036 0.00 0.00 0.00 0
56037 0.00 0.00 0.00 0
56038 0.00 0.00 0.00 0
56039 0.00 0.00 0.00 0
56040 0.00 0.00 0.00 0
56041 0.00 0.00 0.00 0
56042 0.00 0.00 0.00 0
56043 0.00 0.00 0.00 0
56044 0.00 0.00 0.00 0
56045 0.00 0.00 0.00 0
56046 0.00 0.00 0.00 0
56047 0.00 0.00 0.00 0
56048 0.00 0.00 0.00 0
56052 0.00 0.00 0.00 0
56053 0.00 0.00 0.00 0
56054 0.00 0.00 0.00 0
56055 0.00 0.00 0.00 0
56056 0.00 0.00 0.00 0
57837 0.00 0.00 0.00 0
57838 0.00 0.00 0.00 0
57839 0.00 0.00 0.00 0
57840 0.00 0.00 0.00 0
57841 0.00 0.00 0.00 0
57842 0.00 0.00 0.00 0
57843 0.00 0.00 0.00 0
57844 0.00 0.00 0.00 0
57845 0.00 0.00 0.00 0
57846 0.00 0.00 0.00 0
57847 0.00 0.00 0.00 0
57848 0.00 0.00 0.00 0
57920 0.00 0.00 0.00 0
57925 0.00 0.00 0.00 0
57926 0.00 0.00 0.00 0
59297 0.00 0.00 0.00 0
59298 0.00 0.00 0.00 0
59299 0.00 0.00 0.00 0
59300 0.00 0.00 0.00 0
59301 0.00 0.00 0.00 0
59302 0.00 0.00 0.00 0
59303 0.00 0.00 0.00 0
59304 0.00 0.00 0.00 0
59305 0.00 0.00 0.00 0
59306 0.00 0.00 0.00 0
59307 0.00 0.00 0.00 0
59308 0.00 0.00 0.00 0
59309 0.00 0.00 0.00 0
59310 0.00 0.00 0.00 0
59311 0.00 0.00 0.00 0
62982 0.00 0.00 0.00 0
62983 0.00 0.00 0.00 0
62984 0.00 0.00 0.00 0
62985 0.00 0.00 0.00 0
62986 0.00 0.00 0.00 0
62987 0.00 0.00 0.00 0
62988 0.00 0.00 0.00 0
62989 0.00 0.00 0.00 0
62990 0.00 0.00 0.00 0
62991 0.00 0.00 0.00 0
62992 0.00 0.00 0.00 0
62993 0.00 0.00 0.00 0
62994 0.00 0.00 0.00 0
62995 0.00 0.00 0.00 0
62996 0.00 0.00 0.00 0
62997 0.00 0.00 0.00 0
62998 0.00 0.00 0.00 0
62999 0.00 0.00 0.00 0
63000 0.00 0.00 0.00 0
63001 0.00 0.00 0.00 0
63002 0.00 0.00 0.00 0
63003 0.00 0.00 0.00 0
63004 0.00 0.00 0.00 0
63005 0.00 0.00 0.00 0
63006 0.00 0.00 0.00 0
63007 0.00 0.00 0.00 0
63008 0.00 0.00 0.00 0
63009 0.00 0.00 0.00 0
63010 0.00 0.00 0.00 0
63011 0.00 0.00 0.00 0
63012 0.00 0.00 0.00 0
63013 0.00 0.00 0.00 0
63014 0.00 0.00 0.00 0
63015 0.00 0.00 0.00 0
63016 0.00 0.00 0.00 0
63017 0.00 0.00 0.00 0
63018 0.00 0.00 0.00 0
63019 0.00 0.00 0.00 0
63020 0.00 0.00 0.00 0
63021 0.00 0.00 0.00 0
63022 0.00 0.00 0.00 0
63023 0.00 0.00 0.00 0
63027 0.00 0.00 0.00 0
63028 0.00 0.00 0.00 0
63029 0.00 0.00 0.00 0
63030 0.00 0.00 0.00 0
63031 0.00 0.00 0.00 0
63032 0.00 0.00 0.00 0
63033 0.00 0.00 0.00 0
63034 0.00 0.00 0.00 0
63035 0.00 0.00 0.00 0
63036 0.00 0.00 0.00 0
63037 0.00 0.00 0.00 0
63038 0.00 0.00 0.00 0
63039 0.00 0.00 0.00 0
63040 0.00 0.00 0.00 0
63041 0.00 0.00 0.00 0
63042 0.00 0.00 0.00 0
63043 0.00 0.00 0.00 0
63044 0.00 0.00 0.00 0
63045 0.00 0.00 0.00 0
63046 0.00 0.00 0.00 0
63056 0.00 0.00 0.00 0
63057 0.00 0.00 0.00 0
63058 0.00 0.00 0.00 0
63059 0.00 0.00 0.00 0
63060 0.00 0.00 0.00 0
63061 0.00 0.00 0.00 0
63062 0.00 0.00 0.00 0
63063 0.00 0.00 0.00 0
63064 0.00 0.00 0.00 0
63065 0.00 0.00 0.00 0
63066 0.00 0.00 0.00 0
63067 0.00 0.00 0.00 0
63068 0.00 0.00 0.00 0
63069 0.00 0.00 0.00 0
63070 0.00 0.00 0.00 0
63071 0.00 0.00 0.00 0
63072 0.00 0.00 0.00 0
63073 0.00 0.00 0.00 0
63074 0.00 0.00 0.00 0
63075 0.00 0.00 0.00 0
63076 0.00 0.00 0.00 0
63077 0.00 0.00 0.00 0
63078 0.00 0.00 0.00 0
65047 0.00 0.00 0.00 0
65048 0.00 0.00 0.00 0
65117 0.00 0.00 0.00 0
65118 0.00 0.00 0.00 0
65119 0.00 0.00 0.00 0
65120 0.00 0.00 0.00 0
65121 0.00 0.00 0.00 0
65122 0.00 0.00 0.00 0
65123 0.00 0.00 0.00 0
65124 0.00 0.00 0.00 0
65125 0.00 0.00 0.00 0
65126 0.00 0.00 0.00 0
65127 0.00 0.00 0.00 0
65128 0.00 0.00 0.00 0
65129 0.00 0.00 0.00 0
65130 0.00 0.00 0.00 0
65131 0.00 0.00 0.00 0
65132 0.00 0.00 0.00 0
65133 0.00 0.00 0.00 0
65134 0.00 0.00 0.00 0
66500 0.00 0.00 0.00 0
66501 0.00 0.00 0.00 0
66502 0.00 0.00 0.00 0
66503 0.00 0.00 0.00 0
66504 0.00 0.00 0.00 0
66505 0.00 0.00 0.00 0
66506 0.00 0.00 0.00 0
66507 0.00 0.00 0.00 0
66508 0.00 0.00 0.00 0
66509 0.00 0.00 0.00 0
66510 0.00 0.00 0.00 0
66511 0.00 0.00 0.00 0
70179 0.00 0.00 0.00 0
70180 0.00 0.00 0.00 0
70181 0.00 0.00 0.00 0
70182 0.00 0.00 0.00 0
70183 0.00 0.00 0.00 0
70184 0.00 0.00 0.00 0
70185 0.00 0.00 0.00 0
70186 0.00 0.00 0.00 0
70187 0.00 0.00 0.00 0
70188 0.00 0.00 0.00 0
70189 0.00 0.00 0.00 0
70190 0.00 0.00 0.00 0
70191 0.00 0.00 0.00 0
70192 0.00 0.00 0.00 0
70193 0.00 0.00 0.00 0
70194 0.00 0.00 0.00 0
70195 0.00 0.00 0.00 0
70196 0.00 0.00 0.00 0
70197 0.00 0.00 0.00 0
70198 0.00 0.00 0.00 0
70199 0.00 0.00 0.00 0
70200 0.00 0.00 0.00 0
70201 0.00 0.00 0.00 0
70202 0.00 0.00 0.00 0
70203 0.00 0.00 0.00 0
70204 0.00 0.00 0.00 0
70205 0.00 0.00 0.00 0
70206 0.00 0.00 0.00 0
70207 0.00 0.00 0.00 0
70208 0.00 0.00 0.00 0
70209 0.00 0.00 0.00 0
70210 0.00 0.00 0.00 0
70211 0.00 0.00 0.00 0
70212 0.00 0.00 0.00 0
70213 0.00 0.00 0.00 0
70214 0.00 0.00 0.00 0
70215 0.00 0.00 0.00 0
70216 0.00 0.00 0.00 0
70217 0.00 0.00 0.00 0
70218 0.00 0.00 0.00 0
70219 0.00 0.00 0.00 0
70220 0.00 0.00 0.00 0
70221 0.00 0.00 0.00 0
70222 0.00 0.00 0.00 0
70223 0.00 0.00 0.00 0
70224 0.00 0.00 0.00 0
70225 0.00 0.00 0.00 0
70226 0.00 0.00 0.00 0
70227 0.00 0.00 0.00 0
70228 0.00 0.00 0.00 0
70229 0.00 0.00 0.00 0
70230 0.00 0.00 0.00 0
70231 0.00 0.00 0.00 0
70232 0.00 0.00 0.00 0
70233 0.00 0.00 0.00 0
70234 0.00 0.00 0.00 0
70235 0.00 0.00 0.00 0
70236 0.00 0.00 0.00 0
70237 0.00 0.00 0.00 0
70238 0.00 0.00 0.00 0
70239 0.00 0.00 0.00 0
70240 0.00 0.00 0.00 0
70241 0.00 0.00 0.00 0
70242 0.00 0.00 0.00 0
70243 0.00 0.00 0.00 0
70244 0.00 0.00 0.00 0
70245 0.00 0.00 0.00 0
70246 0.00 0.00 0.00 0
70269 0.00 0.00 0.00 0
70270 0.00 0.00 0.00 0
70271 0.00 0.00 0.00 0
70272 0.00 0.00 0.00 0
70273 0.00 0.00 0.00 0
70274 0.00 0.00 0.00 0
70275 0.00 0.00 0.00 0
70276 0.00 0.00 0.00 0
70280 0.00 0.00 0.00 0
70281 0.00 0.00 0.00 0
70282 0.00 0.00 0.00 0
70283 0.00 0.00 0.00 0
70284 0.00 0.00 0.00 0
70285 0.00 0.00 0.00 0
70286 0.00 0.00 0.00 0
70288 0.00 0.00 0.00 0
75597 0.00 0.00 0.00 0
75598 0.00 0.00 0.00 0
75599 0.00 0.00 0.00 0
75600 0.00 0.00 0.00 0
75601 0.00 0.00 0.00 0
75602 0.00 0.00 0.00 0
75603 0.00 0.00 0.00 0
75604 0.00 0.00 0.00 0
75605 0.00 0.00 0.00 0
75606 0.00 0.00 0.00 0
75607 0.00 0.00 0.00 0
75608 0.00 0.00 0.00 0
75609 0.00 0.00 0.00 0
75610 0.00 0.00 0.00 0
75611 0.00 0.00 0.00 0
75612 0.00 0.00 0.00 0
75613 0.00 0.00 0.00 0
75614 0.00 0.00 0.00 0
75615 0.00 0.00 0.00 0
75616 0.00 0.00 0.00 0
75617 0.00 0.00 0.00 0
75618 0.00 0.00 0.00 0
75619 0.00 0.00 0.00 0
75620 0.00 0.00 0.00 0
75621 0.00 0.00 0.00 0
75622 0.00 0.00 0.00 0
75623 0.00 0.00 0.00 0
75850 0.00 0.00 0.00 0
75851 0.00 0.00 0.00 0
75852 0.00 0.00 0.00 0
75854 0.00 0.00 0.00 0
75864 0.00 0.00 0.00 0
79965 0.00 0.00 0.00 0
79966 0.00 0.00 0.00 0
79975 0.00 0.00 0.00 0
79976 0.00 0.00 0.00 0
79977 0.00 0.00 0.00 0
79978 0.00 0.00 0.00 0
79979 0.00 0.00 0.00 0
79980 0.00 0.00 0.00 0
79982 0.00 0.00 0.00 0
79983 0.00 0.00 0.00 0
79984 0.00 0.00 0.00 0
79985 0.00 0.00 0.00 0
79986 0.00 0.00 0.00 0
79987 0.00 0.00 0.00 0
79988 0.00 0.00 0.00 0
79989 0.00 0.00 0.00 0
79990 0.00 0.00 0.00 0
79991 0.00 0.00 0.00 0
79992 0.00 0.00 0.00 0
79993 0.00 0.00 0.00 0
79994 0.00 0.00 0.00 0
79995 0.00 0.00 0.00 0
79996 0.00 0.00 0.00 0
79997 0.00 0.00 0.00 0
79998 0.00 0.00 0.00 0
79999 0.00 0.00 0.00 0
80000 0.00 0.00 0.00 0
80001 0.00 0.00 0.00 0
80002 0.00 0.00 0.00 0
80003 0.00 0.00 0.00 0
80004 0.00 0.00 0.00 0
80005 0.00 0.00 0.00 0
80006 0.00 0.00 0.00 0
80007 0.00 0.00 0.00 0
80008 0.00 0.00 0.00 0
80009 0.00 0.00 0.00 0
80010 0.00 0.00 0.00 0
80011 0.00 0.00 0.00 0
91037 0.00 0.00 0.00 0
91038 0.00 0.00 0.00 0
91039 0.00 0.00 0.00 0
91040 0.00 0.00 0.00 0
91041 0.00 0.00 0.00 0
91042 0.00 0.00 0.00 0
91043 0.00 0.00 0.00 0
91044 0.00 0.00 0.00 0
91045 0.00 0.00 0.00 0
91046 0.00 0.00 0.00 0
91047 0.00 0.00 0.00 0
91048 0.00 0.00 0.00 0
91049 0.00 0.00 0.00 0
91050 0.00 0.00 0.00 0
91051 0.00 0.00 0.00 0
91052 0.00 0.00 0.00 0
91067 0.00 0.00 0.00 0
91068 0.00 0.00 0.00 0
91069 0.00 0.00 0.00 0
91070 0.00 0.00 0.00 0
91071 0.00 0.00 0.00 0
91077 0.00 0.00 0.00 0
91083 0.00 0.00 0.00 0
91084 0.00 0.00 0.00 0
91085 0.00 0.00 0.00 0
91086 0.00 0.00 0.00 0
91087 0.00 0.00 0.00 0
91088 0.00 0.00 0.00 0
91089 0.00 0.00 0.00 0
91090 0.00 0.00 0.00 0
91091 0.00 0.00 0.00 0
91092 0.00 0.00 0.00 0
91093 0.00 0.00 0.00 0
91094 0.00 0.00 0.00 0
91095 0.00 0.00 0.00 0
91096 0.00 0.00 0.00 0
91097 0.00 0.00 0.00 0
91098 0.00 0.00 0.00 0
91099 0.00 0.00 0.00 0
91100 0.00 0.00 0.00 0
91101 0.00 0.00 0.00 0
91102 0.00 0.00 0.00 0
91103 0.00 0.00 0.00 0
91104 0.00 0.00 0.00 0
91105 0.00 0.00 0.00 0
91106 0.00 0.00 0.00 0
91107 0.00 0.00 0.00 0
91108 0.00 0.00 0.00 0
91109 0.00 0.00 0.00 0
91110 0.00 0.00 0.00 0
91111 0.00 0.00 0.00 0
91112 0.00 0.00 0.00 0
91113 0.00 0.00 0.00 0
91114 0.00 0.00 0.00 0
91115 0.00 0.00 0.00 0
91116 0.00 0.00 0.00 0
91117 0.00 0.00 0.00 0
91118 0.00 0.00 0.00 0
91119 0.00 0.00 0.00 0
91120 0.00 0.00 0.00 0
91121 0.00 0.00 0.00 0
91122 0.00 0.00 0.00 0
91123 0.00 0.00 0.00 0
91124 0.00 0.00 0.00 0
91125 0.00 0.00 0.00 0
91126 0.00 0.00 0.00 0
91127 0.00 0.00 0.00 0
91128 0.00 0.00 0.00 0
91129 0.00 0.00 0.00 0
91130 0.00 0.00 0.00 0
91131 0.00 0.00 0.00 0
91132 0.00 0.00 0.00 0
91133 0.00 0.00 0.00 0
91134 0.00 0.00 0.00 0
91135 0.00 0.00 0.00 0
91136 0.00 0.00 0.00 0
91137 0.00 0.00 0.00 0
91138 0.00 0.00 0.00 0
91139 0.00 0.00 0.00 0
91140 0.00 0.00 0.00 0
91141 0.00 0.00 0.00 0
91142 0.00 0.00 0.00 0
91143 0.00 0.00 0.00 0
91144 0.00 0.00 0.00 0
91145 0.00 0.00 0.00 0
91146 0.00 0.00 0.00 0
91147 0.00 0.00 0.00 0
91148 0.00 0.00 0.00 0
91159 0.00 0.00 0.00 0
91160 0.00 0.00 0.00 0
91161 0.00 0.00 0.00 0
91162 0.00 0.00 0.00 0
91163 0.00 0.00 0.00 0
91164 0.00 0.00 0.00 0
91165 0.00 0.00 0.00 0
91166 0.00 0.00 0.00 0
91167 0.00 0.00 0.00 0
91168 0.00 0.00 0.00 0
91169 0.00 0.00 0.00 0
91170 0.00 0.00 0.00 0
91171 0.00 0.00 0.00 0
91172 0.00 0.00 0.00 0
91173 0.00 0.00 0.00 0
91174 0.00 0.00 0.00 0
91175 0.00 0.00 0.00 0
91176 0.00 0.00 0.00 0
91177 0.00 0.00 0.00 0
91178 0.00 0.00 0.00 0
91179 0.00 0.00 0.00 0
91180 0.00 0.00 0.00 0
91181 0.00 0.00 0.00 0
91182 0.00 0.00 0.00 0
91183 0.00 0.00 0.00 0
91184 0.00 0.00 0.00 0
91185 0.00 0.00 0.00 0
91186 0.00 0.00 0.00 0
91187 0.00 0.00 0.00 0
91188 0.00 0.00 0.00 0
91189 0.00 0.00 0.00 0
91190 0.00 0.00 0.00 0
91191 0.00 0.00 0.00 0
91192 0.00 0.00 0.00 0
91193 0.00 0.00 0.00 0
91194 0.00 0.00 0.00 0
91195 0.00 0.00 0.00 0
91196 0.00 0.00 0.00 0
91197 0.00 0.00 0.00 0
91198 0.00 0.00 0.00 0
91199 0.00 0.00 0.00 0
91200 0.00 0.00 0.00 0
91201 0.00 0.00 0.00 0
91202 0.00 0.00 0.00 0
91203 0.00 0.00 0.00 0
91204 0.00 0.00 0.00 0
91205 0.00 0.00 0.00 0
91206 0.00 0.00 0.00 0
91207 0.00 0.00 0.00 0
91208 0.00 0.00 0.00 0
91209 0.00 0.00 0.00 0
91210 0.00 0.00 0.00 0
91211 0.00 0.00 0.00 0
91212 0.00 0.00 0.00 0
91213 0.00 0.00 0.00 0
91214 0.00 0.00 0.00 0
91215 0.00 0.00 0.00 0
91216 0.00 0.00 0.00 0
91220 0.00 0.00 0.00 0
91221 0.00 0.00 0.00 0
91222 0.00 0.00 0.00 0
91223 0.00 0.00 0.00 0
91224 0.00 0.00 0.00 0
91226 0.00 0.00 0.00 0
91227 0.00 0.00 0.00 0
91228 0.00 0.00 0.00 0
91229 0.00 0.00 0.00 0
91230 0.00 0.00 0.00 0
91231 0.00 0.00 0.00 0
91232 0.00 0.00 0.00 0
91233 0.00 0.00 0.00 0
91234 0.00 0.00 0.00 0
91235 0.00 0.00 0.00 0
91236 0.00 0.00 0.00 0
91237 0.00 0.00 0.00 0
91238 0.00 0.00 0.00 0
91239 0.00 0.00 0.00 0
91243 0.00 0.00 0.00 0
91245 0.00 0.00 0.00 0
91246 0.00 0.00 0.00 0
91247 0.00 0.00 0.00 0
91248 0.00 0.00 0.00 0
91249 0.00 0.00 0.00 0
91250 0.00 0.00 0.00 0
91251 0.00 0.00 0.00 0
91252 0.00 0.00 0.00 0
91253 0.00 0.00 0.00 0
91254 0.00 0.00 0.00 0
91255 0.00 0.00 0.00 0
91256 0.00 0.00 0.00 0
91257 0.00 0.00 0.00 0
91258 0.00 0.00 0.00 0
91259 0.00 0.00 0.00 0
91260 0.00 0.00 0.00 0
91261 0.00 0.00 0.00 0
91262 0.00 0.00 0.00 0
91263 0.00 0.00 0.00 0
91264 0.00 0.00 0.00 0
91265 0.00 0.00 0.00 0
91266 0.00 0.00 0.00 0
91267 0.00 0.00 0.00 0
91268 0.00 0.00 0.00 0
91269 0.00 0.00 0.00 0
91270 0.00 0.00 0.00 0
91271 0.00 0.00 0.00 0
91272 0.00 0.00 0.00 0
91273 0.00 0.00 0.00 0
91274 0.00 0.00 0.00 0
91275 0.00 0.00 0.00 0
91276 0.00 0.00 0.00 0
91277 0.00 0.00 0.00 0
91278 0.00 0.00 0.00 0
91279 0.00 0.00 0.00 0
91280 0.00 0.00 0.00 0
91281 0.00 0.00 0.00 0
91282 0.00 0.00 0.00 0
91283 0.00 0.00 0.00 0
91284 0.00 0.00 0.00 0
91285 0.00 0.00 0.00 0
91286 0.00 0.00 0.00 0
91287 0.00 0.00 0.00 0
91288 0.00 0.00 0.00 0
91289 0.00 0.00 0.00 0
91290 0.00 0.00 0.00 0
91291 0.00 0.00 0.00 0
91292 0.00 0.00 0.00 0
91293 0.00 0.00 0.00 0
91294 0.00 0.00 0.00 0
91295 0.00 0.00 0.00 0
91296 0.00 0.00 0.00 0
91297 0.00 0.00 0.00 0
91298 0.00 0.00 0.00 0
91299 0.00 0.00 0.00 0
91300 0.00 0.00 0.00 0
91301 0.00 0.00 0.00 0
91302 0.00 0.00 0.00 0
91303 0.00 0.00 0.00 0
91304 0.00 0.00 0.00 0
91305 0.00 0.00 0.00 0
91306 0.00 0.00 0.00 0
91307 0.00 0.00 0.00 0
91308 0.00 0.00 0.00 0
91309 0.00 0.00 0.00 0
91310 0.00 0.00 0.00 0
91311 0.00 0.00 0.00 0
91312 0.00 0.00 0.00 0
91313 0.00 0.00 0.00 0
91314 0.00 0.00 0.00 0
91315 0.00 0.00 0.00 0
91316 0.00 0.00 0.00 0
91317 0.00 0.00 0.00 0
91318 0.00 0.00 0.00 0
91319 0.00 0.00 0.00 0
91320 0.00 0.00 0.00 0
91321 0.00 0.00 0.00 0
91322 0.00 0.00 0.00 0
91323 0.00 0.00 0.00 0
91324 0.00 0.00 0.00 0
91326 0.00 0.00 0.00 0
91334 0.00 0.00 0.00 0
91335 0.00 0.00 0.00 0
91336 0.00 0.00 0.00 0
91345 0.00 0.00 0.00 0
92513 0.00 0.00 0.00 0
92514 0.00 0.00 0.00 0
92515 0.00 0.00 0.00 0
92516 0.00 0.00 0.00 0
92517 0.00 0.00 0.00 0
93525 0.00 0.00 0.00 0
93526 0.00 0.00 0.00 0
93527 0.00 0.00 0.00 0
93528 0.00 0.00 0.00 0
93529 0.00 0.00 0.00 0
93530 0.00 0.00 0.00 0
93531 0.00 0.00 0.00 0
93532 0.00 0.00 0.00 0
93533 0.00 0.00 0.00 0
93536 0.00 0.00 0.00 0
93537 0.00 0.00 0.00 0
93538 0.00 0.00 0.00 0
94605 0.00 0.00 0.00 0
94606 0.00 0.00 0.00 0
94607 0.00 0.00 0.00 0
94608 0.00 0.00 0.00 0
94609 0.00 0.00 0.00 0
94610 0.00 0.00 0.00 0
94611 0.00 0.00 0.00 0
94612 0.00 0.00 0.00 0
94613 0.00 0.00 0.00 0
94657 0.00 0.00 0.00 0
94658 0.00 0.00 0.00 0
94659 0.00 0.00 0.00 0
95483 0.00 0.00 0.00 0
95484 0.00 0.00 0.00 0
95485 0.00 0.00 0.00 0
95486 0.00 0.00 0.00 0
95487 0.00 0.00 0.00 0
95488 0.00 0.00 0.00 0
95489 0.00 0.00 0.00 0
95490 0.00 0.00 0.00 0
95491 0.00 0.00 0.00 0
97692 0.00 0.00 0.00 0
97693 0.00 0.00 0.00 0
97694 0.00 0.00 0.00 0
97695 0.00 0.00 0.00 0
97696 0.00 0.00 0.00 0
97697 0.00 0.00 0.00 0
97698 0.00 0.00 0.00 0
97699 0.00 0.00 0.00 0
97700 0.00 0.00 0.00 0
97701 0.00 0.00 0.00 0
97702 0.00 0.00 0.00 0
97703 0.00 0.00 0.00 0
97704 0.00 0.00 0.00 0
97705 0.00 0.00 0.00 0
97706 0.00 0.00 0.00 0
97707 0.00 0.00 0.00 0
97708 0.00 0.00 0.00 0
97709 0.00 0.00 0.00 0
97710 0.00 0.00 0.00 0
97711 0.00 0.00 0.00 0
97712 0.00 0.00 0.00 0
97713 0.00 0.00 0.00 0
97714 0.00 0.00 0.00 0
97715 0.00 0.00 0.00 0
97716 0.00 0.00 0.00 0
97717 0.00 0.00 0.00 0
97718 0.00 0.00 0.00 0
97722 0.00 0.00 0.00 0
97723 0.00 0.00 0.00 0
97724 0.00 0.00 0.00 0
97725 0.00 0.00 0.00 0
97726 0.00 0.00 0.00 0
97727 0.00 0.00 0.00 0
97728 0.00 0.00 0.00 0
97729 0.00 0.00 0.00 0
97730 0.00 0.00 0.00 0
97731 0.00 0.00 0.00 0
97732 0.00 0.00 0.00 0
97739 0.00 0.00 0.00 0
97740 0.00 0.00 0.00 0
97741 0.00 0.00 0.00 0
97742 0.00 0.00 0.00 0
97743 0.00 0.00 0.00 0
97744 0.00 0.00 0.00 0
97745 0.00 0.00 0.00 0
97746 0.00 0.00 0.00 0
97747 0.00 0.00 0.00 0
97748 0.00 0.00 0.00 0
97749 0.00 0.00 0.00 0
97750 0.00 0.00 0.00 0
98975 0.00 0.00 0.00 0
98976 0.00 0.00 0.00 0
98977 0.00 0.00 0.00 0
98978 0.00 0.00 0.00 0
98979 0.00 0.00 0.00 0
98980 0.00 0.00 0.00 0
98981 0.00 0.00 0.00 0
98982 0.00 0.00 0.00 0
98983 0.00 0.00 0.00 0
98984 0.00 0.00 0.00 0
98985 0.00 0.00 0.00 0
99805 0.00 0.00 0.00 0
99806 0.00 0.00 0.00 0
99807 0.00 0.00 0.00 0
99808 0.00 0.00 0.00 0
99809 0.00 0.00 0.00 0
99810 0.00 0.00 0.00 0
99811 0.00 0.00 0.00 0
102012 0.00 0.00 0.00 0
102013 0.00 0.00 0.00 0
102014 0.00 0.00 0.00 0
102015 0.00 0.00 0.00 0
102016 0.00 0.00 0.00 0
102017 0.00 0.00 0.00 0
102018 0.00 0.00 0.00 0
102019 0.00 0.00 0.00 0
102020 0.00 0.00 0.00 0
102021 0.00 0.00 0.00 0
102022 0.00 0.00 0.00 0
102023 0.00 0.00 0.00 0
102024 0.00 0.00 0.00 0
102025 0.00 0.00 0.00 0
102026 0.00 0.00 0.00 0
102027 0.00 0.00 0.00 0
102028 0.00 0.00 0.00 0
102029 0.00 0.00 0.00 0
102030 0.00 0.00 0.00 0
102031 0.00 0.00 0.00 0
102032 0.00 0.00 0.00 0
102033 0.00 0.00 0.00 0
102034 0.00 0.00 0.00 0
102035 0.00 0.00 0.00 0
102036 0.00 0.00 0.00 0
102037 0.00 0.00 0.00 0
102038 0.00 0.00 0.00 0
102039 0.00 0.00 0.00 0
102040 0.00 0.00 0.00 0
102041 0.00 0.00 0.00 0
102042 0.00 0.00 0.00 0
102043 0.00 0.00 0.00 0
102044 0.00 0.00 0.00 0
102045 0.00 0.00 0.00 0
102046 0.00 0.00 0.00 0
102047 0.00 0.00 0.00 0
102048 0.00 0.00 0.00 0
102049 0.00 0.00 0.00 0
102050 0.00 0.00 0.00 0
102051 0.00 0.00 0.00 0
102052 0.00 0.00 0.00 0
102067 0.00 0.00 0.00 0
102068 0.00 0.00 0.00 0
102069 0.00 0.00 0.00 0
102070 0.00 0.00 0.00 0
102075 0.00 0.00 0.00 0
102076 0.00 0.00 0.00 0
102077 0.00 0.00 0.00 0
105264 0.00 0.00 0.00 0
105265 0.00 0.00 0.00 0
105266 0.00 0.00 0.00 0
105267 0.00 0.00 0.00 0
105268 0.00 0.00 0.00 0
105269 0.00 0.00 0.00 0
105270 0.00 0.00 0.00 0
105271 0.00 0.00 0.00 0
105272 0.00 0.00 0.00 0
105273 0.00 0.00 0.00 0
105274 0.00 0.00 0.00 0
105275 0.00 0.00 0.00 0
105276 0.00 0.00 0.00 0
105277 0.00 0.00 0.00 0
105278 0.00 0.00 0.00 0
105415 0.00 0.00 0.00 0
105416 0.00 0.00 0.00 0
105417 0.00 0.00 0.00 0
105418 0.00 0.00 0.00 0
107890 0.00 0.00 0.00 0
107891 0.00 0.00 0.00 0
107892 0.00 0.00 0.00 0
107893 0.00 0.00 0.00 0
107894 0.00 0.00 0.00 0
107895 0.00 0.00 0.00 0
107896 0.00 0.00 0.00 0
107897 0.00 0.00 0.00 0
107898 0.00 0.00 0.00 0
107899 0.00 0.00 0.00 0
107900 0.00 0.00 0.00 0
107901 0.00 0.00 0.00 0
107902 0.00 0.00 0.00 0
107903 0.00 0.00 0.00 0
107904 0.00 0.00 0.00 0
107905 0.00 0.00 0.00 0
107906 0.00 0.00 0.00 0
107907 0.00 0.00 0.00 0
107908 0.00 0.00 0.00 0
107909 0.00 0.00 0.00 0
107910 0.00 0.00 0.00 0
107911 0.00 0.00 0.00 0
114527 0.00 0.00 0.00 0
114528 0.00 0.00 0.00 0
114529 0.00 0.00 0.00 0
114530 0.00 0.00 0.00 0
114531 0.00 0.00 0.00 0
114532 0.00 0.00 0.00 0
114533 0.00 0.00 0.00 0
114534 0.00 0.00 0.00 0
114535 0.00 0.00 0.00 0
114536 0.00 0.00 0.00 0
114538 0.00 0.00 0.00 0
114545 0.00 0.00 0.00 0
114546 0.00 0.00 0.00 0
114547 0.00 0.00 0.00 0
114548 0.00 0.00 0.00 0
114549 0.00 0.00 0.00 0
114550 0.00 0.00 0.00 0
114551 0.00 0.00 0.00 0
114552 0.00 0.00 0.00 0
114553 0.00 0.00 0.00 0
114554 0.00 0.00 0.00 0
114555 0.00 0.00 0.00 0
114556 0.00 0.00 0.00 0
114557 0.00 0.00 0.00 0
114558 0.00 0.00 0.00 0
114559 0.00 0.00 0.00 0
114560 0.00 0.00 0.00 0
114561 0.00 0.00 0.00 0
114562 0.00 0.00 0.00 0
114563 0.00 0.00 0.00 0
114564 0.00 0.00 0.00 0
114565 0.00 0.00 0.00 0
114566 0.00 0.00 0.00 0
114567 0.00 0.00 0.00 0
114568 0.00 0.00 0.00 0
114569 0.00 0.00 0.00 0
114570 0.00 0.00 0.00 0
114571 0.00 0.00 0.00 0
114572 0.00 0.00 0.00 0
114573 0.00 0.00 0.00 0
114574 0.00 0.00 0.00 0
114575 0.00 0.00 0.00 0
114576 0.00 0.00 0.00 0
114577 0.00 0.00 0.00 0
114578 0.00 0.00 0.00 0
114579 0.00 0.00 0.00 0
114580 0.00 0.00 0.00 0
114581 0.00 0.00 0.00 0
114582 0.00 0.00 0.00 0
114583 0.00 0.00 0.00 0
114584 0.00 0.00 0.00 0
114585 0.00 0.00 0.00 0
114586 0.00 0.00 0.00 0
114587 0.00 0.00 0.00 0
114588 0.00 0.00 0.00 0
114589 0.00 0.00 0.00 0
114590 0.00 0.00 0.00 0
114591 0.00 0.00 0.00 0
114592 0.00 0.00 0.00 0
114593 0.00 0.00 0.00 0
114599 0.00 0.00 0.00 0
114600 0.00 0.00 0.00 0
114601 0.00 0.00 0.00 0
114602 0.00 0.00 0.00 0
114603 0.00 0.00 0.00 0
114604 0.00 0.00 0.00 0
114605 0.00 0.00 0.00 0
114606 0.00 0.00 0.00 0
114607 0.00 0.00 0.00 0
114608 0.00 0.00 0.00 0
114609 0.00 0.00 0.00 0
114610 0.00 0.00 0.00 0
114611 0.00 0.00 0.00 0
114612 0.00 0.00 0.00 0
114613 0.00 0.00 0.00 0
114614 0.00 0.00 0.00 0
114615 0.00 0.00 0.00 0
114616 0.00 0.00 0.00 0
114617 0.00 0.00 0.00 0
114618 0.00 0.00 0.00 0
114619 0.00 0.00 0.00 0
114620 0.00 0.00 0.00 0
114621 0.00 0.00 0.00 0
114622 0.00 0.00 0.00 0
114623 0.00 0.00 0.00 0
114624 0.00 0.00 0.00 0
114625 0.00 0.00 0.00 0
114626 0.00 0.00 0.00 0
114627 0.00 0.00 0.00 0
114628 0.00 0.00 0.00 0
114629 0.00 0.00 0.00 0
114630 0.00 0.00 0.00 0
114631 0.00 0.00 0.00 0
114632 0.00 0.00 0.00 0
114633 0.00 0.00 0.00 0
114634 0.00 0.00 0.00 0
114638 0.00 0.00 0.00 0
114639 0.00 0.00 0.00 0
114640 0.00 0.00 0.00 0
114641 0.00 0.00 0.00 0
114642 0.00 0.00 0.00 0
114643 0.00 0.00 0.00 0
114644 0.00 0.00 0.00 0
114645 0.00 0.00 0.00 0
114646 0.00 0.00 0.00 0
114647 0.00 0.00 0.00 0
114648 0.00 0.00 0.00 0
114653 0.00 0.00 0.00 0
114654 0.00 0.00 0.00 0
114655 0.00 0.00 0.00 0
114656 0.00 0.00 0.00 0
114657 0.00 0.00 0.00 0
114658 0.00 0.00 0.00 0
114659 0.00 0.00 0.00 0
114660 0.00 0.00 0.00 0
114661 0.00 0.00 0.00 0
114662 0.00 0.00 0.00 0
114663 0.00 0.00 0.00 0
114664 0.00 0.00 0.00 0
114665 0.00 0.00 0.00 0
114666 0.00 0.00 0.00 0
114667 0.00 0.00 0.00 0
114668 0.00 0.00 0.00 0
114669 0.00 0.00 0.00 0
114670 0.00 0.00 0.00 0
114671 0.00 0.00 0.00 0
114672 0.00 0.00 0.00 0
114673 0.00 0.00 0.00 0
114674 0.00 0.00 0.00 0
114675 0.00 0.00 0.00 0
114676 0.00 0.00 0.00 0
114677 0.00 0.00 0.00 0
114678 0.00 0.00 0.00 0
114679 0.00 0.00 0.00 0
114680 0.00 0.00 0.00 0
114681 0.00 0.00 0.00 0
114682 0.00 0.00 0.00 0
114683 0.00 0.00 0.00 0
114684 0.00 0.00 0.00 0
114685 0.00 0.00 0.00 0
114686 0.00 0.00 0.00 0
114687 0.00 0.00 0.00 0
114688 0.00 0.00 0.00 0
114689 0.00 0.00 0.00 0
114690 0.00 0.00 0.00 0
114691 0.00 0.00 0.00 0
114692 0.00 0.00 0.00 0
114693 0.00 0.00 0.00 0
114694 0.00 0.00 0.00 0
114695 0.00 0.00 0.00 0
114696 0.00 0.00 0.00 0
114697 0.00 0.00 0.00 0
114698 0.00 0.00 0.00 0
114699 0.00 0.00 0.00 0
114700 0.00 0.00 0.00 0
116021 0.00 0.00 0.00 0
116022 0.00 0.00 0.00 0
116023 0.00 0.00 0.00 0
116024 0.00 0.00 0.00 0
116025 0.00 0.00 0.00 0
116026 0.00 0.00 0.00 0
116027 0.00 0.00 0.00 0
116028 0.00 0.00 0.00 0
116029 0.00 0.00 0.00 0
116670 0.00 0.00 0.00 0
116671 0.00 0.00 0.00 0
118383 0.00 0.00 0.00 0
118384 0.00 0.00 0.00 0
118385 0.00 0.00 0.00 0
118386 0.00 0.00 0.00 0
118387 0.00 0.00 0.00 0
118388 0.00 0.00 0.00 0
118389 0.00 0.00 0.00 0
118390 0.00 0.00 0.00 0
118391 0.00 0.00 0.00 0
118392 0.00 0.00 0.00 0
118393 0.00 0.00 0.00 0
118394 0.00 0.00 0.00 0
118395 0.00 0.00 0.00 0
118396 0.00 0.00 0.00 0
118397 0.00 0.00 0.00 0
118398 0.00 0.00 0.00 0
118399 0.00 0.00 0.00 0
118400 0.00 0.00 0.00 0
118401 0.00 0.00 0.00 0
118402 0.00 0.00 0.00 0
118403 0.00 0.00 0.00 0
118405 0.00 0.00 0.00 0
118408 0.00 0.00 0.00 0
118410 0.00 0.00 0.00 0
118411 0.00 0.00 0.00 0
118412 0.00 0.00 0.00 0
118413 0.00 0.00 0.00 0
118414 0.00 0.00 0.00 0
120912 0.00 0.00 0.00 0
120913 0.00 0.00 0.00 0
120914 0.00 0.00 0.00 0
120915 0.00 0.00 0.00 0
120916 0.00 0.00 0.00 0
120917 0.00 0.00 0.00 0
120918 0.00 0.00 0.00 0
120919 0.00 0.00 0.00 0
120920 0.00 0.00 0.00 0
120921 0.00 0.00 0.00 0
120922 0.00 0.00 0.00 0
120923 0.00 0.00 0.00 0
121024 0.00 0.00 0.00 0
121030 0.00 0.00 0.00 0
121031 0.00 0.00 0.00 0
121032 0.00 0.00 0.00 0
122951 0.00 0.00 0.00 0
122952 0.00 0.00 0.00 0
122953 0.00 0.00 0.00 0
122954 0.00 0.00 0.00 0
122955 0.00 0.00 0.00 0
122956 0.00 0.00 0.00 0
122957 0.00 0.00 0.00 0
122958 0.00 0.00 0.00 0
122959 0.00 0.00 0.00 0
122960 0.00 0.00 0.00 0
122961 0.00 0.00 0.00 0
122962 0.00 0.00 0.00 0
122963 0.00 0.00 0.00 0
122964 0.00 0.00 0.00 0
122965 0.00 0.00 0.00 0
122966 0.00 0.00 0.00 0
122967 0.00 0.00 0.00 0
122968 0.00 0.00 0.00 0
122969 0.00 0.00 0.00 0
122970 0.00 0.00 0.00 0
122971 0.00 0.00 0.00 0
128116 0.00 0.00 0.00 0
128117 0.00 0.00 0.00 0
128118 0.00 0.00 0.00 0
128119 0.00 0.00 0.00 0
128120 0.00 0.00 0.00 0
128121 0.00 0.00 0.00 0
128122 0.00 0.00 0.00 0
128123 0.00 0.00 0.00 0
128124 0.00 0.00 0.00 0
128125 0.00 0.00 0.00 0
128126 0.00 0.00 0.00 0
128127 0.00 0.00 0.00 0
128128 0.00 0.00 0.00 0
128129 0.00 0.00 0.00 0
128130 0.00 0.00 0.00 0
128131 0.00 0.00 0.00 0
128132 0.00 0.00 0.00 0
128133 0.00 0.00 0.00 0
128134 0.00 0.00 0.00 0
128135 0.00 0.00 0.00 0
128136 0.00 0.00 0.00 0
128137 0.00 0.00 0.00 0
128138 0.00 0.00 0.00 0
128139 0.00 0.00 0.00 0
128140 0.00 0.00 0.00 0
128141 0.00 0.00 0.00 0
128142 0.00 0.00 0.00 0
128143 0.00 0.00 0.00 0
128144 0.00 0.00 0.00 0
128145 0.00 0.00 0.00 0
128146 0.00 0.00 0.00 0
128147 0.00 0.00 0.00 0
128148 0.00 0.00 0.00 0
128149 0.00 0.00 0.00 0
128150 0.00 0.00 0.00 0
128151 0.00 0.00 0.00 0
128152 0.00 0.00 0.00 0
128153 0.00 0.00 0.00 0
128154 0.00 0.00 0.00 0
128155 0.00 0.00 0.00 0
128156 0.00 0.00 0.00 0
128157 0.00 0.00 0.00 0
128158 0.00 0.00 0.00 0
128159 0.00 0.00 0.00 0
128160 0.00 0.00 0.00 0
128161 0.00 0.00 0.00 0
128162 0.00 0.00 0.00 0
128163 0.00 0.00 0.00 0
128164 0.00 0.00 0.00 0
128165 0.00 0.00 0.00 0
128166 0.00 0.00 0.00 0
128167 0.00 0.00 0.00 0
128168 0.00 0.00 0.00 0
128176 0.00 0.00 0.00 0
128177 0.00 0.00 0.00 0
128178 0.00 0.00 0.00 0
128179 0.00 0.00 0.00 0
128180 0.00 0.00 0.00 0
128181 0.00 0.00 0.00 0
128182 0.00 0.00 0.00 0
128183 0.00 0.00 0.00 0
128184 0.00 0.00 0.00 0
128185 0.00 0.00 0.00 0
128186 0.00 0.00 0.00 0
128187 0.00 0.00 0.00 0
128188 0.00 0.00 0.00 0
128189 0.00 0.00 0.00 0
128190 0.00 0.00 0.00 0
128191 0.00 0.00 0.00 0
128192 0.00 0.00 0.00 0
128193 0.00 0.00 0.00 0
128194 0.00 0.00 0.00 0
128195 0.00 0.00 0.00 0
128196 0.00 0.00 0.00 0
128197 0.00 0.00 0.00 0
128198 0.00 0.00 0.00 0
128199 0.00 0.00 0.00 0
128200 0.00 0.00 0.00 0
128211 0.00 0.00 0.00 0
128214 0.00 0.00 0.00 0
128215 0.00 0.00 0.00 0
128216 0.00 0.00 0.00 0
128217 0.00 0.00 0.00 0
128218 0.00 0.00 0.00 0
128219 0.00 0.00 0.00 0
128220 0.00 0.00 0.00 0
128221 0.00 0.00 0.00 0
128222 0.00 0.00 0.00 0
128223 0.00 0.00 0.00 0
128224 0.00 0.00 0.00 0
128225 0.00 0.00 0.00 0
128226 0.00 0.00 0.00 0
128227 0.00 0.00 0.00 0
128228 0.00 0.00 0.00 0
128229 0.00 0.00 0.00 0
128230 0.00 0.00 0.00 0
128231 0.00 0.00 0.00 0
128232 0.00 0.00 0.00 0
128233 0.00 0.00 0.00 0
128234 0.00 0.00 0.00 0
128235 0.00 0.00 0.00 0
128236 0.00 0.00 0.00 0
128237 0.00 0.00 0.00 0
128238 0.00 0.00 0.00 0
128239 0.00 0.00 0.00 0
128240 0.00 0.00 0.00 0
128241 0.00 0.00 0.00 0
128242 0.00 0.00 0.00 0
128243 0.00 0.00 0.00 0
128244 0.00 0.00 0.00 0
128245 0.00 0.00 0.00 0
128246 0.00 0.00 0.00 0
128247 0.00 0.00 0.00 0
128250 0.00 0.00 0.00 0
128251 0.00 0.00 0.00 0
130776 0.00 0.00 0.00 0
130777 0.00 0.00 0.00 0
130778 0.00 0.00 0.00 0
130865 0.00 0.00 0.00 0
130866 0.00 0.00 0.00 0
130867 0.00 0.00 0.00 0
130868 0.00 0.00 0.00 0
130869 0.00 0.00 0.00 0
130870 0.00 0.00 0.00 0
130871 0.00 0.00 0.00 0
130872 0.00 0.00 0.00 0
130873 0.00 0.00 0.00 0
130874 0.00 0.00 0.00 0
130875 0.00 0.00 0.00 0
130876 0.00 0.00 0.00 0
130877 0.00 0.00 0.00 0
130878 0.00 0.00 0.00 0
130879 0.00 0.00 0.00 0
130880 0.00 0.00 0.00 0
130881 0.00 0.00 0.00 0
130882 0.00 0.00 0.00 0
130883 0.00 0.00 0.00 0
130884 0.00 0.00 0.00 0
130885 0.00 0.00 0.00 0
130886 0.00 0.00 0.00 0
130887 0.00 0.00 0.00 0
130888 0.00 0.00 0.00 0
130889 0.00 0.00 0.00 0
130890 0.00 0.00 0.00 0
132613 0.00 0.00 0.00 0
132621 0.00 0.00 0.00 0
132622 0.00 0.00 0.00 0
132623 0.00 0.00 0.00 0
132624 0.00 0.00 0.00 0
132625 0.00 0.00 0.00 0
132626 0.00 0.00 0.00 0
132627 0.00 0.00 0.00 0
132628 0.00 0.00 0.00 0
132629 0.00 0.00 0.00 0
132630 0.00 0.00 0.00 0
132631 0.00 0.00 0.00 0
137277 0.00 0.00 0.00 0
137278 0.00 0.00 0.00 0
137279 0.00 0.00 0.00 0
137280 0.00 0.00 0.00 0
137281 0.00 0.00 0.00 0
137282 0.00 0.00 0.00 0
137283 0.00 0.00 0.00 0
137284 0.00 0.00 0.00 0
137285 0.00 0.00 0.00 0
137286 0.00 0.00 0.00 0
137287 0.00 0.00 0.00 0
137288 0.00 0.00 0.00 0
137289 0.00 0.00 0.00 0
137290 0.00 0.00 0.00 0
137291 0.00 0.00 0.00 0
137292 0.00 0.00 0.00 0
137293 0.00 0.00 0.00 0
137294 0.00 0.00 0.00 0
137295 0.00 0.00 0.00 0
137296 0.00 0.00 0.00 0
137297 0.00 0.00 0.00 0
137298 0.00 0.00 0.00 0
137299 0.00 0.00 0.00 0
137300 0.00 0.00 0.00 0
137301 0.00 0.00 0.00 0
137302 0.00 0.00 0.00 0
137303 0.00 0.00 0.00 0
137304 0.00 0.00 0.00 0
137305 0.00 0.00 0.00 0
137306 0.00 0.00 0.00 0
137307 0.00 0.00 0.00 0
137308 0.00 0.00 0.00 0
137309 0.00 0.00 0.00 0
137310 0.00 0.00 0.00 0
137311 0.00 0.00 0.00 0
137312 0.00 0.00 0.00 0
137313 0.00 0.00 0.00 0
137314 0.00 0.00 0.00 0
137315 0.00 0.00 0.00 0
137316 0.00 0.00 0.00 0
137317 0.00 0.00 0.00 0
137318 0.00 0.00 0.00 0
137319 0.00 0.00 0.00 0
137320 0.00 0.00 0.00 0
137321 0.00 0.00 0.00 0
137322 0.00 0.00 0.00 0
137323 0.00 0.00 0.00 0
137324 0.00 0.00 0.00 0
137325 0.00 0.00 0.00 0
137326 0.00 0.00 0.00 0
137327 0.00 0.00 0.00 0
137328 0.00 0.00 0.00 0
137329 0.00 0.00 0.00 0
137330 0.00 0.00 0.00 0
137331 0.00 0.00 0.00 0
137332 0.00 0.00 0.00 0
137333 0.00 0.00 0.00 0
137336 0.00 0.00 0.00 0
137337 0.00 0.00 0.00 0
137338 0.00 0.00 0.00 0
137339 0.00 0.00 0.00 0
137341 0.00 0.00 0.00 0
137342 0.00 0.00 0.00 0
137343 0.00 0.00 0.00 0
137344 0.00 0.00 0.00 0
137345 0.00 0.00 0.00 0
137346 0.00 0.00 0.00 0
137347 0.00 0.00 0.00 0
137348 0.00 0.00 0.00 0
137349 0.00 0.00 0.00 0
137350 0.00 0.00 0.00 0
137351 0.00 0.00 0.00 0
137352 0.00 0.00 0.00 0
137353 0.00 0.00 0.00 0
137354 0.00 0.00 0.00 0
137355 0.00 0.00 0.00 0
137356 0.00 0.00 0.00 0
137357 0.00 0.00 0.00 0
137358 0.00 0.00 0.00 0
137359 0.00 0.00 0.00 0
137360 0.00 0.00 0.00 0
137361 0.00 0.00 0.00 0
137362 0.00 0.00 0.00 0
137390 0.00 0.00 0.00 0
137391 0.00 0.00 0.00 0
137392 0.00 0.00 0.00 0
137393 0.00 0.00 0.00 0
137394 0.00 0.00 0.00 0
137395 0.00 0.00 0.00 0
137396 0.00 0.00 0.00 0
137397 0.00 0.00 0.00 0
137398 0.00 0.00 0.00 0
137399 0.00 0.00 0.00 0
137400 0.00 0.00 0.00 0
137401 0.00 0.00 0.00 0
137404 0.00 0.00 0.00 0
137406 0.00 0.00 0.00 0
137407 0.00 0.00 0.00 0
137408 0.00 0.00 0.00 0
137409 0.00 0.00 0.00 0
137410 0.00 0.00 0.00 0
137411 0.00 0.00 0.00 0
137412 0.00 0.00 0.00 0
137413 0.00 0.00 0.00 0
137414 0.00 0.00 0.00 0
137415 0.00 0.00 0.00 0
143892 0.00 0.00 0.00 0
143893 0.00 0.00 0.00 0
143894 0.00 0.00 0.00 0
143919 0.00 0.00 0.00 0
143920 0.00 0.00 0.00 0
143921 0.00 0.00 0.00 0
143922 0.00 0.00 0.00 0
143923 0.00 0.00 0.00 0
143924 0.00 0.00 0.00 0
143925 0.00 0.00 0.00 0
143926 0.00 0.00 0.00 0
143927 0.00 0.00 0.00 0
143928 0.00 0.00 0.00 0
143929 0.00 0.00 0.00 0
143930 0.00 0.00 0.00 0
143931 0.00 0.00 0.00 0
143932 0.00 0.00 0.00 0
143933 0.00 0.00 0.00 0
143934 0.00 0.00 0.00 0
143935 0.00 0.00 0.00 0
143936 0.00 0.00 0.00 0
143937 0.00 0.00 0.00 0
143938 0.00 0.00 0.00 0
143939 0.00 0.00 0.00 0
143940 0.00 0.00 0.00 0
143941 0.00 0.00 0.00 0
143942 0.00 0.00 0.00 0
143943 0.00 0.00 0.00 0
143944 0.00 0.00 0.00 0
143945 0.00 0.00 0.00 0
143946 0.00 0.00 0.00 0
143947 0.00 0.00 0.00 0
143948 0.00 0.00 0.00 0
144226 0.00 0.00 0.00 0
144227 0.00 0.00 0.00 0
144228 0.00 0.00 0.00 0
144229 0.00 0.00 0.00 0
144230 0.00 0.00 0.00 0
144235 0.00 0.00 0.00 0
144242 0.00 0.00 0.00 0
148843 0.00 0.00 0.00 0
148844 0.00 0.00 0.00 0
148924 0.00 0.00 0.00 0
148925 0.00 0.00 0.00 0
149196 0.00 0.00 0.00 0
149197 0.00 0.00 0.00 0
149207 0.00 0.00 0.00 0
149210 0.00 0.00 0.00 0
149211 0.00 0.00 0.00 0
149218 0.00 0.00 0.00 0
149219 0.00 0.00 0.00 0
149220 0.00 0.00 0.00 0
149221 0.00 0.00 0.00 0
149222 0.00 0.00 0.00 0
149223 0.00 0.00 0.00 0
149224 0.00 0.00 0.00 0
149225 0.00 0.00 0.00 0
149226 0.00 0.00 0.00 0
149227 0.00 0.00 0.00 0
149228 0.00 0.00 0.00 0
149229 0.00 0.00 0.00 0
149230 0.00 0.00 0.00 0
149231 0.00 0.00 0.00 0
149232 0.00 0.00 0.00 0
149233 0.00 0.00 0.00 0
149234 0.00 0.00 0.00 0
149235 0.00 0.00 0.00 0
149236 0.00 0.00 0.00 0
149237 0.00 0.00 0.00 0
149238 0.00 0.00 0.00 0
149239 0.00 0.00 0.00 0
149240 0.00 0.00 0.00 0
149241 0.00 0.00 0.00 0
149242 0.00 0.00 0.00 0
149243 0.00 0.00 0.00 0
149244 0.00 0.00 0.00 0
149245 0.00 0.00 0.00 0
149246 0.00 0.00 0.00 0
149247 0.00 0.00 0.00 0
149248 0.00 0.00 0.00 0
149249 0.00 0.00 0.00 0
149250 0.00 0.00 0.00 0
149251 0.00 0.00 0.00 0
162493 0.00 0.00 0.00 0
162494 0.00 0.00 0.00 0
162495 0.00 0.00 0.00 0
162496 0.00 0.00 0.00 0
162497 0.00 0.00 0.00 0
162498 0.00 0.00 0.00 0
162499 0.00 0.00 0.00 0
162500 0.00 0.00 0.00 0
162501 0.00 0.00 0.00 0
162502 0.00 0.00 0.00 0
162503 0.00 0.00 0.00 0
162504 0.00 0.00 0.00 0
162505 0.00 0.00 0.00 0
162506 0.00 0.00 0.00 0
162507 0.00 0.00 0.00 0
162508 0.00 0.00 0.00 0
162509 0.00 0.00 0.00 0
162529 0.00 0.00 0.00 0
162530 0.00 0.00 0.00 0
162531 0.00 0.00 0.00 0
162532 0.00 0.00 0.00 0
162533 0.00 0.00 0.00 0
162549 0.00 0.00 0.00 0
162550 0.00 0.00 0.00 0
162551 0.00 0.00 0.00 0
162552 0.00 0.00 0.00 0
162553 0.00 0.00 0.00 0
162554 0.00 0.00 0.00 0
162555 0.00 0.00 0.00 0
162556 0.00 0.00 0.00 0
162557 0.00 0.00 0.00 0
162558 0.00 0.00 0.00 0
162559 0.00 0.00 0.00 0
162560 0.00 0.00 0.00 0
162561 0.00 0.00 0.00 0
162562 0.00 0.00 0.00 0
162563 0.00 0.00 0.00 0
162564 0.00 0.00 0.00 0
162565 0.00 0.00 0.00 0
162566 0.00 0.00 0.00 0
162567 0.00 0.00 0.00 0
162568 0.00 0.00 0.00 0
162569 0.00 0.00 0.00 0
162570 0.00 0.00 0.00 0
162571 0.00 0.00 0.00 0
162572 0.00 0.00 0.00 0
162573 0.00 0.00 0.00 0
162574 0.00 0.00 0.00 0
162575 0.00 0.00 0.00 0
162576 0.00 0.00 0.00 0
162577 0.00 0.00 0.00 0
162578 0.00 0.00 0.00 0
162579 0.00 0.00 0.00 0
162580 0.00 0.00 0.00 0
162581 0.00 0.00 0.00 0
162582 0.00 0.00 0.00 0
162583 0.00 0.00 0.00 0
162584 0.00 0.00 0.00 0
162585 0.00 0.00 0.00 0
162586 0.00 0.00 0.00 0
162587 0.00 0.00 0.00 0
162588 0.00 0.00 0.00 0
162589 0.00 0.00 0.00 0
162590 0.00 0.00 0.00 0
162591 0.00 0.00 0.00 0
162592 0.00 0.00 0.00 0
162593 0.00 0.00 0.00 0
162594 0.00 0.00 0.00 0
162595 0.00 0.00 0.00 0
162596 0.00 0.00 0.00 0
162597 0.00 0.00 0.00 0
162598 0.00 0.00 0.00 0
162599 0.00 0.00 0.00 0
162600 0.00 0.00 0.00 0
162601 0.00 0.00 0.00 0
162602 0.00 0.00 0.00 0
162603 0.00 0.00 0.00 0
162604 0.00 0.00 0.00 0
162605 0.00 0.00 0.00 0
162606 0.00 0.00 0.00 0
162607 0.00 0.00 0.00 0
162608 0.00 0.00 0.00 0
162609 0.00 0.00 0.00 0
162610 0.00 0.00 0.00 0
162611 0.00 0.00 0.00 0
162612 0.00 0.00 0.00 0
162613 0.00 0.00 0.00 0
162614 0.00 0.00 0.00 0
162615 0.00 0.00 0.00 0
162616 0.00 0.00 0.00 0
162617 0.00 0.00 0.00 0
162618 0.00 0.00 0.00 0
162619 0.00 0.00 0.00 0
162620 0.00 0.00 0.00 0
162621 0.00 0.00 0.00 0
162622 0.00 0.00 0.00 0
162623 0.00 0.00 0.00 0
162624 0.00 0.00 0.00 0
162625 0.00 0.00 0.00 0
162626 0.00 0.00 0.00 0
162627 0.00 0.00 0.00 0
162640 0.00 0.00 0.00 0
162641 0.00 0.00 0.00 0
162648 0.00 0.00 0.00 0
162649 0.00 0.00 0.00 0
162650 0.00 0.00 0.00 0
162651 0.00 0.00 0.00 0
162652 0.00 0.00 0.00 0
162653 0.00 0.00 0.00 0
162654 0.00 0.00 0.00 0
162656 0.00 0.00 0.00 0
162657 0.00 0.00 0.00 0
162658 0.00 0.00 0.00 0
162659 0.00 0.00 0.00 0
162660 0.00 0.00 0.00 0
162661 0.00 0.00 0.00 0
162662 0.00 0.00 0.00 0
162663 0.00 0.00 0.00 0
162664 0.00 0.00 0.00 0
162665 0.00 0.00 0.00 0
162666 0.00 0.00 0.00 0
162667 0.00 0.00 0.00 0
162668 0.00 0.00 0.00 0
162669 0.00 0.00 0.00 0
162670 0.00 0.00 0.00 0
162671 0.00 0.00 0.00 0
162672 0.00 0.00 0.00 0
162673 0.00 0.00 0.00 0
162674 0.00 0.00 0.00 0
162675 0.00 0.00 0.00 0
162676 0.00 0.00 0.00 0
162677 0.00 0.00 0.00 0
162678 0.00 0.00 0.00 0
162679 0.00 0.00 0.00 0
162680 0.00 0.00 0.00 0
162681 0.00 0.00 0.00 0
162682 0.00 0.00 0.00 0
162683 0.00 0.00 0.00 0
162684 0.00 0.00 0.00 0
162685 0.00 0.00 0.00 0
162686 0.00 0.00 0.00 0
162687 0.00 0.00 0.00 0
162688 0.00 0.00 0.00 0
162689 0.00 0.00 0.00 0
162690 0.00 0.00 0.00 0
162691 0.00 0.00 0.00 0
162692 0.00 0.00 0.00 0
162693 0.00 0.00 0.00 0
162694 0.00 0.00 0.00 0
162695 0.00 0.00 0.00 0
162696 0.00 0.00 0.00 0
162697 0.00 0.00 0.00 0
162698 0.00 0.00 0.00 0
162699 0.00 0.00 0.00 0
162700 0.00 0.00 0.00 0
162701 0.00 0.00 0.00 0
162702 0.00 0.00 0.00 0
162703 0.00 0.00 0.00 0
162704 0.00 0.00 0.00 0
162705 0.00 0.00 0.00 0
162706 0.00 0.00 0.00 0
162707 0.00 0.00 0.00 0
162708 0.00 0.00 0.00 0
162710 0.00 0.00 0.00 0
162711 0.00 0.00 0.00 0
162712 0.00 0.00 0.00 0
162713 0.00 0.00 0.00 0
162714 0.00 0.00 0.00 0
162715 0.00 0.00 0.00 0
162716 0.00 0.00 0.00 0
162717 0.00 0.00 0.00 0
162719 0.00 0.00 0.00 0
162720 0.00 0.00 0.00 0
162721 0.00 0.00 0.00 0
162722 0.00 0.00 0.00 0
162723 0.00 0.00 0.00 0
162724 0.00 0.00 0.00 0
162725 0.00 0.00 0.00 0
162726 0.00 0.00 0.00 0
162727 0.00 0.00 0.00 0
162728 0.00 0.00 0.00 0
162729 0.00 0.00 0.00 0
162730 0.00 0.00 0.00 0
162731 0.00 0.00 0.00 0
162732 0.00 0.00 0.00 0
162733 0.00 0.00 0.00 0
162734 0.00 0.00 0.00 0
162735 0.00 0.00 0.00 0
162743 0.00 0.00 0.00 0
162744 0.00 0.00 0.00 0
162745 0.00 0.00 0.00 0
162746 0.00 0.00 0.00 0
162747 0.00 0.00 0.00 0
162748 0.00 0.00 0.00 0
162749 0.00 0.00 0.00 0
162750 0.00 0.00 0.00 0
162751 0.00 0.00 0.00 0
162752 0.00 0.00 0.00 0
162753 0.00 0.00 0.00 0
162754 0.00 0.00 0.00 0
162755 0.00 0.00 0.00 0
162756 0.00 0.00 0.00 0
162757 0.00 0.00 0.00 0
162758 0.00 0.00 0.00 0
162759 0.00 0.00 0.00 0
162760 0.00 0.00 0.00 0
162761 0.00 0.00 0.00 0
162762 0.00 0.00 0.00 0
162763 0.00 0.00 0.00 0
162764 0.00 0.00 0.00 0
162765 0.00 0.00 0.00 0
162766 0.00 0.00 0.00 0
162767 0.00 0.00 0.00 0
162768 0.00 0.00 0.00 0
162769 0.00 0.00 0.00 0
162770 0.00 0.00 0.00 0
162771 0.00 0.00 0.00 0
162772 0.00 0.00 0.00 0
162773 0.00 0.00 0.00 0
162774 0.00 0.00 0.00 0
162775 0.00 0.00 0.00 0
162776 0.00 0.00 0.00 0
162777 0.00 0.00 0.00 0
162778 0.00 0.00 0.00 0
162779 0.00 0.00 0.00 0
162780 0.00 0.00 0.00 0
162781 0.00 0.00 0.00 0
162782 0.00 0.00 0.00 0
162783 0.00 0.00 0.00 0
162784 0.00 0.00 0.00 0
162785 0.00 0.00 0.00 0
162786 0.00 0.00 0.00 0
162787 0.00 0.00 0.00 0
162788 0.00 0.00 0.00 0
162789 0.00 0.00 0.00 0
162790 0.00 0.00 0.00 0
162791 0.00 0.00 0.00 0
162792 0.00 0.00 0.00 0
162793 0.00 0.00 0.00 0
162794 0.00 0.00 0.00 0
162795 0.00 0.00 0.00 0
162796 0.00 0.00 0.00 0
162797 0.00 0.00 0.00 0
162798 0.00 0.00 0.00 0
162799 0.00 0.00 0.00 0
162800 0.00 0.00 0.00 0
162801 0.00 0.00 0.00 0
162802 0.00 0.00 0.00 0
162803 0.00 0.00 0.00 0
162804 0.00 0.00 0.00 0
162805 0.00 0.00 0.00 0
162806 0.00 0.00 0.00 0
162807 0.00 0.00 0.00 0
162808 0.00 0.00 0.00 0
162809 0.00 0.00 0.00 0
162810 0.00 0.00 0.00 0
162811 0.00 0.00 0.00 0
162812 0.00 0.00 0.00 0
162813 0.00 0.00 0.00 0
162814 0.00 0.00 0.00 0
162815 0.00 0.00 0.00 0
162817 0.00 0.00 0.00 0
162818 0.00 0.00 0.00 0
162819 0.00 0.00 0.00 0
162820 0.00 0.00 0.00 0
162821 0.00 0.00 0.00 0
162822 0.00 0.00 0.00 0
162823 0.00 0.00 0.00 0
162824 0.00 0.00 0.00 0
162825 0.00 0.00 0.00 0
162826 0.00 0.00 0.00 0
162827 0.00 0.00 0.00 0
162828 0.00 0.00 0.00 0
162829 0.00 0.00 0.00 0
162830 0.00 0.00 0.00 0
162831 0.00 0.00 0.00 0
162832 0.00 0.00 0.00 0
162833 0.00 0.00 0.00 0
162834 0.00 0.00 0.00 0
162835 0.00 0.00 0.00 0
162836 0.00 0.00 0.00 0
162837 0.00 0.00 0.00 0
162838 0.00 0.00 0.00 0
162839 0.00 0.00 0.00 0
162840 0.00 0.00 0.00 0
162844 0.00 0.00 0.00 0
162845 0.00 0.00 0.00 0
162846 0.00 0.00 0.00 0
162849 0.00 0.00 0.00 0
162850 0.00 0.00 0.00 0
162851 0.00 0.00 0.00 0
162852 0.00 0.00 0.00 0
162860 0.00 0.00 0.00 0
162861 0.00 0.00 0.00 0
162862 0.00 0.00 0.00 0
162863 0.00 0.00 0.00 0
162864 0.00 0.00 0.00 0
162866 0.00 0.00 0.00 0
162867 0.00 0.00 0.00 0
162868 0.00 0.00 0.00 0
162869 0.00 0.00 0.00 0
162870 0.00 0.00 0.00 0
