# G_occipital_middle
2060
130 0.00 0.00 0.00 0
135 0.00 0.00 0.00 0
136 0.00 0.00 0.00 0
206 0.00 0.00 0.00 0
208 0.00 0.00 0.00 0
298 0.00 0.00 0.00 0
305 0.00 0.00 0.00 0
551 0.00 0.00 0.00 0
552 0.00 0.00 0.00 0
566 0.00 0.00 0.00 0
687 0.00 0.00 0.00 0
688 0.00 0.00 0.00 0
1215 0.00 0.00 0.00 0
1216 0.00 0.00 0.00 0
1250 0.00 0.00 0.00 0
1254 0.00 0.00 0.00 0
1255 0.00 0.00 0.00 0
1256 0.00 0.00 0.00 0
1277 0.00 0.00 0.00 0
1374 0.00 0.00 0.00 0
1665 0.00 0.00 0.00 0
1687 0.00 0.00 0.00 0
1688 0.00 0.00 0.00 0
1689 0.00 0.00 0.00 0
1704 0.00 0.00 0.00 0
2291 0.00 0.00 0.00 0
2292 0.00 0.00 0.00 0
2293 0.00 0.00 0.00 0
2295 0.00 0.00 0.00 0
2338 0.00 0.00 0.00 0
2339 0.00 0.00 0.00 0
2340 0.00 0.00 0.00 0
2482 0.00 0.00 0.00 0
2608 0.00 0.00 0.00 0
3135 0.00 0.00 0.00 0
3136 0.00 0.00 0.00 0
3168 0.00 0.00 0.00 0
3169 0.00 0.00 0.00 0
3170 0.00 0.00 0.00 0
3171 0.00 0.00 0.00 0
3172 0.00 0.00 0.00 0
3173 0.00 0.00 0.00 0
3174 0.00 0.00 0.00 0
3175 0.00 0.00 0.00 0
3197 0.00 0.00 0.00 0
3499 0.00 0.00 0.00 0
3773 0.00 0.00 0.00 0
3800 0.00 0.00 0.00 0
5085 0.00 0.00 0.00 0
5086 0.00 0.00 0.00 0
5087 0.00 0.00 0.00 0
5088 0.00 0.00 0.00 0
5089 0.00 0.00 0.00 0
5204 0.00 0.00 0.00 0
5205 0.00 0.00 0.00 0
5206 0.00 0.00 0.00 0
5207 0.00 0.00 0.00 0
5208 0.00 0.00 0.00 0
5209 0.00 0.00 0.00 0
5210 0.00 0.00 0.00 0
5211 0.00 0.00 0.00 0
5558 0.00 0.00 0.00 0
5559 0.00 0.00 0.00 0
5560 0.00 0.00 0.00 0
5561 0.00 0.00 0.00 0
5842 0.00 0.00 0.00 0
5843 0.00 0.00 0.00 0
5845 0.00 0.00 0.00 0
5846 0.00 0.00 0.00 0
6795 0.00 0.00 0.00 0
6796 0.00 0.00 0.00 0
6797 0.00 0.00 0.00 0
6798 0.00 0.00 0.00 0
6865 0.00 0.00 0.00 0
6866 0.00 0.00 0.00 0
6867 0.00 0.00 0.00 0
6868 0.00 0.00 0.00 0
6869 0.00 0.00 0.00 0
6870 0.00 0.00 0.00 0
6907 0.00 0.00 0.00 0
6908 0.00 0.00 0.00 0
6909 0.00 0.00 0.00 0
7080 0.00 0.00 0.00 0
7724 0.00 0.00 0.00 0
7725 0.00 0.00 0.00 0
7726 0.00 0.00 0.00 0
7776 0.00 0.00 0.00 0
7777 0.00 0.00 0.00 0
7778 0.00 0.00 0.00 0
7779 0.00 0.00 0.00 0
7780 0.00 0.00 0.00 0
7781 0.00 0.00 0.00 0
7783 0.00 0.00 0.00 0
7784 0.00 0.00 0.00 0
7785 0.00 0.00 0.00 0
7786 0.00 0.00 0.00 0
7812 0.00 0.00 0.00 0
7816 0.00 0.00 0.00 0
7817 0.00 0.00 0.00 0
7818 0.00 0.00 0.00 0
9430 0.00 0.00 0.00 0
9431 0.00 0.00 0.00 0
9432 0.00 0.00 0.00 0
9433 0.00 0.00 0.00 0
9434 0.00 0.00 0.00 0
9435 0.00 0.00 0.00 0
9436 0.00 0.00 0.00 0
9437 0.00 0.00 0.00 0
9441 0.00 0.00 0.00 0
9442 0.00 0.00 0.00 0
9443 0.00 0.00 0.00 0
9445 0.00 0.00 0.00 0
9446 0.00 0.00 0.00 0
9573 0.00 0.00 0.00 0
9574 0.00 0.00 0.00 0
9575 0.00 0.00 0.00 0
9576 0.00 0.00 0.00 0
9577 0.00 0.00 0.00 0
9578 0.00 0.00 0.00 0
9579 0.00 0.00 0.00 0
9580 0.00 0.00 0.00 0
9581 0.00 0.00 0.00 0
9582 0.00 0.00 0.00 0
9669 0.00 0.00 0.00 0
10000 0.00 0.00 0.00 0
10001 0.00 0.00 0.00 0
10002 0.00 0.00 0.00 0
10003 0.00 0.00 0.00 0
10004 0.00 0.00 0.00 0
10288 0.00 0.00 0.00 0
10815 0.00 0.00 0.00 0
10816 0.00 0.00 0.00 0
10848 0.00 0.00 0.00 0
10849 0.00 0.00 0.00 0
10850 0.00 0.00 0.00 0
10851 0.00 0.00 0.00 0
10852 0.00 0.00 0.00 0
10853 0.00 0.00 0.00 0
10854 0.00 0.00 0.00 0
10855 0.00 0.00 0.00 0
10877 0.00 0.00 0.00 0
10878 0.00 0.00 0.00 0
11176 0.00 0.00 0.00 0
11178 0.00 0.00 0.00 0
11179 0.00 0.00 0.00 0
11180 0.00 0.00 0.00 0
11181 0.00 0.00 0.00 0
12765 0.00 0.00 0.00 0
12766 0.00 0.00 0.00 0
12767 0.00 0.00 0.00 0
12768 0.00 0.00 0.00 0
12769 0.00 0.00 0.00 0
12770 0.00 0.00 0.00 0
12771 0.00 0.00 0.00 0
12880 0.00 0.00 0.00 0
12882 0.00 0.00 0.00 0
12883 0.00 0.00 0.00 0
12884 0.00 0.00 0.00 0
12885 0.00 0.00 0.00 0
12886 0.00 0.00 0.00 0
12887 0.00 0.00 0.00 0
12889 0.00 0.00 0.00 0
12891 0.00 0.00 0.00 0
13238 0.00 0.00 0.00 0
13239 0.00 0.00 0.00 0
13240 0.00 0.00 0.00 0
13581 0.00 0.00 0.00 0
13582 0.00 0.00 0.00 0
13583 0.00 0.00 0.00 0
15165 0.00 0.00 0.00 0
15166 0.00 0.00 0.00 0
15167 0.00 0.00 0.00 0
15168 0.00 0.00 0.00 0
15169 0.00 0.00 0.00 0
15170 0.00 0.00 0.00 0
15171 0.00 0.00 0.00 0
15266 0.00 0.00 0.00 0
15267 0.00 0.00 0.00 0
15268 0.00 0.00 0.00 0
15270 0.00 0.00 0.00 0
15272 0.00 0.00 0.00 0
15273 0.00 0.00 0.00 0
15274 0.00 0.00 0.00 0
15280 0.00 0.00 0.00 0
15281 0.00 0.00 0.00 0
15282 0.00 0.00 0.00 0
15283 0.00 0.00 0.00 0
15284 0.00 0.00 0.00 0
15285 0.00 0.00 0.00 0
15286 0.00 0.00 0.00 0
15287 0.00 0.00 0.00 0
15289 0.00 0.00 0.00 0
15352 0.00 0.00 0.00 0
15353 0.00 0.00 0.00 0
15354 0.00 0.00 0.00 0
16254 0.00 0.00 0.00 0
16256 0.00 0.00 0.00 0
16965 0.00 0.00 0.00 0
17075 0.00 0.00 0.00 0
17076 0.00 0.00 0.00 0
17077 0.00 0.00 0.00 0
17078 0.00 0.00 0.00 0
17079 0.00 0.00 0.00 0
17080 0.00 0.00 0.00 0
17081 0.00 0.00 0.00 0
17082 0.00 0.00 0.00 0
17083 0.00 0.00 0.00 0
17084 0.00 0.00 0.00 0
17091 0.00 0.00 0.00 0
17093 0.00 0.00 0.00 0
17098 0.00 0.00 0.00 0
17160 0.00 0.00 0.00 0
17161 0.00 0.00 0.00 0
17162 0.00 0.00 0.00 0
17163 0.00 0.00 0.00 0
17164 0.00 0.00 0.00 0
17165 0.00 0.00 0.00 0
17166 0.00 0.00 0.00 0
21014 0.00 0.00 0.00 0
21015 0.00 0.00 0.00 0
21016 0.00 0.00 0.00 0
21017 0.00 0.00 0.00 0
21018 0.00 0.00 0.00 0
21019 0.00 0.00 0.00 0
21020 0.00 0.00 0.00 0
21021 0.00 0.00 0.00 0
21022 0.00 0.00 0.00 0
21023 0.00 0.00 0.00 0
21024 0.00 0.00 0.00 0
21025 0.00 0.00 0.00 0
21026 0.00 0.00 0.00 0
21027 0.00 0.00 0.00 0
21028 0.00 0.00 0.00 0
21029 0.00 0.00 0.00 0
21030 0.00 0.00 0.00 0
21031 0.00 0.00 0.00 0
21037 0.00 0.00 0.00 0
21038 0.00 0.00 0.00 0
21039 0.00 0.00 0.00 0
21040 0.00 0.00 0.00 0
21041 0.00 0.00 0.00 0
21042 0.00 0.00 0.00 0
21043 0.00 0.00 0.00 0
21044 0.00 0.00 0.00 0
21051 0.00 0.00 0.00 0
21370 0.00 0.00 0.00 0
21371 0.00 0.00 0.00 0
21372 0.00 0.00 0.00 0
21373 0.00 0.00 0.00 0
21374 0.00 0.00 0.00 0
21375 0.00 0.00 0.00 0
21376 0.00 0.00 0.00 0
21377 0.00 0.00 0.00 0
21378 0.00 0.00 0.00 0
21379 0.00 0.00 0.00 0
21380 0.00 0.00 0.00 0
21381 0.00 0.00 0.00 0
21382 0.00 0.00 0.00 0
21383 0.00 0.00 0.00 0
21384 0.00 0.00 0.00 0
21385 0.00 0.00 0.00 0
21386 0.00 0.00 0.00 0
21387 0.00 0.00 0.00 0
21388 0.00 0.00 0.00 0
21389 0.00 0.00 0.00 0
21390 0.00 0.00 0.00 0
21391 0.00 0.00 0.00 0
21392 0.00 0.00 0.00 0
21394 0.00 0.00 0.00 0
21396 0.00 0.00 0.00 0
21606 0.00 0.00 0.00 0
22433 0.00 0.00 0.00 0
22434 0.00 0.00 0.00 0
22435 0.00 0.00 0.00 0
22436 0.00 0.00 0.00 0
22437 0.00 0.00 0.00 0
22438 0.00 0.00 0.00 0
22439 0.00 0.00 0.00 0
22440 0.00 0.00 0.00 0
22441 0.00 0.00 0.00 0
22442 0.00 0.00 0.00 0
22443 0.00 0.00 0.00 0
24075 0.00 0.00 0.00 0
24076 0.00 0.00 0.00 0
24077 0.00 0.00 0.00 0
24078 0.00 0.00 0.00 0
24136 0.00 0.00 0.00 0
24137 0.00 0.00 0.00 0
24138 0.00 0.00 0.00 0
24139 0.00 0.00 0.00 0
24140 0.00 0.00 0.00 0
24141 0.00 0.00 0.00 0
24142 0.00 0.00 0.00 0
24143 0.00 0.00 0.00 0
24144 0.00 0.00 0.00 0
24145 0.00 0.00 0.00 0
24146 0.00 0.00 0.00 0
24147 0.00 0.00 0.00 0
24148 0.00 0.00 0.00 0
24187 0.00 0.00 0.00 0
24188 0.00 0.00 0.00 0
24189 0.00 0.00 0.00 0
24729 0.00 0.00 0.00 0
25222 0.00 0.00 0.00 0
25223 0.00 0.00 0.00 0
27585 0.00 0.00 0.00 0
27586 0.00 0.00 0.00 0
27587 0.00 0.00 0.00 0
27588 0.00 0.00 0.00 0
27589 0.00 0.00 0.00 0
27590 0.00 0.00 0.00 0
27591 0.00 0.00 0.00 0
27592 0.00 0.00 0.00 0
27593 0.00 0.00 0.00 0
27594 0.00 0.00 0.00 0
27595 0.00 0.00 0.00 0
27799 0.00 0.00 0.00 0
27800 0.00 0.00 0.00 0
27801 0.00 0.00 0.00 0
27802 0.00 0.00 0.00 0
27803 0.00 0.00 0.00 0
27804 0.00 0.00 0.00 0
27805 0.00 0.00 0.00 0
27806 0.00 0.00 0.00 0
27807 0.00 0.00 0.00 0
27808 0.00 0.00 0.00 0
27809 0.00 0.00 0.00 0
27810 0.00 0.00 0.00 0
27811 0.00 0.00 0.00 0
27812 0.00 0.00 0.00 0
28436 0.00 0.00 0.00 0
28437 0.00 0.00 0.00 0
28438 0.00 0.00 0.00 0
28439 0.00 0.00 0.00 0
28440 0.00 0.00 0.00 0
28441 0.00 0.00 0.00 0
28442 0.00 0.00 0.00 0
28990 0.00 0.00 0.00 0
28991 0.00 0.00 0.00 0
28992 0.00 0.00 0.00 0
28993 0.00 0.00 0.00 0
28997 0.00 0.00 0.00 0
28998 0.00 0.00 0.00 0
28999 0.00 0.00 0.00 0
29000 0.00 0.00 0.00 0
31215 0.00 0.00 0.00 0
31216 0.00 0.00 0.00 0
31217 0.00 0.00 0.00 0
31218 0.00 0.00 0.00 0
31219 0.00 0.00 0.00 0
31220 0.00 0.00 0.00 0
31221 0.00 0.00 0.00 0
31222 0.00 0.00 0.00 0
31223 0.00 0.00 0.00 0
31224 0.00 0.00 0.00 0
31367 0.00 0.00 0.00 0
31377 0.00 0.00 0.00 0
31380 0.00 0.00 0.00 0
31381 0.00 0.00 0.00 0
31382 0.00 0.00 0.00 0
31383 0.00 0.00 0.00 0
31384 0.00 0.00 0.00 0
31385 0.00 0.00 0.00 0
31386 0.00 0.00 0.00 0
31387 0.00 0.00 0.00 0
31388 0.00 0.00 0.00 0
31389 0.00 0.00 0.00 0
31390 0.00 0.00 0.00 0
31391 0.00 0.00 0.00 0
31477 0.00 0.00 0.00 0
31478 0.00 0.00 0.00 0
31479 0.00 0.00 0.00 0
31480 0.00 0.00 0.00 0
31482 0.00 0.00 0.00 0
31877 0.00 0.00 0.00 0
31878 0.00 0.00 0.00 0
31879 0.00 0.00 0.00 0
31880 0.00 0.00 0.00 0
31881 0.00 0.00 0.00 0
31886 0.00 0.00 0.00 0
32688 0.00 0.00 0.00 0
33584 0.00 0.00 0.00 0
33585 0.00 0.00 0.00 0
33586 0.00 0.00 0.00 0
33587 0.00 0.00 0.00 0
33588 0.00 0.00 0.00 0
33725 0.00 0.00 0.00 0
33726 0.00 0.00 0.00 0
33727 0.00 0.00 0.00 0
33728 0.00 0.00 0.00 0
33729 0.00 0.00 0.00 0
33730 0.00 0.00 0.00 0
33731 0.00 0.00 0.00 0
33732 0.00 0.00 0.00 0
33733 0.00 0.00 0.00 0
33734 0.00 0.00 0.00 0
33735 0.00 0.00 0.00 0
33736 0.00 0.00 0.00 0
33737 0.00 0.00 0.00 0
33743 0.00 0.00 0.00 0
33744 0.00 0.00 0.00 0
33745 0.00 0.00 0.00 0
33746 0.00 0.00 0.00 0
33747 0.00 0.00 0.00 0
33748 0.00 0.00 0.00 0
33749 0.00 0.00 0.00 0
33750 0.00 0.00 0.00 0
33751 0.00 0.00 0.00 0
33752 0.00 0.00 0.00 0
33753 0.00 0.00 0.00 0
33754 0.00 0.00 0.00 0
33822 0.00 0.00 0.00 0
33830 0.00 0.00 0.00 0
33831 0.00 0.00 0.00 0
33833 0.00 0.00 0.00 0
33834 0.00 0.00 0.00 0
33835 0.00 0.00 0.00 0
33836 0.00 0.00 0.00 0
33837 0.00 0.00 0.00 0
33838 0.00 0.00 0.00 0
33839 0.00 0.00 0.00 0
33840 0.00 0.00 0.00 0
38530 0.00 0.00 0.00 0
38531 0.00 0.00 0.00 0
38532 0.00 0.00 0.00 0
38533 0.00 0.00 0.00 0
38534 0.00 0.00 0.00 0
38535 0.00 0.00 0.00 0
38536 0.00 0.00 0.00 0
38537 0.00 0.00 0.00 0
38538 0.00 0.00 0.00 0
38539 0.00 0.00 0.00 0
38540 0.00 0.00 0.00 0
38541 0.00 0.00 0.00 0
38542 0.00 0.00 0.00 0
38543 0.00 0.00 0.00 0
38544 0.00 0.00 0.00 0
38545 0.00 0.00 0.00 0
38546 0.00 0.00 0.00 0
38547 0.00 0.00 0.00 0
38548 0.00 0.00 0.00 0
38549 0.00 0.00 0.00 0
38550 0.00 0.00 0.00 0
38559 0.00 0.00 0.00 0
38560 0.00 0.00 0.00 0
38561 0.00 0.00 0.00 0
38562 0.00 0.00 0.00 0
38563 0.00 0.00 0.00 0
38564 0.00 0.00 0.00 0
38565 0.00 0.00 0.00 0
38566 0.00 0.00 0.00 0
38567 0.00 0.00 0.00 0
38570 0.00 0.00 0.00 0
38572 0.00 0.00 0.00 0
38573 0.00 0.00 0.00 0
38574 0.00 0.00 0.00 0
38575 0.00 0.00 0.00 0
38576 0.00 0.00 0.00 0
38958 0.00 0.00 0.00 0
38959 0.00 0.00 0.00 0
38960 0.00 0.00 0.00 0
38961 0.00 0.00 0.00 0
38962 0.00 0.00 0.00 0
38963 0.00 0.00 0.00 0
38964 0.00 0.00 0.00 0
38965 0.00 0.00 0.00 0
38966 0.00 0.00 0.00 0
38967 0.00 0.00 0.00 0
38968 0.00 0.00 0.00 0
38969 0.00 0.00 0.00 0
38970 0.00 0.00 0.00 0
38971 0.00 0.00 0.00 0
38972 0.00 0.00 0.00 0
38973 0.00 0.00 0.00 0
38974 0.00 0.00 0.00 0
38975 0.00 0.00 0.00 0
38976 0.00 0.00 0.00 0
38977 0.00 0.00 0.00 0
38978 0.00 0.00 0.00 0
38979 0.00 0.00 0.00 0
38980 0.00 0.00 0.00 0
38981 0.00 0.00 0.00 0
38982 0.00 0.00 0.00 0
38983 0.00 0.00 0.00 0
38984 0.00 0.00 0.00 0
38985 0.00 0.00 0.00 0
38986 0.00 0.00 0.00 0
38987 0.00 0.00 0.00 0
38988 0.00 0.00 0.00 0
38989 0.00 0.00 0.00 0
39242 0.00 0.00 0.00 0
39243 0.00 0.00 0.00 0
39251 0.00 0.00 0.00 0
39252 0.00 0.00 0.00 0
40234 0.00 0.00 0.00 0
40235 0.00 0.00 0.00 0
40236 0.00 0.00 0.00 0
40237 0.00 0.00 0.00 0
40238 0.00 0.00 0.00 0
40239 0.00 0.00 0.00 0
40240 0.00 0.00 0.00 0
40241 0.00 0.00 0.00 0
40242 0.00 0.00 0.00 0
40243 0.00 0.00 0.00 0
40244 0.00 0.00 0.00 0
40245 0.00 0.00 0.00 0
40247 0.00 0.00 0.00 0
40248 0.00 0.00 0.00 0
40249 0.00 0.00 0.00 0
40250 0.00 0.00 0.00 0
40251 0.00 0.00 0.00 0
41007 0.00 0.00 0.00 0
41008 0.00 0.00 0.00 0
41534 0.00 0.00 0.00 0
41535 0.00 0.00 0.00 0
41536 0.00 0.00 0.00 0
41568 0.00 0.00 0.00 0
41569 0.00 0.00 0.00 0
41570 0.00 0.00 0.00 0
41571 0.00 0.00 0.00 0
41572 0.00 0.00 0.00 0
41573 0.00 0.00 0.00 0
41574 0.00 0.00 0.00 0
41575 0.00 0.00 0.00 0
41577 0.00 0.00 0.00 0
41597 0.00 0.00 0.00 0
41598 0.00 0.00 0.00 0
41599 0.00 0.00 0.00 0
41601 0.00 0.00 0.00 0
41896 0.00 0.00 0.00 0
41897 0.00 0.00 0.00 0
41898 0.00 0.00 0.00 0
41899 0.00 0.00 0.00 0
41900 0.00 0.00 0.00 0
41901 0.00 0.00 0.00 0
41903 0.00 0.00 0.00 0
43485 0.00 0.00 0.00 0
43486 0.00 0.00 0.00 0
43487 0.00 0.00 0.00 0
43488 0.00 0.00 0.00 0
43489 0.00 0.00 0.00 0
43490 0.00 0.00 0.00 0
43491 0.00 0.00 0.00 0
43600 0.00 0.00 0.00 0
43601 0.00 0.00 0.00 0
43602 0.00 0.00 0.00 0
43603 0.00 0.00 0.00 0
43604 0.00 0.00 0.00 0
43605 0.00 0.00 0.00 0
43606 0.00 0.00 0.00 0
43607 0.00 0.00 0.00 0
43672 0.00 0.00 0.00 0
43674 0.00 0.00 0.00 0
43958 0.00 0.00 0.00 0
43959 0.00 0.00 0.00 0
43960 0.00 0.00 0.00 0
44299 0.00 0.00 0.00 0
44300 0.00 0.00 0.00 0
44301 0.00 0.00 0.00 0
44302 0.00 0.00 0.00 0
44303 0.00 0.00 0.00 0
45885 0.00 0.00 0.00 0
45886 0.00 0.00 0.00 0
45887 0.00 0.00 0.00 0
45888 0.00 0.00 0.00 0
45889 0.00 0.00 0.00 0
45890 0.00 0.00 0.00 0
45891 0.00 0.00 0.00 0
45986 0.00 0.00 0.00 0
45987 0.00 0.00 0.00 0
45988 0.00 0.00 0.00 0
45989 0.00 0.00 0.00 0
45990 0.00 0.00 0.00 0
45991 0.00 0.00 0.00 0
45992 0.00 0.00 0.00 0
45993 0.00 0.00 0.00 0
45994 0.00 0.00 0.00 0
46000 0.00 0.00 0.00 0
46001 0.00 0.00 0.00 0
46002 0.00 0.00 0.00 0
46003 0.00 0.00 0.00 0
46004 0.00 0.00 0.00 0
46005 0.00 0.00 0.00 0
46006 0.00 0.00 0.00 0
46007 0.00 0.00 0.00 0
46072 0.00 0.00 0.00 0
46073 0.00 0.00 0.00 0
46074 0.00 0.00 0.00 0
46974 0.00 0.00 0.00 0
46975 0.00 0.00 0.00 0
46976 0.00 0.00 0.00 0
47793 0.00 0.00 0.00 0
47794 0.00 0.00 0.00 0
47795 0.00 0.00 0.00 0
47796 0.00 0.00 0.00 0
47797 0.00 0.00 0.00 0
47798 0.00 0.00 0.00 0
47799 0.00 0.00 0.00 0
47800 0.00 0.00 0.00 0
47801 0.00 0.00 0.00 0
47802 0.00 0.00 0.00 0
47803 0.00 0.00 0.00 0
47804 0.00 0.00 0.00 0
47880 0.00 0.00 0.00 0
47882 0.00 0.00 0.00 0
47883 0.00 0.00 0.00 0
47884 0.00 0.00 0.00 0
47885 0.00 0.00 0.00 0
47886 0.00 0.00 0.00 0
51735 0.00 0.00 0.00 0
51737 0.00 0.00 0.00 0
51738 0.00 0.00 0.00 0
51739 0.00 0.00 0.00 0
51740 0.00 0.00 0.00 0
51741 0.00 0.00 0.00 0
51742 0.00 0.00 0.00 0
51743 0.00 0.00 0.00 0
51744 0.00 0.00 0.00 0
51745 0.00 0.00 0.00 0
51746 0.00 0.00 0.00 0
51747 0.00 0.00 0.00 0
51748 0.00 0.00 0.00 0
51749 0.00 0.00 0.00 0
51750 0.00 0.00 0.00 0
51751 0.00 0.00 0.00 0
51757 0.00 0.00 0.00 0
51758 0.00 0.00 0.00 0
51759 0.00 0.00 0.00 0
51760 0.00 0.00 0.00 0
51761 0.00 0.00 0.00 0
51762 0.00 0.00 0.00 0
51763 0.00 0.00 0.00 0
51764 0.00 0.00 0.00 0
52090 0.00 0.00 0.00 0
52091 0.00 0.00 0.00 0
52092 0.00 0.00 0.00 0
52093 0.00 0.00 0.00 0
52094 0.00 0.00 0.00 0
52095 0.00 0.00 0.00 0
52096 0.00 0.00 0.00 0
52097 0.00 0.00 0.00 0
52098 0.00 0.00 0.00 0
52099 0.00 0.00 0.00 0
52100 0.00 0.00 0.00 0
52101 0.00 0.00 0.00 0
52102 0.00 0.00 0.00 0
52103 0.00 0.00 0.00 0
52104 0.00 0.00 0.00 0
52105 0.00 0.00 0.00 0
52106 0.00 0.00 0.00 0
52107 0.00 0.00 0.00 0
52108 0.00 0.00 0.00 0
52109 0.00 0.00 0.00 0
52110 0.00 0.00 0.00 0
52111 0.00 0.00 0.00 0
52112 0.00 0.00 0.00 0
53153 0.00 0.00 0.00 0
53154 0.00 0.00 0.00 0
53155 0.00 0.00 0.00 0
53156 0.00 0.00 0.00 0
53157 0.00 0.00 0.00 0
53158 0.00 0.00 0.00 0
53159 0.00 0.00 0.00 0
53160 0.00 0.00 0.00 0
53161 0.00 0.00 0.00 0
53162 0.00 0.00 0.00 0
53163 0.00 0.00 0.00 0
53899 0.00 0.00 0.00 0
55485 0.00 0.00 0.00 0
55486 0.00 0.00 0.00 0
55487 0.00 0.00 0.00 0
55488 0.00 0.00 0.00 0
55489 0.00 0.00 0.00 0
55490 0.00 0.00 0.00 0
55491 0.00 0.00 0.00 0
55583 0.00 0.00 0.00 0
55584 0.00 0.00 0.00 0
55585 0.00 0.00 0.00 0
55586 0.00 0.00 0.00 0
55587 0.00 0.00 0.00 0
55588 0.00 0.00 0.00 0
55589 0.00 0.00 0.00 0
55590 0.00 0.00 0.00 0
55591 0.00 0.00 0.00 0
55592 0.00 0.00 0.00 0
55593 0.00 0.00 0.00 0
55594 0.00 0.00 0.00 0
55595 0.00 0.00 0.00 0
55596 0.00 0.00 0.00 0
55597 0.00 0.00 0.00 0
55598 0.00 0.00 0.00 0
55599 0.00 0.00 0.00 0
55600 0.00 0.00 0.00 0
55601 0.00 0.00 0.00 0
55602 0.00 0.00 0.00 0
55603 0.00 0.00 0.00 0
55604 0.00 0.00 0.00 0
55605 0.00 0.00 0.00 0
55606 0.00 0.00 0.00 0
55607 0.00 0.00 0.00 0
55672 0.00 0.00 0.00 0
55673 0.00 0.00 0.00 0
55674 0.00 0.00 0.00 0
55675 0.00 0.00 0.00 0
55676 0.00 0.00 0.00 0
56574 0.00 0.00 0.00 0
57396 0.00 0.00 0.00 0
57397 0.00 0.00 0.00 0
57398 0.00 0.00 0.00 0
61336 0.00 0.00 0.00 0
61337 0.00 0.00 0.00 0
61338 0.00 0.00 0.00 0
61339 0.00 0.00 0.00 0
61340 0.00 0.00 0.00 0
61341 0.00 0.00 0.00 0
61342 0.00 0.00 0.00 0
61343 0.00 0.00 0.00 0
61344 0.00 0.00 0.00 0
61345 0.00 0.00 0.00 0
61346 0.00 0.00 0.00 0
61347 0.00 0.00 0.00 0
61348 0.00 0.00 0.00 0
61349 0.00 0.00 0.00 0
61350 0.00 0.00 0.00 0
61351 0.00 0.00 0.00 0
61352 0.00 0.00 0.00 0
61353 0.00 0.00 0.00 0
61690 0.00 0.00 0.00 0
61691 0.00 0.00 0.00 0
61692 0.00 0.00 0.00 0
61693 0.00 0.00 0.00 0
61694 0.00 0.00 0.00 0
61695 0.00 0.00 0.00 0
61696 0.00 0.00 0.00 0
61697 0.00 0.00 0.00 0
61698 0.00 0.00 0.00 0
61699 0.00 0.00 0.00 0
61700 0.00 0.00 0.00 0
61701 0.00 0.00 0.00 0
61702 0.00 0.00 0.00 0
61703 0.00 0.00 0.00 0
61704 0.00 0.00 0.00 0
61705 0.00 0.00 0.00 0
61706 0.00 0.00 0.00 0
61707 0.00 0.00 0.00 0
61708 0.00 0.00 0.00 0
61709 0.00 0.00 0.00 0
61710 0.00 0.00 0.00 0
61711 0.00 0.00 0.00 0
61712 0.00 0.00 0.00 0
62753 0.00 0.00 0.00 0
62754 0.00 0.00 0.00 0
62755 0.00 0.00 0.00 0
62756 0.00 0.00 0.00 0
62757 0.00 0.00 0.00 0
62758 0.00 0.00 0.00 0
62759 0.00 0.00 0.00 0
62760 0.00 0.00 0.00 0
62761 0.00 0.00 0.00 0
62762 0.00 0.00 0.00 0
62763 0.00 0.00 0.00 0
63766 0.00 0.00 0.00 0
63767 0.00 0.00 0.00 0
63768 0.00 0.00 0.00 0
63772 0.00 0.00 0.00 0
63777 0.00 0.00 0.00 0
63779 0.00 0.00 0.00 0
63780 0.00 0.00 0.00 0
63781 0.00 0.00 0.00 0
63782 0.00 0.00 0.00 0
63783 0.00 0.00 0.00 0
63784 0.00 0.00 0.00 0
63785 0.00 0.00 0.00 0
63786 0.00 0.00 0.00 0
63787 0.00 0.00 0.00 0
63788 0.00 0.00 0.00 0
68535 0.00 0.00 0.00 0
68536 0.00 0.00 0.00 0
68537 0.00 0.00 0.00 0
68538 0.00 0.00 0.00 0
68539 0.00 0.00 0.00 0
68540 0.00 0.00 0.00 0
68541 0.00 0.00 0.00 0
68542 0.00 0.00 0.00 0
68543 0.00 0.00 0.00 0
68544 0.00 0.00 0.00 0
68545 0.00 0.00 0.00 0
68546 0.00 0.00 0.00 0
68547 0.00 0.00 0.00 0
68548 0.00 0.00 0.00 0
68549 0.00 0.00 0.00 0
68550 0.00 0.00 0.00 0
68551 0.00 0.00 0.00 0
68552 0.00 0.00 0.00 0
68553 0.00 0.00 0.00 0
68554 0.00 0.00 0.00 0
68555 0.00 0.00 0.00 0
68556 0.00 0.00 0.00 0
68836 0.00 0.00 0.00 0
68838 0.00 0.00 0.00 0
68839 0.00 0.00 0.00 0
68858 0.00 0.00 0.00 0
68859 0.00 0.00 0.00 0
68860 0.00 0.00 0.00 0
68880 0.00 0.00 0.00 0
68881 0.00 0.00 0.00 0
68882 0.00 0.00 0.00 0
68883 0.00 0.00 0.00 0
68889 0.00 0.00 0.00 0
68890 0.00 0.00 0.00 0
68891 0.00 0.00 0.00 0
68892 0.00 0.00 0.00 0
68893 0.00 0.00 0.00 0
68894 0.00 0.00 0.00 0
68895 0.00 0.00 0.00 0
68896 0.00 0.00 0.00 0
68897 0.00 0.00 0.00 0
68898 0.00 0.00 0.00 0
68899 0.00 0.00 0.00 0
68900 0.00 0.00 0.00 0
68901 0.00 0.00 0.00 0
68902 0.00 0.00 0.00 0
68903 0.00 0.00 0.00 0
68904 0.00 0.00 0.00 0
68905 0.00 0.00 0.00 0
68906 0.00 0.00 0.00 0
68907 0.00 0.00 0.00 0
68908 0.00 0.00 0.00 0
68909 0.00 0.00 0.00 0
68910 0.00 0.00 0.00 0
68911 0.00 0.00 0.00 0
68912 0.00 0.00 0.00 0
69097 0.00 0.00 0.00 0
69098 0.00 0.00 0.00 0
69099 0.00 0.00 0.00 0
69100 0.00 0.00 0.00 0
69101 0.00 0.00 0.00 0
69102 0.00 0.00 0.00 0
69103 0.00 0.00 0.00 0
69104 0.00 0.00 0.00 0
69105 0.00 0.00 0.00 0
69106 0.00 0.00 0.00 0
69953 0.00 0.00 0.00 0
69954 0.00 0.00 0.00 0
69955 0.00 0.00 0.00 0
69959 0.00 0.00 0.00 0
69974 0.00 0.00 0.00 0
71799 0.00 0.00 0.00 0
71800 0.00 0.00 0.00 0
71801 0.00 0.00 0.00 0
71808 0.00 0.00 0.00 0
73934 0.00 0.00 0.00 0
73935 0.00 0.00 0.00 0
73936 0.00 0.00 0.00 0
73937 0.00 0.00 0.00 0
73938 0.00 0.00 0.00 0
73939 0.00 0.00 0.00 0
73940 0.00 0.00 0.00 0
73941 0.00 0.00 0.00 0
74261 0.00 0.00 0.00 0
74265 0.00 0.00 0.00 0
74266 0.00 0.00 0.00 0
74267 0.00 0.00 0.00 0
74268 0.00 0.00 0.00 0
74269 0.00 0.00 0.00 0
74270 0.00 0.00 0.00 0
74271 0.00 0.00 0.00 0
74272 0.00 0.00 0.00 0
74273 0.00 0.00 0.00 0
74274 0.00 0.00 0.00 0
74275 0.00 0.00 0.00 0
74276 0.00 0.00 0.00 0
74277 0.00 0.00 0.00 0
74278 0.00 0.00 0.00 0
74279 0.00 0.00 0.00 0
74280 0.00 0.00 0.00 0
74281 0.00 0.00 0.00 0
74282 0.00 0.00 0.00 0
74283 0.00 0.00 0.00 0
74284 0.00 0.00 0.00 0
74285 0.00 0.00 0.00 0
74286 0.00 0.00 0.00 0
74287 0.00 0.00 0.00 0
74288 0.00 0.00 0.00 0
74289 0.00 0.00 0.00 0
74290 0.00 0.00 0.00 0
74291 0.00 0.00 0.00 0
74292 0.00 0.00 0.00 0
74293 0.00 0.00 0.00 0
74294 0.00 0.00 0.00 0
74309 0.00 0.00 0.00 0
74310 0.00 0.00 0.00 0
74311 0.00 0.00 0.00 0
74312 0.00 0.00 0.00 0
74313 0.00 0.00 0.00 0
74314 0.00 0.00 0.00 0
74315 0.00 0.00 0.00 0
74316 0.00 0.00 0.00 0
74317 0.00 0.00 0.00 0
74318 0.00 0.00 0.00 0
74319 0.00 0.00 0.00 0
74320 0.00 0.00 0.00 0
74321 0.00 0.00 0.00 0
74322 0.00 0.00 0.00 0
74323 0.00 0.00 0.00 0
74324 0.00 0.00 0.00 0
74328 0.00 0.00 0.00 0
74329 0.00 0.00 0.00 0
74330 0.00 0.00 0.00 0
74331 0.00 0.00 0.00 0
74332 0.00 0.00 0.00 0
74333 0.00 0.00 0.00 0
74334 0.00 0.00 0.00 0
74335 0.00 0.00 0.00 0
74336 0.00 0.00 0.00 0
74337 0.00 0.00 0.00 0
74338 0.00 0.00 0.00 0
74492 0.00 0.00 0.00 0
74494 0.00 0.00 0.00 0
74495 0.00 0.00 0.00 0
74496 0.00 0.00 0.00 0
74522 0.00 0.00 0.00 0
74523 0.00 0.00 0.00 0
74524 0.00 0.00 0.00 0
74525 0.00 0.00 0.00 0
74526 0.00 0.00 0.00 0
74528 0.00 0.00 0.00 0
74529 0.00 0.00 0.00 0
74530 0.00 0.00 0.00 0
74531 0.00 0.00 0.00 0
74532 0.00 0.00 0.00 0
74533 0.00 0.00 0.00 0
74534 0.00 0.00 0.00 0
74535 0.00 0.00 0.00 0
74536 0.00 0.00 0.00 0
74537 0.00 0.00 0.00 0
74538 0.00 0.00 0.00 0
74539 0.00 0.00 0.00 0
74540 0.00 0.00 0.00 0
74541 0.00 0.00 0.00 0
86084 0.00 0.00 0.00 0
86085 0.00 0.00 0.00 0
86086 0.00 0.00 0.00 0
86087 0.00 0.00 0.00 0
86088 0.00 0.00 0.00 0
86089 0.00 0.00 0.00 0
86090 0.00 0.00 0.00 0
86091 0.00 0.00 0.00 0
86092 0.00 0.00 0.00 0
86093 0.00 0.00 0.00 0
86094 0.00 0.00 0.00 0
86095 0.00 0.00 0.00 0
86096 0.00 0.00 0.00 0
86097 0.00 0.00 0.00 0
86098 0.00 0.00 0.00 0
86099 0.00 0.00 0.00 0
86100 0.00 0.00 0.00 0
86101 0.00 0.00 0.00 0
86102 0.00 0.00 0.00 0
86103 0.00 0.00 0.00 0
86104 0.00 0.00 0.00 0
86105 0.00 0.00 0.00 0
86106 0.00 0.00 0.00 0
86107 0.00 0.00 0.00 0
86108 0.00 0.00 0.00 0
86109 0.00 0.00 0.00 0
86110 0.00 0.00 0.00 0
86111 0.00 0.00 0.00 0
86112 0.00 0.00 0.00 0
86113 0.00 0.00 0.00 0
86114 0.00 0.00 0.00 0
86115 0.00 0.00 0.00 0
86116 0.00 0.00 0.00 0
86117 0.00 0.00 0.00 0
86118 0.00 0.00 0.00 0
86119 0.00 0.00 0.00 0
86120 0.00 0.00 0.00 0
86121 0.00 0.00 0.00 0
86122 0.00 0.00 0.00 0
86123 0.00 0.00 0.00 0
86124 0.00 0.00 0.00 0
86125 0.00 0.00 0.00 0
86126 0.00 0.00 0.00 0
86127 0.00 0.00 0.00 0
86128 0.00 0.00 0.00 0
86129 0.00 0.00 0.00 0
86130 0.00 0.00 0.00 0
86131 0.00 0.00 0.00 0
86132 0.00 0.00 0.00 0
86133 0.00 0.00 0.00 0
86152 0.00 0.00 0.00 0
86153 0.00 0.00 0.00 0
86154 0.00 0.00 0.00 0
86155 0.00 0.00 0.00 0
86156 0.00 0.00 0.00 0
86157 0.00 0.00 0.00 0
86158 0.00 0.00 0.00 0
86159 0.00 0.00 0.00 0
86161 0.00 0.00 0.00 0
86162 0.00 0.00 0.00 0
86163 0.00 0.00 0.00 0
86164 0.00 0.00 0.00 0
86165 0.00 0.00 0.00 0
86166 0.00 0.00 0.00 0
86167 0.00 0.00 0.00 0
86168 0.00 0.00 0.00 0
86169 0.00 0.00 0.00 0
86170 0.00 0.00 0.00 0
86171 0.00 0.00 0.00 0
86172 0.00 0.00 0.00 0
86173 0.00 0.00 0.00 0
86174 0.00 0.00 0.00 0
86186 0.00 0.00 0.00 0
86187 0.00 0.00 0.00 0
86188 0.00 0.00 0.00 0
86189 0.00 0.00 0.00 0
86190 0.00 0.00 0.00 0
86191 0.00 0.00 0.00 0
86192 0.00 0.00 0.00 0
86193 0.00 0.00 0.00 0
86194 0.00 0.00 0.00 0
86195 0.00 0.00 0.00 0
86196 0.00 0.00 0.00 0
86197 0.00 0.00 0.00 0
86198 0.00 0.00 0.00 0
86199 0.00 0.00 0.00 0
87153 0.00 0.00 0.00 0
87154 0.00 0.00 0.00 0
87155 0.00 0.00 0.00 0
87156 0.00 0.00 0.00 0
87157 0.00 0.00 0.00 0
87158 0.00 0.00 0.00 0
87159 0.00 0.00 0.00 0
87160 0.00 0.00 0.00 0
87161 0.00 0.00 0.00 0
87162 0.00 0.00 0.00 0
87163 0.00 0.00 0.00 0
87164 0.00 0.00 0.00 0
87165 0.00 0.00 0.00 0
87166 0.00 0.00 0.00 0
87167 0.00 0.00 0.00 0
87168 0.00 0.00 0.00 0
87169 0.00 0.00 0.00 0
87170 0.00 0.00 0.00 0
87171 0.00 0.00 0.00 0
87172 0.00 0.00 0.00 0
87173 0.00 0.00 0.00 0
87174 0.00 0.00 0.00 0
87175 0.00 0.00 0.00 0
87176 0.00 0.00 0.00 0
87177 0.00 0.00 0.00 0
87178 0.00 0.00 0.00 0
87179 0.00 0.00 0.00 0
87180 0.00 0.00 0.00 0
87181 0.00 0.00 0.00 0
87182 0.00 0.00 0.00 0
87183 0.00 0.00 0.00 0
87184 0.00 0.00 0.00 0
87185 0.00 0.00 0.00 0
87186 0.00 0.00 0.00 0
87187 0.00 0.00 0.00 0
87188 0.00 0.00 0.00 0
87189 0.00 0.00 0.00 0
87190 0.00 0.00 0.00 0
87191 0.00 0.00 0.00 0
87192 0.00 0.00 0.00 0
87193 0.00 0.00 0.00 0
87194 0.00 0.00 0.00 0
87195 0.00 0.00 0.00 0
87196 0.00 0.00 0.00 0
87197 0.00 0.00 0.00 0
87198 0.00 0.00 0.00 0
87199 0.00 0.00 0.00 0
87200 0.00 0.00 0.00 0
87201 0.00 0.00 0.00 0
87202 0.00 0.00 0.00 0
87203 0.00 0.00 0.00 0
87204 0.00 0.00 0.00 0
87205 0.00 0.00 0.00 0
87206 0.00 0.00 0.00 0
87207 0.00 0.00 0.00 0
87208 0.00 0.00 0.00 0
87209 0.00 0.00 0.00 0
87210 0.00 0.00 0.00 0
87211 0.00 0.00 0.00 0
87212 0.00 0.00 0.00 0
87213 0.00 0.00 0.00 0
87214 0.00 0.00 0.00 0
87215 0.00 0.00 0.00 0
87216 0.00 0.00 0.00 0
87217 0.00 0.00 0.00 0
87218 0.00 0.00 0.00 0
87219 0.00 0.00 0.00 0
87220 0.00 0.00 0.00 0
87221 0.00 0.00 0.00 0
87222 0.00 0.00 0.00 0
87223 0.00 0.00 0.00 0
87224 0.00 0.00 0.00 0
87225 0.00 0.00 0.00 0
87226 0.00 0.00 0.00 0
87227 0.00 0.00 0.00 0
87229 0.00 0.00 0.00 0
87230 0.00 0.00 0.00 0
87231 0.00 0.00 0.00 0
87232 0.00 0.00 0.00 0
87295 0.00 0.00 0.00 0
87297 0.00 0.00 0.00 0
87298 0.00 0.00 0.00 0
87795 0.00 0.00 0.00 0
87857 0.00 0.00 0.00 0
87858 0.00 0.00 0.00 0
87859 0.00 0.00 0.00 0
87860 0.00 0.00 0.00 0
87861 0.00 0.00 0.00 0
87883 0.00 0.00 0.00 0
90338 0.00 0.00 0.00 0
90339 0.00 0.00 0.00 0
90340 0.00 0.00 0.00 0
90341 0.00 0.00 0.00 0
90342 0.00 0.00 0.00 0
90343 0.00 0.00 0.00 0
90344 0.00 0.00 0.00 0
90345 0.00 0.00 0.00 0
90346 0.00 0.00 0.00 0
90347 0.00 0.00 0.00 0
90348 0.00 0.00 0.00 0
90349 0.00 0.00 0.00 0
90350 0.00 0.00 0.00 0
90351 0.00 0.00 0.00 0
90352 0.00 0.00 0.00 0
90353 0.00 0.00 0.00 0
90354 0.00 0.00 0.00 0
90355 0.00 0.00 0.00 0
90356 0.00 0.00 0.00 0
90357 0.00 0.00 0.00 0
90358 0.00 0.00 0.00 0
90359 0.00 0.00 0.00 0
90360 0.00 0.00 0.00 0
90361 0.00 0.00 0.00 0
90362 0.00 0.00 0.00 0
90363 0.00 0.00 0.00 0
90364 0.00 0.00 0.00 0
90365 0.00 0.00 0.00 0
90366 0.00 0.00 0.00 0
90367 0.00 0.00 0.00 0
90368 0.00 0.00 0.00 0
90372 0.00 0.00 0.00 0
90373 0.00 0.00 0.00 0
90374 0.00 0.00 0.00 0
90375 0.00 0.00 0.00 0
90376 0.00 0.00 0.00 0
90377 0.00 0.00 0.00 0
90378 0.00 0.00 0.00 0
90381 0.00 0.00 0.00 0
90382 0.00 0.00 0.00 0
90383 0.00 0.00 0.00 0
90384 0.00 0.00 0.00 0
92245 0.00 0.00 0.00 0
92246 0.00 0.00 0.00 0
93195 0.00 0.00 0.00 0
93196 0.00 0.00 0.00 0
93197 0.00 0.00 0.00 0
93198 0.00 0.00 0.00 0
93254 0.00 0.00 0.00 0
93255 0.00 0.00 0.00 0
93256 0.00 0.00 0.00 0
93257 0.00 0.00 0.00 0
93258 0.00 0.00 0.00 0
93259 0.00 0.00 0.00 0
93260 0.00 0.00 0.00 0
93261 0.00 0.00 0.00 0
93262 0.00 0.00 0.00 0
93263 0.00 0.00 0.00 0
93264 0.00 0.00 0.00 0
93265 0.00 0.00 0.00 0
93266 0.00 0.00 0.00 0
93267 0.00 0.00 0.00 0
93307 0.00 0.00 0.00 0
93308 0.00 0.00 0.00 0
93309 0.00 0.00 0.00 0
93310 0.00 0.00 0.00 0
93846 0.00 0.00 0.00 0
93847 0.00 0.00 0.00 0
93848 0.00 0.00 0.00 0
93849 0.00 0.00 0.00 0
93850 0.00 0.00 0.00 0
93851 0.00 0.00 0.00 0
93852 0.00 0.00 0.00 0
96705 0.00 0.00 0.00 0
96706 0.00 0.00 0.00 0
96707 0.00 0.00 0.00 0
96708 0.00 0.00 0.00 0
96709 0.00 0.00 0.00 0
96710 0.00 0.00 0.00 0
96711 0.00 0.00 0.00 0
96712 0.00 0.00 0.00 0
96713 0.00 0.00 0.00 0
96714 0.00 0.00 0.00 0
96715 0.00 0.00 0.00 0
96716 0.00 0.00 0.00 0
96717 0.00 0.00 0.00 0
96918 0.00 0.00 0.00 0
96919 0.00 0.00 0.00 0
96920 0.00 0.00 0.00 0
96921 0.00 0.00 0.00 0
96922 0.00 0.00 0.00 0
96923 0.00 0.00 0.00 0
96924 0.00 0.00 0.00 0
96925 0.00 0.00 0.00 0
96927 0.00 0.00 0.00 0
96929 0.00 0.00 0.00 0
96930 0.00 0.00 0.00 0
96931 0.00 0.00 0.00 0
96932 0.00 0.00 0.00 0
97556 0.00 0.00 0.00 0
97557 0.00 0.00 0.00 0
97558 0.00 0.00 0.00 0
97559 0.00 0.00 0.00 0
97560 0.00 0.00 0.00 0
97561 0.00 0.00 0.00 0
98172 0.00 0.00 0.00 0
98173 0.00 0.00 0.00 0
98174 0.00 0.00 0.00 0
98175 0.00 0.00 0.00 0
98176 0.00 0.00 0.00 0
98177 0.00 0.00 0.00 0
101025 0.00 0.00 0.00 0
101026 0.00 0.00 0.00 0
101027 0.00 0.00 0.00 0
101028 0.00 0.00 0.00 0
101029 0.00 0.00 0.00 0
101030 0.00 0.00 0.00 0
101031 0.00 0.00 0.00 0
101032 0.00 0.00 0.00 0
101033 0.00 0.00 0.00 0
101034 0.00 0.00 0.00 0
101035 0.00 0.00 0.00 0
101036 0.00 0.00 0.00 0
101037 0.00 0.00 0.00 0
101206 0.00 0.00 0.00 0
101207 0.00 0.00 0.00 0
101208 0.00 0.00 0.00 0
101209 0.00 0.00 0.00 0
101210 0.00 0.00 0.00 0
101212 0.00 0.00 0.00 0
101213 0.00 0.00 0.00 0
101217 0.00 0.00 0.00 0
101219 0.00 0.00 0.00 0
101220 0.00 0.00 0.00 0
101221 0.00 0.00 0.00 0
101222 0.00 0.00 0.00 0
101232 0.00 0.00 0.00 0
101233 0.00 0.00 0.00 0
101234 0.00 0.00 0.00 0
101235 0.00 0.00 0.00 0
101236 0.00 0.00 0.00 0
101237 0.00 0.00 0.00 0
101238 0.00 0.00 0.00 0
101239 0.00 0.00 0.00 0
101240 0.00 0.00 0.00 0
101241 0.00 0.00 0.00 0
101242 0.00 0.00 0.00 0
101243 0.00 0.00 0.00 0
101244 0.00 0.00 0.00 0
101245 0.00 0.00 0.00 0
101362 0.00 0.00 0.00 0
101363 0.00 0.00 0.00 0
101364 0.00 0.00 0.00 0
101365 0.00 0.00 0.00 0
101366 0.00 0.00 0.00 0
102984 0.00 0.00 0.00 0
102985 0.00 0.00 0.00 0
102986 0.00 0.00 0.00 0
104264 0.00 0.00 0.00 0
104265 0.00 0.00 0.00 0
104266 0.00 0.00 0.00 0
104267 0.00 0.00 0.00 0
104268 0.00 0.00 0.00 0
104462 0.00 0.00 0.00 0
104463 0.00 0.00 0.00 0
104464 0.00 0.00 0.00 0
104465 0.00 0.00 0.00 0
104466 0.00 0.00 0.00 0
104467 0.00 0.00 0.00 0
104468 0.00 0.00 0.00 0
104469 0.00 0.00 0.00 0
104470 0.00 0.00 0.00 0
104471 0.00 0.00 0.00 0
104472 0.00 0.00 0.00 0
104473 0.00 0.00 0.00 0
104474 0.00 0.00 0.00 0
104475 0.00 0.00 0.00 0
104476 0.00 0.00 0.00 0
104477 0.00 0.00 0.00 0
104478 0.00 0.00 0.00 0
104479 0.00 0.00 0.00 0
104480 0.00 0.00 0.00 0
104491 0.00 0.00 0.00 0
104494 0.00 0.00 0.00 0
104495 0.00 0.00 0.00 0
104498 0.00 0.00 0.00 0
104503 0.00 0.00 0.00 0
104504 0.00 0.00 0.00 0
104505 0.00 0.00 0.00 0
104506 0.00 0.00 0.00 0
104617 0.00 0.00 0.00 0
104618 0.00 0.00 0.00 0
104619 0.00 0.00 0.00 0
104620 0.00 0.00 0.00 0
104621 0.00 0.00 0.00 0
104622 0.00 0.00 0.00 0
104623 0.00 0.00 0.00 0
104624 0.00 0.00 0.00 0
104625 0.00 0.00 0.00 0
104626 0.00 0.00 0.00 0
104627 0.00 0.00 0.00 0
104628 0.00 0.00 0.00 0
111554 0.00 0.00 0.00 0
111555 0.00 0.00 0.00 0
111556 0.00 0.00 0.00 0
111557 0.00 0.00 0.00 0
111558 0.00 0.00 0.00 0
111559 0.00 0.00 0.00 0
111560 0.00 0.00 0.00 0
111561 0.00 0.00 0.00 0
111562 0.00 0.00 0.00 0
111563 0.00 0.00 0.00 0
111564 0.00 0.00 0.00 0
111565 0.00 0.00 0.00 0
111566 0.00 0.00 0.00 0
111567 0.00 0.00 0.00 0
111568 0.00 0.00 0.00 0
111569 0.00 0.00 0.00 0
111570 0.00 0.00 0.00 0
111571 0.00 0.00 0.00 0
111572 0.00 0.00 0.00 0
111573 0.00 0.00 0.00 0
111574 0.00 0.00 0.00 0
111575 0.00 0.00 0.00 0
111576 0.00 0.00 0.00 0
111577 0.00 0.00 0.00 0
111578 0.00 0.00 0.00 0
111579 0.00 0.00 0.00 0
111580 0.00 0.00 0.00 0
111581 0.00 0.00 0.00 0
111582 0.00 0.00 0.00 0
111583 0.00 0.00 0.00 0
111584 0.00 0.00 0.00 0
111595 0.00 0.00 0.00 0
111596 0.00 0.00 0.00 0
111597 0.00 0.00 0.00 0
111598 0.00 0.00 0.00 0
111599 0.00 0.00 0.00 0
111600 0.00 0.00 0.00 0
111601 0.00 0.00 0.00 0
111602 0.00 0.00 0.00 0
111603 0.00 0.00 0.00 0
111604 0.00 0.00 0.00 0
111605 0.00 0.00 0.00 0
111606 0.00 0.00 0.00 0
111607 0.00 0.00 0.00 0
111608 0.00 0.00 0.00 0
111618 0.00 0.00 0.00 0
111619 0.00 0.00 0.00 0
111620 0.00 0.00 0.00 0
111621 0.00 0.00 0.00 0
111622 0.00 0.00 0.00 0
112196 0.00 0.00 0.00 0
112197 0.00 0.00 0.00 0
112198 0.00 0.00 0.00 0
112199 0.00 0.00 0.00 0
112200 0.00 0.00 0.00 0
112201 0.00 0.00 0.00 0
112202 0.00 0.00 0.00 0
112203 0.00 0.00 0.00 0
112204 0.00 0.00 0.00 0
112205 0.00 0.00 0.00 0
112206 0.00 0.00 0.00 0
112207 0.00 0.00 0.00 0
112208 0.00 0.00 0.00 0
112209 0.00 0.00 0.00 0
112210 0.00 0.00 0.00 0
112211 0.00 0.00 0.00 0
112212 0.00 0.00 0.00 0
112213 0.00 0.00 0.00 0
112214 0.00 0.00 0.00 0
112215 0.00 0.00 0.00 0
112216 0.00 0.00 0.00 0
112217 0.00 0.00 0.00 0
112218 0.00 0.00 0.00 0
112219 0.00 0.00 0.00 0
112220 0.00 0.00 0.00 0
112221 0.00 0.00 0.00 0
112222 0.00 0.00 0.00 0
112223 0.00 0.00 0.00 0
112224 0.00 0.00 0.00 0
112225 0.00 0.00 0.00 0
112226 0.00 0.00 0.00 0
112227 0.00 0.00 0.00 0
112228 0.00 0.00 0.00 0
112229 0.00 0.00 0.00 0
112230 0.00 0.00 0.00 0
112231 0.00 0.00 0.00 0
112232 0.00 0.00 0.00 0
112233 0.00 0.00 0.00 0
112234 0.00 0.00 0.00 0
112235 0.00 0.00 0.00 0
112236 0.00 0.00 0.00 0
112240 0.00 0.00 0.00 0
112282 0.00 0.00 0.00 0
112619 0.00 0.00 0.00 0
112620 0.00 0.00 0.00 0
114107 0.00 0.00 0.00 0
114108 0.00 0.00 0.00 0
114109 0.00 0.00 0.00 0
114110 0.00 0.00 0.00 0
114111 0.00 0.00 0.00 0
114112 0.00 0.00 0.00 0
114113 0.00 0.00 0.00 0
114114 0.00 0.00 0.00 0
114115 0.00 0.00 0.00 0
114116 0.00 0.00 0.00 0
114117 0.00 0.00 0.00 0
114118 0.00 0.00 0.00 0
114119 0.00 0.00 0.00 0
114120 0.00 0.00 0.00 0
114121 0.00 0.00 0.00 0
114122 0.00 0.00 0.00 0
114123 0.00 0.00 0.00 0
114124 0.00 0.00 0.00 0
114125 0.00 0.00 0.00 0
115400 0.00 0.00 0.00 0
117615 0.00 0.00 0.00 0
117616 0.00 0.00 0.00 0
117617 0.00 0.00 0.00 0
117618 0.00 0.00 0.00 0
117619 0.00 0.00 0.00 0
117620 0.00 0.00 0.00 0
117621 0.00 0.00 0.00 0
117622 0.00 0.00 0.00 0
117623 0.00 0.00 0.00 0
117624 0.00 0.00 0.00 0
117755 0.00 0.00 0.00 0
117756 0.00 0.00 0.00 0
117757 0.00 0.00 0.00 0
117758 0.00 0.00 0.00 0
117759 0.00 0.00 0.00 0
117760 0.00 0.00 0.00 0
117761 0.00 0.00 0.00 0
117762 0.00 0.00 0.00 0
117763 0.00 0.00 0.00 0
117764 0.00 0.00 0.00 0
117765 0.00 0.00 0.00 0
117766 0.00 0.00 0.00 0
117767 0.00 0.00 0.00 0
117768 0.00 0.00 0.00 0
117769 0.00 0.00 0.00 0
117770 0.00 0.00 0.00 0
117771 0.00 0.00 0.00 0
117772 0.00 0.00 0.00 0
117773 0.00 0.00 0.00 0
117774 0.00 0.00 0.00 0
117775 0.00 0.00 0.00 0
117776 0.00 0.00 0.00 0
117777 0.00 0.00 0.00 0
117778 0.00 0.00 0.00 0
117779 0.00 0.00 0.00 0
117780 0.00 0.00 0.00 0
117781 0.00 0.00 0.00 0
117782 0.00 0.00 0.00 0
117783 0.00 0.00 0.00 0
117784 0.00 0.00 0.00 0
117785 0.00 0.00 0.00 0
117786 0.00 0.00 0.00 0
117877 0.00 0.00 0.00 0
117878 0.00 0.00 0.00 0
117879 0.00 0.00 0.00 0
117880 0.00 0.00 0.00 0
117881 0.00 0.00 0.00 0
117882 0.00 0.00 0.00 0
117883 0.00 0.00 0.00 0
119139 0.00 0.00 0.00 0
119140 0.00 0.00 0.00 0
120291 0.00 0.00 0.00 0
120292 0.00 0.00 0.00 0
120293 0.00 0.00 0.00 0
120294 0.00 0.00 0.00 0
120295 0.00 0.00 0.00 0
120296 0.00 0.00 0.00 0
120299 0.00 0.00 0.00 0
120300 0.00 0.00 0.00 0
120301 0.00 0.00 0.00 0
120415 0.00 0.00 0.00 0
120416 0.00 0.00 0.00 0
120417 0.00 0.00 0.00 0
125807 0.00 0.00 0.00 0
125808 0.00 0.00 0.00 0
125809 0.00 0.00 0.00 0
125810 0.00 0.00 0.00 0
125811 0.00 0.00 0.00 0
125812 0.00 0.00 0.00 0
125813 0.00 0.00 0.00 0
125814 0.00 0.00 0.00 0
125815 0.00 0.00 0.00 0
125816 0.00 0.00 0.00 0
125817 0.00 0.00 0.00 0
125818 0.00 0.00 0.00 0
125819 0.00 0.00 0.00 0
125820 0.00 0.00 0.00 0
125821 0.00 0.00 0.00 0
125822 0.00 0.00 0.00 0
125823 0.00 0.00 0.00 0
125824 0.00 0.00 0.00 0
125825 0.00 0.00 0.00 0
125826 0.00 0.00 0.00 0
125827 0.00 0.00 0.00 0
125828 0.00 0.00 0.00 0
125830 0.00 0.00 0.00 0
125845 0.00 0.00 0.00 0
125846 0.00 0.00 0.00 0
126306 0.00 0.00 0.00 0
126307 0.00 0.00 0.00 0
126308 0.00 0.00 0.00 0
126309 0.00 0.00 0.00 0
126310 0.00 0.00 0.00 0
126311 0.00 0.00 0.00 0
126312 0.00 0.00 0.00 0
126313 0.00 0.00 0.00 0
126314 0.00 0.00 0.00 0
126315 0.00 0.00 0.00 0
126316 0.00 0.00 0.00 0
126317 0.00 0.00 0.00 0
126318 0.00 0.00 0.00 0
126319 0.00 0.00 0.00 0
126320 0.00 0.00 0.00 0
126321 0.00 0.00 0.00 0
126322 0.00 0.00 0.00 0
126323 0.00 0.00 0.00 0
126324 0.00 0.00 0.00 0
126325 0.00 0.00 0.00 0
126326 0.00 0.00 0.00 0
126327 0.00 0.00 0.00 0
126328 0.00 0.00 0.00 0
126329 0.00 0.00 0.00 0
126330 0.00 0.00 0.00 0
126331 0.00 0.00 0.00 0
126332 0.00 0.00 0.00 0
126333 0.00 0.00 0.00 0
126334 0.00 0.00 0.00 0
126335 0.00 0.00 0.00 0
126336 0.00 0.00 0.00 0
126337 0.00 0.00 0.00 0
127790 0.00 0.00 0.00 0
127791 0.00 0.00 0.00 0
127792 0.00 0.00 0.00 0
127793 0.00 0.00 0.00 0
127794 0.00 0.00 0.00 0
127795 0.00 0.00 0.00 0
127796 0.00 0.00 0.00 0
127797 0.00 0.00 0.00 0
127798 0.00 0.00 0.00 0
127799 0.00 0.00 0.00 0
127800 0.00 0.00 0.00 0
127801 0.00 0.00 0.00 0
127802 0.00 0.00 0.00 0
127803 0.00 0.00 0.00 0
129154 0.00 0.00 0.00 0
129155 0.00 0.00 0.00 0
129156 0.00 0.00 0.00 0
129157 0.00 0.00 0.00 0
129158 0.00 0.00 0.00 0
129160 0.00 0.00 0.00 0
129161 0.00 0.00 0.00 0
129162 0.00 0.00 0.00 0
129163 0.00 0.00 0.00 0
129164 0.00 0.00 0.00 0
129172 0.00 0.00 0.00 0
129173 0.00 0.00 0.00 0
129174 0.00 0.00 0.00 0
129175 0.00 0.00 0.00 0
129176 0.00 0.00 0.00 0
129177 0.00 0.00 0.00 0
129178 0.00 0.00 0.00 0
129179 0.00 0.00 0.00 0
129180 0.00 0.00 0.00 0
129181 0.00 0.00 0.00 0
129182 0.00 0.00 0.00 0
135195 0.00 0.00 0.00 0
135196 0.00 0.00 0.00 0
135197 0.00 0.00 0.00 0
135198 0.00 0.00 0.00 0
135199 0.00 0.00 0.00 0
135200 0.00 0.00 0.00 0
135201 0.00 0.00 0.00 0
135202 0.00 0.00 0.00 0
135203 0.00 0.00 0.00 0
135204 0.00 0.00 0.00 0
135205 0.00 0.00 0.00 0
135206 0.00 0.00 0.00 0
135207 0.00 0.00 0.00 0
135208 0.00 0.00 0.00 0
135209 0.00 0.00 0.00 0
135210 0.00 0.00 0.00 0
135211 0.00 0.00 0.00 0
135212 0.00 0.00 0.00 0
135213 0.00 0.00 0.00 0
135214 0.00 0.00 0.00 0
135215 0.00 0.00 0.00 0
135216 0.00 0.00 0.00 0
135217 0.00 0.00 0.00 0
135218 0.00 0.00 0.00 0
135219 0.00 0.00 0.00 0
135220 0.00 0.00 0.00 0
135221 0.00 0.00 0.00 0
135222 0.00 0.00 0.00 0
135580 0.00 0.00 0.00 0
135605 0.00 0.00 0.00 0
135606 0.00 0.00 0.00 0
135608 0.00 0.00 0.00 0
135636 0.00 0.00 0.00 0
135645 0.00 0.00 0.00 0
135646 0.00 0.00 0.00 0
135648 0.00 0.00 0.00 0
135649 0.00 0.00 0.00 0
135650 0.00 0.00 0.00 0
135651 0.00 0.00 0.00 0
135652 0.00 0.00 0.00 0
135653 0.00 0.00 0.00 0
135654 0.00 0.00 0.00 0
135655 0.00 0.00 0.00 0
135656 0.00 0.00 0.00 0
135657 0.00 0.00 0.00 0
135658 0.00 0.00 0.00 0
135659 0.00 0.00 0.00 0
135660 0.00 0.00 0.00 0
135661 0.00 0.00 0.00 0
135662 0.00 0.00 0.00 0
135663 0.00 0.00 0.00 0
135664 0.00 0.00 0.00 0
135665 0.00 0.00 0.00 0
135666 0.00 0.00 0.00 0
135667 0.00 0.00 0.00 0
135668 0.00 0.00 0.00 0
135669 0.00 0.00 0.00 0
135670 0.00 0.00 0.00 0
135671 0.00 0.00 0.00 0
135672 0.00 0.00 0.00 0
135673 0.00 0.00 0.00 0
135907 0.00 0.00 0.00 0
135908 0.00 0.00 0.00 0
135909 0.00 0.00 0.00 0
135910 0.00 0.00 0.00 0
135911 0.00 0.00 0.00 0
135912 0.00 0.00 0.00 0
135913 0.00 0.00 0.00 0
135914 0.00 0.00 0.00 0
135918 0.00 0.00 0.00 0
135919 0.00 0.00 0.00 0
135920 0.00 0.00 0.00 0
135922 0.00 0.00 0.00 0
135923 0.00 0.00 0.00 0
135924 0.00 0.00 0.00 0
136991 0.00 0.00 0.00 0
136992 0.00 0.00 0.00 0
136993 0.00 0.00 0.00 0
136994 0.00 0.00 0.00 0
136995 0.00 0.00 0.00 0
136997 0.00 0.00 0.00 0
136998 0.00 0.00 0.00 0
136999 0.00 0.00 0.00 0
137000 0.00 0.00 0.00 0
137001 0.00 0.00 0.00 0
137012 0.00 0.00 0.00 0
137013 0.00 0.00 0.00 0
137016 0.00 0.00 0.00 0
137017 0.00 0.00 0.00 0
137018 0.00 0.00 0.00 0
139275 0.00 0.00 0.00 0
139276 0.00 0.00 0.00 0
139284 0.00 0.00 0.00 0
139285 0.00 0.00 0.00 0
141884 0.00 0.00 0.00 0
141885 0.00 0.00 0.00 0
141886 0.00 0.00 0.00 0
141887 0.00 0.00 0.00 0
141888 0.00 0.00 0.00 0
141889 0.00 0.00 0.00 0
141890 0.00 0.00 0.00 0
141891 0.00 0.00 0.00 0
141892 0.00 0.00 0.00 0
141893 0.00 0.00 0.00 0
141894 0.00 0.00 0.00 0
142290 0.00 0.00 0.00 0
142291 0.00 0.00 0.00 0
142292 0.00 0.00 0.00 0
142293 0.00 0.00 0.00 0
142294 0.00 0.00 0.00 0
142295 0.00 0.00 0.00 0
142296 0.00 0.00 0.00 0
142297 0.00 0.00 0.00 0
142298 0.00 0.00 0.00 0
142299 0.00 0.00 0.00 0
142300 0.00 0.00 0.00 0
142301 0.00 0.00 0.00 0
142302 0.00 0.00 0.00 0
142303 0.00 0.00 0.00 0
142304 0.00 0.00 0.00 0
142305 0.00 0.00 0.00 0
142306 0.00 0.00 0.00 0
142307 0.00 0.00 0.00 0
142308 0.00 0.00 0.00 0
142309 0.00 0.00 0.00 0
142310 0.00 0.00 0.00 0
142311 0.00 0.00 0.00 0
142312 0.00 0.00 0.00 0
142313 0.00 0.00 0.00 0
142314 0.00 0.00 0.00 0
142315 0.00 0.00 0.00 0
142316 0.00 0.00 0.00 0
142317 0.00 0.00 0.00 0
142318 0.00 0.00 0.00 0
142319 0.00 0.00 0.00 0
142320 0.00 0.00 0.00 0
142321 0.00 0.00 0.00 0
142322 0.00 0.00 0.00 0
142323 0.00 0.00 0.00 0
142324 0.00 0.00 0.00 0
142325 0.00 0.00 0.00 0
142342 0.00 0.00 0.00 0
142343 0.00 0.00 0.00 0
142344 0.00 0.00 0.00 0
142345 0.00 0.00 0.00 0
142346 0.00 0.00 0.00 0
142347 0.00 0.00 0.00 0
142348 0.00 0.00 0.00 0
142349 0.00 0.00 0.00 0
142350 0.00 0.00 0.00 0
142351 0.00 0.00 0.00 0
142352 0.00 0.00 0.00 0
142353 0.00 0.00 0.00 0
142354 0.00 0.00 0.00 0
142355 0.00 0.00 0.00 0
142356 0.00 0.00 0.00 0
142357 0.00 0.00 0.00 0
142358 0.00 0.00 0.00 0
142359 0.00 0.00 0.00 0
142360 0.00 0.00 0.00 0
142361 0.00 0.00 0.00 0
142363 0.00 0.00 0.00 0
142364 0.00 0.00 0.00 0
142365 0.00 0.00 0.00 0
142366 0.00 0.00 0.00 0
142367 0.00 0.00 0.00 0
142368 0.00 0.00 0.00 0
142369 0.00 0.00 0.00 0
142370 0.00 0.00 0.00 0
142371 0.00 0.00 0.00 0
142372 0.00 0.00 0.00 0
142373 0.00 0.00 0.00 0
142374 0.00 0.00 0.00 0
142375 0.00 0.00 0.00 0
142376 0.00 0.00 0.00 0
142377 0.00 0.00 0.00 0
142378 0.00 0.00 0.00 0
142571 0.00 0.00 0.00 0
142572 0.00 0.00 0.00 0
142596 0.00 0.00 0.00 0
142597 0.00 0.00 0.00 0
142598 0.00 0.00 0.00 0
142599 0.00 0.00 0.00 0
142600 0.00 0.00 0.00 0
142601 0.00 0.00 0.00 0
142602 0.00 0.00 0.00 0
142603 0.00 0.00 0.00 0
142604 0.00 0.00 0.00 0
142605 0.00 0.00 0.00 0
142606 0.00 0.00 0.00 0
142607 0.00 0.00 0.00 0
142608 0.00 0.00 0.00 0
142609 0.00 0.00 0.00 0
142610 0.00 0.00 0.00 0
142611 0.00 0.00 0.00 0
142612 0.00 0.00 0.00 0
142613 0.00 0.00 0.00 0
142614 0.00 0.00 0.00 0
142615 0.00 0.00 0.00 0
142616 0.00 0.00 0.00 0
142617 0.00 0.00 0.00 0
142618 0.00 0.00 0.00 0
142619 0.00 0.00 0.00 0
142620 0.00 0.00 0.00 0
142621 0.00 0.00 0.00 0
142622 0.00 0.00 0.00 0
142623 0.00 0.00 0.00 0
142624 0.00 0.00 0.00 0
142625 0.00 0.00 0.00 0
142626 0.00 0.00 0.00 0
156550 0.00 0.00 0.00 0
156551 0.00 0.00 0.00 0
156552 0.00 0.00 0.00 0
156553 0.00 0.00 0.00 0
156554 0.00 0.00 0.00 0
156555 0.00 0.00 0.00 0
156556 0.00 0.00 0.00 0
156557 0.00 0.00 0.00 0
156558 0.00 0.00 0.00 0
156559 0.00 0.00 0.00 0
156560 0.00 0.00 0.00 0
156561 0.00 0.00 0.00 0
156562 0.00 0.00 0.00 0
156563 0.00 0.00 0.00 0
156564 0.00 0.00 0.00 0
156565 0.00 0.00 0.00 0
156566 0.00 0.00 0.00 0
156567 0.00 0.00 0.00 0
156568 0.00 0.00 0.00 0
156569 0.00 0.00 0.00 0
156570 0.00 0.00 0.00 0
156571 0.00 0.00 0.00 0
156572 0.00 0.00 0.00 0
156573 0.00 0.00 0.00 0
156574 0.00 0.00 0.00 0
156575 0.00 0.00 0.00 0
156576 0.00 0.00 0.00 0
156577 0.00 0.00 0.00 0
156578 0.00 0.00 0.00 0
156579 0.00 0.00 0.00 0
156580 0.00 0.00 0.00 0
156581 0.00 0.00 0.00 0
156582 0.00 0.00 0.00 0
156583 0.00 0.00 0.00 0
156584 0.00 0.00 0.00 0
156585 0.00 0.00 0.00 0
156586 0.00 0.00 0.00 0
156587 0.00 0.00 0.00 0
156588 0.00 0.00 0.00 0
156589 0.00 0.00 0.00 0
156590 0.00 0.00 0.00 0
156591 0.00 0.00 0.00 0
156592 0.00 0.00 0.00 0
156593 0.00 0.00 0.00 0
156594 0.00 0.00 0.00 0
156595 0.00 0.00 0.00 0
156596 0.00 0.00 0.00 0
156597 0.00 0.00 0.00 0
156598 0.00 0.00 0.00 0
156599 0.00 0.00 0.00 0
156600 0.00 0.00 0.00 0
156601 0.00 0.00 0.00 0
156602 0.00 0.00 0.00 0
156603 0.00 0.00 0.00 0
156604 0.00 0.00 0.00 0
156605 0.00 0.00 0.00 0
156606 0.00 0.00 0.00 0
156607 0.00 0.00 0.00 0
156608 0.00 0.00 0.00 0
156609 0.00 0.00 0.00 0
156610 0.00 0.00 0.00 0
156615 0.00 0.00 0.00 0
156633 0.00 0.00 0.00 0
156634 0.00 0.00 0.00 0
156635 0.00 0.00 0.00 0
156636 0.00 0.00 0.00 0
156637 0.00 0.00 0.00 0
156638 0.00 0.00 0.00 0
156639 0.00 0.00 0.00 0
156640 0.00 0.00 0.00 0
156641 0.00 0.00 0.00 0
156642 0.00 0.00 0.00 0
156643 0.00 0.00 0.00 0
156644 0.00 0.00 0.00 0
156645 0.00 0.00 0.00 0
156646 0.00 0.00 0.00 0
156647 0.00 0.00 0.00 0
156648 0.00 0.00 0.00 0
156649 0.00 0.00 0.00 0
156650 0.00 0.00 0.00 0
156651 0.00 0.00 0.00 0
156652 0.00 0.00 0.00 0
156653 0.00 0.00 0.00 0
156654 0.00 0.00 0.00 0
156655 0.00 0.00 0.00 0
156656 0.00 0.00 0.00 0
156657 0.00 0.00 0.00 0
156658 0.00 0.00 0.00 0
156659 0.00 0.00 0.00 0
156667 0.00 0.00 0.00 0
156668 0.00 0.00 0.00 0
156675 0.00 0.00 0.00 0
156676 0.00 0.00 0.00 0
156677 0.00 0.00 0.00 0
156678 0.00 0.00 0.00 0
156679 0.00 0.00 0.00 0
156680 0.00 0.00 0.00 0
156681 0.00 0.00 0.00 0
156682 0.00 0.00 0.00 0
156683 0.00 0.00 0.00 0
156684 0.00 0.00 0.00 0
156685 0.00 0.00 0.00 0
156686 0.00 0.00 0.00 0
156687 0.00 0.00 0.00 0
156688 0.00 0.00 0.00 0
157828 0.00 0.00 0.00 0
157836 0.00 0.00 0.00 0
157837 0.00 0.00 0.00 0
157838 0.00 0.00 0.00 0
157839 0.00 0.00 0.00 0
157840 0.00 0.00 0.00 0
157841 0.00 0.00 0.00 0
157842 0.00 0.00 0.00 0
157843 0.00 0.00 0.00 0
157844 0.00 0.00 0.00 0
157845 0.00 0.00 0.00 0
157846 0.00 0.00 0.00 0
157847 0.00 0.00 0.00 0
157848 0.00 0.00 0.00 0
157849 0.00 0.00 0.00 0
157850 0.00 0.00 0.00 0
157851 0.00 0.00 0.00 0
157852 0.00 0.00 0.00 0
157853 0.00 0.00 0.00 0
157854 0.00 0.00 0.00 0
157855 0.00 0.00 0.00 0
157856 0.00 0.00 0.00 0
157857 0.00 0.00 0.00 0
157858 0.00 0.00 0.00 0
157859 0.00 0.00 0.00 0
157860 0.00 0.00 0.00 0
157861 0.00 0.00 0.00 0
157862 0.00 0.00 0.00 0
157863 0.00 0.00 0.00 0
157864 0.00 0.00 0.00 0
157865 0.00 0.00 0.00 0
157866 0.00 0.00 0.00 0
157867 0.00 0.00 0.00 0
157868 0.00 0.00 0.00 0
157869 0.00 0.00 0.00 0
157870 0.00 0.00 0.00 0
157871 0.00 0.00 0.00 0
157872 0.00 0.00 0.00 0
157873 0.00 0.00 0.00 0
157874 0.00 0.00 0.00 0
157875 0.00 0.00 0.00 0
157876 0.00 0.00 0.00 0
157877 0.00 0.00 0.00 0
157878 0.00 0.00 0.00 0
157879 0.00 0.00 0.00 0
157880 0.00 0.00 0.00 0
157881 0.00 0.00 0.00 0
157882 0.00 0.00 0.00 0
157883 0.00 0.00 0.00 0
157884 0.00 0.00 0.00 0
157885 0.00 0.00 0.00 0
157886 0.00 0.00 0.00 0
157887 0.00 0.00 0.00 0
157888 0.00 0.00 0.00 0
157889 0.00 0.00 0.00 0
157890 0.00 0.00 0.00 0
157891 0.00 0.00 0.00 0
157892 0.00 0.00 0.00 0
157893 0.00 0.00 0.00 0
157894 0.00 0.00 0.00 0
157895 0.00 0.00 0.00 0
157896 0.00 0.00 0.00 0
157897 0.00 0.00 0.00 0
157898 0.00 0.00 0.00 0
157899 0.00 0.00 0.00 0
157900 0.00 0.00 0.00 0
157901 0.00 0.00 0.00 0
157902 0.00 0.00 0.00 0
157903 0.00 0.00 0.00 0
157904 0.00 0.00 0.00 0
157905 0.00 0.00 0.00 0
157906 0.00 0.00 0.00 0
157907 0.00 0.00 0.00 0
157908 0.00 0.00 0.00 0
157909 0.00 0.00 0.00 0
157910 0.00 0.00 0.00 0
157911 0.00 0.00 0.00 0
157912 0.00 0.00 0.00 0
157913 0.00 0.00 0.00 0
157914 0.00 0.00 0.00 0
157915 0.00 0.00 0.00 0
157916 0.00 0.00 0.00 0
157917 0.00 0.00 0.00 0
157918 0.00 0.00 0.00 0
157919 0.00 0.00 0.00 0
157920 0.00 0.00 0.00 0
157921 0.00 0.00 0.00 0
157922 0.00 0.00 0.00 0
157923 0.00 0.00 0.00 0
157924 0.00 0.00 0.00 0
157925 0.00 0.00 0.00 0
157926 0.00 0.00 0.00 0
157927 0.00 0.00 0.00 0
158605 0.00 0.00 0.00 0
158683 0.00 0.00 0.00 0
158684 0.00 0.00 0.00 0
158685 0.00 0.00 0.00 0
158704 0.00 0.00 0.00 0
158705 0.00 0.00 0.00 0
158706 0.00 0.00 0.00 0
158708 0.00 0.00 0.00 0
158709 0.00 0.00 0.00 0
158710 0.00 0.00 0.00 0
158711 0.00 0.00 0.00 0
158712 0.00 0.00 0.00 0
158713 0.00 0.00 0.00 0
158714 0.00 0.00 0.00 0
158715 0.00 0.00 0.00 0
161656 0.00 0.00 0.00 0
161657 0.00 0.00 0.00 0
161658 0.00 0.00 0.00 0
161659 0.00 0.00 0.00 0
161660 0.00 0.00 0.00 0
161661 0.00 0.00 0.00 0
161662 0.00 0.00 0.00 0
161663 0.00 0.00 0.00 0
161664 0.00 0.00 0.00 0
161665 0.00 0.00 0.00 0
161666 0.00 0.00 0.00 0
161667 0.00 0.00 0.00 0
161668 0.00 0.00 0.00 0
161669 0.00 0.00 0.00 0
161670 0.00 0.00 0.00 0
161671 0.00 0.00 0.00 0
161672 0.00 0.00 0.00 0
161673 0.00 0.00 0.00 0
161674 0.00 0.00 0.00 0
161675 0.00 0.00 0.00 0
161676 0.00 0.00 0.00 0
161677 0.00 0.00 0.00 0
161678 0.00 0.00 0.00 0
161679 0.00 0.00 0.00 0
161680 0.00 0.00 0.00 0
161681 0.00 0.00 0.00 0
161682 0.00 0.00 0.00 0
161683 0.00 0.00 0.00 0
161684 0.00 0.00 0.00 0
161685 0.00 0.00 0.00 0
161686 0.00 0.00 0.00 0
161687 0.00 0.00 0.00 0
161688 0.00 0.00 0.00 0
161689 0.00 0.00 0.00 0
161690 0.00 0.00 0.00 0
161691 0.00 0.00 0.00 0
161692 0.00 0.00 0.00 0
161697 0.00 0.00 0.00 0
161698 0.00 0.00 0.00 0
161699 0.00 0.00 0.00 0
161700 0.00 0.00 0.00 0
161701 0.00 0.00 0.00 0
161702 0.00 0.00 0.00 0
161703 0.00 0.00 0.00 0
161705 0.00 0.00 0.00 0
161706 0.00 0.00 0.00 0
161707 0.00 0.00 0.00 0
161708 0.00 0.00 0.00 0
161709 0.00 0.00 0.00 0
161710 0.00 0.00 0.00 0
