# G_occipital_sup
1316
70 0.00 0.00 0.00 0
140 0.00 0.00 0.00 0
302 0.00 0.00 0.00 0
303 0.00 0.00 0.00 0
1267 0.00 0.00 0.00 0
1270 0.00 0.00 0.00 0
1271 0.00 0.00 0.00 0
1272 0.00 0.00 0.00 0
1274 0.00 0.00 0.00 0
1696 0.00 0.00 0.00 0
1697 0.00 0.00 0.00 0
1698 0.00 0.00 0.00 0
1699 0.00 0.00 0.00 0
1700 0.00 0.00 0.00 0
1701 0.00 0.00 0.00 0
1702 0.00 0.00 0.00 0
1929 0.00 0.00 0.00 0
1932 0.00 0.00 0.00 0
1933 0.00 0.00 0.00 0
2359 0.00 0.00 0.00 0
3187 0.00 0.00 0.00 0
3188 0.00 0.00 0.00 0
3189 0.00 0.00 0.00 0
3190 0.00 0.00 0.00 0
3191 0.00 0.00 0.00 0
3192 0.00 0.00 0.00 0
3193 0.00 0.00 0.00 0
3194 0.00 0.00 0.00 0
3195 0.00 0.00 0.00 0
3787 0.00 0.00 0.00 0
3788 0.00 0.00 0.00 0
3789 0.00 0.00 0.00 0
3791 0.00 0.00 0.00 0
3792 0.00 0.00 0.00 0
3793 0.00 0.00 0.00 0
3794 0.00 0.00 0.00 0
3795 0.00 0.00 0.00 0
3796 0.00 0.00 0.00 0
4235 0.00 0.00 0.00 0
4244 0.00 0.00 0.00 0
4245 0.00 0.00 0.00 0
4246 0.00 0.00 0.00 0
5250 0.00 0.00 0.00 0
5251 0.00 0.00 0.00 0
5252 0.00 0.00 0.00 0
6017 0.00 0.00 0.00 0
6291 0.00 0.00 0.00 0
6894 0.00 0.00 0.00 0
6895 0.00 0.00 0.00 0
6896 0.00 0.00 0.00 0
6897 0.00 0.00 0.00 0
6898 0.00 0.00 0.00 0
6900 0.00 0.00 0.00 0
6901 0.00 0.00 0.00 0
6904 0.00 0.00 0.00 0
6905 0.00 0.00 0.00 0
7798 0.00 0.00 0.00 0
7799 0.00 0.00 0.00 0
7800 0.00 0.00 0.00 0
7801 0.00 0.00 0.00 0
7802 0.00 0.00 0.00 0
7803 0.00 0.00 0.00 0
7804 0.00 0.00 0.00 0
7805 0.00 0.00 0.00 0
7806 0.00 0.00 0.00 0
7807 0.00 0.00 0.00 0
7808 0.00 0.00 0.00 0
7809 0.00 0.00 0.00 0
7810 0.00 0.00 0.00 0
7811 0.00 0.00 0.00 0
8390 0.00 0.00 0.00 0
8391 0.00 0.00 0.00 0
8399 0.00 0.00 0.00 0
8400 0.00 0.00 0.00 0
8401 0.00 0.00 0.00 0
8402 0.00 0.00 0.00 0
8403 0.00 0.00 0.00 0
9631 0.00 0.00 0.00 0
9634 0.00 0.00 0.00 0
9658 0.00 0.00 0.00 0
10867 0.00 0.00 0.00 0
10868 0.00 0.00 0.00 0
10869 0.00 0.00 0.00 0
10870 0.00 0.00 0.00 0
10871 0.00 0.00 0.00 0
10872 0.00 0.00 0.00 0
10873 0.00 0.00 0.00 0
10874 0.00 0.00 0.00 0
10875 0.00 0.00 0.00 0
10876 0.00 0.00 0.00 0
11467 0.00 0.00 0.00 0
11468 0.00 0.00 0.00 0
11469 0.00 0.00 0.00 0
11471 0.00 0.00 0.00 0
11472 0.00 0.00 0.00 0
11473 0.00 0.00 0.00 0
11474 0.00 0.00 0.00 0
11475 0.00 0.00 0.00 0
11476 0.00 0.00 0.00 0
11924 0.00 0.00 0.00 0
11925 0.00 0.00 0.00 0
11926 0.00 0.00 0.00 0
12930 0.00 0.00 0.00 0
12931 0.00 0.00 0.00 0
12932 0.00 0.00 0.00 0
15322 0.00 0.00 0.00 0
15324 0.00 0.00 0.00 0
15325 0.00 0.00 0.00 0
15330 0.00 0.00 0.00 0
15331 0.00 0.00 0.00 0
15332 0.00 0.00 0.00 0
15333 0.00 0.00 0.00 0
15334 0.00 0.00 0.00 0
15335 0.00 0.00 0.00 0
15337 0.00 0.00 0.00 0
15338 0.00 0.00 0.00 0
15339 0.00 0.00 0.00 0
15340 0.00 0.00 0.00 0
15341 0.00 0.00 0.00 0
15342 0.00 0.00 0.00 0
15346 0.00 0.00 0.00 0
15348 0.00 0.00 0.00 0
17122 0.00 0.00 0.00 0
17123 0.00 0.00 0.00 0
17124 0.00 0.00 0.00 0
17125 0.00 0.00 0.00 0
17126 0.00 0.00 0.00 0
17127 0.00 0.00 0.00 0
17128 0.00 0.00 0.00 0
17129 0.00 0.00 0.00 0
17131 0.00 0.00 0.00 0
17132 0.00 0.00 0.00 0
17133 0.00 0.00 0.00 0
17134 0.00 0.00 0.00 0
17135 0.00 0.00 0.00 0
17136 0.00 0.00 0.00 0
17137 0.00 0.00 0.00 0
17138 0.00 0.00 0.00 0
17139 0.00 0.00 0.00 0
17140 0.00 0.00 0.00 0
17141 0.00 0.00 0.00 0
17142 0.00 0.00 0.00 0
17143 0.00 0.00 0.00 0
17144 0.00 0.00 0.00 0
17145 0.00 0.00 0.00 0
17146 0.00 0.00 0.00 0
17147 0.00 0.00 0.00 0
17148 0.00 0.00 0.00 0
17149 0.00 0.00 0.00 0
17151 0.00 0.00 0.00 0
17158 0.00 0.00 0.00 0
17159 0.00 0.00 0.00 0
18467 0.00 0.00 0.00 0
18468 0.00 0.00 0.00 0
18469 0.00 0.00 0.00 0
18470 0.00 0.00 0.00 0
18471 0.00 0.00 0.00 0
18490 0.00 0.00 0.00 0
18491 0.00 0.00 0.00 0
18492 0.00 0.00 0.00 0
18493 0.00 0.00 0.00 0
18494 0.00 0.00 0.00 0
18495 0.00 0.00 0.00 0
18496 0.00 0.00 0.00 0
18497 0.00 0.00 0.00 0
18498 0.00 0.00 0.00 0
18499 0.00 0.00 0.00 0
18500 0.00 0.00 0.00 0
18501 0.00 0.00 0.00 0
18503 0.00 0.00 0.00 0
21510 0.00 0.00 0.00 0
21511 0.00 0.00 0.00 0
21512 0.00 0.00 0.00 0
21513 0.00 0.00 0.00 0
21514 0.00 0.00 0.00 0
21515 0.00 0.00 0.00 0
21518 0.00 0.00 0.00 0
21519 0.00 0.00 0.00 0
21520 0.00 0.00 0.00 0
21577 0.00 0.00 0.00 0
21578 0.00 0.00 0.00 0
21579 0.00 0.00 0.00 0
24169 0.00 0.00 0.00 0
24170 0.00 0.00 0.00 0
24171 0.00 0.00 0.00 0
24172 0.00 0.00 0.00 0
24173 0.00 0.00 0.00 0
24174 0.00 0.00 0.00 0
24175 0.00 0.00 0.00 0
24176 0.00 0.00 0.00 0
24177 0.00 0.00 0.00 0
24178 0.00 0.00 0.00 0
24179 0.00 0.00 0.00 0
24180 0.00 0.00 0.00 0
24181 0.00 0.00 0.00 0
24182 0.00 0.00 0.00 0
24183 0.00 0.00 0.00 0
24184 0.00 0.00 0.00 0
24185 0.00 0.00 0.00 0
25249 0.00 0.00 0.00 0
25250 0.00 0.00 0.00 0
25251 0.00 0.00 0.00 0
25252 0.00 0.00 0.00 0
25253 0.00 0.00 0.00 0
25255 0.00 0.00 0.00 0
25257 0.00 0.00 0.00 0
25258 0.00 0.00 0.00 0
25259 0.00 0.00 0.00 0
25260 0.00 0.00 0.00 0
25261 0.00 0.00 0.00 0
25262 0.00 0.00 0.00 0
25263 0.00 0.00 0.00 0
25264 0.00 0.00 0.00 0
25265 0.00 0.00 0.00 0
25266 0.00 0.00 0.00 0
26058 0.00 0.00 0.00 0
26071 0.00 0.00 0.00 0
26072 0.00 0.00 0.00 0
26073 0.00 0.00 0.00 0
26074 0.00 0.00 0.00 0
26075 0.00 0.00 0.00 0
26076 0.00 0.00 0.00 0
27882 0.00 0.00 0.00 0
27883 0.00 0.00 0.00 0
27884 0.00 0.00 0.00 0
27885 0.00 0.00 0.00 0
27886 0.00 0.00 0.00 0
27887 0.00 0.00 0.00 0
27888 0.00 0.00 0.00 0
29398 0.00 0.00 0.00 0
29399 0.00 0.00 0.00 0
31446 0.00 0.00 0.00 0
31447 0.00 0.00 0.00 0
31448 0.00 0.00 0.00 0
31449 0.00 0.00 0.00 0
31450 0.00 0.00 0.00 0
31451 0.00 0.00 0.00 0
31452 0.00 0.00 0.00 0
31453 0.00 0.00 0.00 0
31459 0.00 0.00 0.00 0
31460 0.00 0.00 0.00 0
31461 0.00 0.00 0.00 0
31462 0.00 0.00 0.00 0
31463 0.00 0.00 0.00 0
31470 0.00 0.00 0.00 0
31471 0.00 0.00 0.00 0
31472 0.00 0.00 0.00 0
31473 0.00 0.00 0.00 0
33784 0.00 0.00 0.00 0
33785 0.00 0.00 0.00 0
33786 0.00 0.00 0.00 0
33787 0.00 0.00 0.00 0
33788 0.00 0.00 0.00 0
33789 0.00 0.00 0.00 0
33790 0.00 0.00 0.00 0
33791 0.00 0.00 0.00 0
33792 0.00 0.00 0.00 0
33793 0.00 0.00 0.00 0
33794 0.00 0.00 0.00 0
33795 0.00 0.00 0.00 0
33796 0.00 0.00 0.00 0
33797 0.00 0.00 0.00 0
33798 0.00 0.00 0.00 0
33799 0.00 0.00 0.00 0
33800 0.00 0.00 0.00 0
33801 0.00 0.00 0.00 0
33802 0.00 0.00 0.00 0
33803 0.00 0.00 0.00 0
33804 0.00 0.00 0.00 0
33805 0.00 0.00 0.00 0
33806 0.00 0.00 0.00 0
33807 0.00 0.00 0.00 0
33808 0.00 0.00 0.00 0
33809 0.00 0.00 0.00 0
33810 0.00 0.00 0.00 0
33811 0.00 0.00 0.00 0
33812 0.00 0.00 0.00 0
33813 0.00 0.00 0.00 0
33814 0.00 0.00 0.00 0
33815 0.00 0.00 0.00 0
33816 0.00 0.00 0.00 0
33817 0.00 0.00 0.00 0
33818 0.00 0.00 0.00 0
33819 0.00 0.00 0.00 0
33825 0.00 0.00 0.00 0
33828 0.00 0.00 0.00 0
33829 0.00 0.00 0.00 0
35451 0.00 0.00 0.00 0
35453 0.00 0.00 0.00 0
35454 0.00 0.00 0.00 0
35455 0.00 0.00 0.00 0
35456 0.00 0.00 0.00 0
35457 0.00 0.00 0.00 0
35478 0.00 0.00 0.00 0
35480 0.00 0.00 0.00 0
35481 0.00 0.00 0.00 0
35482 0.00 0.00 0.00 0
35483 0.00 0.00 0.00 0
35484 0.00 0.00 0.00 0
35485 0.00 0.00 0.00 0
35486 0.00 0.00 0.00 0
35487 0.00 0.00 0.00 0
35488 0.00 0.00 0.00 0
35489 0.00 0.00 0.00 0
35490 0.00 0.00 0.00 0
35491 0.00 0.00 0.00 0
35492 0.00 0.00 0.00 0
35493 0.00 0.00 0.00 0
35494 0.00 0.00 0.00 0
35495 0.00 0.00 0.00 0
35496 0.00 0.00 0.00 0
35499 0.00 0.00 0.00 0
35500 0.00 0.00 0.00 0
35501 0.00 0.00 0.00 0
35502 0.00 0.00 0.00 0
39127 0.00 0.00 0.00 0
39128 0.00 0.00 0.00 0
39129 0.00 0.00 0.00 0
39130 0.00 0.00 0.00 0
39131 0.00 0.00 0.00 0
39136 0.00 0.00 0.00 0
39137 0.00 0.00 0.00 0
39138 0.00 0.00 0.00 0
39139 0.00 0.00 0.00 0
39140 0.00 0.00 0.00 0
39141 0.00 0.00 0.00 0
39208 0.00 0.00 0.00 0
39211 0.00 0.00 0.00 0
39212 0.00 0.00 0.00 0
41587 0.00 0.00 0.00 0
41588 0.00 0.00 0.00 0
41589 0.00 0.00 0.00 0
41590 0.00 0.00 0.00 0
41591 0.00 0.00 0.00 0
41592 0.00 0.00 0.00 0
41593 0.00 0.00 0.00 0
41594 0.00 0.00 0.00 0
41595 0.00 0.00 0.00 0
41596 0.00 0.00 0.00 0
42187 0.00 0.00 0.00 0
42188 0.00 0.00 0.00 0
42189 0.00 0.00 0.00 0
42191 0.00 0.00 0.00 0
42192 0.00 0.00 0.00 0
42193 0.00 0.00 0.00 0
42194 0.00 0.00 0.00 0
42195 0.00 0.00 0.00 0
42645 0.00 0.00 0.00 0
43650 0.00 0.00 0.00 0
43651 0.00 0.00 0.00 0
43652 0.00 0.00 0.00 0
46042 0.00 0.00 0.00 0
46043 0.00 0.00 0.00 0
46044 0.00 0.00 0.00 0
46050 0.00 0.00 0.00 0
46051 0.00 0.00 0.00 0
46052 0.00 0.00 0.00 0
46053 0.00 0.00 0.00 0
46054 0.00 0.00 0.00 0
46055 0.00 0.00 0.00 0
46056 0.00 0.00 0.00 0
46057 0.00 0.00 0.00 0
46058 0.00 0.00 0.00 0
46059 0.00 0.00 0.00 0
46060 0.00 0.00 0.00 0
46061 0.00 0.00 0.00 0
46062 0.00 0.00 0.00 0
46063 0.00 0.00 0.00 0
46064 0.00 0.00 0.00 0
46065 0.00 0.00 0.00 0
46066 0.00 0.00 0.00 0
47842 0.00 0.00 0.00 0
47843 0.00 0.00 0.00 0
47844 0.00 0.00 0.00 0
47845 0.00 0.00 0.00 0
47846 0.00 0.00 0.00 0
47847 0.00 0.00 0.00 0
47848 0.00 0.00 0.00 0
47849 0.00 0.00 0.00 0
47851 0.00 0.00 0.00 0
47852 0.00 0.00 0.00 0
47853 0.00 0.00 0.00 0
47854 0.00 0.00 0.00 0
47855 0.00 0.00 0.00 0
47856 0.00 0.00 0.00 0
47857 0.00 0.00 0.00 0
47858 0.00 0.00 0.00 0
47859 0.00 0.00 0.00 0
47860 0.00 0.00 0.00 0
47861 0.00 0.00 0.00 0
47862 0.00 0.00 0.00 0
47863 0.00 0.00 0.00 0
47864 0.00 0.00 0.00 0
47865 0.00 0.00 0.00 0
47866 0.00 0.00 0.00 0
47867 0.00 0.00 0.00 0
47868 0.00 0.00 0.00 0
47869 0.00 0.00 0.00 0
47870 0.00 0.00 0.00 0
47871 0.00 0.00 0.00 0
47878 0.00 0.00 0.00 0
49187 0.00 0.00 0.00 0
49188 0.00 0.00 0.00 0
49189 0.00 0.00 0.00 0
49190 0.00 0.00 0.00 0
49191 0.00 0.00 0.00 0
49210 0.00 0.00 0.00 0
49211 0.00 0.00 0.00 0
49212 0.00 0.00 0.00 0
49213 0.00 0.00 0.00 0
49214 0.00 0.00 0.00 0
49215 0.00 0.00 0.00 0
49216 0.00 0.00 0.00 0
49217 0.00 0.00 0.00 0
49218 0.00 0.00 0.00 0
49219 0.00 0.00 0.00 0
49220 0.00 0.00 0.00 0
49221 0.00 0.00 0.00 0
52230 0.00 0.00 0.00 0
52231 0.00 0.00 0.00 0
52232 0.00 0.00 0.00 0
52233 0.00 0.00 0.00 0
52234 0.00 0.00 0.00 0
52235 0.00 0.00 0.00 0
52236 0.00 0.00 0.00 0
52237 0.00 0.00 0.00 0
52238 0.00 0.00 0.00 0
52239 0.00 0.00 0.00 0
52240 0.00 0.00 0.00 0
52297 0.00 0.00 0.00 0
52298 0.00 0.00 0.00 0
52299 0.00 0.00 0.00 0
55642 0.00 0.00 0.00 0
55643 0.00 0.00 0.00 0
55644 0.00 0.00 0.00 0
55645 0.00 0.00 0.00 0
55646 0.00 0.00 0.00 0
55647 0.00 0.00 0.00 0
55648 0.00 0.00 0.00 0
55649 0.00 0.00 0.00 0
55650 0.00 0.00 0.00 0
55651 0.00 0.00 0.00 0
55652 0.00 0.00 0.00 0
55653 0.00 0.00 0.00 0
55654 0.00 0.00 0.00 0
55655 0.00 0.00 0.00 0
55656 0.00 0.00 0.00 0
55657 0.00 0.00 0.00 0
55658 0.00 0.00 0.00 0
55659 0.00 0.00 0.00 0
55660 0.00 0.00 0.00 0
55661 0.00 0.00 0.00 0
55662 0.00 0.00 0.00 0
55663 0.00 0.00 0.00 0
55664 0.00 0.00 0.00 0
55665 0.00 0.00 0.00 0
55666 0.00 0.00 0.00 0
55667 0.00 0.00 0.00 0
55668 0.00 0.00 0.00 0
55669 0.00 0.00 0.00 0
57442 0.00 0.00 0.00 0
57443 0.00 0.00 0.00 0
57444 0.00 0.00 0.00 0
57445 0.00 0.00 0.00 0
57446 0.00 0.00 0.00 0
57447 0.00 0.00 0.00 0
57448 0.00 0.00 0.00 0
57449 0.00 0.00 0.00 0
57453 0.00 0.00 0.00 0
57454 0.00 0.00 0.00 0
57455 0.00 0.00 0.00 0
57456 0.00 0.00 0.00 0
57457 0.00 0.00 0.00 0
57458 0.00 0.00 0.00 0
57459 0.00 0.00 0.00 0
57460 0.00 0.00 0.00 0
57461 0.00 0.00 0.00 0
57462 0.00 0.00 0.00 0
57463 0.00 0.00 0.00 0
57464 0.00 0.00 0.00 0
57465 0.00 0.00 0.00 0
57466 0.00 0.00 0.00 0
57467 0.00 0.00 0.00 0
57468 0.00 0.00 0.00 0
57469 0.00 0.00 0.00 0
57470 0.00 0.00 0.00 0
57471 0.00 0.00 0.00 0
58790 0.00 0.00 0.00 0
58810 0.00 0.00 0.00 0
58811 0.00 0.00 0.00 0
58812 0.00 0.00 0.00 0
58813 0.00 0.00 0.00 0
58814 0.00 0.00 0.00 0
58815 0.00 0.00 0.00 0
58816 0.00 0.00 0.00 0
58817 0.00 0.00 0.00 0
58818 0.00 0.00 0.00 0
58819 0.00 0.00 0.00 0
58820 0.00 0.00 0.00 0
58821 0.00 0.00 0.00 0
61830 0.00 0.00 0.00 0
61831 0.00 0.00 0.00 0
61832 0.00 0.00 0.00 0
61833 0.00 0.00 0.00 0
61834 0.00 0.00 0.00 0
61835 0.00 0.00 0.00 0
61836 0.00 0.00 0.00 0
61837 0.00 0.00 0.00 0
61838 0.00 0.00 0.00 0
61839 0.00 0.00 0.00 0
61840 0.00 0.00 0.00 0
64643 0.00 0.00 0.00 0
69015 0.00 0.00 0.00 0
69016 0.00 0.00 0.00 0
69017 0.00 0.00 0.00 0
69030 0.00 0.00 0.00 0
69031 0.00 0.00 0.00 0
69032 0.00 0.00 0.00 0
69033 0.00 0.00 0.00 0
69034 0.00 0.00 0.00 0
69035 0.00 0.00 0.00 0
69036 0.00 0.00 0.00 0
69037 0.00 0.00 0.00 0
69038 0.00 0.00 0.00 0
69039 0.00 0.00 0.00 0
69040 0.00 0.00 0.00 0
69041 0.00 0.00 0.00 0
69042 0.00 0.00 0.00 0
69043 0.00 0.00 0.00 0
69044 0.00 0.00 0.00 0
69045 0.00 0.00 0.00 0
69046 0.00 0.00 0.00 0
69048 0.00 0.00 0.00 0
69054 0.00 0.00 0.00 0
69055 0.00 0.00 0.00 0
69056 0.00 0.00 0.00 0
69057 0.00 0.00 0.00 0
69058 0.00 0.00 0.00 0
69059 0.00 0.00 0.00 0
69060 0.00 0.00 0.00 0
69061 0.00 0.00 0.00 0
69062 0.00 0.00 0.00 0
69063 0.00 0.00 0.00 0
69064 0.00 0.00 0.00 0
69065 0.00 0.00 0.00 0
69066 0.00 0.00 0.00 0
69067 0.00 0.00 0.00 0
69077 0.00 0.00 0.00 0
69079 0.00 0.00 0.00 0
69081 0.00 0.00 0.00 0
69082 0.00 0.00 0.00 0
69083 0.00 0.00 0.00 0
69084 0.00 0.00 0.00 0
69085 0.00 0.00 0.00 0
69086 0.00 0.00 0.00 0
69087 0.00 0.00 0.00 0
69088 0.00 0.00 0.00 0
69089 0.00 0.00 0.00 0
74407 0.00 0.00 0.00 0
74408 0.00 0.00 0.00 0
74409 0.00 0.00 0.00 0
74410 0.00 0.00 0.00 0
74411 0.00 0.00 0.00 0
74412 0.00 0.00 0.00 0
74413 0.00 0.00 0.00 0
74414 0.00 0.00 0.00 0
74415 0.00 0.00 0.00 0
74416 0.00 0.00 0.00 0
74417 0.00 0.00 0.00 0
74418 0.00 0.00 0.00 0
74419 0.00 0.00 0.00 0
74420 0.00 0.00 0.00 0
74421 0.00 0.00 0.00 0
74422 0.00 0.00 0.00 0
74423 0.00 0.00 0.00 0
74424 0.00 0.00 0.00 0
74425 0.00 0.00 0.00 0
74426 0.00 0.00 0.00 0
74427 0.00 0.00 0.00 0
74428 0.00 0.00 0.00 0
74429 0.00 0.00 0.00 0
74430 0.00 0.00 0.00 0
74431 0.00 0.00 0.00 0
74432 0.00 0.00 0.00 0
74433 0.00 0.00 0.00 0
74434 0.00 0.00 0.00 0
74435 0.00 0.00 0.00 0
74436 0.00 0.00 0.00 0
74437 0.00 0.00 0.00 0
74438 0.00 0.00 0.00 0
74439 0.00 0.00 0.00 0
74440 0.00 0.00 0.00 0
74441 0.00 0.00 0.00 0
74442 0.00 0.00 0.00 0
74443 0.00 0.00 0.00 0
74444 0.00 0.00 0.00 0
74445 0.00 0.00 0.00 0
74446 0.00 0.00 0.00 0
74447 0.00 0.00 0.00 0
74448 0.00 0.00 0.00 0
74449 0.00 0.00 0.00 0
74450 0.00 0.00 0.00 0
74451 0.00 0.00 0.00 0
74452 0.00 0.00 0.00 0
74453 0.00 0.00 0.00 0
74454 0.00 0.00 0.00 0
74455 0.00 0.00 0.00 0
74456 0.00 0.00 0.00 0
74457 0.00 0.00 0.00 0
74458 0.00 0.00 0.00 0
74459 0.00 0.00 0.00 0
74460 0.00 0.00 0.00 0
74461 0.00 0.00 0.00 0
74462 0.00 0.00 0.00 0
74463 0.00 0.00 0.00 0
74464 0.00 0.00 0.00 0
74465 0.00 0.00 0.00 0
74466 0.00 0.00 0.00 0
74467 0.00 0.00 0.00 0
74468 0.00 0.00 0.00 0
74469 0.00 0.00 0.00 0
74470 0.00 0.00 0.00 0
74471 0.00 0.00 0.00 0
74472 0.00 0.00 0.00 0
74473 0.00 0.00 0.00 0
74474 0.00 0.00 0.00 0
74475 0.00 0.00 0.00 0
74476 0.00 0.00 0.00 0
74477 0.00 0.00 0.00 0
74478 0.00 0.00 0.00 0
74479 0.00 0.00 0.00 0
74480 0.00 0.00 0.00 0
74481 0.00 0.00 0.00 0
74482 0.00 0.00 0.00 0
74483 0.00 0.00 0.00 0
74484 0.00 0.00 0.00 0
74485 0.00 0.00 0.00 0
74486 0.00 0.00 0.00 0
74487 0.00 0.00 0.00 0
74488 0.00 0.00 0.00 0
74489 0.00 0.00 0.00 0
74491 0.00 0.00 0.00 0
74512 0.00 0.00 0.00 0
74513 0.00 0.00 0.00 0
74514 0.00 0.00 0.00 0
74515 0.00 0.00 0.00 0
74516 0.00 0.00 0.00 0
74517 0.00 0.00 0.00 0
78445 0.00 0.00 0.00 0
78446 0.00 0.00 0.00 0
78447 0.00 0.00 0.00 0
78448 0.00 0.00 0.00 0
78449 0.00 0.00 0.00 0
78450 0.00 0.00 0.00 0
78451 0.00 0.00 0.00 0
78452 0.00 0.00 0.00 0
78453 0.00 0.00 0.00 0
78454 0.00 0.00 0.00 0
78455 0.00 0.00 0.00 0
78456 0.00 0.00 0.00 0
78513 0.00 0.00 0.00 0
78514 0.00 0.00 0.00 0
78515 0.00 0.00 0.00 0
78516 0.00 0.00 0.00 0
78517 0.00 0.00 0.00 0
78518 0.00 0.00 0.00 0
78519 0.00 0.00 0.00 0
78520 0.00 0.00 0.00 0
78521 0.00 0.00 0.00 0
78522 0.00 0.00 0.00 0
78523 0.00 0.00 0.00 0
78524 0.00 0.00 0.00 0
78525 0.00 0.00 0.00 0
78526 0.00 0.00 0.00 0
78527 0.00 0.00 0.00 0
78528 0.00 0.00 0.00 0
78529 0.00 0.00 0.00 0
78530 0.00 0.00 0.00 0
78531 0.00 0.00 0.00 0
78532 0.00 0.00 0.00 0
78533 0.00 0.00 0.00 0
78534 0.00 0.00 0.00 0
78535 0.00 0.00 0.00 0
78536 0.00 0.00 0.00 0
78537 0.00 0.00 0.00 0
78538 0.00 0.00 0.00 0
78539 0.00 0.00 0.00 0
78540 0.00 0.00 0.00 0
78541 0.00 0.00 0.00 0
78542 0.00 0.00 0.00 0
78543 0.00 0.00 0.00 0
78544 0.00 0.00 0.00 0
78545 0.00 0.00 0.00 0
78546 0.00 0.00 0.00 0
78547 0.00 0.00 0.00 0
78548 0.00 0.00 0.00 0
78549 0.00 0.00 0.00 0
78551 0.00 0.00 0.00 0
78552 0.00 0.00 0.00 0
78553 0.00 0.00 0.00 0
78554 0.00 0.00 0.00 0
78563 0.00 0.00 0.00 0
78568 0.00 0.00 0.00 0
87570 0.00 0.00 0.00 0
87571 0.00 0.00 0.00 0
87572 0.00 0.00 0.00 0
87573 0.00 0.00 0.00 0
87574 0.00 0.00 0.00 0
87575 0.00 0.00 0.00 0
87576 0.00 0.00 0.00 0
87577 0.00 0.00 0.00 0
87578 0.00 0.00 0.00 0
87579 0.00 0.00 0.00 0
87580 0.00 0.00 0.00 0
87581 0.00 0.00 0.00 0
87582 0.00 0.00 0.00 0
87583 0.00 0.00 0.00 0
87593 0.00 0.00 0.00 0
87594 0.00 0.00 0.00 0
87595 0.00 0.00 0.00 0
87596 0.00 0.00 0.00 0
87597 0.00 0.00 0.00 0
87598 0.00 0.00 0.00 0
87599 0.00 0.00 0.00 0
87600 0.00 0.00 0.00 0
87602 0.00 0.00 0.00 0
87607 0.00 0.00 0.00 0
87772 0.00 0.00 0.00 0
87773 0.00 0.00 0.00 0
87774 0.00 0.00 0.00 0
87775 0.00 0.00 0.00 0
87776 0.00 0.00 0.00 0
87781 0.00 0.00 0.00 0
87782 0.00 0.00 0.00 0
87784 0.00 0.00 0.00 0
93289 0.00 0.00 0.00 0
93290 0.00 0.00 0.00 0
93291 0.00 0.00 0.00 0
93292 0.00 0.00 0.00 0
93293 0.00 0.00 0.00 0
93294 0.00 0.00 0.00 0
93295 0.00 0.00 0.00 0
93296 0.00 0.00 0.00 0
93297 0.00 0.00 0.00 0
93298 0.00 0.00 0.00 0
93299 0.00 0.00 0.00 0
93300 0.00 0.00 0.00 0
93301 0.00 0.00 0.00 0
93302 0.00 0.00 0.00 0
93303 0.00 0.00 0.00 0
93304 0.00 0.00 0.00 0
93305 0.00 0.00 0.00 0
93306 0.00 0.00 0.00 0
94369 0.00 0.00 0.00 0
94370 0.00 0.00 0.00 0
94371 0.00 0.00 0.00 0
94372 0.00 0.00 0.00 0
94373 0.00 0.00 0.00 0
94377 0.00 0.00 0.00 0
94378 0.00 0.00 0.00 0
94379 0.00 0.00 0.00 0
94380 0.00 0.00 0.00 0
94381 0.00 0.00 0.00 0
94382 0.00 0.00 0.00 0
94383 0.00 0.00 0.00 0
94384 0.00 0.00 0.00 0
94385 0.00 0.00 0.00 0
94386 0.00 0.00 0.00 0
95191 0.00 0.00 0.00 0
95192 0.00 0.00 0.00 0
95193 0.00 0.00 0.00 0
95194 0.00 0.00 0.00 0
95195 0.00 0.00 0.00 0
95196 0.00 0.00 0.00 0
97002 0.00 0.00 0.00 0
97003 0.00 0.00 0.00 0
97004 0.00 0.00 0.00 0
97005 0.00 0.00 0.00 0
97006 0.00 0.00 0.00 0
101310 0.00 0.00 0.00 0
101311 0.00 0.00 0.00 0
101312 0.00 0.00 0.00 0
101313 0.00 0.00 0.00 0
101322 0.00 0.00 0.00 0
101323 0.00 0.00 0.00 0
101324 0.00 0.00 0.00 0
101325 0.00 0.00 0.00 0
101326 0.00 0.00 0.00 0
101327 0.00 0.00 0.00 0
101328 0.00 0.00 0.00 0
101329 0.00 0.00 0.00 0
101330 0.00 0.00 0.00 0
101331 0.00 0.00 0.00 0
101333 0.00 0.00 0.00 0
101334 0.00 0.00 0.00 0
101335 0.00 0.00 0.00 0
101336 0.00 0.00 0.00 0
101337 0.00 0.00 0.00 0
101338 0.00 0.00 0.00 0
101339 0.00 0.00 0.00 0
101340 0.00 0.00 0.00 0
101341 0.00 0.00 0.00 0
101342 0.00 0.00 0.00 0
101343 0.00 0.00 0.00 0
101344 0.00 0.00 0.00 0
101351 0.00 0.00 0.00 0
101352 0.00 0.00 0.00 0
101353 0.00 0.00 0.00 0
101354 0.00 0.00 0.00 0
101355 0.00 0.00 0.00 0
101356 0.00 0.00 0.00 0
101357 0.00 0.00 0.00 0
104548 0.00 0.00 0.00 0
104549 0.00 0.00 0.00 0
104550 0.00 0.00 0.00 0
104551 0.00 0.00 0.00 0
104552 0.00 0.00 0.00 0
104553 0.00 0.00 0.00 0
104554 0.00 0.00 0.00 0
104555 0.00 0.00 0.00 0
104556 0.00 0.00 0.00 0
104557 0.00 0.00 0.00 0
104558 0.00 0.00 0.00 0
104559 0.00 0.00 0.00 0
104560 0.00 0.00 0.00 0
104561 0.00 0.00 0.00 0
104563 0.00 0.00 0.00 0
104564 0.00 0.00 0.00 0
104565 0.00 0.00 0.00 0
104566 0.00 0.00 0.00 0
104567 0.00 0.00 0.00 0
104568 0.00 0.00 0.00 0
104569 0.00 0.00 0.00 0
104570 0.00 0.00 0.00 0
104571 0.00 0.00 0.00 0
104572 0.00 0.00 0.00 0
104573 0.00 0.00 0.00 0
104574 0.00 0.00 0.00 0
104575 0.00 0.00 0.00 0
104576 0.00 0.00 0.00 0
104577 0.00 0.00 0.00 0
104578 0.00 0.00 0.00 0
104579 0.00 0.00 0.00 0
104580 0.00 0.00 0.00 0
104581 0.00 0.00 0.00 0
104582 0.00 0.00 0.00 0
104583 0.00 0.00 0.00 0
104584 0.00 0.00 0.00 0
104585 0.00 0.00 0.00 0
104586 0.00 0.00 0.00 0
104587 0.00 0.00 0.00 0
104588 0.00 0.00 0.00 0
104589 0.00 0.00 0.00 0
104590 0.00 0.00 0.00 0
104591 0.00 0.00 0.00 0
104592 0.00 0.00 0.00 0
104593 0.00 0.00 0.00 0
104594 0.00 0.00 0.00 0
104595 0.00 0.00 0.00 0
104596 0.00 0.00 0.00 0
104597 0.00 0.00 0.00 0
104598 0.00 0.00 0.00 0
104599 0.00 0.00 0.00 0
104600 0.00 0.00 0.00 0
104601 0.00 0.00 0.00 0
104612 0.00 0.00 0.00 0
104613 0.00 0.00 0.00 0
104614 0.00 0.00 0.00 0
104615 0.00 0.00 0.00 0
106969 0.00 0.00 0.00 0
106970 0.00 0.00 0.00 0
106971 0.00 0.00 0.00 0
106972 0.00 0.00 0.00 0
106973 0.00 0.00 0.00 0
106974 0.00 0.00 0.00 0
106975 0.00 0.00 0.00 0
106976 0.00 0.00 0.00 0
106977 0.00 0.00 0.00 0
107010 0.00 0.00 0.00 0
107011 0.00 0.00 0.00 0
107012 0.00 0.00 0.00 0
107013 0.00 0.00 0.00 0
107014 0.00 0.00 0.00 0
107015 0.00 0.00 0.00 0
107016 0.00 0.00 0.00 0
107017 0.00 0.00 0.00 0
107018 0.00 0.00 0.00 0
107019 0.00 0.00 0.00 0
107020 0.00 0.00 0.00 0
107021 0.00 0.00 0.00 0
107022 0.00 0.00 0.00 0
107023 0.00 0.00 0.00 0
107024 0.00 0.00 0.00 0
107025 0.00 0.00 0.00 0
107026 0.00 0.00 0.00 0
107027 0.00 0.00 0.00 0
107028 0.00 0.00 0.00 0
107029 0.00 0.00 0.00 0
107030 0.00 0.00 0.00 0
107031 0.00 0.00 0.00 0
107033 0.00 0.00 0.00 0
112446 0.00 0.00 0.00 0
112447 0.00 0.00 0.00 0
112448 0.00 0.00 0.00 0
112449 0.00 0.00 0.00 0
112450 0.00 0.00 0.00 0
112451 0.00 0.00 0.00 0
112452 0.00 0.00 0.00 0
112453 0.00 0.00 0.00 0
112454 0.00 0.00 0.00 0
112455 0.00 0.00 0.00 0
112460 0.00 0.00 0.00 0
112461 0.00 0.00 0.00 0
112462 0.00 0.00 0.00 0
112463 0.00 0.00 0.00 0
112464 0.00 0.00 0.00 0
112567 0.00 0.00 0.00 0
112568 0.00 0.00 0.00 0
112569 0.00 0.00 0.00 0
112570 0.00 0.00 0.00 0
112571 0.00 0.00 0.00 0
117835 0.00 0.00 0.00 0
117836 0.00 0.00 0.00 0
117837 0.00 0.00 0.00 0
117838 0.00 0.00 0.00 0
117839 0.00 0.00 0.00 0
117840 0.00 0.00 0.00 0
117841 0.00 0.00 0.00 0
117842 0.00 0.00 0.00 0
117843 0.00 0.00 0.00 0
117844 0.00 0.00 0.00 0
117845 0.00 0.00 0.00 0
117846 0.00 0.00 0.00 0
117847 0.00 0.00 0.00 0
117848 0.00 0.00 0.00 0
117849 0.00 0.00 0.00 0
117850 0.00 0.00 0.00 0
117851 0.00 0.00 0.00 0
117852 0.00 0.00 0.00 0
117853 0.00 0.00 0.00 0
117854 0.00 0.00 0.00 0
117855 0.00 0.00 0.00 0
117856 0.00 0.00 0.00 0
117857 0.00 0.00 0.00 0
117858 0.00 0.00 0.00 0
117859 0.00 0.00 0.00 0
117860 0.00 0.00 0.00 0
117861 0.00 0.00 0.00 0
117862 0.00 0.00 0.00 0
117863 0.00 0.00 0.00 0
117864 0.00 0.00 0.00 0
117865 0.00 0.00 0.00 0
117866 0.00 0.00 0.00 0
117867 0.00 0.00 0.00 0
117868 0.00 0.00 0.00 0
117869 0.00 0.00 0.00 0
117870 0.00 0.00 0.00 0
117871 0.00 0.00 0.00 0
117872 0.00 0.00 0.00 0
117873 0.00 0.00 0.00 0
120355 0.00 0.00 0.00 0
120356 0.00 0.00 0.00 0
120357 0.00 0.00 0.00 0
120358 0.00 0.00 0.00 0
120359 0.00 0.00 0.00 0
120360 0.00 0.00 0.00 0
120361 0.00 0.00 0.00 0
120362 0.00 0.00 0.00 0
120363 0.00 0.00 0.00 0
120364 0.00 0.00 0.00 0
120365 0.00 0.00 0.00 0
120370 0.00 0.00 0.00 0
120371 0.00 0.00 0.00 0
120372 0.00 0.00 0.00 0
120373 0.00 0.00 0.00 0
120374 0.00 0.00 0.00 0
120375 0.00 0.00 0.00 0
120376 0.00 0.00 0.00 0
120377 0.00 0.00 0.00 0
120378 0.00 0.00 0.00 0
120379 0.00 0.00 0.00 0
120380 0.00 0.00 0.00 0
120381 0.00 0.00 0.00 0
120382 0.00 0.00 0.00 0
120383 0.00 0.00 0.00 0
120384 0.00 0.00 0.00 0
120385 0.00 0.00 0.00 0
120386 0.00 0.00 0.00 0
120387 0.00 0.00 0.00 0
120388 0.00 0.00 0.00 0
120389 0.00 0.00 0.00 0
120390 0.00 0.00 0.00 0
120391 0.00 0.00 0.00 0
120392 0.00 0.00 0.00 0
120393 0.00 0.00 0.00 0
120394 0.00 0.00 0.00 0
120395 0.00 0.00 0.00 0
120396 0.00 0.00 0.00 0
122241 0.00 0.00 0.00 0
122242 0.00 0.00 0.00 0
122243 0.00 0.00 0.00 0
122244 0.00 0.00 0.00 0
122274 0.00 0.00 0.00 0
122275 0.00 0.00 0.00 0
122276 0.00 0.00 0.00 0
122277 0.00 0.00 0.00 0
122278 0.00 0.00 0.00 0
122279 0.00 0.00 0.00 0
122280 0.00 0.00 0.00 0
122281 0.00 0.00 0.00 0
122282 0.00 0.00 0.00 0
122283 0.00 0.00 0.00 0
122284 0.00 0.00 0.00 0
122285 0.00 0.00 0.00 0
122286 0.00 0.00 0.00 0
126498 0.00 0.00 0.00 0
126499 0.00 0.00 0.00 0
126500 0.00 0.00 0.00 0
126501 0.00 0.00 0.00 0
126502 0.00 0.00 0.00 0
126503 0.00 0.00 0.00 0
126504 0.00 0.00 0.00 0
126505 0.00 0.00 0.00 0
126506 0.00 0.00 0.00 0
126507 0.00 0.00 0.00 0
126508 0.00 0.00 0.00 0
126509 0.00 0.00 0.00 0
126510 0.00 0.00 0.00 0
126511 0.00 0.00 0.00 0
126593 0.00 0.00 0.00 0
130264 0.00 0.00 0.00 0
130265 0.00 0.00 0.00 0
130266 0.00 0.00 0.00 0
130267 0.00 0.00 0.00 0
135804 0.00 0.00 0.00 0
135805 0.00 0.00 0.00 0
135822 0.00 0.00 0.00 0
135823 0.00 0.00 0.00 0
135824 0.00 0.00 0.00 0
135825 0.00 0.00 0.00 0
135826 0.00 0.00 0.00 0
135827 0.00 0.00 0.00 0
135828 0.00 0.00 0.00 0
135829 0.00 0.00 0.00 0
135830 0.00 0.00 0.00 0
135831 0.00 0.00 0.00 0
135832 0.00 0.00 0.00 0
135833 0.00 0.00 0.00 0
135834 0.00 0.00 0.00 0
135835 0.00 0.00 0.00 0
135836 0.00 0.00 0.00 0
135837 0.00 0.00 0.00 0
135838 0.00 0.00 0.00 0
135839 0.00 0.00 0.00 0
135840 0.00 0.00 0.00 0
135841 0.00 0.00 0.00 0
135842 0.00 0.00 0.00 0
135843 0.00 0.00 0.00 0
135855 0.00 0.00 0.00 0
135856 0.00 0.00 0.00 0
135861 0.00 0.00 0.00 0
135862 0.00 0.00 0.00 0
135863 0.00 0.00 0.00 0
135864 0.00 0.00 0.00 0
135865 0.00 0.00 0.00 0
135866 0.00 0.00 0.00 0
135867 0.00 0.00 0.00 0
135868 0.00 0.00 0.00 0
135888 0.00 0.00 0.00 0
135889 0.00 0.00 0.00 0
135890 0.00 0.00 0.00 0
135891 0.00 0.00 0.00 0
135892 0.00 0.00 0.00 0
135893 0.00 0.00 0.00 0
135894 0.00 0.00 0.00 0
135895 0.00 0.00 0.00 0
135896 0.00 0.00 0.00 0
135897 0.00 0.00 0.00 0
142462 0.00 0.00 0.00 0
142463 0.00 0.00 0.00 0
142464 0.00 0.00 0.00 0
142465 0.00 0.00 0.00 0
142466 0.00 0.00 0.00 0
142467 0.00 0.00 0.00 0
142468 0.00 0.00 0.00 0
142469 0.00 0.00 0.00 0
142470 0.00 0.00 0.00 0
142471 0.00 0.00 0.00 0
142472 0.00 0.00 0.00 0
142473 0.00 0.00 0.00 0
142474 0.00 0.00 0.00 0
142475 0.00 0.00 0.00 0
142476 0.00 0.00 0.00 0
142477 0.00 0.00 0.00 0
142478 0.00 0.00 0.00 0
142479 0.00 0.00 0.00 0
142480 0.00 0.00 0.00 0
142481 0.00 0.00 0.00 0
142482 0.00 0.00 0.00 0
142483 0.00 0.00 0.00 0
142484 0.00 0.00 0.00 0
142485 0.00 0.00 0.00 0
142486 0.00 0.00 0.00 0
142487 0.00 0.00 0.00 0
142488 0.00 0.00 0.00 0
142489 0.00 0.00 0.00 0
142490 0.00 0.00 0.00 0
142491 0.00 0.00 0.00 0
142492 0.00 0.00 0.00 0
142493 0.00 0.00 0.00 0
142494 0.00 0.00 0.00 0
142495 0.00 0.00 0.00 0
142496 0.00 0.00 0.00 0
142497 0.00 0.00 0.00 0
142498 0.00 0.00 0.00 0
142499 0.00 0.00 0.00 0
142500 0.00 0.00 0.00 0
142501 0.00 0.00 0.00 0
142502 0.00 0.00 0.00 0
142503 0.00 0.00 0.00 0
142504 0.00 0.00 0.00 0
142505 0.00 0.00 0.00 0
142506 0.00 0.00 0.00 0
142507 0.00 0.00 0.00 0
142508 0.00 0.00 0.00 0
142509 0.00 0.00 0.00 0
142510 0.00 0.00 0.00 0
142511 0.00 0.00 0.00 0
142512 0.00 0.00 0.00 0
142513 0.00 0.00 0.00 0
142514 0.00 0.00 0.00 0
142515 0.00 0.00 0.00 0
142516 0.00 0.00 0.00 0
142517 0.00 0.00 0.00 0
142518 0.00 0.00 0.00 0
142519 0.00 0.00 0.00 0
142520 0.00 0.00 0.00 0
142521 0.00 0.00 0.00 0
142522 0.00 0.00 0.00 0
142523 0.00 0.00 0.00 0
142524 0.00 0.00 0.00 0
142525 0.00 0.00 0.00 0
142526 0.00 0.00 0.00 0
142527 0.00 0.00 0.00 0
142528 0.00 0.00 0.00 0
142529 0.00 0.00 0.00 0
142530 0.00 0.00 0.00 0
142531 0.00 0.00 0.00 0
142532 0.00 0.00 0.00 0
142533 0.00 0.00 0.00 0
142534 0.00 0.00 0.00 0
142535 0.00 0.00 0.00 0
142536 0.00 0.00 0.00 0
142537 0.00 0.00 0.00 0
142538 0.00 0.00 0.00 0
142539 0.00 0.00 0.00 0
142540 0.00 0.00 0.00 0
142541 0.00 0.00 0.00 0
142542 0.00 0.00 0.00 0
142543 0.00 0.00 0.00 0
142544 0.00 0.00 0.00 0
142545 0.00 0.00 0.00 0
142546 0.00 0.00 0.00 0
142547 0.00 0.00 0.00 0
142548 0.00 0.00 0.00 0
142549 0.00 0.00 0.00 0
142550 0.00 0.00 0.00 0
142551 0.00 0.00 0.00 0
142552 0.00 0.00 0.00 0
142553 0.00 0.00 0.00 0
142554 0.00 0.00 0.00 0
142555 0.00 0.00 0.00 0
142556 0.00 0.00 0.00 0
142557 0.00 0.00 0.00 0
142558 0.00 0.00 0.00 0
142559 0.00 0.00 0.00 0
142560 0.00 0.00 0.00 0
142561 0.00 0.00 0.00 0
142562 0.00 0.00 0.00 0
142563 0.00 0.00 0.00 0
142575 0.00 0.00 0.00 0
142578 0.00 0.00 0.00 0
142579 0.00 0.00 0.00 0
142580 0.00 0.00 0.00 0
142581 0.00 0.00 0.00 0
142589 0.00 0.00 0.00 0
142590 0.00 0.00 0.00 0
142591 0.00 0.00 0.00 0
142592 0.00 0.00 0.00 0
142593 0.00 0.00 0.00 0
142594 0.00 0.00 0.00 0
142595 0.00 0.00 0.00 0
147356 0.00 0.00 0.00 0
147357 0.00 0.00 0.00 0
147361 0.00 0.00 0.00 0
147364 0.00 0.00 0.00 0
147365 0.00 0.00 0.00 0
147366 0.00 0.00 0.00 0
147367 0.00 0.00 0.00 0
147368 0.00 0.00 0.00 0
147369 0.00 0.00 0.00 0
147370 0.00 0.00 0.00 0
147371 0.00 0.00 0.00 0
147372 0.00 0.00 0.00 0
147373 0.00 0.00 0.00 0
147374 0.00 0.00 0.00 0
147375 0.00 0.00 0.00 0
147437 0.00 0.00 0.00 0
147438 0.00 0.00 0.00 0
147442 0.00 0.00 0.00 0
147443 0.00 0.00 0.00 0
147444 0.00 0.00 0.00 0
147445 0.00 0.00 0.00 0
147446 0.00 0.00 0.00 0
147447 0.00 0.00 0.00 0
147448 0.00 0.00 0.00 0
147449 0.00 0.00 0.00 0
147450 0.00 0.00 0.00 0
147451 0.00 0.00 0.00 0
147452 0.00 0.00 0.00 0
147453 0.00 0.00 0.00 0
147454 0.00 0.00 0.00 0
147455 0.00 0.00 0.00 0
147456 0.00 0.00 0.00 0
147457 0.00 0.00 0.00 0
147458 0.00 0.00 0.00 0
147459 0.00 0.00 0.00 0
147460 0.00 0.00 0.00 0
147461 0.00 0.00 0.00 0
147462 0.00 0.00 0.00 0
147463 0.00 0.00 0.00 0
147464 0.00 0.00 0.00 0
147465 0.00 0.00 0.00 0
147466 0.00 0.00 0.00 0
147467 0.00 0.00 0.00 0
147468 0.00 0.00 0.00 0
147469 0.00 0.00 0.00 0
147470 0.00 0.00 0.00 0
147471 0.00 0.00 0.00 0
147472 0.00 0.00 0.00 0
147473 0.00 0.00 0.00 0
147474 0.00 0.00 0.00 0
147475 0.00 0.00 0.00 0
147476 0.00 0.00 0.00 0
147477 0.00 0.00 0.00 0
147478 0.00 0.00 0.00 0
147479 0.00 0.00 0.00 0
147480 0.00 0.00 0.00 0
147481 0.00 0.00 0.00 0
147482 0.00 0.00 0.00 0
147483 0.00 0.00 0.00 0
147484 0.00 0.00 0.00 0
147485 0.00 0.00 0.00 0
147486 0.00 0.00 0.00 0
147487 0.00 0.00 0.00 0
147488 0.00 0.00 0.00 0
147489 0.00 0.00 0.00 0
147490 0.00 0.00 0.00 0
147491 0.00 0.00 0.00 0
147492 0.00 0.00 0.00 0
147500 0.00 0.00 0.00 0
147501 0.00 0.00 0.00 0
147502 0.00 0.00 0.00 0
147503 0.00 0.00 0.00 0
147504 0.00 0.00 0.00 0
147506 0.00 0.00 0.00 0
147507 0.00 0.00 0.00 0
147508 0.00 0.00 0.00 0
147509 0.00 0.00 0.00 0
147510 0.00 0.00 0.00 0
147511 0.00 0.00 0.00 0
158335 0.00 0.00 0.00 0
158336 0.00 0.00 0.00 0
158337 0.00 0.00 0.00 0
158338 0.00 0.00 0.00 0
158339 0.00 0.00 0.00 0
158340 0.00 0.00 0.00 0
158341 0.00 0.00 0.00 0
158342 0.00 0.00 0.00 0
158344 0.00 0.00 0.00 0
158345 0.00 0.00 0.00 0
158346 0.00 0.00 0.00 0
158347 0.00 0.00 0.00 0
158348 0.00 0.00 0.00 0
158349 0.00 0.00 0.00 0
158350 0.00 0.00 0.00 0
158362 0.00 0.00 0.00 0
158363 0.00 0.00 0.00 0
158364 0.00 0.00 0.00 0
158365 0.00 0.00 0.00 0
158366 0.00 0.00 0.00 0
158367 0.00 0.00 0.00 0
158368 0.00 0.00 0.00 0
158369 0.00 0.00 0.00 0
158370 0.00 0.00 0.00 0
158371 0.00 0.00 0.00 0
158372 0.00 0.00 0.00 0
158373 0.00 0.00 0.00 0
158375 0.00 0.00 0.00 0
158376 0.00 0.00 0.00 0
158377 0.00 0.00 0.00 0
158378 0.00 0.00 0.00 0
158379 0.00 0.00 0.00 0
158380 0.00 0.00 0.00 0
158578 0.00 0.00 0.00 0
158579 0.00 0.00 0.00 0
158580 0.00 0.00 0.00 0
158581 0.00 0.00 0.00 0
158582 0.00 0.00 0.00 0
158583 0.00 0.00 0.00 0
158587 0.00 0.00 0.00 0
158588 0.00 0.00 0.00 0
158589 0.00 0.00 0.00 0
158590 0.00 0.00 0.00 0
158591 0.00 0.00 0.00 0
158592 0.00 0.00 0.00 0
