# G_oc-temp_lat-fusifor
1745
40 0.00 0.00 0.00 0
156 0.00 0.00 0.00 0
351 0.00 0.00 0.00 0
352 0.00 0.00 0.00 0
353 0.00 0.00 0.00 0
624 0.00 0.00 0.00 0
632 0.00 0.00 0.00 0
829 0.00 0.00 0.00 0
830 0.00 0.00 0.00 0
831 0.00 0.00 0.00 0
832 0.00 0.00 0.00 0
833 0.00 0.00 0.00 0
1414 0.00 0.00 0.00 0
1415 0.00 0.00 0.00 0
1416 0.00 0.00 0.00 0
1417 0.00 0.00 0.00 0
1418 0.00 0.00 0.00 0
1785 0.00 0.00 0.00 0
1786 0.00 0.00 0.00 0
1787 0.00 0.00 0.00 0
2000 0.00 0.00 0.00 0
2490 0.00 0.00 0.00 0
2499 0.00 0.00 0.00 0
2500 0.00 0.00 0.00 0
2502 0.00 0.00 0.00 0
2508 0.00 0.00 0.00 0
2749 0.00 0.00 0.00 0
2750 0.00 0.00 0.00 0
2751 0.00 0.00 0.00 0
2752 0.00 0.00 0.00 0
2753 0.00 0.00 0.00 0
3334 0.00 0.00 0.00 0
3335 0.00 0.00 0.00 0
3336 0.00 0.00 0.00 0
3337 0.00 0.00 0.00 0
3338 0.00 0.00 0.00 0
3927 0.00 0.00 0.00 0
3933 0.00 0.00 0.00 0
3934 0.00 0.00 0.00 0
3935 0.00 0.00 0.00 0
3936 0.00 0.00 0.00 0
3937 0.00 0.00 0.00 0
3938 0.00 0.00 0.00 0
4387 0.00 0.00 0.00 0
4388 0.00 0.00 0.00 0
5579 0.00 0.00 0.00 0
5602 0.00 0.00 0.00 0
5603 0.00 0.00 0.00 0
5604 0.00 0.00 0.00 0
5681 0.00 0.00 0.00 0
5682 0.00 0.00 0.00 0
5683 0.00 0.00 0.00 0
5684 0.00 0.00 0.00 0
5689 0.00 0.00 0.00 0
5690 0.00 0.00 0.00 0
5691 0.00 0.00 0.00 0
5692 0.00 0.00 0.00 0
5693 0.00 0.00 0.00 0
6099 0.00 0.00 0.00 0
6100 0.00 0.00 0.00 0
6101 0.00 0.00 0.00 0
6102 0.00 0.00 0.00 0
6103 0.00 0.00 0.00 0
6104 0.00 0.00 0.00 0
6105 0.00 0.00 0.00 0
6106 0.00 0.00 0.00 0
6107 0.00 0.00 0.00 0
7152 0.00 0.00 0.00 0
7153 0.00 0.00 0.00 0
7154 0.00 0.00 0.00 0
7155 0.00 0.00 0.00 0
7156 0.00 0.00 0.00 0
7157 0.00 0.00 0.00 0
7158 0.00 0.00 0.00 0
7159 0.00 0.00 0.00 0
7160 0.00 0.00 0.00 0
8003 0.00 0.00 0.00 0
8004 0.00 0.00 0.00 0
8005 0.00 0.00 0.00 0
8006 0.00 0.00 0.00 0
8007 0.00 0.00 0.00 0
8008 0.00 0.00 0.00 0
8009 0.00 0.00 0.00 0
8580 0.00 0.00 0.00 0
8581 0.00 0.00 0.00 0
8582 0.00 0.00 0.00 0
10023 0.00 0.00 0.00 0
10024 0.00 0.00 0.00 0
10025 0.00 0.00 0.00 0
10026 0.00 0.00 0.00 0
10052 0.00 0.00 0.00 0
10053 0.00 0.00 0.00 0
10054 0.00 0.00 0.00 0
10055 0.00 0.00 0.00 0
10056 0.00 0.00 0.00 0
10059 0.00 0.00 0.00 0
10060 0.00 0.00 0.00 0
10061 0.00 0.00 0.00 0
10062 0.00 0.00 0.00 0
10070 0.00 0.00 0.00 0
10071 0.00 0.00 0.00 0
10072 0.00 0.00 0.00 0
10073 0.00 0.00 0.00 0
10074 0.00 0.00 0.00 0
10077 0.00 0.00 0.00 0
10080 0.00 0.00 0.00 0
10147 0.00 0.00 0.00 0
10156 0.00 0.00 0.00 0
10429 0.00 0.00 0.00 0
10430 0.00 0.00 0.00 0
10431 0.00 0.00 0.00 0
10432 0.00 0.00 0.00 0
10433 0.00 0.00 0.00 0
11014 0.00 0.00 0.00 0
11015 0.00 0.00 0.00 0
11016 0.00 0.00 0.00 0
11017 0.00 0.00 0.00 0
11018 0.00 0.00 0.00 0
11607 0.00 0.00 0.00 0
11608 0.00 0.00 0.00 0
11613 0.00 0.00 0.00 0
11614 0.00 0.00 0.00 0
11615 0.00 0.00 0.00 0
11616 0.00 0.00 0.00 0
11617 0.00 0.00 0.00 0
11618 0.00 0.00 0.00 0
12067 0.00 0.00 0.00 0
12068 0.00 0.00 0.00 0
13284 0.00 0.00 0.00 0
13359 0.00 0.00 0.00 0
13360 0.00 0.00 0.00 0
13361 0.00 0.00 0.00 0
13362 0.00 0.00 0.00 0
13363 0.00 0.00 0.00 0
13364 0.00 0.00 0.00 0
13368 0.00 0.00 0.00 0
13369 0.00 0.00 0.00 0
13370 0.00 0.00 0.00 0
13371 0.00 0.00 0.00 0
13372 0.00 0.00 0.00 0
13373 0.00 0.00 0.00 0
14004 0.00 0.00 0.00 0
14005 0.00 0.00 0.00 0
14006 0.00 0.00 0.00 0
14007 0.00 0.00 0.00 0
14008 0.00 0.00 0.00 0
14009 0.00 0.00 0.00 0
14010 0.00 0.00 0.00 0
14011 0.00 0.00 0.00 0
14012 0.00 0.00 0.00 0
14013 0.00 0.00 0.00 0
14014 0.00 0.00 0.00 0
14015 0.00 0.00 0.00 0
14016 0.00 0.00 0.00 0
14017 0.00 0.00 0.00 0
14018 0.00 0.00 0.00 0
15759 0.00 0.00 0.00 0
15760 0.00 0.00 0.00 0
15761 0.00 0.00 0.00 0
15762 0.00 0.00 0.00 0
15763 0.00 0.00 0.00 0
15764 0.00 0.00 0.00 0
15765 0.00 0.00 0.00 0
15766 0.00 0.00 0.00 0
15767 0.00 0.00 0.00 0
15768 0.00 0.00 0.00 0
15769 0.00 0.00 0.00 0
15770 0.00 0.00 0.00 0
15771 0.00 0.00 0.00 0
15772 0.00 0.00 0.00 0
15773 0.00 0.00 0.00 0
17537 0.00 0.00 0.00 0
17538 0.00 0.00 0.00 0
17539 0.00 0.00 0.00 0
17558 0.00 0.00 0.00 0
17559 0.00 0.00 0.00 0
17560 0.00 0.00 0.00 0
17561 0.00 0.00 0.00 0
17562 0.00 0.00 0.00 0
17563 0.00 0.00 0.00 0
17564 0.00 0.00 0.00 0
17565 0.00 0.00 0.00 0
17566 0.00 0.00 0.00 0
17567 0.00 0.00 0.00 0
17568 0.00 0.00 0.00 0
17569 0.00 0.00 0.00 0
17570 0.00 0.00 0.00 0
17571 0.00 0.00 0.00 0
17572 0.00 0.00 0.00 0
17573 0.00 0.00 0.00 0
18917 0.00 0.00 0.00 0
18918 0.00 0.00 0.00 0
18919 0.00 0.00 0.00 0
18920 0.00 0.00 0.00 0
18921 0.00 0.00 0.00 0
18922 0.00 0.00 0.00 0
18923 0.00 0.00 0.00 0
22493 0.00 0.00 0.00 0
22494 0.00 0.00 0.00 0
22495 0.00 0.00 0.00 0
22498 0.00 0.00 0.00 0
22499 0.00 0.00 0.00 0
22500 0.00 0.00 0.00 0
22564 0.00 0.00 0.00 0
22565 0.00 0.00 0.00 0
22566 0.00 0.00 0.00 0
22567 0.00 0.00 0.00 0
22568 0.00 0.00 0.00 0
22569 0.00 0.00 0.00 0
22570 0.00 0.00 0.00 0
22571 0.00 0.00 0.00 0
22572 0.00 0.00 0.00 0
22573 0.00 0.00 0.00 0
22574 0.00 0.00 0.00 0
22575 0.00 0.00 0.00 0
22582 0.00 0.00 0.00 0
22583 0.00 0.00 0.00 0
22584 0.00 0.00 0.00 0
22585 0.00 0.00 0.00 0
22586 0.00 0.00 0.00 0
22587 0.00 0.00 0.00 0
22588 0.00 0.00 0.00 0
22589 0.00 0.00 0.00 0
22590 0.00 0.00 0.00 0
22611 0.00 0.00 0.00 0
22612 0.00 0.00 0.00 0
22614 0.00 0.00 0.00 0
22615 0.00 0.00 0.00 0
22617 0.00 0.00 0.00 0
22619 0.00 0.00 0.00 0
22629 0.00 0.00 0.00 0
22802 0.00 0.00 0.00 0
22803 0.00 0.00 0.00 0
22804 0.00 0.00 0.00 0
22805 0.00 0.00 0.00 0
22806 0.00 0.00 0.00 0
22824 0.00 0.00 0.00 0
22825 0.00 0.00 0.00 0
22826 0.00 0.00 0.00 0
22827 0.00 0.00 0.00 0
22828 0.00 0.00 0.00 0
22834 0.00 0.00 0.00 0
22836 0.00 0.00 0.00 0
22838 0.00 0.00 0.00 0
23379 0.00 0.00 0.00 0
23380 0.00 0.00 0.00 0
23381 0.00 0.00 0.00 0
23382 0.00 0.00 0.00 0
23383 0.00 0.00 0.00 0
23384 0.00 0.00 0.00 0
23385 0.00 0.00 0.00 0
23386 0.00 0.00 0.00 0
23387 0.00 0.00 0.00 0
24432 0.00 0.00 0.00 0
24433 0.00 0.00 0.00 0
24434 0.00 0.00 0.00 0
24435 0.00 0.00 0.00 0
24436 0.00 0.00 0.00 0
24437 0.00 0.00 0.00 0
24438 0.00 0.00 0.00 0
24439 0.00 0.00 0.00 0
24440 0.00 0.00 0.00 0
25499 0.00 0.00 0.00 0
25500 0.00 0.00 0.00 0
25501 0.00 0.00 0.00 0
25502 0.00 0.00 0.00 0
25511 0.00 0.00 0.00 0
25512 0.00 0.00 0.00 0
25513 0.00 0.00 0.00 0
25514 0.00 0.00 0.00 0
25515 0.00 0.00 0.00 0
25516 0.00 0.00 0.00 0
25517 0.00 0.00 0.00 0
25518 0.00 0.00 0.00 0
25519 0.00 0.00 0.00 0
25520 0.00 0.00 0.00 0
26328 0.00 0.00 0.00 0
26329 0.00 0.00 0.00 0
26330 0.00 0.00 0.00 0
28473 0.00 0.00 0.00 0
28476 0.00 0.00 0.00 0
28517 0.00 0.00 0.00 0
28518 0.00 0.00 0.00 0
28519 0.00 0.00 0.00 0
28520 0.00 0.00 0.00 0
28521 0.00 0.00 0.00 0
28530 0.00 0.00 0.00 0
28658 0.00 0.00 0.00 0
28659 0.00 0.00 0.00 0
28660 0.00 0.00 0.00 0
28661 0.00 0.00 0.00 0
28671 0.00 0.00 0.00 0
28672 0.00 0.00 0.00 0
28673 0.00 0.00 0.00 0
28674 0.00 0.00 0.00 0
28675 0.00 0.00 0.00 0
28676 0.00 0.00 0.00 0
28677 0.00 0.00 0.00 0
28678 0.00 0.00 0.00 0
28679 0.00 0.00 0.00 0
29591 0.00 0.00 0.00 0
29592 0.00 0.00 0.00 0
29593 0.00 0.00 0.00 0
29594 0.00 0.00 0.00 0
29595 0.00 0.00 0.00 0
29596 0.00 0.00 0.00 0
29597 0.00 0.00 0.00 0
29598 0.00 0.00 0.00 0
29599 0.00 0.00 0.00 0
29600 0.00 0.00 0.00 0
29601 0.00 0.00 0.00 0
29602 0.00 0.00 0.00 0
29603 0.00 0.00 0.00 0
29604 0.00 0.00 0.00 0
29605 0.00 0.00 0.00 0
29606 0.00 0.00 0.00 0
29607 0.00 0.00 0.00 0
29608 0.00 0.00 0.00 0
29609 0.00 0.00 0.00 0
32046 0.00 0.00 0.00 0
32047 0.00 0.00 0.00 0
32048 0.00 0.00 0.00 0
32049 0.00 0.00 0.00 0
32050 0.00 0.00 0.00 0
32051 0.00 0.00 0.00 0
32052 0.00 0.00 0.00 0
32053 0.00 0.00 0.00 0
32054 0.00 0.00 0.00 0
32055 0.00 0.00 0.00 0
32056 0.00 0.00 0.00 0
32057 0.00 0.00 0.00 0
32058 0.00 0.00 0.00 0
32059 0.00 0.00 0.00 0
32060 0.00 0.00 0.00 0
32061 0.00 0.00 0.00 0
32062 0.00 0.00 0.00 0
32063 0.00 0.00 0.00 0
32064 0.00 0.00 0.00 0
32065 0.00 0.00 0.00 0
32066 0.00 0.00 0.00 0
34336 0.00 0.00 0.00 0
34337 0.00 0.00 0.00 0
34338 0.00 0.00 0.00 0
34339 0.00 0.00 0.00 0
34340 0.00 0.00 0.00 0
34341 0.00 0.00 0.00 0
34342 0.00 0.00 0.00 0
34343 0.00 0.00 0.00 0
34344 0.00 0.00 0.00 0
34345 0.00 0.00 0.00 0
34346 0.00 0.00 0.00 0
34347 0.00 0.00 0.00 0
34348 0.00 0.00 0.00 0
34349 0.00 0.00 0.00 0
34350 0.00 0.00 0.00 0
34351 0.00 0.00 0.00 0
34352 0.00 0.00 0.00 0
34353 0.00 0.00 0.00 0
34354 0.00 0.00 0.00 0
34355 0.00 0.00 0.00 0
36000 0.00 0.00 0.00 0
36001 0.00 0.00 0.00 0
36002 0.00 0.00 0.00 0
36003 0.00 0.00 0.00 0
36004 0.00 0.00 0.00 0
36005 0.00 0.00 0.00 0
36006 0.00 0.00 0.00 0
36007 0.00 0.00 0.00 0
36008 0.00 0.00 0.00 0
40306 0.00 0.00 0.00 0
40307 0.00 0.00 0.00 0
40308 0.00 0.00 0.00 0
40309 0.00 0.00 0.00 0
40311 0.00 0.00 0.00 0
40312 0.00 0.00 0.00 0
40313 0.00 0.00 0.00 0
40314 0.00 0.00 0.00 0
40389 0.00 0.00 0.00 0
40391 0.00 0.00 0.00 0
40392 0.00 0.00 0.00 0
40393 0.00 0.00 0.00 0
40394 0.00 0.00 0.00 0
40395 0.00 0.00 0.00 0
40396 0.00 0.00 0.00 0
40397 0.00 0.00 0.00 0
40398 0.00 0.00 0.00 0
40399 0.00 0.00 0.00 0
40400 0.00 0.00 0.00 0
40401 0.00 0.00 0.00 0
40402 0.00 0.00 0.00 0
40403 0.00 0.00 0.00 0
40404 0.00 0.00 0.00 0
40410 0.00 0.00 0.00 0
40411 0.00 0.00 0.00 0
40412 0.00 0.00 0.00 0
40413 0.00 0.00 0.00 0
40414 0.00 0.00 0.00 0
40415 0.00 0.00 0.00 0
40416 0.00 0.00 0.00 0
40417 0.00 0.00 0.00 0
40418 0.00 0.00 0.00 0
40419 0.00 0.00 0.00 0
40420 0.00 0.00 0.00 0
40421 0.00 0.00 0.00 0
40422 0.00 0.00 0.00 0
40443 0.00 0.00 0.00 0
40445 0.00 0.00 0.00 0
40446 0.00 0.00 0.00 0
40447 0.00 0.00 0.00 0
40448 0.00 0.00 0.00 0
40449 0.00 0.00 0.00 0
40450 0.00 0.00 0.00 0
40451 0.00 0.00 0.00 0
40452 0.00 0.00 0.00 0
40453 0.00 0.00 0.00 0
40454 0.00 0.00 0.00 0
40455 0.00 0.00 0.00 0
40456 0.00 0.00 0.00 0
40457 0.00 0.00 0.00 0
40458 0.00 0.00 0.00 0
40466 0.00 0.00 0.00 0
40467 0.00 0.00 0.00 0
40468 0.00 0.00 0.00 0
40469 0.00 0.00 0.00 0
40470 0.00 0.00 0.00 0
40675 0.00 0.00 0.00 0
40676 0.00 0.00 0.00 0
40677 0.00 0.00 0.00 0
40678 0.00 0.00 0.00 0
40679 0.00 0.00 0.00 0
40702 0.00 0.00 0.00 0
40703 0.00 0.00 0.00 0
40705 0.00 0.00 0.00 0
41149 0.00 0.00 0.00 0
41150 0.00 0.00 0.00 0
41151 0.00 0.00 0.00 0
41152 0.00 0.00 0.00 0
41153 0.00 0.00 0.00 0
41734 0.00 0.00 0.00 0
41735 0.00 0.00 0.00 0
41736 0.00 0.00 0.00 0
41737 0.00 0.00 0.00 0
41738 0.00 0.00 0.00 0
42327 0.00 0.00 0.00 0
42328 0.00 0.00 0.00 0
42329 0.00 0.00 0.00 0
42331 0.00 0.00 0.00 0
42333 0.00 0.00 0.00 0
42334 0.00 0.00 0.00 0
42335 0.00 0.00 0.00 0
42336 0.00 0.00 0.00 0
42337 0.00 0.00 0.00 0
42338 0.00 0.00 0.00 0
42787 0.00 0.00 0.00 0
42788 0.00 0.00 0.00 0
44079 0.00 0.00 0.00 0
44080 0.00 0.00 0.00 0
44081 0.00 0.00 0.00 0
44082 0.00 0.00 0.00 0
44083 0.00 0.00 0.00 0
44084 0.00 0.00 0.00 0
44085 0.00 0.00 0.00 0
44086 0.00 0.00 0.00 0
44087 0.00 0.00 0.00 0
44088 0.00 0.00 0.00 0
44089 0.00 0.00 0.00 0
44090 0.00 0.00 0.00 0
44091 0.00 0.00 0.00 0
44092 0.00 0.00 0.00 0
44093 0.00 0.00 0.00 0
44724 0.00 0.00 0.00 0
44725 0.00 0.00 0.00 0
44726 0.00 0.00 0.00 0
44727 0.00 0.00 0.00 0
44728 0.00 0.00 0.00 0
44729 0.00 0.00 0.00 0
44730 0.00 0.00 0.00 0
44731 0.00 0.00 0.00 0
44732 0.00 0.00 0.00 0
44733 0.00 0.00 0.00 0
44734 0.00 0.00 0.00 0
44735 0.00 0.00 0.00 0
44736 0.00 0.00 0.00 0
44737 0.00 0.00 0.00 0
44738 0.00 0.00 0.00 0
46479 0.00 0.00 0.00 0
46480 0.00 0.00 0.00 0
46481 0.00 0.00 0.00 0
46482 0.00 0.00 0.00 0
46483 0.00 0.00 0.00 0
46484 0.00 0.00 0.00 0
46485 0.00 0.00 0.00 0
46486 0.00 0.00 0.00 0
46487 0.00 0.00 0.00 0
46488 0.00 0.00 0.00 0
46489 0.00 0.00 0.00 0
46490 0.00 0.00 0.00 0
46491 0.00 0.00 0.00 0
46492 0.00 0.00 0.00 0
46493 0.00 0.00 0.00 0
48257 0.00 0.00 0.00 0
48258 0.00 0.00 0.00 0
48259 0.00 0.00 0.00 0
48276 0.00 0.00 0.00 0
48277 0.00 0.00 0.00 0
48278 0.00 0.00 0.00 0
48279 0.00 0.00 0.00 0
48280 0.00 0.00 0.00 0
48281 0.00 0.00 0.00 0
48282 0.00 0.00 0.00 0
48283 0.00 0.00 0.00 0
48284 0.00 0.00 0.00 0
48285 0.00 0.00 0.00 0
48286 0.00 0.00 0.00 0
48287 0.00 0.00 0.00 0
48288 0.00 0.00 0.00 0
48289 0.00 0.00 0.00 0
48290 0.00 0.00 0.00 0
48291 0.00 0.00 0.00 0
48292 0.00 0.00 0.00 0
48293 0.00 0.00 0.00 0
49639 0.00 0.00 0.00 0
49640 0.00 0.00 0.00 0
49641 0.00 0.00 0.00 0
49642 0.00 0.00 0.00 0
49643 0.00 0.00 0.00 0
53213 0.00 0.00 0.00 0
53214 0.00 0.00 0.00 0
53215 0.00 0.00 0.00 0
53216 0.00 0.00 0.00 0
53217 0.00 0.00 0.00 0
53218 0.00 0.00 0.00 0
53219 0.00 0.00 0.00 0
53220 0.00 0.00 0.00 0
53284 0.00 0.00 0.00 0
53285 0.00 0.00 0.00 0
53286 0.00 0.00 0.00 0
53287 0.00 0.00 0.00 0
53288 0.00 0.00 0.00 0
53289 0.00 0.00 0.00 0
53290 0.00 0.00 0.00 0
53291 0.00 0.00 0.00 0
53292 0.00 0.00 0.00 0
53293 0.00 0.00 0.00 0
53294 0.00 0.00 0.00 0
53295 0.00 0.00 0.00 0
53304 0.00 0.00 0.00 0
53306 0.00 0.00 0.00 0
53307 0.00 0.00 0.00 0
53308 0.00 0.00 0.00 0
53309 0.00 0.00 0.00 0
53310 0.00 0.00 0.00 0
53330 0.00 0.00 0.00 0
53331 0.00 0.00 0.00 0
53332 0.00 0.00 0.00 0
53522 0.00 0.00 0.00 0
53523 0.00 0.00 0.00 0
53524 0.00 0.00 0.00 0
53544 0.00 0.00 0.00 0
53545 0.00 0.00 0.00 0
53546 0.00 0.00 0.00 0
53547 0.00 0.00 0.00 0
53548 0.00 0.00 0.00 0
53554 0.00 0.00 0.00 0
53555 0.00 0.00 0.00 0
53556 0.00 0.00 0.00 0
53557 0.00 0.00 0.00 0
53558 0.00 0.00 0.00 0
54324 0.00 0.00 0.00 0
54325 0.00 0.00 0.00 0
54326 0.00 0.00 0.00 0
54327 0.00 0.00 0.00 0
54328 0.00 0.00 0.00 0
54329 0.00 0.00 0.00 0
54330 0.00 0.00 0.00 0
54331 0.00 0.00 0.00 0
54332 0.00 0.00 0.00 0
54333 0.00 0.00 0.00 0
54334 0.00 0.00 0.00 0
54335 0.00 0.00 0.00 0
54336 0.00 0.00 0.00 0
54337 0.00 0.00 0.00 0
54338 0.00 0.00 0.00 0
56079 0.00 0.00 0.00 0
56080 0.00 0.00 0.00 0
56081 0.00 0.00 0.00 0
56082 0.00 0.00 0.00 0
56083 0.00 0.00 0.00 0
56084 0.00 0.00 0.00 0
56085 0.00 0.00 0.00 0
56086 0.00 0.00 0.00 0
56087 0.00 0.00 0.00 0
56088 0.00 0.00 0.00 0
56089 0.00 0.00 0.00 0
56090 0.00 0.00 0.00 0
56091 0.00 0.00 0.00 0
56092 0.00 0.00 0.00 0
56093 0.00 0.00 0.00 0
57857 0.00 0.00 0.00 0
57858 0.00 0.00 0.00 0
57859 0.00 0.00 0.00 0
57860 0.00 0.00 0.00 0
57861 0.00 0.00 0.00 0
57862 0.00 0.00 0.00 0
57878 0.00 0.00 0.00 0
57879 0.00 0.00 0.00 0
57880 0.00 0.00 0.00 0
57881 0.00 0.00 0.00 0
57882 0.00 0.00 0.00 0
57883 0.00 0.00 0.00 0
57884 0.00 0.00 0.00 0
57885 0.00 0.00 0.00 0
57886 0.00 0.00 0.00 0
57887 0.00 0.00 0.00 0
57888 0.00 0.00 0.00 0
57889 0.00 0.00 0.00 0
57890 0.00 0.00 0.00 0
57891 0.00 0.00 0.00 0
57892 0.00 0.00 0.00 0
57893 0.00 0.00 0.00 0
59239 0.00 0.00 0.00 0
59240 0.00 0.00 0.00 0
59241 0.00 0.00 0.00 0
59242 0.00 0.00 0.00 0
59243 0.00 0.00 0.00 0
62819 0.00 0.00 0.00 0
62887 0.00 0.00 0.00 0
62888 0.00 0.00 0.00 0
62889 0.00 0.00 0.00 0
62890 0.00 0.00 0.00 0
62891 0.00 0.00 0.00 0
62892 0.00 0.00 0.00 0
62893 0.00 0.00 0.00 0
62894 0.00 0.00 0.00 0
63117 0.00 0.00 0.00 0
63121 0.00 0.00 0.00 0
63122 0.00 0.00 0.00 0
63123 0.00 0.00 0.00 0
63124 0.00 0.00 0.00 0
63125 0.00 0.00 0.00 0
63126 0.00 0.00 0.00 0
63127 0.00 0.00 0.00 0
63128 0.00 0.00 0.00 0
63144 0.00 0.00 0.00 0
63145 0.00 0.00 0.00 0
63146 0.00 0.00 0.00 0
63147 0.00 0.00 0.00 0
63148 0.00 0.00 0.00 0
63149 0.00 0.00 0.00 0
63150 0.00 0.00 0.00 0
63151 0.00 0.00 0.00 0
63152 0.00 0.00 0.00 0
63153 0.00 0.00 0.00 0
63154 0.00 0.00 0.00 0
63155 0.00 0.00 0.00 0
63156 0.00 0.00 0.00 0
63157 0.00 0.00 0.00 0
63158 0.00 0.00 0.00 0
65049 0.00 0.00 0.00 0
65050 0.00 0.00 0.00 0
65051 0.00 0.00 0.00 0
65052 0.00 0.00 0.00 0
65053 0.00 0.00 0.00 0
65054 0.00 0.00 0.00 0
65055 0.00 0.00 0.00 0
65056 0.00 0.00 0.00 0
65057 0.00 0.00 0.00 0
65058 0.00 0.00 0.00 0
65059 0.00 0.00 0.00 0
65060 0.00 0.00 0.00 0
65061 0.00 0.00 0.00 0
65062 0.00 0.00 0.00 0
65063 0.00 0.00 0.00 0
65064 0.00 0.00 0.00 0
65065 0.00 0.00 0.00 0
65066 0.00 0.00 0.00 0
65067 0.00 0.00 0.00 0
65068 0.00 0.00 0.00 0
65069 0.00 0.00 0.00 0
65070 0.00 0.00 0.00 0
65071 0.00 0.00 0.00 0
65072 0.00 0.00 0.00 0
65073 0.00 0.00 0.00 0
65074 0.00 0.00 0.00 0
65075 0.00 0.00 0.00 0
65076 0.00 0.00 0.00 0
65077 0.00 0.00 0.00 0
65078 0.00 0.00 0.00 0
65079 0.00 0.00 0.00 0
65080 0.00 0.00 0.00 0
65081 0.00 0.00 0.00 0
65082 0.00 0.00 0.00 0
65083 0.00 0.00 0.00 0
65084 0.00 0.00 0.00 0
65085 0.00 0.00 0.00 0
65086 0.00 0.00 0.00 0
65087 0.00 0.00 0.00 0
65088 0.00 0.00 0.00 0
65089 0.00 0.00 0.00 0
65090 0.00 0.00 0.00 0
65091 0.00 0.00 0.00 0
65092 0.00 0.00 0.00 0
65093 0.00 0.00 0.00 0
70314 0.00 0.00 0.00 0
70315 0.00 0.00 0.00 0
70316 0.00 0.00 0.00 0
70317 0.00 0.00 0.00 0
70318 0.00 0.00 0.00 0
70319 0.00 0.00 0.00 0
70320 0.00 0.00 0.00 0
70321 0.00 0.00 0.00 0
70322 0.00 0.00 0.00 0
70323 0.00 0.00 0.00 0
70324 0.00 0.00 0.00 0
70325 0.00 0.00 0.00 0
70326 0.00 0.00 0.00 0
70327 0.00 0.00 0.00 0
70328 0.00 0.00 0.00 0
70329 0.00 0.00 0.00 0
70330 0.00 0.00 0.00 0
70331 0.00 0.00 0.00 0
70332 0.00 0.00 0.00 0
70333 0.00 0.00 0.00 0
70334 0.00 0.00 0.00 0
70335 0.00 0.00 0.00 0
70336 0.00 0.00 0.00 0
70337 0.00 0.00 0.00 0
70338 0.00 0.00 0.00 0
70339 0.00 0.00 0.00 0
70340 0.00 0.00 0.00 0
70341 0.00 0.00 0.00 0
70342 0.00 0.00 0.00 0
70343 0.00 0.00 0.00 0
70344 0.00 0.00 0.00 0
70345 0.00 0.00 0.00 0
70346 0.00 0.00 0.00 0
70347 0.00 0.00 0.00 0
70348 0.00 0.00 0.00 0
70349 0.00 0.00 0.00 0
70350 0.00 0.00 0.00 0
70351 0.00 0.00 0.00 0
70352 0.00 0.00 0.00 0
70353 0.00 0.00 0.00 0
70354 0.00 0.00 0.00 0
70355 0.00 0.00 0.00 0
70356 0.00 0.00 0.00 0
70357 0.00 0.00 0.00 0
70358 0.00 0.00 0.00 0
75655 0.00 0.00 0.00 0
75656 0.00 0.00 0.00 0
75709 0.00 0.00 0.00 0
75710 0.00 0.00 0.00 0
75711 0.00 0.00 0.00 0
75712 0.00 0.00 0.00 0
75713 0.00 0.00 0.00 0
75714 0.00 0.00 0.00 0
75715 0.00 0.00 0.00 0
75716 0.00 0.00 0.00 0
75717 0.00 0.00 0.00 0
75718 0.00 0.00 0.00 0
75719 0.00 0.00 0.00 0
75720 0.00 0.00 0.00 0
75721 0.00 0.00 0.00 0
75722 0.00 0.00 0.00 0
75723 0.00 0.00 0.00 0
75724 0.00 0.00 0.00 0
75725 0.00 0.00 0.00 0
75726 0.00 0.00 0.00 0
75727 0.00 0.00 0.00 0
75728 0.00 0.00 0.00 0
75729 0.00 0.00 0.00 0
75730 0.00 0.00 0.00 0
75731 0.00 0.00 0.00 0
75732 0.00 0.00 0.00 0
75733 0.00 0.00 0.00 0
75734 0.00 0.00 0.00 0
75735 0.00 0.00 0.00 0
75736 0.00 0.00 0.00 0
75737 0.00 0.00 0.00 0
75738 0.00 0.00 0.00 0
75739 0.00 0.00 0.00 0
75740 0.00 0.00 0.00 0
75741 0.00 0.00 0.00 0
75742 0.00 0.00 0.00 0
75743 0.00 0.00 0.00 0
75744 0.00 0.00 0.00 0
75745 0.00 0.00 0.00 0
75746 0.00 0.00 0.00 0
75747 0.00 0.00 0.00 0
75748 0.00 0.00 0.00 0
75749 0.00 0.00 0.00 0
75750 0.00 0.00 0.00 0
75751 0.00 0.00 0.00 0
75752 0.00 0.00 0.00 0
75753 0.00 0.00 0.00 0
75754 0.00 0.00 0.00 0
75755 0.00 0.00 0.00 0
75756 0.00 0.00 0.00 0
75757 0.00 0.00 0.00 0
75758 0.00 0.00 0.00 0
79789 0.00 0.00 0.00 0
79790 0.00 0.00 0.00 0
79791 0.00 0.00 0.00 0
79792 0.00 0.00 0.00 0
79793 0.00 0.00 0.00 0
79794 0.00 0.00 0.00 0
79795 0.00 0.00 0.00 0
79796 0.00 0.00 0.00 0
79797 0.00 0.00 0.00 0
79798 0.00 0.00 0.00 0
79799 0.00 0.00 0.00 0
79800 0.00 0.00 0.00 0
79801 0.00 0.00 0.00 0
79802 0.00 0.00 0.00 0
79803 0.00 0.00 0.00 0
79804 0.00 0.00 0.00 0
79805 0.00 0.00 0.00 0
79806 0.00 0.00 0.00 0
79807 0.00 0.00 0.00 0
79808 0.00 0.00 0.00 0
90514 0.00 0.00 0.00 0
90515 0.00 0.00 0.00 0
90516 0.00 0.00 0.00 0
90519 0.00 0.00 0.00 0
90520 0.00 0.00 0.00 0
90521 0.00 0.00 0.00 0
90522 0.00 0.00 0.00 0
90523 0.00 0.00 0.00 0
90524 0.00 0.00 0.00 0
90525 0.00 0.00 0.00 0
90526 0.00 0.00 0.00 0
90527 0.00 0.00 0.00 0
90528 0.00 0.00 0.00 0
90533 0.00 0.00 0.00 0
90534 0.00 0.00 0.00 0
90535 0.00 0.00 0.00 0
90536 0.00 0.00 0.00 0
90537 0.00 0.00 0.00 0
90538 0.00 0.00 0.00 0
90539 0.00 0.00 0.00 0
90540 0.00 0.00 0.00 0
90732 0.00 0.00 0.00 0
90733 0.00 0.00 0.00 0
90734 0.00 0.00 0.00 0
90735 0.00 0.00 0.00 0
90736 0.00 0.00 0.00 0
90737 0.00 0.00 0.00 0
90738 0.00 0.00 0.00 0
90739 0.00 0.00 0.00 0
90740 0.00 0.00 0.00 0
90741 0.00 0.00 0.00 0
90742 0.00 0.00 0.00 0
90743 0.00 0.00 0.00 0
90744 0.00 0.00 0.00 0
90745 0.00 0.00 0.00 0
90746 0.00 0.00 0.00 0
90747 0.00 0.00 0.00 0
90748 0.00 0.00 0.00 0
90749 0.00 0.00 0.00 0
90750 0.00 0.00 0.00 0
90751 0.00 0.00 0.00 0
90752 0.00 0.00 0.00 0
90753 0.00 0.00 0.00 0
90754 0.00 0.00 0.00 0
90755 0.00 0.00 0.00 0
90756 0.00 0.00 0.00 0
90757 0.00 0.00 0.00 0
90758 0.00 0.00 0.00 0
90759 0.00 0.00 0.00 0
90760 0.00 0.00 0.00 0
90761 0.00 0.00 0.00 0
90762 0.00 0.00 0.00 0
90763 0.00 0.00 0.00 0
90764 0.00 0.00 0.00 0
90765 0.00 0.00 0.00 0
90781 0.00 0.00 0.00 0
90782 0.00 0.00 0.00 0
90783 0.00 0.00 0.00 0
90784 0.00 0.00 0.00 0
90785 0.00 0.00 0.00 0
90786 0.00 0.00 0.00 0
90787 0.00 0.00 0.00 0
90788 0.00 0.00 0.00 0
90789 0.00 0.00 0.00 0
90790 0.00 0.00 0.00 0
90791 0.00 0.00 0.00 0
90792 0.00 0.00 0.00 0
90793 0.00 0.00 0.00 0
90794 0.00 0.00 0.00 0
90795 0.00 0.00 0.00 0
90799 0.00 0.00 0.00 0
90800 0.00 0.00 0.00 0
90801 0.00 0.00 0.00 0
90802 0.00 0.00 0.00 0
90803 0.00 0.00 0.00 0
90804 0.00 0.00 0.00 0
90805 0.00 0.00 0.00 0
90806 0.00 0.00 0.00 0
90807 0.00 0.00 0.00 0
90808 0.00 0.00 0.00 0
90809 0.00 0.00 0.00 0
90810 0.00 0.00 0.00 0
90861 0.00 0.00 0.00 0
90862 0.00 0.00 0.00 0
90863 0.00 0.00 0.00 0
90867 0.00 0.00 0.00 0
90868 0.00 0.00 0.00 0
90869 0.00 0.00 0.00 0
90870 0.00 0.00 0.00 0
90871 0.00 0.00 0.00 0
90872 0.00 0.00 0.00 0
90873 0.00 0.00 0.00 0
90874 0.00 0.00 0.00 0
90875 0.00 0.00 0.00 0
90876 0.00 0.00 0.00 0
90877 0.00 0.00 0.00 0
90878 0.00 0.00 0.00 0
90879 0.00 0.00 0.00 0
90880 0.00 0.00 0.00 0
90881 0.00 0.00 0.00 0
90882 0.00 0.00 0.00 0
90883 0.00 0.00 0.00 0
90884 0.00 0.00 0.00 0
90885 0.00 0.00 0.00 0
90887 0.00 0.00 0.00 0
90888 0.00 0.00 0.00 0
90889 0.00 0.00 0.00 0
90890 0.00 0.00 0.00 0
90891 0.00 0.00 0.00 0
90892 0.00 0.00 0.00 0
90893 0.00 0.00 0.00 0
90894 0.00 0.00 0.00 0
90895 0.00 0.00 0.00 0
90896 0.00 0.00 0.00 0
90897 0.00 0.00 0.00 0
90898 0.00 0.00 0.00 0
90899 0.00 0.00 0.00 0
90900 0.00 0.00 0.00 0
90921 0.00 0.00 0.00 0
90922 0.00 0.00 0.00 0
90923 0.00 0.00 0.00 0
90924 0.00 0.00 0.00 0
90925 0.00 0.00 0.00 0
90926 0.00 0.00 0.00 0
90927 0.00 0.00 0.00 0
90928 0.00 0.00 0.00 0
90929 0.00 0.00 0.00 0
90930 0.00 0.00 0.00 0
91442 0.00 0.00 0.00 0
91443 0.00 0.00 0.00 0
91444 0.00 0.00 0.00 0
91445 0.00 0.00 0.00 0
91446 0.00 0.00 0.00 0
91447 0.00 0.00 0.00 0
91448 0.00 0.00 0.00 0
91449 0.00 0.00 0.00 0
91450 0.00 0.00 0.00 0
91451 0.00 0.00 0.00 0
91452 0.00 0.00 0.00 0
91453 0.00 0.00 0.00 0
91454 0.00 0.00 0.00 0
91455 0.00 0.00 0.00 0
91456 0.00 0.00 0.00 0
91509 0.00 0.00 0.00 0
91510 0.00 0.00 0.00 0
91511 0.00 0.00 0.00 0
91512 0.00 0.00 0.00 0
91513 0.00 0.00 0.00 0
91514 0.00 0.00 0.00 0
91515 0.00 0.00 0.00 0
91516 0.00 0.00 0.00 0
91517 0.00 0.00 0.00 0
91518 0.00 0.00 0.00 0
91519 0.00 0.00 0.00 0
91521 0.00 0.00 0.00 0
91539 0.00 0.00 0.00 0
91549 0.00 0.00 0.00 0
92499 0.00 0.00 0.00 0
92500 0.00 0.00 0.00 0
92501 0.00 0.00 0.00 0
92502 0.00 0.00 0.00 0
92503 0.00 0.00 0.00 0
92504 0.00 0.00 0.00 0
92505 0.00 0.00 0.00 0
92506 0.00 0.00 0.00 0
92507 0.00 0.00 0.00 0
93552 0.00 0.00 0.00 0
93553 0.00 0.00 0.00 0
93554 0.00 0.00 0.00 0
93555 0.00 0.00 0.00 0
93556 0.00 0.00 0.00 0
93557 0.00 0.00 0.00 0
93558 0.00 0.00 0.00 0
93559 0.00 0.00 0.00 0
93560 0.00 0.00 0.00 0
94619 0.00 0.00 0.00 0
94620 0.00 0.00 0.00 0
94621 0.00 0.00 0.00 0
94622 0.00 0.00 0.00 0
94630 0.00 0.00 0.00 0
94631 0.00 0.00 0.00 0
94632 0.00 0.00 0.00 0
94633 0.00 0.00 0.00 0
94634 0.00 0.00 0.00 0
94635 0.00 0.00 0.00 0
94636 0.00 0.00 0.00 0
94637 0.00 0.00 0.00 0
94638 0.00 0.00 0.00 0
94639 0.00 0.00 0.00 0
94640 0.00 0.00 0.00 0
95447 0.00 0.00 0.00 0
95448 0.00 0.00 0.00 0
95449 0.00 0.00 0.00 0
95450 0.00 0.00 0.00 0
97638 0.00 0.00 0.00 0
97773 0.00 0.00 0.00 0
97775 0.00 0.00 0.00 0
97776 0.00 0.00 0.00 0
97777 0.00 0.00 0.00 0
97778 0.00 0.00 0.00 0
97779 0.00 0.00 0.00 0
97780 0.00 0.00 0.00 0
97781 0.00 0.00 0.00 0
97782 0.00 0.00 0.00 0
97784 0.00 0.00 0.00 0
97790 0.00 0.00 0.00 0
97791 0.00 0.00 0.00 0
97792 0.00 0.00 0.00 0
97793 0.00 0.00 0.00 0
97794 0.00 0.00 0.00 0
97795 0.00 0.00 0.00 0
97796 0.00 0.00 0.00 0
97797 0.00 0.00 0.00 0
97798 0.00 0.00 0.00 0
97799 0.00 0.00 0.00 0
98934 0.00 0.00 0.00 0
98935 0.00 0.00 0.00 0
98936 0.00 0.00 0.00 0
98937 0.00 0.00 0.00 0
98938 0.00 0.00 0.00 0
98939 0.00 0.00 0.00 0
98940 0.00 0.00 0.00 0
98941 0.00 0.00 0.00 0
98942 0.00 0.00 0.00 0
98943 0.00 0.00 0.00 0
98944 0.00 0.00 0.00 0
98945 0.00 0.00 0.00 0
98946 0.00 0.00 0.00 0
98947 0.00 0.00 0.00 0
98948 0.00 0.00 0.00 0
98949 0.00 0.00 0.00 0
98950 0.00 0.00 0.00 0
98951 0.00 0.00 0.00 0
98952 0.00 0.00 0.00 0
98953 0.00 0.00 0.00 0
98954 0.00 0.00 0.00 0
98955 0.00 0.00 0.00 0
98956 0.00 0.00 0.00 0
98957 0.00 0.00 0.00 0
98958 0.00 0.00 0.00 0
98959 0.00 0.00 0.00 0
98960 0.00 0.00 0.00 0
102093 0.00 0.00 0.00 0
102094 0.00 0.00 0.00 0
102095 0.00 0.00 0.00 0
102096 0.00 0.00 0.00 0
102097 0.00 0.00 0.00 0
102098 0.00 0.00 0.00 0
102099 0.00 0.00 0.00 0
102100 0.00 0.00 0.00 0
102101 0.00 0.00 0.00 0
102102 0.00 0.00 0.00 0
102103 0.00 0.00 0.00 0
102104 0.00 0.00 0.00 0
102105 0.00 0.00 0.00 0
102106 0.00 0.00 0.00 0
102107 0.00 0.00 0.00 0
102108 0.00 0.00 0.00 0
102109 0.00 0.00 0.00 0
102110 0.00 0.00 0.00 0
102111 0.00 0.00 0.00 0
102112 0.00 0.00 0.00 0
102113 0.00 0.00 0.00 0
102114 0.00 0.00 0.00 0
102115 0.00 0.00 0.00 0
102116 0.00 0.00 0.00 0
102117 0.00 0.00 0.00 0
102118 0.00 0.00 0.00 0
102119 0.00 0.00 0.00 0
105293 0.00 0.00 0.00 0
105294 0.00 0.00 0.00 0
105295 0.00 0.00 0.00 0
105296 0.00 0.00 0.00 0
105331 0.00 0.00 0.00 0
105332 0.00 0.00 0.00 0
105333 0.00 0.00 0.00 0
105334 0.00 0.00 0.00 0
105335 0.00 0.00 0.00 0
105336 0.00 0.00 0.00 0
105337 0.00 0.00 0.00 0
105338 0.00 0.00 0.00 0
105339 0.00 0.00 0.00 0
105340 0.00 0.00 0.00 0
105341 0.00 0.00 0.00 0
105342 0.00 0.00 0.00 0
105343 0.00 0.00 0.00 0
105344 0.00 0.00 0.00 0
105345 0.00 0.00 0.00 0
105346 0.00 0.00 0.00 0
105347 0.00 0.00 0.00 0
105348 0.00 0.00 0.00 0
105349 0.00 0.00 0.00 0
105350 0.00 0.00 0.00 0
105351 0.00 0.00 0.00 0
105352 0.00 0.00 0.00 0
105353 0.00 0.00 0.00 0
105354 0.00 0.00 0.00 0
105355 0.00 0.00 0.00 0
105356 0.00 0.00 0.00 0
105357 0.00 0.00 0.00 0
105358 0.00 0.00 0.00 0
105359 0.00 0.00 0.00 0
107779 0.00 0.00 0.00 0
107780 0.00 0.00 0.00 0
107781 0.00 0.00 0.00 0
107782 0.00 0.00 0.00 0
107783 0.00 0.00 0.00 0
107784 0.00 0.00 0.00 0
107785 0.00 0.00 0.00 0
107786 0.00 0.00 0.00 0
107787 0.00 0.00 0.00 0
107788 0.00 0.00 0.00 0
107789 0.00 0.00 0.00 0
114215 0.00 0.00 0.00 0
114216 0.00 0.00 0.00 0
114217 0.00 0.00 0.00 0
114218 0.00 0.00 0.00 0
114219 0.00 0.00 0.00 0
114220 0.00 0.00 0.00 0
114224 0.00 0.00 0.00 0
114225 0.00 0.00 0.00 0
114226 0.00 0.00 0.00 0
114227 0.00 0.00 0.00 0
114228 0.00 0.00 0.00 0
114342 0.00 0.00 0.00 0
114343 0.00 0.00 0.00 0
114344 0.00 0.00 0.00 0
114345 0.00 0.00 0.00 0
114346 0.00 0.00 0.00 0
114347 0.00 0.00 0.00 0
114348 0.00 0.00 0.00 0
114349 0.00 0.00 0.00 0
114350 0.00 0.00 0.00 0
114351 0.00 0.00 0.00 0
114352 0.00 0.00 0.00 0
114353 0.00 0.00 0.00 0
114354 0.00 0.00 0.00 0
114355 0.00 0.00 0.00 0
114356 0.00 0.00 0.00 0
114357 0.00 0.00 0.00 0
114358 0.00 0.00 0.00 0
114359 0.00 0.00 0.00 0
114360 0.00 0.00 0.00 0
114361 0.00 0.00 0.00 0
114362 0.00 0.00 0.00 0
114363 0.00 0.00 0.00 0
114374 0.00 0.00 0.00 0
114376 0.00 0.00 0.00 0
114377 0.00 0.00 0.00 0
114378 0.00 0.00 0.00 0
114379 0.00 0.00 0.00 0
114380 0.00 0.00 0.00 0
114381 0.00 0.00 0.00 0
114382 0.00 0.00 0.00 0
114383 0.00 0.00 0.00 0
114384 0.00 0.00 0.00 0
114385 0.00 0.00 0.00 0
114386 0.00 0.00 0.00 0
114387 0.00 0.00 0.00 0
114388 0.00 0.00 0.00 0
114389 0.00 0.00 0.00 0
114390 0.00 0.00 0.00 0
114426 0.00 0.00 0.00 0
114427 0.00 0.00 0.00 0
114428 0.00 0.00 0.00 0
114429 0.00 0.00 0.00 0
114430 0.00 0.00 0.00 0
114431 0.00 0.00 0.00 0
114432 0.00 0.00 0.00 0
114434 0.00 0.00 0.00 0
114435 0.00 0.00 0.00 0
114439 0.00 0.00 0.00 0
114440 0.00 0.00 0.00 0
114441 0.00 0.00 0.00 0
114442 0.00 0.00 0.00 0
114443 0.00 0.00 0.00 0
114444 0.00 0.00 0.00 0
114459 0.00 0.00 0.00 0
114770 0.00 0.00 0.00 0
114771 0.00 0.00 0.00 0
114772 0.00 0.00 0.00 0
114773 0.00 0.00 0.00 0
114774 0.00 0.00 0.00 0
114775 0.00 0.00 0.00 0
114776 0.00 0.00 0.00 0
114777 0.00 0.00 0.00 0
114778 0.00 0.00 0.00 0
114810 0.00 0.00 0.00 0
114811 0.00 0.00 0.00 0
114812 0.00 0.00 0.00 0
114813 0.00 0.00 0.00 0
114814 0.00 0.00 0.00 0
114815 0.00 0.00 0.00 0
114816 0.00 0.00 0.00 0
114817 0.00 0.00 0.00 0
114818 0.00 0.00 0.00 0
114828 0.00 0.00 0.00 0
114829 0.00 0.00 0.00 0
114830 0.00 0.00 0.00 0
114831 0.00 0.00 0.00 0
114835 0.00 0.00 0.00 0
114836 0.00 0.00 0.00 0
115989 0.00 0.00 0.00 0
115990 0.00 0.00 0.00 0
115991 0.00 0.00 0.00 0
115992 0.00 0.00 0.00 0
115993 0.00 0.00 0.00 0
115994 0.00 0.00 0.00 0
115995 0.00 0.00 0.00 0
115996 0.00 0.00 0.00 0
115997 0.00 0.00 0.00 0
115998 0.00 0.00 0.00 0
115999 0.00 0.00 0.00 0
116000 0.00 0.00 0.00 0
116001 0.00 0.00 0.00 0
116002 0.00 0.00 0.00 0
116003 0.00 0.00 0.00 0
116004 0.00 0.00 0.00 0
116005 0.00 0.00 0.00 0
116006 0.00 0.00 0.00 0
116007 0.00 0.00 0.00 0
116008 0.00 0.00 0.00 0
116009 0.00 0.00 0.00 0
118446 0.00 0.00 0.00 0
118447 0.00 0.00 0.00 0
118448 0.00 0.00 0.00 0
118449 0.00 0.00 0.00 0
118450 0.00 0.00 0.00 0
118451 0.00 0.00 0.00 0
118452 0.00 0.00 0.00 0
118453 0.00 0.00 0.00 0
118454 0.00 0.00 0.00 0
118455 0.00 0.00 0.00 0
118456 0.00 0.00 0.00 0
118457 0.00 0.00 0.00 0
118458 0.00 0.00 0.00 0
118459 0.00 0.00 0.00 0
118460 0.00 0.00 0.00 0
118461 0.00 0.00 0.00 0
118462 0.00 0.00 0.00 0
118463 0.00 0.00 0.00 0
118464 0.00 0.00 0.00 0
118465 0.00 0.00 0.00 0
118466 0.00 0.00 0.00 0
120935 0.00 0.00 0.00 0
120936 0.00 0.00 0.00 0
120937 0.00 0.00 0.00 0
120938 0.00 0.00 0.00 0
120939 0.00 0.00 0.00 0
120940 0.00 0.00 0.00 0
120941 0.00 0.00 0.00 0
120942 0.00 0.00 0.00 0
120965 0.00 0.00 0.00 0
120966 0.00 0.00 0.00 0
120967 0.00 0.00 0.00 0
120968 0.00 0.00 0.00 0
120969 0.00 0.00 0.00 0
120970 0.00 0.00 0.00 0
120971 0.00 0.00 0.00 0
120972 0.00 0.00 0.00 0
120973 0.00 0.00 0.00 0
120974 0.00 0.00 0.00 0
120975 0.00 0.00 0.00 0
120976 0.00 0.00 0.00 0
120977 0.00 0.00 0.00 0
120978 0.00 0.00 0.00 0
120979 0.00 0.00 0.00 0
120980 0.00 0.00 0.00 0
120981 0.00 0.00 0.00 0
120982 0.00 0.00 0.00 0
120983 0.00 0.00 0.00 0
120984 0.00 0.00 0.00 0
120985 0.00 0.00 0.00 0
120986 0.00 0.00 0.00 0
122869 0.00 0.00 0.00 0
122870 0.00 0.00 0.00 0
122871 0.00 0.00 0.00 0
122872 0.00 0.00 0.00 0
122873 0.00 0.00 0.00 0
122874 0.00 0.00 0.00 0
122875 0.00 0.00 0.00 0
122876 0.00 0.00 0.00 0
127875 0.00 0.00 0.00 0
127877 0.00 0.00 0.00 0
127878 0.00 0.00 0.00 0
127882 0.00 0.00 0.00 0
127883 0.00 0.00 0.00 0
127884 0.00 0.00 0.00 0
127976 0.00 0.00 0.00 0
127977 0.00 0.00 0.00 0
127978 0.00 0.00 0.00 0
127979 0.00 0.00 0.00 0
127980 0.00 0.00 0.00 0
127981 0.00 0.00 0.00 0
127982 0.00 0.00 0.00 0
127983 0.00 0.00 0.00 0
127984 0.00 0.00 0.00 0
127985 0.00 0.00 0.00 0
127986 0.00 0.00 0.00 0
127987 0.00 0.00 0.00 0
127988 0.00 0.00 0.00 0
127989 0.00 0.00 0.00 0
128008 0.00 0.00 0.00 0
128009 0.00 0.00 0.00 0
128010 0.00 0.00 0.00 0
128306 0.00 0.00 0.00 0
128307 0.00 0.00 0.00 0
128308 0.00 0.00 0.00 0
128309 0.00 0.00 0.00 0
128310 0.00 0.00 0.00 0
128311 0.00 0.00 0.00 0
128312 0.00 0.00 0.00 0
128313 0.00 0.00 0.00 0
128314 0.00 0.00 0.00 0
128337 0.00 0.00 0.00 0
128338 0.00 0.00 0.00 0
128339 0.00 0.00 0.00 0
128340 0.00 0.00 0.00 0
128341 0.00 0.00 0.00 0
128342 0.00 0.00 0.00 0
128343 0.00 0.00 0.00 0
128344 0.00 0.00 0.00 0
128345 0.00 0.00 0.00 0
128346 0.00 0.00 0.00 0
128347 0.00 0.00 0.00 0
128349 0.00 0.00 0.00 0
128350 0.00 0.00 0.00 0
128351 0.00 0.00 0.00 0
128352 0.00 0.00 0.00 0
128353 0.00 0.00 0.00 0
128354 0.00 0.00 0.00 0
128355 0.00 0.00 0.00 0
128356 0.00 0.00 0.00 0
128357 0.00 0.00 0.00 0
130782 0.00 0.00 0.00 0
130783 0.00 0.00 0.00 0
130784 0.00 0.00 0.00 0
130785 0.00 0.00 0.00 0
130786 0.00 0.00 0.00 0
130787 0.00 0.00 0.00 0
130788 0.00 0.00 0.00 0
130789 0.00 0.00 0.00 0
130790 0.00 0.00 0.00 0
130791 0.00 0.00 0.00 0
130792 0.00 0.00 0.00 0
130793 0.00 0.00 0.00 0
130794 0.00 0.00 0.00 0
130795 0.00 0.00 0.00 0
130796 0.00 0.00 0.00 0
130797 0.00 0.00 0.00 0
130798 0.00 0.00 0.00 0
130799 0.00 0.00 0.00 0
130800 0.00 0.00 0.00 0
130801 0.00 0.00 0.00 0
130802 0.00 0.00 0.00 0
130803 0.00 0.00 0.00 0
130804 0.00 0.00 0.00 0
130805 0.00 0.00 0.00 0
130806 0.00 0.00 0.00 0
130807 0.00 0.00 0.00 0
130808 0.00 0.00 0.00 0
130809 0.00 0.00 0.00 0
130810 0.00 0.00 0.00 0
130811 0.00 0.00 0.00 0
130812 0.00 0.00 0.00 0
130813 0.00 0.00 0.00 0
130814 0.00 0.00 0.00 0
130815 0.00 0.00 0.00 0
130816 0.00 0.00 0.00 0
130817 0.00 0.00 0.00 0
130818 0.00 0.00 0.00 0
130819 0.00 0.00 0.00 0
130820 0.00 0.00 0.00 0
130821 0.00 0.00 0.00 0
130822 0.00 0.00 0.00 0
130823 0.00 0.00 0.00 0
130824 0.00 0.00 0.00 0
130825 0.00 0.00 0.00 0
130826 0.00 0.00 0.00 0
130827 0.00 0.00 0.00 0
130828 0.00 0.00 0.00 0
130829 0.00 0.00 0.00 0
130830 0.00 0.00 0.00 0
130831 0.00 0.00 0.00 0
130832 0.00 0.00 0.00 0
130833 0.00 0.00 0.00 0
130834 0.00 0.00 0.00 0
130835 0.00 0.00 0.00 0
137448 0.00 0.00 0.00 0
137449 0.00 0.00 0.00 0
137450 0.00 0.00 0.00 0
137451 0.00 0.00 0.00 0
137452 0.00 0.00 0.00 0
137453 0.00 0.00 0.00 0
137454 0.00 0.00 0.00 0
137455 0.00 0.00 0.00 0
137456 0.00 0.00 0.00 0
137457 0.00 0.00 0.00 0
137458 0.00 0.00 0.00 0
137459 0.00 0.00 0.00 0
137460 0.00 0.00 0.00 0
137461 0.00 0.00 0.00 0
137462 0.00 0.00 0.00 0
137463 0.00 0.00 0.00 0
137464 0.00 0.00 0.00 0
137465 0.00 0.00 0.00 0
137466 0.00 0.00 0.00 0
137467 0.00 0.00 0.00 0
137468 0.00 0.00 0.00 0
137469 0.00 0.00 0.00 0
137470 0.00 0.00 0.00 0
137471 0.00 0.00 0.00 0
137472 0.00 0.00 0.00 0
137473 0.00 0.00 0.00 0
137474 0.00 0.00 0.00 0
137475 0.00 0.00 0.00 0
137476 0.00 0.00 0.00 0
137477 0.00 0.00 0.00 0
137478 0.00 0.00 0.00 0
137479 0.00 0.00 0.00 0
137480 0.00 0.00 0.00 0
137481 0.00 0.00 0.00 0
137482 0.00 0.00 0.00 0
137483 0.00 0.00 0.00 0
137484 0.00 0.00 0.00 0
137485 0.00 0.00 0.00 0
137486 0.00 0.00 0.00 0
137487 0.00 0.00 0.00 0
137488 0.00 0.00 0.00 0
137489 0.00 0.00 0.00 0
137490 0.00 0.00 0.00 0
137491 0.00 0.00 0.00 0
137492 0.00 0.00 0.00 0
137493 0.00 0.00 0.00 0
137494 0.00 0.00 0.00 0
137495 0.00 0.00 0.00 0
137496 0.00 0.00 0.00 0
137497 0.00 0.00 0.00 0
137498 0.00 0.00 0.00 0
137499 0.00 0.00 0.00 0
137500 0.00 0.00 0.00 0
137501 0.00 0.00 0.00 0
137502 0.00 0.00 0.00 0
137503 0.00 0.00 0.00 0
137504 0.00 0.00 0.00 0
143987 0.00 0.00 0.00 0
144055 0.00 0.00 0.00 0
144056 0.00 0.00 0.00 0
144057 0.00 0.00 0.00 0
144058 0.00 0.00 0.00 0
144059 0.00 0.00 0.00 0
144060 0.00 0.00 0.00 0
144061 0.00 0.00 0.00 0
144062 0.00 0.00 0.00 0
144063 0.00 0.00 0.00 0
144064 0.00 0.00 0.00 0
144065 0.00 0.00 0.00 0
144066 0.00 0.00 0.00 0
144067 0.00 0.00 0.00 0
144068 0.00 0.00 0.00 0
144069 0.00 0.00 0.00 0
144070 0.00 0.00 0.00 0
144071 0.00 0.00 0.00 0
144072 0.00 0.00 0.00 0
144073 0.00 0.00 0.00 0
144074 0.00 0.00 0.00 0
144075 0.00 0.00 0.00 0
144076 0.00 0.00 0.00 0
144077 0.00 0.00 0.00 0
144078 0.00 0.00 0.00 0
144079 0.00 0.00 0.00 0
144080 0.00 0.00 0.00 0
144081 0.00 0.00 0.00 0
144082 0.00 0.00 0.00 0
144083 0.00 0.00 0.00 0
144084 0.00 0.00 0.00 0
144085 0.00 0.00 0.00 0
144086 0.00 0.00 0.00 0
144087 0.00 0.00 0.00 0
144088 0.00 0.00 0.00 0
144089 0.00 0.00 0.00 0
144090 0.00 0.00 0.00 0
144091 0.00 0.00 0.00 0
144092 0.00 0.00 0.00 0
144093 0.00 0.00 0.00 0
144094 0.00 0.00 0.00 0
144095 0.00 0.00 0.00 0
144096 0.00 0.00 0.00 0
144097 0.00 0.00 0.00 0
144098 0.00 0.00 0.00 0
144099 0.00 0.00 0.00 0
144100 0.00 0.00 0.00 0
144101 0.00 0.00 0.00 0
144102 0.00 0.00 0.00 0
144103 0.00 0.00 0.00 0
144104 0.00 0.00 0.00 0
144105 0.00 0.00 0.00 0
144106 0.00 0.00 0.00 0
144107 0.00 0.00 0.00 0
144108 0.00 0.00 0.00 0
144109 0.00 0.00 0.00 0
144110 0.00 0.00 0.00 0
144111 0.00 0.00 0.00 0
144112 0.00 0.00 0.00 0
144113 0.00 0.00 0.00 0
148981 0.00 0.00 0.00 0
148982 0.00 0.00 0.00 0
148983 0.00 0.00 0.00 0
148984 0.00 0.00 0.00 0
148985 0.00 0.00 0.00 0
148986 0.00 0.00 0.00 0
148987 0.00 0.00 0.00 0
148988 0.00 0.00 0.00 0
148990 0.00 0.00 0.00 0
148991 0.00 0.00 0.00 0
148992 0.00 0.00 0.00 0
148993 0.00 0.00 0.00 0
148994 0.00 0.00 0.00 0
148995 0.00 0.00 0.00 0
148996 0.00 0.00 0.00 0
148997 0.00 0.00 0.00 0
148998 0.00 0.00 0.00 0
148999 0.00 0.00 0.00 0
149000 0.00 0.00 0.00 0
149001 0.00 0.00 0.00 0
149002 0.00 0.00 0.00 0
149003 0.00 0.00 0.00 0
149004 0.00 0.00 0.00 0
149005 0.00 0.00 0.00 0
149006 0.00 0.00 0.00 0
161872 0.00 0.00 0.00 0
161873 0.00 0.00 0.00 0
161874 0.00 0.00 0.00 0
161875 0.00 0.00 0.00 0
161876 0.00 0.00 0.00 0
161877 0.00 0.00 0.00 0
161878 0.00 0.00 0.00 0
161879 0.00 0.00 0.00 0
161880 0.00 0.00 0.00 0
161881 0.00 0.00 0.00 0
161882 0.00 0.00 0.00 0
161883 0.00 0.00 0.00 0
161884 0.00 0.00 0.00 0
161886 0.00 0.00 0.00 0
161888 0.00 0.00 0.00 0
161889 0.00 0.00 0.00 0
161890 0.00 0.00 0.00 0
161891 0.00 0.00 0.00 0
161892 0.00 0.00 0.00 0
161893 0.00 0.00 0.00 0
161894 0.00 0.00 0.00 0
161895 0.00 0.00 0.00 0
161896 0.00 0.00 0.00 0
161897 0.00 0.00 0.00 0
161898 0.00 0.00 0.00 0
162122 0.00 0.00 0.00 0
162123 0.00 0.00 0.00 0
162127 0.00 0.00 0.00 0
162128 0.00 0.00 0.00 0
162130 0.00 0.00 0.00 0
162131 0.00 0.00 0.00 0
162132 0.00 0.00 0.00 0
162133 0.00 0.00 0.00 0
162134 0.00 0.00 0.00 0
162135 0.00 0.00 0.00 0
162136 0.00 0.00 0.00 0
162137 0.00 0.00 0.00 0
162138 0.00 0.00 0.00 0
162139 0.00 0.00 0.00 0
162140 0.00 0.00 0.00 0
162141 0.00 0.00 0.00 0
162142 0.00 0.00 0.00 0
162143 0.00 0.00 0.00 0
162144 0.00 0.00 0.00 0
162145 0.00 0.00 0.00 0
162146 0.00 0.00 0.00 0
162147 0.00 0.00 0.00 0
162148 0.00 0.00 0.00 0
162149 0.00 0.00 0.00 0
162150 0.00 0.00 0.00 0
162151 0.00 0.00 0.00 0
162152 0.00 0.00 0.00 0
162153 0.00 0.00 0.00 0
162154 0.00 0.00 0.00 0
162155 0.00 0.00 0.00 0
162156 0.00 0.00 0.00 0
162157 0.00 0.00 0.00 0
162158 0.00 0.00 0.00 0
162159 0.00 0.00 0.00 0
162160 0.00 0.00 0.00 0
162161 0.00 0.00 0.00 0
162162 0.00 0.00 0.00 0
162163 0.00 0.00 0.00 0
162164 0.00 0.00 0.00 0
162165 0.00 0.00 0.00 0
162166 0.00 0.00 0.00 0
162167 0.00 0.00 0.00 0
162168 0.00 0.00 0.00 0
162176 0.00 0.00 0.00 0
162177 0.00 0.00 0.00 0
162185 0.00 0.00 0.00 0
162186 0.00 0.00 0.00 0
162187 0.00 0.00 0.00 0
162188 0.00 0.00 0.00 0
162189 0.00 0.00 0.00 0
162190 0.00 0.00 0.00 0
162191 0.00 0.00 0.00 0
162192 0.00 0.00 0.00 0
162193 0.00 0.00 0.00 0
162194 0.00 0.00 0.00 0
162195 0.00 0.00 0.00 0
162196 0.00 0.00 0.00 0
162197 0.00 0.00 0.00 0
162198 0.00 0.00 0.00 0
162199 0.00 0.00 0.00 0
162200 0.00 0.00 0.00 0
162201 0.00 0.00 0.00 0
162202 0.00 0.00 0.00 0
162203 0.00 0.00 0.00 0
162204 0.00 0.00 0.00 0
162206 0.00 0.00 0.00 0
162207 0.00 0.00 0.00 0
162208 0.00 0.00 0.00 0
162209 0.00 0.00 0.00 0
162210 0.00 0.00 0.00 0
162211 0.00 0.00 0.00 0
162212 0.00 0.00 0.00 0
162213 0.00 0.00 0.00 0
162214 0.00 0.00 0.00 0
162215 0.00 0.00 0.00 0
162216 0.00 0.00 0.00 0
162217 0.00 0.00 0.00 0
162218 0.00 0.00 0.00 0
162219 0.00 0.00 0.00 0
162220 0.00 0.00 0.00 0
162221 0.00 0.00 0.00 0
162222 0.00 0.00 0.00 0
162283 0.00 0.00 0.00 0
162284 0.00 0.00 0.00 0
162285 0.00 0.00 0.00 0
162291 0.00 0.00 0.00 0
162292 0.00 0.00 0.00 0
162293 0.00 0.00 0.00 0
162294 0.00 0.00 0.00 0
162295 0.00 0.00 0.00 0
162296 0.00 0.00 0.00 0
162297 0.00 0.00 0.00 0
162298 0.00 0.00 0.00 0
162299 0.00 0.00 0.00 0
162300 0.00 0.00 0.00 0
162301 0.00 0.00 0.00 0
162302 0.00 0.00 0.00 0
162303 0.00 0.00 0.00 0
162304 0.00 0.00 0.00 0
162305 0.00 0.00 0.00 0
162306 0.00 0.00 0.00 0
162307 0.00 0.00 0.00 0
162308 0.00 0.00 0.00 0
162309 0.00 0.00 0.00 0
162310 0.00 0.00 0.00 0
162311 0.00 0.00 0.00 0
162312 0.00 0.00 0.00 0
162313 0.00 0.00 0.00 0
162314 0.00 0.00 0.00 0
162315 0.00 0.00 0.00 0
162316 0.00 0.00 0.00 0
162317 0.00 0.00 0.00 0
162318 0.00 0.00 0.00 0
162319 0.00 0.00 0.00 0
162320 0.00 0.00 0.00 0
162321 0.00 0.00 0.00 0
162322 0.00 0.00 0.00 0
162323 0.00 0.00 0.00 0
162324 0.00 0.00 0.00 0
162325 0.00 0.00 0.00 0
162326 0.00 0.00 0.00 0
162327 0.00 0.00 0.00 0
162328 0.00 0.00 0.00 0
162329 0.00 0.00 0.00 0
162330 0.00 0.00 0.00 0
162351 0.00 0.00 0.00 0
162353 0.00 0.00 0.00 0
162354 0.00 0.00 0.00 0
162355 0.00 0.00 0.00 0
162356 0.00 0.00 0.00 0
162357 0.00 0.00 0.00 0
162358 0.00 0.00 0.00 0
162359 0.00 0.00 0.00 0
162360 0.00 0.00 0.00 0
162361 0.00 0.00 0.00 0
162362 0.00 0.00 0.00 0
162363 0.00 0.00 0.00 0
162364 0.00 0.00 0.00 0
162365 0.00 0.00 0.00 0
162366 0.00 0.00 0.00 0
162374 0.00 0.00 0.00 0
162375 0.00 0.00 0.00 0
162979 0.00 0.00 0.00 0
162980 0.00 0.00 0.00 0
162981 0.00 0.00 0.00 0
162982 0.00 0.00 0.00 0
162983 0.00 0.00 0.00 0
162984 0.00 0.00 0.00 0
162985 0.00 0.00 0.00 0
162986 0.00 0.00 0.00 0
162988 0.00 0.00 0.00 0
162989 0.00 0.00 0.00 0
162990 0.00 0.00 0.00 0
162991 0.00 0.00 0.00 0
162992 0.00 0.00 0.00 0
162993 0.00 0.00 0.00 0
162994 0.00 0.00 0.00 0
162995 0.00 0.00 0.00 0
163060 0.00 0.00 0.00 0
163061 0.00 0.00 0.00 0
163062 0.00 0.00 0.00 0
163063 0.00 0.00 0.00 0
163064 0.00 0.00 0.00 0
163065 0.00 0.00 0.00 0
163069 0.00 0.00 0.00 0
163070 0.00 0.00 0.00 0
163071 0.00 0.00 0.00 0
163072 0.00 0.00 0.00 0
163073 0.00 0.00 0.00 0
163074 0.00 0.00 0.00 0
