# G_occipital_middle
2104
140 0.00 0.00 0.00 0
304 0.00 0.00 0.00 0
305 0.00 0.00 0.00 0
442 0.00 0.00 0.00 0
444 0.00 0.00 0.00 0
576 0.00 0.00 0.00 0
687 0.00 0.00 0.00 0
782 0.00 0.00 0.00 0
783 0.00 0.00 0.00 0
784 0.00 0.00 0.00 0
785 0.00 0.00 0.00 0
976 0.00 0.00 0.00 0
977 0.00 0.00 0.00 0
978 0.00 0.00 0.00 0
1270 0.00 0.00 0.00 0
1274 0.00 0.00 0.00 0
1278 0.00 0.00 0.00 0
1279 0.00 0.00 0.00 0
1280 0.00 0.00 0.00 0
1281 0.00 0.00 0.00 0
1524 0.00 0.00 0.00 0
1698 0.00 0.00 0.00 0
1699 0.00 0.00 0.00 0
1700 0.00 0.00 0.00 0
1701 0.00 0.00 0.00 0
1702 0.00 0.00 0.00 0
1990 0.00 0.00 0.00 0
1992 0.00 0.00 0.00 0
1993 0.00 0.00 0.00 0
1995 0.00 0.00 0.00 0
1996 0.00 0.00 0.00 0
2364 0.00 0.00 0.00 0
2365 0.00 0.00 0.00 0
2702 0.00 0.00 0.00 0
2703 0.00 0.00 0.00 0
2897 0.00 0.00 0.00 0
3190 0.00 0.00 0.00 0
3191 0.00 0.00 0.00 0
3192 0.00 0.00 0.00 0
3193 0.00 0.00 0.00 0
3194 0.00 0.00 0.00 0
3195 0.00 0.00 0.00 0
3196 0.00 0.00 0.00 0
3198 0.00 0.00 0.00 0
3200 0.00 0.00 0.00 0
3500 0.00 0.00 0.00 0
3790 0.00 0.00 0.00 0
3791 0.00 0.00 0.00 0
3792 0.00 0.00 0.00 0
3793 0.00 0.00 0.00 0
3794 0.00 0.00 0.00 0
3795 0.00 0.00 0.00 0
3796 0.00 0.00 0.00 0
4366 0.00 0.00 0.00 0
4367 0.00 0.00 0.00 0
4368 0.00 0.00 0.00 0
4369 0.00 0.00 0.00 0
4370 0.00 0.00 0.00 0
4371 0.00 0.00 0.00 0
4372 0.00 0.00 0.00 0
4373 0.00 0.00 0.00 0
4375 0.00 0.00 0.00 0
4380 0.00 0.00 0.00 0
5213 0.00 0.00 0.00 0
5264 0.00 0.00 0.00 0
5265 0.00 0.00 0.00 0
5266 0.00 0.00 0.00 0
5272 0.00 0.00 0.00 0
5273 0.00 0.00 0.00 0
5274 0.00 0.00 0.00 0
6016 0.00 0.00 0.00 0
6017 0.00 0.00 0.00 0
6018 0.00 0.00 0.00 0
6019 0.00 0.00 0.00 0
6020 0.00 0.00 0.00 0
6021 0.00 0.00 0.00 0
6022 0.00 0.00 0.00 0
6364 0.00 0.00 0.00 0
6365 0.00 0.00 0.00 0
6366 0.00 0.00 0.00 0
6367 0.00 0.00 0.00 0
6368 0.00 0.00 0.00 0
6369 0.00 0.00 0.00 0
6894 0.00 0.00 0.00 0
6896 0.00 0.00 0.00 0
6902 0.00 0.00 0.00 0
6907 0.00 0.00 0.00 0
6908 0.00 0.00 0.00 0
6909 0.00 0.00 0.00 0
6910 0.00 0.00 0.00 0
6911 0.00 0.00 0.00 0
6913 0.00 0.00 0.00 0
6914 0.00 0.00 0.00 0
6915 0.00 0.00 0.00 0
7395 0.00 0.00 0.00 0
7396 0.00 0.00 0.00 0
7803 0.00 0.00 0.00 0
7804 0.00 0.00 0.00 0
7805 0.00 0.00 0.00 0
7806 0.00 0.00 0.00 0
7807 0.00 0.00 0.00 0
7808 0.00 0.00 0.00 0
7809 0.00 0.00 0.00 0
7810 0.00 0.00 0.00 0
7811 0.00 0.00 0.00 0
7812 0.00 0.00 0.00 0
7813 0.00 0.00 0.00 0
7814 0.00 0.00 0.00 0
8408 0.00 0.00 0.00 0
8557 0.00 0.00 0.00 0
8558 0.00 0.00 0.00 0
8559 0.00 0.00 0.00 0
8560 0.00 0.00 0.00 0
8561 0.00 0.00 0.00 0
8562 0.00 0.00 0.00 0
8563 0.00 0.00 0.00 0
8565 0.00 0.00 0.00 0
8566 0.00 0.00 0.00 0
8567 0.00 0.00 0.00 0
8569 0.00 0.00 0.00 0
8570 0.00 0.00 0.00 0
8571 0.00 0.00 0.00 0
9584 0.00 0.00 0.00 0
9649 0.00 0.00 0.00 0
9650 0.00 0.00 0.00 0
9651 0.00 0.00 0.00 0
9652 0.00 0.00 0.00 0
9653 0.00 0.00 0.00 0
9654 0.00 0.00 0.00 0
9655 0.00 0.00 0.00 0
9658 0.00 0.00 0.00 0
9661 0.00 0.00 0.00 0
9674 0.00 0.00 0.00 0
10383 0.00 0.00 0.00 0
10870 0.00 0.00 0.00 0
10871 0.00 0.00 0.00 0
10872 0.00 0.00 0.00 0
10873 0.00 0.00 0.00 0
10874 0.00 0.00 0.00 0
10875 0.00 0.00 0.00 0
10876 0.00 0.00 0.00 0
11470 0.00 0.00 0.00 0
11471 0.00 0.00 0.00 0
11472 0.00 0.00 0.00 0
11473 0.00 0.00 0.00 0
11474 0.00 0.00 0.00 0
11475 0.00 0.00 0.00 0
11476 0.00 0.00 0.00 0
12046 0.00 0.00 0.00 0
12047 0.00 0.00 0.00 0
12048 0.00 0.00 0.00 0
12049 0.00 0.00 0.00 0
12050 0.00 0.00 0.00 0
12051 0.00 0.00 0.00 0
12052 0.00 0.00 0.00 0
12053 0.00 0.00 0.00 0
12944 0.00 0.00 0.00 0
12945 0.00 0.00 0.00 0
12946 0.00 0.00 0.00 0
12952 0.00 0.00 0.00 0
12953 0.00 0.00 0.00 0
12954 0.00 0.00 0.00 0
12962 0.00 0.00 0.00 0
12963 0.00 0.00 0.00 0
12964 0.00 0.00 0.00 0
13867 0.00 0.00 0.00 0
13869 0.00 0.00 0.00 0
13870 0.00 0.00 0.00 0
13871 0.00 0.00 0.00 0
13872 0.00 0.00 0.00 0
13873 0.00 0.00 0.00 0
13874 0.00 0.00 0.00 0
13875 0.00 0.00 0.00 0
13876 0.00 0.00 0.00 0
14446 0.00 0.00 0.00 0
14447 0.00 0.00 0.00 0
14448 0.00 0.00 0.00 0
14449 0.00 0.00 0.00 0
14450 0.00 0.00 0.00 0
14451 0.00 0.00 0.00 0
14452 0.00 0.00 0.00 0
14453 0.00 0.00 0.00 0
15330 0.00 0.00 0.00 0
15331 0.00 0.00 0.00 0
15332 0.00 0.00 0.00 0
15333 0.00 0.00 0.00 0
15334 0.00 0.00 0.00 0
15340 0.00 0.00 0.00 0
15341 0.00 0.00 0.00 0
15342 0.00 0.00 0.00 0
15343 0.00 0.00 0.00 0
15344 0.00 0.00 0.00 0
15353 0.00 0.00 0.00 0
15354 0.00 0.00 0.00 0
15355 0.00 0.00 0.00 0
15356 0.00 0.00 0.00 0
15357 0.00 0.00 0.00 0
15358 0.00 0.00 0.00 0
15359 0.00 0.00 0.00 0
15360 0.00 0.00 0.00 0
15361 0.00 0.00 0.00 0
15362 0.00 0.00 0.00 0
15363 0.00 0.00 0.00 0
15364 0.00 0.00 0.00 0
15365 0.00 0.00 0.00 0
15366 0.00 0.00 0.00 0
16253 0.00 0.00 0.00 0
16254 0.00 0.00 0.00 0
16255 0.00 0.00 0.00 0
16256 0.00 0.00 0.00 0
16258 0.00 0.00 0.00 0
17129 0.00 0.00 0.00 0
17130 0.00 0.00 0.00 0
17131 0.00 0.00 0.00 0
17132 0.00 0.00 0.00 0
17133 0.00 0.00 0.00 0
17134 0.00 0.00 0.00 0
17135 0.00 0.00 0.00 0
17136 0.00 0.00 0.00 0
17137 0.00 0.00 0.00 0
17138 0.00 0.00 0.00 0
17139 0.00 0.00 0.00 0
17140 0.00 0.00 0.00 0
17141 0.00 0.00 0.00 0
17142 0.00 0.00 0.00 0
17143 0.00 0.00 0.00 0
17144 0.00 0.00 0.00 0
17145 0.00 0.00 0.00 0
17146 0.00 0.00 0.00 0
17147 0.00 0.00 0.00 0
17148 0.00 0.00 0.00 0
17149 0.00 0.00 0.00 0
17150 0.00 0.00 0.00 0
17151 0.00 0.00 0.00 0
17152 0.00 0.00 0.00 0
17153 0.00 0.00 0.00 0
17154 0.00 0.00 0.00 0
17156 0.00 0.00 0.00 0
17157 0.00 0.00 0.00 0
17158 0.00 0.00 0.00 0
18513 0.00 0.00 0.00 0
18856 0.00 0.00 0.00 0
18858 0.00 0.00 0.00 0
18859 0.00 0.00 0.00 0
18860 0.00 0.00 0.00 0
18861 0.00 0.00 0.00 0
18862 0.00 0.00 0.00 0
18863 0.00 0.00 0.00 0
18864 0.00 0.00 0.00 0
18865 0.00 0.00 0.00 0
18866 0.00 0.00 0.00 0
18867 0.00 0.00 0.00 0
18868 0.00 0.00 0.00 0
18869 0.00 0.00 0.00 0
18870 0.00 0.00 0.00 0
18871 0.00 0.00 0.00 0
18872 0.00 0.00 0.00 0
18873 0.00 0.00 0.00 0
18874 0.00 0.00 0.00 0
18875 0.00 0.00 0.00 0
18876 0.00 0.00 0.00 0
18881 0.00 0.00 0.00 0
18882 0.00 0.00 0.00 0
18883 0.00 0.00 0.00 0
18884 0.00 0.00 0.00 0
18885 0.00 0.00 0.00 0
18886 0.00 0.00 0.00 0
18892 0.00 0.00 0.00 0
18893 0.00 0.00 0.00 0
18894 0.00 0.00 0.00 0
18895 0.00 0.00 0.00 0
18896 0.00 0.00 0.00 0
21556 0.00 0.00 0.00 0
21557 0.00 0.00 0.00 0
21558 0.00 0.00 0.00 0
21559 0.00 0.00 0.00 0
21560 0.00 0.00 0.00 0
21561 0.00 0.00 0.00 0
21566 0.00 0.00 0.00 0
21567 0.00 0.00 0.00 0
21568 0.00 0.00 0.00 0
21569 0.00 0.00 0.00 0
21570 0.00 0.00 0.00 0
21577 0.00 0.00 0.00 0
21578 0.00 0.00 0.00 0
21579 0.00 0.00 0.00 0
21580 0.00 0.00 0.00 0
21581 0.00 0.00 0.00 0
21585 0.00 0.00 0.00 0
21586 0.00 0.00 0.00 0
21587 0.00 0.00 0.00 0
21610 0.00 0.00 0.00 0
23296 0.00 0.00 0.00 0
23297 0.00 0.00 0.00 0
23298 0.00 0.00 0.00 0
23299 0.00 0.00 0.00 0
23300 0.00 0.00 0.00 0
23645 0.00 0.00 0.00 0
23647 0.00 0.00 0.00 0
23648 0.00 0.00 0.00 0
24174 0.00 0.00 0.00 0
24175 0.00 0.00 0.00 0
24176 0.00 0.00 0.00 0
24177 0.00 0.00 0.00 0
24178 0.00 0.00 0.00 0
24180 0.00 0.00 0.00 0
24181 0.00 0.00 0.00 0
24182 0.00 0.00 0.00 0
24183 0.00 0.00 0.00 0
24184 0.00 0.00 0.00 0
24185 0.00 0.00 0.00 0
24186 0.00 0.00 0.00 0
24191 0.00 0.00 0.00 0
24192 0.00 0.00 0.00 0
24193 0.00 0.00 0.00 0
24194 0.00 0.00 0.00 0
24195 0.00 0.00 0.00 0
24729 0.00 0.00 0.00 0
24730 0.00 0.00 0.00 0
24731 0.00 0.00 0.00 0
25254 0.00 0.00 0.00 0
25255 0.00 0.00 0.00 0
25256 0.00 0.00 0.00 0
25257 0.00 0.00 0.00 0
25258 0.00 0.00 0.00 0
25259 0.00 0.00 0.00 0
25260 0.00 0.00 0.00 0
25261 0.00 0.00 0.00 0
25262 0.00 0.00 0.00 0
25263 0.00 0.00 0.00 0
25264 0.00 0.00 0.00 0
25265 0.00 0.00 0.00 0
25266 0.00 0.00 0.00 0
25268 0.00 0.00 0.00 0
26290 0.00 0.00 0.00 0
26291 0.00 0.00 0.00 0
26292 0.00 0.00 0.00 0
26293 0.00 0.00 0.00 0
26294 0.00 0.00 0.00 0
26295 0.00 0.00 0.00 0
26296 0.00 0.00 0.00 0
26297 0.00 0.00 0.00 0
26298 0.00 0.00 0.00 0
26299 0.00 0.00 0.00 0
26300 0.00 0.00 0.00 0
26301 0.00 0.00 0.00 0
26302 0.00 0.00 0.00 0
26303 0.00 0.00 0.00 0
26305 0.00 0.00 0.00 0
26306 0.00 0.00 0.00 0
26307 0.00 0.00 0.00 0
26308 0.00 0.00 0.00 0
26314 0.00 0.00 0.00 0
27817 0.00 0.00 0.00 0
27908 0.00 0.00 0.00 0
27909 0.00 0.00 0.00 0
27910 0.00 0.00 0.00 0
27911 0.00 0.00 0.00 0
27912 0.00 0.00 0.00 0
27922 0.00 0.00 0.00 0
27923 0.00 0.00 0.00 0
27924 0.00 0.00 0.00 0
27925 0.00 0.00 0.00 0
27926 0.00 0.00 0.00 0
27927 0.00 0.00 0.00 0
27940 0.00 0.00 0.00 0
27942 0.00 0.00 0.00 0
27943 0.00 0.00 0.00 0
27944 0.00 0.00 0.00 0
29400 0.00 0.00 0.00 0
29402 0.00 0.00 0.00 0
29403 0.00 0.00 0.00 0
29404 0.00 0.00 0.00 0
29405 0.00 0.00 0.00 0
29406 0.00 0.00 0.00 0
29407 0.00 0.00 0.00 0
29408 0.00 0.00 0.00 0
29409 0.00 0.00 0.00 0
29410 0.00 0.00 0.00 0
29411 0.00 0.00 0.00 0
29412 0.00 0.00 0.00 0
30208 0.00 0.00 0.00 0
30209 0.00 0.00 0.00 0
30210 0.00 0.00 0.00 0
30211 0.00 0.00 0.00 0
30212 0.00 0.00 0.00 0
30213 0.00 0.00 0.00 0
30214 0.00 0.00 0.00 0
30215 0.00 0.00 0.00 0
30216 0.00 0.00 0.00 0
30217 0.00 0.00 0.00 0
30218 0.00 0.00 0.00 0
31446 0.00 0.00 0.00 0
31448 0.00 0.00 0.00 0
31451 0.00 0.00 0.00 0
31452 0.00 0.00 0.00 0
31466 0.00 0.00 0.00 0
31467 0.00 0.00 0.00 0
31477 0.00 0.00 0.00 0
31478 0.00 0.00 0.00 0
31479 0.00 0.00 0.00 0
31480 0.00 0.00 0.00 0
31481 0.00 0.00 0.00 0
31482 0.00 0.00 0.00 0
31483 0.00 0.00 0.00 0
31484 0.00 0.00 0.00 0
31485 0.00 0.00 0.00 0
31486 0.00 0.00 0.00 0
31491 0.00 0.00 0.00 0
31492 0.00 0.00 0.00 0
31493 0.00 0.00 0.00 0
31494 0.00 0.00 0.00 0
31495 0.00 0.00 0.00 0
32687 0.00 0.00 0.00 0
32688 0.00 0.00 0.00 0
32689 0.00 0.00 0.00 0
32690 0.00 0.00 0.00 0
32691 0.00 0.00 0.00 0
33796 0.00 0.00 0.00 0
33797 0.00 0.00 0.00 0
33798 0.00 0.00 0.00 0
33799 0.00 0.00 0.00 0
33800 0.00 0.00 0.00 0
33801 0.00 0.00 0.00 0
33804 0.00 0.00 0.00 0
33805 0.00 0.00 0.00 0
33806 0.00 0.00 0.00 0
33807 0.00 0.00 0.00 0
33808 0.00 0.00 0.00 0
33809 0.00 0.00 0.00 0
33810 0.00 0.00 0.00 0
33811 0.00 0.00 0.00 0
33812 0.00 0.00 0.00 0
33813 0.00 0.00 0.00 0
33814 0.00 0.00 0.00 0
33815 0.00 0.00 0.00 0
33816 0.00 0.00 0.00 0
33817 0.00 0.00 0.00 0
33818 0.00 0.00 0.00 0
33819 0.00 0.00 0.00 0
33820 0.00 0.00 0.00 0
33821 0.00 0.00 0.00 0
33822 0.00 0.00 0.00 0
33823 0.00 0.00 0.00 0
33824 0.00 0.00 0.00 0
33825 0.00 0.00 0.00 0
33826 0.00 0.00 0.00 0
33827 0.00 0.00 0.00 0
33828 0.00 0.00 0.00 0
33829 0.00 0.00 0.00 0
33830 0.00 0.00 0.00 0
33831 0.00 0.00 0.00 0
35505 0.00 0.00 0.00 0
35507 0.00 0.00 0.00 0
35508 0.00 0.00 0.00 0
35509 0.00 0.00 0.00 0
35931 0.00 0.00 0.00 0
35934 0.00 0.00 0.00 0
35935 0.00 0.00 0.00 0
35936 0.00 0.00 0.00 0
35937 0.00 0.00 0.00 0
35938 0.00 0.00 0.00 0
35939 0.00 0.00 0.00 0
35940 0.00 0.00 0.00 0
35941 0.00 0.00 0.00 0
35942 0.00 0.00 0.00 0
35943 0.00 0.00 0.00 0
35944 0.00 0.00 0.00 0
35945 0.00 0.00 0.00 0
35946 0.00 0.00 0.00 0
35947 0.00 0.00 0.00 0
35948 0.00 0.00 0.00 0
35949 0.00 0.00 0.00 0
35950 0.00 0.00 0.00 0
35951 0.00 0.00 0.00 0
35957 0.00 0.00 0.00 0
35958 0.00 0.00 0.00 0
35959 0.00 0.00 0.00 0
35960 0.00 0.00 0.00 0
35961 0.00 0.00 0.00 0
35962 0.00 0.00 0.00 0
35963 0.00 0.00 0.00 0
35969 0.00 0.00 0.00 0
35970 0.00 0.00 0.00 0
35971 0.00 0.00 0.00 0
35972 0.00 0.00 0.00 0
35973 0.00 0.00 0.00 0
35974 0.00 0.00 0.00 0
35975 0.00 0.00 0.00 0
35976 0.00 0.00 0.00 0
35977 0.00 0.00 0.00 0
38991 0.00 0.00 0.00 0
38992 0.00 0.00 0.00 0
38993 0.00 0.00 0.00 0
38994 0.00 0.00 0.00 0
38995 0.00 0.00 0.00 0
38996 0.00 0.00 0.00 0
39182 0.00 0.00 0.00 0
39183 0.00 0.00 0.00 0
39184 0.00 0.00 0.00 0
39185 0.00 0.00 0.00 0
39186 0.00 0.00 0.00 0
39187 0.00 0.00 0.00 0
39188 0.00 0.00 0.00 0
39189 0.00 0.00 0.00 0
39190 0.00 0.00 0.00 0
39191 0.00 0.00 0.00 0
39192 0.00 0.00 0.00 0
39194 0.00 0.00 0.00 0
39195 0.00 0.00 0.00 0
39196 0.00 0.00 0.00 0
39197 0.00 0.00 0.00 0
39198 0.00 0.00 0.00 0
39199 0.00 0.00 0.00 0
39200 0.00 0.00 0.00 0
39201 0.00 0.00 0.00 0
39208 0.00 0.00 0.00 0
39209 0.00 0.00 0.00 0
39210 0.00 0.00 0.00 0
39211 0.00 0.00 0.00 0
39212 0.00 0.00 0.00 0
39217 0.00 0.00 0.00 0
39218 0.00 0.00 0.00 0
39256 0.00 0.00 0.00 0
39257 0.00 0.00 0.00 0
39258 0.00 0.00 0.00 0
41590 0.00 0.00 0.00 0
41591 0.00 0.00 0.00 0
41592 0.00 0.00 0.00 0
41593 0.00 0.00 0.00 0
41594 0.00 0.00 0.00 0
41595 0.00 0.00 0.00 0
41596 0.00 0.00 0.00 0
42190 0.00 0.00 0.00 0
42191 0.00 0.00 0.00 0
42192 0.00 0.00 0.00 0
42193 0.00 0.00 0.00 0
42194 0.00 0.00 0.00 0
42195 0.00 0.00 0.00 0
42196 0.00 0.00 0.00 0
42766 0.00 0.00 0.00 0
42767 0.00 0.00 0.00 0
42768 0.00 0.00 0.00 0
42769 0.00 0.00 0.00 0
42770 0.00 0.00 0.00 0
42771 0.00 0.00 0.00 0
42772 0.00 0.00 0.00 0
42773 0.00 0.00 0.00 0
43660 0.00 0.00 0.00 0
43662 0.00 0.00 0.00 0
43663 0.00 0.00 0.00 0
43664 0.00 0.00 0.00 0
43665 0.00 0.00 0.00 0
43666 0.00 0.00 0.00 0
43672 0.00 0.00 0.00 0
43673 0.00 0.00 0.00 0
43674 0.00 0.00 0.00 0
43683 0.00 0.00 0.00 0
43684 0.00 0.00 0.00 0
43685 0.00 0.00 0.00 0
43686 0.00 0.00 0.00 0
44587 0.00 0.00 0.00 0
44588 0.00 0.00 0.00 0
44589 0.00 0.00 0.00 0
44590 0.00 0.00 0.00 0
44591 0.00 0.00 0.00 0
44592 0.00 0.00 0.00 0
44593 0.00 0.00 0.00 0
44594 0.00 0.00 0.00 0
44595 0.00 0.00 0.00 0
44596 0.00 0.00 0.00 0
45166 0.00 0.00 0.00 0
45167 0.00 0.00 0.00 0
45168 0.00 0.00 0.00 0
45169 0.00 0.00 0.00 0
45170 0.00 0.00 0.00 0
45171 0.00 0.00 0.00 0
45172 0.00 0.00 0.00 0
45173 0.00 0.00 0.00 0
46050 0.00 0.00 0.00 0
46051 0.00 0.00 0.00 0
46052 0.00 0.00 0.00 0
46054 0.00 0.00 0.00 0
46060 0.00 0.00 0.00 0
46061 0.00 0.00 0.00 0
46062 0.00 0.00 0.00 0
46063 0.00 0.00 0.00 0
46064 0.00 0.00 0.00 0
46065 0.00 0.00 0.00 0
46066 0.00 0.00 0.00 0
46073 0.00 0.00 0.00 0
46075 0.00 0.00 0.00 0
46076 0.00 0.00 0.00 0
46077 0.00 0.00 0.00 0
46078 0.00 0.00 0.00 0
46079 0.00 0.00 0.00 0
46080 0.00 0.00 0.00 0
46081 0.00 0.00 0.00 0
46082 0.00 0.00 0.00 0
46083 0.00 0.00 0.00 0
46084 0.00 0.00 0.00 0
46085 0.00 0.00 0.00 0
46086 0.00 0.00 0.00 0
46971 0.00 0.00 0.00 0
46972 0.00 0.00 0.00 0
46973 0.00 0.00 0.00 0
46974 0.00 0.00 0.00 0
46975 0.00 0.00 0.00 0
46976 0.00 0.00 0.00 0
47849 0.00 0.00 0.00 0
47850 0.00 0.00 0.00 0
47851 0.00 0.00 0.00 0
47852 0.00 0.00 0.00 0
47853 0.00 0.00 0.00 0
47854 0.00 0.00 0.00 0
47855 0.00 0.00 0.00 0
47856 0.00 0.00 0.00 0
47857 0.00 0.00 0.00 0
47858 0.00 0.00 0.00 0
47859 0.00 0.00 0.00 0
47860 0.00 0.00 0.00 0
47861 0.00 0.00 0.00 0
47862 0.00 0.00 0.00 0
47863 0.00 0.00 0.00 0
47864 0.00 0.00 0.00 0
47865 0.00 0.00 0.00 0
47866 0.00 0.00 0.00 0
47867 0.00 0.00 0.00 0
47868 0.00 0.00 0.00 0
47869 0.00 0.00 0.00 0
47870 0.00 0.00 0.00 0
47871 0.00 0.00 0.00 0
47872 0.00 0.00 0.00 0
47873 0.00 0.00 0.00 0
47874 0.00 0.00 0.00 0
47876 0.00 0.00 0.00 0
47877 0.00 0.00 0.00 0
47878 0.00 0.00 0.00 0
49576 0.00 0.00 0.00 0
49577 0.00 0.00 0.00 0
49578 0.00 0.00 0.00 0
49579 0.00 0.00 0.00 0
49580 0.00 0.00 0.00 0
49581 0.00 0.00 0.00 0
49582 0.00 0.00 0.00 0
49583 0.00 0.00 0.00 0
49584 0.00 0.00 0.00 0
49585 0.00 0.00 0.00 0
49586 0.00 0.00 0.00 0
49587 0.00 0.00 0.00 0
49588 0.00 0.00 0.00 0
49589 0.00 0.00 0.00 0
49590 0.00 0.00 0.00 0
49591 0.00 0.00 0.00 0
49592 0.00 0.00 0.00 0
49593 0.00 0.00 0.00 0
49595 0.00 0.00 0.00 0
49597 0.00 0.00 0.00 0
49602 0.00 0.00 0.00 0
49603 0.00 0.00 0.00 0
49604 0.00 0.00 0.00 0
49605 0.00 0.00 0.00 0
49606 0.00 0.00 0.00 0
49610 0.00 0.00 0.00 0
49611 0.00 0.00 0.00 0
49612 0.00 0.00 0.00 0
49613 0.00 0.00 0.00 0
49614 0.00 0.00 0.00 0
49615 0.00 0.00 0.00 0
49616 0.00 0.00 0.00 0
52272 0.00 0.00 0.00 0
52275 0.00 0.00 0.00 0
52276 0.00 0.00 0.00 0
52277 0.00 0.00 0.00 0
52278 0.00 0.00 0.00 0
52279 0.00 0.00 0.00 0
52280 0.00 0.00 0.00 0
52281 0.00 0.00 0.00 0
52288 0.00 0.00 0.00 0
52289 0.00 0.00 0.00 0
52290 0.00 0.00 0.00 0
52297 0.00 0.00 0.00 0
52298 0.00 0.00 0.00 0
52299 0.00 0.00 0.00 0
52305 0.00 0.00 0.00 0
52306 0.00 0.00 0.00 0
52307 0.00 0.00 0.00 0
52327 0.00 0.00 0.00 0
52331 0.00 0.00 0.00 0
54187 0.00 0.00 0.00 0
54188 0.00 0.00 0.00 0
54189 0.00 0.00 0.00 0
54191 0.00 0.00 0.00 0
54193 0.00 0.00 0.00 0
54772 0.00 0.00 0.00 0
55650 0.00 0.00 0.00 0
55651 0.00 0.00 0.00 0
55652 0.00 0.00 0.00 0
55653 0.00 0.00 0.00 0
55654 0.00 0.00 0.00 0
55655 0.00 0.00 0.00 0
55656 0.00 0.00 0.00 0
55657 0.00 0.00 0.00 0
55658 0.00 0.00 0.00 0
55659 0.00 0.00 0.00 0
55660 0.00 0.00 0.00 0
55661 0.00 0.00 0.00 0
55662 0.00 0.00 0.00 0
55663 0.00 0.00 0.00 0
55664 0.00 0.00 0.00 0
55665 0.00 0.00 0.00 0
55666 0.00 0.00 0.00 0
55667 0.00 0.00 0.00 0
55668 0.00 0.00 0.00 0
55669 0.00 0.00 0.00 0
55670 0.00 0.00 0.00 0
55671 0.00 0.00 0.00 0
55680 0.00 0.00 0.00 0
55683 0.00 0.00 0.00 0
55684 0.00 0.00 0.00 0
55685 0.00 0.00 0.00 0
55686 0.00 0.00 0.00 0
56574 0.00 0.00 0.00 0
56575 0.00 0.00 0.00 0
57450 0.00 0.00 0.00 0
57451 0.00 0.00 0.00 0
57452 0.00 0.00 0.00 0
57453 0.00 0.00 0.00 0
57454 0.00 0.00 0.00 0
57455 0.00 0.00 0.00 0
57456 0.00 0.00 0.00 0
57457 0.00 0.00 0.00 0
57458 0.00 0.00 0.00 0
57459 0.00 0.00 0.00 0
57460 0.00 0.00 0.00 0
57461 0.00 0.00 0.00 0
57462 0.00 0.00 0.00 0
57463 0.00 0.00 0.00 0
57464 0.00 0.00 0.00 0
57465 0.00 0.00 0.00 0
57466 0.00 0.00 0.00 0
57467 0.00 0.00 0.00 0
57468 0.00 0.00 0.00 0
57469 0.00 0.00 0.00 0
57470 0.00 0.00 0.00 0
57471 0.00 0.00 0.00 0
59176 0.00 0.00 0.00 0
59177 0.00 0.00 0.00 0
59178 0.00 0.00 0.00 0
59179 0.00 0.00 0.00 0
59180 0.00 0.00 0.00 0
59181 0.00 0.00 0.00 0
59182 0.00 0.00 0.00 0
59183 0.00 0.00 0.00 0
59184 0.00 0.00 0.00 0
59185 0.00 0.00 0.00 0
59186 0.00 0.00 0.00 0
59187 0.00 0.00 0.00 0
59188 0.00 0.00 0.00 0
59189 0.00 0.00 0.00 0
59190 0.00 0.00 0.00 0
59191 0.00 0.00 0.00 0
59192 0.00 0.00 0.00 0
59193 0.00 0.00 0.00 0
59194 0.00 0.00 0.00 0
59195 0.00 0.00 0.00 0
59196 0.00 0.00 0.00 0
59197 0.00 0.00 0.00 0
59198 0.00 0.00 0.00 0
59205 0.00 0.00 0.00 0
61874 0.00 0.00 0.00 0
61875 0.00 0.00 0.00 0
61876 0.00 0.00 0.00 0
61877 0.00 0.00 0.00 0
61878 0.00 0.00 0.00 0
61879 0.00 0.00 0.00 0
61880 0.00 0.00 0.00 0
61881 0.00 0.00 0.00 0
61897 0.00 0.00 0.00 0
61898 0.00 0.00 0.00 0
61899 0.00 0.00 0.00 0
61900 0.00 0.00 0.00 0
61901 0.00 0.00 0.00 0
61902 0.00 0.00 0.00 0
61903 0.00 0.00 0.00 0
61904 0.00 0.00 0.00 0
61905 0.00 0.00 0.00 0
61927 0.00 0.00 0.00 0
61928 0.00 0.00 0.00 0
61929 0.00 0.00 0.00 0
61930 0.00 0.00 0.00 0
61931 0.00 0.00 0.00 0
61932 0.00 0.00 0.00 0
61933 0.00 0.00 0.00 0
61934 0.00 0.00 0.00 0
64642 0.00 0.00 0.00 0
64643 0.00 0.00 0.00 0
64644 0.00 0.00 0.00 0
64648 0.00 0.00 0.00 0
64649 0.00 0.00 0.00 0
64650 0.00 0.00 0.00 0
64651 0.00 0.00 0.00 0
64652 0.00 0.00 0.00 0
64653 0.00 0.00 0.00 0
64654 0.00 0.00 0.00 0
64655 0.00 0.00 0.00 0
64656 0.00 0.00 0.00 0
64657 0.00 0.00 0.00 0
64658 0.00 0.00 0.00 0
64659 0.00 0.00 0.00 0
64660 0.00 0.00 0.00 0
64661 0.00 0.00 0.00 0
64662 0.00 0.00 0.00 0
64663 0.00 0.00 0.00 0
64664 0.00 0.00 0.00 0
64665 0.00 0.00 0.00 0
64666 0.00 0.00 0.00 0
64667 0.00 0.00 0.00 0
64668 0.00 0.00 0.00 0
64669 0.00 0.00 0.00 0
64670 0.00 0.00 0.00 0
64671 0.00 0.00 0.00 0
66376 0.00 0.00 0.00 0
66377 0.00 0.00 0.00 0
66378 0.00 0.00 0.00 0
66379 0.00 0.00 0.00 0
66380 0.00 0.00 0.00 0
66381 0.00 0.00 0.00 0
66382 0.00 0.00 0.00 0
66383 0.00 0.00 0.00 0
66384 0.00 0.00 0.00 0
66385 0.00 0.00 0.00 0
66386 0.00 0.00 0.00 0
66387 0.00 0.00 0.00 0
66388 0.00 0.00 0.00 0
66389 0.00 0.00 0.00 0
66390 0.00 0.00 0.00 0
66391 0.00 0.00 0.00 0
66392 0.00 0.00 0.00 0
66393 0.00 0.00 0.00 0
66394 0.00 0.00 0.00 0
66395 0.00 0.00 0.00 0
66396 0.00 0.00 0.00 0
66397 0.00 0.00 0.00 0
66398 0.00 0.00 0.00 0
66401 0.00 0.00 0.00 0
69030 0.00 0.00 0.00 0
69031 0.00 0.00 0.00 0
69032 0.00 0.00 0.00 0
69033 0.00 0.00 0.00 0
69034 0.00 0.00 0.00 0
69035 0.00 0.00 0.00 0
69038 0.00 0.00 0.00 0
69039 0.00 0.00 0.00 0
69040 0.00 0.00 0.00 0
69041 0.00 0.00 0.00 0
69042 0.00 0.00 0.00 0
69060 0.00 0.00 0.00 0
69062 0.00 0.00 0.00 0
69070 0.00 0.00 0.00 0
69071 0.00 0.00 0.00 0
69072 0.00 0.00 0.00 0
69073 0.00 0.00 0.00 0
69074 0.00 0.00 0.00 0
69075 0.00 0.00 0.00 0
69076 0.00 0.00 0.00 0
69082 0.00 0.00 0.00 0
69097 0.00 0.00 0.00 0
69098 0.00 0.00 0.00 0
69099 0.00 0.00 0.00 0
69100 0.00 0.00 0.00 0
69101 0.00 0.00 0.00 0
69102 0.00 0.00 0.00 0
69103 0.00 0.00 0.00 0
69104 0.00 0.00 0.00 0
69106 0.00 0.00 0.00 0
69107 0.00 0.00 0.00 0
69108 0.00 0.00 0.00 0
69109 0.00 0.00 0.00 0
69110 0.00 0.00 0.00 0
69111 0.00 0.00 0.00 0
69112 0.00 0.00 0.00 0
69113 0.00 0.00 0.00 0
69114 0.00 0.00 0.00 0
69115 0.00 0.00 0.00 0
69116 0.00 0.00 0.00 0
69117 0.00 0.00 0.00 0
69122 0.00 0.00 0.00 0
69126 0.00 0.00 0.00 0
69127 0.00 0.00 0.00 0
69128 0.00 0.00 0.00 0
69129 0.00 0.00 0.00 0
69130 0.00 0.00 0.00 0
69131 0.00 0.00 0.00 0
69132 0.00 0.00 0.00 0
69133 0.00 0.00 0.00 0
69134 0.00 0.00 0.00 0
69135 0.00 0.00 0.00 0
69136 0.00 0.00 0.00 0
69137 0.00 0.00 0.00 0
69138 0.00 0.00 0.00 0
69139 0.00 0.00 0.00 0
69141 0.00 0.00 0.00 0
71802 0.00 0.00 0.00 0
71803 0.00 0.00 0.00 0
71804 0.00 0.00 0.00 0
71805 0.00 0.00 0.00 0
71806 0.00 0.00 0.00 0
71807 0.00 0.00 0.00 0
71808 0.00 0.00 0.00 0
71809 0.00 0.00 0.00 0
71810 0.00 0.00 0.00 0
71811 0.00 0.00 0.00 0
71812 0.00 0.00 0.00 0
71813 0.00 0.00 0.00 0
71814 0.00 0.00 0.00 0
71815 0.00 0.00 0.00 0
71816 0.00 0.00 0.00 0
74430 0.00 0.00 0.00 0
74432 0.00 0.00 0.00 0
74433 0.00 0.00 0.00 0
74434 0.00 0.00 0.00 0
74435 0.00 0.00 0.00 0
74436 0.00 0.00 0.00 0
74437 0.00 0.00 0.00 0
74438 0.00 0.00 0.00 0
74439 0.00 0.00 0.00 0
74440 0.00 0.00 0.00 0
74441 0.00 0.00 0.00 0
74442 0.00 0.00 0.00 0
74443 0.00 0.00 0.00 0
74444 0.00 0.00 0.00 0
74445 0.00 0.00 0.00 0
74446 0.00 0.00 0.00 0
74447 0.00 0.00 0.00 0
74448 0.00 0.00 0.00 0
74449 0.00 0.00 0.00 0
74450 0.00 0.00 0.00 0
74452 0.00 0.00 0.00 0
74453 0.00 0.00 0.00 0
74454 0.00 0.00 0.00 0
74455 0.00 0.00 0.00 0
74456 0.00 0.00 0.00 0
74457 0.00 0.00 0.00 0
74458 0.00 0.00 0.00 0
74459 0.00 0.00 0.00 0
74460 0.00 0.00 0.00 0
74461 0.00 0.00 0.00 0
74462 0.00 0.00 0.00 0
74463 0.00 0.00 0.00 0
74464 0.00 0.00 0.00 0
74465 0.00 0.00 0.00 0
74466 0.00 0.00 0.00 0
74467 0.00 0.00 0.00 0
74468 0.00 0.00 0.00 0
74469 0.00 0.00 0.00 0
74470 0.00 0.00 0.00 0
74471 0.00 0.00 0.00 0
74472 0.00 0.00 0.00 0
74473 0.00 0.00 0.00 0
74474 0.00 0.00 0.00 0
74475 0.00 0.00 0.00 0
74476 0.00 0.00 0.00 0
74477 0.00 0.00 0.00 0
74478 0.00 0.00 0.00 0
74479 0.00 0.00 0.00 0
74480 0.00 0.00 0.00 0
74481 0.00 0.00 0.00 0
74482 0.00 0.00 0.00 0
74483 0.00 0.00 0.00 0
74484 0.00 0.00 0.00 0
74485 0.00 0.00 0.00 0
74486 0.00 0.00 0.00 0
74487 0.00 0.00 0.00 0
74488 0.00 0.00 0.00 0
74489 0.00 0.00 0.00 0
74490 0.00 0.00 0.00 0
74491 0.00 0.00 0.00 0
74492 0.00 0.00 0.00 0
74493 0.00 0.00 0.00 0
74494 0.00 0.00 0.00 0
74495 0.00 0.00 0.00 0
74496 0.00 0.00 0.00 0
74497 0.00 0.00 0.00 0
74498 0.00 0.00 0.00 0
74499 0.00 0.00 0.00 0
74500 0.00 0.00 0.00 0
74501 0.00 0.00 0.00 0
74502 0.00 0.00 0.00 0
74503 0.00 0.00 0.00 0
74504 0.00 0.00 0.00 0
74505 0.00 0.00 0.00 0
74506 0.00 0.00 0.00 0
74507 0.00 0.00 0.00 0
74508 0.00 0.00 0.00 0
74509 0.00 0.00 0.00 0
74510 0.00 0.00 0.00 0
74511 0.00 0.00 0.00 0
74512 0.00 0.00 0.00 0
74513 0.00 0.00 0.00 0
74514 0.00 0.00 0.00 0
74515 0.00 0.00 0.00 0
74516 0.00 0.00 0.00 0
74517 0.00 0.00 0.00 0
74518 0.00 0.00 0.00 0
74519 0.00 0.00 0.00 0
74520 0.00 0.00 0.00 0
78576 0.00 0.00 0.00 0
78580 0.00 0.00 0.00 0
78581 0.00 0.00 0.00 0
78582 0.00 0.00 0.00 0
78583 0.00 0.00 0.00 0
78584 0.00 0.00 0.00 0
78585 0.00 0.00 0.00 0
78586 0.00 0.00 0.00 0
79614 0.00 0.00 0.00 0
79615 0.00 0.00 0.00 0
79616 0.00 0.00 0.00 0
79617 0.00 0.00 0.00 0
79618 0.00 0.00 0.00 0
79619 0.00 0.00 0.00 0
79621 0.00 0.00 0.00 0
79622 0.00 0.00 0.00 0
79623 0.00 0.00 0.00 0
79624 0.00 0.00 0.00 0
79625 0.00 0.00 0.00 0
79626 0.00 0.00 0.00 0
79627 0.00 0.00 0.00 0
79628 0.00 0.00 0.00 0
79629 0.00 0.00 0.00 0
79630 0.00 0.00 0.00 0
79631 0.00 0.00 0.00 0
79632 0.00 0.00 0.00 0
79633 0.00 0.00 0.00 0
79634 0.00 0.00 0.00 0
79635 0.00 0.00 0.00 0
79636 0.00 0.00 0.00 0
79637 0.00 0.00 0.00 0
79638 0.00 0.00 0.00 0
79639 0.00 0.00 0.00 0
79640 0.00 0.00 0.00 0
79641 0.00 0.00 0.00 0
79642 0.00 0.00 0.00 0
79643 0.00 0.00 0.00 0
79644 0.00 0.00 0.00 0
79645 0.00 0.00 0.00 0
79646 0.00 0.00 0.00 0
79647 0.00 0.00 0.00 0
79648 0.00 0.00 0.00 0
79649 0.00 0.00 0.00 0
79650 0.00 0.00 0.00 0
79651 0.00 0.00 0.00 0
79652 0.00 0.00 0.00 0
79653 0.00 0.00 0.00 0
79654 0.00 0.00 0.00 0
79655 0.00 0.00 0.00 0
79656 0.00 0.00 0.00 0
79657 0.00 0.00 0.00 0
79658 0.00 0.00 0.00 0
79659 0.00 0.00 0.00 0
79660 0.00 0.00 0.00 0
79661 0.00 0.00 0.00 0
79662 0.00 0.00 0.00 0
79663 0.00 0.00 0.00 0
79664 0.00 0.00 0.00 0
79665 0.00 0.00 0.00 0
79666 0.00 0.00 0.00 0
79668 0.00 0.00 0.00 0
79679 0.00 0.00 0.00 0
79680 0.00 0.00 0.00 0
79681 0.00 0.00 0.00 0
79682 0.00 0.00 0.00 0
79683 0.00 0.00 0.00 0
79684 0.00 0.00 0.00 0
79685 0.00 0.00 0.00 0
79686 0.00 0.00 0.00 0
79687 0.00 0.00 0.00 0
79688 0.00 0.00 0.00 0
79689 0.00 0.00 0.00 0
79690 0.00 0.00 0.00 0
79691 0.00 0.00 0.00 0
79692 0.00 0.00 0.00 0
79693 0.00 0.00 0.00 0
79694 0.00 0.00 0.00 0
79695 0.00 0.00 0.00 0
79696 0.00 0.00 0.00 0
79712 0.00 0.00 0.00 0
79713 0.00 0.00 0.00 0
79714 0.00 0.00 0.00 0
79715 0.00 0.00 0.00 0
79716 0.00 0.00 0.00 0
79717 0.00 0.00 0.00 0
79718 0.00 0.00 0.00 0
79719 0.00 0.00 0.00 0
79720 0.00 0.00 0.00 0
79721 0.00 0.00 0.00 0
79722 0.00 0.00 0.00 0
79723 0.00 0.00 0.00 0
79724 0.00 0.00 0.00 0
79725 0.00 0.00 0.00 0
79726 0.00 0.00 0.00 0
79727 0.00 0.00 0.00 0
79728 0.00 0.00 0.00 0
79729 0.00 0.00 0.00 0
79731 0.00 0.00 0.00 0
79732 0.00 0.00 0.00 0
79733 0.00 0.00 0.00 0
87235 0.00 0.00 0.00 0
87236 0.00 0.00 0.00 0
87237 0.00 0.00 0.00 0
87238 0.00 0.00 0.00 0
87239 0.00 0.00 0.00 0
87240 0.00 0.00 0.00 0
87242 0.00 0.00 0.00 0
87246 0.00 0.00 0.00 0
87248 0.00 0.00 0.00 0
87707 0.00 0.00 0.00 0
87709 0.00 0.00 0.00 0
87710 0.00 0.00 0.00 0
87711 0.00 0.00 0.00 0
87712 0.00 0.00 0.00 0
87713 0.00 0.00 0.00 0
87714 0.00 0.00 0.00 0
87715 0.00 0.00 0.00 0
87716 0.00 0.00 0.00 0
87717 0.00 0.00 0.00 0
87718 0.00 0.00 0.00 0
87719 0.00 0.00 0.00 0
87720 0.00 0.00 0.00 0
87721 0.00 0.00 0.00 0
87722 0.00 0.00 0.00 0
87723 0.00 0.00 0.00 0
87724 0.00 0.00 0.00 0
87725 0.00 0.00 0.00 0
87726 0.00 0.00 0.00 0
87727 0.00 0.00 0.00 0
87728 0.00 0.00 0.00 0
87731 0.00 0.00 0.00 0
87732 0.00 0.00 0.00 0
87733 0.00 0.00 0.00 0
87734 0.00 0.00 0.00 0
87738 0.00 0.00 0.00 0
87739 0.00 0.00 0.00 0
87740 0.00 0.00 0.00 0
87741 0.00 0.00 0.00 0
87742 0.00 0.00 0.00 0
87743 0.00 0.00 0.00 0
87744 0.00 0.00 0.00 0
87745 0.00 0.00 0.00 0
87746 0.00 0.00 0.00 0
87747 0.00 0.00 0.00 0
87748 0.00 0.00 0.00 0
87749 0.00 0.00 0.00 0
87750 0.00 0.00 0.00 0
87751 0.00 0.00 0.00 0
87752 0.00 0.00 0.00 0
87753 0.00 0.00 0.00 0
87754 0.00 0.00 0.00 0
87755 0.00 0.00 0.00 0
87756 0.00 0.00 0.00 0
87772 0.00 0.00 0.00 0
87773 0.00 0.00 0.00 0
87774 0.00 0.00 0.00 0
87775 0.00 0.00 0.00 0
87776 0.00 0.00 0.00 0
87777 0.00 0.00 0.00 0
87778 0.00 0.00 0.00 0
87779 0.00 0.00 0.00 0
87780 0.00 0.00 0.00 0
87781 0.00 0.00 0.00 0
87782 0.00 0.00 0.00 0
87784 0.00 0.00 0.00 0
87795 0.00 0.00 0.00 0
87796 0.00 0.00 0.00 0
87797 0.00 0.00 0.00 0
87798 0.00 0.00 0.00 0
87799 0.00 0.00 0.00 0
87800 0.00 0.00 0.00 0
87801 0.00 0.00 0.00 0
87892 0.00 0.00 0.00 0
87893 0.00 0.00 0.00 0
87894 0.00 0.00 0.00 0
87896 0.00 0.00 0.00 0
87897 0.00 0.00 0.00 0
87898 0.00 0.00 0.00 0
87899 0.00 0.00 0.00 0
87900 0.00 0.00 0.00 0
92417 0.00 0.00 0.00 0
93294 0.00 0.00 0.00 0
93295 0.00 0.00 0.00 0
93296 0.00 0.00 0.00 0
93297 0.00 0.00 0.00 0
93298 0.00 0.00 0.00 0
93299 0.00 0.00 0.00 0
93300 0.00 0.00 0.00 0
93301 0.00 0.00 0.00 0
93302 0.00 0.00 0.00 0
93303 0.00 0.00 0.00 0
93304 0.00 0.00 0.00 0
93305 0.00 0.00 0.00 0
93306 0.00 0.00 0.00 0
94374 0.00 0.00 0.00 0
94375 0.00 0.00 0.00 0
94376 0.00 0.00 0.00 0
94377 0.00 0.00 0.00 0
94378 0.00 0.00 0.00 0
94379 0.00 0.00 0.00 0
94380 0.00 0.00 0.00 0
94381 0.00 0.00 0.00 0
94382 0.00 0.00 0.00 0
94383 0.00 0.00 0.00 0
94384 0.00 0.00 0.00 0
94385 0.00 0.00 0.00 0
94386 0.00 0.00 0.00 0
95410 0.00 0.00 0.00 0
95411 0.00 0.00 0.00 0
95412 0.00 0.00 0.00 0
95413 0.00 0.00 0.00 0
95414 0.00 0.00 0.00 0
95415 0.00 0.00 0.00 0
95416 0.00 0.00 0.00 0
95417 0.00 0.00 0.00 0
95418 0.00 0.00 0.00 0
95419 0.00 0.00 0.00 0
95420 0.00 0.00 0.00 0
95421 0.00 0.00 0.00 0
95422 0.00 0.00 0.00 0
95423 0.00 0.00 0.00 0
97027 0.00 0.00 0.00 0
97028 0.00 0.00 0.00 0
97029 0.00 0.00 0.00 0
97030 0.00 0.00 0.00 0
97031 0.00 0.00 0.00 0
97032 0.00 0.00 0.00 0
97042 0.00 0.00 0.00 0
97043 0.00 0.00 0.00 0
97044 0.00 0.00 0.00 0
97045 0.00 0.00 0.00 0
97046 0.00 0.00 0.00 0
97060 0.00 0.00 0.00 0
97061 0.00 0.00 0.00 0
97062 0.00 0.00 0.00 0
97063 0.00 0.00 0.00 0
97064 0.00 0.00 0.00 0
97066 0.00 0.00 0.00 0
98689 0.00 0.00 0.00 0
98690 0.00 0.00 0.00 0
98691 0.00 0.00 0.00 0
98692 0.00 0.00 0.00 0
98693 0.00 0.00 0.00 0
98694 0.00 0.00 0.00 0
98695 0.00 0.00 0.00 0
98696 0.00 0.00 0.00 0
98697 0.00 0.00 0.00 0
98698 0.00 0.00 0.00 0
98699 0.00 0.00 0.00 0
98700 0.00 0.00 0.00 0
98701 0.00 0.00 0.00 0
98702 0.00 0.00 0.00 0
98703 0.00 0.00 0.00 0
98704 0.00 0.00 0.00 0
98705 0.00 0.00 0.00 0
98706 0.00 0.00 0.00 0
99730 0.00 0.00 0.00 0
99731 0.00 0.00 0.00 0
99732 0.00 0.00 0.00 0
99733 0.00 0.00 0.00 0
99734 0.00 0.00 0.00 0
99735 0.00 0.00 0.00 0
99736 0.00 0.00 0.00 0
99737 0.00 0.00 0.00 0
99738 0.00 0.00 0.00 0
99739 0.00 0.00 0.00 0
99740 0.00 0.00 0.00 0
99741 0.00 0.00 0.00 0
99742 0.00 0.00 0.00 0
99743 0.00 0.00 0.00 0
101322 0.00 0.00 0.00 0
101323 0.00 0.00 0.00 0
101324 0.00 0.00 0.00 0
101325 0.00 0.00 0.00 0
101326 0.00 0.00 0.00 0
101327 0.00 0.00 0.00 0
101328 0.00 0.00 0.00 0
101329 0.00 0.00 0.00 0
101330 0.00 0.00 0.00 0
101340 0.00 0.00 0.00 0
101341 0.00 0.00 0.00 0
101342 0.00 0.00 0.00 0
101343 0.00 0.00 0.00 0
101344 0.00 0.00 0.00 0
101346 0.00 0.00 0.00 0
101347 0.00 0.00 0.00 0
101348 0.00 0.00 0.00 0
101349 0.00 0.00 0.00 0
101350 0.00 0.00 0.00 0
101362 0.00 0.00 0.00 0
101363 0.00 0.00 0.00 0
101364 0.00 0.00 0.00 0
101365 0.00 0.00 0.00 0
101366 0.00 0.00 0.00 0
101367 0.00 0.00 0.00 0
101368 0.00 0.00 0.00 0
101369 0.00 0.00 0.00 0
101370 0.00 0.00 0.00 0
101371 0.00 0.00 0.00 0
101372 0.00 0.00 0.00 0
101373 0.00 0.00 0.00 0
101374 0.00 0.00 0.00 0
101375 0.00 0.00 0.00 0
101376 0.00 0.00 0.00 0
101377 0.00 0.00 0.00 0
101378 0.00 0.00 0.00 0
101379 0.00 0.00 0.00 0
101380 0.00 0.00 0.00 0
101381 0.00 0.00 0.00 0
101382 0.00 0.00 0.00 0
101383 0.00 0.00 0.00 0
101384 0.00 0.00 0.00 0
101385 0.00 0.00 0.00 0
101386 0.00 0.00 0.00 0
101387 0.00 0.00 0.00 0
101388 0.00 0.00 0.00 0
102984 0.00 0.00 0.00 0
102986 0.00 0.00 0.00 0
102987 0.00 0.00 0.00 0
102988 0.00 0.00 0.00 0
102989 0.00 0.00 0.00 0
102990 0.00 0.00 0.00 0
102991 0.00 0.00 0.00 0
104562 0.00 0.00 0.00 0
104563 0.00 0.00 0.00 0
104564 0.00 0.00 0.00 0
104565 0.00 0.00 0.00 0
104566 0.00 0.00 0.00 0
104567 0.00 0.00 0.00 0
104568 0.00 0.00 0.00 0
104569 0.00 0.00 0.00 0
104570 0.00 0.00 0.00 0
104571 0.00 0.00 0.00 0
104572 0.00 0.00 0.00 0
104573 0.00 0.00 0.00 0
104574 0.00 0.00 0.00 0
104575 0.00 0.00 0.00 0
104576 0.00 0.00 0.00 0
104577 0.00 0.00 0.00 0
104578 0.00 0.00 0.00 0
104579 0.00 0.00 0.00 0
104580 0.00 0.00 0.00 0
104581 0.00 0.00 0.00 0
104582 0.00 0.00 0.00 0
104583 0.00 0.00 0.00 0
104584 0.00 0.00 0.00 0
104585 0.00 0.00 0.00 0
104586 0.00 0.00 0.00 0
104587 0.00 0.00 0.00 0
104588 0.00 0.00 0.00 0
104589 0.00 0.00 0.00 0
104590 0.00 0.00 0.00 0
104591 0.00 0.00 0.00 0
104592 0.00 0.00 0.00 0
104593 0.00 0.00 0.00 0
104594 0.00 0.00 0.00 0
104595 0.00 0.00 0.00 0
104596 0.00 0.00 0.00 0
104597 0.00 0.00 0.00 0
104598 0.00 0.00 0.00 0
104599 0.00 0.00 0.00 0
104600 0.00 0.00 0.00 0
104601 0.00 0.00 0.00 0
104602 0.00 0.00 0.00 0
104603 0.00 0.00 0.00 0
104604 0.00 0.00 0.00 0
104605 0.00 0.00 0.00 0
104606 0.00 0.00 0.00 0
104608 0.00 0.00 0.00 0
104609 0.00 0.00 0.00 0
104610 0.00 0.00 0.00 0
104611 0.00 0.00 0.00 0
104612 0.00 0.00 0.00 0
104613 0.00 0.00 0.00 0
104614 0.00 0.00 0.00 0
107053 0.00 0.00 0.00 0
107054 0.00 0.00 0.00 0
107055 0.00 0.00 0.00 0
107673 0.00 0.00 0.00 0
107674 0.00 0.00 0.00 0
107675 0.00 0.00 0.00 0
107676 0.00 0.00 0.00 0
107677 0.00 0.00 0.00 0
107678 0.00 0.00 0.00 0
107679 0.00 0.00 0.00 0
107680 0.00 0.00 0.00 0
107681 0.00 0.00 0.00 0
107682 0.00 0.00 0.00 0
107683 0.00 0.00 0.00 0
107684 0.00 0.00 0.00 0
107685 0.00 0.00 0.00 0
107686 0.00 0.00 0.00 0
107687 0.00 0.00 0.00 0
107688 0.00 0.00 0.00 0
107689 0.00 0.00 0.00 0
107690 0.00 0.00 0.00 0
107691 0.00 0.00 0.00 0
107692 0.00 0.00 0.00 0
107693 0.00 0.00 0.00 0
107694 0.00 0.00 0.00 0
107695 0.00 0.00 0.00 0
107696 0.00 0.00 0.00 0
107697 0.00 0.00 0.00 0
107698 0.00 0.00 0.00 0
107699 0.00 0.00 0.00 0
107700 0.00 0.00 0.00 0
107701 0.00 0.00 0.00 0
107702 0.00 0.00 0.00 0
107703 0.00 0.00 0.00 0
107704 0.00 0.00 0.00 0
107705 0.00 0.00 0.00 0
107706 0.00 0.00 0.00 0
107713 0.00 0.00 0.00 0
107714 0.00 0.00 0.00 0
107715 0.00 0.00 0.00 0
107716 0.00 0.00 0.00 0
107717 0.00 0.00 0.00 0
107718 0.00 0.00 0.00 0
107719 0.00 0.00 0.00 0
107720 0.00 0.00 0.00 0
107721 0.00 0.00 0.00 0
107722 0.00 0.00 0.00 0
107732 0.00 0.00 0.00 0
107733 0.00 0.00 0.00 0
107734 0.00 0.00 0.00 0
107735 0.00 0.00 0.00 0
107736 0.00 0.00 0.00 0
107737 0.00 0.00 0.00 0
107739 0.00 0.00 0.00 0
107740 0.00 0.00 0.00 0
107742 0.00 0.00 0.00 0
112247 0.00 0.00 0.00 0
112248 0.00 0.00 0.00 0
112249 0.00 0.00 0.00 0
112529 0.00 0.00 0.00 0
112530 0.00 0.00 0.00 0
112531 0.00 0.00 0.00 0
112532 0.00 0.00 0.00 0
112533 0.00 0.00 0.00 0
112534 0.00 0.00 0.00 0
112535 0.00 0.00 0.00 0
112536 0.00 0.00 0.00 0
112537 0.00 0.00 0.00 0
112538 0.00 0.00 0.00 0
112539 0.00 0.00 0.00 0
112548 0.00 0.00 0.00 0
112549 0.00 0.00 0.00 0
112550 0.00 0.00 0.00 0
112551 0.00 0.00 0.00 0
112552 0.00 0.00 0.00 0
112553 0.00 0.00 0.00 0
112554 0.00 0.00 0.00 0
112555 0.00 0.00 0.00 0
112556 0.00 0.00 0.00 0
112567 0.00 0.00 0.00 0
112568 0.00 0.00 0.00 0
112569 0.00 0.00 0.00 0
112570 0.00 0.00 0.00 0
112571 0.00 0.00 0.00 0
112572 0.00 0.00 0.00 0
112573 0.00 0.00 0.00 0
112574 0.00 0.00 0.00 0
112581 0.00 0.00 0.00 0
112582 0.00 0.00 0.00 0
112583 0.00 0.00 0.00 0
112584 0.00 0.00 0.00 0
112585 0.00 0.00 0.00 0
112626 0.00 0.00 0.00 0
112628 0.00 0.00 0.00 0
115798 0.00 0.00 0.00 0
115799 0.00 0.00 0.00 0
115800 0.00 0.00 0.00 0
115801 0.00 0.00 0.00 0
115802 0.00 0.00 0.00 0
115803 0.00 0.00 0.00 0
115804 0.00 0.00 0.00 0
115805 0.00 0.00 0.00 0
115806 0.00 0.00 0.00 0
115807 0.00 0.00 0.00 0
115808 0.00 0.00 0.00 0
115809 0.00 0.00 0.00 0
116608 0.00 0.00 0.00 0
116609 0.00 0.00 0.00 0
116610 0.00 0.00 0.00 0
116611 0.00 0.00 0.00 0
116612 0.00 0.00 0.00 0
116615 0.00 0.00 0.00 0
116616 0.00 0.00 0.00 0
116617 0.00 0.00 0.00 0
116618 0.00 0.00 0.00 0
117846 0.00 0.00 0.00 0
117847 0.00 0.00 0.00 0
117848 0.00 0.00 0.00 0
117849 0.00 0.00 0.00 0
117850 0.00 0.00 0.00 0
117851 0.00 0.00 0.00 0
117852 0.00 0.00 0.00 0
117853 0.00 0.00 0.00 0
117854 0.00 0.00 0.00 0
117855 0.00 0.00 0.00 0
117856 0.00 0.00 0.00 0
117858 0.00 0.00 0.00 0
117859 0.00 0.00 0.00 0
117860 0.00 0.00 0.00 0
117861 0.00 0.00 0.00 0
117862 0.00 0.00 0.00 0
117863 0.00 0.00 0.00 0
117864 0.00 0.00 0.00 0
117865 0.00 0.00 0.00 0
117866 0.00 0.00 0.00 0
117867 0.00 0.00 0.00 0
117868 0.00 0.00 0.00 0
117869 0.00 0.00 0.00 0
117870 0.00 0.00 0.00 0
117871 0.00 0.00 0.00 0
117872 0.00 0.00 0.00 0
117873 0.00 0.00 0.00 0
117874 0.00 0.00 0.00 0
117875 0.00 0.00 0.00 0
117876 0.00 0.00 0.00 0
117885 0.00 0.00 0.00 0
117886 0.00 0.00 0.00 0
117887 0.00 0.00 0.00 0
117888 0.00 0.00 0.00 0
117889 0.00 0.00 0.00 0
117890 0.00 0.00 0.00 0
117891 0.00 0.00 0.00 0
117893 0.00 0.00 0.00 0
117894 0.00 0.00 0.00 0
117895 0.00 0.00 0.00 0
117896 0.00 0.00 0.00 0
117897 0.00 0.00 0.00 0
119138 0.00 0.00 0.00 0
119139 0.00 0.00 0.00 0
119140 0.00 0.00 0.00 0
119141 0.00 0.00 0.00 0
119142 0.00 0.00 0.00 0
119143 0.00 0.00 0.00 0
119145 0.00 0.00 0.00 0
119146 0.00 0.00 0.00 0
120365 0.00 0.00 0.00 0
120366 0.00 0.00 0.00 0
120367 0.00 0.00 0.00 0
120368 0.00 0.00 0.00 0
120369 0.00 0.00 0.00 0
120370 0.00 0.00 0.00 0
120371 0.00 0.00 0.00 0
120372 0.00 0.00 0.00 0
120373 0.00 0.00 0.00 0
120374 0.00 0.00 0.00 0
120375 0.00 0.00 0.00 0
120376 0.00 0.00 0.00 0
120377 0.00 0.00 0.00 0
120378 0.00 0.00 0.00 0
120379 0.00 0.00 0.00 0
120380 0.00 0.00 0.00 0
120381 0.00 0.00 0.00 0
120382 0.00 0.00 0.00 0
120383 0.00 0.00 0.00 0
120384 0.00 0.00 0.00 0
120385 0.00 0.00 0.00 0
120386 0.00 0.00 0.00 0
120387 0.00 0.00 0.00 0
120388 0.00 0.00 0.00 0
120389 0.00 0.00 0.00 0
120390 0.00 0.00 0.00 0
120391 0.00 0.00 0.00 0
120392 0.00 0.00 0.00 0
120393 0.00 0.00 0.00 0
120394 0.00 0.00 0.00 0
120395 0.00 0.00 0.00 0
120396 0.00 0.00 0.00 0
120398 0.00 0.00 0.00 0
122782 0.00 0.00 0.00 0
122783 0.00 0.00 0.00 0
122784 0.00 0.00 0.00 0
122785 0.00 0.00 0.00 0
122786 0.00 0.00 0.00 0
122787 0.00 0.00 0.00 0
122788 0.00 0.00 0.00 0
122789 0.00 0.00 0.00 0
122790 0.00 0.00 0.00 0
122791 0.00 0.00 0.00 0
122792 0.00 0.00 0.00 0
122793 0.00 0.00 0.00 0
122794 0.00 0.00 0.00 0
122795 0.00 0.00 0.00 0
122796 0.00 0.00 0.00 0
122797 0.00 0.00 0.00 0
122798 0.00 0.00 0.00 0
122799 0.00 0.00 0.00 0
122800 0.00 0.00 0.00 0
122801 0.00 0.00 0.00 0
122802 0.00 0.00 0.00 0
122803 0.00 0.00 0.00 0
122804 0.00 0.00 0.00 0
122805 0.00 0.00 0.00 0
122806 0.00 0.00 0.00 0
122807 0.00 0.00 0.00 0
122808 0.00 0.00 0.00 0
122809 0.00 0.00 0.00 0
122810 0.00 0.00 0.00 0
122811 0.00 0.00 0.00 0
122812 0.00 0.00 0.00 0
122817 0.00 0.00 0.00 0
122818 0.00 0.00 0.00 0
122820 0.00 0.00 0.00 0
122821 0.00 0.00 0.00 0
122822 0.00 0.00 0.00 0
122823 0.00 0.00 0.00 0
122824 0.00 0.00 0.00 0
122835 0.00 0.00 0.00 0
122836 0.00 0.00 0.00 0
122837 0.00 0.00 0.00 0
122838 0.00 0.00 0.00 0
126344 0.00 0.00 0.00 0
126346 0.00 0.00 0.00 0
126347 0.00 0.00 0.00 0
126348 0.00 0.00 0.00 0
126560 0.00 0.00 0.00 0
126561 0.00 0.00 0.00 0
126562 0.00 0.00 0.00 0
126563 0.00 0.00 0.00 0
126564 0.00 0.00 0.00 0
126565 0.00 0.00 0.00 0
126566 0.00 0.00 0.00 0
126567 0.00 0.00 0.00 0
126568 0.00 0.00 0.00 0
126569 0.00 0.00 0.00 0
126570 0.00 0.00 0.00 0
126592 0.00 0.00 0.00 0
126593 0.00 0.00 0.00 0
126594 0.00 0.00 0.00 0
126595 0.00 0.00 0.00 0
126596 0.00 0.00 0.00 0
126597 0.00 0.00 0.00 0
126598 0.00 0.00 0.00 0
126599 0.00 0.00 0.00 0
126600 0.00 0.00 0.00 0
126601 0.00 0.00 0.00 0
126603 0.00 0.00 0.00 0
126604 0.00 0.00 0.00 0
126605 0.00 0.00 0.00 0
126634 0.00 0.00 0.00 0
126636 0.00 0.00 0.00 0
126637 0.00 0.00 0.00 0
126638 0.00 0.00 0.00 0
126639 0.00 0.00 0.00 0
126640 0.00 0.00 0.00 0
126641 0.00 0.00 0.00 0
126642 0.00 0.00 0.00 0
126643 0.00 0.00 0.00 0
126644 0.00 0.00 0.00 0
126647 0.00 0.00 0.00 0
130267 0.00 0.00 0.00 0
130268 0.00 0.00 0.00 0
130269 0.00 0.00 0.00 0
130272 0.00 0.00 0.00 0
130273 0.00 0.00 0.00 0
130274 0.00 0.00 0.00 0
130275 0.00 0.00 0.00 0
130276 0.00 0.00 0.00 0
130277 0.00 0.00 0.00 0
130278 0.00 0.00 0.00 0
130279 0.00 0.00 0.00 0
130280 0.00 0.00 0.00 0
130281 0.00 0.00 0.00 0
130282 0.00 0.00 0.00 0
130283 0.00 0.00 0.00 0
130284 0.00 0.00 0.00 0
130285 0.00 0.00 0.00 0
130286 0.00 0.00 0.00 0
130287 0.00 0.00 0.00 0
130288 0.00 0.00 0.00 0
130289 0.00 0.00 0.00 0
130290 0.00 0.00 0.00 0
130291 0.00 0.00 0.00 0
130292 0.00 0.00 0.00 0
130293 0.00 0.00 0.00 0
130294 0.00 0.00 0.00 0
130295 0.00 0.00 0.00 0
130296 0.00 0.00 0.00 0
130297 0.00 0.00 0.00 0
130298 0.00 0.00 0.00 0
130299 0.00 0.00 0.00 0
130300 0.00 0.00 0.00 0
130301 0.00 0.00 0.00 0
130302 0.00 0.00 0.00 0
130303 0.00 0.00 0.00 0
130304 0.00 0.00 0.00 0
130305 0.00 0.00 0.00 0
130308 0.00 0.00 0.00 0
130309 0.00 0.00 0.00 0
130310 0.00 0.00 0.00 0
132460 0.00 0.00 0.00 0
132461 0.00 0.00 0.00 0
132462 0.00 0.00 0.00 0
132463 0.00 0.00 0.00 0
132464 0.00 0.00 0.00 0
132465 0.00 0.00 0.00 0
132466 0.00 0.00 0.00 0
132467 0.00 0.00 0.00 0
132468 0.00 0.00 0.00 0
132469 0.00 0.00 0.00 0
132470 0.00 0.00 0.00 0
132471 0.00 0.00 0.00 0
132472 0.00 0.00 0.00 0
132473 0.00 0.00 0.00 0
132474 0.00 0.00 0.00 0
132475 0.00 0.00 0.00 0
132476 0.00 0.00 0.00 0
132477 0.00 0.00 0.00 0
132478 0.00 0.00 0.00 0
132479 0.00 0.00 0.00 0
132480 0.00 0.00 0.00 0
132481 0.00 0.00 0.00 0
132482 0.00 0.00 0.00 0
132483 0.00 0.00 0.00 0
132484 0.00 0.00 0.00 0
132485 0.00 0.00 0.00 0
132486 0.00 0.00 0.00 0
132487 0.00 0.00 0.00 0
132488 0.00 0.00 0.00 0
135827 0.00 0.00 0.00 0
135828 0.00 0.00 0.00 0
135833 0.00 0.00 0.00 0
135834 0.00 0.00 0.00 0
135835 0.00 0.00 0.00 0
135836 0.00 0.00 0.00 0
135837 0.00 0.00 0.00 0
135838 0.00 0.00 0.00 0
135876 0.00 0.00 0.00 0
135877 0.00 0.00 0.00 0
135878 0.00 0.00 0.00 0
135879 0.00 0.00 0.00 0
135880 0.00 0.00 0.00 0
135881 0.00 0.00 0.00 0
135907 0.00 0.00 0.00 0
135908 0.00 0.00 0.00 0
135909 0.00 0.00 0.00 0
135910 0.00 0.00 0.00 0
135911 0.00 0.00 0.00 0
135912 0.00 0.00 0.00 0
135913 0.00 0.00 0.00 0
135914 0.00 0.00 0.00 0
135915 0.00 0.00 0.00 0
135916 0.00 0.00 0.00 0
135917 0.00 0.00 0.00 0
135919 0.00 0.00 0.00 0
135920 0.00 0.00 0.00 0
135921 0.00 0.00 0.00 0
135922 0.00 0.00 0.00 0
135923 0.00 0.00 0.00 0
135924 0.00 0.00 0.00 0
135925 0.00 0.00 0.00 0
135926 0.00 0.00 0.00 0
135927 0.00 0.00 0.00 0
135928 0.00 0.00 0.00 0
135929 0.00 0.00 0.00 0
135930 0.00 0.00 0.00 0
135931 0.00 0.00 0.00 0
135944 0.00 0.00 0.00 0
135945 0.00 0.00 0.00 0
135946 0.00 0.00 0.00 0
135947 0.00 0.00 0.00 0
135948 0.00 0.00 0.00 0
135949 0.00 0.00 0.00 0
135950 0.00 0.00 0.00 0
135951 0.00 0.00 0.00 0
135952 0.00 0.00 0.00 0
135953 0.00 0.00 0.00 0
135954 0.00 0.00 0.00 0
135955 0.00 0.00 0.00 0
135956 0.00 0.00 0.00 0
135958 0.00 0.00 0.00 0
139282 0.00 0.00 0.00 0
139283 0.00 0.00 0.00 0
139284 0.00 0.00 0.00 0
139285 0.00 0.00 0.00 0
139286 0.00 0.00 0.00 0
139287 0.00 0.00 0.00 0
139288 0.00 0.00 0.00 0
139289 0.00 0.00 0.00 0
139290 0.00 0.00 0.00 0
139291 0.00 0.00 0.00 0
139292 0.00 0.00 0.00 0
139293 0.00 0.00 0.00 0
139294 0.00 0.00 0.00 0
142494 0.00 0.00 0.00 0
142498 0.00 0.00 0.00 0
142499 0.00 0.00 0.00 0
142500 0.00 0.00 0.00 0
142501 0.00 0.00 0.00 0
142502 0.00 0.00 0.00 0
142503 0.00 0.00 0.00 0
142504 0.00 0.00 0.00 0
142505 0.00 0.00 0.00 0
142506 0.00 0.00 0.00 0
142507 0.00 0.00 0.00 0
142508 0.00 0.00 0.00 0
142509 0.00 0.00 0.00 0
142510 0.00 0.00 0.00 0
142511 0.00 0.00 0.00 0
142512 0.00 0.00 0.00 0
142513 0.00 0.00 0.00 0
142519 0.00 0.00 0.00 0
142520 0.00 0.00 0.00 0
142521 0.00 0.00 0.00 0
142522 0.00 0.00 0.00 0
142523 0.00 0.00 0.00 0
142524 0.00 0.00 0.00 0
142525 0.00 0.00 0.00 0
142526 0.00 0.00 0.00 0
142527 0.00 0.00 0.00 0
142528 0.00 0.00 0.00 0
142529 0.00 0.00 0.00 0
142530 0.00 0.00 0.00 0
142531 0.00 0.00 0.00 0
142532 0.00 0.00 0.00 0
142533 0.00 0.00 0.00 0
142534 0.00 0.00 0.00 0
142535 0.00 0.00 0.00 0
142536 0.00 0.00 0.00 0
142537 0.00 0.00 0.00 0
142538 0.00 0.00 0.00 0
142539 0.00 0.00 0.00 0
142540 0.00 0.00 0.00 0
142541 0.00 0.00 0.00 0
142542 0.00 0.00 0.00 0
142543 0.00 0.00 0.00 0
142544 0.00 0.00 0.00 0
142545 0.00 0.00 0.00 0
142546 0.00 0.00 0.00 0
142547 0.00 0.00 0.00 0
142548 0.00 0.00 0.00 0
142549 0.00 0.00 0.00 0
142550 0.00 0.00 0.00 0
142551 0.00 0.00 0.00 0
142552 0.00 0.00 0.00 0
142553 0.00 0.00 0.00 0
142554 0.00 0.00 0.00 0
142555 0.00 0.00 0.00 0
142556 0.00 0.00 0.00 0
142557 0.00 0.00 0.00 0
142558 0.00 0.00 0.00 0
142559 0.00 0.00 0.00 0
142560 0.00 0.00 0.00 0
142561 0.00 0.00 0.00 0
142562 0.00 0.00 0.00 0
142563 0.00 0.00 0.00 0
142564 0.00 0.00 0.00 0
142565 0.00 0.00 0.00 0
142566 0.00 0.00 0.00 0
142567 0.00 0.00 0.00 0
142568 0.00 0.00 0.00 0
142569 0.00 0.00 0.00 0
142570 0.00 0.00 0.00 0
142571 0.00 0.00 0.00 0
142572 0.00 0.00 0.00 0
142573 0.00 0.00 0.00 0
142574 0.00 0.00 0.00 0
142575 0.00 0.00 0.00 0
142576 0.00 0.00 0.00 0
142577 0.00 0.00 0.00 0
142578 0.00 0.00 0.00 0
142579 0.00 0.00 0.00 0
142580 0.00 0.00 0.00 0
142581 0.00 0.00 0.00 0
142582 0.00 0.00 0.00 0
142583 0.00 0.00 0.00 0
142584 0.00 0.00 0.00 0
142585 0.00 0.00 0.00 0
142586 0.00 0.00 0.00 0
142587 0.00 0.00 0.00 0
142588 0.00 0.00 0.00 0
142589 0.00 0.00 0.00 0
142590 0.00 0.00 0.00 0
142591 0.00 0.00 0.00 0
142592 0.00 0.00 0.00 0
142593 0.00 0.00 0.00 0
142594 0.00 0.00 0.00 0
142595 0.00 0.00 0.00 0
142596 0.00 0.00 0.00 0
142597 0.00 0.00 0.00 0
142598 0.00 0.00 0.00 0
142599 0.00 0.00 0.00 0
142600 0.00 0.00 0.00 0
142601 0.00 0.00 0.00 0
142602 0.00 0.00 0.00 0
147518 0.00 0.00 0.00 0
147519 0.00 0.00 0.00 0
147524 0.00 0.00 0.00 0
147525 0.00 0.00 0.00 0
147526 0.00 0.00 0.00 0
147527 0.00 0.00 0.00 0
147528 0.00 0.00 0.00 0
147529 0.00 0.00 0.00 0
147530 0.00 0.00 0.00 0
147531 0.00 0.00 0.00 0
147532 0.00 0.00 0.00 0
147533 0.00 0.00 0.00 0
147534 0.00 0.00 0.00 0
148773 0.00 0.00 0.00 0
148774 0.00 0.00 0.00 0
148775 0.00 0.00 0.00 0
148776 0.00 0.00 0.00 0
148777 0.00 0.00 0.00 0
148785 0.00 0.00 0.00 0
148786 0.00 0.00 0.00 0
148791 0.00 0.00 0.00 0
148792 0.00 0.00 0.00 0
148793 0.00 0.00 0.00 0
148794 0.00 0.00 0.00 0
148795 0.00 0.00 0.00 0
148796 0.00 0.00 0.00 0
148797 0.00 0.00 0.00 0
148798 0.00 0.00 0.00 0
148799 0.00 0.00 0.00 0
148800 0.00 0.00 0.00 0
148801 0.00 0.00 0.00 0
148802 0.00 0.00 0.00 0
148803 0.00 0.00 0.00 0
148804 0.00 0.00 0.00 0
148805 0.00 0.00 0.00 0
148806 0.00 0.00 0.00 0
148807 0.00 0.00 0.00 0
148808 0.00 0.00 0.00 0
148809 0.00 0.00 0.00 0
148810 0.00 0.00 0.00 0
148811 0.00 0.00 0.00 0
148812 0.00 0.00 0.00 0
148813 0.00 0.00 0.00 0
148814 0.00 0.00 0.00 0
148815 0.00 0.00 0.00 0
148816 0.00 0.00 0.00 0
148818 0.00 0.00 0.00 0
148819 0.00 0.00 0.00 0
148820 0.00 0.00 0.00 0
148821 0.00 0.00 0.00 0
148822 0.00 0.00 0.00 0
148823 0.00 0.00 0.00 0
148824 0.00 0.00 0.00 0
148825 0.00 0.00 0.00 0
148826 0.00 0.00 0.00 0
148827 0.00 0.00 0.00 0
148828 0.00 0.00 0.00 0
148829 0.00 0.00 0.00 0
148830 0.00 0.00 0.00 0
148831 0.00 0.00 0.00 0
148832 0.00 0.00 0.00 0
148833 0.00 0.00 0.00 0
148834 0.00 0.00 0.00 0
148852 0.00 0.00 0.00 0
148853 0.00 0.00 0.00 0
148854 0.00 0.00 0.00 0
148855 0.00 0.00 0.00 0
148856 0.00 0.00 0.00 0
148857 0.00 0.00 0.00 0
148858 0.00 0.00 0.00 0
148859 0.00 0.00 0.00 0
148860 0.00 0.00 0.00 0
148861 0.00 0.00 0.00 0
148862 0.00 0.00 0.00 0
148863 0.00 0.00 0.00 0
148864 0.00 0.00 0.00 0
148865 0.00 0.00 0.00 0
148866 0.00 0.00 0.00 0
148867 0.00 0.00 0.00 0
148868 0.00 0.00 0.00 0
148869 0.00 0.00 0.00 0
148870 0.00 0.00 0.00 0
148871 0.00 0.00 0.00 0
148879 0.00 0.00 0.00 0
148880 0.00 0.00 0.00 0
148888 0.00 0.00 0.00 0
148889 0.00 0.00 0.00 0
148890 0.00 0.00 0.00 0
148891 0.00 0.00 0.00 0
148892 0.00 0.00 0.00 0
148893 0.00 0.00 0.00 0
148894 0.00 0.00 0.00 0
148895 0.00 0.00 0.00 0
148896 0.00 0.00 0.00 0
148897 0.00 0.00 0.00 0
148898 0.00 0.00 0.00 0
148899 0.00 0.00 0.00 0
148900 0.00 0.00 0.00 0
148901 0.00 0.00 0.00 0
148902 0.00 0.00 0.00 0
148903 0.00 0.00 0.00 0
148904 0.00 0.00 0.00 0
148905 0.00 0.00 0.00 0
148908 0.00 0.00 0.00 0
148909 0.00 0.00 0.00 0
148910 0.00 0.00 0.00 0
148911 0.00 0.00 0.00 0
148912 0.00 0.00 0.00 0
148913 0.00 0.00 0.00 0
148914 0.00 0.00 0.00 0
148915 0.00 0.00 0.00 0
157934 0.00 0.00 0.00 0
157935 0.00 0.00 0.00 0
157936 0.00 0.00 0.00 0
157937 0.00 0.00 0.00 0
157939 0.00 0.00 0.00 0
157941 0.00 0.00 0.00 0
157942 0.00 0.00 0.00 0
157943 0.00 0.00 0.00 0
157944 0.00 0.00 0.00 0
157945 0.00 0.00 0.00 0
157946 0.00 0.00 0.00 0
157947 0.00 0.00 0.00 0
157948 0.00 0.00 0.00 0
157950 0.00 0.00 0.00 0
157951 0.00 0.00 0.00 0
158504 0.00 0.00 0.00 0
158505 0.00 0.00 0.00 0
158506 0.00 0.00 0.00 0
158507 0.00 0.00 0.00 0
158508 0.00 0.00 0.00 0
158509 0.00 0.00 0.00 0
158510 0.00 0.00 0.00 0
158511 0.00 0.00 0.00 0
158512 0.00 0.00 0.00 0
158513 0.00 0.00 0.00 0
158514 0.00 0.00 0.00 0
158515 0.00 0.00 0.00 0
158516 0.00 0.00 0.00 0
158517 0.00 0.00 0.00 0
158518 0.00 0.00 0.00 0
158519 0.00 0.00 0.00 0
158520 0.00 0.00 0.00 0
158521 0.00 0.00 0.00 0
158522 0.00 0.00 0.00 0
158523 0.00 0.00 0.00 0
158524 0.00 0.00 0.00 0
158525 0.00 0.00 0.00 0
158526 0.00 0.00 0.00 0
158528 0.00 0.00 0.00 0
158529 0.00 0.00 0.00 0
158530 0.00 0.00 0.00 0
158531 0.00 0.00 0.00 0
158532 0.00 0.00 0.00 0
158537 0.00 0.00 0.00 0
158538 0.00 0.00 0.00 0
158539 0.00 0.00 0.00 0
158540 0.00 0.00 0.00 0
158541 0.00 0.00 0.00 0
158542 0.00 0.00 0.00 0
158543 0.00 0.00 0.00 0
158544 0.00 0.00 0.00 0
158545 0.00 0.00 0.00 0
158546 0.00 0.00 0.00 0
158547 0.00 0.00 0.00 0
158548 0.00 0.00 0.00 0
158549 0.00 0.00 0.00 0
158550 0.00 0.00 0.00 0
158551 0.00 0.00 0.00 0
158552 0.00 0.00 0.00 0
158553 0.00 0.00 0.00 0
158554 0.00 0.00 0.00 0
158555 0.00 0.00 0.00 0
158556 0.00 0.00 0.00 0
158557 0.00 0.00 0.00 0
158558 0.00 0.00 0.00 0
158559 0.00 0.00 0.00 0
158568 0.00 0.00 0.00 0
158578 0.00 0.00 0.00 0
158579 0.00 0.00 0.00 0
158580 0.00 0.00 0.00 0
158581 0.00 0.00 0.00 0
158582 0.00 0.00 0.00 0
158583 0.00 0.00 0.00 0
158584 0.00 0.00 0.00 0
158585 0.00 0.00 0.00 0
158587 0.00 0.00 0.00 0
158588 0.00 0.00 0.00 0
158589 0.00 0.00 0.00 0
158590 0.00 0.00 0.00 0
158591 0.00 0.00 0.00 0
158592 0.00 0.00 0.00 0
158593 0.00 0.00 0.00 0
158605 0.00 0.00 0.00 0
158606 0.00 0.00 0.00 0
158607 0.00 0.00 0.00 0
158608 0.00 0.00 0.00 0
158609 0.00 0.00 0.00 0
158610 0.00 0.00 0.00 0
158611 0.00 0.00 0.00 0
158614 0.00 0.00 0.00 0
158615 0.00 0.00 0.00 0
158616 0.00 0.00 0.00 0
158723 0.00 0.00 0.00 0
158724 0.00 0.00 0.00 0
158725 0.00 0.00 0.00 0
158726 0.00 0.00 0.00 0
158727 0.00 0.00 0.00 0
