# G_oc-temp_lat-fusifor
1850
40 0.00 0.00 0.00 0
153 0.00 0.00 0.00 0
156 0.00 0.00 0.00 0
344 0.00 0.00 0.00 0
353 0.00 0.00 0.00 0
621 0.00 0.00 0.00 0
622 0.00 0.00 0.00 0
623 0.00 0.00 0.00 0
831 0.00 0.00 0.00 0
832 0.00 0.00 0.00 0
833 0.00 0.00 0.00 0
1370 0.00 0.00 0.00 0
1389 0.00 0.00 0.00 0
1390 0.00 0.00 0.00 0
1391 0.00 0.00 0.00 0
1392 0.00 0.00 0.00 0
1393 0.00 0.00 0.00 0
1394 0.00 0.00 0.00 0
1395 0.00 0.00 0.00 0
1787 0.00 0.00 0.00 0
2499 0.00 0.00 0.00 0
2500 0.00 0.00 0.00 0
2501 0.00 0.00 0.00 0
2502 0.00 0.00 0.00 0
2503 0.00 0.00 0.00 0
2504 0.00 0.00 0.00 0
2505 0.00 0.00 0.00 0
2506 0.00 0.00 0.00 0
2749 0.00 0.00 0.00 0
2751 0.00 0.00 0.00 0
2752 0.00 0.00 0.00 0
3291 0.00 0.00 0.00 0
3292 0.00 0.00 0.00 0
3311 0.00 0.00 0.00 0
3312 0.00 0.00 0.00 0
3313 0.00 0.00 0.00 0
3314 0.00 0.00 0.00 0
3315 0.00 0.00 0.00 0
3334 0.00 0.00 0.00 0
3338 0.00 0.00 0.00 0
3934 0.00 0.00 0.00 0
3935 0.00 0.00 0.00 0
3936 0.00 0.00 0.00 0
3937 0.00 0.00 0.00 0
3938 0.00 0.00 0.00 0
4387 0.00 0.00 0.00 0
5551 0.00 0.00 0.00 0
5602 0.00 0.00 0.00 0
5603 0.00 0.00 0.00 0
5604 0.00 0.00 0.00 0
5605 0.00 0.00 0.00 0
5606 0.00 0.00 0.00 0
5607 0.00 0.00 0.00 0
5608 0.00 0.00 0.00 0
5609 0.00 0.00 0.00 0
5610 0.00 0.00 0.00 0
5611 0.00 0.00 0.00 0
5612 0.00 0.00 0.00 0
5613 0.00 0.00 0.00 0
5614 0.00 0.00 0.00 0
5615 0.00 0.00 0.00 0
5616 0.00 0.00 0.00 0
5617 0.00 0.00 0.00 0
5618 0.00 0.00 0.00 0
5619 0.00 0.00 0.00 0
5620 0.00 0.00 0.00 0
6103 0.00 0.00 0.00 0
6105 0.00 0.00 0.00 0
6106 0.00 0.00 0.00 0
6107 0.00 0.00 0.00 0
7074 0.00 0.00 0.00 0
7107 0.00 0.00 0.00 0
7108 0.00 0.00 0.00 0
7109 0.00 0.00 0.00 0
7110 0.00 0.00 0.00 0
7111 0.00 0.00 0.00 0
7112 0.00 0.00 0.00 0
7113 0.00 0.00 0.00 0
7114 0.00 0.00 0.00 0
7115 0.00 0.00 0.00 0
7116 0.00 0.00 0.00 0
7117 0.00 0.00 0.00 0
7118 0.00 0.00 0.00 0
7119 0.00 0.00 0.00 0
8008 0.00 0.00 0.00 0
8009 0.00 0.00 0.00 0
8581 0.00 0.00 0.00 0
9991 0.00 0.00 0.00 0
9992 0.00 0.00 0.00 0
10024 0.00 0.00 0.00 0
10026 0.00 0.00 0.00 0
10052 0.00 0.00 0.00 0
10053 0.00 0.00 0.00 0
10054 0.00 0.00 0.00 0
10055 0.00 0.00 0.00 0
10056 0.00 0.00 0.00 0
10057 0.00 0.00 0.00 0
10058 0.00 0.00 0.00 0
10059 0.00 0.00 0.00 0
10060 0.00 0.00 0.00 0
10061 0.00 0.00 0.00 0
10062 0.00 0.00 0.00 0
10063 0.00 0.00 0.00 0
10064 0.00 0.00 0.00 0
10065 0.00 0.00 0.00 0
10066 0.00 0.00 0.00 0
10067 0.00 0.00 0.00 0
10068 0.00 0.00 0.00 0
10069 0.00 0.00 0.00 0
10070 0.00 0.00 0.00 0
10071 0.00 0.00 0.00 0
10072 0.00 0.00 0.00 0
10073 0.00 0.00 0.00 0
10075 0.00 0.00 0.00 0
10429 0.00 0.00 0.00 0
10430 0.00 0.00 0.00 0
10431 0.00 0.00 0.00 0
10433 0.00 0.00 0.00 0
10970 0.00 0.00 0.00 0
10971 0.00 0.00 0.00 0
10972 0.00 0.00 0.00 0
10992 0.00 0.00 0.00 0
10993 0.00 0.00 0.00 0
10994 0.00 0.00 0.00 0
10995 0.00 0.00 0.00 0
11014 0.00 0.00 0.00 0
11016 0.00 0.00 0.00 0
11018 0.00 0.00 0.00 0
11614 0.00 0.00 0.00 0
11615 0.00 0.00 0.00 0
11616 0.00 0.00 0.00 0
11617 0.00 0.00 0.00 0
11618 0.00 0.00 0.00 0
13231 0.00 0.00 0.00 0
13282 0.00 0.00 0.00 0
13283 0.00 0.00 0.00 0
13284 0.00 0.00 0.00 0
13285 0.00 0.00 0.00 0
13286 0.00 0.00 0.00 0
13287 0.00 0.00 0.00 0
13288 0.00 0.00 0.00 0
13289 0.00 0.00 0.00 0
13290 0.00 0.00 0.00 0
13291 0.00 0.00 0.00 0
13292 0.00 0.00 0.00 0
13293 0.00 0.00 0.00 0
13294 0.00 0.00 0.00 0
13295 0.00 0.00 0.00 0
13296 0.00 0.00 0.00 0
13297 0.00 0.00 0.00 0
13298 0.00 0.00 0.00 0
13299 0.00 0.00 0.00 0
13300 0.00 0.00 0.00 0
14007 0.00 0.00 0.00 0
14008 0.00 0.00 0.00 0
14009 0.00 0.00 0.00 0
14010 0.00 0.00 0.00 0
14011 0.00 0.00 0.00 0
14012 0.00 0.00 0.00 0
14013 0.00 0.00 0.00 0
14014 0.00 0.00 0.00 0
14015 0.00 0.00 0.00 0
14016 0.00 0.00 0.00 0
14017 0.00 0.00 0.00 0
14018 0.00 0.00 0.00 0
15630 0.00 0.00 0.00 0
15632 0.00 0.00 0.00 0
15686 0.00 0.00 0.00 0
15687 0.00 0.00 0.00 0
15688 0.00 0.00 0.00 0
15689 0.00 0.00 0.00 0
15690 0.00 0.00 0.00 0
15691 0.00 0.00 0.00 0
15692 0.00 0.00 0.00 0
15693 0.00 0.00 0.00 0
15694 0.00 0.00 0.00 0
15695 0.00 0.00 0.00 0
15696 0.00 0.00 0.00 0
15697 0.00 0.00 0.00 0
15698 0.00 0.00 0.00 0
15699 0.00 0.00 0.00 0
15700 0.00 0.00 0.00 0
15701 0.00 0.00 0.00 0
15702 0.00 0.00 0.00 0
15703 0.00 0.00 0.00 0
15704 0.00 0.00 0.00 0
15705 0.00 0.00 0.00 0
17559 0.00 0.00 0.00 0
17562 0.00 0.00 0.00 0
17569 0.00 0.00 0.00 0
17570 0.00 0.00 0.00 0
17571 0.00 0.00 0.00 0
17572 0.00 0.00 0.00 0
17573 0.00 0.00 0.00 0
18920 0.00 0.00 0.00 0
18921 0.00 0.00 0.00 0
18922 0.00 0.00 0.00 0
22411 0.00 0.00 0.00 0
22412 0.00 0.00 0.00 0
22414 0.00 0.00 0.00 0
22499 0.00 0.00 0.00 0
22564 0.00 0.00 0.00 0
22565 0.00 0.00 0.00 0
22566 0.00 0.00 0.00 0
22567 0.00 0.00 0.00 0
22568 0.00 0.00 0.00 0
22569 0.00 0.00 0.00 0
22570 0.00 0.00 0.00 0
22571 0.00 0.00 0.00 0
22572 0.00 0.00 0.00 0
22573 0.00 0.00 0.00 0
22574 0.00 0.00 0.00 0
22575 0.00 0.00 0.00 0
22576 0.00 0.00 0.00 0
22577 0.00 0.00 0.00 0
22578 0.00 0.00 0.00 0
22579 0.00 0.00 0.00 0
22580 0.00 0.00 0.00 0
22581 0.00 0.00 0.00 0
22582 0.00 0.00 0.00 0
22583 0.00 0.00 0.00 0
22584 0.00 0.00 0.00 0
22585 0.00 0.00 0.00 0
22586 0.00 0.00 0.00 0
22587 0.00 0.00 0.00 0
22588 0.00 0.00 0.00 0
22589 0.00 0.00 0.00 0
22590 0.00 0.00 0.00 0
22592 0.00 0.00 0.00 0
22593 0.00 0.00 0.00 0
22594 0.00 0.00 0.00 0
22595 0.00 0.00 0.00 0
22596 0.00 0.00 0.00 0
22597 0.00 0.00 0.00 0
22598 0.00 0.00 0.00 0
22599 0.00 0.00 0.00 0
22600 0.00 0.00 0.00 0
22601 0.00 0.00 0.00 0
22602 0.00 0.00 0.00 0
22603 0.00 0.00 0.00 0
22604 0.00 0.00 0.00 0
22605 0.00 0.00 0.00 0
22606 0.00 0.00 0.00 0
22607 0.00 0.00 0.00 0
22608 0.00 0.00 0.00 0
22609 0.00 0.00 0.00 0
22610 0.00 0.00 0.00 0
22611 0.00 0.00 0.00 0
22612 0.00 0.00 0.00 0
22613 0.00 0.00 0.00 0
22614 0.00 0.00 0.00 0
22615 0.00 0.00 0.00 0
22616 0.00 0.00 0.00 0
22617 0.00 0.00 0.00 0
22618 0.00 0.00 0.00 0
22621 0.00 0.00 0.00 0
22622 0.00 0.00 0.00 0
22623 0.00 0.00 0.00 0
23379 0.00 0.00 0.00 0
23382 0.00 0.00 0.00 0
23383 0.00 0.00 0.00 0
23384 0.00 0.00 0.00 0
23385 0.00 0.00 0.00 0
23386 0.00 0.00 0.00 0
23387 0.00 0.00 0.00 0
24355 0.00 0.00 0.00 0
24356 0.00 0.00 0.00 0
24357 0.00 0.00 0.00 0
24390 0.00 0.00 0.00 0
24391 0.00 0.00 0.00 0
24392 0.00 0.00 0.00 0
24393 0.00 0.00 0.00 0
24394 0.00 0.00 0.00 0
24395 0.00 0.00 0.00 0
24396 0.00 0.00 0.00 0
24397 0.00 0.00 0.00 0
24398 0.00 0.00 0.00 0
24399 0.00 0.00 0.00 0
24440 0.00 0.00 0.00 0
25512 0.00 0.00 0.00 0
25513 0.00 0.00 0.00 0
25514 0.00 0.00 0.00 0
25515 0.00 0.00 0.00 0
25516 0.00 0.00 0.00 0
25517 0.00 0.00 0.00 0
25518 0.00 0.00 0.00 0
25519 0.00 0.00 0.00 0
25520 0.00 0.00 0.00 0
28423 0.00 0.00 0.00 0
28424 0.00 0.00 0.00 0
28425 0.00 0.00 0.00 0
28516 0.00 0.00 0.00 0
28517 0.00 0.00 0.00 0
28518 0.00 0.00 0.00 0
28519 0.00 0.00 0.00 0
28520 0.00 0.00 0.00 0
28521 0.00 0.00 0.00 0
28522 0.00 0.00 0.00 0
28523 0.00 0.00 0.00 0
28524 0.00 0.00 0.00 0
28525 0.00 0.00 0.00 0
28526 0.00 0.00 0.00 0
28527 0.00 0.00 0.00 0
28528 0.00 0.00 0.00 0
28529 0.00 0.00 0.00 0
28530 0.00 0.00 0.00 0
28531 0.00 0.00 0.00 0
28532 0.00 0.00 0.00 0
28533 0.00 0.00 0.00 0
28534 0.00 0.00 0.00 0
28535 0.00 0.00 0.00 0
28536 0.00 0.00 0.00 0
28537 0.00 0.00 0.00 0
28538 0.00 0.00 0.00 0
28539 0.00 0.00 0.00 0
28540 0.00 0.00 0.00 0
28541 0.00 0.00 0.00 0
28542 0.00 0.00 0.00 0
28543 0.00 0.00 0.00 0
28544 0.00 0.00 0.00 0
28545 0.00 0.00 0.00 0
28546 0.00 0.00 0.00 0
28547 0.00 0.00 0.00 0
28548 0.00 0.00 0.00 0
28549 0.00 0.00 0.00 0
28550 0.00 0.00 0.00 0
29594 0.00 0.00 0.00 0
29602 0.00 0.00 0.00 0
29603 0.00 0.00 0.00 0
29604 0.00 0.00 0.00 0
29605 0.00 0.00 0.00 0
29606 0.00 0.00 0.00 0
29607 0.00 0.00 0.00 0
29608 0.00 0.00 0.00 0
29609 0.00 0.00 0.00 0
31866 0.00 0.00 0.00 0
31941 0.00 0.00 0.00 0
31942 0.00 0.00 0.00 0
31943 0.00 0.00 0.00 0
31944 0.00 0.00 0.00 0
31945 0.00 0.00 0.00 0
31946 0.00 0.00 0.00 0
31947 0.00 0.00 0.00 0
31948 0.00 0.00 0.00 0
31949 0.00 0.00 0.00 0
31950 0.00 0.00 0.00 0
31951 0.00 0.00 0.00 0
31952 0.00 0.00 0.00 0
31953 0.00 0.00 0.00 0
31954 0.00 0.00 0.00 0
31955 0.00 0.00 0.00 0
31956 0.00 0.00 0.00 0
31957 0.00 0.00 0.00 0
31958 0.00 0.00 0.00 0
31959 0.00 0.00 0.00 0
31960 0.00 0.00 0.00 0
31961 0.00 0.00 0.00 0
31962 0.00 0.00 0.00 0
31963 0.00 0.00 0.00 0
31964 0.00 0.00 0.00 0
31965 0.00 0.00 0.00 0
31966 0.00 0.00 0.00 0
31967 0.00 0.00 0.00 0
31968 0.00 0.00 0.00 0
31969 0.00 0.00 0.00 0
31970 0.00 0.00 0.00 0
34250 0.00 0.00 0.00 0
34251 0.00 0.00 0.00 0
34260 0.00 0.00 0.00 0
34261 0.00 0.00 0.00 0
34262 0.00 0.00 0.00 0
34263 0.00 0.00 0.00 0
34266 0.00 0.00 0.00 0
34267 0.00 0.00 0.00 0
34350 0.00 0.00 0.00 0
34353 0.00 0.00 0.00 0
34354 0.00 0.00 0.00 0
34355 0.00 0.00 0.00 0
36004 0.00 0.00 0.00 0
36005 0.00 0.00 0.00 0
36006 0.00 0.00 0.00 0
36007 0.00 0.00 0.00 0
36008 0.00 0.00 0.00 0
39962 0.00 0.00 0.00 0
39963 0.00 0.00 0.00 0
40206 0.00 0.00 0.00 0
40207 0.00 0.00 0.00 0
40208 0.00 0.00 0.00 0
40209 0.00 0.00 0.00 0
40210 0.00 0.00 0.00 0
40211 0.00 0.00 0.00 0
40212 0.00 0.00 0.00 0
40213 0.00 0.00 0.00 0
40307 0.00 0.00 0.00 0
40308 0.00 0.00 0.00 0
40310 0.00 0.00 0.00 0
40313 0.00 0.00 0.00 0
40314 0.00 0.00 0.00 0
40393 0.00 0.00 0.00 0
40394 0.00 0.00 0.00 0
40395 0.00 0.00 0.00 0
40396 0.00 0.00 0.00 0
40397 0.00 0.00 0.00 0
40398 0.00 0.00 0.00 0
40399 0.00 0.00 0.00 0
40400 0.00 0.00 0.00 0
40401 0.00 0.00 0.00 0
40402 0.00 0.00 0.00 0
40403 0.00 0.00 0.00 0
40404 0.00 0.00 0.00 0
40405 0.00 0.00 0.00 0
40406 0.00 0.00 0.00 0
40407 0.00 0.00 0.00 0
40408 0.00 0.00 0.00 0
40409 0.00 0.00 0.00 0
40410 0.00 0.00 0.00 0
40411 0.00 0.00 0.00 0
40412 0.00 0.00 0.00 0
40413 0.00 0.00 0.00 0
40414 0.00 0.00 0.00 0
40415 0.00 0.00 0.00 0
40416 0.00 0.00 0.00 0
40417 0.00 0.00 0.00 0
40418 0.00 0.00 0.00 0
40419 0.00 0.00 0.00 0
40420 0.00 0.00 0.00 0
40421 0.00 0.00 0.00 0
40422 0.00 0.00 0.00 0
40424 0.00 0.00 0.00 0
40425 0.00 0.00 0.00 0
40426 0.00 0.00 0.00 0
40427 0.00 0.00 0.00 0
40428 0.00 0.00 0.00 0
40429 0.00 0.00 0.00 0
40430 0.00 0.00 0.00 0
40431 0.00 0.00 0.00 0
40432 0.00 0.00 0.00 0
40433 0.00 0.00 0.00 0
40434 0.00 0.00 0.00 0
40435 0.00 0.00 0.00 0
40436 0.00 0.00 0.00 0
40437 0.00 0.00 0.00 0
40438 0.00 0.00 0.00 0
40439 0.00 0.00 0.00 0
40440 0.00 0.00 0.00 0
40441 0.00 0.00 0.00 0
40442 0.00 0.00 0.00 0
40443 0.00 0.00 0.00 0
40444 0.00 0.00 0.00 0
40445 0.00 0.00 0.00 0
40446 0.00 0.00 0.00 0
40447 0.00 0.00 0.00 0
40448 0.00 0.00 0.00 0
40449 0.00 0.00 0.00 0
40450 0.00 0.00 0.00 0
40451 0.00 0.00 0.00 0
40452 0.00 0.00 0.00 0
40453 0.00 0.00 0.00 0
40454 0.00 0.00 0.00 0
40459 0.00 0.00 0.00 0
40460 0.00 0.00 0.00 0
40461 0.00 0.00 0.00 0
40462 0.00 0.00 0.00 0
40463 0.00 0.00 0.00 0
40464 0.00 0.00 0.00 0
41149 0.00 0.00 0.00 0
41150 0.00 0.00 0.00 0
41151 0.00 0.00 0.00 0
41152 0.00 0.00 0.00 0
41153 0.00 0.00 0.00 0
41689 0.00 0.00 0.00 0
41690 0.00 0.00 0.00 0
41691 0.00 0.00 0.00 0
41692 0.00 0.00 0.00 0
41712 0.00 0.00 0.00 0
41713 0.00 0.00 0.00 0
41714 0.00 0.00 0.00 0
41715 0.00 0.00 0.00 0
41734 0.00 0.00 0.00 0
41735 0.00 0.00 0.00 0
41736 0.00 0.00 0.00 0
41737 0.00 0.00 0.00 0
41738 0.00 0.00 0.00 0
42334 0.00 0.00 0.00 0
42335 0.00 0.00 0.00 0
42336 0.00 0.00 0.00 0
42337 0.00 0.00 0.00 0
42338 0.00 0.00 0.00 0
44002 0.00 0.00 0.00 0
44003 0.00 0.00 0.00 0
44004 0.00 0.00 0.00 0
44005 0.00 0.00 0.00 0
44006 0.00 0.00 0.00 0
44007 0.00 0.00 0.00 0
44008 0.00 0.00 0.00 0
44009 0.00 0.00 0.00 0
44010 0.00 0.00 0.00 0
44011 0.00 0.00 0.00 0
44012 0.00 0.00 0.00 0
44013 0.00 0.00 0.00 0
44014 0.00 0.00 0.00 0
44015 0.00 0.00 0.00 0
44016 0.00 0.00 0.00 0
44017 0.00 0.00 0.00 0
44018 0.00 0.00 0.00 0
44019 0.00 0.00 0.00 0
44020 0.00 0.00 0.00 0
44727 0.00 0.00 0.00 0
44728 0.00 0.00 0.00 0
44729 0.00 0.00 0.00 0
44730 0.00 0.00 0.00 0
44731 0.00 0.00 0.00 0
44732 0.00 0.00 0.00 0
44733 0.00 0.00 0.00 0
44734 0.00 0.00 0.00 0
44735 0.00 0.00 0.00 0
44736 0.00 0.00 0.00 0
44737 0.00 0.00 0.00 0
44738 0.00 0.00 0.00 0
46350 0.00 0.00 0.00 0
46351 0.00 0.00 0.00 0
46352 0.00 0.00 0.00 0
46406 0.00 0.00 0.00 0
46407 0.00 0.00 0.00 0
46408 0.00 0.00 0.00 0
46409 0.00 0.00 0.00 0
46410 0.00 0.00 0.00 0
46411 0.00 0.00 0.00 0
46412 0.00 0.00 0.00 0
46413 0.00 0.00 0.00 0
46414 0.00 0.00 0.00 0
46415 0.00 0.00 0.00 0
46416 0.00 0.00 0.00 0
46417 0.00 0.00 0.00 0
46418 0.00 0.00 0.00 0
46419 0.00 0.00 0.00 0
46420 0.00 0.00 0.00 0
46421 0.00 0.00 0.00 0
46422 0.00 0.00 0.00 0
46423 0.00 0.00 0.00 0
46424 0.00 0.00 0.00 0
46425 0.00 0.00 0.00 0
48279 0.00 0.00 0.00 0
48281 0.00 0.00 0.00 0
48289 0.00 0.00 0.00 0
48290 0.00 0.00 0.00 0
48291 0.00 0.00 0.00 0
48292 0.00 0.00 0.00 0
48293 0.00 0.00 0.00 0
53284 0.00 0.00 0.00 0
53285 0.00 0.00 0.00 0
53286 0.00 0.00 0.00 0
53287 0.00 0.00 0.00 0
53288 0.00 0.00 0.00 0
53289 0.00 0.00 0.00 0
53290 0.00 0.00 0.00 0
53291 0.00 0.00 0.00 0
53292 0.00 0.00 0.00 0
53293 0.00 0.00 0.00 0
53294 0.00 0.00 0.00 0
53295 0.00 0.00 0.00 0
53296 0.00 0.00 0.00 0
53297 0.00 0.00 0.00 0
53298 0.00 0.00 0.00 0
53299 0.00 0.00 0.00 0
53300 0.00 0.00 0.00 0
53301 0.00 0.00 0.00 0
53302 0.00 0.00 0.00 0
53303 0.00 0.00 0.00 0
53304 0.00 0.00 0.00 0
53305 0.00 0.00 0.00 0
53306 0.00 0.00 0.00 0
53307 0.00 0.00 0.00 0
53308 0.00 0.00 0.00 0
53309 0.00 0.00 0.00 0
53310 0.00 0.00 0.00 0
53312 0.00 0.00 0.00 0
53313 0.00 0.00 0.00 0
53314 0.00 0.00 0.00 0
53315 0.00 0.00 0.00 0
53316 0.00 0.00 0.00 0
53317 0.00 0.00 0.00 0
53318 0.00 0.00 0.00 0
53319 0.00 0.00 0.00 0
53320 0.00 0.00 0.00 0
53321 0.00 0.00 0.00 0
53322 0.00 0.00 0.00 0
53323 0.00 0.00 0.00 0
53324 0.00 0.00 0.00 0
53325 0.00 0.00 0.00 0
53326 0.00 0.00 0.00 0
53327 0.00 0.00 0.00 0
53328 0.00 0.00 0.00 0
53329 0.00 0.00 0.00 0
53330 0.00 0.00 0.00 0
53331 0.00 0.00 0.00 0
53332 0.00 0.00 0.00 0
53333 0.00 0.00 0.00 0
53334 0.00 0.00 0.00 0
53335 0.00 0.00 0.00 0
53336 0.00 0.00 0.00 0
53337 0.00 0.00 0.00 0
53338 0.00 0.00 0.00 0
53339 0.00 0.00 0.00 0
53340 0.00 0.00 0.00 0
53341 0.00 0.00 0.00 0
53342 0.00 0.00 0.00 0
53343 0.00 0.00 0.00 0
54324 0.00 0.00 0.00 0
54325 0.00 0.00 0.00 0
54326 0.00 0.00 0.00 0
54327 0.00 0.00 0.00 0
54328 0.00 0.00 0.00 0
54329 0.00 0.00 0.00 0
54330 0.00 0.00 0.00 0
54331 0.00 0.00 0.00 0
54332 0.00 0.00 0.00 0
54333 0.00 0.00 0.00 0
54337 0.00 0.00 0.00 0
54338 0.00 0.00 0.00 0
55953 0.00 0.00 0.00 0
55954 0.00 0.00 0.00 0
56009 0.00 0.00 0.00 0
56010 0.00 0.00 0.00 0
56011 0.00 0.00 0.00 0
56012 0.00 0.00 0.00 0
56013 0.00 0.00 0.00 0
56014 0.00 0.00 0.00 0
56015 0.00 0.00 0.00 0
56016 0.00 0.00 0.00 0
56017 0.00 0.00 0.00 0
56018 0.00 0.00 0.00 0
56019 0.00 0.00 0.00 0
56020 0.00 0.00 0.00 0
56021 0.00 0.00 0.00 0
56022 0.00 0.00 0.00 0
56023 0.00 0.00 0.00 0
56024 0.00 0.00 0.00 0
56025 0.00 0.00 0.00 0
56089 0.00 0.00 0.00 0
56091 0.00 0.00 0.00 0
56093 0.00 0.00 0.00 0
57879 0.00 0.00 0.00 0
57880 0.00 0.00 0.00 0
57881 0.00 0.00 0.00 0
57882 0.00 0.00 0.00 0
57883 0.00 0.00 0.00 0
57884 0.00 0.00 0.00 0
57885 0.00 0.00 0.00 0
57886 0.00 0.00 0.00 0
57887 0.00 0.00 0.00 0
57888 0.00 0.00 0.00 0
57889 0.00 0.00 0.00 0
57890 0.00 0.00 0.00 0
57891 0.00 0.00 0.00 0
57892 0.00 0.00 0.00 0
57893 0.00 0.00 0.00 0
59237 0.00 0.00 0.00 0
62733 0.00 0.00 0.00 0
62734 0.00 0.00 0.00 0
62735 0.00 0.00 0.00 0
62884 0.00 0.00 0.00 0
62885 0.00 0.00 0.00 0
62886 0.00 0.00 0.00 0
62887 0.00 0.00 0.00 0
62888 0.00 0.00 0.00 0
62889 0.00 0.00 0.00 0
62890 0.00 0.00 0.00 0
62891 0.00 0.00 0.00 0
62892 0.00 0.00 0.00 0
62893 0.00 0.00 0.00 0
62894 0.00 0.00 0.00 0
62895 0.00 0.00 0.00 0
62896 0.00 0.00 0.00 0
62897 0.00 0.00 0.00 0
62898 0.00 0.00 0.00 0
62899 0.00 0.00 0.00 0
62900 0.00 0.00 0.00 0
62901 0.00 0.00 0.00 0
62902 0.00 0.00 0.00 0
62903 0.00 0.00 0.00 0
62904 0.00 0.00 0.00 0
62905 0.00 0.00 0.00 0
62906 0.00 0.00 0.00 0
62907 0.00 0.00 0.00 0
62908 0.00 0.00 0.00 0
62909 0.00 0.00 0.00 0
62910 0.00 0.00 0.00 0
62911 0.00 0.00 0.00 0
62912 0.00 0.00 0.00 0
62913 0.00 0.00 0.00 0
62914 0.00 0.00 0.00 0
62915 0.00 0.00 0.00 0
62916 0.00 0.00 0.00 0
62917 0.00 0.00 0.00 0
62918 0.00 0.00 0.00 0
62919 0.00 0.00 0.00 0
62920 0.00 0.00 0.00 0
62921 0.00 0.00 0.00 0
62922 0.00 0.00 0.00 0
62923 0.00 0.00 0.00 0
62924 0.00 0.00 0.00 0
62925 0.00 0.00 0.00 0
62926 0.00 0.00 0.00 0
62927 0.00 0.00 0.00 0
62928 0.00 0.00 0.00 0
62929 0.00 0.00 0.00 0
62930 0.00 0.00 0.00 0
62931 0.00 0.00 0.00 0
62932 0.00 0.00 0.00 0
62933 0.00 0.00 0.00 0
62934 0.00 0.00 0.00 0
62935 0.00 0.00 0.00 0
62936 0.00 0.00 0.00 0
62937 0.00 0.00 0.00 0
62938 0.00 0.00 0.00 0
62939 0.00 0.00 0.00 0
62940 0.00 0.00 0.00 0
65059 0.00 0.00 0.00 0
65060 0.00 0.00 0.00 0
65061 0.00 0.00 0.00 0
65067 0.00 0.00 0.00 0
65068 0.00 0.00 0.00 0
65069 0.00 0.00 0.00 0
65074 0.00 0.00 0.00 0
65075 0.00 0.00 0.00 0
65076 0.00 0.00 0.00 0
65077 0.00 0.00 0.00 0
65078 0.00 0.00 0.00 0
65079 0.00 0.00 0.00 0
65080 0.00 0.00 0.00 0
65081 0.00 0.00 0.00 0
65082 0.00 0.00 0.00 0
65083 0.00 0.00 0.00 0
65084 0.00 0.00 0.00 0
65085 0.00 0.00 0.00 0
65086 0.00 0.00 0.00 0
65087 0.00 0.00 0.00 0
65088 0.00 0.00 0.00 0
65089 0.00 0.00 0.00 0
65090 0.00 0.00 0.00 0
65091 0.00 0.00 0.00 0
65092 0.00 0.00 0.00 0
65093 0.00 0.00 0.00 0
69926 0.00 0.00 0.00 0
69928 0.00 0.00 0.00 0
69929 0.00 0.00 0.00 0
69930 0.00 0.00 0.00 0
69931 0.00 0.00 0.00 0
69932 0.00 0.00 0.00 0
69938 0.00 0.00 0.00 0
69939 0.00 0.00 0.00 0
69940 0.00 0.00 0.00 0
70089 0.00 0.00 0.00 0
70091 0.00 0.00 0.00 0
70092 0.00 0.00 0.00 0
70093 0.00 0.00 0.00 0
70094 0.00 0.00 0.00 0
70095 0.00 0.00 0.00 0
70098 0.00 0.00 0.00 0
70099 0.00 0.00 0.00 0
70100 0.00 0.00 0.00 0
70101 0.00 0.00 0.00 0
70102 0.00 0.00 0.00 0
70103 0.00 0.00 0.00 0
70104 0.00 0.00 0.00 0
70105 0.00 0.00 0.00 0
70106 0.00 0.00 0.00 0
70107 0.00 0.00 0.00 0
70108 0.00 0.00 0.00 0
70109 0.00 0.00 0.00 0
70110 0.00 0.00 0.00 0
70111 0.00 0.00 0.00 0
70112 0.00 0.00 0.00 0
70113 0.00 0.00 0.00 0
70114 0.00 0.00 0.00 0
70115 0.00 0.00 0.00 0
70116 0.00 0.00 0.00 0
70117 0.00 0.00 0.00 0
70118 0.00 0.00 0.00 0
70119 0.00 0.00 0.00 0
70120 0.00 0.00 0.00 0
70121 0.00 0.00 0.00 0
70122 0.00 0.00 0.00 0
70123 0.00 0.00 0.00 0
70124 0.00 0.00 0.00 0
70125 0.00 0.00 0.00 0
70126 0.00 0.00 0.00 0
70127 0.00 0.00 0.00 0
70128 0.00 0.00 0.00 0
70129 0.00 0.00 0.00 0
70130 0.00 0.00 0.00 0
70131 0.00 0.00 0.00 0
70132 0.00 0.00 0.00 0
70133 0.00 0.00 0.00 0
70134 0.00 0.00 0.00 0
70135 0.00 0.00 0.00 0
70136 0.00 0.00 0.00 0
70137 0.00 0.00 0.00 0
70138 0.00 0.00 0.00 0
70139 0.00 0.00 0.00 0
70140 0.00 0.00 0.00 0
70141 0.00 0.00 0.00 0
70142 0.00 0.00 0.00 0
70143 0.00 0.00 0.00 0
70144 0.00 0.00 0.00 0
70145 0.00 0.00 0.00 0
70146 0.00 0.00 0.00 0
70147 0.00 0.00 0.00 0
70148 0.00 0.00 0.00 0
70149 0.00 0.00 0.00 0
70150 0.00 0.00 0.00 0
70151 0.00 0.00 0.00 0
70152 0.00 0.00 0.00 0
70153 0.00 0.00 0.00 0
75508 0.00 0.00 0.00 0
75509 0.00 0.00 0.00 0
75510 0.00 0.00 0.00 0
75532 0.00 0.00 0.00 0
75533 0.00 0.00 0.00 0
75534 0.00 0.00 0.00 0
75535 0.00 0.00 0.00 0
75537 0.00 0.00 0.00 0
75538 0.00 0.00 0.00 0
75539 0.00 0.00 0.00 0
75540 0.00 0.00 0.00 0
75547 0.00 0.00 0.00 0
75549 0.00 0.00 0.00 0
75722 0.00 0.00 0.00 0
75723 0.00 0.00 0.00 0
75724 0.00 0.00 0.00 0
75744 0.00 0.00 0.00 0
75745 0.00 0.00 0.00 0
75746 0.00 0.00 0.00 0
75747 0.00 0.00 0.00 0
75753 0.00 0.00 0.00 0
75754 0.00 0.00 0.00 0
75755 0.00 0.00 0.00 0
75756 0.00 0.00 0.00 0
75757 0.00 0.00 0.00 0
75758 0.00 0.00 0.00 0
79794 0.00 0.00 0.00 0
79796 0.00 0.00 0.00 0
79797 0.00 0.00 0.00 0
79798 0.00 0.00 0.00 0
79799 0.00 0.00 0.00 0
79800 0.00 0.00 0.00 0
79801 0.00 0.00 0.00 0
79802 0.00 0.00 0.00 0
79803 0.00 0.00 0.00 0
79804 0.00 0.00 0.00 0
79805 0.00 0.00 0.00 0
79806 0.00 0.00 0.00 0
79807 0.00 0.00 0.00 0
79808 0.00 0.00 0.00 0
89663 0.00 0.00 0.00 0
89664 0.00 0.00 0.00 0
90270 0.00 0.00 0.00 0
90271 0.00 0.00 0.00 0
90272 0.00 0.00 0.00 0
90273 0.00 0.00 0.00 0
90274 0.00 0.00 0.00 0
90275 0.00 0.00 0.00 0
90276 0.00 0.00 0.00 0
90277 0.00 0.00 0.00 0
90278 0.00 0.00 0.00 0
90279 0.00 0.00 0.00 0
90280 0.00 0.00 0.00 0
90281 0.00 0.00 0.00 0
90282 0.00 0.00 0.00 0
90283 0.00 0.00 0.00 0
90284 0.00 0.00 0.00 0
90285 0.00 0.00 0.00 0
90286 0.00 0.00 0.00 0
90287 0.00 0.00 0.00 0
90521 0.00 0.00 0.00 0
90522 0.00 0.00 0.00 0
90523 0.00 0.00 0.00 0
90524 0.00 0.00 0.00 0
90525 0.00 0.00 0.00 0
90532 0.00 0.00 0.00 0
90536 0.00 0.00 0.00 0
90537 0.00 0.00 0.00 0
90538 0.00 0.00 0.00 0
90539 0.00 0.00 0.00 0
90540 0.00 0.00 0.00 0
90732 0.00 0.00 0.00 0
90737 0.00 0.00 0.00 0
90738 0.00 0.00 0.00 0
90739 0.00 0.00 0.00 0
90740 0.00 0.00 0.00 0
90741 0.00 0.00 0.00 0
90742 0.00 0.00 0.00 0
90743 0.00 0.00 0.00 0
90744 0.00 0.00 0.00 0
90745 0.00 0.00 0.00 0
90746 0.00 0.00 0.00 0
90747 0.00 0.00 0.00 0
90748 0.00 0.00 0.00 0
90749 0.00 0.00 0.00 0
90750 0.00 0.00 0.00 0
90751 0.00 0.00 0.00 0
90752 0.00 0.00 0.00 0
90753 0.00 0.00 0.00 0
90754 0.00 0.00 0.00 0
90755 0.00 0.00 0.00 0
90756 0.00 0.00 0.00 0
90757 0.00 0.00 0.00 0
90758 0.00 0.00 0.00 0
90759 0.00 0.00 0.00 0
90760 0.00 0.00 0.00 0
90761 0.00 0.00 0.00 0
90762 0.00 0.00 0.00 0
90763 0.00 0.00 0.00 0
90764 0.00 0.00 0.00 0
90765 0.00 0.00 0.00 0
90766 0.00 0.00 0.00 0
90767 0.00 0.00 0.00 0
90768 0.00 0.00 0.00 0
90769 0.00 0.00 0.00 0
90770 0.00 0.00 0.00 0
90771 0.00 0.00 0.00 0
90772 0.00 0.00 0.00 0
90773 0.00 0.00 0.00 0
90774 0.00 0.00 0.00 0
90775 0.00 0.00 0.00 0
90776 0.00 0.00 0.00 0
90777 0.00 0.00 0.00 0
90778 0.00 0.00 0.00 0
90779 0.00 0.00 0.00 0
90780 0.00 0.00 0.00 0
90781 0.00 0.00 0.00 0
90782 0.00 0.00 0.00 0
90783 0.00 0.00 0.00 0
90784 0.00 0.00 0.00 0
90785 0.00 0.00 0.00 0
90786 0.00 0.00 0.00 0
90787 0.00 0.00 0.00 0
90788 0.00 0.00 0.00 0
90789 0.00 0.00 0.00 0
90790 0.00 0.00 0.00 0
90791 0.00 0.00 0.00 0
90792 0.00 0.00 0.00 0
90793 0.00 0.00 0.00 0
90794 0.00 0.00 0.00 0
90795 0.00 0.00 0.00 0
90796 0.00 0.00 0.00 0
90797 0.00 0.00 0.00 0
90798 0.00 0.00 0.00 0
90799 0.00 0.00 0.00 0
90800 0.00 0.00 0.00 0
90801 0.00 0.00 0.00 0
90802 0.00 0.00 0.00 0
90803 0.00 0.00 0.00 0
90804 0.00 0.00 0.00 0
90805 0.00 0.00 0.00 0
90806 0.00 0.00 0.00 0
90807 0.00 0.00 0.00 0
90808 0.00 0.00 0.00 0
90809 0.00 0.00 0.00 0
90810 0.00 0.00 0.00 0
90814 0.00 0.00 0.00 0
90815 0.00 0.00 0.00 0
90816 0.00 0.00 0.00 0
90817 0.00 0.00 0.00 0
90818 0.00 0.00 0.00 0
90819 0.00 0.00 0.00 0
90820 0.00 0.00 0.00 0
90821 0.00 0.00 0.00 0
90822 0.00 0.00 0.00 0
90823 0.00 0.00 0.00 0
90824 0.00 0.00 0.00 0
90825 0.00 0.00 0.00 0
90826 0.00 0.00 0.00 0
90827 0.00 0.00 0.00 0
90828 0.00 0.00 0.00 0
90829 0.00 0.00 0.00 0
90830 0.00 0.00 0.00 0
90831 0.00 0.00 0.00 0
90832 0.00 0.00 0.00 0
90833 0.00 0.00 0.00 0
90834 0.00 0.00 0.00 0
90835 0.00 0.00 0.00 0
90836 0.00 0.00 0.00 0
90837 0.00 0.00 0.00 0
90838 0.00 0.00 0.00 0
90839 0.00 0.00 0.00 0
90840 0.00 0.00 0.00 0
90841 0.00 0.00 0.00 0
90842 0.00 0.00 0.00 0
90843 0.00 0.00 0.00 0
90844 0.00 0.00 0.00 0
90845 0.00 0.00 0.00 0
90846 0.00 0.00 0.00 0
90847 0.00 0.00 0.00 0
90848 0.00 0.00 0.00 0
90849 0.00 0.00 0.00 0
90850 0.00 0.00 0.00 0
90851 0.00 0.00 0.00 0
90852 0.00 0.00 0.00 0
90853 0.00 0.00 0.00 0
90854 0.00 0.00 0.00 0
90855 0.00 0.00 0.00 0
90856 0.00 0.00 0.00 0
90857 0.00 0.00 0.00 0
90858 0.00 0.00 0.00 0
90859 0.00 0.00 0.00 0
90860 0.00 0.00 0.00 0
90861 0.00 0.00 0.00 0
90862 0.00 0.00 0.00 0
90863 0.00 0.00 0.00 0
90864 0.00 0.00 0.00 0
90865 0.00 0.00 0.00 0
90866 0.00 0.00 0.00 0
90867 0.00 0.00 0.00 0
90868 0.00 0.00 0.00 0
90869 0.00 0.00 0.00 0
90870 0.00 0.00 0.00 0
90871 0.00 0.00 0.00 0
90872 0.00 0.00 0.00 0
90873 0.00 0.00 0.00 0
90874 0.00 0.00 0.00 0
90875 0.00 0.00 0.00 0
90876 0.00 0.00 0.00 0
90877 0.00 0.00 0.00 0
90878 0.00 0.00 0.00 0
90879 0.00 0.00 0.00 0
90880 0.00 0.00 0.00 0
90881 0.00 0.00 0.00 0
90882 0.00 0.00 0.00 0
90883 0.00 0.00 0.00 0
90884 0.00 0.00 0.00 0
90885 0.00 0.00 0.00 0
90886 0.00 0.00 0.00 0
90887 0.00 0.00 0.00 0
90888 0.00 0.00 0.00 0
90889 0.00 0.00 0.00 0
90890 0.00 0.00 0.00 0
90891 0.00 0.00 0.00 0
90892 0.00 0.00 0.00 0
90893 0.00 0.00 0.00 0
90895 0.00 0.00 0.00 0
90901 0.00 0.00 0.00 0
90902 0.00 0.00 0.00 0
90903 0.00 0.00 0.00 0
90904 0.00 0.00 0.00 0
90905 0.00 0.00 0.00 0
90906 0.00 0.00 0.00 0
90907 0.00 0.00 0.00 0
90908 0.00 0.00 0.00 0
90910 0.00 0.00 0.00 0
90915 0.00 0.00 0.00 0
92499 0.00 0.00 0.00 0
92500 0.00 0.00 0.00 0
92501 0.00 0.00 0.00 0
92502 0.00 0.00 0.00 0
92503 0.00 0.00 0.00 0
93473 0.00 0.00 0.00 0
93474 0.00 0.00 0.00 0
93476 0.00 0.00 0.00 0
93477 0.00 0.00 0.00 0
93478 0.00 0.00 0.00 0
93511 0.00 0.00 0.00 0
93512 0.00 0.00 0.00 0
93513 0.00 0.00 0.00 0
93514 0.00 0.00 0.00 0
93515 0.00 0.00 0.00 0
93516 0.00 0.00 0.00 0
93517 0.00 0.00 0.00 0
93518 0.00 0.00 0.00 0
93519 0.00 0.00 0.00 0
93552 0.00 0.00 0.00 0
93553 0.00 0.00 0.00 0
93554 0.00 0.00 0.00 0
93558 0.00 0.00 0.00 0
93559 0.00 0.00 0.00 0
93560 0.00 0.00 0.00 0
94632 0.00 0.00 0.00 0
94633 0.00 0.00 0.00 0
94634 0.00 0.00 0.00 0
94635 0.00 0.00 0.00 0
94636 0.00 0.00 0.00 0
94637 0.00 0.00 0.00 0
94638 0.00 0.00 0.00 0
94639 0.00 0.00 0.00 0
94640 0.00 0.00 0.00 0
97545 0.00 0.00 0.00 0
97636 0.00 0.00 0.00 0
97637 0.00 0.00 0.00 0
97638 0.00 0.00 0.00 0
97639 0.00 0.00 0.00 0
97640 0.00 0.00 0.00 0
97641 0.00 0.00 0.00 0
97642 0.00 0.00 0.00 0
97643 0.00 0.00 0.00 0
97644 0.00 0.00 0.00 0
97645 0.00 0.00 0.00 0
97646 0.00 0.00 0.00 0
97647 0.00 0.00 0.00 0
97648 0.00 0.00 0.00 0
97649 0.00 0.00 0.00 0
97650 0.00 0.00 0.00 0
97651 0.00 0.00 0.00 0
97652 0.00 0.00 0.00 0
97653 0.00 0.00 0.00 0
97654 0.00 0.00 0.00 0
97655 0.00 0.00 0.00 0
97656 0.00 0.00 0.00 0
97657 0.00 0.00 0.00 0
97658 0.00 0.00 0.00 0
97659 0.00 0.00 0.00 0
97660 0.00 0.00 0.00 0
97661 0.00 0.00 0.00 0
97662 0.00 0.00 0.00 0
97663 0.00 0.00 0.00 0
97664 0.00 0.00 0.00 0
97665 0.00 0.00 0.00 0
97666 0.00 0.00 0.00 0
97667 0.00 0.00 0.00 0
97668 0.00 0.00 0.00 0
98939 0.00 0.00 0.00 0
98940 0.00 0.00 0.00 0
98941 0.00 0.00 0.00 0
98942 0.00 0.00 0.00 0
98943 0.00 0.00 0.00 0
98944 0.00 0.00 0.00 0
98945 0.00 0.00 0.00 0
98946 0.00 0.00 0.00 0
98947 0.00 0.00 0.00 0
98948 0.00 0.00 0.00 0
98949 0.00 0.00 0.00 0
98950 0.00 0.00 0.00 0
98951 0.00 0.00 0.00 0
98952 0.00 0.00 0.00 0
98953 0.00 0.00 0.00 0
98954 0.00 0.00 0.00 0
98955 0.00 0.00 0.00 0
98956 0.00 0.00 0.00 0
98957 0.00 0.00 0.00 0
98958 0.00 0.00 0.00 0
98959 0.00 0.00 0.00 0
98960 0.00 0.00 0.00 0
101862 0.00 0.00 0.00 0
101863 0.00 0.00 0.00 0
101864 0.00 0.00 0.00 0
101865 0.00 0.00 0.00 0
101961 0.00 0.00 0.00 0
101962 0.00 0.00 0.00 0
101963 0.00 0.00 0.00 0
101964 0.00 0.00 0.00 0
101965 0.00 0.00 0.00 0
101966 0.00 0.00 0.00 0
101967 0.00 0.00 0.00 0
101968 0.00 0.00 0.00 0
101969 0.00 0.00 0.00 0
101970 0.00 0.00 0.00 0
101971 0.00 0.00 0.00 0
101972 0.00 0.00 0.00 0
101973 0.00 0.00 0.00 0
101974 0.00 0.00 0.00 0
101975 0.00 0.00 0.00 0
101976 0.00 0.00 0.00 0
101977 0.00 0.00 0.00 0
101978 0.00 0.00 0.00 0
101979 0.00 0.00 0.00 0
101980 0.00 0.00 0.00 0
101981 0.00 0.00 0.00 0
101982 0.00 0.00 0.00 0
101983 0.00 0.00 0.00 0
101984 0.00 0.00 0.00 0
101985 0.00 0.00 0.00 0
101986 0.00 0.00 0.00 0
101987 0.00 0.00 0.00 0
101988 0.00 0.00 0.00 0
101989 0.00 0.00 0.00 0
101990 0.00 0.00 0.00 0
101991 0.00 0.00 0.00 0
101992 0.00 0.00 0.00 0
101993 0.00 0.00 0.00 0
101994 0.00 0.00 0.00 0
101995 0.00 0.00 0.00 0
101996 0.00 0.00 0.00 0
101997 0.00 0.00 0.00 0
105338 0.00 0.00 0.00 0
105339 0.00 0.00 0.00 0
105351 0.00 0.00 0.00 0
105352 0.00 0.00 0.00 0
105353 0.00 0.00 0.00 0
105354 0.00 0.00 0.00 0
105355 0.00 0.00 0.00 0
105356 0.00 0.00 0.00 0
105357 0.00 0.00 0.00 0
105358 0.00 0.00 0.00 0
105359 0.00 0.00 0.00 0
107781 0.00 0.00 0.00 0
107782 0.00 0.00 0.00 0
107783 0.00 0.00 0.00 0
107784 0.00 0.00 0.00 0
107785 0.00 0.00 0.00 0
107786 0.00 0.00 0.00 0
107787 0.00 0.00 0.00 0
107788 0.00 0.00 0.00 0
114067 0.00 0.00 0.00 0
114068 0.00 0.00 0.00 0
114069 0.00 0.00 0.00 0
114070 0.00 0.00 0.00 0
114071 0.00 0.00 0.00 0
114072 0.00 0.00 0.00 0
114228 0.00 0.00 0.00 0
114342 0.00 0.00 0.00 0
114343 0.00 0.00 0.00 0
114344 0.00 0.00 0.00 0
114345 0.00 0.00 0.00 0
114346 0.00 0.00 0.00 0
114347 0.00 0.00 0.00 0
114348 0.00 0.00 0.00 0
114349 0.00 0.00 0.00 0
114350 0.00 0.00 0.00 0
114351 0.00 0.00 0.00 0
114352 0.00 0.00 0.00 0
114353 0.00 0.00 0.00 0
114354 0.00 0.00 0.00 0
114355 0.00 0.00 0.00 0
114356 0.00 0.00 0.00 0
114357 0.00 0.00 0.00 0
114358 0.00 0.00 0.00 0
114359 0.00 0.00 0.00 0
114360 0.00 0.00 0.00 0
114361 0.00 0.00 0.00 0
114362 0.00 0.00 0.00 0
114363 0.00 0.00 0.00 0
114364 0.00 0.00 0.00 0
114365 0.00 0.00 0.00 0
114366 0.00 0.00 0.00 0
114367 0.00 0.00 0.00 0
114368 0.00 0.00 0.00 0
114369 0.00 0.00 0.00 0
114370 0.00 0.00 0.00 0
114371 0.00 0.00 0.00 0
114372 0.00 0.00 0.00 0
114373 0.00 0.00 0.00 0
114374 0.00 0.00 0.00 0
114375 0.00 0.00 0.00 0
114376 0.00 0.00 0.00 0
114377 0.00 0.00 0.00 0
114378 0.00 0.00 0.00 0
114379 0.00 0.00 0.00 0
114380 0.00 0.00 0.00 0
114381 0.00 0.00 0.00 0
114382 0.00 0.00 0.00 0
114383 0.00 0.00 0.00 0
114384 0.00 0.00 0.00 0
114385 0.00 0.00 0.00 0
114386 0.00 0.00 0.00 0
114387 0.00 0.00 0.00 0
114388 0.00 0.00 0.00 0
114389 0.00 0.00 0.00 0
114390 0.00 0.00 0.00 0
114393 0.00 0.00 0.00 0
114394 0.00 0.00 0.00 0
114395 0.00 0.00 0.00 0
114396 0.00 0.00 0.00 0
114397 0.00 0.00 0.00 0
114398 0.00 0.00 0.00 0
114399 0.00 0.00 0.00 0
114400 0.00 0.00 0.00 0
114401 0.00 0.00 0.00 0
114402 0.00 0.00 0.00 0
114403 0.00 0.00 0.00 0
114404 0.00 0.00 0.00 0
114405 0.00 0.00 0.00 0
114406 0.00 0.00 0.00 0
114407 0.00 0.00 0.00 0
114408 0.00 0.00 0.00 0
114409 0.00 0.00 0.00 0
114410 0.00 0.00 0.00 0
114411 0.00 0.00 0.00 0
114412 0.00 0.00 0.00 0
114413 0.00 0.00 0.00 0
114414 0.00 0.00 0.00 0
114415 0.00 0.00 0.00 0
114416 0.00 0.00 0.00 0
114417 0.00 0.00 0.00 0
114418 0.00 0.00 0.00 0
114419 0.00 0.00 0.00 0
114420 0.00 0.00 0.00 0
114421 0.00 0.00 0.00 0
114422 0.00 0.00 0.00 0
114423 0.00 0.00 0.00 0
114424 0.00 0.00 0.00 0
114425 0.00 0.00 0.00 0
114426 0.00 0.00 0.00 0
114427 0.00 0.00 0.00 0
114428 0.00 0.00 0.00 0
114429 0.00 0.00 0.00 0
114430 0.00 0.00 0.00 0
114431 0.00 0.00 0.00 0
114432 0.00 0.00 0.00 0
114433 0.00 0.00 0.00 0
114434 0.00 0.00 0.00 0
114435 0.00 0.00 0.00 0
114436 0.00 0.00 0.00 0
114437 0.00 0.00 0.00 0
114438 0.00 0.00 0.00 0
114439 0.00 0.00 0.00 0
114440 0.00 0.00 0.00 0
114441 0.00 0.00 0.00 0
114442 0.00 0.00 0.00 0
114445 0.00 0.00 0.00 0
114446 0.00 0.00 0.00 0
114447 0.00 0.00 0.00 0
114448 0.00 0.00 0.00 0
114449 0.00 0.00 0.00 0
115994 0.00 0.00 0.00 0
115995 0.00 0.00 0.00 0
115997 0.00 0.00 0.00 0
115998 0.00 0.00 0.00 0
115999 0.00 0.00 0.00 0
116000 0.00 0.00 0.00 0
116001 0.00 0.00 0.00 0
116002 0.00 0.00 0.00 0
116003 0.00 0.00 0.00 0
116005 0.00 0.00 0.00 0
116006 0.00 0.00 0.00 0
116007 0.00 0.00 0.00 0
116008 0.00 0.00 0.00 0
116009 0.00 0.00 0.00 0
118266 0.00 0.00 0.00 0
118267 0.00 0.00 0.00 0
118268 0.00 0.00 0.00 0
118269 0.00 0.00 0.00 0
118270 0.00 0.00 0.00 0
118271 0.00 0.00 0.00 0
118272 0.00 0.00 0.00 0
118273 0.00 0.00 0.00 0
118348 0.00 0.00 0.00 0
118349 0.00 0.00 0.00 0
118350 0.00 0.00 0.00 0
118351 0.00 0.00 0.00 0
118352 0.00 0.00 0.00 0
118353 0.00 0.00 0.00 0
118354 0.00 0.00 0.00 0
118355 0.00 0.00 0.00 0
118356 0.00 0.00 0.00 0
118357 0.00 0.00 0.00 0
118358 0.00 0.00 0.00 0
118359 0.00 0.00 0.00 0
118360 0.00 0.00 0.00 0
118361 0.00 0.00 0.00 0
118362 0.00 0.00 0.00 0
118363 0.00 0.00 0.00 0
118364 0.00 0.00 0.00 0
118365 0.00 0.00 0.00 0
118366 0.00 0.00 0.00 0
118367 0.00 0.00 0.00 0
118368 0.00 0.00 0.00 0
118369 0.00 0.00 0.00 0
118370 0.00 0.00 0.00 0
118371 0.00 0.00 0.00 0
120966 0.00 0.00 0.00 0
120967 0.00 0.00 0.00 0
120968 0.00 0.00 0.00 0
120969 0.00 0.00 0.00 0
120970 0.00 0.00 0.00 0
120971 0.00 0.00 0.00 0
120972 0.00 0.00 0.00 0
120973 0.00 0.00 0.00 0
120974 0.00 0.00 0.00 0
120975 0.00 0.00 0.00 0
120976 0.00 0.00 0.00 0
120978 0.00 0.00 0.00 0
120979 0.00 0.00 0.00 0
120980 0.00 0.00 0.00 0
120981 0.00 0.00 0.00 0
120982 0.00 0.00 0.00 0
120983 0.00 0.00 0.00 0
120984 0.00 0.00 0.00 0
120985 0.00 0.00 0.00 0
120986 0.00 0.00 0.00 0
122869 0.00 0.00 0.00 0
122870 0.00 0.00 0.00 0
122872 0.00 0.00 0.00 0
122873 0.00 0.00 0.00 0
127761 0.00 0.00 0.00 0
127762 0.00 0.00 0.00 0
127763 0.00 0.00 0.00 0
127764 0.00 0.00 0.00 0
127765 0.00 0.00 0.00 0
127766 0.00 0.00 0.00 0
127975 0.00 0.00 0.00 0
127976 0.00 0.00 0.00 0
127977 0.00 0.00 0.00 0
127978 0.00 0.00 0.00 0
127979 0.00 0.00 0.00 0
127980 0.00 0.00 0.00 0
127981 0.00 0.00 0.00 0
127982 0.00 0.00 0.00 0
127983 0.00 0.00 0.00 0
127984 0.00 0.00 0.00 0
127985 0.00 0.00 0.00 0
127986 0.00 0.00 0.00 0
127987 0.00 0.00 0.00 0
127988 0.00 0.00 0.00 0
127989 0.00 0.00 0.00 0
127990 0.00 0.00 0.00 0
127991 0.00 0.00 0.00 0
127992 0.00 0.00 0.00 0
127993 0.00 0.00 0.00 0
127994 0.00 0.00 0.00 0
127995 0.00 0.00 0.00 0
127996 0.00 0.00 0.00 0
127997 0.00 0.00 0.00 0
127998 0.00 0.00 0.00 0
127999 0.00 0.00 0.00 0
128000 0.00 0.00 0.00 0
128001 0.00 0.00 0.00 0
128002 0.00 0.00 0.00 0
128003 0.00 0.00 0.00 0
128004 0.00 0.00 0.00 0
128005 0.00 0.00 0.00 0
128006 0.00 0.00 0.00 0
128007 0.00 0.00 0.00 0
128008 0.00 0.00 0.00 0
128009 0.00 0.00 0.00 0
128010 0.00 0.00 0.00 0
128011 0.00 0.00 0.00 0
128012 0.00 0.00 0.00 0
128013 0.00 0.00 0.00 0
128014 0.00 0.00 0.00 0
128015 0.00 0.00 0.00 0
128016 0.00 0.00 0.00 0
128017 0.00 0.00 0.00 0
128018 0.00 0.00 0.00 0
128019 0.00 0.00 0.00 0
128020 0.00 0.00 0.00 0
128021 0.00 0.00 0.00 0
128022 0.00 0.00 0.00 0
128023 0.00 0.00 0.00 0
128024 0.00 0.00 0.00 0
128025 0.00 0.00 0.00 0
128026 0.00 0.00 0.00 0
128027 0.00 0.00 0.00 0
128028 0.00 0.00 0.00 0
128029 0.00 0.00 0.00 0
128030 0.00 0.00 0.00 0
128031 0.00 0.00 0.00 0
128032 0.00 0.00 0.00 0
128033 0.00 0.00 0.00 0
128034 0.00 0.00 0.00 0
128035 0.00 0.00 0.00 0
128036 0.00 0.00 0.00 0
128037 0.00 0.00 0.00 0
128038 0.00 0.00 0.00 0
128039 0.00 0.00 0.00 0
128040 0.00 0.00 0.00 0
128041 0.00 0.00 0.00 0
128042 0.00 0.00 0.00 0
128043 0.00 0.00 0.00 0
128044 0.00 0.00 0.00 0
128045 0.00 0.00 0.00 0
128046 0.00 0.00 0.00 0
128047 0.00 0.00 0.00 0
128048 0.00 0.00 0.00 0
128049 0.00 0.00 0.00 0
128050 0.00 0.00 0.00 0
128051 0.00 0.00 0.00 0
128052 0.00 0.00 0.00 0
128053 0.00 0.00 0.00 0
128054 0.00 0.00 0.00 0
128055 0.00 0.00 0.00 0
130793 0.00 0.00 0.00 0
130794 0.00 0.00 0.00 0
130812 0.00 0.00 0.00 0
130815 0.00 0.00 0.00 0
130816 0.00 0.00 0.00 0
130817 0.00 0.00 0.00 0
130818 0.00 0.00 0.00 0
130819 0.00 0.00 0.00 0
130820 0.00 0.00 0.00 0
130821 0.00 0.00 0.00 0
130822 0.00 0.00 0.00 0
130823 0.00 0.00 0.00 0
130824 0.00 0.00 0.00 0
130825 0.00 0.00 0.00 0
130826 0.00 0.00 0.00 0
130827 0.00 0.00 0.00 0
130828 0.00 0.00 0.00 0
130829 0.00 0.00 0.00 0
130830 0.00 0.00 0.00 0
130831 0.00 0.00 0.00 0
130832 0.00 0.00 0.00 0
130833 0.00 0.00 0.00 0
130834 0.00 0.00 0.00 0
130835 0.00 0.00 0.00 0
136964 0.00 0.00 0.00 0
136973 0.00 0.00 0.00 0
136974 0.00 0.00 0.00 0
137163 0.00 0.00 0.00 0
137164 0.00 0.00 0.00 0
137165 0.00 0.00 0.00 0
137166 0.00 0.00 0.00 0
137167 0.00 0.00 0.00 0
137168 0.00 0.00 0.00 0
137169 0.00 0.00 0.00 0
137170 0.00 0.00 0.00 0
137171 0.00 0.00 0.00 0
137172 0.00 0.00 0.00 0
137174 0.00 0.00 0.00 0
137175 0.00 0.00 0.00 0
137176 0.00 0.00 0.00 0
137177 0.00 0.00 0.00 0
137178 0.00 0.00 0.00 0
137179 0.00 0.00 0.00 0
137180 0.00 0.00 0.00 0
137181 0.00 0.00 0.00 0
137182 0.00 0.00 0.00 0
137183 0.00 0.00 0.00 0
137184 0.00 0.00 0.00 0
137185 0.00 0.00 0.00 0
137186 0.00 0.00 0.00 0
137187 0.00 0.00 0.00 0
137188 0.00 0.00 0.00 0
137189 0.00 0.00 0.00 0
137190 0.00 0.00 0.00 0
137191 0.00 0.00 0.00 0
137192 0.00 0.00 0.00 0
137193 0.00 0.00 0.00 0
137194 0.00 0.00 0.00 0
137195 0.00 0.00 0.00 0
137196 0.00 0.00 0.00 0
137197 0.00 0.00 0.00 0
137198 0.00 0.00 0.00 0
137199 0.00 0.00 0.00 0
137200 0.00 0.00 0.00 0
137201 0.00 0.00 0.00 0
137202 0.00 0.00 0.00 0
137203 0.00 0.00 0.00 0
137204 0.00 0.00 0.00 0
137205 0.00 0.00 0.00 0
137206 0.00 0.00 0.00 0
137207 0.00 0.00 0.00 0
137208 0.00 0.00 0.00 0
137209 0.00 0.00 0.00 0
137210 0.00 0.00 0.00 0
137211 0.00 0.00 0.00 0
137212 0.00 0.00 0.00 0
137213 0.00 0.00 0.00 0
137214 0.00 0.00 0.00 0
137215 0.00 0.00 0.00 0
137216 0.00 0.00 0.00 0
137217 0.00 0.00 0.00 0
137218 0.00 0.00 0.00 0
137219 0.00 0.00 0.00 0
137220 0.00 0.00 0.00 0
137221 0.00 0.00 0.00 0
137222 0.00 0.00 0.00 0
137223 0.00 0.00 0.00 0
137224 0.00 0.00 0.00 0
137225 0.00 0.00 0.00 0
137226 0.00 0.00 0.00 0
137227 0.00 0.00 0.00 0
137228 0.00 0.00 0.00 0
137229 0.00 0.00 0.00 0
137230 0.00 0.00 0.00 0
137231 0.00 0.00 0.00 0
137232 0.00 0.00 0.00 0
137233 0.00 0.00 0.00 0
137234 0.00 0.00 0.00 0
137235 0.00 0.00 0.00 0
137236 0.00 0.00 0.00 0
137237 0.00 0.00 0.00 0
137238 0.00 0.00 0.00 0
137239 0.00 0.00 0.00 0
137240 0.00 0.00 0.00 0
137242 0.00 0.00 0.00 0
137243 0.00 0.00 0.00 0
143805 0.00 0.00 0.00 0
143808 0.00 0.00 0.00 0
143809 0.00 0.00 0.00 0
143810 0.00 0.00 0.00 0
143811 0.00 0.00 0.00 0
143836 0.00 0.00 0.00 0
143837 0.00 0.00 0.00 0
143838 0.00 0.00 0.00 0
143839 0.00 0.00 0.00 0
143840 0.00 0.00 0.00 0
143841 0.00 0.00 0.00 0
143842 0.00 0.00 0.00 0
143843 0.00 0.00 0.00 0
143844 0.00 0.00 0.00 0
143845 0.00 0.00 0.00 0
143846 0.00 0.00 0.00 0
143847 0.00 0.00 0.00 0
143854 0.00 0.00 0.00 0
143855 0.00 0.00 0.00 0
143856 0.00 0.00 0.00 0
143857 0.00 0.00 0.00 0
143858 0.00 0.00 0.00 0
143859 0.00 0.00 0.00 0
144069 0.00 0.00 0.00 0
144099 0.00 0.00 0.00 0
144107 0.00 0.00 0.00 0
144108 0.00 0.00 0.00 0
144109 0.00 0.00 0.00 0
144110 0.00 0.00 0.00 0
144111 0.00 0.00 0.00 0
144112 0.00 0.00 0.00 0
144113 0.00 0.00 0.00 0
148992 0.00 0.00 0.00 0
148998 0.00 0.00 0.00 0
148999 0.00 0.00 0.00 0
149000 0.00 0.00 0.00 0
149001 0.00 0.00 0.00 0
149002 0.00 0.00 0.00 0
149003 0.00 0.00 0.00 0
149004 0.00 0.00 0.00 0
149005 0.00 0.00 0.00 0
149006 0.00 0.00 0.00 0
160845 0.00 0.00 0.00 0
160846 0.00 0.00 0.00 0
160847 0.00 0.00 0.00 0
161574 0.00 0.00 0.00 0
161575 0.00 0.00 0.00 0
161576 0.00 0.00 0.00 0
161577 0.00 0.00 0.00 0
161578 0.00 0.00 0.00 0
161579 0.00 0.00 0.00 0
161580 0.00 0.00 0.00 0
161581 0.00 0.00 0.00 0
161582 0.00 0.00 0.00 0
161583 0.00 0.00 0.00 0
161584 0.00 0.00 0.00 0
161585 0.00 0.00 0.00 0
161586 0.00 0.00 0.00 0
161587 0.00 0.00 0.00 0
161588 0.00 0.00 0.00 0
161589 0.00 0.00 0.00 0
161590 0.00 0.00 0.00 0
161591 0.00 0.00 0.00 0
161592 0.00 0.00 0.00 0
161593 0.00 0.00 0.00 0
161594 0.00 0.00 0.00 0
161595 0.00 0.00 0.00 0
161876 0.00 0.00 0.00 0
161886 0.00 0.00 0.00 0
161887 0.00 0.00 0.00 0
161888 0.00 0.00 0.00 0
161896 0.00 0.00 0.00 0
161897 0.00 0.00 0.00 0
161898 0.00 0.00 0.00 0
162134 0.00 0.00 0.00 0
162135 0.00 0.00 0.00 0
162136 0.00 0.00 0.00 0
162137 0.00 0.00 0.00 0
162138 0.00 0.00 0.00 0
162139 0.00 0.00 0.00 0
162140 0.00 0.00 0.00 0
162141 0.00 0.00 0.00 0
162142 0.00 0.00 0.00 0
162143 0.00 0.00 0.00 0
162144 0.00 0.00 0.00 0
162145 0.00 0.00 0.00 0
162146 0.00 0.00 0.00 0
162147 0.00 0.00 0.00 0
162148 0.00 0.00 0.00 0
162149 0.00 0.00 0.00 0
162150 0.00 0.00 0.00 0
162151 0.00 0.00 0.00 0
162152 0.00 0.00 0.00 0
162153 0.00 0.00 0.00 0
162154 0.00 0.00 0.00 0
162155 0.00 0.00 0.00 0
162156 0.00 0.00 0.00 0
162157 0.00 0.00 0.00 0
162158 0.00 0.00 0.00 0
162159 0.00 0.00 0.00 0
162160 0.00 0.00 0.00 0
162161 0.00 0.00 0.00 0
162162 0.00 0.00 0.00 0
162163 0.00 0.00 0.00 0
162164 0.00 0.00 0.00 0
162165 0.00 0.00 0.00 0
162166 0.00 0.00 0.00 0
162167 0.00 0.00 0.00 0
162168 0.00 0.00 0.00 0
162169 0.00 0.00 0.00 0
162170 0.00 0.00 0.00 0
162171 0.00 0.00 0.00 0
162172 0.00 0.00 0.00 0
162173 0.00 0.00 0.00 0
162174 0.00 0.00 0.00 0
162175 0.00 0.00 0.00 0
162176 0.00 0.00 0.00 0
162177 0.00 0.00 0.00 0
162178 0.00 0.00 0.00 0
162179 0.00 0.00 0.00 0
162180 0.00 0.00 0.00 0
162181 0.00 0.00 0.00 0
162182 0.00 0.00 0.00 0
162183 0.00 0.00 0.00 0
162184 0.00 0.00 0.00 0
162185 0.00 0.00 0.00 0
162186 0.00 0.00 0.00 0
162187 0.00 0.00 0.00 0
162188 0.00 0.00 0.00 0
162189 0.00 0.00 0.00 0
162190 0.00 0.00 0.00 0
162191 0.00 0.00 0.00 0
162192 0.00 0.00 0.00 0
162193 0.00 0.00 0.00 0
162194 0.00 0.00 0.00 0
162195 0.00 0.00 0.00 0
162196 0.00 0.00 0.00 0
162197 0.00 0.00 0.00 0
162198 0.00 0.00 0.00 0
162199 0.00 0.00 0.00 0
162200 0.00 0.00 0.00 0
162201 0.00 0.00 0.00 0
162202 0.00 0.00 0.00 0
162203 0.00 0.00 0.00 0
162204 0.00 0.00 0.00 0
162205 0.00 0.00 0.00 0
162206 0.00 0.00 0.00 0
162207 0.00 0.00 0.00 0
162208 0.00 0.00 0.00 0
162209 0.00 0.00 0.00 0
162210 0.00 0.00 0.00 0
162211 0.00 0.00 0.00 0
162212 0.00 0.00 0.00 0
162213 0.00 0.00 0.00 0
162214 0.00 0.00 0.00 0
162215 0.00 0.00 0.00 0
162216 0.00 0.00 0.00 0
162217 0.00 0.00 0.00 0
162218 0.00 0.00 0.00 0
162219 0.00 0.00 0.00 0
162220 0.00 0.00 0.00 0
162221 0.00 0.00 0.00 0
162222 0.00 0.00 0.00 0
162226 0.00 0.00 0.00 0
162227 0.00 0.00 0.00 0
162228 0.00 0.00 0.00 0
162229 0.00 0.00 0.00 0
162230 0.00 0.00 0.00 0
162231 0.00 0.00 0.00 0
162232 0.00 0.00 0.00 0
162233 0.00 0.00 0.00 0
162234 0.00 0.00 0.00 0
162235 0.00 0.00 0.00 0
162236 0.00 0.00 0.00 0
162237 0.00 0.00 0.00 0
162238 0.00 0.00 0.00 0
162239 0.00 0.00 0.00 0
162240 0.00 0.00 0.00 0
162241 0.00 0.00 0.00 0
162242 0.00 0.00 0.00 0
162243 0.00 0.00 0.00 0
162244 0.00 0.00 0.00 0
162245 0.00 0.00 0.00 0
162246 0.00 0.00 0.00 0
162247 0.00 0.00 0.00 0
162248 0.00 0.00 0.00 0
162249 0.00 0.00 0.00 0
162250 0.00 0.00 0.00 0
162251 0.00 0.00 0.00 0
162252 0.00 0.00 0.00 0
162253 0.00 0.00 0.00 0
162254 0.00 0.00 0.00 0
162255 0.00 0.00 0.00 0
162256 0.00 0.00 0.00 0
162257 0.00 0.00 0.00 0
162258 0.00 0.00 0.00 0
162259 0.00 0.00 0.00 0
162260 0.00 0.00 0.00 0
162261 0.00 0.00 0.00 0
162262 0.00 0.00 0.00 0
162263 0.00 0.00 0.00 0
162264 0.00 0.00 0.00 0
162265 0.00 0.00 0.00 0
162266 0.00 0.00 0.00 0
162267 0.00 0.00 0.00 0
162268 0.00 0.00 0.00 0
162269 0.00 0.00 0.00 0
162270 0.00 0.00 0.00 0
162271 0.00 0.00 0.00 0
162272 0.00 0.00 0.00 0
162273 0.00 0.00 0.00 0
162274 0.00 0.00 0.00 0
162275 0.00 0.00 0.00 0
162276 0.00 0.00 0.00 0
162277 0.00 0.00 0.00 0
162278 0.00 0.00 0.00 0
162279 0.00 0.00 0.00 0
162280 0.00 0.00 0.00 0
162281 0.00 0.00 0.00 0
162282 0.00 0.00 0.00 0
162283 0.00 0.00 0.00 0
162284 0.00 0.00 0.00 0
162285 0.00 0.00 0.00 0
162286 0.00 0.00 0.00 0
162287 0.00 0.00 0.00 0
162288 0.00 0.00 0.00 0
162289 0.00 0.00 0.00 0
162290 0.00 0.00 0.00 0
162291 0.00 0.00 0.00 0
162292 0.00 0.00 0.00 0
162293 0.00 0.00 0.00 0
162294 0.00 0.00 0.00 0
162295 0.00 0.00 0.00 0
162296 0.00 0.00 0.00 0
162297 0.00 0.00 0.00 0
162298 0.00 0.00 0.00 0
162299 0.00 0.00 0.00 0
162300 0.00 0.00 0.00 0
162301 0.00 0.00 0.00 0
162302 0.00 0.00 0.00 0
162303 0.00 0.00 0.00 0
162304 0.00 0.00 0.00 0
162305 0.00 0.00 0.00 0
162306 0.00 0.00 0.00 0
162307 0.00 0.00 0.00 0
162308 0.00 0.00 0.00 0
162309 0.00 0.00 0.00 0
162310 0.00 0.00 0.00 0
162311 0.00 0.00 0.00 0
162313 0.00 0.00 0.00 0
162314 0.00 0.00 0.00 0
162315 0.00 0.00 0.00 0
162316 0.00 0.00 0.00 0
162317 0.00 0.00 0.00 0
162318 0.00 0.00 0.00 0
162319 0.00 0.00 0.00 0
162320 0.00 0.00 0.00 0
162331 0.00 0.00 0.00 0
162332 0.00 0.00 0.00 0
162333 0.00 0.00 0.00 0
162334 0.00 0.00 0.00 0
162335 0.00 0.00 0.00 0
162336 0.00 0.00 0.00 0
162337 0.00 0.00 0.00 0
162338 0.00 0.00 0.00 0
162339 0.00 0.00 0.00 0
162340 0.00 0.00 0.00 0
162341 0.00 0.00 0.00 0
162342 0.00 0.00 0.00 0
162344 0.00 0.00 0.00 0
162345 0.00 0.00 0.00 0
162346 0.00 0.00 0.00 0
162347 0.00 0.00 0.00 0
162348 0.00 0.00 0.00 0
