# G_oc-temp_med-Parahip
2050
85 0.00 0.00 0.00 0
149 0.00 0.00 0.00 0
152 0.00 0.00 0.00 0
205 0.00 0.00 0.00 0
335 0.00 0.00 0.00 0
336 0.00 0.00 0.00 0
337 0.00 0.00 0.00 0
609 0.00 0.00 0.00 0
612 0.00 0.00 0.00 0
816 0.00 0.00 0.00 0
817 0.00 0.00 0.00 0
1363 0.00 0.00 0.00 0
1364 0.00 0.00 0.00 0
1365 0.00 0.00 0.00 0
1366 0.00 0.00 0.00 0
1367 0.00 0.00 0.00 0
1368 0.00 0.00 0.00 0
1369 0.00 0.00 0.00 0
1521 0.00 0.00 0.00 0
1755 0.00 0.00 0.00 0
1756 0.00 0.00 0.00 0
1757 0.00 0.00 0.00 0
1758 0.00 0.00 0.00 0
1759 0.00 0.00 0.00 0
2442 0.00 0.00 0.00 0
2443 0.00 0.00 0.00 0
2444 0.00 0.00 0.00 0
2445 0.00 0.00 0.00 0
2460 0.00 0.00 0.00 0
2461 0.00 0.00 0.00 0
2462 0.00 0.00 0.00 0
2471 0.00 0.00 0.00 0
2476 0.00 0.00 0.00 0
2736 0.00 0.00 0.00 0
3281 0.00 0.00 0.00 0
3283 0.00 0.00 0.00 0
3284 0.00 0.00 0.00 0
3285 0.00 0.00 0.00 0
3286 0.00 0.00 0.00 0
3287 0.00 0.00 0.00 0
3288 0.00 0.00 0.00 0
3289 0.00 0.00 0.00 0
3290 0.00 0.00 0.00 0
3495 0.00 0.00 0.00 0
3885 0.00 0.00 0.00 0
3886 0.00 0.00 0.00 0
3887 0.00 0.00 0.00 0
3888 0.00 0.00 0.00 0
3889 0.00 0.00 0.00 0
3890 0.00 0.00 0.00 0
3891 0.00 0.00 0.00 0
3892 0.00 0.00 0.00 0
5465 0.00 0.00 0.00 0
5466 0.00 0.00 0.00 0
5467 0.00 0.00 0.00 0
5468 0.00 0.00 0.00 0
5506 0.00 0.00 0.00 0
5509 0.00 0.00 0.00 0
5510 0.00 0.00 0.00 0
5511 0.00 0.00 0.00 0
5512 0.00 0.00 0.00 0
5531 0.00 0.00 0.00 0
5532 0.00 0.00 0.00 0
5533 0.00 0.00 0.00 0
5534 0.00 0.00 0.00 0
5535 0.00 0.00 0.00 0
5543 0.00 0.00 0.00 0
5544 0.00 0.00 0.00 0
5545 0.00 0.00 0.00 0
5547 0.00 0.00 0.00 0
6075 0.00 0.00 0.00 0
6076 0.00 0.00 0.00 0
6077 0.00 0.00 0.00 0
6078 0.00 0.00 0.00 0
6079 0.00 0.00 0.00 0
7063 0.00 0.00 0.00 0
7064 0.00 0.00 0.00 0
7065 0.00 0.00 0.00 0
7066 0.00 0.00 0.00 0
7067 0.00 0.00 0.00 0
7068 0.00 0.00 0.00 0
7069 0.00 0.00 0.00 0
7070 0.00 0.00 0.00 0
7071 0.00 0.00 0.00 0
7072 0.00 0.00 0.00 0
7073 0.00 0.00 0.00 0
7388 0.00 0.00 0.00 0
7389 0.00 0.00 0.00 0
7934 0.00 0.00 0.00 0
7935 0.00 0.00 0.00 0
7936 0.00 0.00 0.00 0
7937 0.00 0.00 0.00 0
7938 0.00 0.00 0.00 0
7939 0.00 0.00 0.00 0
7940 0.00 0.00 0.00 0
7941 0.00 0.00 0.00 0
7942 0.00 0.00 0.00 0
7943 0.00 0.00 0.00 0
7944 0.00 0.00 0.00 0
7945 0.00 0.00 0.00 0
9882 0.00 0.00 0.00 0
9883 0.00 0.00 0.00 0
9884 0.00 0.00 0.00 0
9886 0.00 0.00 0.00 0
9887 0.00 0.00 0.00 0
9891 0.00 0.00 0.00 0
9892 0.00 0.00 0.00 0
9893 0.00 0.00 0.00 0
9896 0.00 0.00 0.00 0
9897 0.00 0.00 0.00 0
9898 0.00 0.00 0.00 0
9926 0.00 0.00 0.00 0
9927 0.00 0.00 0.00 0
9936 0.00 0.00 0.00 0
9937 0.00 0.00 0.00 0
9939 0.00 0.00 0.00 0
9940 0.00 0.00 0.00 0
9941 0.00 0.00 0.00 0
9942 0.00 0.00 0.00 0
9967 0.00 0.00 0.00 0
9968 0.00 0.00 0.00 0
9969 0.00 0.00 0.00 0
9970 0.00 0.00 0.00 0
9982 0.00 0.00 0.00 0
9983 0.00 0.00 0.00 0
9984 0.00 0.00 0.00 0
9985 0.00 0.00 0.00 0
9986 0.00 0.00 0.00 0
10571 0.00 0.00 0.00 0
10575 0.00 0.00 0.00 0
10961 0.00 0.00 0.00 0
10962 0.00 0.00 0.00 0
10963 0.00 0.00 0.00 0
10964 0.00 0.00 0.00 0
10965 0.00 0.00 0.00 0
10966 0.00 0.00 0.00 0
10967 0.00 0.00 0.00 0
10968 0.00 0.00 0.00 0
10969 0.00 0.00 0.00 0
11175 0.00 0.00 0.00 0
11563 0.00 0.00 0.00 0
11564 0.00 0.00 0.00 0
11565 0.00 0.00 0.00 0
11566 0.00 0.00 0.00 0
11567 0.00 0.00 0.00 0
11568 0.00 0.00 0.00 0
11569 0.00 0.00 0.00 0
11570 0.00 0.00 0.00 0
11571 0.00 0.00 0.00 0
11572 0.00 0.00 0.00 0
13146 0.00 0.00 0.00 0
13148 0.00 0.00 0.00 0
13189 0.00 0.00 0.00 0
13190 0.00 0.00 0.00 0
13191 0.00 0.00 0.00 0
13192 0.00 0.00 0.00 0
13211 0.00 0.00 0.00 0
13212 0.00 0.00 0.00 0
13213 0.00 0.00 0.00 0
13214 0.00 0.00 0.00 0
13215 0.00 0.00 0.00 0
13217 0.00 0.00 0.00 0
13223 0.00 0.00 0.00 0
13224 0.00 0.00 0.00 0
13225 0.00 0.00 0.00 0
13966 0.00 0.00 0.00 0
13967 0.00 0.00 0.00 0
13968 0.00 0.00 0.00 0
13969 0.00 0.00 0.00 0
13970 0.00 0.00 0.00 0
13971 0.00 0.00 0.00 0
13972 0.00 0.00 0.00 0
15610 0.00 0.00 0.00 0
15611 0.00 0.00 0.00 0
15612 0.00 0.00 0.00 0
15613 0.00 0.00 0.00 0
15614 0.00 0.00 0.00 0
15615 0.00 0.00 0.00 0
15616 0.00 0.00 0.00 0
15617 0.00 0.00 0.00 0
15618 0.00 0.00 0.00 0
15619 0.00 0.00 0.00 0
15620 0.00 0.00 0.00 0
15621 0.00 0.00 0.00 0
15622 0.00 0.00 0.00 0
15623 0.00 0.00 0.00 0
15624 0.00 0.00 0.00 0
15625 0.00 0.00 0.00 0
15626 0.00 0.00 0.00 0
15627 0.00 0.00 0.00 0
15628 0.00 0.00 0.00 0
15629 0.00 0.00 0.00 0
16241 0.00 0.00 0.00 0
16242 0.00 0.00 0.00 0
16243 0.00 0.00 0.00 0
16244 0.00 0.00 0.00 0
16245 0.00 0.00 0.00 0
17411 0.00 0.00 0.00 0
17413 0.00 0.00 0.00 0
17414 0.00 0.00 0.00 0
17415 0.00 0.00 0.00 0
17416 0.00 0.00 0.00 0
17417 0.00 0.00 0.00 0
17418 0.00 0.00 0.00 0
17419 0.00 0.00 0.00 0
17420 0.00 0.00 0.00 0
17421 0.00 0.00 0.00 0
17422 0.00 0.00 0.00 0
17423 0.00 0.00 0.00 0
17424 0.00 0.00 0.00 0
17425 0.00 0.00 0.00 0
17426 0.00 0.00 0.00 0
17427 0.00 0.00 0.00 0
17428 0.00 0.00 0.00 0
17429 0.00 0.00 0.00 0
17430 0.00 0.00 0.00 0
17431 0.00 0.00 0.00 0
17432 0.00 0.00 0.00 0
17433 0.00 0.00 0.00 0
17434 0.00 0.00 0.00 0
17435 0.00 0.00 0.00 0
17436 0.00 0.00 0.00 0
17437 0.00 0.00 0.00 0
22142 0.00 0.00 0.00 0
22144 0.00 0.00 0.00 0
22145 0.00 0.00 0.00 0
22146 0.00 0.00 0.00 0
22147 0.00 0.00 0.00 0
22151 0.00 0.00 0.00 0
22152 0.00 0.00 0.00 0
22153 0.00 0.00 0.00 0
22154 0.00 0.00 0.00 0
22155 0.00 0.00 0.00 0
22156 0.00 0.00 0.00 0
22157 0.00 0.00 0.00 0
22158 0.00 0.00 0.00 0
22159 0.00 0.00 0.00 0
22160 0.00 0.00 0.00 0
22162 0.00 0.00 0.00 0
22163 0.00 0.00 0.00 0
22164 0.00 0.00 0.00 0
22165 0.00 0.00 0.00 0
22166 0.00 0.00 0.00 0
22167 0.00 0.00 0.00 0
22168 0.00 0.00 0.00 0
22169 0.00 0.00 0.00 0
22178 0.00 0.00 0.00 0
22181 0.00 0.00 0.00 0
22251 0.00 0.00 0.00 0
22252 0.00 0.00 0.00 0
22273 0.00 0.00 0.00 0
22274 0.00 0.00 0.00 0
22275 0.00 0.00 0.00 0
22276 0.00 0.00 0.00 0
22277 0.00 0.00 0.00 0
22278 0.00 0.00 0.00 0
22279 0.00 0.00 0.00 0
22280 0.00 0.00 0.00 0
22281 0.00 0.00 0.00 0
22282 0.00 0.00 0.00 0
22286 0.00 0.00 0.00 0
22287 0.00 0.00 0.00 0
22288 0.00 0.00 0.00 0
22289 0.00 0.00 0.00 0
22290 0.00 0.00 0.00 0
22291 0.00 0.00 0.00 0
22292 0.00 0.00 0.00 0
22293 0.00 0.00 0.00 0
22351 0.00 0.00 0.00 0
22353 0.00 0.00 0.00 0
22354 0.00 0.00 0.00 0
22355 0.00 0.00 0.00 0
22356 0.00 0.00 0.00 0
22357 0.00 0.00 0.00 0
22358 0.00 0.00 0.00 0
22359 0.00 0.00 0.00 0
22360 0.00 0.00 0.00 0
22373 0.00 0.00 0.00 0
22388 0.00 0.00 0.00 0
22389 0.00 0.00 0.00 0
22390 0.00 0.00 0.00 0
22391 0.00 0.00 0.00 0
22392 0.00 0.00 0.00 0
22393 0.00 0.00 0.00 0
22394 0.00 0.00 0.00 0
22395 0.00 0.00 0.00 0
22396 0.00 0.00 0.00 0
22397 0.00 0.00 0.00 0
22398 0.00 0.00 0.00 0
22400 0.00 0.00 0.00 0
22401 0.00 0.00 0.00 0
22402 0.00 0.00 0.00 0
23359 0.00 0.00 0.00 0
24340 0.00 0.00 0.00 0
24341 0.00 0.00 0.00 0
24342 0.00 0.00 0.00 0
24343 0.00 0.00 0.00 0
24344 0.00 0.00 0.00 0
24345 0.00 0.00 0.00 0
24346 0.00 0.00 0.00 0
24347 0.00 0.00 0.00 0
24348 0.00 0.00 0.00 0
24349 0.00 0.00 0.00 0
24350 0.00 0.00 0.00 0
24351 0.00 0.00 0.00 0
24352 0.00 0.00 0.00 0
24353 0.00 0.00 0.00 0
24354 0.00 0.00 0.00 0
24723 0.00 0.00 0.00 0
25424 0.00 0.00 0.00 0
25425 0.00 0.00 0.00 0
25426 0.00 0.00 0.00 0
25427 0.00 0.00 0.00 0
25428 0.00 0.00 0.00 0
25429 0.00 0.00 0.00 0
25430 0.00 0.00 0.00 0
25431 0.00 0.00 0.00 0
25432 0.00 0.00 0.00 0
25433 0.00 0.00 0.00 0
25434 0.00 0.00 0.00 0
25435 0.00 0.00 0.00 0
25436 0.00 0.00 0.00 0
25437 0.00 0.00 0.00 0
25438 0.00 0.00 0.00 0
28268 0.00 0.00 0.00 0
28269 0.00 0.00 0.00 0
28270 0.00 0.00 0.00 0
28271 0.00 0.00 0.00 0
28272 0.00 0.00 0.00 0
28273 0.00 0.00 0.00 0
28274 0.00 0.00 0.00 0
28275 0.00 0.00 0.00 0
28276 0.00 0.00 0.00 0
28277 0.00 0.00 0.00 0
28342 0.00 0.00 0.00 0
28343 0.00 0.00 0.00 0
28344 0.00 0.00 0.00 0
28345 0.00 0.00 0.00 0
28348 0.00 0.00 0.00 0
28349 0.00 0.00 0.00 0
28350 0.00 0.00 0.00 0
28351 0.00 0.00 0.00 0
28352 0.00 0.00 0.00 0
28353 0.00 0.00 0.00 0
28354 0.00 0.00 0.00 0
28387 0.00 0.00 0.00 0
28388 0.00 0.00 0.00 0
28389 0.00 0.00 0.00 0
28390 0.00 0.00 0.00 0
28391 0.00 0.00 0.00 0
28392 0.00 0.00 0.00 0
28393 0.00 0.00 0.00 0
28394 0.00 0.00 0.00 0
28400 0.00 0.00 0.00 0
28409 0.00 0.00 0.00 0
28410 0.00 0.00 0.00 0
28411 0.00 0.00 0.00 0
28412 0.00 0.00 0.00 0
28413 0.00 0.00 0.00 0
28414 0.00 0.00 0.00 0
28415 0.00 0.00 0.00 0
28416 0.00 0.00 0.00 0
29535 0.00 0.00 0.00 0
29536 0.00 0.00 0.00 0
29537 0.00 0.00 0.00 0
29538 0.00 0.00 0.00 0
29539 0.00 0.00 0.00 0
29540 0.00 0.00 0.00 0
29541 0.00 0.00 0.00 0
29542 0.00 0.00 0.00 0
29543 0.00 0.00 0.00 0
29544 0.00 0.00 0.00 0
29545 0.00 0.00 0.00 0
31839 0.00 0.00 0.00 0
31840 0.00 0.00 0.00 0
31841 0.00 0.00 0.00 0
31842 0.00 0.00 0.00 0
31843 0.00 0.00 0.00 0
31844 0.00 0.00 0.00 0
31845 0.00 0.00 0.00 0
31846 0.00 0.00 0.00 0
31847 0.00 0.00 0.00 0
31848 0.00 0.00 0.00 0
31849 0.00 0.00 0.00 0
31850 0.00 0.00 0.00 0
31851 0.00 0.00 0.00 0
31852 0.00 0.00 0.00 0
31853 0.00 0.00 0.00 0
31854 0.00 0.00 0.00 0
31855 0.00 0.00 0.00 0
31856 0.00 0.00 0.00 0
31857 0.00 0.00 0.00 0
31858 0.00 0.00 0.00 0
31859 0.00 0.00 0.00 0
31860 0.00 0.00 0.00 0
31861 0.00 0.00 0.00 0
31862 0.00 0.00 0.00 0
31863 0.00 0.00 0.00 0
31864 0.00 0.00 0.00 0
32671 0.00 0.00 0.00 0
32672 0.00 0.00 0.00 0
32673 0.00 0.00 0.00 0
34153 0.00 0.00 0.00 0
34154 0.00 0.00 0.00 0
34155 0.00 0.00 0.00 0
34156 0.00 0.00 0.00 0
34157 0.00 0.00 0.00 0
34158 0.00 0.00 0.00 0
34159 0.00 0.00 0.00 0
34160 0.00 0.00 0.00 0
34161 0.00 0.00 0.00 0
34162 0.00 0.00 0.00 0
34163 0.00 0.00 0.00 0
34164 0.00 0.00 0.00 0
34165 0.00 0.00 0.00 0
34166 0.00 0.00 0.00 0
34167 0.00 0.00 0.00 0
34168 0.00 0.00 0.00 0
34169 0.00 0.00 0.00 0
34170 0.00 0.00 0.00 0
34171 0.00 0.00 0.00 0
34172 0.00 0.00 0.00 0
34173 0.00 0.00 0.00 0
34174 0.00 0.00 0.00 0
34175 0.00 0.00 0.00 0
34176 0.00 0.00 0.00 0
34177 0.00 0.00 0.00 0
34178 0.00 0.00 0.00 0
34179 0.00 0.00 0.00 0
34180 0.00 0.00 0.00 0
34181 0.00 0.00 0.00 0
34182 0.00 0.00 0.00 0
34183 0.00 0.00 0.00 0
39885 0.00 0.00 0.00 0
39886 0.00 0.00 0.00 0
39895 0.00 0.00 0.00 0
39896 0.00 0.00 0.00 0
39897 0.00 0.00 0.00 0
39898 0.00 0.00 0.00 0
39903 0.00 0.00 0.00 0
39910 0.00 0.00 0.00 0
39911 0.00 0.00 0.00 0
39912 0.00 0.00 0.00 0
39913 0.00 0.00 0.00 0
39914 0.00 0.00 0.00 0
39915 0.00 0.00 0.00 0
39916 0.00 0.00 0.00 0
39917 0.00 0.00 0.00 0
39920 0.00 0.00 0.00 0
39923 0.00 0.00 0.00 0
39924 0.00 0.00 0.00 0
39925 0.00 0.00 0.00 0
39926 0.00 0.00 0.00 0
39927 0.00 0.00 0.00 0
39928 0.00 0.00 0.00 0
39929 0.00 0.00 0.00 0
39931 0.00 0.00 0.00 0
39932 0.00 0.00 0.00 0
39933 0.00 0.00 0.00 0
39934 0.00 0.00 0.00 0
39999 0.00 0.00 0.00 0
40008 0.00 0.00 0.00 0
40009 0.00 0.00 0.00 0
40010 0.00 0.00 0.00 0
40011 0.00 0.00 0.00 0
40013 0.00 0.00 0.00 0
40014 0.00 0.00 0.00 0
40015 0.00 0.00 0.00 0
40016 0.00 0.00 0.00 0
40017 0.00 0.00 0.00 0
40042 0.00 0.00 0.00 0
40043 0.00 0.00 0.00 0
40044 0.00 0.00 0.00 0
40045 0.00 0.00 0.00 0
40048 0.00 0.00 0.00 0
40049 0.00 0.00 0.00 0
40055 0.00 0.00 0.00 0
40056 0.00 0.00 0.00 0
40057 0.00 0.00 0.00 0
40058 0.00 0.00 0.00 0
40059 0.00 0.00 0.00 0
40060 0.00 0.00 0.00 0
40066 0.00 0.00 0.00 0
40134 0.00 0.00 0.00 0
40138 0.00 0.00 0.00 0
40139 0.00 0.00 0.00 0
40141 0.00 0.00 0.00 0
40142 0.00 0.00 0.00 0
40143 0.00 0.00 0.00 0
40144 0.00 0.00 0.00 0
40145 0.00 0.00 0.00 0
40146 0.00 0.00 0.00 0
40147 0.00 0.00 0.00 0
40148 0.00 0.00 0.00 0
40162 0.00 0.00 0.00 0
40180 0.00 0.00 0.00 0
40181 0.00 0.00 0.00 0
40182 0.00 0.00 0.00 0
40183 0.00 0.00 0.00 0
40184 0.00 0.00 0.00 0
40185 0.00 0.00 0.00 0
40186 0.00 0.00 0.00 0
40187 0.00 0.00 0.00 0
40188 0.00 0.00 0.00 0
40189 0.00 0.00 0.00 0
40190 0.00 0.00 0.00 0
40191 0.00 0.00 0.00 0
40192 0.00 0.00 0.00 0
40193 0.00 0.00 0.00 0
40194 0.00 0.00 0.00 0
40195 0.00 0.00 0.00 0
40196 0.00 0.00 0.00 0
41291 0.00 0.00 0.00 0
41293 0.00 0.00 0.00 0
41294 0.00 0.00 0.00 0
41295 0.00 0.00 0.00 0
41681 0.00 0.00 0.00 0
41682 0.00 0.00 0.00 0
41683 0.00 0.00 0.00 0
41684 0.00 0.00 0.00 0
41685 0.00 0.00 0.00 0
41686 0.00 0.00 0.00 0
41687 0.00 0.00 0.00 0
41688 0.00 0.00 0.00 0
41895 0.00 0.00 0.00 0
42281 0.00 0.00 0.00 0
42283 0.00 0.00 0.00 0
42284 0.00 0.00 0.00 0
42285 0.00 0.00 0.00 0
42286 0.00 0.00 0.00 0
42287 0.00 0.00 0.00 0
42288 0.00 0.00 0.00 0
42289 0.00 0.00 0.00 0
42290 0.00 0.00 0.00 0
42291 0.00 0.00 0.00 0
42292 0.00 0.00 0.00 0
43908 0.00 0.00 0.00 0
43909 0.00 0.00 0.00 0
43910 0.00 0.00 0.00 0
43911 0.00 0.00 0.00 0
43912 0.00 0.00 0.00 0
43931 0.00 0.00 0.00 0
43932 0.00 0.00 0.00 0
43933 0.00 0.00 0.00 0
43934 0.00 0.00 0.00 0
43935 0.00 0.00 0.00 0
43936 0.00 0.00 0.00 0
43937 0.00 0.00 0.00 0
43943 0.00 0.00 0.00 0
43944 0.00 0.00 0.00 0
43945 0.00 0.00 0.00 0
44686 0.00 0.00 0.00 0
44688 0.00 0.00 0.00 0
44689 0.00 0.00 0.00 0
44690 0.00 0.00 0.00 0
44691 0.00 0.00 0.00 0
44692 0.00 0.00 0.00 0
46330 0.00 0.00 0.00 0
46331 0.00 0.00 0.00 0
46332 0.00 0.00 0.00 0
46333 0.00 0.00 0.00 0
46334 0.00 0.00 0.00 0
46335 0.00 0.00 0.00 0
46336 0.00 0.00 0.00 0
46337 0.00 0.00 0.00 0
46338 0.00 0.00 0.00 0
46339 0.00 0.00 0.00 0
46340 0.00 0.00 0.00 0
46341 0.00 0.00 0.00 0
46342 0.00 0.00 0.00 0
46343 0.00 0.00 0.00 0
46344 0.00 0.00 0.00 0
46345 0.00 0.00 0.00 0
46346 0.00 0.00 0.00 0
46347 0.00 0.00 0.00 0
46348 0.00 0.00 0.00 0
46349 0.00 0.00 0.00 0
46961 0.00 0.00 0.00 0
46962 0.00 0.00 0.00 0
46963 0.00 0.00 0.00 0
46964 0.00 0.00 0.00 0
46965 0.00 0.00 0.00 0
48131 0.00 0.00 0.00 0
48132 0.00 0.00 0.00 0
48133 0.00 0.00 0.00 0
48134 0.00 0.00 0.00 0
48135 0.00 0.00 0.00 0
48136 0.00 0.00 0.00 0
48137 0.00 0.00 0.00 0
48138 0.00 0.00 0.00 0
48139 0.00 0.00 0.00 0
48140 0.00 0.00 0.00 0
48141 0.00 0.00 0.00 0
48142 0.00 0.00 0.00 0
48143 0.00 0.00 0.00 0
48144 0.00 0.00 0.00 0
48145 0.00 0.00 0.00 0
48146 0.00 0.00 0.00 0
48147 0.00 0.00 0.00 0
48148 0.00 0.00 0.00 0
48149 0.00 0.00 0.00 0
48150 0.00 0.00 0.00 0
48151 0.00 0.00 0.00 0
48152 0.00 0.00 0.00 0
48153 0.00 0.00 0.00 0
48154 0.00 0.00 0.00 0
48155 0.00 0.00 0.00 0
48156 0.00 0.00 0.00 0
48157 0.00 0.00 0.00 0
52865 0.00 0.00 0.00 0
52866 0.00 0.00 0.00 0
52867 0.00 0.00 0.00 0
52871 0.00 0.00 0.00 0
52872 0.00 0.00 0.00 0
52873 0.00 0.00 0.00 0
52874 0.00 0.00 0.00 0
52875 0.00 0.00 0.00 0
52876 0.00 0.00 0.00 0
52877 0.00 0.00 0.00 0
52878 0.00 0.00 0.00 0
52879 0.00 0.00 0.00 0
52880 0.00 0.00 0.00 0
52881 0.00 0.00 0.00 0
52882 0.00 0.00 0.00 0
52883 0.00 0.00 0.00 0
52884 0.00 0.00 0.00 0
52885 0.00 0.00 0.00 0
52886 0.00 0.00 0.00 0
52887 0.00 0.00 0.00 0
52888 0.00 0.00 0.00 0
52889 0.00 0.00 0.00 0
52991 0.00 0.00 0.00 0
52993 0.00 0.00 0.00 0
52994 0.00 0.00 0.00 0
52995 0.00 0.00 0.00 0
52996 0.00 0.00 0.00 0
52997 0.00 0.00 0.00 0
52998 0.00 0.00 0.00 0
52999 0.00 0.00 0.00 0
53000 0.00 0.00 0.00 0
53001 0.00 0.00 0.00 0
53002 0.00 0.00 0.00 0
53006 0.00 0.00 0.00 0
53007 0.00 0.00 0.00 0
53008 0.00 0.00 0.00 0
53009 0.00 0.00 0.00 0
53010 0.00 0.00 0.00 0
53011 0.00 0.00 0.00 0
53012 0.00 0.00 0.00 0
53013 0.00 0.00 0.00 0
53071 0.00 0.00 0.00 0
53072 0.00 0.00 0.00 0
53073 0.00 0.00 0.00 0
53074 0.00 0.00 0.00 0
53075 0.00 0.00 0.00 0
53076 0.00 0.00 0.00 0
53077 0.00 0.00 0.00 0
53078 0.00 0.00 0.00 0
53079 0.00 0.00 0.00 0
53080 0.00 0.00 0.00 0
53093 0.00 0.00 0.00 0
53094 0.00 0.00 0.00 0
53108 0.00 0.00 0.00 0
53109 0.00 0.00 0.00 0
53110 0.00 0.00 0.00 0
53111 0.00 0.00 0.00 0
53112 0.00 0.00 0.00 0
53113 0.00 0.00 0.00 0
53114 0.00 0.00 0.00 0
53115 0.00 0.00 0.00 0
53116 0.00 0.00 0.00 0
53117 0.00 0.00 0.00 0
53118 0.00 0.00 0.00 0
53120 0.00 0.00 0.00 0
54291 0.00 0.00 0.00 0
54292 0.00 0.00 0.00 0
55921 0.00 0.00 0.00 0
55923 0.00 0.00 0.00 0
55924 0.00 0.00 0.00 0
55925 0.00 0.00 0.00 0
55926 0.00 0.00 0.00 0
55927 0.00 0.00 0.00 0
55928 0.00 0.00 0.00 0
55929 0.00 0.00 0.00 0
55930 0.00 0.00 0.00 0
55931 0.00 0.00 0.00 0
55932 0.00 0.00 0.00 0
55933 0.00 0.00 0.00 0
55934 0.00 0.00 0.00 0
55935 0.00 0.00 0.00 0
55936 0.00 0.00 0.00 0
55937 0.00 0.00 0.00 0
55938 0.00 0.00 0.00 0
55939 0.00 0.00 0.00 0
55940 0.00 0.00 0.00 0
55941 0.00 0.00 0.00 0
55942 0.00 0.00 0.00 0
55943 0.00 0.00 0.00 0
55944 0.00 0.00 0.00 0
55945 0.00 0.00 0.00 0
55946 0.00 0.00 0.00 0
55947 0.00 0.00 0.00 0
55948 0.00 0.00 0.00 0
55949 0.00 0.00 0.00 0
55950 0.00 0.00 0.00 0
55951 0.00 0.00 0.00 0
55952 0.00 0.00 0.00 0
56563 0.00 0.00 0.00 0
56564 0.00 0.00 0.00 0
56565 0.00 0.00 0.00 0
57731 0.00 0.00 0.00 0
57732 0.00 0.00 0.00 0
57733 0.00 0.00 0.00 0
57734 0.00 0.00 0.00 0
57735 0.00 0.00 0.00 0
57736 0.00 0.00 0.00 0
57737 0.00 0.00 0.00 0
57738 0.00 0.00 0.00 0
57739 0.00 0.00 0.00 0
57740 0.00 0.00 0.00 0
57741 0.00 0.00 0.00 0
57742 0.00 0.00 0.00 0
57743 0.00 0.00 0.00 0
57744 0.00 0.00 0.00 0
57745 0.00 0.00 0.00 0
57746 0.00 0.00 0.00 0
57747 0.00 0.00 0.00 0
57748 0.00 0.00 0.00 0
57749 0.00 0.00 0.00 0
57750 0.00 0.00 0.00 0
57751 0.00 0.00 0.00 0
57752 0.00 0.00 0.00 0
57753 0.00 0.00 0.00 0
57754 0.00 0.00 0.00 0
57755 0.00 0.00 0.00 0
57756 0.00 0.00 0.00 0
57757 0.00 0.00 0.00 0
62473 0.00 0.00 0.00 0
62474 0.00 0.00 0.00 0
62475 0.00 0.00 0.00 0
62476 0.00 0.00 0.00 0
62477 0.00 0.00 0.00 0
62478 0.00 0.00 0.00 0
62479 0.00 0.00 0.00 0
62480 0.00 0.00 0.00 0
62481 0.00 0.00 0.00 0
62482 0.00 0.00 0.00 0
62483 0.00 0.00 0.00 0
62484 0.00 0.00 0.00 0
62486 0.00 0.00 0.00 0
62487 0.00 0.00 0.00 0
62488 0.00 0.00 0.00 0
62496 0.00 0.00 0.00 0
62600 0.00 0.00 0.00 0
62601 0.00 0.00 0.00 0
62602 0.00 0.00 0.00 0
62605 0.00 0.00 0.00 0
62606 0.00 0.00 0.00 0
62607 0.00 0.00 0.00 0
62608 0.00 0.00 0.00 0
62609 0.00 0.00 0.00 0
62610 0.00 0.00 0.00 0
62611 0.00 0.00 0.00 0
62612 0.00 0.00 0.00 0
62613 0.00 0.00 0.00 0
62614 0.00 0.00 0.00 0
62615 0.00 0.00 0.00 0
62616 0.00 0.00 0.00 0
62617 0.00 0.00 0.00 0
62671 0.00 0.00 0.00 0
62672 0.00 0.00 0.00 0
62673 0.00 0.00 0.00 0
62674 0.00 0.00 0.00 0
62675 0.00 0.00 0.00 0
62676 0.00 0.00 0.00 0
62677 0.00 0.00 0.00 0
62678 0.00 0.00 0.00 0
62679 0.00 0.00 0.00 0
62680 0.00 0.00 0.00 0
62681 0.00 0.00 0.00 0
62682 0.00 0.00 0.00 0
62683 0.00 0.00 0.00 0
62708 0.00 0.00 0.00 0
62709 0.00 0.00 0.00 0
62710 0.00 0.00 0.00 0
62711 0.00 0.00 0.00 0
62712 0.00 0.00 0.00 0
62713 0.00 0.00 0.00 0
62714 0.00 0.00 0.00 0
62715 0.00 0.00 0.00 0
62716 0.00 0.00 0.00 0
62717 0.00 0.00 0.00 0
64935 0.00 0.00 0.00 0
64936 0.00 0.00 0.00 0
64937 0.00 0.00 0.00 0
64938 0.00 0.00 0.00 0
64939 0.00 0.00 0.00 0
64940 0.00 0.00 0.00 0
64941 0.00 0.00 0.00 0
64942 0.00 0.00 0.00 0
64944 0.00 0.00 0.00 0
64945 0.00 0.00 0.00 0
64946 0.00 0.00 0.00 0
64947 0.00 0.00 0.00 0
64948 0.00 0.00 0.00 0
64949 0.00 0.00 0.00 0
64950 0.00 0.00 0.00 0
64951 0.00 0.00 0.00 0
64952 0.00 0.00 0.00 0
64953 0.00 0.00 0.00 0
64954 0.00 0.00 0.00 0
64955 0.00 0.00 0.00 0
64956 0.00 0.00 0.00 0
64957 0.00 0.00 0.00 0
69866 0.00 0.00 0.00 0
69868 0.00 0.00 0.00 0
69869 0.00 0.00 0.00 0
69870 0.00 0.00 0.00 0
69871 0.00 0.00 0.00 0
69872 0.00 0.00 0.00 0
69873 0.00 0.00 0.00 0
69874 0.00 0.00 0.00 0
69875 0.00 0.00 0.00 0
69876 0.00 0.00 0.00 0
69877 0.00 0.00 0.00 0
69878 0.00 0.00 0.00 0
69879 0.00 0.00 0.00 0
69880 0.00 0.00 0.00 0
69881 0.00 0.00 0.00 0
69882 0.00 0.00 0.00 0
69883 0.00 0.00 0.00 0
69884 0.00 0.00 0.00 0
69885 0.00 0.00 0.00 0
69886 0.00 0.00 0.00 0
69887 0.00 0.00 0.00 0
69888 0.00 0.00 0.00 0
69889 0.00 0.00 0.00 0
69890 0.00 0.00 0.00 0
69891 0.00 0.00 0.00 0
69892 0.00 0.00 0.00 0
69893 0.00 0.00 0.00 0
69894 0.00 0.00 0.00 0
69895 0.00 0.00 0.00 0
69896 0.00 0.00 0.00 0
69897 0.00 0.00 0.00 0
69898 0.00 0.00 0.00 0
69899 0.00 0.00 0.00 0
69900 0.00 0.00 0.00 0
69901 0.00 0.00 0.00 0
69902 0.00 0.00 0.00 0
69903 0.00 0.00 0.00 0
69904 0.00 0.00 0.00 0
69905 0.00 0.00 0.00 0
69906 0.00 0.00 0.00 0
69907 0.00 0.00 0.00 0
69908 0.00 0.00 0.00 0
69909 0.00 0.00 0.00 0
69910 0.00 0.00 0.00 0
69911 0.00 0.00 0.00 0
69912 0.00 0.00 0.00 0
69913 0.00 0.00 0.00 0
69914 0.00 0.00 0.00 0
69915 0.00 0.00 0.00 0
69916 0.00 0.00 0.00 0
69917 0.00 0.00 0.00 0
69918 0.00 0.00 0.00 0
69919 0.00 0.00 0.00 0
69920 0.00 0.00 0.00 0
69921 0.00 0.00 0.00 0
69922 0.00 0.00 0.00 0
69923 0.00 0.00 0.00 0
69924 0.00 0.00 0.00 0
69925 0.00 0.00 0.00 0
69927 0.00 0.00 0.00 0
71764 0.00 0.00 0.00 0
71770 0.00 0.00 0.00 0
71771 0.00 0.00 0.00 0
71772 0.00 0.00 0.00 0
71773 0.00 0.00 0.00 0
71774 0.00 0.00 0.00 0
71775 0.00 0.00 0.00 0
75280 0.00 0.00 0.00 0
75281 0.00 0.00 0.00 0
75282 0.00 0.00 0.00 0
75283 0.00 0.00 0.00 0
75284 0.00 0.00 0.00 0
75285 0.00 0.00 0.00 0
75286 0.00 0.00 0.00 0
75287 0.00 0.00 0.00 0
75288 0.00 0.00 0.00 0
75289 0.00 0.00 0.00 0
75290 0.00 0.00 0.00 0
75291 0.00 0.00 0.00 0
75292 0.00 0.00 0.00 0
75293 0.00 0.00 0.00 0
75294 0.00 0.00 0.00 0
75295 0.00 0.00 0.00 0
75296 0.00 0.00 0.00 0
75297 0.00 0.00 0.00 0
75298 0.00 0.00 0.00 0
75299 0.00 0.00 0.00 0
75300 0.00 0.00 0.00 0
75301 0.00 0.00 0.00 0
75302 0.00 0.00 0.00 0
75303 0.00 0.00 0.00 0
75304 0.00 0.00 0.00 0
75305 0.00 0.00 0.00 0
75306 0.00 0.00 0.00 0
75307 0.00 0.00 0.00 0
75308 0.00 0.00 0.00 0
75309 0.00 0.00 0.00 0
75310 0.00 0.00 0.00 0
75311 0.00 0.00 0.00 0
75312 0.00 0.00 0.00 0
75313 0.00 0.00 0.00 0
75314 0.00 0.00 0.00 0
75315 0.00 0.00 0.00 0
75316 0.00 0.00 0.00 0
75317 0.00 0.00 0.00 0
75318 0.00 0.00 0.00 0
75319 0.00 0.00 0.00 0
75320 0.00 0.00 0.00 0
75321 0.00 0.00 0.00 0
75322 0.00 0.00 0.00 0
75323 0.00 0.00 0.00 0
75324 0.00 0.00 0.00 0
75325 0.00 0.00 0.00 0
75326 0.00 0.00 0.00 0
75327 0.00 0.00 0.00 0
75328 0.00 0.00 0.00 0
75329 0.00 0.00 0.00 0
75330 0.00 0.00 0.00 0
75331 0.00 0.00 0.00 0
75332 0.00 0.00 0.00 0
75333 0.00 0.00 0.00 0
75334 0.00 0.00 0.00 0
75335 0.00 0.00 0.00 0
75336 0.00 0.00 0.00 0
75337 0.00 0.00 0.00 0
75338 0.00 0.00 0.00 0
75339 0.00 0.00 0.00 0
75340 0.00 0.00 0.00 0
75341 0.00 0.00 0.00 0
75342 0.00 0.00 0.00 0
75343 0.00 0.00 0.00 0
75344 0.00 0.00 0.00 0
75345 0.00 0.00 0.00 0
75346 0.00 0.00 0.00 0
75347 0.00 0.00 0.00 0
75348 0.00 0.00 0.00 0
75349 0.00 0.00 0.00 0
75350 0.00 0.00 0.00 0
75351 0.00 0.00 0.00 0
75352 0.00 0.00 0.00 0
89463 0.00 0.00 0.00 0
89469 0.00 0.00 0.00 0
89470 0.00 0.00 0.00 0
89471 0.00 0.00 0.00 0
89472 0.00 0.00 0.00 0
89473 0.00 0.00 0.00 0
89474 0.00 0.00 0.00 0
89475 0.00 0.00 0.00 0
89477 0.00 0.00 0.00 0
89478 0.00 0.00 0.00 0
89479 0.00 0.00 0.00 0
89480 0.00 0.00 0.00 0
89482 0.00 0.00 0.00 0
89494 0.00 0.00 0.00 0
89495 0.00 0.00 0.00 0
89496 0.00 0.00 0.00 0
89497 0.00 0.00 0.00 0
89498 0.00 0.00 0.00 0
89499 0.00 0.00 0.00 0
89500 0.00 0.00 0.00 0
89501 0.00 0.00 0.00 0
89502 0.00 0.00 0.00 0
89503 0.00 0.00 0.00 0
89508 0.00 0.00 0.00 0
89513 0.00 0.00 0.00 0
89514 0.00 0.00 0.00 0
89515 0.00 0.00 0.00 0
89516 0.00 0.00 0.00 0
89517 0.00 0.00 0.00 0
89530 0.00 0.00 0.00 0
89531 0.00 0.00 0.00 0
89532 0.00 0.00 0.00 0
89533 0.00 0.00 0.00 0
89534 0.00 0.00 0.00 0
89535 0.00 0.00 0.00 0
89536 0.00 0.00 0.00 0
89537 0.00 0.00 0.00 0
89538 0.00 0.00 0.00 0
89539 0.00 0.00 0.00 0
89540 0.00 0.00 0.00 0
89541 0.00 0.00 0.00 0
89542 0.00 0.00 0.00 0
89543 0.00 0.00 0.00 0
89544 0.00 0.00 0.00 0
89545 0.00 0.00 0.00 0
89546 0.00 0.00 0.00 0
89547 0.00 0.00 0.00 0
89548 0.00 0.00 0.00 0
89549 0.00 0.00 0.00 0
89565 0.00 0.00 0.00 0
89566 0.00 0.00 0.00 0
89567 0.00 0.00 0.00 0
89568 0.00 0.00 0.00 0
89569 0.00 0.00 0.00 0
89570 0.00 0.00 0.00 0
89571 0.00 0.00 0.00 0
89572 0.00 0.00 0.00 0
89573 0.00 0.00 0.00 0
89574 0.00 0.00 0.00 0
89575 0.00 0.00 0.00 0
89576 0.00 0.00 0.00 0
89577 0.00 0.00 0.00 0
89578 0.00 0.00 0.00 0
89579 0.00 0.00 0.00 0
89583 0.00 0.00 0.00 0
89584 0.00 0.00 0.00 0
89585 0.00 0.00 0.00 0
89586 0.00 0.00 0.00 0
89587 0.00 0.00 0.00 0
89588 0.00 0.00 0.00 0
89589 0.00 0.00 0.00 0
89591 0.00 0.00 0.00 0
89592 0.00 0.00 0.00 0
89593 0.00 0.00 0.00 0
89751 0.00 0.00 0.00 0
89775 0.00 0.00 0.00 0
89776 0.00 0.00 0.00 0
89777 0.00 0.00 0.00 0
89779 0.00 0.00 0.00 0
89780 0.00 0.00 0.00 0
89781 0.00 0.00 0.00 0
89782 0.00 0.00 0.00 0
89786 0.00 0.00 0.00 0
89788 0.00 0.00 0.00 0
89789 0.00 0.00 0.00 0
89790 0.00 0.00 0.00 0
89791 0.00 0.00 0.00 0
89792 0.00 0.00 0.00 0
89793 0.00 0.00 0.00 0
89794 0.00 0.00 0.00 0
89795 0.00 0.00 0.00 0
89796 0.00 0.00 0.00 0
89797 0.00 0.00 0.00 0
89860 0.00 0.00 0.00 0
89861 0.00 0.00 0.00 0
89862 0.00 0.00 0.00 0
89863 0.00 0.00 0.00 0
89864 0.00 0.00 0.00 0
89865 0.00 0.00 0.00 0
89866 0.00 0.00 0.00 0
89867 0.00 0.00 0.00 0
89868 0.00 0.00 0.00 0
89869 0.00 0.00 0.00 0
89873 0.00 0.00 0.00 0
89874 0.00 0.00 0.00 0
89875 0.00 0.00 0.00 0
89876 0.00 0.00 0.00 0
89877 0.00 0.00 0.00 0
89883 0.00 0.00 0.00 0
89884 0.00 0.00 0.00 0
89885 0.00 0.00 0.00 0
89893 0.00 0.00 0.00 0
89894 0.00 0.00 0.00 0
89895 0.00 0.00 0.00 0
89896 0.00 0.00 0.00 0
89897 0.00 0.00 0.00 0
89898 0.00 0.00 0.00 0
89899 0.00 0.00 0.00 0
89900 0.00 0.00 0.00 0
89901 0.00 0.00 0.00 0
89902 0.00 0.00 0.00 0
89903 0.00 0.00 0.00 0
89904 0.00 0.00 0.00 0
89905 0.00 0.00 0.00 0
89906 0.00 0.00 0.00 0
89907 0.00 0.00 0.00 0
89918 0.00 0.00 0.00 0
89919 0.00 0.00 0.00 0
89920 0.00 0.00 0.00 0
90099 0.00 0.00 0.00 0
90100 0.00 0.00 0.00 0
90101 0.00 0.00 0.00 0
90102 0.00 0.00 0.00 0
90103 0.00 0.00 0.00 0
90104 0.00 0.00 0.00 0
90105 0.00 0.00 0.00 0
90106 0.00 0.00 0.00 0
90108 0.00 0.00 0.00 0
90109 0.00 0.00 0.00 0
90110 0.00 0.00 0.00 0
90111 0.00 0.00 0.00 0
90112 0.00 0.00 0.00 0
90113 0.00 0.00 0.00 0
90114 0.00 0.00 0.00 0
90115 0.00 0.00 0.00 0
90116 0.00 0.00 0.00 0
90117 0.00 0.00 0.00 0
90118 0.00 0.00 0.00 0
90119 0.00 0.00 0.00 0
90120 0.00 0.00 0.00 0
90121 0.00 0.00 0.00 0
90122 0.00 0.00 0.00 0
90123 0.00 0.00 0.00 0
90125 0.00 0.00 0.00 0
90127 0.00 0.00 0.00 0
90158 0.00 0.00 0.00 0
90159 0.00 0.00 0.00 0
90160 0.00 0.00 0.00 0
90203 0.00 0.00 0.00 0
90204 0.00 0.00 0.00 0
90205 0.00 0.00 0.00 0
90206 0.00 0.00 0.00 0
90207 0.00 0.00 0.00 0
90208 0.00 0.00 0.00 0
90209 0.00 0.00 0.00 0
90210 0.00 0.00 0.00 0
90211 0.00 0.00 0.00 0
90212 0.00 0.00 0.00 0
90213 0.00 0.00 0.00 0
90214 0.00 0.00 0.00 0
90215 0.00 0.00 0.00 0
90216 0.00 0.00 0.00 0
90217 0.00 0.00 0.00 0
90218 0.00 0.00 0.00 0
90219 0.00 0.00 0.00 0
90220 0.00 0.00 0.00 0
90221 0.00 0.00 0.00 0
90222 0.00 0.00 0.00 0
90223 0.00 0.00 0.00 0
90224 0.00 0.00 0.00 0
90225 0.00 0.00 0.00 0
90226 0.00 0.00 0.00 0
90227 0.00 0.00 0.00 0
90228 0.00 0.00 0.00 0
90229 0.00 0.00 0.00 0
90230 0.00 0.00 0.00 0
90231 0.00 0.00 0.00 0
90232 0.00 0.00 0.00 0
90233 0.00 0.00 0.00 0
90234 0.00 0.00 0.00 0
90235 0.00 0.00 0.00 0
90236 0.00 0.00 0.00 0
90237 0.00 0.00 0.00 0
90238 0.00 0.00 0.00 0
90239 0.00 0.00 0.00 0
90240 0.00 0.00 0.00 0
90241 0.00 0.00 0.00 0
90242 0.00 0.00 0.00 0
90243 0.00 0.00 0.00 0
90245 0.00 0.00 0.00 0
93457 0.00 0.00 0.00 0
93458 0.00 0.00 0.00 0
93459 0.00 0.00 0.00 0
93460 0.00 0.00 0.00 0
93461 0.00 0.00 0.00 0
93462 0.00 0.00 0.00 0
93463 0.00 0.00 0.00 0
93464 0.00 0.00 0.00 0
93465 0.00 0.00 0.00 0
93466 0.00 0.00 0.00 0
93467 0.00 0.00 0.00 0
93468 0.00 0.00 0.00 0
93469 0.00 0.00 0.00 0
93470 0.00 0.00 0.00 0
93471 0.00 0.00 0.00 0
93472 0.00 0.00 0.00 0
93475 0.00 0.00 0.00 0
93843 0.00 0.00 0.00 0
94543 0.00 0.00 0.00 0
94544 0.00 0.00 0.00 0
94545 0.00 0.00 0.00 0
94546 0.00 0.00 0.00 0
94547 0.00 0.00 0.00 0
94548 0.00 0.00 0.00 0
94549 0.00 0.00 0.00 0
94550 0.00 0.00 0.00 0
94551 0.00 0.00 0.00 0
94552 0.00 0.00 0.00 0
94553 0.00 0.00 0.00 0
94554 0.00 0.00 0.00 0
94555 0.00 0.00 0.00 0
94556 0.00 0.00 0.00 0
94557 0.00 0.00 0.00 0
94558 0.00 0.00 0.00 0
97390 0.00 0.00 0.00 0
97392 0.00 0.00 0.00 0
97393 0.00 0.00 0.00 0
97394 0.00 0.00 0.00 0
97395 0.00 0.00 0.00 0
97467 0.00 0.00 0.00 0
97468 0.00 0.00 0.00 0
97469 0.00 0.00 0.00 0
97470 0.00 0.00 0.00 0
97471 0.00 0.00 0.00 0
97472 0.00 0.00 0.00 0
97473 0.00 0.00 0.00 0
97474 0.00 0.00 0.00 0
97507 0.00 0.00 0.00 0
97508 0.00 0.00 0.00 0
97509 0.00 0.00 0.00 0
97510 0.00 0.00 0.00 0
97511 0.00 0.00 0.00 0
97512 0.00 0.00 0.00 0
97513 0.00 0.00 0.00 0
97514 0.00 0.00 0.00 0
97515 0.00 0.00 0.00 0
97517 0.00 0.00 0.00 0
97518 0.00 0.00 0.00 0
97519 0.00 0.00 0.00 0
97529 0.00 0.00 0.00 0
97530 0.00 0.00 0.00 0
97531 0.00 0.00 0.00 0
97532 0.00 0.00 0.00 0
97533 0.00 0.00 0.00 0
98866 0.00 0.00 0.00 0
98867 0.00 0.00 0.00 0
98868 0.00 0.00 0.00 0
98869 0.00 0.00 0.00 0
98870 0.00 0.00 0.00 0
98871 0.00 0.00 0.00 0
98872 0.00 0.00 0.00 0
98873 0.00 0.00 0.00 0
98874 0.00 0.00 0.00 0
98875 0.00 0.00 0.00 0
98876 0.00 0.00 0.00 0
98877 0.00 0.00 0.00 0
98878 0.00 0.00 0.00 0
101825 0.00 0.00 0.00 0
101826 0.00 0.00 0.00 0
101827 0.00 0.00 0.00 0
101828 0.00 0.00 0.00 0
101829 0.00 0.00 0.00 0
101830 0.00 0.00 0.00 0
101831 0.00 0.00 0.00 0
101832 0.00 0.00 0.00 0
101833 0.00 0.00 0.00 0
101834 0.00 0.00 0.00 0
101835 0.00 0.00 0.00 0
101836 0.00 0.00 0.00 0
101837 0.00 0.00 0.00 0
101838 0.00 0.00 0.00 0
101839 0.00 0.00 0.00 0
101840 0.00 0.00 0.00 0
101841 0.00 0.00 0.00 0
101842 0.00 0.00 0.00 0
101843 0.00 0.00 0.00 0
101844 0.00 0.00 0.00 0
101845 0.00 0.00 0.00 0
101846 0.00 0.00 0.00 0
101847 0.00 0.00 0.00 0
101848 0.00 0.00 0.00 0
101849 0.00 0.00 0.00 0
101850 0.00 0.00 0.00 0
101851 0.00 0.00 0.00 0
101852 0.00 0.00 0.00 0
101853 0.00 0.00 0.00 0
101854 0.00 0.00 0.00 0
101855 0.00 0.00 0.00 0
101856 0.00 0.00 0.00 0
101857 0.00 0.00 0.00 0
101858 0.00 0.00 0.00 0
101859 0.00 0.00 0.00 0
101860 0.00 0.00 0.00 0
101861 0.00 0.00 0.00 0
102961 0.00 0.00 0.00 0
102963 0.00 0.00 0.00 0
102964 0.00 0.00 0.00 0
102965 0.00 0.00 0.00 0
102966 0.00 0.00 0.00 0
102967 0.00 0.00 0.00 0
102968 0.00 0.00 0.00 0
102969 0.00 0.00 0.00 0
105067 0.00 0.00 0.00 0
105069 0.00 0.00 0.00 0
105070 0.00 0.00 0.00 0
105071 0.00 0.00 0.00 0
105072 0.00 0.00 0.00 0
105073 0.00 0.00 0.00 0
105074 0.00 0.00 0.00 0
105075 0.00 0.00 0.00 0
105076 0.00 0.00 0.00 0
105077 0.00 0.00 0.00 0
105078 0.00 0.00 0.00 0
105079 0.00 0.00 0.00 0
105080 0.00 0.00 0.00 0
105081 0.00 0.00 0.00 0
105082 0.00 0.00 0.00 0
105083 0.00 0.00 0.00 0
105084 0.00 0.00 0.00 0
105085 0.00 0.00 0.00 0
105086 0.00 0.00 0.00 0
105087 0.00 0.00 0.00 0
105088 0.00 0.00 0.00 0
105089 0.00 0.00 0.00 0
105090 0.00 0.00 0.00 0
105091 0.00 0.00 0.00 0
105092 0.00 0.00 0.00 0
105093 0.00 0.00 0.00 0
105094 0.00 0.00 0.00 0
105095 0.00 0.00 0.00 0
105096 0.00 0.00 0.00 0
105097 0.00 0.00 0.00 0
105098 0.00 0.00 0.00 0
105099 0.00 0.00 0.00 0
105100 0.00 0.00 0.00 0
105101 0.00 0.00 0.00 0
105102 0.00 0.00 0.00 0
105103 0.00 0.00 0.00 0
105104 0.00 0.00 0.00 0
105105 0.00 0.00 0.00 0
105106 0.00 0.00 0.00 0
105107 0.00 0.00 0.00 0
105108 0.00 0.00 0.00 0
105109 0.00 0.00 0.00 0
105110 0.00 0.00 0.00 0
105111 0.00 0.00 0.00 0
105112 0.00 0.00 0.00 0
105113 0.00 0.00 0.00 0
105114 0.00 0.00 0.00 0
105115 0.00 0.00 0.00 0
113584 0.00 0.00 0.00 0
113586 0.00 0.00 0.00 0
113588 0.00 0.00 0.00 0
113589 0.00 0.00 0.00 0
113590 0.00 0.00 0.00 0
113591 0.00 0.00 0.00 0
113592 0.00 0.00 0.00 0
113593 0.00 0.00 0.00 0
113599 0.00 0.00 0.00 0
113600 0.00 0.00 0.00 0
113601 0.00 0.00 0.00 0
113602 0.00 0.00 0.00 0
113603 0.00 0.00 0.00 0
113604 0.00 0.00 0.00 0
113605 0.00 0.00 0.00 0
113606 0.00 0.00 0.00 0
113607 0.00 0.00 0.00 0
113608 0.00 0.00 0.00 0
113609 0.00 0.00 0.00 0
113610 0.00 0.00 0.00 0
113611 0.00 0.00 0.00 0
113612 0.00 0.00 0.00 0
113613 0.00 0.00 0.00 0
113614 0.00 0.00 0.00 0
113615 0.00 0.00 0.00 0
113616 0.00 0.00 0.00 0
113618 0.00 0.00 0.00 0
113619 0.00 0.00 0.00 0
113620 0.00 0.00 0.00 0
113621 0.00 0.00 0.00 0
113622 0.00 0.00 0.00 0
113623 0.00 0.00 0.00 0
113624 0.00 0.00 0.00 0
113625 0.00 0.00 0.00 0
113626 0.00 0.00 0.00 0
113627 0.00 0.00 0.00 0
113628 0.00 0.00 0.00 0
113629 0.00 0.00 0.00 0
113630 0.00 0.00 0.00 0
113631 0.00 0.00 0.00 0
113632 0.00 0.00 0.00 0
113633 0.00 0.00 0.00 0
113647 0.00 0.00 0.00 0
113648 0.00 0.00 0.00 0
113649 0.00 0.00 0.00 0
113650 0.00 0.00 0.00 0
113651 0.00 0.00 0.00 0
113655 0.00 0.00 0.00 0
113778 0.00 0.00 0.00 0
113779 0.00 0.00 0.00 0
113780 0.00 0.00 0.00 0
113781 0.00 0.00 0.00 0
113782 0.00 0.00 0.00 0
113819 0.00 0.00 0.00 0
113820 0.00 0.00 0.00 0
113821 0.00 0.00 0.00 0
113822 0.00 0.00 0.00 0
113823 0.00 0.00 0.00 0
113824 0.00 0.00 0.00 0
113825 0.00 0.00 0.00 0
113826 0.00 0.00 0.00 0
113827 0.00 0.00 0.00 0
113828 0.00 0.00 0.00 0
113829 0.00 0.00 0.00 0
113830 0.00 0.00 0.00 0
113831 0.00 0.00 0.00 0
113832 0.00 0.00 0.00 0
113834 0.00 0.00 0.00 0
113835 0.00 0.00 0.00 0
113836 0.00 0.00 0.00 0
113842 0.00 0.00 0.00 0
113843 0.00 0.00 0.00 0
113844 0.00 0.00 0.00 0
113845 0.00 0.00 0.00 0
113846 0.00 0.00 0.00 0
113847 0.00 0.00 0.00 0
113848 0.00 0.00 0.00 0
113849 0.00 0.00 0.00 0
113850 0.00 0.00 0.00 0
113851 0.00 0.00 0.00 0
113852 0.00 0.00 0.00 0
113853 0.00 0.00 0.00 0
113854 0.00 0.00 0.00 0
113855 0.00 0.00 0.00 0
113856 0.00 0.00 0.00 0
113962 0.00 0.00 0.00 0
113963 0.00 0.00 0.00 0
113964 0.00 0.00 0.00 0
113965 0.00 0.00 0.00 0
113966 0.00 0.00 0.00 0
113967 0.00 0.00 0.00 0
113968 0.00 0.00 0.00 0
113969 0.00 0.00 0.00 0
113970 0.00 0.00 0.00 0
113971 0.00 0.00 0.00 0
113972 0.00 0.00 0.00 0
113973 0.00 0.00 0.00 0
113974 0.00 0.00 0.00 0
113975 0.00 0.00 0.00 0
113976 0.00 0.00 0.00 0
113977 0.00 0.00 0.00 0
113978 0.00 0.00 0.00 0
113999 0.00 0.00 0.00 0
114000 0.00 0.00 0.00 0
114001 0.00 0.00 0.00 0
114026 0.00 0.00 0.00 0
114027 0.00 0.00 0.00 0
114028 0.00 0.00 0.00 0
114029 0.00 0.00 0.00 0
114030 0.00 0.00 0.00 0
114031 0.00 0.00 0.00 0
114032 0.00 0.00 0.00 0
114033 0.00 0.00 0.00 0
114034 0.00 0.00 0.00 0
114035 0.00 0.00 0.00 0
114036 0.00 0.00 0.00 0
114037 0.00 0.00 0.00 0
114038 0.00 0.00 0.00 0
114039 0.00 0.00 0.00 0
114040 0.00 0.00 0.00 0
114041 0.00 0.00 0.00 0
114042 0.00 0.00 0.00 0
114043 0.00 0.00 0.00 0
114044 0.00 0.00 0.00 0
114045 0.00 0.00 0.00 0
114046 0.00 0.00 0.00 0
114047 0.00 0.00 0.00 0
114048 0.00 0.00 0.00 0
114049 0.00 0.00 0.00 0
114050 0.00 0.00 0.00 0
114051 0.00 0.00 0.00 0
115942 0.00 0.00 0.00 0
115943 0.00 0.00 0.00 0
115944 0.00 0.00 0.00 0
115945 0.00 0.00 0.00 0
118230 0.00 0.00 0.00 0
118231 0.00 0.00 0.00 0
118234 0.00 0.00 0.00 0
118235 0.00 0.00 0.00 0
118236 0.00 0.00 0.00 0
118237 0.00 0.00 0.00 0
118238 0.00 0.00 0.00 0
118239 0.00 0.00 0.00 0
118240 0.00 0.00 0.00 0
118241 0.00 0.00 0.00 0
118242 0.00 0.00 0.00 0
118243 0.00 0.00 0.00 0
118244 0.00 0.00 0.00 0
118245 0.00 0.00 0.00 0
118246 0.00 0.00 0.00 0
118247 0.00 0.00 0.00 0
118248 0.00 0.00 0.00 0
118249 0.00 0.00 0.00 0
118250 0.00 0.00 0.00 0
118251 0.00 0.00 0.00 0
118252 0.00 0.00 0.00 0
118253 0.00 0.00 0.00 0
118254 0.00 0.00 0.00 0
118255 0.00 0.00 0.00 0
118256 0.00 0.00 0.00 0
118257 0.00 0.00 0.00 0
118258 0.00 0.00 0.00 0
118259 0.00 0.00 0.00 0
118260 0.00 0.00 0.00 0
118261 0.00 0.00 0.00 0
118262 0.00 0.00 0.00 0
118263 0.00 0.00 0.00 0
118264 0.00 0.00 0.00 0
118265 0.00 0.00 0.00 0
119125 0.00 0.00 0.00 0
119126 0.00 0.00 0.00 0
119127 0.00 0.00 0.00 0
120760 0.00 0.00 0.00 0
120761 0.00 0.00 0.00 0
120762 0.00 0.00 0.00 0
120763 0.00 0.00 0.00 0
120764 0.00 0.00 0.00 0
120765 0.00 0.00 0.00 0
120766 0.00 0.00 0.00 0
120767 0.00 0.00 0.00 0
120768 0.00 0.00 0.00 0
120769 0.00 0.00 0.00 0
120770 0.00 0.00 0.00 0
120771 0.00 0.00 0.00 0
120772 0.00 0.00 0.00 0
120773 0.00 0.00 0.00 0
120774 0.00 0.00 0.00 0
120775 0.00 0.00 0.00 0
120776 0.00 0.00 0.00 0
120777 0.00 0.00 0.00 0
120778 0.00 0.00 0.00 0
120779 0.00 0.00 0.00 0
120780 0.00 0.00 0.00 0
120781 0.00 0.00 0.00 0
120782 0.00 0.00 0.00 0
120783 0.00 0.00 0.00 0
120784 0.00 0.00 0.00 0
120785 0.00 0.00 0.00 0
120786 0.00 0.00 0.00 0
120787 0.00 0.00 0.00 0
120788 0.00 0.00 0.00 0
120789 0.00 0.00 0.00 0
120790 0.00 0.00 0.00 0
120791 0.00 0.00 0.00 0
120792 0.00 0.00 0.00 0
120793 0.00 0.00 0.00 0
120794 0.00 0.00 0.00 0
120795 0.00 0.00 0.00 0
120796 0.00 0.00 0.00 0
127399 0.00 0.00 0.00 0
127400 0.00 0.00 0.00 0
127401 0.00 0.00 0.00 0
127402 0.00 0.00 0.00 0
127403 0.00 0.00 0.00 0
127404 0.00 0.00 0.00 0
127405 0.00 0.00 0.00 0
127406 0.00 0.00 0.00 0
127407 0.00 0.00 0.00 0
127408 0.00 0.00 0.00 0
127409 0.00 0.00 0.00 0
127410 0.00 0.00 0.00 0
127411 0.00 0.00 0.00 0
127412 0.00 0.00 0.00 0
127413 0.00 0.00 0.00 0
127414 0.00 0.00 0.00 0
127415 0.00 0.00 0.00 0
127416 0.00 0.00 0.00 0
127417 0.00 0.00 0.00 0
127418 0.00 0.00 0.00 0
127419 0.00 0.00 0.00 0
127420 0.00 0.00 0.00 0
127421 0.00 0.00 0.00 0
127431 0.00 0.00 0.00 0
127569 0.00 0.00 0.00 0
127570 0.00 0.00 0.00 0
127571 0.00 0.00 0.00 0
127572 0.00 0.00 0.00 0
127573 0.00 0.00 0.00 0
127575 0.00 0.00 0.00 0
127576 0.00 0.00 0.00 0
127577 0.00 0.00 0.00 0
127578 0.00 0.00 0.00 0
127579 0.00 0.00 0.00 0
127583 0.00 0.00 0.00 0
127584 0.00 0.00 0.00 0
127585 0.00 0.00 0.00 0
127586 0.00 0.00 0.00 0
127587 0.00 0.00 0.00 0
127588 0.00 0.00 0.00 0
127589 0.00 0.00 0.00 0
127590 0.00 0.00 0.00 0
127591 0.00 0.00 0.00 0
127592 0.00 0.00 0.00 0
127593 0.00 0.00 0.00 0
127594 0.00 0.00 0.00 0
127595 0.00 0.00 0.00 0
127596 0.00 0.00 0.00 0
127597 0.00 0.00 0.00 0
127598 0.00 0.00 0.00 0
127599 0.00 0.00 0.00 0
127600 0.00 0.00 0.00 0
127675 0.00 0.00 0.00 0
127676 0.00 0.00 0.00 0
127677 0.00 0.00 0.00 0
127678 0.00 0.00 0.00 0
127679 0.00 0.00 0.00 0
127680 0.00 0.00 0.00 0
127681 0.00 0.00 0.00 0
127682 0.00 0.00 0.00 0
127683 0.00 0.00 0.00 0
127684 0.00 0.00 0.00 0
127685 0.00 0.00 0.00 0
127686 0.00 0.00 0.00 0
127687 0.00 0.00 0.00 0
127688 0.00 0.00 0.00 0
127689 0.00 0.00 0.00 0
127690 0.00 0.00 0.00 0
127691 0.00 0.00 0.00 0
127692 0.00 0.00 0.00 0
127706 0.00 0.00 0.00 0
127727 0.00 0.00 0.00 0
127728 0.00 0.00 0.00 0
127729 0.00 0.00 0.00 0
127730 0.00 0.00 0.00 0
127731 0.00 0.00 0.00 0
127732 0.00 0.00 0.00 0
127733 0.00 0.00 0.00 0
127734 0.00 0.00 0.00 0
127735 0.00 0.00 0.00 0
127736 0.00 0.00 0.00 0
127737 0.00 0.00 0.00 0
127738 0.00 0.00 0.00 0
127739 0.00 0.00 0.00 0
127740 0.00 0.00 0.00 0
127741 0.00 0.00 0.00 0
127742 0.00 0.00 0.00 0
130634 0.00 0.00 0.00 0
130635 0.00 0.00 0.00 0
130636 0.00 0.00 0.00 0
130637 0.00 0.00 0.00 0
130638 0.00 0.00 0.00 0
130639 0.00 0.00 0.00 0
130640 0.00 0.00 0.00 0
130641 0.00 0.00 0.00 0
130642 0.00 0.00 0.00 0
130643 0.00 0.00 0.00 0
130644 0.00 0.00 0.00 0
130645 0.00 0.00 0.00 0
130646 0.00 0.00 0.00 0
130647 0.00 0.00 0.00 0
130648 0.00 0.00 0.00 0
130649 0.00 0.00 0.00 0
130650 0.00 0.00 0.00 0
130651 0.00 0.00 0.00 0
130652 0.00 0.00 0.00 0
130653 0.00 0.00 0.00 0
130654 0.00 0.00 0.00 0
130655 0.00 0.00 0.00 0
130656 0.00 0.00 0.00 0
130657 0.00 0.00 0.00 0
130658 0.00 0.00 0.00 0
130659 0.00 0.00 0.00 0
130660 0.00 0.00 0.00 0
130661 0.00 0.00 0.00 0
130662 0.00 0.00 0.00 0
130663 0.00 0.00 0.00 0
136819 0.00 0.00 0.00 0
136885 0.00 0.00 0.00 0
136886 0.00 0.00 0.00 0
136887 0.00 0.00 0.00 0
136888 0.00 0.00 0.00 0
136889 0.00 0.00 0.00 0
136890 0.00 0.00 0.00 0
136891 0.00 0.00 0.00 0
136892 0.00 0.00 0.00 0
136893 0.00 0.00 0.00 0
136894 0.00 0.00 0.00 0
136895 0.00 0.00 0.00 0
136896 0.00 0.00 0.00 0
136897 0.00 0.00 0.00 0
136898 0.00 0.00 0.00 0
136899 0.00 0.00 0.00 0
136900 0.00 0.00 0.00 0
136901 0.00 0.00 0.00 0
136902 0.00 0.00 0.00 0
136903 0.00 0.00 0.00 0
136904 0.00 0.00 0.00 0
136905 0.00 0.00 0.00 0
136906 0.00 0.00 0.00 0
136907 0.00 0.00 0.00 0
136908 0.00 0.00 0.00 0
136909 0.00 0.00 0.00 0
136910 0.00 0.00 0.00 0
136911 0.00 0.00 0.00 0
136912 0.00 0.00 0.00 0
136913 0.00 0.00 0.00 0
136914 0.00 0.00 0.00 0
136915 0.00 0.00 0.00 0
136916 0.00 0.00 0.00 0
136917 0.00 0.00 0.00 0
136918 0.00 0.00 0.00 0
136919 0.00 0.00 0.00 0
136920 0.00 0.00 0.00 0
136921 0.00 0.00 0.00 0
136922 0.00 0.00 0.00 0
136923 0.00 0.00 0.00 0
136924 0.00 0.00 0.00 0
136925 0.00 0.00 0.00 0
136926 0.00 0.00 0.00 0
136927 0.00 0.00 0.00 0
136928 0.00 0.00 0.00 0
136929 0.00 0.00 0.00 0
136930 0.00 0.00 0.00 0
136931 0.00 0.00 0.00 0
136932 0.00 0.00 0.00 0
136933 0.00 0.00 0.00 0
136934 0.00 0.00 0.00 0
136935 0.00 0.00 0.00 0
136936 0.00 0.00 0.00 0
136937 0.00 0.00 0.00 0
136938 0.00 0.00 0.00 0
136939 0.00 0.00 0.00 0
136940 0.00 0.00 0.00 0
136941 0.00 0.00 0.00 0
136942 0.00 0.00 0.00 0
136943 0.00 0.00 0.00 0
136944 0.00 0.00 0.00 0
136945 0.00 0.00 0.00 0
136946 0.00 0.00 0.00 0
136947 0.00 0.00 0.00 0
136948 0.00 0.00 0.00 0
136949 0.00 0.00 0.00 0
136950 0.00 0.00 0.00 0
136951 0.00 0.00 0.00 0
136952 0.00 0.00 0.00 0
136953 0.00 0.00 0.00 0
136954 0.00 0.00 0.00 0
136955 0.00 0.00 0.00 0
136956 0.00 0.00 0.00 0
136957 0.00 0.00 0.00 0
136958 0.00 0.00 0.00 0
139240 0.00 0.00 0.00 0
139241 0.00 0.00 0.00 0
139242 0.00 0.00 0.00 0
139243 0.00 0.00 0.00 0
139244 0.00 0.00 0.00 0
139245 0.00 0.00 0.00 0
143529 0.00 0.00 0.00 0
143530 0.00 0.00 0.00 0
143531 0.00 0.00 0.00 0
143532 0.00 0.00 0.00 0
143533 0.00 0.00 0.00 0
143534 0.00 0.00 0.00 0
143535 0.00 0.00 0.00 0
143536 0.00 0.00 0.00 0
143537 0.00 0.00 0.00 0
143538 0.00 0.00 0.00 0
143539 0.00 0.00 0.00 0
143540 0.00 0.00 0.00 0
143541 0.00 0.00 0.00 0
143542 0.00 0.00 0.00 0
143543 0.00 0.00 0.00 0
143544 0.00 0.00 0.00 0
143545 0.00 0.00 0.00 0
143546 0.00 0.00 0.00 0
143547 0.00 0.00 0.00 0
143548 0.00 0.00 0.00 0
143549 0.00 0.00 0.00 0
143550 0.00 0.00 0.00 0
143551 0.00 0.00 0.00 0
143552 0.00 0.00 0.00 0
143553 0.00 0.00 0.00 0
143554 0.00 0.00 0.00 0
143555 0.00 0.00 0.00 0
143556 0.00 0.00 0.00 0
143557 0.00 0.00 0.00 0
143558 0.00 0.00 0.00 0
143559 0.00 0.00 0.00 0
143560 0.00 0.00 0.00 0
143561 0.00 0.00 0.00 0
143562 0.00 0.00 0.00 0
143563 0.00 0.00 0.00 0
143564 0.00 0.00 0.00 0
143565 0.00 0.00 0.00 0
143566 0.00 0.00 0.00 0
143567 0.00 0.00 0.00 0
143568 0.00 0.00 0.00 0
143569 0.00 0.00 0.00 0
143570 0.00 0.00 0.00 0
143571 0.00 0.00 0.00 0
143572 0.00 0.00 0.00 0
143573 0.00 0.00 0.00 0
143574 0.00 0.00 0.00 0
143575 0.00 0.00 0.00 0
143576 0.00 0.00 0.00 0
143577 0.00 0.00 0.00 0
143578 0.00 0.00 0.00 0
143579 0.00 0.00 0.00 0
143580 0.00 0.00 0.00 0
143581 0.00 0.00 0.00 0
143582 0.00 0.00 0.00 0
143583 0.00 0.00 0.00 0
143584 0.00 0.00 0.00 0
143585 0.00 0.00 0.00 0
143586 0.00 0.00 0.00 0
143587 0.00 0.00 0.00 0
143588 0.00 0.00 0.00 0
143589 0.00 0.00 0.00 0
143590 0.00 0.00 0.00 0
143591 0.00 0.00 0.00 0
143592 0.00 0.00 0.00 0
143593 0.00 0.00 0.00 0
143594 0.00 0.00 0.00 0
143595 0.00 0.00 0.00 0
143596 0.00 0.00 0.00 0
143597 0.00 0.00 0.00 0
143598 0.00 0.00 0.00 0
143599 0.00 0.00 0.00 0
143600 0.00 0.00 0.00 0
143601 0.00 0.00 0.00 0
143602 0.00 0.00 0.00 0
143603 0.00 0.00 0.00 0
143604 0.00 0.00 0.00 0
143605 0.00 0.00 0.00 0
143606 0.00 0.00 0.00 0
143607 0.00 0.00 0.00 0
143608 0.00 0.00 0.00 0
143609 0.00 0.00 0.00 0
143610 0.00 0.00 0.00 0
143611 0.00 0.00 0.00 0
143612 0.00 0.00 0.00 0
143613 0.00 0.00 0.00 0
143614 0.00 0.00 0.00 0
143615 0.00 0.00 0.00 0
143616 0.00 0.00 0.00 0
143617 0.00 0.00 0.00 0
160612 0.00 0.00 0.00 0
160613 0.00 0.00 0.00 0
160614 0.00 0.00 0.00 0
160615 0.00 0.00 0.00 0
160616 0.00 0.00 0.00 0
160623 0.00 0.00 0.00 0
160641 0.00 0.00 0.00 0
160642 0.00 0.00 0.00 0
160645 0.00 0.00 0.00 0
160646 0.00 0.00 0.00 0
160647 0.00 0.00 0.00 0
160648 0.00 0.00 0.00 0
160649 0.00 0.00 0.00 0
160650 0.00 0.00 0.00 0
160651 0.00 0.00 0.00 0
160652 0.00 0.00 0.00 0
160653 0.00 0.00 0.00 0
160665 0.00 0.00 0.00 0
160666 0.00 0.00 0.00 0
160667 0.00 0.00 0.00 0
160668 0.00 0.00 0.00 0
160669 0.00 0.00 0.00 0
160686 0.00 0.00 0.00 0
160687 0.00 0.00 0.00 0
160688 0.00 0.00 0.00 0
160689 0.00 0.00 0.00 0
160690 0.00 0.00 0.00 0
160691 0.00 0.00 0.00 0
160692 0.00 0.00 0.00 0
160693 0.00 0.00 0.00 0
160694 0.00 0.00 0.00 0
160695 0.00 0.00 0.00 0
160696 0.00 0.00 0.00 0
160697 0.00 0.00 0.00 0
160698 0.00 0.00 0.00 0
160699 0.00 0.00 0.00 0
160700 0.00 0.00 0.00 0
160701 0.00 0.00 0.00 0
160702 0.00 0.00 0.00 0
160703 0.00 0.00 0.00 0
160704 0.00 0.00 0.00 0
160705 0.00 0.00 0.00 0
160706 0.00 0.00 0.00 0
160707 0.00 0.00 0.00 0
160708 0.00 0.00 0.00 0
160709 0.00 0.00 0.00 0
160717 0.00 0.00 0.00 0
160718 0.00 0.00 0.00 0
160726 0.00 0.00 0.00 0
160727 0.00 0.00 0.00 0
160728 0.00 0.00 0.00 0
160729 0.00 0.00 0.00 0
160730 0.00 0.00 0.00 0
160731 0.00 0.00 0.00 0
160732 0.00 0.00 0.00 0
160733 0.00 0.00 0.00 0
160734 0.00 0.00 0.00 0
160735 0.00 0.00 0.00 0
160736 0.00 0.00 0.00 0
160737 0.00 0.00 0.00 0
160738 0.00 0.00 0.00 0
160739 0.00 0.00 0.00 0
160740 0.00 0.00 0.00 0
160741 0.00 0.00 0.00 0
160742 0.00 0.00 0.00 0
160743 0.00 0.00 0.00 0
160744 0.00 0.00 0.00 0
160745 0.00 0.00 0.00 0
160748 0.00 0.00 0.00 0
160750 0.00 0.00 0.00 0
160751 0.00 0.00 0.00 0
160752 0.00 0.00 0.00 0
160753 0.00 0.00 0.00 0
160754 0.00 0.00 0.00 0
160755 0.00 0.00 0.00 0
160756 0.00 0.00 0.00 0
160757 0.00 0.00 0.00 0
160758 0.00 0.00 0.00 0
160759 0.00 0.00 0.00 0
160760 0.00 0.00 0.00 0
160761 0.00 0.00 0.00 0
160762 0.00 0.00 0.00 0
160763 0.00 0.00 0.00 0
160844 0.00 0.00 0.00 0
160953 0.00 0.00 0.00 0
160979 0.00 0.00 0.00 0
160980 0.00 0.00 0.00 0
160981 0.00 0.00 0.00 0
160982 0.00 0.00 0.00 0
160983 0.00 0.00 0.00 0
160984 0.00 0.00 0.00 0
160985 0.00 0.00 0.00 0
160986 0.00 0.00 0.00 0
160987 0.00 0.00 0.00 0
160988 0.00 0.00 0.00 0
160989 0.00 0.00 0.00 0
160995 0.00 0.00 0.00 0
160996 0.00 0.00 0.00 0
160997 0.00 0.00 0.00 0
160998 0.00 0.00 0.00 0
160999 0.00 0.00 0.00 0
161000 0.00 0.00 0.00 0
161001 0.00 0.00 0.00 0
161002 0.00 0.00 0.00 0
161003 0.00 0.00 0.00 0
161004 0.00 0.00 0.00 0
161005 0.00 0.00 0.00 0
161006 0.00 0.00 0.00 0
161007 0.00 0.00 0.00 0
161081 0.00 0.00 0.00 0
161082 0.00 0.00 0.00 0
161083 0.00 0.00 0.00 0
161084 0.00 0.00 0.00 0
161085 0.00 0.00 0.00 0
161086 0.00 0.00 0.00 0
161087 0.00 0.00 0.00 0
161088 0.00 0.00 0.00 0
161089 0.00 0.00 0.00 0
161090 0.00 0.00 0.00 0
161092 0.00 0.00 0.00 0
161093 0.00 0.00 0.00 0
161098 0.00 0.00 0.00 0
161099 0.00 0.00 0.00 0
161100 0.00 0.00 0.00 0
161101 0.00 0.00 0.00 0
161102 0.00 0.00 0.00 0
161103 0.00 0.00 0.00 0
161122 0.00 0.00 0.00 0
161123 0.00 0.00 0.00 0
161124 0.00 0.00 0.00 0
161126 0.00 0.00 0.00 0
161127 0.00 0.00 0.00 0
161128 0.00 0.00 0.00 0
161129 0.00 0.00 0.00 0
161130 0.00 0.00 0.00 0
161131 0.00 0.00 0.00 0
161132 0.00 0.00 0.00 0
161133 0.00 0.00 0.00 0
161134 0.00 0.00 0.00 0
161135 0.00 0.00 0.00 0
161136 0.00 0.00 0.00 0
161137 0.00 0.00 0.00 0
161138 0.00 0.00 0.00 0
161152 0.00 0.00 0.00 0
161153 0.00 0.00 0.00 0
161358 0.00 0.00 0.00 0
161368 0.00 0.00 0.00 0
161369 0.00 0.00 0.00 0
161370 0.00 0.00 0.00 0
161371 0.00 0.00 0.00 0
161372 0.00 0.00 0.00 0
161373 0.00 0.00 0.00 0
161380 0.00 0.00 0.00 0
161381 0.00 0.00 0.00 0
161382 0.00 0.00 0.00 0
161383 0.00 0.00 0.00 0
161384 0.00 0.00 0.00 0
161385 0.00 0.00 0.00 0
161386 0.00 0.00 0.00 0
161387 0.00 0.00 0.00 0
161388 0.00 0.00 0.00 0
161389 0.00 0.00 0.00 0
161390 0.00 0.00 0.00 0
161391 0.00 0.00 0.00 0
161392 0.00 0.00 0.00 0
161393 0.00 0.00 0.00 0
161394 0.00 0.00 0.00 0
161395 0.00 0.00 0.00 0
161396 0.00 0.00 0.00 0
161397 0.00 0.00 0.00 0
161398 0.00 0.00 0.00 0
161399 0.00 0.00 0.00 0
161400 0.00 0.00 0.00 0
161401 0.00 0.00 0.00 0
161402 0.00 0.00 0.00 0
161440 0.00 0.00 0.00 0
161441 0.00 0.00 0.00 0
161443 0.00 0.00 0.00 0
161494 0.00 0.00 0.00 0
161495 0.00 0.00 0.00 0
161496 0.00 0.00 0.00 0
161497 0.00 0.00 0.00 0
161498 0.00 0.00 0.00 0
161499 0.00 0.00 0.00 0
161500 0.00 0.00 0.00 0
161501 0.00 0.00 0.00 0
161502 0.00 0.00 0.00 0
161503 0.00 0.00 0.00 0
161504 0.00 0.00 0.00 0
161505 0.00 0.00 0.00 0
161506 0.00 0.00 0.00 0
161507 0.00 0.00 0.00 0
161508 0.00 0.00 0.00 0
161509 0.00 0.00 0.00 0
161510 0.00 0.00 0.00 0
161511 0.00 0.00 0.00 0
161512 0.00 0.00 0.00 0
161513 0.00 0.00 0.00 0
161514 0.00 0.00 0.00 0
161515 0.00 0.00 0.00 0
161516 0.00 0.00 0.00 0
161517 0.00 0.00 0.00 0
161518 0.00 0.00 0.00 0
161519 0.00 0.00 0.00 0
161520 0.00 0.00 0.00 0
161521 0.00 0.00 0.00 0
161522 0.00 0.00 0.00 0
161523 0.00 0.00 0.00 0
161524 0.00 0.00 0.00 0
161525 0.00 0.00 0.00 0
161526 0.00 0.00 0.00 0
161527 0.00 0.00 0.00 0
161528 0.00 0.00 0.00 0
161529 0.00 0.00 0.00 0
161530 0.00 0.00 0.00 0
161531 0.00 0.00 0.00 0
161532 0.00 0.00 0.00 0
161533 0.00 0.00 0.00 0
161534 0.00 0.00 0.00 0
161535 0.00 0.00 0.00 0
161536 0.00 0.00 0.00 0
161537 0.00 0.00 0.00 0
161538 0.00 0.00 0.00 0
161539 0.00 0.00 0.00 0
161540 0.00 0.00 0.00 0
161541 0.00 0.00 0.00 0
161542 0.00 0.00 0.00 0
161543 0.00 0.00 0.00 0
161544 0.00 0.00 0.00 0
161545 0.00 0.00 0.00 0
