# G_orbital
2704
116 0.00 0.00 0.00 0
268 0.00 0.00 0.00 0
322 0.00 0.00 0.00 0
323 0.00 0.00 0.00 0
388 0.00 0.00 0.00 0
512 0.00 0.00 0.00 0
513 0.00 0.00 0.00 0
516 0.00 0.00 0.00 0
517 0.00 0.00 0.00 0
518 0.00 0.00 0.00 0
597 0.00 0.00 0.00 0
735 0.00 0.00 0.00 0
737 0.00 0.00 0.00 0
1125 0.00 0.00 0.00 0
1126 0.00 0.00 0.00 0
1131 0.00 0.00 0.00 0
1132 0.00 0.00 0.00 0
1133 0.00 0.00 0.00 0
1134 0.00 0.00 0.00 0
1135 0.00 0.00 0.00 0
1139 0.00 0.00 0.00 0
1165 0.00 0.00 0.00 0
1167 0.00 0.00 0.00 0
1327 0.00 0.00 0.00 0
1328 0.00 0.00 0.00 0
1329 0.00 0.00 0.00 0
1636 0.00 0.00 0.00 0
1732 0.00 0.00 0.00 0
1733 0.00 0.00 0.00 0
1734 0.00 0.00 0.00 0
1735 0.00 0.00 0.00 0
2182 0.00 0.00 0.00 0
2183 0.00 0.00 0.00 0
2188 0.00 0.00 0.00 0
2189 0.00 0.00 0.00 0
2191 0.00 0.00 0.00 0
2192 0.00 0.00 0.00 0
2194 0.00 0.00 0.00 0
2195 0.00 0.00 0.00 0
2197 0.00 0.00 0.00 0
2198 0.00 0.00 0.00 0
2430 0.00 0.00 0.00 0
2656 0.00 0.00 0.00 0
3045 0.00 0.00 0.00 0
3046 0.00 0.00 0.00 0
3047 0.00 0.00 0.00 0
3054 0.00 0.00 0.00 0
3085 0.00 0.00 0.00 0
3086 0.00 0.00 0.00 0
3087 0.00 0.00 0.00 0
3088 0.00 0.00 0.00 0
3248 0.00 0.00 0.00 0
3249 0.00 0.00 0.00 0
3687 0.00 0.00 0.00 0
3688 0.00 0.00 0.00 0
3847 0.00 0.00 0.00 0
3848 0.00 0.00 0.00 0
3849 0.00 0.00 0.00 0
4816 0.00 0.00 0.00 0
4817 0.00 0.00 0.00 0
4818 0.00 0.00 0.00 0
4819 0.00 0.00 0.00 0
4831 0.00 0.00 0.00 0
4832 0.00 0.00 0.00 0
4833 0.00 0.00 0.00 0
4834 0.00 0.00 0.00 0
4835 0.00 0.00 0.00 0
4836 0.00 0.00 0.00 0
4837 0.00 0.00 0.00 0
4839 0.00 0.00 0.00 0
4840 0.00 0.00 0.00 0
4841 0.00 0.00 0.00 0
4842 0.00 0.00 0.00 0
4843 0.00 0.00 0.00 0
4847 0.00 0.00 0.00 0
4850 0.00 0.00 0.00 0
4851 0.00 0.00 0.00 0
4853 0.00 0.00 0.00 0
4854 0.00 0.00 0.00 0
4855 0.00 0.00 0.00 0
4857 0.00 0.00 0.00 0
4935 0.00 0.00 0.00 0
5422 0.00 0.00 0.00 0
5424 0.00 0.00 0.00 0
5425 0.00 0.00 0.00 0
5426 0.00 0.00 0.00 0
5427 0.00 0.00 0.00 0
5430 0.00 0.00 0.00 0
5431 0.00 0.00 0.00 0
5432 0.00 0.00 0.00 0
5931 0.00 0.00 0.00 0
5933 0.00 0.00 0.00 0
5935 0.00 0.00 0.00 0
5956 0.00 0.00 0.00 0
6633 0.00 0.00 0.00 0
6634 0.00 0.00 0.00 0
6635 0.00 0.00 0.00 0
6636 0.00 0.00 0.00 0
6643 0.00 0.00 0.00 0
6645 0.00 0.00 0.00 0
6646 0.00 0.00 0.00 0
6647 0.00 0.00 0.00 0
6648 0.00 0.00 0.00 0
6649 0.00 0.00 0.00 0
6650 0.00 0.00 0.00 0
6651 0.00 0.00 0.00 0
6657 0.00 0.00 0.00 0
6658 0.00 0.00 0.00 0
6705 0.00 0.00 0.00 0
6707 0.00 0.00 0.00 0
6712 0.00 0.00 0.00 0
6997 0.00 0.00 0.00 0
6998 0.00 0.00 0.00 0
6999 0.00 0.00 0.00 0
7000 0.00 0.00 0.00 0
7001 0.00 0.00 0.00 0
7599 0.00 0.00 0.00 0
7655 0.00 0.00 0.00 0
7657 0.00 0.00 0.00 0
7658 0.00 0.00 0.00 0
7659 0.00 0.00 0.00 0
7660 0.00 0.00 0.00 0
7882 0.00 0.00 0.00 0
7883 0.00 0.00 0.00 0
7884 0.00 0.00 0.00 0
7885 0.00 0.00 0.00 0
7886 0.00 0.00 0.00 0
7889 0.00 0.00 0.00 0
8218 0.00 0.00 0.00 0
8219 0.00 0.00 0.00 0
9107 0.00 0.00 0.00 0
9108 0.00 0.00 0.00 0
9109 0.00 0.00 0.00 0
9110 0.00 0.00 0.00 0
9111 0.00 0.00 0.00 0
9112 0.00 0.00 0.00 0
9124 0.00 0.00 0.00 0
9125 0.00 0.00 0.00 0
9126 0.00 0.00 0.00 0
9127 0.00 0.00 0.00 0
9128 0.00 0.00 0.00 0
9129 0.00 0.00 0.00 0
9133 0.00 0.00 0.00 0
9134 0.00 0.00 0.00 0
9135 0.00 0.00 0.00 0
9136 0.00 0.00 0.00 0
9137 0.00 0.00 0.00 0
9138 0.00 0.00 0.00 0
9143 0.00 0.00 0.00 0
9144 0.00 0.00 0.00 0
9145 0.00 0.00 0.00 0
9146 0.00 0.00 0.00 0
9147 0.00 0.00 0.00 0
9152 0.00 0.00 0.00 0
9153 0.00 0.00 0.00 0
9154 0.00 0.00 0.00 0
9155 0.00 0.00 0.00 0
9156 0.00 0.00 0.00 0
9157 0.00 0.00 0.00 0
9840 0.00 0.00 0.00 0
9846 0.00 0.00 0.00 0
9847 0.00 0.00 0.00 0
9848 0.00 0.00 0.00 0
10336 0.00 0.00 0.00 0
10725 0.00 0.00 0.00 0
10726 0.00 0.00 0.00 0
10727 0.00 0.00 0.00 0
10765 0.00 0.00 0.00 0
10766 0.00 0.00 0.00 0
10767 0.00 0.00 0.00 0
10768 0.00 0.00 0.00 0
11365 0.00 0.00 0.00 0
11366 0.00 0.00 0.00 0
11367 0.00 0.00 0.00 0
11368 0.00 0.00 0.00 0
11527 0.00 0.00 0.00 0
11528 0.00 0.00 0.00 0
11529 0.00 0.00 0.00 0
12495 0.00 0.00 0.00 0
12496 0.00 0.00 0.00 0
12497 0.00 0.00 0.00 0
12499 0.00 0.00 0.00 0
12513 0.00 0.00 0.00 0
12514 0.00 0.00 0.00 0
12515 0.00 0.00 0.00 0
12516 0.00 0.00 0.00 0
12517 0.00 0.00 0.00 0
12518 0.00 0.00 0.00 0
12519 0.00 0.00 0.00 0
12520 0.00 0.00 0.00 0
12521 0.00 0.00 0.00 0
12522 0.00 0.00 0.00 0
12523 0.00 0.00 0.00 0
12524 0.00 0.00 0.00 0
12525 0.00 0.00 0.00 0
12530 0.00 0.00 0.00 0
12531 0.00 0.00 0.00 0
12532 0.00 0.00 0.00 0
12533 0.00 0.00 0.00 0
12534 0.00 0.00 0.00 0
12535 0.00 0.00 0.00 0
12615 0.00 0.00 0.00 0
12616 0.00 0.00 0.00 0
12617 0.00 0.00 0.00 0
13102 0.00 0.00 0.00 0
13103 0.00 0.00 0.00 0
13104 0.00 0.00 0.00 0
13105 0.00 0.00 0.00 0
13106 0.00 0.00 0.00 0
13107 0.00 0.00 0.00 0
13109 0.00 0.00 0.00 0
13110 0.00 0.00 0.00 0
13111 0.00 0.00 0.00 0
13112 0.00 0.00 0.00 0
13725 0.00 0.00 0.00 0
13726 0.00 0.00 0.00 0
13727 0.00 0.00 0.00 0
13728 0.00 0.00 0.00 0
13729 0.00 0.00 0.00 0
13730 0.00 0.00 0.00 0
13732 0.00 0.00 0.00 0
13767 0.00 0.00 0.00 0
13768 0.00 0.00 0.00 0
14895 0.00 0.00 0.00 0
14896 0.00 0.00 0.00 0
14897 0.00 0.00 0.00 0
14898 0.00 0.00 0.00 0
14899 0.00 0.00 0.00 0
14900 0.00 0.00 0.00 0
14901 0.00 0.00 0.00 0
14915 0.00 0.00 0.00 0
14916 0.00 0.00 0.00 0
14917 0.00 0.00 0.00 0
14918 0.00 0.00 0.00 0
14919 0.00 0.00 0.00 0
14920 0.00 0.00 0.00 0
14921 0.00 0.00 0.00 0
14922 0.00 0.00 0.00 0
14923 0.00 0.00 0.00 0
14924 0.00 0.00 0.00 0
14925 0.00 0.00 0.00 0
14934 0.00 0.00 0.00 0
15015 0.00 0.00 0.00 0
15016 0.00 0.00 0.00 0
15017 0.00 0.00 0.00 0
15018 0.00 0.00 0.00 0
15019 0.00 0.00 0.00 0
15025 0.00 0.00 0.00 0
15026 0.00 0.00 0.00 0
15027 0.00 0.00 0.00 0
15028 0.00 0.00 0.00 0
15502 0.00 0.00 0.00 0
15503 0.00 0.00 0.00 0
15504 0.00 0.00 0.00 0
15505 0.00 0.00 0.00 0
15506 0.00 0.00 0.00 0
15507 0.00 0.00 0.00 0
15508 0.00 0.00 0.00 0
15509 0.00 0.00 0.00 0
16695 0.00 0.00 0.00 0
16813 0.00 0.00 0.00 0
16818 0.00 0.00 0.00 0
16820 0.00 0.00 0.00 0
16821 0.00 0.00 0.00 0
16822 0.00 0.00 0.00 0
16823 0.00 0.00 0.00 0
16824 0.00 0.00 0.00 0
16825 0.00 0.00 0.00 0
16826 0.00 0.00 0.00 0
16827 0.00 0.00 0.00 0
16828 0.00 0.00 0.00 0
17302 0.00 0.00 0.00 0
17303 0.00 0.00 0.00 0
17304 0.00 0.00 0.00 0
17305 0.00 0.00 0.00 0
17306 0.00 0.00 0.00 0
17307 0.00 0.00 0.00 0
17308 0.00 0.00 0.00 0
17309 0.00 0.00 0.00 0
17313 0.00 0.00 0.00 0
17315 0.00 0.00 0.00 0
17316 0.00 0.00 0.00 0
17317 0.00 0.00 0.00 0
18059 0.00 0.00 0.00 0
18060 0.00 0.00 0.00 0
18061 0.00 0.00 0.00 0
18062 0.00 0.00 0.00 0
20208 0.00 0.00 0.00 0
20209 0.00 0.00 0.00 0
20210 0.00 0.00 0.00 0
20211 0.00 0.00 0.00 0
20212 0.00 0.00 0.00 0
20213 0.00 0.00 0.00 0
20214 0.00 0.00 0.00 0
20215 0.00 0.00 0.00 0
20216 0.00 0.00 0.00 0
20217 0.00 0.00 0.00 0
20218 0.00 0.00 0.00 0
20219 0.00 0.00 0.00 0
20220 0.00 0.00 0.00 0
20221 0.00 0.00 0.00 0
20222 0.00 0.00 0.00 0
20251 0.00 0.00 0.00 0
20253 0.00 0.00 0.00 0
20254 0.00 0.00 0.00 0
20255 0.00 0.00 0.00 0
20256 0.00 0.00 0.00 0
20257 0.00 0.00 0.00 0
20258 0.00 0.00 0.00 0
20259 0.00 0.00 0.00 0
20260 0.00 0.00 0.00 0
20261 0.00 0.00 0.00 0
20262 0.00 0.00 0.00 0
20263 0.00 0.00 0.00 0
20264 0.00 0.00 0.00 0
20265 0.00 0.00 0.00 0
20266 0.00 0.00 0.00 0
20267 0.00 0.00 0.00 0
20276 0.00 0.00 0.00 0
20277 0.00 0.00 0.00 0
20278 0.00 0.00 0.00 0
20279 0.00 0.00 0.00 0
20280 0.00 0.00 0.00 0
20281 0.00 0.00 0.00 0
20282 0.00 0.00 0.00 0
20283 0.00 0.00 0.00 0
20284 0.00 0.00 0.00 0
20285 0.00 0.00 0.00 0
20286 0.00 0.00 0.00 0
20287 0.00 0.00 0.00 0
20288 0.00 0.00 0.00 0
20299 0.00 0.00 0.00 0
20300 0.00 0.00 0.00 0
20301 0.00 0.00 0.00 0
20302 0.00 0.00 0.00 0
20303 0.00 0.00 0.00 0
20306 0.00 0.00 0.00 0
20307 0.00 0.00 0.00 0
20308 0.00 0.00 0.00 0
20309 0.00 0.00 0.00 0
20310 0.00 0.00 0.00 0
20311 0.00 0.00 0.00 0
20312 0.00 0.00 0.00 0
20321 0.00 0.00 0.00 0
20322 0.00 0.00 0.00 0
20323 0.00 0.00 0.00 0
20324 0.00 0.00 0.00 0
20325 0.00 0.00 0.00 0
20326 0.00 0.00 0.00 0
20327 0.00 0.00 0.00 0
20328 0.00 0.00 0.00 0
20329 0.00 0.00 0.00 0
20330 0.00 0.00 0.00 0
20331 0.00 0.00 0.00 0
20332 0.00 0.00 0.00 0
20333 0.00 0.00 0.00 0
20334 0.00 0.00 0.00 0
20335 0.00 0.00 0.00 0
22035 0.00 0.00 0.00 0
22036 0.00 0.00 0.00 0
22037 0.00 0.00 0.00 0
22038 0.00 0.00 0.00 0
22039 0.00 0.00 0.00 0
22050 0.00 0.00 0.00 0
22051 0.00 0.00 0.00 0
22052 0.00 0.00 0.00 0
22053 0.00 0.00 0.00 0
22054 0.00 0.00 0.00 0
22055 0.00 0.00 0.00 0
22056 0.00 0.00 0.00 0
22057 0.00 0.00 0.00 0
23212 0.00 0.00 0.00 0
23213 0.00 0.00 0.00 0
23214 0.00 0.00 0.00 0
23215 0.00 0.00 0.00 0
23913 0.00 0.00 0.00 0
23914 0.00 0.00 0.00 0
23915 0.00 0.00 0.00 0
23916 0.00 0.00 0.00 0
23917 0.00 0.00 0.00 0
23927 0.00 0.00 0.00 0
23928 0.00 0.00 0.00 0
23930 0.00 0.00 0.00 0
23931 0.00 0.00 0.00 0
23985 0.00 0.00 0.00 0
23986 0.00 0.00 0.00 0
23987 0.00 0.00 0.00 0
23988 0.00 0.00 0.00 0
23989 0.00 0.00 0.00 0
23990 0.00 0.00 0.00 0
23991 0.00 0.00 0.00 0
23992 0.00 0.00 0.00 0
24278 0.00 0.00 0.00 0
24280 0.00 0.00 0.00 0
24281 0.00 0.00 0.00 0
25065 0.00 0.00 0.00 0
25066 0.00 0.00 0.00 0
25068 0.00 0.00 0.00 0
25069 0.00 0.00 0.00 0
25070 0.00 0.00 0.00 0
25071 0.00 0.00 0.00 0
25072 0.00 0.00 0.00 0
25357 0.00 0.00 0.00 0
25358 0.00 0.00 0.00 0
25359 0.00 0.00 0.00 0
25360 0.00 0.00 0.00 0
25361 0.00 0.00 0.00 0
27102 0.00 0.00 0.00 0
27103 0.00 0.00 0.00 0
27104 0.00 0.00 0.00 0
27105 0.00 0.00 0.00 0
27106 0.00 0.00 0.00 0
27107 0.00 0.00 0.00 0
27108 0.00 0.00 0.00 0
27129 0.00 0.00 0.00 0
27130 0.00 0.00 0.00 0
27131 0.00 0.00 0.00 0
27132 0.00 0.00 0.00 0
27133 0.00 0.00 0.00 0
27134 0.00 0.00 0.00 0
27135 0.00 0.00 0.00 0
27136 0.00 0.00 0.00 0
27137 0.00 0.00 0.00 0
27138 0.00 0.00 0.00 0
27139 0.00 0.00 0.00 0
27144 0.00 0.00 0.00 0
27145 0.00 0.00 0.00 0
27146 0.00 0.00 0.00 0
27147 0.00 0.00 0.00 0
27148 0.00 0.00 0.00 0
27149 0.00 0.00 0.00 0
27151 0.00 0.00 0.00 0
27155 0.00 0.00 0.00 0
27156 0.00 0.00 0.00 0
27157 0.00 0.00 0.00 0
27158 0.00 0.00 0.00 0
27160 0.00 0.00 0.00 0
27161 0.00 0.00 0.00 0
27162 0.00 0.00 0.00 0
27163 0.00 0.00 0.00 0
27164 0.00 0.00 0.00 0
27165 0.00 0.00 0.00 0
27166 0.00 0.00 0.00 0
27169 0.00 0.00 0.00 0
27170 0.00 0.00 0.00 0
27171 0.00 0.00 0.00 0
27173 0.00 0.00 0.00 0
27174 0.00 0.00 0.00 0
27175 0.00 0.00 0.00 0
27176 0.00 0.00 0.00 0
27177 0.00 0.00 0.00 0
27315 0.00 0.00 0.00 0
28192 0.00 0.00 0.00 0
28194 0.00 0.00 0.00 0
28195 0.00 0.00 0.00 0
28196 0.00 0.00 0.00 0
28197 0.00 0.00 0.00 0
28198 0.00 0.00 0.00 0
28199 0.00 0.00 0.00 0
28200 0.00 0.00 0.00 0
28206 0.00 0.00 0.00 0
28207 0.00 0.00 0.00 0
28208 0.00 0.00 0.00 0
28209 0.00 0.00 0.00 0
28210 0.00 0.00 0.00 0
29199 0.00 0.00 0.00 0
29204 0.00 0.00 0.00 0
29205 0.00 0.00 0.00 0
29259 0.00 0.00 0.00 0
29260 0.00 0.00 0.00 0
30837 0.00 0.00 0.00 0
30838 0.00 0.00 0.00 0
30839 0.00 0.00 0.00 0
30840 0.00 0.00 0.00 0
30841 0.00 0.00 0.00 0
30842 0.00 0.00 0.00 0
30843 0.00 0.00 0.00 0
30844 0.00 0.00 0.00 0
30845 0.00 0.00 0.00 0
30846 0.00 0.00 0.00 0
30862 0.00 0.00 0.00 0
30864 0.00 0.00 0.00 0
30865 0.00 0.00 0.00 0
30866 0.00 0.00 0.00 0
30867 0.00 0.00 0.00 0
30868 0.00 0.00 0.00 0
30869 0.00 0.00 0.00 0
30870 0.00 0.00 0.00 0
30871 0.00 0.00 0.00 0
30872 0.00 0.00 0.00 0
30873 0.00 0.00 0.00 0
30874 0.00 0.00 0.00 0
30875 0.00 0.00 0.00 0
30876 0.00 0.00 0.00 0
30877 0.00 0.00 0.00 0
30878 0.00 0.00 0.00 0
30879 0.00 0.00 0.00 0
30891 0.00 0.00 0.00 0
30893 0.00 0.00 0.00 0
30894 0.00 0.00 0.00 0
31005 0.00 0.00 0.00 0
31006 0.00 0.00 0.00 0
31007 0.00 0.00 0.00 0
31010 0.00 0.00 0.00 0
31020 0.00 0.00 0.00 0
31023 0.00 0.00 0.00 0
31024 0.00 0.00 0.00 0
31687 0.00 0.00 0.00 0
31688 0.00 0.00 0.00 0
31689 0.00 0.00 0.00 0
31690 0.00 0.00 0.00 0
31691 0.00 0.00 0.00 0
31692 0.00 0.00 0.00 0
31693 0.00 0.00 0.00 0
31694 0.00 0.00 0.00 0
31695 0.00 0.00 0.00 0
31696 0.00 0.00 0.00 0
31697 0.00 0.00 0.00 0
31698 0.00 0.00 0.00 0
31699 0.00 0.00 0.00 0
33243 0.00 0.00 0.00 0
33244 0.00 0.00 0.00 0
33245 0.00 0.00 0.00 0
33393 0.00 0.00 0.00 0
33394 0.00 0.00 0.00 0
33395 0.00 0.00 0.00 0
33402 0.00 0.00 0.00 0
33403 0.00 0.00 0.00 0
33404 0.00 0.00 0.00 0
33405 0.00 0.00 0.00 0
33406 0.00 0.00 0.00 0
33407 0.00 0.00 0.00 0
33408 0.00 0.00 0.00 0
33409 0.00 0.00 0.00 0
33410 0.00 0.00 0.00 0
33411 0.00 0.00 0.00 0
33412 0.00 0.00 0.00 0
34012 0.00 0.00 0.00 0
34013 0.00 0.00 0.00 0
34014 0.00 0.00 0.00 0
34015 0.00 0.00 0.00 0
34016 0.00 0.00 0.00 0
34017 0.00 0.00 0.00 0
34018 0.00 0.00 0.00 0
34019 0.00 0.00 0.00 0
34020 0.00 0.00 0.00 0
34021 0.00 0.00 0.00 0
34022 0.00 0.00 0.00 0
34025 0.00 0.00 0.00 0
34028 0.00 0.00 0.00 0
34029 0.00 0.00 0.00 0
34030 0.00 0.00 0.00 0
34031 0.00 0.00 0.00 0
34945 0.00 0.00 0.00 0
34953 0.00 0.00 0.00 0
34954 0.00 0.00 0.00 0
34955 0.00 0.00 0.00 0
34956 0.00 0.00 0.00 0
34957 0.00 0.00 0.00 0
34958 0.00 0.00 0.00 0
34959 0.00 0.00 0.00 0
34960 0.00 0.00 0.00 0
37562 0.00 0.00 0.00 0
37563 0.00 0.00 0.00 0
37564 0.00 0.00 0.00 0
37565 0.00 0.00 0.00 0
37566 0.00 0.00 0.00 0
37567 0.00 0.00 0.00 0
37568 0.00 0.00 0.00 0
37569 0.00 0.00 0.00 0
37570 0.00 0.00 0.00 0
37571 0.00 0.00 0.00 0
37572 0.00 0.00 0.00 0
37573 0.00 0.00 0.00 0
37574 0.00 0.00 0.00 0
37575 0.00 0.00 0.00 0
37576 0.00 0.00 0.00 0
37577 0.00 0.00 0.00 0
37578 0.00 0.00 0.00 0
37612 0.00 0.00 0.00 0
37613 0.00 0.00 0.00 0
37614 0.00 0.00 0.00 0
37615 0.00 0.00 0.00 0
37616 0.00 0.00 0.00 0
37617 0.00 0.00 0.00 0
37618 0.00 0.00 0.00 0
37619 0.00 0.00 0.00 0
37620 0.00 0.00 0.00 0
37621 0.00 0.00 0.00 0
37622 0.00 0.00 0.00 0
37623 0.00 0.00 0.00 0
37624 0.00 0.00 0.00 0
37625 0.00 0.00 0.00 0
37626 0.00 0.00 0.00 0
37627 0.00 0.00 0.00 0
37628 0.00 0.00 0.00 0
37629 0.00 0.00 0.00 0
37630 0.00 0.00 0.00 0
37633 0.00 0.00 0.00 0
37640 0.00 0.00 0.00 0
37641 0.00 0.00 0.00 0
37642 0.00 0.00 0.00 0
37643 0.00 0.00 0.00 0
37644 0.00 0.00 0.00 0
37645 0.00 0.00 0.00 0
37646 0.00 0.00 0.00 0
37647 0.00 0.00 0.00 0
37648 0.00 0.00 0.00 0
37649 0.00 0.00 0.00 0
37650 0.00 0.00 0.00 0
37651 0.00 0.00 0.00 0
37652 0.00 0.00 0.00 0
37653 0.00 0.00 0.00 0
37654 0.00 0.00 0.00 0
37655 0.00 0.00 0.00 0
37656 0.00 0.00 0.00 0
37668 0.00 0.00 0.00 0
37669 0.00 0.00 0.00 0
37670 0.00 0.00 0.00 0
37671 0.00 0.00 0.00 0
37672 0.00 0.00 0.00 0
37673 0.00 0.00 0.00 0
37674 0.00 0.00 0.00 0
37676 0.00 0.00 0.00 0
37677 0.00 0.00 0.00 0
37678 0.00 0.00 0.00 0
37679 0.00 0.00 0.00 0
37680 0.00 0.00 0.00 0
37681 0.00 0.00 0.00 0
37682 0.00 0.00 0.00 0
37683 0.00 0.00 0.00 0
37684 0.00 0.00 0.00 0
37695 0.00 0.00 0.00 0
37696 0.00 0.00 0.00 0
37697 0.00 0.00 0.00 0
37698 0.00 0.00 0.00 0
37699 0.00 0.00 0.00 0
37700 0.00 0.00 0.00 0
37701 0.00 0.00 0.00 0
37702 0.00 0.00 0.00 0
37703 0.00 0.00 0.00 0
37704 0.00 0.00 0.00 0
37705 0.00 0.00 0.00 0
37706 0.00 0.00 0.00 0
37707 0.00 0.00 0.00 0
37708 0.00 0.00 0.00 0
37709 0.00 0.00 0.00 0
37710 0.00 0.00 0.00 0
37711 0.00 0.00 0.00 0
37712 0.00 0.00 0.00 0
37713 0.00 0.00 0.00 0
37714 0.00 0.00 0.00 0
37715 0.00 0.00 0.00 0
37998 0.00 0.00 0.00 0
39756 0.00 0.00 0.00 0
39757 0.00 0.00 0.00 0
39758 0.00 0.00 0.00 0
39759 0.00 0.00 0.00 0
39760 0.00 0.00 0.00 0
39774 0.00 0.00 0.00 0
39775 0.00 0.00 0.00 0
39776 0.00 0.00 0.00 0
39777 0.00 0.00 0.00 0
39778 0.00 0.00 0.00 0
39779 0.00 0.00 0.00 0
39780 0.00 0.00 0.00 0
39781 0.00 0.00 0.00 0
39782 0.00 0.00 0.00 0
39783 0.00 0.00 0.00 0
39784 0.00 0.00 0.00 0
39785 0.00 0.00 0.00 0
39788 0.00 0.00 0.00 0
39789 0.00 0.00 0.00 0
39790 0.00 0.00 0.00 0
39791 0.00 0.00 0.00 0
41445 0.00 0.00 0.00 0
41446 0.00 0.00 0.00 0
41447 0.00 0.00 0.00 0
41485 0.00 0.00 0.00 0
41486 0.00 0.00 0.00 0
41487 0.00 0.00 0.00 0
41488 0.00 0.00 0.00 0
42085 0.00 0.00 0.00 0
42086 0.00 0.00 0.00 0
42247 0.00 0.00 0.00 0
42248 0.00 0.00 0.00 0
42249 0.00 0.00 0.00 0
43215 0.00 0.00 0.00 0
43216 0.00 0.00 0.00 0
43217 0.00 0.00 0.00 0
43233 0.00 0.00 0.00 0
43234 0.00 0.00 0.00 0
43235 0.00 0.00 0.00 0
43236 0.00 0.00 0.00 0
43237 0.00 0.00 0.00 0
43238 0.00 0.00 0.00 0
43239 0.00 0.00 0.00 0
43240 0.00 0.00 0.00 0
43241 0.00 0.00 0.00 0
43242 0.00 0.00 0.00 0
43243 0.00 0.00 0.00 0
43244 0.00 0.00 0.00 0
43245 0.00 0.00 0.00 0
43249 0.00 0.00 0.00 0
43250 0.00 0.00 0.00 0
43251 0.00 0.00 0.00 0
43252 0.00 0.00 0.00 0
43253 0.00 0.00 0.00 0
43254 0.00 0.00 0.00 0
43255 0.00 0.00 0.00 0
43335 0.00 0.00 0.00 0
43336 0.00 0.00 0.00 0
43337 0.00 0.00 0.00 0
43345 0.00 0.00 0.00 0
43822 0.00 0.00 0.00 0
43823 0.00 0.00 0.00 0
43824 0.00 0.00 0.00 0
43825 0.00 0.00 0.00 0
43826 0.00 0.00 0.00 0
43827 0.00 0.00 0.00 0
43828 0.00 0.00 0.00 0
43829 0.00 0.00 0.00 0
43830 0.00 0.00 0.00 0
43831 0.00 0.00 0.00 0
43832 0.00 0.00 0.00 0
44445 0.00 0.00 0.00 0
44446 0.00 0.00 0.00 0
44447 0.00 0.00 0.00 0
44448 0.00 0.00 0.00 0
44449 0.00 0.00 0.00 0
44450 0.00 0.00 0.00 0
44451 0.00 0.00 0.00 0
44452 0.00 0.00 0.00 0
44487 0.00 0.00 0.00 0
44488 0.00 0.00 0.00 0
45615 0.00 0.00 0.00 0
45616 0.00 0.00 0.00 0
45617 0.00 0.00 0.00 0
45618 0.00 0.00 0.00 0
45619 0.00 0.00 0.00 0
45620 0.00 0.00 0.00 0
45621 0.00 0.00 0.00 0
45633 0.00 0.00 0.00 0
45634 0.00 0.00 0.00 0
45635 0.00 0.00 0.00 0
45636 0.00 0.00 0.00 0
45637 0.00 0.00 0.00 0
45638 0.00 0.00 0.00 0
45639 0.00 0.00 0.00 0
45640 0.00 0.00 0.00 0
45641 0.00 0.00 0.00 0
45642 0.00 0.00 0.00 0
45643 0.00 0.00 0.00 0
45644 0.00 0.00 0.00 0
45645 0.00 0.00 0.00 0
45654 0.00 0.00 0.00 0
45735 0.00 0.00 0.00 0
45736 0.00 0.00 0.00 0
45737 0.00 0.00 0.00 0
45738 0.00 0.00 0.00 0
45739 0.00 0.00 0.00 0
45740 0.00 0.00 0.00 0
45745 0.00 0.00 0.00 0
45746 0.00 0.00 0.00 0
45747 0.00 0.00 0.00 0
45748 0.00 0.00 0.00 0
46222 0.00 0.00 0.00 0
46223 0.00 0.00 0.00 0
46224 0.00 0.00 0.00 0
46225 0.00 0.00 0.00 0
46226 0.00 0.00 0.00 0
46227 0.00 0.00 0.00 0
46228 0.00 0.00 0.00 0
46229 0.00 0.00 0.00 0
47538 0.00 0.00 0.00 0
47539 0.00 0.00 0.00 0
47540 0.00 0.00 0.00 0
47541 0.00 0.00 0.00 0
47542 0.00 0.00 0.00 0
47543 0.00 0.00 0.00 0
47544 0.00 0.00 0.00 0
47545 0.00 0.00 0.00 0
47546 0.00 0.00 0.00 0
47547 0.00 0.00 0.00 0
47548 0.00 0.00 0.00 0
48022 0.00 0.00 0.00 0
48023 0.00 0.00 0.00 0
48024 0.00 0.00 0.00 0
48025 0.00 0.00 0.00 0
48026 0.00 0.00 0.00 0
48027 0.00 0.00 0.00 0
48028 0.00 0.00 0.00 0
48029 0.00 0.00 0.00 0
48033 0.00 0.00 0.00 0
48034 0.00 0.00 0.00 0
48035 0.00 0.00 0.00 0
48036 0.00 0.00 0.00 0
48037 0.00 0.00 0.00 0
48781 0.00 0.00 0.00 0
50928 0.00 0.00 0.00 0
50929 0.00 0.00 0.00 0
50930 0.00 0.00 0.00 0
50931 0.00 0.00 0.00 0
50932 0.00 0.00 0.00 0
50933 0.00 0.00 0.00 0
50934 0.00 0.00 0.00 0
50935 0.00 0.00 0.00 0
50936 0.00 0.00 0.00 0
50937 0.00 0.00 0.00 0
50938 0.00 0.00 0.00 0
50939 0.00 0.00 0.00 0
50940 0.00 0.00 0.00 0
50941 0.00 0.00 0.00 0
50942 0.00 0.00 0.00 0
50973 0.00 0.00 0.00 0
50974 0.00 0.00 0.00 0
50975 0.00 0.00 0.00 0
50976 0.00 0.00 0.00 0
50977 0.00 0.00 0.00 0
50978 0.00 0.00 0.00 0
50979 0.00 0.00 0.00 0
50980 0.00 0.00 0.00 0
50981 0.00 0.00 0.00 0
50982 0.00 0.00 0.00 0
50983 0.00 0.00 0.00 0
50984 0.00 0.00 0.00 0
50985 0.00 0.00 0.00 0
50986 0.00 0.00 0.00 0
50987 0.00 0.00 0.00 0
50996 0.00 0.00 0.00 0
50997 0.00 0.00 0.00 0
50998 0.00 0.00 0.00 0
50999 0.00 0.00 0.00 0
51000 0.00 0.00 0.00 0
51001 0.00 0.00 0.00 0
51002 0.00 0.00 0.00 0
51003 0.00 0.00 0.00 0
51004 0.00 0.00 0.00 0
51005 0.00 0.00 0.00 0
51006 0.00 0.00 0.00 0
51007 0.00 0.00 0.00 0
51008 0.00 0.00 0.00 0
51019 0.00 0.00 0.00 0
51020 0.00 0.00 0.00 0
51021 0.00 0.00 0.00 0
51022 0.00 0.00 0.00 0
51023 0.00 0.00 0.00 0
51026 0.00 0.00 0.00 0
51027 0.00 0.00 0.00 0
51028 0.00 0.00 0.00 0
51029 0.00 0.00 0.00 0
51030 0.00 0.00 0.00 0
51031 0.00 0.00 0.00 0
51032 0.00 0.00 0.00 0
51033 0.00 0.00 0.00 0
51041 0.00 0.00 0.00 0
51042 0.00 0.00 0.00 0
51043 0.00 0.00 0.00 0
51044 0.00 0.00 0.00 0
51045 0.00 0.00 0.00 0
51046 0.00 0.00 0.00 0
51047 0.00 0.00 0.00 0
51048 0.00 0.00 0.00 0
51049 0.00 0.00 0.00 0
51050 0.00 0.00 0.00 0
51051 0.00 0.00 0.00 0
51052 0.00 0.00 0.00 0
51053 0.00 0.00 0.00 0
51054 0.00 0.00 0.00 0
51055 0.00 0.00 0.00 0
52755 0.00 0.00 0.00 0
52756 0.00 0.00 0.00 0
52757 0.00 0.00 0.00 0
52770 0.00 0.00 0.00 0
52771 0.00 0.00 0.00 0
52772 0.00 0.00 0.00 0
52773 0.00 0.00 0.00 0
52774 0.00 0.00 0.00 0
52775 0.00 0.00 0.00 0
52776 0.00 0.00 0.00 0
52777 0.00 0.00 0.00 0
54046 0.00 0.00 0.00 0
54047 0.00 0.00 0.00 0
54048 0.00 0.00 0.00 0
54049 0.00 0.00 0.00 0
54050 0.00 0.00 0.00 0
54051 0.00 0.00 0.00 0
54052 0.00 0.00 0.00 0
55215 0.00 0.00 0.00 0
55216 0.00 0.00 0.00 0
55217 0.00 0.00 0.00 0
55218 0.00 0.00 0.00 0
55219 0.00 0.00 0.00 0
55220 0.00 0.00 0.00 0
55221 0.00 0.00 0.00 0
55222 0.00 0.00 0.00 0
55239 0.00 0.00 0.00 0
55244 0.00 0.00 0.00 0
55335 0.00 0.00 0.00 0
55336 0.00 0.00 0.00 0
55337 0.00 0.00 0.00 0
55338 0.00 0.00 0.00 0
55339 0.00 0.00 0.00 0
55340 0.00 0.00 0.00 0
55341 0.00 0.00 0.00 0
55342 0.00 0.00 0.00 0
55343 0.00 0.00 0.00 0
55344 0.00 0.00 0.00 0
55345 0.00 0.00 0.00 0
55346 0.00 0.00 0.00 0
55347 0.00 0.00 0.00 0
55348 0.00 0.00 0.00 0
55825 0.00 0.00 0.00 0
55826 0.00 0.00 0.00 0
55827 0.00 0.00 0.00 0
55828 0.00 0.00 0.00 0
55829 0.00 0.00 0.00 0
57138 0.00 0.00 0.00 0
57139 0.00 0.00 0.00 0
57140 0.00 0.00 0.00 0
57141 0.00 0.00 0.00 0
57142 0.00 0.00 0.00 0
57143 0.00 0.00 0.00 0
57144 0.00 0.00 0.00 0
57146 0.00 0.00 0.00 0
57622 0.00 0.00 0.00 0
57623 0.00 0.00 0.00 0
57624 0.00 0.00 0.00 0
57625 0.00 0.00 0.00 0
57626 0.00 0.00 0.00 0
57627 0.00 0.00 0.00 0
57628 0.00 0.00 0.00 0
57629 0.00 0.00 0.00 0
60528 0.00 0.00 0.00 0
60529 0.00 0.00 0.00 0
60530 0.00 0.00 0.00 0
60531 0.00 0.00 0.00 0
60532 0.00 0.00 0.00 0
60533 0.00 0.00 0.00 0
60534 0.00 0.00 0.00 0
60535 0.00 0.00 0.00 0
60536 0.00 0.00 0.00 0
60537 0.00 0.00 0.00 0
60538 0.00 0.00 0.00 0
60539 0.00 0.00 0.00 0
60540 0.00 0.00 0.00 0
60573 0.00 0.00 0.00 0
60574 0.00 0.00 0.00 0
60575 0.00 0.00 0.00 0
60576 0.00 0.00 0.00 0
60577 0.00 0.00 0.00 0
60578 0.00 0.00 0.00 0
60579 0.00 0.00 0.00 0
60580 0.00 0.00 0.00 0
60581 0.00 0.00 0.00 0
60582 0.00 0.00 0.00 0
60583 0.00 0.00 0.00 0
60584 0.00 0.00 0.00 0
60585 0.00 0.00 0.00 0
60586 0.00 0.00 0.00 0
60587 0.00 0.00 0.00 0
60588 0.00 0.00 0.00 0
60589 0.00 0.00 0.00 0
60590 0.00 0.00 0.00 0
60591 0.00 0.00 0.00 0
60592 0.00 0.00 0.00 0
60596 0.00 0.00 0.00 0
60597 0.00 0.00 0.00 0
60598 0.00 0.00 0.00 0
60599 0.00 0.00 0.00 0
60600 0.00 0.00 0.00 0
60601 0.00 0.00 0.00 0
60602 0.00 0.00 0.00 0
60603 0.00 0.00 0.00 0
60604 0.00 0.00 0.00 0
60605 0.00 0.00 0.00 0
60606 0.00 0.00 0.00 0
60607 0.00 0.00 0.00 0
60608 0.00 0.00 0.00 0
60609 0.00 0.00 0.00 0
60610 0.00 0.00 0.00 0
60611 0.00 0.00 0.00 0
60612 0.00 0.00 0.00 0
60617 0.00 0.00 0.00 0
60622 0.00 0.00 0.00 0
60627 0.00 0.00 0.00 0
60628 0.00 0.00 0.00 0
60629 0.00 0.00 0.00 0
60630 0.00 0.00 0.00 0
60631 0.00 0.00 0.00 0
60632 0.00 0.00 0.00 0
60633 0.00 0.00 0.00 0
60634 0.00 0.00 0.00 0
60635 0.00 0.00 0.00 0
60636 0.00 0.00 0.00 0
60638 0.00 0.00 0.00 0
60639 0.00 0.00 0.00 0
60640 0.00 0.00 0.00 0
60641 0.00 0.00 0.00 0
60642 0.00 0.00 0.00 0
60643 0.00 0.00 0.00 0
60644 0.00 0.00 0.00 0
60645 0.00 0.00 0.00 0
60647 0.00 0.00 0.00 0
60652 0.00 0.00 0.00 0
60885 0.00 0.00 0.00 0
60887 0.00 0.00 0.00 0
62347 0.00 0.00 0.00 0
62348 0.00 0.00 0.00 0
62349 0.00 0.00 0.00 0
62350 0.00 0.00 0.00 0
62351 0.00 0.00 0.00 0
62352 0.00 0.00 0.00 0
62353 0.00 0.00 0.00 0
62354 0.00 0.00 0.00 0
62355 0.00 0.00 0.00 0
62356 0.00 0.00 0.00 0
62357 0.00 0.00 0.00 0
62358 0.00 0.00 0.00 0
62359 0.00 0.00 0.00 0
62360 0.00 0.00 0.00 0
62361 0.00 0.00 0.00 0
62370 0.00 0.00 0.00 0
62371 0.00 0.00 0.00 0
62372 0.00 0.00 0.00 0
62373 0.00 0.00 0.00 0
62374 0.00 0.00 0.00 0
62375 0.00 0.00 0.00 0
62376 0.00 0.00 0.00 0
62377 0.00 0.00 0.00 0
64215 0.00 0.00 0.00 0
64217 0.00 0.00 0.00 0
64218 0.00 0.00 0.00 0
64219 0.00 0.00 0.00 0
64220 0.00 0.00 0.00 0
64222 0.00 0.00 0.00 0
64223 0.00 0.00 0.00 0
64224 0.00 0.00 0.00 0
64225 0.00 0.00 0.00 0
64226 0.00 0.00 0.00 0
64227 0.00 0.00 0.00 0
64343 0.00 0.00 0.00 0
64344 0.00 0.00 0.00 0
64345 0.00 0.00 0.00 0
64346 0.00 0.00 0.00 0
64347 0.00 0.00 0.00 0
64348 0.00 0.00 0.00 0
67725 0.00 0.00 0.00 0
67726 0.00 0.00 0.00 0
67727 0.00 0.00 0.00 0
67728 0.00 0.00 0.00 0
67729 0.00 0.00 0.00 0
67730 0.00 0.00 0.00 0
67731 0.00 0.00 0.00 0
67732 0.00 0.00 0.00 0
67733 0.00 0.00 0.00 0
67734 0.00 0.00 0.00 0
67735 0.00 0.00 0.00 0
67736 0.00 0.00 0.00 0
67737 0.00 0.00 0.00 0
67738 0.00 0.00 0.00 0
67739 0.00 0.00 0.00 0
67740 0.00 0.00 0.00 0
67741 0.00 0.00 0.00 0
67742 0.00 0.00 0.00 0
67744 0.00 0.00 0.00 0
67745 0.00 0.00 0.00 0
67746 0.00 0.00 0.00 0
67781 0.00 0.00 0.00 0
67782 0.00 0.00 0.00 0
67783 0.00 0.00 0.00 0
67784 0.00 0.00 0.00 0
67785 0.00 0.00 0.00 0
67786 0.00 0.00 0.00 0
67787 0.00 0.00 0.00 0
67788 0.00 0.00 0.00 0
67789 0.00 0.00 0.00 0
67790 0.00 0.00 0.00 0
67791 0.00 0.00 0.00 0
67792 0.00 0.00 0.00 0
67793 0.00 0.00 0.00 0
67794 0.00 0.00 0.00 0
67795 0.00 0.00 0.00 0
67796 0.00 0.00 0.00 0
67797 0.00 0.00 0.00 0
67798 0.00 0.00 0.00 0
67799 0.00 0.00 0.00 0
67800 0.00 0.00 0.00 0
67801 0.00 0.00 0.00 0
67802 0.00 0.00 0.00 0
67803 0.00 0.00 0.00 0
67804 0.00 0.00 0.00 0
67805 0.00 0.00 0.00 0
67806 0.00 0.00 0.00 0
67807 0.00 0.00 0.00 0
67808 0.00 0.00 0.00 0
67809 0.00 0.00 0.00 0
67810 0.00 0.00 0.00 0
67811 0.00 0.00 0.00 0
67812 0.00 0.00 0.00 0
67813 0.00 0.00 0.00 0
67814 0.00 0.00 0.00 0
67815 0.00 0.00 0.00 0
67841 0.00 0.00 0.00 0
67842 0.00 0.00 0.00 0
67843 0.00 0.00 0.00 0
67844 0.00 0.00 0.00 0
67845 0.00 0.00 0.00 0
68085 0.00 0.00 0.00 0
68086 0.00 0.00 0.00 0
68087 0.00 0.00 0.00 0
68088 0.00 0.00 0.00 0
68089 0.00 0.00 0.00 0
68090 0.00 0.00 0.00 0
68093 0.00 0.00 0.00 0
68094 0.00 0.00 0.00 0
68095 0.00 0.00 0.00 0
68097 0.00 0.00 0.00 0
68115 0.00 0.00 0.00 0
68116 0.00 0.00 0.00 0
68117 0.00 0.00 0.00 0
68118 0.00 0.00 0.00 0
68119 0.00 0.00 0.00 0
68120 0.00 0.00 0.00 0
68122 0.00 0.00 0.00 0
68124 0.00 0.00 0.00 0
68125 0.00 0.00 0.00 0
68126 0.00 0.00 0.00 0
68127 0.00 0.00 0.00 0
68128 0.00 0.00 0.00 0
69547 0.00 0.00 0.00 0
69548 0.00 0.00 0.00 0
69549 0.00 0.00 0.00 0
69550 0.00 0.00 0.00 0
69551 0.00 0.00 0.00 0
69552 0.00 0.00 0.00 0
69553 0.00 0.00 0.00 0
69554 0.00 0.00 0.00 0
69555 0.00 0.00 0.00 0
69556 0.00 0.00 0.00 0
69557 0.00 0.00 0.00 0
69558 0.00 0.00 0.00 0
69559 0.00 0.00 0.00 0
69560 0.00 0.00 0.00 0
69561 0.00 0.00 0.00 0
69562 0.00 0.00 0.00 0
69563 0.00 0.00 0.00 0
69564 0.00 0.00 0.00 0
69565 0.00 0.00 0.00 0
69566 0.00 0.00 0.00 0
69567 0.00 0.00 0.00 0
69568 0.00 0.00 0.00 0
69569 0.00 0.00 0.00 0
73125 0.00 0.00 0.00 0
73126 0.00 0.00 0.00 0
73127 0.00 0.00 0.00 0
73478 0.00 0.00 0.00 0
73480 0.00 0.00 0.00 0
73481 0.00 0.00 0.00 0
73482 0.00 0.00 0.00 0
73483 0.00 0.00 0.00 0
73484 0.00 0.00 0.00 0
73496 0.00 0.00 0.00 0
73498 0.00 0.00 0.00 0
73500 0.00 0.00 0.00 0
73501 0.00 0.00 0.00 0
73502 0.00 0.00 0.00 0
73503 0.00 0.00 0.00 0
73504 0.00 0.00 0.00 0
73505 0.00 0.00 0.00 0
73506 0.00 0.00 0.00 0
73507 0.00 0.00 0.00 0
73508 0.00 0.00 0.00 0
73509 0.00 0.00 0.00 0
73510 0.00 0.00 0.00 0
73511 0.00 0.00 0.00 0
73512 0.00 0.00 0.00 0
73513 0.00 0.00 0.00 0
73514 0.00 0.00 0.00 0
73515 0.00 0.00 0.00 0
73516 0.00 0.00 0.00 0
73517 0.00 0.00 0.00 0
73518 0.00 0.00 0.00 0
73519 0.00 0.00 0.00 0
73520 0.00 0.00 0.00 0
73521 0.00 0.00 0.00 0
73522 0.00 0.00 0.00 0
73523 0.00 0.00 0.00 0
73524 0.00 0.00 0.00 0
73525 0.00 0.00 0.00 0
73526 0.00 0.00 0.00 0
73527 0.00 0.00 0.00 0
73528 0.00 0.00 0.00 0
74947 0.00 0.00 0.00 0
74948 0.00 0.00 0.00 0
74949 0.00 0.00 0.00 0
74950 0.00 0.00 0.00 0
74951 0.00 0.00 0.00 0
74952 0.00 0.00 0.00 0
74953 0.00 0.00 0.00 0
74954 0.00 0.00 0.00 0
74955 0.00 0.00 0.00 0
74956 0.00 0.00 0.00 0
74957 0.00 0.00 0.00 0
74958 0.00 0.00 0.00 0
74959 0.00 0.00 0.00 0
74960 0.00 0.00 0.00 0
74961 0.00 0.00 0.00 0
74962 0.00 0.00 0.00 0
74963 0.00 0.00 0.00 0
74964 0.00 0.00 0.00 0
74965 0.00 0.00 0.00 0
74966 0.00 0.00 0.00 0
74967 0.00 0.00 0.00 0
74968 0.00 0.00 0.00 0
74969 0.00 0.00 0.00 0
74986 0.00 0.00 0.00 0
74987 0.00 0.00 0.00 0
74988 0.00 0.00 0.00 0
74989 0.00 0.00 0.00 0
74990 0.00 0.00 0.00 0
74991 0.00 0.00 0.00 0
74992 0.00 0.00 0.00 0
74993 0.00 0.00 0.00 0
74994 0.00 0.00 0.00 0
77196 0.00 0.00 0.00 0
77197 0.00 0.00 0.00 0
77216 0.00 0.00 0.00 0
77217 0.00 0.00 0.00 0
77218 0.00 0.00 0.00 0
77219 0.00 0.00 0.00 0
77220 0.00 0.00 0.00 0
77221 0.00 0.00 0.00 0
77222 0.00 0.00 0.00 0
77223 0.00 0.00 0.00 0
77224 0.00 0.00 0.00 0
77225 0.00 0.00 0.00 0
77226 0.00 0.00 0.00 0
77227 0.00 0.00 0.00 0
77234 0.00 0.00 0.00 0
77235 0.00 0.00 0.00 0
77236 0.00 0.00 0.00 0
83665 0.00 0.00 0.00 0
83666 0.00 0.00 0.00 0
83667 0.00 0.00 0.00 0
83668 0.00 0.00 0.00 0
83669 0.00 0.00 0.00 0
83670 0.00 0.00 0.00 0
83671 0.00 0.00 0.00 0
83672 0.00 0.00 0.00 0
83673 0.00 0.00 0.00 0
83674 0.00 0.00 0.00 0
83675 0.00 0.00 0.00 0
83676 0.00 0.00 0.00 0
83677 0.00 0.00 0.00 0
83678 0.00 0.00 0.00 0
83679 0.00 0.00 0.00 0
83680 0.00 0.00 0.00 0
83681 0.00 0.00 0.00 0
83682 0.00 0.00 0.00 0
83683 0.00 0.00 0.00 0
83684 0.00 0.00 0.00 0
83685 0.00 0.00 0.00 0
83686 0.00 0.00 0.00 0
83687 0.00 0.00 0.00 0
83688 0.00 0.00 0.00 0
83689 0.00 0.00 0.00 0
83690 0.00 0.00 0.00 0
83691 0.00 0.00 0.00 0
83692 0.00 0.00 0.00 0
83693 0.00 0.00 0.00 0
83694 0.00 0.00 0.00 0
83695 0.00 0.00 0.00 0
83696 0.00 0.00 0.00 0
83697 0.00 0.00 0.00 0
83698 0.00 0.00 0.00 0
83699 0.00 0.00 0.00 0
83700 0.00 0.00 0.00 0
83701 0.00 0.00 0.00 0
83702 0.00 0.00 0.00 0
83703 0.00 0.00 0.00 0
83704 0.00 0.00 0.00 0
83705 0.00 0.00 0.00 0
83706 0.00 0.00 0.00 0
83707 0.00 0.00 0.00 0
83724 0.00 0.00 0.00 0
83791 0.00 0.00 0.00 0
83793 0.00 0.00 0.00 0
83794 0.00 0.00 0.00 0
83795 0.00 0.00 0.00 0
83796 0.00 0.00 0.00 0
83797 0.00 0.00 0.00 0
83798 0.00 0.00 0.00 0
83799 0.00 0.00 0.00 0
83800 0.00 0.00 0.00 0
83801 0.00 0.00 0.00 0
83802 0.00 0.00 0.00 0
83803 0.00 0.00 0.00 0
83804 0.00 0.00 0.00 0
83805 0.00 0.00 0.00 0
83806 0.00 0.00 0.00 0
83807 0.00 0.00 0.00 0
83808 0.00 0.00 0.00 0
83809 0.00 0.00 0.00 0
83810 0.00 0.00 0.00 0
83811 0.00 0.00 0.00 0
83812 0.00 0.00 0.00 0
83815 0.00 0.00 0.00 0
83816 0.00 0.00 0.00 0
83817 0.00 0.00 0.00 0
83818 0.00 0.00 0.00 0
83819 0.00 0.00 0.00 0
83820 0.00 0.00 0.00 0
83821 0.00 0.00 0.00 0
83822 0.00 0.00 0.00 0
83823 0.00 0.00 0.00 0
83824 0.00 0.00 0.00 0
83825 0.00 0.00 0.00 0
83826 0.00 0.00 0.00 0
83827 0.00 0.00 0.00 0
83828 0.00 0.00 0.00 0
83829 0.00 0.00 0.00 0
83830 0.00 0.00 0.00 0
83831 0.00 0.00 0.00 0
83832 0.00 0.00 0.00 0
83833 0.00 0.00 0.00 0
83834 0.00 0.00 0.00 0
83835 0.00 0.00 0.00 0
83836 0.00 0.00 0.00 0
83837 0.00 0.00 0.00 0
83838 0.00 0.00 0.00 0
83839 0.00 0.00 0.00 0
83843 0.00 0.00 0.00 0
83844 0.00 0.00 0.00 0
83845 0.00 0.00 0.00 0
83863 0.00 0.00 0.00 0
83864 0.00 0.00 0.00 0
83865 0.00 0.00 0.00 0
83868 0.00 0.00 0.00 0
83869 0.00 0.00 0.00 0
83870 0.00 0.00 0.00 0
83871 0.00 0.00 0.00 0
83872 0.00 0.00 0.00 0
83873 0.00 0.00 0.00 0
83874 0.00 0.00 0.00 0
83875 0.00 0.00 0.00 0
83876 0.00 0.00 0.00 0
83877 0.00 0.00 0.00 0
83878 0.00 0.00 0.00 0
83879 0.00 0.00 0.00 0
83880 0.00 0.00 0.00 0
83881 0.00 0.00 0.00 0
83882 0.00 0.00 0.00 0
83883 0.00 0.00 0.00 0
83884 0.00 0.00 0.00 0
83885 0.00 0.00 0.00 0
83886 0.00 0.00 0.00 0
83887 0.00 0.00 0.00 0
83888 0.00 0.00 0.00 0
83889 0.00 0.00 0.00 0
83890 0.00 0.00 0.00 0
83891 0.00 0.00 0.00 0
83892 0.00 0.00 0.00 0
83893 0.00 0.00 0.00 0
83894 0.00 0.00 0.00 0
83895 0.00 0.00 0.00 0
83896 0.00 0.00 0.00 0
83897 0.00 0.00 0.00 0
83898 0.00 0.00 0.00 0
83899 0.00 0.00 0.00 0
83900 0.00 0.00 0.00 0
83901 0.00 0.00 0.00 0
83902 0.00 0.00 0.00 0
83903 0.00 0.00 0.00 0
83905 0.00 0.00 0.00 0
83933 0.00 0.00 0.00 0
83934 0.00 0.00 0.00 0
83935 0.00 0.00 0.00 0
83936 0.00 0.00 0.00 0
83937 0.00 0.00 0.00 0
83938 0.00 0.00 0.00 0
83939 0.00 0.00 0.00 0
83940 0.00 0.00 0.00 0
83941 0.00 0.00 0.00 0
83942 0.00 0.00 0.00 0
83943 0.00 0.00 0.00 0
83944 0.00 0.00 0.00 0
83945 0.00 0.00 0.00 0
83946 0.00 0.00 0.00 0
83947 0.00 0.00 0.00 0
83948 0.00 0.00 0.00 0
83952 0.00 0.00 0.00 0
83954 0.00 0.00 0.00 0
83955 0.00 0.00 0.00 0
83956 0.00 0.00 0.00 0
83957 0.00 0.00 0.00 0
83958 0.00 0.00 0.00 0
83959 0.00 0.00 0.00 0
83960 0.00 0.00 0.00 0
83961 0.00 0.00 0.00 0
83962 0.00 0.00 0.00 0
83963 0.00 0.00 0.00 0
83964 0.00 0.00 0.00 0
83965 0.00 0.00 0.00 0
83966 0.00 0.00 0.00 0
83967 0.00 0.00 0.00 0
83968 0.00 0.00 0.00 0
83969 0.00 0.00 0.00 0
83970 0.00 0.00 0.00 0
83971 0.00 0.00 0.00 0
83972 0.00 0.00 0.00 0
83973 0.00 0.00 0.00 0
84000 0.00 0.00 0.00 0
84001 0.00 0.00 0.00 0
84002 0.00 0.00 0.00 0
84003 0.00 0.00 0.00 0
84004 0.00 0.00 0.00 0
84005 0.00 0.00 0.00 0
84006 0.00 0.00 0.00 0
84007 0.00 0.00 0.00 0
84008 0.00 0.00 0.00 0
84009 0.00 0.00 0.00 0
84010 0.00 0.00 0.00 0
84011 0.00 0.00 0.00 0
84012 0.00 0.00 0.00 0
84013 0.00 0.00 0.00 0
84014 0.00 0.00 0.00 0
84015 0.00 0.00 0.00 0
84016 0.00 0.00 0.00 0
84017 0.00 0.00 0.00 0
84018 0.00 0.00 0.00 0
84019 0.00 0.00 0.00 0
84020 0.00 0.00 0.00 0
84021 0.00 0.00 0.00 0
84022 0.00 0.00 0.00 0
84023 0.00 0.00 0.00 0
84024 0.00 0.00 0.00 0
84025 0.00 0.00 0.00 0
84026 0.00 0.00 0.00 0
84027 0.00 0.00 0.00 0
84028 0.00 0.00 0.00 0
84029 0.00 0.00 0.00 0
84030 0.00 0.00 0.00 0
84031 0.00 0.00 0.00 0
84032 0.00 0.00 0.00 0
84033 0.00 0.00 0.00 0
84034 0.00 0.00 0.00 0
84035 0.00 0.00 0.00 0
84036 0.00 0.00 0.00 0
84037 0.00 0.00 0.00 0
84038 0.00 0.00 0.00 0
84039 0.00 0.00 0.00 0
84040 0.00 0.00 0.00 0
84041 0.00 0.00 0.00 0
84042 0.00 0.00 0.00 0
84043 0.00 0.00 0.00 0
84044 0.00 0.00 0.00 0
84045 0.00 0.00 0.00 0
84046 0.00 0.00 0.00 0
84047 0.00 0.00 0.00 0
84048 0.00 0.00 0.00 0
84052 0.00 0.00 0.00 0
84758 0.00 0.00 0.00 0
84759 0.00 0.00 0.00 0
84760 0.00 0.00 0.00 0
89145 0.00 0.00 0.00 0
89146 0.00 0.00 0.00 0
89147 0.00 0.00 0.00 0
89148 0.00 0.00 0.00 0
89149 0.00 0.00 0.00 0
89150 0.00 0.00 0.00 0
89151 0.00 0.00 0.00 0
89152 0.00 0.00 0.00 0
89153 0.00 0.00 0.00 0
89154 0.00 0.00 0.00 0
89155 0.00 0.00 0.00 0
89157 0.00 0.00 0.00 0
89190 0.00 0.00 0.00 0
89191 0.00 0.00 0.00 0
89192 0.00 0.00 0.00 0
89193 0.00 0.00 0.00 0
89194 0.00 0.00 0.00 0
89195 0.00 0.00 0.00 0
89196 0.00 0.00 0.00 0
89197 0.00 0.00 0.00 0
89198 0.00 0.00 0.00 0
89199 0.00 0.00 0.00 0
89200 0.00 0.00 0.00 0
89201 0.00 0.00 0.00 0
89202 0.00 0.00 0.00 0
89203 0.00 0.00 0.00 0
89204 0.00 0.00 0.00 0
89205 0.00 0.00 0.00 0
89206 0.00 0.00 0.00 0
89207 0.00 0.00 0.00 0
89208 0.00 0.00 0.00 0
89209 0.00 0.00 0.00 0
89210 0.00 0.00 0.00 0
89211 0.00 0.00 0.00 0
89212 0.00 0.00 0.00 0
89213 0.00 0.00 0.00 0
89214 0.00 0.00 0.00 0
89215 0.00 0.00 0.00 0
89219 0.00 0.00 0.00 0
89220 0.00 0.00 0.00 0
89227 0.00 0.00 0.00 0
89228 0.00 0.00 0.00 0
89229 0.00 0.00 0.00 0
89230 0.00 0.00 0.00 0
89232 0.00 0.00 0.00 0
89233 0.00 0.00 0.00 0
89234 0.00 0.00 0.00 0
89235 0.00 0.00 0.00 0
89236 0.00 0.00 0.00 0
92332 0.00 0.00 0.00 0
93033 0.00 0.00 0.00 0
93034 0.00 0.00 0.00 0
93035 0.00 0.00 0.00 0
93036 0.00 0.00 0.00 0
93037 0.00 0.00 0.00 0
93105 0.00 0.00 0.00 0
93106 0.00 0.00 0.00 0
93107 0.00 0.00 0.00 0
93108 0.00 0.00 0.00 0
93109 0.00 0.00 0.00 0
93110 0.00 0.00 0.00 0
93111 0.00 0.00 0.00 0
93112 0.00 0.00 0.00 0
93401 0.00 0.00 0.00 0
94187 0.00 0.00 0.00 0
94188 0.00 0.00 0.00 0
94189 0.00 0.00 0.00 0
94190 0.00 0.00 0.00 0
94191 0.00 0.00 0.00 0
94477 0.00 0.00 0.00 0
94478 0.00 0.00 0.00 0
94479 0.00 0.00 0.00 0
94480 0.00 0.00 0.00 0
94481 0.00 0.00 0.00 0
96221 0.00 0.00 0.00 0
96222 0.00 0.00 0.00 0
96223 0.00 0.00 0.00 0
96224 0.00 0.00 0.00 0
96225 0.00 0.00 0.00 0
96226 0.00 0.00 0.00 0
96250 0.00 0.00 0.00 0
96251 0.00 0.00 0.00 0
96252 0.00 0.00 0.00 0
96253 0.00 0.00 0.00 0
96254 0.00 0.00 0.00 0
96255 0.00 0.00 0.00 0
96256 0.00 0.00 0.00 0
96257 0.00 0.00 0.00 0
96258 0.00 0.00 0.00 0
96259 0.00 0.00 0.00 0
96262 0.00 0.00 0.00 0
96263 0.00 0.00 0.00 0
96264 0.00 0.00 0.00 0
96265 0.00 0.00 0.00 0
96266 0.00 0.00 0.00 0
96267 0.00 0.00 0.00 0
96268 0.00 0.00 0.00 0
96269 0.00 0.00 0.00 0
96270 0.00 0.00 0.00 0
96271 0.00 0.00 0.00 0
96272 0.00 0.00 0.00 0
96273 0.00 0.00 0.00 0
96282 0.00 0.00 0.00 0
96283 0.00 0.00 0.00 0
96284 0.00 0.00 0.00 0
96285 0.00 0.00 0.00 0
96286 0.00 0.00 0.00 0
96287 0.00 0.00 0.00 0
96288 0.00 0.00 0.00 0
96289 0.00 0.00 0.00 0
96290 0.00 0.00 0.00 0
96291 0.00 0.00 0.00 0
96435 0.00 0.00 0.00 0
96436 0.00 0.00 0.00 0
96437 0.00 0.00 0.00 0
96438 0.00 0.00 0.00 0
96439 0.00 0.00 0.00 0
97312 0.00 0.00 0.00 0
97313 0.00 0.00 0.00 0
97314 0.00 0.00 0.00 0
97315 0.00 0.00 0.00 0
97316 0.00 0.00 0.00 0
97317 0.00 0.00 0.00 0
97318 0.00 0.00 0.00 0
97319 0.00 0.00 0.00 0
97320 0.00 0.00 0.00 0
97321 0.00 0.00 0.00 0
97326 0.00 0.00 0.00 0
97327 0.00 0.00 0.00 0
97328 0.00 0.00 0.00 0
97329 0.00 0.00 0.00 0
97330 0.00 0.00 0.00 0
98433 0.00 0.00 0.00 0
98434 0.00 0.00 0.00 0
98435 0.00 0.00 0.00 0
98436 0.00 0.00 0.00 0
98437 0.00 0.00 0.00 0
98438 0.00 0.00 0.00 0
98439 0.00 0.00 0.00 0
98440 0.00 0.00 0.00 0
98441 0.00 0.00 0.00 0
98442 0.00 0.00 0.00 0
98444 0.00 0.00 0.00 0
98445 0.00 0.00 0.00 0
98446 0.00 0.00 0.00 0
98509 0.00 0.00 0.00 0
98510 0.00 0.00 0.00 0
98511 0.00 0.00 0.00 0
98512 0.00 0.00 0.00 0
100539 0.00 0.00 0.00 0
100540 0.00 0.00 0.00 0
100541 0.00 0.00 0.00 0
100542 0.00 0.00 0.00 0
100543 0.00 0.00 0.00 0
100544 0.00 0.00 0.00 0
100545 0.00 0.00 0.00 0
100546 0.00 0.00 0.00 0
100547 0.00 0.00 0.00 0
100548 0.00 0.00 0.00 0
100549 0.00 0.00 0.00 0
100550 0.00 0.00 0.00 0
100574 0.00 0.00 0.00 0
100575 0.00 0.00 0.00 0
100576 0.00 0.00 0.00 0
100577 0.00 0.00 0.00 0
100578 0.00 0.00 0.00 0
100579 0.00 0.00 0.00 0
100580 0.00 0.00 0.00 0
100581 0.00 0.00 0.00 0
100582 0.00 0.00 0.00 0
100583 0.00 0.00 0.00 0
100584 0.00 0.00 0.00 0
100585 0.00 0.00 0.00 0
100586 0.00 0.00 0.00 0
100587 0.00 0.00 0.00 0
100588 0.00 0.00 0.00 0
100589 0.00 0.00 0.00 0
100590 0.00 0.00 0.00 0
100591 0.00 0.00 0.00 0
100592 0.00 0.00 0.00 0
100593 0.00 0.00 0.00 0
100609 0.00 0.00 0.00 0
100610 0.00 0.00 0.00 0
100611 0.00 0.00 0.00 0
100755 0.00 0.00 0.00 0
100756 0.00 0.00 0.00 0
100757 0.00 0.00 0.00 0
100758 0.00 0.00 0.00 0
100759 0.00 0.00 0.00 0
100760 0.00 0.00 0.00 0
100761 0.00 0.00 0.00 0
100762 0.00 0.00 0.00 0
100773 0.00 0.00 0.00 0
100774 0.00 0.00 0.00 0
100775 0.00 0.00 0.00 0
100776 0.00 0.00 0.00 0
100777 0.00 0.00 0.00 0
100778 0.00 0.00 0.00 0
100779 0.00 0.00 0.00 0
100780 0.00 0.00 0.00 0
101632 0.00 0.00 0.00 0
101633 0.00 0.00 0.00 0
101634 0.00 0.00 0.00 0
101635 0.00 0.00 0.00 0
101636 0.00 0.00 0.00 0
101637 0.00 0.00 0.00 0
101638 0.00 0.00 0.00 0
101639 0.00 0.00 0.00 0
101640 0.00 0.00 0.00 0
101641 0.00 0.00 0.00 0
101642 0.00 0.00 0.00 0
101643 0.00 0.00 0.00 0
101644 0.00 0.00 0.00 0
101645 0.00 0.00 0.00 0
103779 0.00 0.00 0.00 0
103780 0.00 0.00 0.00 0
103991 0.00 0.00 0.00 0
103992 0.00 0.00 0.00 0
103993 0.00 0.00 0.00 0
103994 0.00 0.00 0.00 0
104000 0.00 0.00 0.00 0
104002 0.00 0.00 0.00 0
104003 0.00 0.00 0.00 0
104004 0.00 0.00 0.00 0
104005 0.00 0.00 0.00 0
104006 0.00 0.00 0.00 0
104007 0.00 0.00 0.00 0
104008 0.00 0.00 0.00 0
104009 0.00 0.00 0.00 0
104010 0.00 0.00 0.00 0
104011 0.00 0.00 0.00 0
104012 0.00 0.00 0.00 0
104013 0.00 0.00 0.00 0
104014 0.00 0.00 0.00 0
104015 0.00 0.00 0.00 0
104016 0.00 0.00 0.00 0
104017 0.00 0.00 0.00 0
104018 0.00 0.00 0.00 0
104019 0.00 0.00 0.00 0
104020 0.00 0.00 0.00 0
104872 0.00 0.00 0.00 0
104873 0.00 0.00 0.00 0
104874 0.00 0.00 0.00 0
104875 0.00 0.00 0.00 0
104876 0.00 0.00 0.00 0
104877 0.00 0.00 0.00 0
104878 0.00 0.00 0.00 0
104879 0.00 0.00 0.00 0
104880 0.00 0.00 0.00 0
104881 0.00 0.00 0.00 0
104882 0.00 0.00 0.00 0
104883 0.00 0.00 0.00 0
104884 0.00 0.00 0.00 0
104885 0.00 0.00 0.00 0
104896 0.00 0.00 0.00 0
104898 0.00 0.00 0.00 0
104899 0.00 0.00 0.00 0
106235 0.00 0.00 0.00 0
106236 0.00 0.00 0.00 0
106237 0.00 0.00 0.00 0
106238 0.00 0.00 0.00 0
106239 0.00 0.00 0.00 0
106240 0.00 0.00 0.00 0
110102 0.00 0.00 0.00 0
110103 0.00 0.00 0.00 0
110104 0.00 0.00 0.00 0
110105 0.00 0.00 0.00 0
110106 0.00 0.00 0.00 0
110107 0.00 0.00 0.00 0
110108 0.00 0.00 0.00 0
110109 0.00 0.00 0.00 0
110110 0.00 0.00 0.00 0
110111 0.00 0.00 0.00 0
110112 0.00 0.00 0.00 0
110113 0.00 0.00 0.00 0
110114 0.00 0.00 0.00 0
110115 0.00 0.00 0.00 0
110116 0.00 0.00 0.00 0
110117 0.00 0.00 0.00 0
110118 0.00 0.00 0.00 0
110119 0.00 0.00 0.00 0
110120 0.00 0.00 0.00 0
110121 0.00 0.00 0.00 0
110122 0.00 0.00 0.00 0
110123 0.00 0.00 0.00 0
110124 0.00 0.00 0.00 0
110125 0.00 0.00 0.00 0
110126 0.00 0.00 0.00 0
110127 0.00 0.00 0.00 0
110128 0.00 0.00 0.00 0
110181 0.00 0.00 0.00 0
110182 0.00 0.00 0.00 0
110183 0.00 0.00 0.00 0
110184 0.00 0.00 0.00 0
110185 0.00 0.00 0.00 0
110186 0.00 0.00 0.00 0
110187 0.00 0.00 0.00 0
110188 0.00 0.00 0.00 0
110189 0.00 0.00 0.00 0
110190 0.00 0.00 0.00 0
110191 0.00 0.00 0.00 0
110192 0.00 0.00 0.00 0
110193 0.00 0.00 0.00 0
110194 0.00 0.00 0.00 0
110195 0.00 0.00 0.00 0
110196 0.00 0.00 0.00 0
110197 0.00 0.00 0.00 0
110198 0.00 0.00 0.00 0
110199 0.00 0.00 0.00 0
110200 0.00 0.00 0.00 0
110201 0.00 0.00 0.00 0
110202 0.00 0.00 0.00 0
110203 0.00 0.00 0.00 0
110204 0.00 0.00 0.00 0
110205 0.00 0.00 0.00 0
110206 0.00 0.00 0.00 0
110207 0.00 0.00 0.00 0
110208 0.00 0.00 0.00 0
110209 0.00 0.00 0.00 0
110224 0.00 0.00 0.00 0
110225 0.00 0.00 0.00 0
110226 0.00 0.00 0.00 0
110227 0.00 0.00 0.00 0
110228 0.00 0.00 0.00 0
110229 0.00 0.00 0.00 0
110230 0.00 0.00 0.00 0
110231 0.00 0.00 0.00 0
110232 0.00 0.00 0.00 0
110233 0.00 0.00 0.00 0
110234 0.00 0.00 0.00 0
110235 0.00 0.00 0.00 0
110236 0.00 0.00 0.00 0
110237 0.00 0.00 0.00 0
110238 0.00 0.00 0.00 0
110239 0.00 0.00 0.00 0
110240 0.00 0.00 0.00 0
110241 0.00 0.00 0.00 0
110242 0.00 0.00 0.00 0
110243 0.00 0.00 0.00 0
110244 0.00 0.00 0.00 0
110245 0.00 0.00 0.00 0
110246 0.00 0.00 0.00 0
110247 0.00 0.00 0.00 0
110265 0.00 0.00 0.00 0
110266 0.00 0.00 0.00 0
110267 0.00 0.00 0.00 0
110268 0.00 0.00 0.00 0
110269 0.00 0.00 0.00 0
110270 0.00 0.00 0.00 0
110271 0.00 0.00 0.00 0
110272 0.00 0.00 0.00 0
110273 0.00 0.00 0.00 0
110278 0.00 0.00 0.00 0
110279 0.00 0.00 0.00 0
110280 0.00 0.00 0.00 0
110281 0.00 0.00 0.00 0
110282 0.00 0.00 0.00 0
110283 0.00 0.00 0.00 0
110284 0.00 0.00 0.00 0
110285 0.00 0.00 0.00 0
110286 0.00 0.00 0.00 0
110287 0.00 0.00 0.00 0
110288 0.00 0.00 0.00 0
110289 0.00 0.00 0.00 0
110305 0.00 0.00 0.00 0
110306 0.00 0.00 0.00 0
110307 0.00 0.00 0.00 0
110308 0.00 0.00 0.00 0
110309 0.00 0.00 0.00 0
110310 0.00 0.00 0.00 0
110311 0.00 0.00 0.00 0
110312 0.00 0.00 0.00 0
110313 0.00 0.00 0.00 0
110314 0.00 0.00 0.00 0
110315 0.00 0.00 0.00 0
110316 0.00 0.00 0.00 0
110317 0.00 0.00 0.00 0
110318 0.00 0.00 0.00 0
110319 0.00 0.00 0.00 0
110320 0.00 0.00 0.00 0
110321 0.00 0.00 0.00 0
110322 0.00 0.00 0.00 0
110323 0.00 0.00 0.00 0
110324 0.00 0.00 0.00 0
110325 0.00 0.00 0.00 0
110326 0.00 0.00 0.00 0
110327 0.00 0.00 0.00 0
110328 0.00 0.00 0.00 0
110329 0.00 0.00 0.00 0
110330 0.00 0.00 0.00 0
110331 0.00 0.00 0.00 0
113391 0.00 0.00 0.00 0
113392 0.00 0.00 0.00 0
113393 0.00 0.00 0.00 0
113394 0.00 0.00 0.00 0
113395 0.00 0.00 0.00 0
113396 0.00 0.00 0.00 0
113397 0.00 0.00 0.00 0
113398 0.00 0.00 0.00 0
113418 0.00 0.00 0.00 0
113419 0.00 0.00 0.00 0
113420 0.00 0.00 0.00 0
113421 0.00 0.00 0.00 0
113422 0.00 0.00 0.00 0
113423 0.00 0.00 0.00 0
113424 0.00 0.00 0.00 0
113425 0.00 0.00 0.00 0
113426 0.00 0.00 0.00 0
113427 0.00 0.00 0.00 0
113428 0.00 0.00 0.00 0
113429 0.00 0.00 0.00 0
113430 0.00 0.00 0.00 0
113431 0.00 0.00 0.00 0
115599 0.00 0.00 0.00 0
115600 0.00 0.00 0.00 0
115601 0.00 0.00 0.00 0
115602 0.00 0.00 0.00 0
115603 0.00 0.00 0.00 0
115604 0.00 0.00 0.00 0
115605 0.00 0.00 0.00 0
115606 0.00 0.00 0.00 0
115607 0.00 0.00 0.00 0
115608 0.00 0.00 0.00 0
115609 0.00 0.00 0.00 0
117237 0.00 0.00 0.00 0
117238 0.00 0.00 0.00 0
117239 0.00 0.00 0.00 0
117240 0.00 0.00 0.00 0
117241 0.00 0.00 0.00 0
117242 0.00 0.00 0.00 0
117243 0.00 0.00 0.00 0
117244 0.00 0.00 0.00 0
117245 0.00 0.00 0.00 0
117246 0.00 0.00 0.00 0
117247 0.00 0.00 0.00 0
117269 0.00 0.00 0.00 0
117270 0.00 0.00 0.00 0
117271 0.00 0.00 0.00 0
117272 0.00 0.00 0.00 0
117273 0.00 0.00 0.00 0
117275 0.00 0.00 0.00 0
117276 0.00 0.00 0.00 0
117277 0.00 0.00 0.00 0
117278 0.00 0.00 0.00 0
117279 0.00 0.00 0.00 0
117405 0.00 0.00 0.00 0
117406 0.00 0.00 0.00 0
117407 0.00 0.00 0.00 0
117408 0.00 0.00 0.00 0
117409 0.00 0.00 0.00 0
117410 0.00 0.00 0.00 0
117411 0.00 0.00 0.00 0
117412 0.00 0.00 0.00 0
117413 0.00 0.00 0.00 0
117414 0.00 0.00 0.00 0
117415 0.00 0.00 0.00 0
117416 0.00 0.00 0.00 0
117417 0.00 0.00 0.00 0
117418 0.00 0.00 0.00 0
117419 0.00 0.00 0.00 0
117420 0.00 0.00 0.00 0
117421 0.00 0.00 0.00 0
117422 0.00 0.00 0.00 0
117423 0.00 0.00 0.00 0
117424 0.00 0.00 0.00 0
118088 0.00 0.00 0.00 0
118089 0.00 0.00 0.00 0
118090 0.00 0.00 0.00 0
118091 0.00 0.00 0.00 0
118093 0.00 0.00 0.00 0
118094 0.00 0.00 0.00 0
118095 0.00 0.00 0.00 0
118096 0.00 0.00 0.00 0
118097 0.00 0.00 0.00 0
119925 0.00 0.00 0.00 0
119926 0.00 0.00 0.00 0
119927 0.00 0.00 0.00 0
119931 0.00 0.00 0.00 0
119932 0.00 0.00 0.00 0
119933 0.00 0.00 0.00 0
119934 0.00 0.00 0.00 0
119935 0.00 0.00 0.00 0
119936 0.00 0.00 0.00 0
119937 0.00 0.00 0.00 0
119938 0.00 0.00 0.00 0
119939 0.00 0.00 0.00 0
119940 0.00 0.00 0.00 0
119941 0.00 0.00 0.00 0
119942 0.00 0.00 0.00 0
119943 0.00 0.00 0.00 0
119944 0.00 0.00 0.00 0
120607 0.00 0.00 0.00 0
120608 0.00 0.00 0.00 0
120609 0.00 0.00 0.00 0
120610 0.00 0.00 0.00 0
120611 0.00 0.00 0.00 0
120612 0.00 0.00 0.00 0
120613 0.00 0.00 0.00 0
120614 0.00 0.00 0.00 0
120615 0.00 0.00 0.00 0
120616 0.00 0.00 0.00 0
120617 0.00 0.00 0.00 0
120626 0.00 0.00 0.00 0
120627 0.00 0.00 0.00 0
120628 0.00 0.00 0.00 0
124675 0.00 0.00 0.00 0
124677 0.00 0.00 0.00 0
124678 0.00 0.00 0.00 0
124679 0.00 0.00 0.00 0
124680 0.00 0.00 0.00 0
124681 0.00 0.00 0.00 0
124682 0.00 0.00 0.00 0
124683 0.00 0.00 0.00 0
124684 0.00 0.00 0.00 0
124685 0.00 0.00 0.00 0
124686 0.00 0.00 0.00 0
124687 0.00 0.00 0.00 0
124688 0.00 0.00 0.00 0
124689 0.00 0.00 0.00 0
124690 0.00 0.00 0.00 0
124691 0.00 0.00 0.00 0
124692 0.00 0.00 0.00 0
124693 0.00 0.00 0.00 0
124694 0.00 0.00 0.00 0
124738 0.00 0.00 0.00 0
124740 0.00 0.00 0.00 0
124741 0.00 0.00 0.00 0
124742 0.00 0.00 0.00 0
124743 0.00 0.00 0.00 0
124744 0.00 0.00 0.00 0
124745 0.00 0.00 0.00 0
124746 0.00 0.00 0.00 0
124747 0.00 0.00 0.00 0
124748 0.00 0.00 0.00 0
124749 0.00 0.00 0.00 0
124750 0.00 0.00 0.00 0
124751 0.00 0.00 0.00 0
124752 0.00 0.00 0.00 0
124753 0.00 0.00 0.00 0
124754 0.00 0.00 0.00 0
124755 0.00 0.00 0.00 0
124756 0.00 0.00 0.00 0
124757 0.00 0.00 0.00 0
124758 0.00 0.00 0.00 0
124759 0.00 0.00 0.00 0
124760 0.00 0.00 0.00 0
124761 0.00 0.00 0.00 0
124762 0.00 0.00 0.00 0
124763 0.00 0.00 0.00 0
124764 0.00 0.00 0.00 0
124765 0.00 0.00 0.00 0
124774 0.00 0.00 0.00 0
124775 0.00 0.00 0.00 0
124776 0.00 0.00 0.00 0
124777 0.00 0.00 0.00 0
124778 0.00 0.00 0.00 0
124779 0.00 0.00 0.00 0
124780 0.00 0.00 0.00 0
124781 0.00 0.00 0.00 0
124782 0.00 0.00 0.00 0
124783 0.00 0.00 0.00 0
124784 0.00 0.00 0.00 0
124785 0.00 0.00 0.00 0
124786 0.00 0.00 0.00 0
124787 0.00 0.00 0.00 0
124788 0.00 0.00 0.00 0
124789 0.00 0.00 0.00 0
124790 0.00 0.00 0.00 0
124792 0.00 0.00 0.00 0
124800 0.00 0.00 0.00 0
124801 0.00 0.00 0.00 0
124802 0.00 0.00 0.00 0
124804 0.00 0.00 0.00 0
124805 0.00 0.00 0.00 0
124806 0.00 0.00 0.00 0
124807 0.00 0.00 0.00 0
124808 0.00 0.00 0.00 0
124812 0.00 0.00 0.00 0
124813 0.00 0.00 0.00 0
124814 0.00 0.00 0.00 0
124815 0.00 0.00 0.00 0
124816 0.00 0.00 0.00 0
124817 0.00 0.00 0.00 0
124818 0.00 0.00 0.00 0
124819 0.00 0.00 0.00 0
124820 0.00 0.00 0.00 0
124821 0.00 0.00 0.00 0
124822 0.00 0.00 0.00 0
124824 0.00 0.00 0.00 0
124825 0.00 0.00 0.00 0
124832 0.00 0.00 0.00 0
124833 0.00 0.00 0.00 0
124834 0.00 0.00 0.00 0
124835 0.00 0.00 0.00 0
124836 0.00 0.00 0.00 0
124837 0.00 0.00 0.00 0
124838 0.00 0.00 0.00 0
124839 0.00 0.00 0.00 0
124840 0.00 0.00 0.00 0
124841 0.00 0.00 0.00 0
124842 0.00 0.00 0.00 0
124843 0.00 0.00 0.00 0
124844 0.00 0.00 0.00 0
124846 0.00 0.00 0.00 0
124847 0.00 0.00 0.00 0
124848 0.00 0.00 0.00 0
124849 0.00 0.00 0.00 0
124850 0.00 0.00 0.00 0
124851 0.00 0.00 0.00 0
124852 0.00 0.00 0.00 0
124853 0.00 0.00 0.00 0
125180 0.00 0.00 0.00 0
127222 0.00 0.00 0.00 0
127224 0.00 0.00 0.00 0
127225 0.00 0.00 0.00 0
127226 0.00 0.00 0.00 0
127227 0.00 0.00 0.00 0
127228 0.00 0.00 0.00 0
127229 0.00 0.00 0.00 0
127230 0.00 0.00 0.00 0
127231 0.00 0.00 0.00 0
127232 0.00 0.00 0.00 0
127233 0.00 0.00 0.00 0
127234 0.00 0.00 0.00 0
127235 0.00 0.00 0.00 0
127236 0.00 0.00 0.00 0
127237 0.00 0.00 0.00 0
127238 0.00 0.00 0.00 0
127239 0.00 0.00 0.00 0
127240 0.00 0.00 0.00 0
127241 0.00 0.00 0.00 0
127242 0.00 0.00 0.00 0
127254 0.00 0.00 0.00 0
127255 0.00 0.00 0.00 0
127256 0.00 0.00 0.00 0
127257 0.00 0.00 0.00 0
127258 0.00 0.00 0.00 0
127259 0.00 0.00 0.00 0
127260 0.00 0.00 0.00 0
127261 0.00 0.00 0.00 0
127262 0.00 0.00 0.00 0
127263 0.00 0.00 0.00 0
127264 0.00 0.00 0.00 0
129723 0.00 0.00 0.00 0
129728 0.00 0.00 0.00 0
129734 0.00 0.00 0.00 0
129735 0.00 0.00 0.00 0
129736 0.00 0.00 0.00 0
129737 0.00 0.00 0.00 0
129738 0.00 0.00 0.00 0
129739 0.00 0.00 0.00 0
129885 0.00 0.00 0.00 0
129886 0.00 0.00 0.00 0
129888 0.00 0.00 0.00 0
129889 0.00 0.00 0.00 0
129891 0.00 0.00 0.00 0
129892 0.00 0.00 0.00 0
130492 0.00 0.00 0.00 0
130493 0.00 0.00 0.00 0
134169 0.00 0.00 0.00 0
134170 0.00 0.00 0.00 0
134171 0.00 0.00 0.00 0
134172 0.00 0.00 0.00 0
134173 0.00 0.00 0.00 0
134174 0.00 0.00 0.00 0
134175 0.00 0.00 0.00 0
134176 0.00 0.00 0.00 0
134177 0.00 0.00 0.00 0
134178 0.00 0.00 0.00 0
134179 0.00 0.00 0.00 0
134180 0.00 0.00 0.00 0
134181 0.00 0.00 0.00 0
134182 0.00 0.00 0.00 0
134183 0.00 0.00 0.00 0
134184 0.00 0.00 0.00 0
134185 0.00 0.00 0.00 0
134186 0.00 0.00 0.00 0
134187 0.00 0.00 0.00 0
134188 0.00 0.00 0.00 0
134189 0.00 0.00 0.00 0
134190 0.00 0.00 0.00 0
134191 0.00 0.00 0.00 0
134192 0.00 0.00 0.00 0
134193 0.00 0.00 0.00 0
134194 0.00 0.00 0.00 0
134195 0.00 0.00 0.00 0
134235 0.00 0.00 0.00 0
134236 0.00 0.00 0.00 0
134243 0.00 0.00 0.00 0
134244 0.00 0.00 0.00 0
134245 0.00 0.00 0.00 0
134246 0.00 0.00 0.00 0
134247 0.00 0.00 0.00 0
134248 0.00 0.00 0.00 0
134249 0.00 0.00 0.00 0
134250 0.00 0.00 0.00 0
134251 0.00 0.00 0.00 0
134252 0.00 0.00 0.00 0
134253 0.00 0.00 0.00 0
134254 0.00 0.00 0.00 0
134255 0.00 0.00 0.00 0
134256 0.00 0.00 0.00 0
134257 0.00 0.00 0.00 0
134258 0.00 0.00 0.00 0
134259 0.00 0.00 0.00 0
134260 0.00 0.00 0.00 0
134261 0.00 0.00 0.00 0
134262 0.00 0.00 0.00 0
134263 0.00 0.00 0.00 0
134264 0.00 0.00 0.00 0
134265 0.00 0.00 0.00 0
134266 0.00 0.00 0.00 0
134267 0.00 0.00 0.00 0
134268 0.00 0.00 0.00 0
134269 0.00 0.00 0.00 0
134270 0.00 0.00 0.00 0
134271 0.00 0.00 0.00 0
134272 0.00 0.00 0.00 0
134273 0.00 0.00 0.00 0
134274 0.00 0.00 0.00 0
134275 0.00 0.00 0.00 0
134276 0.00 0.00 0.00 0
134277 0.00 0.00 0.00 0
134278 0.00 0.00 0.00 0
134279 0.00 0.00 0.00 0
134280 0.00 0.00 0.00 0
134281 0.00 0.00 0.00 0
134282 0.00 0.00 0.00 0
134283 0.00 0.00 0.00 0
134313 0.00 0.00 0.00 0
134316 0.00 0.00 0.00 0
134318 0.00 0.00 0.00 0
134319 0.00 0.00 0.00 0
134320 0.00 0.00 0.00 0
134321 0.00 0.00 0.00 0
134322 0.00 0.00 0.00 0
134329 0.00 0.00 0.00 0
134330 0.00 0.00 0.00 0
134331 0.00 0.00 0.00 0
134625 0.00 0.00 0.00 0
134626 0.00 0.00 0.00 0
134627 0.00 0.00 0.00 0
134628 0.00 0.00 0.00 0
134629 0.00 0.00 0.00 0
134630 0.00 0.00 0.00 0
134631 0.00 0.00 0.00 0
134636 0.00 0.00 0.00 0
134637 0.00 0.00 0.00 0
134638 0.00 0.00 0.00 0
134639 0.00 0.00 0.00 0
134640 0.00 0.00 0.00 0
134641 0.00 0.00 0.00 0
134664 0.00 0.00 0.00 0
134665 0.00 0.00 0.00 0
134667 0.00 0.00 0.00 0
134668 0.00 0.00 0.00 0
134676 0.00 0.00 0.00 0
134677 0.00 0.00 0.00 0
134678 0.00 0.00 0.00 0
134679 0.00 0.00 0.00 0
134680 0.00 0.00 0.00 0
136477 0.00 0.00 0.00 0
136478 0.00 0.00 0.00 0
136479 0.00 0.00 0.00 0
136480 0.00 0.00 0.00 0
136481 0.00 0.00 0.00 0
136482 0.00 0.00 0.00 0
136483 0.00 0.00 0.00 0
136484 0.00 0.00 0.00 0
136485 0.00 0.00 0.00 0
136486 0.00 0.00 0.00 0
136487 0.00 0.00 0.00 0
136488 0.00 0.00 0.00 0
136489 0.00 0.00 0.00 0
136490 0.00 0.00 0.00 0
136491 0.00 0.00 0.00 0
136492 0.00 0.00 0.00 0
136493 0.00 0.00 0.00 0
136494 0.00 0.00 0.00 0
136495 0.00 0.00 0.00 0
136496 0.00 0.00 0.00 0
136497 0.00 0.00 0.00 0
136498 0.00 0.00 0.00 0
136499 0.00 0.00 0.00 0
136500 0.00 0.00 0.00 0
136501 0.00 0.00 0.00 0
136502 0.00 0.00 0.00 0
136503 0.00 0.00 0.00 0
136504 0.00 0.00 0.00 0
136505 0.00 0.00 0.00 0
136506 0.00 0.00 0.00 0
136507 0.00 0.00 0.00 0
136508 0.00 0.00 0.00 0
136509 0.00 0.00 0.00 0
140895 0.00 0.00 0.00 0
140896 0.00 0.00 0.00 0
140897 0.00 0.00 0.00 0
140898 0.00 0.00 0.00 0
141326 0.00 0.00 0.00 0
141327 0.00 0.00 0.00 0
141328 0.00 0.00 0.00 0
141329 0.00 0.00 0.00 0
141330 0.00 0.00 0.00 0
141331 0.00 0.00 0.00 0
141332 0.00 0.00 0.00 0
141333 0.00 0.00 0.00 0
141334 0.00 0.00 0.00 0
141335 0.00 0.00 0.00 0
141355 0.00 0.00 0.00 0
141356 0.00 0.00 0.00 0
141357 0.00 0.00 0.00 0
141358 0.00 0.00 0.00 0
141359 0.00 0.00 0.00 0
141360 0.00 0.00 0.00 0
141361 0.00 0.00 0.00 0
141362 0.00 0.00 0.00 0
141363 0.00 0.00 0.00 0
141364 0.00 0.00 0.00 0
141365 0.00 0.00 0.00 0
141366 0.00 0.00 0.00 0
141367 0.00 0.00 0.00 0
141368 0.00 0.00 0.00 0
141369 0.00 0.00 0.00 0
141370 0.00 0.00 0.00 0
141371 0.00 0.00 0.00 0
141372 0.00 0.00 0.00 0
141373 0.00 0.00 0.00 0
141374 0.00 0.00 0.00 0
141375 0.00 0.00 0.00 0
141376 0.00 0.00 0.00 0
141377 0.00 0.00 0.00 0
141378 0.00 0.00 0.00 0
141379 0.00 0.00 0.00 0
141380 0.00 0.00 0.00 0
141381 0.00 0.00 0.00 0
141382 0.00 0.00 0.00 0
141383 0.00 0.00 0.00 0
141384 0.00 0.00 0.00 0
141385 0.00 0.00 0.00 0
141386 0.00 0.00 0.00 0
141387 0.00 0.00 0.00 0
141388 0.00 0.00 0.00 0
143122 0.00 0.00 0.00 0
143123 0.00 0.00 0.00 0
143124 0.00 0.00 0.00 0
143125 0.00 0.00 0.00 0
143126 0.00 0.00 0.00 0
143127 0.00 0.00 0.00 0
143128 0.00 0.00 0.00 0
143129 0.00 0.00 0.00 0
143130 0.00 0.00 0.00 0
143131 0.00 0.00 0.00 0
143132 0.00 0.00 0.00 0
143133 0.00 0.00 0.00 0
143134 0.00 0.00 0.00 0
143135 0.00 0.00 0.00 0
143136 0.00 0.00 0.00 0
143137 0.00 0.00 0.00 0
143138 0.00 0.00 0.00 0
143139 0.00 0.00 0.00 0
143140 0.00 0.00 0.00 0
143141 0.00 0.00 0.00 0
143142 0.00 0.00 0.00 0
143143 0.00 0.00 0.00 0
143144 0.00 0.00 0.00 0
143145 0.00 0.00 0.00 0
143146 0.00 0.00 0.00 0
143147 0.00 0.00 0.00 0
143148 0.00 0.00 0.00 0
143149 0.00 0.00 0.00 0
143150 0.00 0.00 0.00 0
143151 0.00 0.00 0.00 0
143152 0.00 0.00 0.00 0
143153 0.00 0.00 0.00 0
143156 0.00 0.00 0.00 0
143157 0.00 0.00 0.00 0
143158 0.00 0.00 0.00 0
143159 0.00 0.00 0.00 0
143168 0.00 0.00 0.00 0
143169 0.00 0.00 0.00 0
143170 0.00 0.00 0.00 0
143171 0.00 0.00 0.00 0
143172 0.00 0.00 0.00 0
143173 0.00 0.00 0.00 0
143174 0.00 0.00 0.00 0
143175 0.00 0.00 0.00 0
143176 0.00 0.00 0.00 0
143177 0.00 0.00 0.00 0
143178 0.00 0.00 0.00 0
143179 0.00 0.00 0.00 0
145854 0.00 0.00 0.00 0
145855 0.00 0.00 0.00 0
145880 0.00 0.00 0.00 0
145881 0.00 0.00 0.00 0
145882 0.00 0.00 0.00 0
145883 0.00 0.00 0.00 0
145884 0.00 0.00 0.00 0
145885 0.00 0.00 0.00 0
145886 0.00 0.00 0.00 0
145887 0.00 0.00 0.00 0
145888 0.00 0.00 0.00 0
145889 0.00 0.00 0.00 0
145890 0.00 0.00 0.00 0
145891 0.00 0.00 0.00 0
145893 0.00 0.00 0.00 0
145894 0.00 0.00 0.00 0
145896 0.00 0.00 0.00 0
145897 0.00 0.00 0.00 0
145898 0.00 0.00 0.00 0
145899 0.00 0.00 0.00 0
145900 0.00 0.00 0.00 0
145901 0.00 0.00 0.00 0
153646 0.00 0.00 0.00 0
153647 0.00 0.00 0.00 0
153650 0.00 0.00 0.00 0
153651 0.00 0.00 0.00 0
153652 0.00 0.00 0.00 0
153653 0.00 0.00 0.00 0
153654 0.00 0.00 0.00 0
153655 0.00 0.00 0.00 0
153656 0.00 0.00 0.00 0
153657 0.00 0.00 0.00 0
153658 0.00 0.00 0.00 0
153659 0.00 0.00 0.00 0
153660 0.00 0.00 0.00 0
153661 0.00 0.00 0.00 0
153662 0.00 0.00 0.00 0
153663 0.00 0.00 0.00 0
153664 0.00 0.00 0.00 0
153665 0.00 0.00 0.00 0
153666 0.00 0.00 0.00 0
153667 0.00 0.00 0.00 0
153668 0.00 0.00 0.00 0
153669 0.00 0.00 0.00 0
153670 0.00 0.00 0.00 0
153671 0.00 0.00 0.00 0
153672 0.00 0.00 0.00 0
153673 0.00 0.00 0.00 0
153674 0.00 0.00 0.00 0
153675 0.00 0.00 0.00 0
153676 0.00 0.00 0.00 0
153677 0.00 0.00 0.00 0
153678 0.00 0.00 0.00 0
153679 0.00 0.00 0.00 0
153680 0.00 0.00 0.00 0
153681 0.00 0.00 0.00 0
153682 0.00 0.00 0.00 0
153683 0.00 0.00 0.00 0
153684 0.00 0.00 0.00 0
153685 0.00 0.00 0.00 0
153686 0.00 0.00 0.00 0
153687 0.00 0.00 0.00 0
153688 0.00 0.00 0.00 0
153689 0.00 0.00 0.00 0
153690 0.00 0.00 0.00 0
153691 0.00 0.00 0.00 0
153692 0.00 0.00 0.00 0
153693 0.00 0.00 0.00 0
153694 0.00 0.00 0.00 0
153695 0.00 0.00 0.00 0
153696 0.00 0.00 0.00 0
153697 0.00 0.00 0.00 0
153698 0.00 0.00 0.00 0
153715 0.00 0.00 0.00 0
153716 0.00 0.00 0.00 0
153717 0.00 0.00 0.00 0
153796 0.00 0.00 0.00 0
153797 0.00 0.00 0.00 0
153798 0.00 0.00 0.00 0
153799 0.00 0.00 0.00 0
153800 0.00 0.00 0.00 0
153801 0.00 0.00 0.00 0
153802 0.00 0.00 0.00 0
153803 0.00 0.00 0.00 0
153804 0.00 0.00 0.00 0
153806 0.00 0.00 0.00 0
153807 0.00 0.00 0.00 0
153808 0.00 0.00 0.00 0
153809 0.00 0.00 0.00 0
153810 0.00 0.00 0.00 0
153811 0.00 0.00 0.00 0
153812 0.00 0.00 0.00 0
153813 0.00 0.00 0.00 0
153814 0.00 0.00 0.00 0
153815 0.00 0.00 0.00 0
153816 0.00 0.00 0.00 0
153817 0.00 0.00 0.00 0
153818 0.00 0.00 0.00 0
153819 0.00 0.00 0.00 0
153820 0.00 0.00 0.00 0
153821 0.00 0.00 0.00 0
153822 0.00 0.00 0.00 0
153825 0.00 0.00 0.00 0
153826 0.00 0.00 0.00 0
153827 0.00 0.00 0.00 0
153828 0.00 0.00 0.00 0
153829 0.00 0.00 0.00 0
153830 0.00 0.00 0.00 0
153831 0.00 0.00 0.00 0
153832 0.00 0.00 0.00 0
153833 0.00 0.00 0.00 0
153834 0.00 0.00 0.00 0
153835 0.00 0.00 0.00 0
153836 0.00 0.00 0.00 0
153837 0.00 0.00 0.00 0
153838 0.00 0.00 0.00 0
153839 0.00 0.00 0.00 0
153840 0.00 0.00 0.00 0
153841 0.00 0.00 0.00 0
153842 0.00 0.00 0.00 0
153843 0.00 0.00 0.00 0
153844 0.00 0.00 0.00 0
153845 0.00 0.00 0.00 0
153846 0.00 0.00 0.00 0
153847 0.00 0.00 0.00 0
153848 0.00 0.00 0.00 0
153849 0.00 0.00 0.00 0
153850 0.00 0.00 0.00 0
153851 0.00 0.00 0.00 0
153853 0.00 0.00 0.00 0
153854 0.00 0.00 0.00 0
153859 0.00 0.00 0.00 0
153860 0.00 0.00 0.00 0
153861 0.00 0.00 0.00 0
153883 0.00 0.00 0.00 0
153884 0.00 0.00 0.00 0
153885 0.00 0.00 0.00 0
153888 0.00 0.00 0.00 0
153889 0.00 0.00 0.00 0
153890 0.00 0.00 0.00 0
153891 0.00 0.00 0.00 0
153892 0.00 0.00 0.00 0
153893 0.00 0.00 0.00 0
153894 0.00 0.00 0.00 0
153895 0.00 0.00 0.00 0
153896 0.00 0.00 0.00 0
153897 0.00 0.00 0.00 0
153898 0.00 0.00 0.00 0
153899 0.00 0.00 0.00 0
153900 0.00 0.00 0.00 0
153901 0.00 0.00 0.00 0
153904 0.00 0.00 0.00 0
153905 0.00 0.00 0.00 0
153906 0.00 0.00 0.00 0
153907 0.00 0.00 0.00 0
153908 0.00 0.00 0.00 0
153909 0.00 0.00 0.00 0
153910 0.00 0.00 0.00 0
153911 0.00 0.00 0.00 0
153912 0.00 0.00 0.00 0
153913 0.00 0.00 0.00 0
153914 0.00 0.00 0.00 0
153915 0.00 0.00 0.00 0
153916 0.00 0.00 0.00 0
153917 0.00 0.00 0.00 0
153918 0.00 0.00 0.00 0
153919 0.00 0.00 0.00 0
153920 0.00 0.00 0.00 0
153921 0.00 0.00 0.00 0
153922 0.00 0.00 0.00 0
153923 0.00 0.00 0.00 0
153924 0.00 0.00 0.00 0
153925 0.00 0.00 0.00 0
153926 0.00 0.00 0.00 0
153927 0.00 0.00 0.00 0
153928 0.00 0.00 0.00 0
153929 0.00 0.00 0.00 0
153965 0.00 0.00 0.00 0
153966 0.00 0.00 0.00 0
153969 0.00 0.00 0.00 0
153970 0.00 0.00 0.00 0
153971 0.00 0.00 0.00 0
153972 0.00 0.00 0.00 0
153973 0.00 0.00 0.00 0
153974 0.00 0.00 0.00 0
153975 0.00 0.00 0.00 0
153976 0.00 0.00 0.00 0
153977 0.00 0.00 0.00 0
153978 0.00 0.00 0.00 0
153979 0.00 0.00 0.00 0
153980 0.00 0.00 0.00 0
153981 0.00 0.00 0.00 0
153982 0.00 0.00 0.00 0
153983 0.00 0.00 0.00 0
153984 0.00 0.00 0.00 0
153991 0.00 0.00 0.00 0
153992 0.00 0.00 0.00 0
153993 0.00 0.00 0.00 0
153994 0.00 0.00 0.00 0
153995 0.00 0.00 0.00 0
153996 0.00 0.00 0.00 0
153997 0.00 0.00 0.00 0
153998 0.00 0.00 0.00 0
153999 0.00 0.00 0.00 0
154000 0.00 0.00 0.00 0
154001 0.00 0.00 0.00 0
154002 0.00 0.00 0.00 0
154003 0.00 0.00 0.00 0
154004 0.00 0.00 0.00 0
154005 0.00 0.00 0.00 0
154006 0.00 0.00 0.00 0
154007 0.00 0.00 0.00 0
154008 0.00 0.00 0.00 0
154009 0.00 0.00 0.00 0
154010 0.00 0.00 0.00 0
154011 0.00 0.00 0.00 0
154012 0.00 0.00 0.00 0
154013 0.00 0.00 0.00 0
154014 0.00 0.00 0.00 0
154015 0.00 0.00 0.00 0
154016 0.00 0.00 0.00 0
154021 0.00 0.00 0.00 0
154047 0.00 0.00 0.00 0
154051 0.00 0.00 0.00 0
154052 0.00 0.00 0.00 0
154053 0.00 0.00 0.00 0
154054 0.00 0.00 0.00 0
154055 0.00 0.00 0.00 0
154056 0.00 0.00 0.00 0
154057 0.00 0.00 0.00 0
154058 0.00 0.00 0.00 0
154059 0.00 0.00 0.00 0
154060 0.00 0.00 0.00 0
154061 0.00 0.00 0.00 0
154062 0.00 0.00 0.00 0
154063 0.00 0.00 0.00 0
154064 0.00 0.00 0.00 0
154065 0.00 0.00 0.00 0
154066 0.00 0.00 0.00 0
154067 0.00 0.00 0.00 0
154068 0.00 0.00 0.00 0
154069 0.00 0.00 0.00 0
154070 0.00 0.00 0.00 0
154071 0.00 0.00 0.00 0
154072 0.00 0.00 0.00 0
154073 0.00 0.00 0.00 0
154074 0.00 0.00 0.00 0
154075 0.00 0.00 0.00 0
154076 0.00 0.00 0.00 0
154077 0.00 0.00 0.00 0
154078 0.00 0.00 0.00 0
154079 0.00 0.00 0.00 0
154080 0.00 0.00 0.00 0
154081 0.00 0.00 0.00 0
154082 0.00 0.00 0.00 0
154083 0.00 0.00 0.00 0
154084 0.00 0.00 0.00 0
154085 0.00 0.00 0.00 0
154086 0.00 0.00 0.00 0
154087 0.00 0.00 0.00 0
154088 0.00 0.00 0.00 0
154089 0.00 0.00 0.00 0
154090 0.00 0.00 0.00 0
154091 0.00 0.00 0.00 0
154092 0.00 0.00 0.00 0
154093 0.00 0.00 0.00 0
154094 0.00 0.00 0.00 0
154095 0.00 0.00 0.00 0
154096 0.00 0.00 0.00 0
154097 0.00 0.00 0.00 0
154098 0.00 0.00 0.00 0
154099 0.00 0.00 0.00 0
154100 0.00 0.00 0.00 0
154101 0.00 0.00 0.00 0
154102 0.00 0.00 0.00 0
154103 0.00 0.00 0.00 0
154104 0.00 0.00 0.00 0
154106 0.00 0.00 0.00 0
154107 0.00 0.00 0.00 0
154108 0.00 0.00 0.00 0
154109 0.00 0.00 0.00 0
154956 0.00 0.00 0.00 0
154957 0.00 0.00 0.00 0
154958 0.00 0.00 0.00 0
160224 0.00 0.00 0.00 0
160225 0.00 0.00 0.00 0
160226 0.00 0.00 0.00 0
160227 0.00 0.00 0.00 0
160228 0.00 0.00 0.00 0
160229 0.00 0.00 0.00 0
160230 0.00 0.00 0.00 0
160231 0.00 0.00 0.00 0
160232 0.00 0.00 0.00 0
160233 0.00 0.00 0.00 0
160234 0.00 0.00 0.00 0
160235 0.00 0.00 0.00 0
160236 0.00 0.00 0.00 0
160237 0.00 0.00 0.00 0
160238 0.00 0.00 0.00 0
160239 0.00 0.00 0.00 0
160278 0.00 0.00 0.00 0
160279 0.00 0.00 0.00 0
160280 0.00 0.00 0.00 0
160281 0.00 0.00 0.00 0
160282 0.00 0.00 0.00 0
160283 0.00 0.00 0.00 0
160284 0.00 0.00 0.00 0
160285 0.00 0.00 0.00 0
160286 0.00 0.00 0.00 0
160287 0.00 0.00 0.00 0
160288 0.00 0.00 0.00 0
160289 0.00 0.00 0.00 0
160290 0.00 0.00 0.00 0
160291 0.00 0.00 0.00 0
160292 0.00 0.00 0.00 0
160293 0.00 0.00 0.00 0
160294 0.00 0.00 0.00 0
160295 0.00 0.00 0.00 0
160296 0.00 0.00 0.00 0
160297 0.00 0.00 0.00 0
160298 0.00 0.00 0.00 0
160299 0.00 0.00 0.00 0
160300 0.00 0.00 0.00 0
160301 0.00 0.00 0.00 0
160302 0.00 0.00 0.00 0
160303 0.00 0.00 0.00 0
160304 0.00 0.00 0.00 0
160305 0.00 0.00 0.00 0
160306 0.00 0.00 0.00 0
160307 0.00 0.00 0.00 0
160309 0.00 0.00 0.00 0
160310 0.00 0.00 0.00 0
160311 0.00 0.00 0.00 0
160312 0.00 0.00 0.00 0
160313 0.00 0.00 0.00 0
160320 0.00 0.00 0.00 0
160321 0.00 0.00 0.00 0
160322 0.00 0.00 0.00 0
160323 0.00 0.00 0.00 0
160324 0.00 0.00 0.00 0
160325 0.00 0.00 0.00 0
160326 0.00 0.00 0.00 0
160327 0.00 0.00 0.00 0
160328 0.00 0.00 0.00 0
160329 0.00 0.00 0.00 0
160330 0.00 0.00 0.00 0
160331 0.00 0.00 0.00 0
160332 0.00 0.00 0.00 0
160333 0.00 0.00 0.00 0
