# G_orbital
2472
24 0.00 0.00 0.00 0
25 0.00 0.00 0.00 0
117 0.00 0.00 0.00 0
255 0.00 0.00 0.00 0
257 0.00 0.00 0.00 0
323 0.00 0.00 0.00 0
324 0.00 0.00 0.00 0
514 0.00 0.00 0.00 0
516 0.00 0.00 0.00 0
518 0.00 0.00 0.00 0
735 0.00 0.00 0.00 0
736 0.00 0.00 0.00 0
737 0.00 0.00 0.00 0
802 0.00 0.00 0.00 0
803 0.00 0.00 0.00 0
804 0.00 0.00 0.00 0
1126 0.00 0.00 0.00 0
1127 0.00 0.00 0.00 0
1137 0.00 0.00 0.00 0
1327 0.00 0.00 0.00 0
1329 0.00 0.00 0.00 0
1330 0.00 0.00 0.00 0
1331 0.00 0.00 0.00 0
1611 0.00 0.00 0.00 0
1612 0.00 0.00 0.00 0
1613 0.00 0.00 0.00 0
1733 0.00 0.00 0.00 0
1735 0.00 0.00 0.00 0
1864 0.00 0.00 0.00 0
2183 0.00 0.00 0.00 0
2184 0.00 0.00 0.00 0
2190 0.00 0.00 0.00 0
2192 0.00 0.00 0.00 0
2195 0.00 0.00 0.00 0
2197 0.00 0.00 0.00 0
2198 0.00 0.00 0.00 0
2430 0.00 0.00 0.00 0
2655 0.00 0.00 0.00 0
2656 0.00 0.00 0.00 0
2657 0.00 0.00 0.00 0
2722 0.00 0.00 0.00 0
2723 0.00 0.00 0.00 0
2724 0.00 0.00 0.00 0
3047 0.00 0.00 0.00 0
3057 0.00 0.00 0.00 0
3247 0.00 0.00 0.00 0
3248 0.00 0.00 0.00 0
3249 0.00 0.00 0.00 0
3645 0.00 0.00 0.00 0
3646 0.00 0.00 0.00 0
3647 0.00 0.00 0.00 0
3648 0.00 0.00 0.00 0
3649 0.00 0.00 0.00 0
3650 0.00 0.00 0.00 0
3652 0.00 0.00 0.00 0
3685 0.00 0.00 0.00 0
3686 0.00 0.00 0.00 0
3687 0.00 0.00 0.00 0
3688 0.00 0.00 0.00 0
3850 0.00 0.00 0.00 0
3851 0.00 0.00 0.00 0
3852 0.00 0.00 0.00 0
3853 0.00 0.00 0.00 0
3854 0.00 0.00 0.00 0
4818 0.00 0.00 0.00 0
4819 0.00 0.00 0.00 0
4820 0.00 0.00 0.00 0
4821 0.00 0.00 0.00 0
4822 0.00 0.00 0.00 0
4836 0.00 0.00 0.00 0
4837 0.00 0.00 0.00 0
4843 0.00 0.00 0.00 0
4845 0.00 0.00 0.00 0
4849 0.00 0.00 0.00 0
4850 0.00 0.00 0.00 0
4851 0.00 0.00 0.00 0
4852 0.00 0.00 0.00 0
4853 0.00 0.00 0.00 0
4855 0.00 0.00 0.00 0
4857 0.00 0.00 0.00 0
5430 0.00 0.00 0.00 0
5431 0.00 0.00 0.00 0
5432 0.00 0.00 0.00 0
5931 0.00 0.00 0.00 0
5932 0.00 0.00 0.00 0
5933 0.00 0.00 0.00 0
5934 0.00 0.00 0.00 0
5935 0.00 0.00 0.00 0
5956 0.00 0.00 0.00 0
6052 0.00 0.00 0.00 0
6054 0.00 0.00 0.00 0
6055 0.00 0.00 0.00 0
6056 0.00 0.00 0.00 0
6636 0.00 0.00 0.00 0
6637 0.00 0.00 0.00 0
6655 0.00 0.00 0.00 0
6656 0.00 0.00 0.00 0
6657 0.00 0.00 0.00 0
6997 0.00 0.00 0.00 0
6999 0.00 0.00 0.00 0
7000 0.00 0.00 0.00 0
7002 0.00 0.00 0.00 0
7003 0.00 0.00 0.00 0
7004 0.00 0.00 0.00 0
7599 0.00 0.00 0.00 0
7600 0.00 0.00 0.00 0
7601 0.00 0.00 0.00 0
7602 0.00 0.00 0.00 0
7604 0.00 0.00 0.00 0
7605 0.00 0.00 0.00 0
7660 0.00 0.00 0.00 0
7882 0.00 0.00 0.00 0
7883 0.00 0.00 0.00 0
7884 0.00 0.00 0.00 0
7885 0.00 0.00 0.00 0
7886 0.00 0.00 0.00 0
7888 0.00 0.00 0.00 0
7889 0.00 0.00 0.00 0
7890 0.00 0.00 0.00 0
7891 0.00 0.00 0.00 0
8212 0.00 0.00 0.00 0
8214 0.00 0.00 0.00 0
9109 0.00 0.00 0.00 0
9110 0.00 0.00 0.00 0
9111 0.00 0.00 0.00 0
9112 0.00 0.00 0.00 0
9113 0.00 0.00 0.00 0
9114 0.00 0.00 0.00 0
9115 0.00 0.00 0.00 0
9120 0.00 0.00 0.00 0
9121 0.00 0.00 0.00 0
9122 0.00 0.00 0.00 0
9123 0.00 0.00 0.00 0
9130 0.00 0.00 0.00 0
9131 0.00 0.00 0.00 0
9132 0.00 0.00 0.00 0
9133 0.00 0.00 0.00 0
9138 0.00 0.00 0.00 0
9145 0.00 0.00 0.00 0
9147 0.00 0.00 0.00 0
9148 0.00 0.00 0.00 0
9153 0.00 0.00 0.00 0
9154 0.00 0.00 0.00 0
9155 0.00 0.00 0.00 0
9156 0.00 0.00 0.00 0
9157 0.00 0.00 0.00 0
9158 0.00 0.00 0.00 0
9846 0.00 0.00 0.00 0
9847 0.00 0.00 0.00 0
9849 0.00 0.00 0.00 0
9850 0.00 0.00 0.00 0
9865 0.00 0.00 0.00 0
9866 0.00 0.00 0.00 0
9869 0.00 0.00 0.00 0
10335 0.00 0.00 0.00 0
10336 0.00 0.00 0.00 0
10337 0.00 0.00 0.00 0
10348 0.00 0.00 0.00 0
10402 0.00 0.00 0.00 0
10403 0.00 0.00 0.00 0
10404 0.00 0.00 0.00 0
10727 0.00 0.00 0.00 0
10927 0.00 0.00 0.00 0
10928 0.00 0.00 0.00 0
10929 0.00 0.00 0.00 0
11325 0.00 0.00 0.00 0
11326 0.00 0.00 0.00 0
11327 0.00 0.00 0.00 0
11328 0.00 0.00 0.00 0
11329 0.00 0.00 0.00 0
11330 0.00 0.00 0.00 0
11331 0.00 0.00 0.00 0
11332 0.00 0.00 0.00 0
11365 0.00 0.00 0.00 0
11366 0.00 0.00 0.00 0
11367 0.00 0.00 0.00 0
11368 0.00 0.00 0.00 0
11530 0.00 0.00 0.00 0
11531 0.00 0.00 0.00 0
11532 0.00 0.00 0.00 0
11533 0.00 0.00 0.00 0
11534 0.00 0.00 0.00 0
12498 0.00 0.00 0.00 0
12499 0.00 0.00 0.00 0
12500 0.00 0.00 0.00 0
12501 0.00 0.00 0.00 0
12502 0.00 0.00 0.00 0
12516 0.00 0.00 0.00 0
12517 0.00 0.00 0.00 0
12523 0.00 0.00 0.00 0
12524 0.00 0.00 0.00 0
12525 0.00 0.00 0.00 0
12529 0.00 0.00 0.00 0
12530 0.00 0.00 0.00 0
12531 0.00 0.00 0.00 0
12532 0.00 0.00 0.00 0
12533 0.00 0.00 0.00 0
12534 0.00 0.00 0.00 0
12535 0.00 0.00 0.00 0
13110 0.00 0.00 0.00 0
13111 0.00 0.00 0.00 0
13112 0.00 0.00 0.00 0
13725 0.00 0.00 0.00 0
13726 0.00 0.00 0.00 0
13727 0.00 0.00 0.00 0
13728 0.00 0.00 0.00 0
13729 0.00 0.00 0.00 0
13730 0.00 0.00 0.00 0
13731 0.00 0.00 0.00 0
13732 0.00 0.00 0.00 0
13765 0.00 0.00 0.00 0
13766 0.00 0.00 0.00 0
13767 0.00 0.00 0.00 0
13768 0.00 0.00 0.00 0
13927 0.00 0.00 0.00 0
13928 0.00 0.00 0.00 0
13929 0.00 0.00 0.00 0
13930 0.00 0.00 0.00 0
13931 0.00 0.00 0.00 0
13932 0.00 0.00 0.00 0
13933 0.00 0.00 0.00 0
13934 0.00 0.00 0.00 0
14898 0.00 0.00 0.00 0
14899 0.00 0.00 0.00 0
14900 0.00 0.00 0.00 0
14901 0.00 0.00 0.00 0
14902 0.00 0.00 0.00 0
14929 0.00 0.00 0.00 0
14930 0.00 0.00 0.00 0
14931 0.00 0.00 0.00 0
14932 0.00 0.00 0.00 0
14933 0.00 0.00 0.00 0
14934 0.00 0.00 0.00 0
15502 0.00 0.00 0.00 0
15503 0.00 0.00 0.00 0
15504 0.00 0.00 0.00 0
15505 0.00 0.00 0.00 0
15506 0.00 0.00 0.00 0
15507 0.00 0.00 0.00 0
15509 0.00 0.00 0.00 0
15510 0.00 0.00 0.00 0
15511 0.00 0.00 0.00 0
15512 0.00 0.00 0.00 0
16695 0.00 0.00 0.00 0
16696 0.00 0.00 0.00 0
16697 0.00 0.00 0.00 0
16698 0.00 0.00 0.00 0
16699 0.00 0.00 0.00 0
16700 0.00 0.00 0.00 0
16702 0.00 0.00 0.00 0
16703 0.00 0.00 0.00 0
16704 0.00 0.00 0.00 0
16705 0.00 0.00 0.00 0
16706 0.00 0.00 0.00 0
16707 0.00 0.00 0.00 0
16825 0.00 0.00 0.00 0
16826 0.00 0.00 0.00 0
16827 0.00 0.00 0.00 0
16828 0.00 0.00 0.00 0
17303 0.00 0.00 0.00 0
17306 0.00 0.00 0.00 0
17307 0.00 0.00 0.00 0
17308 0.00 0.00 0.00 0
17309 0.00 0.00 0.00 0
17310 0.00 0.00 0.00 0
17313 0.00 0.00 0.00 0
17314 0.00 0.00 0.00 0
17315 0.00 0.00 0.00 0
17316 0.00 0.00 0.00 0
17317 0.00 0.00 0.00 0
17318 0.00 0.00 0.00 0
17319 0.00 0.00 0.00 0
17320 0.00 0.00 0.00 0
17321 0.00 0.00 0.00 0
17322 0.00 0.00 0.00 0
20215 0.00 0.00 0.00 0
20216 0.00 0.00 0.00 0
20217 0.00 0.00 0.00 0
20218 0.00 0.00 0.00 0
20219 0.00 0.00 0.00 0
20220 0.00 0.00 0.00 0
20221 0.00 0.00 0.00 0
20222 0.00 0.00 0.00 0
20223 0.00 0.00 0.00 0
20224 0.00 0.00 0.00 0
20225 0.00 0.00 0.00 0
20226 0.00 0.00 0.00 0
20227 0.00 0.00 0.00 0
20228 0.00 0.00 0.00 0
20229 0.00 0.00 0.00 0
20230 0.00 0.00 0.00 0
20244 0.00 0.00 0.00 0
20245 0.00 0.00 0.00 0
20247 0.00 0.00 0.00 0
20248 0.00 0.00 0.00 0
20249 0.00 0.00 0.00 0
20250 0.00 0.00 0.00 0
20251 0.00 0.00 0.00 0
20267 0.00 0.00 0.00 0
20268 0.00 0.00 0.00 0
20269 0.00 0.00 0.00 0
20270 0.00 0.00 0.00 0
20271 0.00 0.00 0.00 0
20272 0.00 0.00 0.00 0
20273 0.00 0.00 0.00 0
20274 0.00 0.00 0.00 0
20275 0.00 0.00 0.00 0
20284 0.00 0.00 0.00 0
20288 0.00 0.00 0.00 0
20289 0.00 0.00 0.00 0
20290 0.00 0.00 0.00 0
20304 0.00 0.00 0.00 0
20305 0.00 0.00 0.00 0
20306 0.00 0.00 0.00 0
20307 0.00 0.00 0.00 0
20308 0.00 0.00 0.00 0
20309 0.00 0.00 0.00 0
20311 0.00 0.00 0.00 0
20312 0.00 0.00 0.00 0
20313 0.00 0.00 0.00 0
20321 0.00 0.00 0.00 0
20323 0.00 0.00 0.00 0
20324 0.00 0.00 0.00 0
20325 0.00 0.00 0.00 0
20326 0.00 0.00 0.00 0
20327 0.00 0.00 0.00 0
20328 0.00 0.00 0.00 0
20329 0.00 0.00 0.00 0
20330 0.00 0.00 0.00 0
20331 0.00 0.00 0.00 0
20332 0.00 0.00 0.00 0
20333 0.00 0.00 0.00 0
20334 0.00 0.00 0.00 0
20335 0.00 0.00 0.00 0
22050 0.00 0.00 0.00 0
22051 0.00 0.00 0.00 0
22052 0.00 0.00 0.00 0
22053 0.00 0.00 0.00 0
22054 0.00 0.00 0.00 0
22055 0.00 0.00 0.00 0
22056 0.00 0.00 0.00 0
22057 0.00 0.00 0.00 0
22058 0.00 0.00 0.00 0
22059 0.00 0.00 0.00 0
22060 0.00 0.00 0.00 0
22062 0.00 0.00 0.00 0
22101 0.00 0.00 0.00 0
22102 0.00 0.00 0.00 0
22111 0.00 0.00 0.00 0
23211 0.00 0.00 0.00 0
23212 0.00 0.00 0.00 0
23213 0.00 0.00 0.00 0
23214 0.00 0.00 0.00 0
23215 0.00 0.00 0.00 0
23236 0.00 0.00 0.00 0
23332 0.00 0.00 0.00 0
23333 0.00 0.00 0.00 0
23334 0.00 0.00 0.00 0
23335 0.00 0.00 0.00 0
23336 0.00 0.00 0.00 0
23917 0.00 0.00 0.00 0
24277 0.00 0.00 0.00 0
24278 0.00 0.00 0.00 0
24279 0.00 0.00 0.00 0
24280 0.00 0.00 0.00 0
24281 0.00 0.00 0.00 0
24993 0.00 0.00 0.00 0
24994 0.00 0.00 0.00 0
24995 0.00 0.00 0.00 0
24996 0.00 0.00 0.00 0
24997 0.00 0.00 0.00 0
24998 0.00 0.00 0.00 0
24999 0.00 0.00 0.00 0
25000 0.00 0.00 0.00 0
25001 0.00 0.00 0.00 0
25002 0.00 0.00 0.00 0
25004 0.00 0.00 0.00 0
25005 0.00 0.00 0.00 0
25065 0.00 0.00 0.00 0
25067 0.00 0.00 0.00 0
25068 0.00 0.00 0.00 0
25069 0.00 0.00 0.00 0
25070 0.00 0.00 0.00 0
25071 0.00 0.00 0.00 0
25072 0.00 0.00 0.00 0
25362 0.00 0.00 0.00 0
25363 0.00 0.00 0.00 0
25364 0.00 0.00 0.00 0
25365 0.00 0.00 0.00 0
25366 0.00 0.00 0.00 0
25367 0.00 0.00 0.00 0
25368 0.00 0.00 0.00 0
25369 0.00 0.00 0.00 0
25370 0.00 0.00 0.00 0
27104 0.00 0.00 0.00 0
27105 0.00 0.00 0.00 0
27106 0.00 0.00 0.00 0
27107 0.00 0.00 0.00 0
27108 0.00 0.00 0.00 0
27109 0.00 0.00 0.00 0
27110 0.00 0.00 0.00 0
27111 0.00 0.00 0.00 0
27112 0.00 0.00 0.00 0
27136 0.00 0.00 0.00 0
27137 0.00 0.00 0.00 0
27138 0.00 0.00 0.00 0
27139 0.00 0.00 0.00 0
27140 0.00 0.00 0.00 0
27141 0.00 0.00 0.00 0
27149 0.00 0.00 0.00 0
27150 0.00 0.00 0.00 0
27151 0.00 0.00 0.00 0
27159 0.00 0.00 0.00 0
27160 0.00 0.00 0.00 0
27161 0.00 0.00 0.00 0
27162 0.00 0.00 0.00 0
27163 0.00 0.00 0.00 0
27164 0.00 0.00 0.00 0
27165 0.00 0.00 0.00 0
27166 0.00 0.00 0.00 0
27170 0.00 0.00 0.00 0
27171 0.00 0.00 0.00 0
27177 0.00 0.00 0.00 0
28206 0.00 0.00 0.00 0
28207 0.00 0.00 0.00 0
28208 0.00 0.00 0.00 0
28209 0.00 0.00 0.00 0
28210 0.00 0.00 0.00 0
28212 0.00 0.00 0.00 0
29199 0.00 0.00 0.00 0
29200 0.00 0.00 0.00 0
29201 0.00 0.00 0.00 0
29202 0.00 0.00 0.00 0
29203 0.00 0.00 0.00 0
29204 0.00 0.00 0.00 0
29205 0.00 0.00 0.00 0
29206 0.00 0.00 0.00 0
29207 0.00 0.00 0.00 0
29208 0.00 0.00 0.00 0
29209 0.00 0.00 0.00 0
29259 0.00 0.00 0.00 0
29260 0.00 0.00 0.00 0
29484 0.00 0.00 0.00 0
29485 0.00 0.00 0.00 0
29486 0.00 0.00 0.00 0
29487 0.00 0.00 0.00 0
29488 0.00 0.00 0.00 0
29489 0.00 0.00 0.00 0
29490 0.00 0.00 0.00 0
29491 0.00 0.00 0.00 0
29492 0.00 0.00 0.00 0
30845 0.00 0.00 0.00 0
30846 0.00 0.00 0.00 0
30847 0.00 0.00 0.00 0
30884 0.00 0.00 0.00 0
30886 0.00 0.00 0.00 0
30887 0.00 0.00 0.00 0
30888 0.00 0.00 0.00 0
30889 0.00 0.00 0.00 0
30890 0.00 0.00 0.00 0
30891 0.00 0.00 0.00 0
30892 0.00 0.00 0.00 0
30893 0.00 0.00 0.00 0
31692 0.00 0.00 0.00 0
31693 0.00 0.00 0.00 0
31698 0.00 0.00 0.00 0
31699 0.00 0.00 0.00 0
31700 0.00 0.00 0.00 0
31701 0.00 0.00 0.00 0
31702 0.00 0.00 0.00 0
33244 0.00 0.00 0.00 0
33245 0.00 0.00 0.00 0
33246 0.00 0.00 0.00 0
33247 0.00 0.00 0.00 0
33248 0.00 0.00 0.00 0
33249 0.00 0.00 0.00 0
33250 0.00 0.00 0.00 0
33254 0.00 0.00 0.00 0
33255 0.00 0.00 0.00 0
33256 0.00 0.00 0.00 0
33257 0.00 0.00 0.00 0
33258 0.00 0.00 0.00 0
33259 0.00 0.00 0.00 0
33408 0.00 0.00 0.00 0
33412 0.00 0.00 0.00 0
34012 0.00 0.00 0.00 0
34013 0.00 0.00 0.00 0
34014 0.00 0.00 0.00 0
34015 0.00 0.00 0.00 0
34016 0.00 0.00 0.00 0
34018 0.00 0.00 0.00 0
34019 0.00 0.00 0.00 0
34020 0.00 0.00 0.00 0
34021 0.00 0.00 0.00 0
34022 0.00 0.00 0.00 0
34026 0.00 0.00 0.00 0
34027 0.00 0.00 0.00 0
34028 0.00 0.00 0.00 0
34029 0.00 0.00 0.00 0
34030 0.00 0.00 0.00 0
34031 0.00 0.00 0.00 0
34032 0.00 0.00 0.00 0
34033 0.00 0.00 0.00 0
34034 0.00 0.00 0.00 0
34035 0.00 0.00 0.00 0
34036 0.00 0.00 0.00 0
34037 0.00 0.00 0.00 0
34935 0.00 0.00 0.00 0
34936 0.00 0.00 0.00 0
34937 0.00 0.00 0.00 0
34939 0.00 0.00 0.00 0
34941 0.00 0.00 0.00 0
34942 0.00 0.00 0.00 0
37568 0.00 0.00 0.00 0
37569 0.00 0.00 0.00 0
37570 0.00 0.00 0.00 0
37571 0.00 0.00 0.00 0
37572 0.00 0.00 0.00 0
37573 0.00 0.00 0.00 0
37574 0.00 0.00 0.00 0
37575 0.00 0.00 0.00 0
37576 0.00 0.00 0.00 0
37577 0.00 0.00 0.00 0
37578 0.00 0.00 0.00 0
37579 0.00 0.00 0.00 0
37580 0.00 0.00 0.00 0
37581 0.00 0.00 0.00 0
37582 0.00 0.00 0.00 0
37583 0.00 0.00 0.00 0
37584 0.00 0.00 0.00 0
37585 0.00 0.00 0.00 0
37586 0.00 0.00 0.00 0
37587 0.00 0.00 0.00 0
37589 0.00 0.00 0.00 0
37590 0.00 0.00 0.00 0
37591 0.00 0.00 0.00 0
37592 0.00 0.00 0.00 0
37593 0.00 0.00 0.00 0
37601 0.00 0.00 0.00 0
37602 0.00 0.00 0.00 0
37603 0.00 0.00 0.00 0
37604 0.00 0.00 0.00 0
37605 0.00 0.00 0.00 0
37606 0.00 0.00 0.00 0
37607 0.00 0.00 0.00 0
37608 0.00 0.00 0.00 0
37609 0.00 0.00 0.00 0
37610 0.00 0.00 0.00 0
37611 0.00 0.00 0.00 0
37612 0.00 0.00 0.00 0
37631 0.00 0.00 0.00 0
37632 0.00 0.00 0.00 0
37633 0.00 0.00 0.00 0
37634 0.00 0.00 0.00 0
37635 0.00 0.00 0.00 0
37636 0.00 0.00 0.00 0
37637 0.00 0.00 0.00 0
37638 0.00 0.00 0.00 0
37639 0.00 0.00 0.00 0
37640 0.00 0.00 0.00 0
37641 0.00 0.00 0.00 0
37642 0.00 0.00 0.00 0
37643 0.00 0.00 0.00 0
37647 0.00 0.00 0.00 0
37656 0.00 0.00 0.00 0
37657 0.00 0.00 0.00 0
37658 0.00 0.00 0.00 0
37678 0.00 0.00 0.00 0
37679 0.00 0.00 0.00 0
37684 0.00 0.00 0.00 0
37685 0.00 0.00 0.00 0
37687 0.00 0.00 0.00 0
37701 0.00 0.00 0.00 0
37702 0.00 0.00 0.00 0
37703 0.00 0.00 0.00 0
37704 0.00 0.00 0.00 0
37705 0.00 0.00 0.00 0
37706 0.00 0.00 0.00 0
37707 0.00 0.00 0.00 0
37708 0.00 0.00 0.00 0
37709 0.00 0.00 0.00 0
37710 0.00 0.00 0.00 0
37711 0.00 0.00 0.00 0
37712 0.00 0.00 0.00 0
37713 0.00 0.00 0.00 0
37714 0.00 0.00 0.00 0
37715 0.00 0.00 0.00 0
37716 0.00 0.00 0.00 0
37717 0.00 0.00 0.00 0
37718 0.00 0.00 0.00 0
39774 0.00 0.00 0.00 0
39775 0.00 0.00 0.00 0
39776 0.00 0.00 0.00 0
39777 0.00 0.00 0.00 0
39778 0.00 0.00 0.00 0
39779 0.00 0.00 0.00 0
39780 0.00 0.00 0.00 0
39783 0.00 0.00 0.00 0
39784 0.00 0.00 0.00 0
39785 0.00 0.00 0.00 0
39786 0.00 0.00 0.00 0
39787 0.00 0.00 0.00 0
39788 0.00 0.00 0.00 0
39829 0.00 0.00 0.00 0
39830 0.00 0.00 0.00 0
39833 0.00 0.00 0.00 0
39834 0.00 0.00 0.00 0
39835 0.00 0.00 0.00 0
39836 0.00 0.00 0.00 0
39843 0.00 0.00 0.00 0
39844 0.00 0.00 0.00 0
39845 0.00 0.00 0.00 0
39846 0.00 0.00 0.00 0
39847 0.00 0.00 0.00 0
41055 0.00 0.00 0.00 0
41056 0.00 0.00 0.00 0
41057 0.00 0.00 0.00 0
41065 0.00 0.00 0.00 0
41067 0.00 0.00 0.00 0
41068 0.00 0.00 0.00 0
41122 0.00 0.00 0.00 0
41123 0.00 0.00 0.00 0
41124 0.00 0.00 0.00 0
41446 0.00 0.00 0.00 0
41647 0.00 0.00 0.00 0
41648 0.00 0.00 0.00 0
41649 0.00 0.00 0.00 0
42045 0.00 0.00 0.00 0
42046 0.00 0.00 0.00 0
42047 0.00 0.00 0.00 0
42048 0.00 0.00 0.00 0
42049 0.00 0.00 0.00 0
42050 0.00 0.00 0.00 0
42051 0.00 0.00 0.00 0
42052 0.00 0.00 0.00 0
42085 0.00 0.00 0.00 0
42086 0.00 0.00 0.00 0
42087 0.00 0.00 0.00 0
42088 0.00 0.00 0.00 0
42250 0.00 0.00 0.00 0
42251 0.00 0.00 0.00 0
42252 0.00 0.00 0.00 0
42253 0.00 0.00 0.00 0
42254 0.00 0.00 0.00 0
43218 0.00 0.00 0.00 0
43219 0.00 0.00 0.00 0
43220 0.00 0.00 0.00 0
43221 0.00 0.00 0.00 0
43222 0.00 0.00 0.00 0
43233 0.00 0.00 0.00 0
43235 0.00 0.00 0.00 0
43236 0.00 0.00 0.00 0
43237 0.00 0.00 0.00 0
43244 0.00 0.00 0.00 0
43249 0.00 0.00 0.00 0
43250 0.00 0.00 0.00 0
43251 0.00 0.00 0.00 0
43252 0.00 0.00 0.00 0
43253 0.00 0.00 0.00 0
43254 0.00 0.00 0.00 0
43255 0.00 0.00 0.00 0
43830 0.00 0.00 0.00 0
43831 0.00 0.00 0.00 0
43832 0.00 0.00 0.00 0
44445 0.00 0.00 0.00 0
44446 0.00 0.00 0.00 0
44447 0.00 0.00 0.00 0
44448 0.00 0.00 0.00 0
44449 0.00 0.00 0.00 0
44450 0.00 0.00 0.00 0
44451 0.00 0.00 0.00 0
44452 0.00 0.00 0.00 0
44485 0.00 0.00 0.00 0
44486 0.00 0.00 0.00 0
44487 0.00 0.00 0.00 0
44488 0.00 0.00 0.00 0
44647 0.00 0.00 0.00 0
44648 0.00 0.00 0.00 0
44649 0.00 0.00 0.00 0
44650 0.00 0.00 0.00 0
44651 0.00 0.00 0.00 0
44652 0.00 0.00 0.00 0
44653 0.00 0.00 0.00 0
44654 0.00 0.00 0.00 0
45618 0.00 0.00 0.00 0
45619 0.00 0.00 0.00 0
45620 0.00 0.00 0.00 0
45621 0.00 0.00 0.00 0
45622 0.00 0.00 0.00 0
45649 0.00 0.00 0.00 0
45650 0.00 0.00 0.00 0
45651 0.00 0.00 0.00 0
45652 0.00 0.00 0.00 0
45653 0.00 0.00 0.00 0
45654 0.00 0.00 0.00 0
46222 0.00 0.00 0.00 0
46223 0.00 0.00 0.00 0
46224 0.00 0.00 0.00 0
46225 0.00 0.00 0.00 0
46226 0.00 0.00 0.00 0
46227 0.00 0.00 0.00 0
46228 0.00 0.00 0.00 0
46229 0.00 0.00 0.00 0
46230 0.00 0.00 0.00 0
46231 0.00 0.00 0.00 0
46232 0.00 0.00 0.00 0
47415 0.00 0.00 0.00 0
47416 0.00 0.00 0.00 0
47417 0.00 0.00 0.00 0
47418 0.00 0.00 0.00 0
47419 0.00 0.00 0.00 0
47420 0.00 0.00 0.00 0
47421 0.00 0.00 0.00 0
47422 0.00 0.00 0.00 0
47423 0.00 0.00 0.00 0
47424 0.00 0.00 0.00 0
47425 0.00 0.00 0.00 0
47426 0.00 0.00 0.00 0
47427 0.00 0.00 0.00 0
47545 0.00 0.00 0.00 0
47546 0.00 0.00 0.00 0
47547 0.00 0.00 0.00 0
47548 0.00 0.00 0.00 0
48027 0.00 0.00 0.00 0
48028 0.00 0.00 0.00 0
48029 0.00 0.00 0.00 0
48030 0.00 0.00 0.00 0
48032 0.00 0.00 0.00 0
48033 0.00 0.00 0.00 0
48034 0.00 0.00 0.00 0
48035 0.00 0.00 0.00 0
48036 0.00 0.00 0.00 0
48037 0.00 0.00 0.00 0
48038 0.00 0.00 0.00 0
48039 0.00 0.00 0.00 0
48040 0.00 0.00 0.00 0
48041 0.00 0.00 0.00 0
50935 0.00 0.00 0.00 0
50936 0.00 0.00 0.00 0
50937 0.00 0.00 0.00 0
50938 0.00 0.00 0.00 0
50939 0.00 0.00 0.00 0
50940 0.00 0.00 0.00 0
50941 0.00 0.00 0.00 0
50942 0.00 0.00 0.00 0
50943 0.00 0.00 0.00 0
50944 0.00 0.00 0.00 0
50945 0.00 0.00 0.00 0
50946 0.00 0.00 0.00 0
50947 0.00 0.00 0.00 0
50948 0.00 0.00 0.00 0
50949 0.00 0.00 0.00 0
50950 0.00 0.00 0.00 0
50964 0.00 0.00 0.00 0
50969 0.00 0.00 0.00 0
50988 0.00 0.00 0.00 0
50989 0.00 0.00 0.00 0
50990 0.00 0.00 0.00 0
50991 0.00 0.00 0.00 0
50992 0.00 0.00 0.00 0
50993 0.00 0.00 0.00 0
50994 0.00 0.00 0.00 0
50995 0.00 0.00 0.00 0
51004 0.00 0.00 0.00 0
51005 0.00 0.00 0.00 0
51006 0.00 0.00 0.00 0
51008 0.00 0.00 0.00 0
51009 0.00 0.00 0.00 0
51010 0.00 0.00 0.00 0
51024 0.00 0.00 0.00 0
51025 0.00 0.00 0.00 0
51026 0.00 0.00 0.00 0
51027 0.00 0.00 0.00 0
51028 0.00 0.00 0.00 0
51029 0.00 0.00 0.00 0
51030 0.00 0.00 0.00 0
51031 0.00 0.00 0.00 0
51032 0.00 0.00 0.00 0
51033 0.00 0.00 0.00 0
51041 0.00 0.00 0.00 0
51042 0.00 0.00 0.00 0
51043 0.00 0.00 0.00 0
51044 0.00 0.00 0.00 0
51045 0.00 0.00 0.00 0
51046 0.00 0.00 0.00 0
51047 0.00 0.00 0.00 0
51048 0.00 0.00 0.00 0
51049 0.00 0.00 0.00 0
51050 0.00 0.00 0.00 0
51051 0.00 0.00 0.00 0
51052 0.00 0.00 0.00 0
51053 0.00 0.00 0.00 0
51054 0.00 0.00 0.00 0
51055 0.00 0.00 0.00 0
52770 0.00 0.00 0.00 0
52771 0.00 0.00 0.00 0
52772 0.00 0.00 0.00 0
52773 0.00 0.00 0.00 0
52774 0.00 0.00 0.00 0
52775 0.00 0.00 0.00 0
52776 0.00 0.00 0.00 0
52777 0.00 0.00 0.00 0
52778 0.00 0.00 0.00 0
52779 0.00 0.00 0.00 0
52780 0.00 0.00 0.00 0
52821 0.00 0.00 0.00 0
54045 0.00 0.00 0.00 0
54046 0.00 0.00 0.00 0
54047 0.00 0.00 0.00 0
54048 0.00 0.00 0.00 0
54049 0.00 0.00 0.00 0
54050 0.00 0.00 0.00 0
54051 0.00 0.00 0.00 0
54052 0.00 0.00 0.00 0
54085 0.00 0.00 0.00 0
54086 0.00 0.00 0.00 0
54087 0.00 0.00 0.00 0
54088 0.00 0.00 0.00 0
54247 0.00 0.00 0.00 0
54248 0.00 0.00 0.00 0
54249 0.00 0.00 0.00 0
54250 0.00 0.00 0.00 0
54251 0.00 0.00 0.00 0
54252 0.00 0.00 0.00 0
54253 0.00 0.00 0.00 0
54254 0.00 0.00 0.00 0
55218 0.00 0.00 0.00 0
55220 0.00 0.00 0.00 0
55221 0.00 0.00 0.00 0
55222 0.00 0.00 0.00 0
55822 0.00 0.00 0.00 0
55823 0.00 0.00 0.00 0
55824 0.00 0.00 0.00 0
55825 0.00 0.00 0.00 0
55826 0.00 0.00 0.00 0
55827 0.00 0.00 0.00 0
55828 0.00 0.00 0.00 0
55829 0.00 0.00 0.00 0
57015 0.00 0.00 0.00 0
57016 0.00 0.00 0.00 0
57017 0.00 0.00 0.00 0
57018 0.00 0.00 0.00 0
57019 0.00 0.00 0.00 0
57020 0.00 0.00 0.00 0
57021 0.00 0.00 0.00 0
57022 0.00 0.00 0.00 0
57023 0.00 0.00 0.00 0
57024 0.00 0.00 0.00 0
57025 0.00 0.00 0.00 0
57026 0.00 0.00 0.00 0
57027 0.00 0.00 0.00 0
57028 0.00 0.00 0.00 0
57029 0.00 0.00 0.00 0
57030 0.00 0.00 0.00 0
57031 0.00 0.00 0.00 0
57032 0.00 0.00 0.00 0
57033 0.00 0.00 0.00 0
57034 0.00 0.00 0.00 0
57035 0.00 0.00 0.00 0
57037 0.00 0.00 0.00 0
57135 0.00 0.00 0.00 0
57136 0.00 0.00 0.00 0
57137 0.00 0.00 0.00 0
57138 0.00 0.00 0.00 0
57139 0.00 0.00 0.00 0
57140 0.00 0.00 0.00 0
57141 0.00 0.00 0.00 0
57142 0.00 0.00 0.00 0
57143 0.00 0.00 0.00 0
57144 0.00 0.00 0.00 0
57145 0.00 0.00 0.00 0
57146 0.00 0.00 0.00 0
57147 0.00 0.00 0.00 0
57148 0.00 0.00 0.00 0
57630 0.00 0.00 0.00 0
57631 0.00 0.00 0.00 0
57632 0.00 0.00 0.00 0
57633 0.00 0.00 0.00 0
57634 0.00 0.00 0.00 0
57635 0.00 0.00 0.00 0
57636 0.00 0.00 0.00 0
57637 0.00 0.00 0.00 0
57638 0.00 0.00 0.00 0
57639 0.00 0.00 0.00 0
57640 0.00 0.00 0.00 0
57641 0.00 0.00 0.00 0
57642 0.00 0.00 0.00 0
57643 0.00 0.00 0.00 0
57644 0.00 0.00 0.00 0
60533 0.00 0.00 0.00 0
60534 0.00 0.00 0.00 0
60535 0.00 0.00 0.00 0
60536 0.00 0.00 0.00 0
60537 0.00 0.00 0.00 0
60538 0.00 0.00 0.00 0
60539 0.00 0.00 0.00 0
60540 0.00 0.00 0.00 0
60541 0.00 0.00 0.00 0
60542 0.00 0.00 0.00 0
60543 0.00 0.00 0.00 0
60544 0.00 0.00 0.00 0
60545 0.00 0.00 0.00 0
60546 0.00 0.00 0.00 0
60547 0.00 0.00 0.00 0
60588 0.00 0.00 0.00 0
60589 0.00 0.00 0.00 0
60590 0.00 0.00 0.00 0
60591 0.00 0.00 0.00 0
60592 0.00 0.00 0.00 0
60604 0.00 0.00 0.00 0
60606 0.00 0.00 0.00 0
60607 0.00 0.00 0.00 0
60608 0.00 0.00 0.00 0
60609 0.00 0.00 0.00 0
60610 0.00 0.00 0.00 0
60611 0.00 0.00 0.00 0
60612 0.00 0.00 0.00 0
60613 0.00 0.00 0.00 0
60615 0.00 0.00 0.00 0
60624 0.00 0.00 0.00 0
60625 0.00 0.00 0.00 0
60626 0.00 0.00 0.00 0
60627 0.00 0.00 0.00 0
60628 0.00 0.00 0.00 0
60629 0.00 0.00 0.00 0
60630 0.00 0.00 0.00 0
60631 0.00 0.00 0.00 0
60632 0.00 0.00 0.00 0
60633 0.00 0.00 0.00 0
60634 0.00 0.00 0.00 0
60635 0.00 0.00 0.00 0
60636 0.00 0.00 0.00 0
60638 0.00 0.00 0.00 0
60640 0.00 0.00 0.00 0
60641 0.00 0.00 0.00 0
60642 0.00 0.00 0.00 0
60643 0.00 0.00 0.00 0
60644 0.00 0.00 0.00 0
60645 0.00 0.00 0.00 0
62370 0.00 0.00 0.00 0
62371 0.00 0.00 0.00 0
62372 0.00 0.00 0.00 0
62373 0.00 0.00 0.00 0
62374 0.00 0.00 0.00 0
62375 0.00 0.00 0.00 0
62376 0.00 0.00 0.00 0
62377 0.00 0.00 0.00 0
64215 0.00 0.00 0.00 0
64216 0.00 0.00 0.00 0
64217 0.00 0.00 0.00 0
64218 0.00 0.00 0.00 0
64219 0.00 0.00 0.00 0
64220 0.00 0.00 0.00 0
64221 0.00 0.00 0.00 0
64222 0.00 0.00 0.00 0
64223 0.00 0.00 0.00 0
64224 0.00 0.00 0.00 0
64225 0.00 0.00 0.00 0
64226 0.00 0.00 0.00 0
64227 0.00 0.00 0.00 0
64228 0.00 0.00 0.00 0
64229 0.00 0.00 0.00 0
64230 0.00 0.00 0.00 0
64231 0.00 0.00 0.00 0
64232 0.00 0.00 0.00 0
64233 0.00 0.00 0.00 0
64234 0.00 0.00 0.00 0
64235 0.00 0.00 0.00 0
64236 0.00 0.00 0.00 0
64237 0.00 0.00 0.00 0
64338 0.00 0.00 0.00 0
64340 0.00 0.00 0.00 0
64342 0.00 0.00 0.00 0
64343 0.00 0.00 0.00 0
64344 0.00 0.00 0.00 0
64345 0.00 0.00 0.00 0
64346 0.00 0.00 0.00 0
64347 0.00 0.00 0.00 0
64348 0.00 0.00 0.00 0
64822 0.00 0.00 0.00 0
64824 0.00 0.00 0.00 0
64825 0.00 0.00 0.00 0
64826 0.00 0.00 0.00 0
64827 0.00 0.00 0.00 0
64828 0.00 0.00 0.00 0
64829 0.00 0.00 0.00 0
64830 0.00 0.00 0.00 0
64831 0.00 0.00 0.00 0
64832 0.00 0.00 0.00 0
64833 0.00 0.00 0.00 0
64834 0.00 0.00 0.00 0
64835 0.00 0.00 0.00 0
64836 0.00 0.00 0.00 0
64837 0.00 0.00 0.00 0
64838 0.00 0.00 0.00 0
64839 0.00 0.00 0.00 0
64840 0.00 0.00 0.00 0
64841 0.00 0.00 0.00 0
64842 0.00 0.00 0.00 0
64843 0.00 0.00 0.00 0
64844 0.00 0.00 0.00 0
67736 0.00 0.00 0.00 0
67742 0.00 0.00 0.00 0
67743 0.00 0.00 0.00 0
67744 0.00 0.00 0.00 0
67745 0.00 0.00 0.00 0
67746 0.00 0.00 0.00 0
67747 0.00 0.00 0.00 0
67826 0.00 0.00 0.00 0
67827 0.00 0.00 0.00 0
67828 0.00 0.00 0.00 0
67829 0.00 0.00 0.00 0
67830 0.00 0.00 0.00 0
67831 0.00 0.00 0.00 0
67832 0.00 0.00 0.00 0
67833 0.00 0.00 0.00 0
67834 0.00 0.00 0.00 0
67835 0.00 0.00 0.00 0
67836 0.00 0.00 0.00 0
67837 0.00 0.00 0.00 0
67838 0.00 0.00 0.00 0
67839 0.00 0.00 0.00 0
67840 0.00 0.00 0.00 0
67841 0.00 0.00 0.00 0
67842 0.00 0.00 0.00 0
67843 0.00 0.00 0.00 0
67844 0.00 0.00 0.00 0
69547 0.00 0.00 0.00 0
69549 0.00 0.00 0.00 0
69550 0.00 0.00 0.00 0
69551 0.00 0.00 0.00 0
69552 0.00 0.00 0.00 0
69554 0.00 0.00 0.00 0
69555 0.00 0.00 0.00 0
69556 0.00 0.00 0.00 0
69557 0.00 0.00 0.00 0
69558 0.00 0.00 0.00 0
69559 0.00 0.00 0.00 0
69560 0.00 0.00 0.00 0
69561 0.00 0.00 0.00 0
69562 0.00 0.00 0.00 0
69564 0.00 0.00 0.00 0
69570 0.00 0.00 0.00 0
69571 0.00 0.00 0.00 0
69572 0.00 0.00 0.00 0
69573 0.00 0.00 0.00 0
69574 0.00 0.00 0.00 0
69575 0.00 0.00 0.00 0
69576 0.00 0.00 0.00 0
69577 0.00 0.00 0.00 0
73125 0.00 0.00 0.00 0
73126 0.00 0.00 0.00 0
73127 0.00 0.00 0.00 0
73128 0.00 0.00 0.00 0
73129 0.00 0.00 0.00 0
73130 0.00 0.00 0.00 0
73131 0.00 0.00 0.00 0
73132 0.00 0.00 0.00 0
73133 0.00 0.00 0.00 0
73134 0.00 0.00 0.00 0
73135 0.00 0.00 0.00 0
73136 0.00 0.00 0.00 0
73137 0.00 0.00 0.00 0
73138 0.00 0.00 0.00 0
73139 0.00 0.00 0.00 0
73140 0.00 0.00 0.00 0
73148 0.00 0.00 0.00 0
73149 0.00 0.00 0.00 0
73150 0.00 0.00 0.00 0
73151 0.00 0.00 0.00 0
73152 0.00 0.00 0.00 0
73153 0.00 0.00 0.00 0
73154 0.00 0.00 0.00 0
73155 0.00 0.00 0.00 0
73156 0.00 0.00 0.00 0
73157 0.00 0.00 0.00 0
73158 0.00 0.00 0.00 0
73159 0.00 0.00 0.00 0
73160 0.00 0.00 0.00 0
73161 0.00 0.00 0.00 0
73162 0.00 0.00 0.00 0
73163 0.00 0.00 0.00 0
73515 0.00 0.00 0.00 0
73516 0.00 0.00 0.00 0
73517 0.00 0.00 0.00 0
73518 0.00 0.00 0.00 0
73519 0.00 0.00 0.00 0
73520 0.00 0.00 0.00 0
73524 0.00 0.00 0.00 0
73525 0.00 0.00 0.00 0
73526 0.00 0.00 0.00 0
73527 0.00 0.00 0.00 0
73528 0.00 0.00 0.00 0
74947 0.00 0.00 0.00 0
74948 0.00 0.00 0.00 0
74949 0.00 0.00 0.00 0
74950 0.00 0.00 0.00 0
74951 0.00 0.00 0.00 0
74952 0.00 0.00 0.00 0
74953 0.00 0.00 0.00 0
74954 0.00 0.00 0.00 0
74958 0.00 0.00 0.00 0
74959 0.00 0.00 0.00 0
74960 0.00 0.00 0.00 0
74961 0.00 0.00 0.00 0
74962 0.00 0.00 0.00 0
74963 0.00 0.00 0.00 0
74964 0.00 0.00 0.00 0
74965 0.00 0.00 0.00 0
74966 0.00 0.00 0.00 0
74967 0.00 0.00 0.00 0
74968 0.00 0.00 0.00 0
74969 0.00 0.00 0.00 0
74978 0.00 0.00 0.00 0
74979 0.00 0.00 0.00 0
74980 0.00 0.00 0.00 0
74981 0.00 0.00 0.00 0
74982 0.00 0.00 0.00 0
74983 0.00 0.00 0.00 0
74984 0.00 0.00 0.00 0
74985 0.00 0.00 0.00 0
74986 0.00 0.00 0.00 0
74987 0.00 0.00 0.00 0
74988 0.00 0.00 0.00 0
74989 0.00 0.00 0.00 0
74990 0.00 0.00 0.00 0
74991 0.00 0.00 0.00 0
74992 0.00 0.00 0.00 0
74993 0.00 0.00 0.00 0
74994 0.00 0.00 0.00 0
74995 0.00 0.00 0.00 0
74996 0.00 0.00 0.00 0
74997 0.00 0.00 0.00 0
74998 0.00 0.00 0.00 0
74999 0.00 0.00 0.00 0
75000 0.00 0.00 0.00 0
75001 0.00 0.00 0.00 0
75002 0.00 0.00 0.00 0
75003 0.00 0.00 0.00 0
75004 0.00 0.00 0.00 0
75005 0.00 0.00 0.00 0
75006 0.00 0.00 0.00 0
75007 0.00 0.00 0.00 0
75008 0.00 0.00 0.00 0
75009 0.00 0.00 0.00 0
77175 0.00 0.00 0.00 0
77176 0.00 0.00 0.00 0
77181 0.00 0.00 0.00 0
77182 0.00 0.00 0.00 0
77186 0.00 0.00 0.00 0
77188 0.00 0.00 0.00 0
77189 0.00 0.00 0.00 0
77190 0.00 0.00 0.00 0
77191 0.00 0.00 0.00 0
83681 0.00 0.00 0.00 0
83683 0.00 0.00 0.00 0
83684 0.00 0.00 0.00 0
83685 0.00 0.00 0.00 0
83686 0.00 0.00 0.00 0
83687 0.00 0.00 0.00 0
83688 0.00 0.00 0.00 0
83689 0.00 0.00 0.00 0
83690 0.00 0.00 0.00 0
83691 0.00 0.00 0.00 0
83692 0.00 0.00 0.00 0
83693 0.00 0.00 0.00 0
83694 0.00 0.00 0.00 0
83695 0.00 0.00 0.00 0
83696 0.00 0.00 0.00 0
83697 0.00 0.00 0.00 0
83698 0.00 0.00 0.00 0
83699 0.00 0.00 0.00 0
83700 0.00 0.00 0.00 0
83701 0.00 0.00 0.00 0
83702 0.00 0.00 0.00 0
83703 0.00 0.00 0.00 0
83704 0.00 0.00 0.00 0
83705 0.00 0.00 0.00 0
83706 0.00 0.00 0.00 0
83707 0.00 0.00 0.00 0
83708 0.00 0.00 0.00 0
83709 0.00 0.00 0.00 0
83710 0.00 0.00 0.00 0
83711 0.00 0.00 0.00 0
83712 0.00 0.00 0.00 0
83713 0.00 0.00 0.00 0
83714 0.00 0.00 0.00 0
83715 0.00 0.00 0.00 0
83716 0.00 0.00 0.00 0
83717 0.00 0.00 0.00 0
83718 0.00 0.00 0.00 0
83719 0.00 0.00 0.00 0
83720 0.00 0.00 0.00 0
83721 0.00 0.00 0.00 0
83722 0.00 0.00 0.00 0
83723 0.00 0.00 0.00 0
83724 0.00 0.00 0.00 0
83725 0.00 0.00 0.00 0
83726 0.00 0.00 0.00 0
83727 0.00 0.00 0.00 0
83728 0.00 0.00 0.00 0
83729 0.00 0.00 0.00 0
83730 0.00 0.00 0.00 0
83736 0.00 0.00 0.00 0
83737 0.00 0.00 0.00 0
83738 0.00 0.00 0.00 0
83739 0.00 0.00 0.00 0
83740 0.00 0.00 0.00 0
83742 0.00 0.00 0.00 0
83743 0.00 0.00 0.00 0
83744 0.00 0.00 0.00 0
83745 0.00 0.00 0.00 0
83764 0.00 0.00 0.00 0
83765 0.00 0.00 0.00 0
83766 0.00 0.00 0.00 0
83767 0.00 0.00 0.00 0
83768 0.00 0.00 0.00 0
83769 0.00 0.00 0.00 0
83770 0.00 0.00 0.00 0
83771 0.00 0.00 0.00 0
83772 0.00 0.00 0.00 0
83773 0.00 0.00 0.00 0
83774 0.00 0.00 0.00 0
83775 0.00 0.00 0.00 0
83779 0.00 0.00 0.00 0
83780 0.00 0.00 0.00 0
83781 0.00 0.00 0.00 0
83782 0.00 0.00 0.00 0
83783 0.00 0.00 0.00 0
83784 0.00 0.00 0.00 0
83785 0.00 0.00 0.00 0
83786 0.00 0.00 0.00 0
83787 0.00 0.00 0.00 0
83788 0.00 0.00 0.00 0
83789 0.00 0.00 0.00 0
83790 0.00 0.00 0.00 0
83791 0.00 0.00 0.00 0
83792 0.00 0.00 0.00 0
83794 0.00 0.00 0.00 0
83838 0.00 0.00 0.00 0
83839 0.00 0.00 0.00 0
83840 0.00 0.00 0.00 0
83841 0.00 0.00 0.00 0
83842 0.00 0.00 0.00 0
83843 0.00 0.00 0.00 0
83844 0.00 0.00 0.00 0
83845 0.00 0.00 0.00 0
83846 0.00 0.00 0.00 0
83847 0.00 0.00 0.00 0
83848 0.00 0.00 0.00 0
83849 0.00 0.00 0.00 0
83850 0.00 0.00 0.00 0
83851 0.00 0.00 0.00 0
83852 0.00 0.00 0.00 0
83853 0.00 0.00 0.00 0
83854 0.00 0.00 0.00 0
83855 0.00 0.00 0.00 0
83856 0.00 0.00 0.00 0
83857 0.00 0.00 0.00 0
83858 0.00 0.00 0.00 0
83859 0.00 0.00 0.00 0
83860 0.00 0.00 0.00 0
83861 0.00 0.00 0.00 0
83862 0.00 0.00 0.00 0
83863 0.00 0.00 0.00 0
83864 0.00 0.00 0.00 0
83865 0.00 0.00 0.00 0
83867 0.00 0.00 0.00 0
83879 0.00 0.00 0.00 0
83901 0.00 0.00 0.00 0
83902 0.00 0.00 0.00 0
83903 0.00 0.00 0.00 0
83904 0.00 0.00 0.00 0
83905 0.00 0.00 0.00 0
83906 0.00 0.00 0.00 0
83907 0.00 0.00 0.00 0
83912 0.00 0.00 0.00 0
83952 0.00 0.00 0.00 0
83957 0.00 0.00 0.00 0
83958 0.00 0.00 0.00 0
83959 0.00 0.00 0.00 0
83960 0.00 0.00 0.00 0
83961 0.00 0.00 0.00 0
83967 0.00 0.00 0.00 0
83969 0.00 0.00 0.00 0
83971 0.00 0.00 0.00 0
83972 0.00 0.00 0.00 0
83973 0.00 0.00 0.00 0
83974 0.00 0.00 0.00 0
83975 0.00 0.00 0.00 0
83976 0.00 0.00 0.00 0
83979 0.00 0.00 0.00 0
83980 0.00 0.00 0.00 0
83981 0.00 0.00 0.00 0
84011 0.00 0.00 0.00 0
84012 0.00 0.00 0.00 0
84013 0.00 0.00 0.00 0
84014 0.00 0.00 0.00 0
84015 0.00 0.00 0.00 0
84016 0.00 0.00 0.00 0
84017 0.00 0.00 0.00 0
84018 0.00 0.00 0.00 0
84019 0.00 0.00 0.00 0
84020 0.00 0.00 0.00 0
84021 0.00 0.00 0.00 0
84022 0.00 0.00 0.00 0
84023 0.00 0.00 0.00 0
84024 0.00 0.00 0.00 0
84025 0.00 0.00 0.00 0
84026 0.00 0.00 0.00 0
84027 0.00 0.00 0.00 0
84028 0.00 0.00 0.00 0
84029 0.00 0.00 0.00 0
84030 0.00 0.00 0.00 0
84031 0.00 0.00 0.00 0
84032 0.00 0.00 0.00 0
84033 0.00 0.00 0.00 0
84034 0.00 0.00 0.00 0
84035 0.00 0.00 0.00 0
84036 0.00 0.00 0.00 0
84037 0.00 0.00 0.00 0
84038 0.00 0.00 0.00 0
84039 0.00 0.00 0.00 0
84040 0.00 0.00 0.00 0
84041 0.00 0.00 0.00 0
84042 0.00 0.00 0.00 0
84043 0.00 0.00 0.00 0
84044 0.00 0.00 0.00 0
84045 0.00 0.00 0.00 0
84047 0.00 0.00 0.00 0
84048 0.00 0.00 0.00 0
84049 0.00 0.00 0.00 0
84050 0.00 0.00 0.00 0
84051 0.00 0.00 0.00 0
84052 0.00 0.00 0.00 0
84053 0.00 0.00 0.00 0
84054 0.00 0.00 0.00 0
84055 0.00 0.00 0.00 0
89190 0.00 0.00 0.00 0
89191 0.00 0.00 0.00 0
89192 0.00 0.00 0.00 0
89193 0.00 0.00 0.00 0
89194 0.00 0.00 0.00 0
89195 0.00 0.00 0.00 0
89196 0.00 0.00 0.00 0
89197 0.00 0.00 0.00 0
89198 0.00 0.00 0.00 0
89199 0.00 0.00 0.00 0
89200 0.00 0.00 0.00 0
89201 0.00 0.00 0.00 0
89202 0.00 0.00 0.00 0
89203 0.00 0.00 0.00 0
89204 0.00 0.00 0.00 0
89205 0.00 0.00 0.00 0
89206 0.00 0.00 0.00 0
89207 0.00 0.00 0.00 0
89208 0.00 0.00 0.00 0
89213 0.00 0.00 0.00 0
89214 0.00 0.00 0.00 0
89215 0.00 0.00 0.00 0
89216 0.00 0.00 0.00 0
89217 0.00 0.00 0.00 0
89218 0.00 0.00 0.00 0
89219 0.00 0.00 0.00 0
89220 0.00 0.00 0.00 0
89221 0.00 0.00 0.00 0
89222 0.00 0.00 0.00 0
89223 0.00 0.00 0.00 0
89224 0.00 0.00 0.00 0
89225 0.00 0.00 0.00 0
89226 0.00 0.00 0.00 0
89227 0.00 0.00 0.00 0
89228 0.00 0.00 0.00 0
89229 0.00 0.00 0.00 0
89230 0.00 0.00 0.00 0
89331 0.00 0.00 0.00 0
89339 0.00 0.00 0.00 0
89340 0.00 0.00 0.00 0
89341 0.00 0.00 0.00 0
89342 0.00 0.00 0.00 0
89343 0.00 0.00 0.00 0
89344 0.00 0.00 0.00 0
89345 0.00 0.00 0.00 0
89346 0.00 0.00 0.00 0
89347 0.00 0.00 0.00 0
89366 0.00 0.00 0.00 0
89367 0.00 0.00 0.00 0
89368 0.00 0.00 0.00 0
89369 0.00 0.00 0.00 0
89370 0.00 0.00 0.00 0
89371 0.00 0.00 0.00 0
89372 0.00 0.00 0.00 0
89374 0.00 0.00 0.00 0
92331 0.00 0.00 0.00 0
92332 0.00 0.00 0.00 0
92333 0.00 0.00 0.00 0
92334 0.00 0.00 0.00 0
92335 0.00 0.00 0.00 0
92356 0.00 0.00 0.00 0
92452 0.00 0.00 0.00 0
92453 0.00 0.00 0.00 0
92454 0.00 0.00 0.00 0
92455 0.00 0.00 0.00 0
92456 0.00 0.00 0.00 0
93036 0.00 0.00 0.00 0
93037 0.00 0.00 0.00 0
93397 0.00 0.00 0.00 0
93398 0.00 0.00 0.00 0
93399 0.00 0.00 0.00 0
93400 0.00 0.00 0.00 0
93401 0.00 0.00 0.00 0
94113 0.00 0.00 0.00 0
94114 0.00 0.00 0.00 0
94115 0.00 0.00 0.00 0
94116 0.00 0.00 0.00 0
94117 0.00 0.00 0.00 0
94118 0.00 0.00 0.00 0
94119 0.00 0.00 0.00 0
94120 0.00 0.00 0.00 0
94121 0.00 0.00 0.00 0
94122 0.00 0.00 0.00 0
94123 0.00 0.00 0.00 0
94124 0.00 0.00 0.00 0
94125 0.00 0.00 0.00 0
94126 0.00 0.00 0.00 0
94185 0.00 0.00 0.00 0
94186 0.00 0.00 0.00 0
94187 0.00 0.00 0.00 0
94188 0.00 0.00 0.00 0
94189 0.00 0.00 0.00 0
94190 0.00 0.00 0.00 0
94191 0.00 0.00 0.00 0
94192 0.00 0.00 0.00 0
94482 0.00 0.00 0.00 0
94483 0.00 0.00 0.00 0
94484 0.00 0.00 0.00 0
94485 0.00 0.00 0.00 0
94486 0.00 0.00 0.00 0
94487 0.00 0.00 0.00 0
94488 0.00 0.00 0.00 0
94489 0.00 0.00 0.00 0
94490 0.00 0.00 0.00 0
96224 0.00 0.00 0.00 0
96225 0.00 0.00 0.00 0
96226 0.00 0.00 0.00 0
96227 0.00 0.00 0.00 0
96228 0.00 0.00 0.00 0
96229 0.00 0.00 0.00 0
96230 0.00 0.00 0.00 0
96231 0.00 0.00 0.00 0
96232 0.00 0.00 0.00 0
96256 0.00 0.00 0.00 0
96257 0.00 0.00 0.00 0
96258 0.00 0.00 0.00 0
96259 0.00 0.00 0.00 0
96268 0.00 0.00 0.00 0
96269 0.00 0.00 0.00 0
96270 0.00 0.00 0.00 0
96271 0.00 0.00 0.00 0
96272 0.00 0.00 0.00 0
96273 0.00 0.00 0.00 0
96279 0.00 0.00 0.00 0
96280 0.00 0.00 0.00 0
96281 0.00 0.00 0.00 0
96282 0.00 0.00 0.00 0
96283 0.00 0.00 0.00 0
96284 0.00 0.00 0.00 0
96285 0.00 0.00 0.00 0
96286 0.00 0.00 0.00 0
96287 0.00 0.00 0.00 0
96288 0.00 0.00 0.00 0
96289 0.00 0.00 0.00 0
96290 0.00 0.00 0.00 0
96291 0.00 0.00 0.00 0
97326 0.00 0.00 0.00 0
97327 0.00 0.00 0.00 0
97328 0.00 0.00 0.00 0
97329 0.00 0.00 0.00 0
97330 0.00 0.00 0.00 0
98433 0.00 0.00 0.00 0
98434 0.00 0.00 0.00 0
98435 0.00 0.00 0.00 0
98436 0.00 0.00 0.00 0
98437 0.00 0.00 0.00 0
98438 0.00 0.00 0.00 0
98439 0.00 0.00 0.00 0
98440 0.00 0.00 0.00 0
98441 0.00 0.00 0.00 0
98442 0.00 0.00 0.00 0
98443 0.00 0.00 0.00 0
98444 0.00 0.00 0.00 0
98445 0.00 0.00 0.00 0
98446 0.00 0.00 0.00 0
98505 0.00 0.00 0.00 0
98507 0.00 0.00 0.00 0
98508 0.00 0.00 0.00 0
98509 0.00 0.00 0.00 0
98510 0.00 0.00 0.00 0
98511 0.00 0.00 0.00 0
98512 0.00 0.00 0.00 0
98797 0.00 0.00 0.00 0
98798 0.00 0.00 0.00 0
98799 0.00 0.00 0.00 0
98800 0.00 0.00 0.00 0
98801 0.00 0.00 0.00 0
98802 0.00 0.00 0.00 0
98803 0.00 0.00 0.00 0
98804 0.00 0.00 0.00 0
98805 0.00 0.00 0.00 0
98806 0.00 0.00 0.00 0
98807 0.00 0.00 0.00 0
98808 0.00 0.00 0.00 0
98809 0.00 0.00 0.00 0
98810 0.00 0.00 0.00 0
100544 0.00 0.00 0.00 0
100545 0.00 0.00 0.00 0
100546 0.00 0.00 0.00 0
100547 0.00 0.00 0.00 0
100548 0.00 0.00 0.00 0
100549 0.00 0.00 0.00 0
100550 0.00 0.00 0.00 0
100551 0.00 0.00 0.00 0
100552 0.00 0.00 0.00 0
100599 0.00 0.00 0.00 0
100600 0.00 0.00 0.00 0
100601 0.00 0.00 0.00 0
100602 0.00 0.00 0.00 0
100603 0.00 0.00 0.00 0
100604 0.00 0.00 0.00 0
100605 0.00 0.00 0.00 0
100606 0.00 0.00 0.00 0
100607 0.00 0.00 0.00 0
100608 0.00 0.00 0.00 0
100609 0.00 0.00 0.00 0
100610 0.00 0.00 0.00 0
101632 0.00 0.00 0.00 0
101633 0.00 0.00 0.00 0
101634 0.00 0.00 0.00 0
101635 0.00 0.00 0.00 0
101636 0.00 0.00 0.00 0
101637 0.00 0.00 0.00 0
101638 0.00 0.00 0.00 0
101639 0.00 0.00 0.00 0
101640 0.00 0.00 0.00 0
101641 0.00 0.00 0.00 0
101642 0.00 0.00 0.00 0
101643 0.00 0.00 0.00 0
101644 0.00 0.00 0.00 0
101645 0.00 0.00 0.00 0
101646 0.00 0.00 0.00 0
101647 0.00 0.00 0.00 0
101648 0.00 0.00 0.00 0
101649 0.00 0.00 0.00 0
101650 0.00 0.00 0.00 0
103779 0.00 0.00 0.00 0
103780 0.00 0.00 0.00 0
103781 0.00 0.00 0.00 0
103782 0.00 0.00 0.00 0
103783 0.00 0.00 0.00 0
103784 0.00 0.00 0.00 0
103785 0.00 0.00 0.00 0
103786 0.00 0.00 0.00 0
103787 0.00 0.00 0.00 0
103788 0.00 0.00 0.00 0
103793 0.00 0.00 0.00 0
103794 0.00 0.00 0.00 0
103795 0.00 0.00 0.00 0
103796 0.00 0.00 0.00 0
103797 0.00 0.00 0.00 0
103798 0.00 0.00 0.00 0
103799 0.00 0.00 0.00 0
103800 0.00 0.00 0.00 0
103801 0.00 0.00 0.00 0
104013 0.00 0.00 0.00 0
104014 0.00 0.00 0.00 0
104015 0.00 0.00 0.00 0
104016 0.00 0.00 0.00 0
104017 0.00 0.00 0.00 0
104018 0.00 0.00 0.00 0
104019 0.00 0.00 0.00 0
104020 0.00 0.00 0.00 0
104872 0.00 0.00 0.00 0
104873 0.00 0.00 0.00 0
104874 0.00 0.00 0.00 0
104875 0.00 0.00 0.00 0
104876 0.00 0.00 0.00 0
104880 0.00 0.00 0.00 0
104881 0.00 0.00 0.00 0
104882 0.00 0.00 0.00 0
104883 0.00 0.00 0.00 0
104884 0.00 0.00 0.00 0
104885 0.00 0.00 0.00 0
104891 0.00 0.00 0.00 0
104892 0.00 0.00 0.00 0
104893 0.00 0.00 0.00 0
104894 0.00 0.00 0.00 0
104895 0.00 0.00 0.00 0
104896 0.00 0.00 0.00 0
104897 0.00 0.00 0.00 0
104898 0.00 0.00 0.00 0
104899 0.00 0.00 0.00 0
104900 0.00 0.00 0.00 0
104901 0.00 0.00 0.00 0
104902 0.00 0.00 0.00 0
104903 0.00 0.00 0.00 0
104904 0.00 0.00 0.00 0
104905 0.00 0.00 0.00 0
104906 0.00 0.00 0.00 0
104907 0.00 0.00 0.00 0
104908 0.00 0.00 0.00 0
104909 0.00 0.00 0.00 0
104910 0.00 0.00 0.00 0
106217 0.00 0.00 0.00 0
106218 0.00 0.00 0.00 0
110114 0.00 0.00 0.00 0
110115 0.00 0.00 0.00 0
110116 0.00 0.00 0.00 0
110117 0.00 0.00 0.00 0
110118 0.00 0.00 0.00 0
110119 0.00 0.00 0.00 0
110120 0.00 0.00 0.00 0
110121 0.00 0.00 0.00 0
110122 0.00 0.00 0.00 0
110123 0.00 0.00 0.00 0
110124 0.00 0.00 0.00 0
110125 0.00 0.00 0.00 0
110126 0.00 0.00 0.00 0
110127 0.00 0.00 0.00 0
110128 0.00 0.00 0.00 0
110129 0.00 0.00 0.00 0
110130 0.00 0.00 0.00 0
110131 0.00 0.00 0.00 0
110132 0.00 0.00 0.00 0
110133 0.00 0.00 0.00 0
110134 0.00 0.00 0.00 0
110135 0.00 0.00 0.00 0
110136 0.00 0.00 0.00 0
110137 0.00 0.00 0.00 0
110138 0.00 0.00 0.00 0
110139 0.00 0.00 0.00 0
110140 0.00 0.00 0.00 0
110141 0.00 0.00 0.00 0
110142 0.00 0.00 0.00 0
110165 0.00 0.00 0.00 0
110166 0.00 0.00 0.00 0
110167 0.00 0.00 0.00 0
110168 0.00 0.00 0.00 0
110169 0.00 0.00 0.00 0
110173 0.00 0.00 0.00 0
110174 0.00 0.00 0.00 0
110175 0.00 0.00 0.00 0
110176 0.00 0.00 0.00 0
110177 0.00 0.00 0.00 0
110178 0.00 0.00 0.00 0
110179 0.00 0.00 0.00 0
110180 0.00 0.00 0.00 0
110208 0.00 0.00 0.00 0
110209 0.00 0.00 0.00 0
110210 0.00 0.00 0.00 0
110211 0.00 0.00 0.00 0
110212 0.00 0.00 0.00 0
110213 0.00 0.00 0.00 0
110214 0.00 0.00 0.00 0
110215 0.00 0.00 0.00 0
110216 0.00 0.00 0.00 0
110217 0.00 0.00 0.00 0
110218 0.00 0.00 0.00 0
110219 0.00 0.00 0.00 0
110220 0.00 0.00 0.00 0
110221 0.00 0.00 0.00 0
110222 0.00 0.00 0.00 0
110223 0.00 0.00 0.00 0
110246 0.00 0.00 0.00 0
110247 0.00 0.00 0.00 0
110248 0.00 0.00 0.00 0
110249 0.00 0.00 0.00 0
110250 0.00 0.00 0.00 0
110276 0.00 0.00 0.00 0
110277 0.00 0.00 0.00 0
110278 0.00 0.00 0.00 0
110279 0.00 0.00 0.00 0
110280 0.00 0.00 0.00 0
110281 0.00 0.00 0.00 0
110282 0.00 0.00 0.00 0
110283 0.00 0.00 0.00 0
110285 0.00 0.00 0.00 0
110286 0.00 0.00 0.00 0
110287 0.00 0.00 0.00 0
110288 0.00 0.00 0.00 0
110289 0.00 0.00 0.00 0
110290 0.00 0.00 0.00 0
110291 0.00 0.00 0.00 0
110305 0.00 0.00 0.00 0
110307 0.00 0.00 0.00 0
110308 0.00 0.00 0.00 0
110311 0.00 0.00 0.00 0
110312 0.00 0.00 0.00 0
110313 0.00 0.00 0.00 0
110314 0.00 0.00 0.00 0
110315 0.00 0.00 0.00 0
110316 0.00 0.00 0.00 0
110317 0.00 0.00 0.00 0
110318 0.00 0.00 0.00 0
110319 0.00 0.00 0.00 0
110320 0.00 0.00 0.00 0
110321 0.00 0.00 0.00 0
110322 0.00 0.00 0.00 0
110323 0.00 0.00 0.00 0
110324 0.00 0.00 0.00 0
110325 0.00 0.00 0.00 0
110326 0.00 0.00 0.00 0
110327 0.00 0.00 0.00 0
110328 0.00 0.00 0.00 0
110329 0.00 0.00 0.00 0
110330 0.00 0.00 0.00 0
110331 0.00 0.00 0.00 0
113418 0.00 0.00 0.00 0
113419 0.00 0.00 0.00 0
113420 0.00 0.00 0.00 0
113421 0.00 0.00 0.00 0
113422 0.00 0.00 0.00 0
113423 0.00 0.00 0.00 0
113424 0.00 0.00 0.00 0
113425 0.00 0.00 0.00 0
113426 0.00 0.00 0.00 0
113427 0.00 0.00 0.00 0
113428 0.00 0.00 0.00 0
113429 0.00 0.00 0.00 0
113430 0.00 0.00 0.00 0
113431 0.00 0.00 0.00 0
113432 0.00 0.00 0.00 0
113433 0.00 0.00 0.00 0
113434 0.00 0.00 0.00 0
113435 0.00 0.00 0.00 0
113436 0.00 0.00 0.00 0
113438 0.00 0.00 0.00 0
113439 0.00 0.00 0.00 0
113440 0.00 0.00 0.00 0
113508 0.00 0.00 0.00 0
113509 0.00 0.00 0.00 0
113510 0.00 0.00 0.00 0
113511 0.00 0.00 0.00 0
113512 0.00 0.00 0.00 0
113526 0.00 0.00 0.00 0
113527 0.00 0.00 0.00 0
113528 0.00 0.00 0.00 0
115599 0.00 0.00 0.00 0
115600 0.00 0.00 0.00 0
115601 0.00 0.00 0.00 0
115602 0.00 0.00 0.00 0
115603 0.00 0.00 0.00 0
115604 0.00 0.00 0.00 0
115605 0.00 0.00 0.00 0
115606 0.00 0.00 0.00 0
115607 0.00 0.00 0.00 0
115608 0.00 0.00 0.00 0
115609 0.00 0.00 0.00 0
115656 0.00 0.00 0.00 0
115657 0.00 0.00 0.00 0
115658 0.00 0.00 0.00 0
115659 0.00 0.00 0.00 0
115660 0.00 0.00 0.00 0
115882 0.00 0.00 0.00 0
115883 0.00 0.00 0.00 0
115884 0.00 0.00 0.00 0
115885 0.00 0.00 0.00 0
115886 0.00 0.00 0.00 0
115887 0.00 0.00 0.00 0
115888 0.00 0.00 0.00 0
115889 0.00 0.00 0.00 0
115890 0.00 0.00 0.00 0
115891 0.00 0.00 0.00 0
115892 0.00 0.00 0.00 0
117245 0.00 0.00 0.00 0
117246 0.00 0.00 0.00 0
117247 0.00 0.00 0.00 0
118087 0.00 0.00 0.00 0
118088 0.00 0.00 0.00 0
118089 0.00 0.00 0.00 0
118090 0.00 0.00 0.00 0
118091 0.00 0.00 0.00 0
118092 0.00 0.00 0.00 0
118093 0.00 0.00 0.00 0
118094 0.00 0.00 0.00 0
118095 0.00 0.00 0.00 0
118096 0.00 0.00 0.00 0
118097 0.00 0.00 0.00 0
119757 0.00 0.00 0.00 0
119758 0.00 0.00 0.00 0
119759 0.00 0.00 0.00 0
119760 0.00 0.00 0.00 0
119761 0.00 0.00 0.00 0
119762 0.00 0.00 0.00 0
119763 0.00 0.00 0.00 0
119764 0.00 0.00 0.00 0
119765 0.00 0.00 0.00 0
119766 0.00 0.00 0.00 0
119767 0.00 0.00 0.00 0
119768 0.00 0.00 0.00 0
119769 0.00 0.00 0.00 0
119770 0.00 0.00 0.00 0
119771 0.00 0.00 0.00 0
119772 0.00 0.00 0.00 0
119773 0.00 0.00 0.00 0
119774 0.00 0.00 0.00 0
119775 0.00 0.00 0.00 0
119776 0.00 0.00 0.00 0
119777 0.00 0.00 0.00 0
119778 0.00 0.00 0.00 0
119780 0.00 0.00 0.00 0
119783 0.00 0.00 0.00 0
119784 0.00 0.00 0.00 0
119929 0.00 0.00 0.00 0
119930 0.00 0.00 0.00 0
119931 0.00 0.00 0.00 0
119932 0.00 0.00 0.00 0
119933 0.00 0.00 0.00 0
119934 0.00 0.00 0.00 0
119935 0.00 0.00 0.00 0
119936 0.00 0.00 0.00 0
119937 0.00 0.00 0.00 0
119938 0.00 0.00 0.00 0
119939 0.00 0.00 0.00 0
119940 0.00 0.00 0.00 0
119941 0.00 0.00 0.00 0
119942 0.00 0.00 0.00 0
119943 0.00 0.00 0.00 0
119944 0.00 0.00 0.00 0
120618 0.00 0.00 0.00 0
120619 0.00 0.00 0.00 0
120620 0.00 0.00 0.00 0
120621 0.00 0.00 0.00 0
120622 0.00 0.00 0.00 0
120623 0.00 0.00 0.00 0
120624 0.00 0.00 0.00 0
120625 0.00 0.00 0.00 0
120626 0.00 0.00 0.00 0
120627 0.00 0.00 0.00 0
120628 0.00 0.00 0.00 0
120629 0.00 0.00 0.00 0
120630 0.00 0.00 0.00 0
120631 0.00 0.00 0.00 0
120632 0.00 0.00 0.00 0
120633 0.00 0.00 0.00 0
120634 0.00 0.00 0.00 0
120635 0.00 0.00 0.00 0
120636 0.00 0.00 0.00 0
120637 0.00 0.00 0.00 0
120638 0.00 0.00 0.00 0
124682 0.00 0.00 0.00 0
124683 0.00 0.00 0.00 0
124684 0.00 0.00 0.00 0
124685 0.00 0.00 0.00 0
124686 0.00 0.00 0.00 0
124687 0.00 0.00 0.00 0
124688 0.00 0.00 0.00 0
124689 0.00 0.00 0.00 0
124690 0.00 0.00 0.00 0
124691 0.00 0.00 0.00 0
124692 0.00 0.00 0.00 0
124693 0.00 0.00 0.00 0
124694 0.00 0.00 0.00 0
124695 0.00 0.00 0.00 0
124696 0.00 0.00 0.00 0
124697 0.00 0.00 0.00 0
124698 0.00 0.00 0.00 0
124699 0.00 0.00 0.00 0
124700 0.00 0.00 0.00 0
124701 0.00 0.00 0.00 0
124702 0.00 0.00 0.00 0
124703 0.00 0.00 0.00 0
124758 0.00 0.00 0.00 0
124759 0.00 0.00 0.00 0
124760 0.00 0.00 0.00 0
124761 0.00 0.00 0.00 0
124762 0.00 0.00 0.00 0
124763 0.00 0.00 0.00 0
124764 0.00 0.00 0.00 0
124765 0.00 0.00 0.00 0
124766 0.00 0.00 0.00 0
124767 0.00 0.00 0.00 0
124768 0.00 0.00 0.00 0
124785 0.00 0.00 0.00 0
124786 0.00 0.00 0.00 0
124787 0.00 0.00 0.00 0
124788 0.00 0.00 0.00 0
124789 0.00 0.00 0.00 0
124790 0.00 0.00 0.00 0
124792 0.00 0.00 0.00 0
124793 0.00 0.00 0.00 0
124809 0.00 0.00 0.00 0
124810 0.00 0.00 0.00 0
124811 0.00 0.00 0.00 0
124812 0.00 0.00 0.00 0
124813 0.00 0.00 0.00 0
124814 0.00 0.00 0.00 0
124815 0.00 0.00 0.00 0
124816 0.00 0.00 0.00 0
124817 0.00 0.00 0.00 0
124818 0.00 0.00 0.00 0
124819 0.00 0.00 0.00 0
124820 0.00 0.00 0.00 0
124821 0.00 0.00 0.00 0
124822 0.00 0.00 0.00 0
124823 0.00 0.00 0.00 0
124824 0.00 0.00 0.00 0
124825 0.00 0.00 0.00 0
124826 0.00 0.00 0.00 0
124834 0.00 0.00 0.00 0
124835 0.00 0.00 0.00 0
124836 0.00 0.00 0.00 0
124837 0.00 0.00 0.00 0
124838 0.00 0.00 0.00 0
124839 0.00 0.00 0.00 0
124848 0.00 0.00 0.00 0
124849 0.00 0.00 0.00 0
124850 0.00 0.00 0.00 0
124851 0.00 0.00 0.00 0
124852 0.00 0.00 0.00 0
127254 0.00 0.00 0.00 0
127255 0.00 0.00 0.00 0
127256 0.00 0.00 0.00 0
127257 0.00 0.00 0.00 0
127258 0.00 0.00 0.00 0
127259 0.00 0.00 0.00 0
127260 0.00 0.00 0.00 0
127261 0.00 0.00 0.00 0
127262 0.00 0.00 0.00 0
127263 0.00 0.00 0.00 0
127264 0.00 0.00 0.00 0
127266 0.00 0.00 0.00 0
129723 0.00 0.00 0.00 0
129724 0.00 0.00 0.00 0
129725 0.00 0.00 0.00 0
129726 0.00 0.00 0.00 0
129727 0.00 0.00 0.00 0
129728 0.00 0.00 0.00 0
129729 0.00 0.00 0.00 0
129730 0.00 0.00 0.00 0
129731 0.00 0.00 0.00 0
129732 0.00 0.00 0.00 0
129733 0.00 0.00 0.00 0
129734 0.00 0.00 0.00 0
129735 0.00 0.00 0.00 0
129736 0.00 0.00 0.00 0
129737 0.00 0.00 0.00 0
129738 0.00 0.00 0.00 0
129739 0.00 0.00 0.00 0
129740 0.00 0.00 0.00 0
129741 0.00 0.00 0.00 0
129742 0.00 0.00 0.00 0
129743 0.00 0.00 0.00 0
129744 0.00 0.00 0.00 0
129745 0.00 0.00 0.00 0
129746 0.00 0.00 0.00 0
129747 0.00 0.00 0.00 0
129748 0.00 0.00 0.00 0
129749 0.00 0.00 0.00 0
129750 0.00 0.00 0.00 0
129751 0.00 0.00 0.00 0
129885 0.00 0.00 0.00 0
129886 0.00 0.00 0.00 0
129887 0.00 0.00 0.00 0
129888 0.00 0.00 0.00 0
129889 0.00 0.00 0.00 0
129890 0.00 0.00 0.00 0
129891 0.00 0.00 0.00 0
129892 0.00 0.00 0.00 0
130497 0.00 0.00 0.00 0
130498 0.00 0.00 0.00 0
130499 0.00 0.00 0.00 0
130500 0.00 0.00 0.00 0
130501 0.00 0.00 0.00 0
130502 0.00 0.00 0.00 0
130503 0.00 0.00 0.00 0
130504 0.00 0.00 0.00 0
130505 0.00 0.00 0.00 0
130506 0.00 0.00 0.00 0
130507 0.00 0.00 0.00 0
130508 0.00 0.00 0.00 0
130509 0.00 0.00 0.00 0
130510 0.00 0.00 0.00 0
130511 0.00 0.00 0.00 0
130512 0.00 0.00 0.00 0
130513 0.00 0.00 0.00 0
130514 0.00 0.00 0.00 0
130515 0.00 0.00 0.00 0
130516 0.00 0.00 0.00 0
130517 0.00 0.00 0.00 0
130518 0.00 0.00 0.00 0
130519 0.00 0.00 0.00 0
130520 0.00 0.00 0.00 0
134188 0.00 0.00 0.00 0
134189 0.00 0.00 0.00 0
134190 0.00 0.00 0.00 0
134191 0.00 0.00 0.00 0
134192 0.00 0.00 0.00 0
134193 0.00 0.00 0.00 0
134194 0.00 0.00 0.00 0
134195 0.00 0.00 0.00 0
134196 0.00 0.00 0.00 0
134197 0.00 0.00 0.00 0
134254 0.00 0.00 0.00 0
134293 0.00 0.00 0.00 0
134294 0.00 0.00 0.00 0
134298 0.00 0.00 0.00 0
134299 0.00 0.00 0.00 0
134300 0.00 0.00 0.00 0
134301 0.00 0.00 0.00 0
134302 0.00 0.00 0.00 0
134303 0.00 0.00 0.00 0
134304 0.00 0.00 0.00 0
134305 0.00 0.00 0.00 0
134306 0.00 0.00 0.00 0
134307 0.00 0.00 0.00 0
134308 0.00 0.00 0.00 0
134309 0.00 0.00 0.00 0
134310 0.00 0.00 0.00 0
134311 0.00 0.00 0.00 0
134312 0.00 0.00 0.00 0
134313 0.00 0.00 0.00 0
134314 0.00 0.00 0.00 0
134315 0.00 0.00 0.00 0
134316 0.00 0.00 0.00 0
134317 0.00 0.00 0.00 0
134318 0.00 0.00 0.00 0
134319 0.00 0.00 0.00 0
134320 0.00 0.00 0.00 0
134321 0.00 0.00 0.00 0
136482 0.00 0.00 0.00 0
136488 0.00 0.00 0.00 0
136489 0.00 0.00 0.00 0
136490 0.00 0.00 0.00 0
136491 0.00 0.00 0.00 0
136492 0.00 0.00 0.00 0
136493 0.00 0.00 0.00 0
136494 0.00 0.00 0.00 0
136506 0.00 0.00 0.00 0
136507 0.00 0.00 0.00 0
136508 0.00 0.00 0.00 0
136509 0.00 0.00 0.00 0
136510 0.00 0.00 0.00 0
136511 0.00 0.00 0.00 0
136512 0.00 0.00 0.00 0
136513 0.00 0.00 0.00 0
136514 0.00 0.00 0.00 0
136515 0.00 0.00 0.00 0
136516 0.00 0.00 0.00 0
140897 0.00 0.00 0.00 0
140898 0.00 0.00 0.00 0
140899 0.00 0.00 0.00 0
140900 0.00 0.00 0.00 0
140901 0.00 0.00 0.00 0
140902 0.00 0.00 0.00 0
140903 0.00 0.00 0.00 0
140904 0.00 0.00 0.00 0
140905 0.00 0.00 0.00 0
140906 0.00 0.00 0.00 0
140907 0.00 0.00 0.00 0
140908 0.00 0.00 0.00 0
140909 0.00 0.00 0.00 0
140910 0.00 0.00 0.00 0
140911 0.00 0.00 0.00 0
140912 0.00 0.00 0.00 0
140913 0.00 0.00 0.00 0
140914 0.00 0.00 0.00 0
140915 0.00 0.00 0.00 0
140924 0.00 0.00 0.00 0
140925 0.00 0.00 0.00 0
140926 0.00 0.00 0.00 0
140927 0.00 0.00 0.00 0
140928 0.00 0.00 0.00 0
140929 0.00 0.00 0.00 0
140930 0.00 0.00 0.00 0
140931 0.00 0.00 0.00 0
140932 0.00 0.00 0.00 0
140933 0.00 0.00 0.00 0
140934 0.00 0.00 0.00 0
140935 0.00 0.00 0.00 0
140936 0.00 0.00 0.00 0
140937 0.00 0.00 0.00 0
140938 0.00 0.00 0.00 0
140939 0.00 0.00 0.00 0
140940 0.00 0.00 0.00 0
140941 0.00 0.00 0.00 0
140942 0.00 0.00 0.00 0
141372 0.00 0.00 0.00 0
141373 0.00 0.00 0.00 0
141375 0.00 0.00 0.00 0
141384 0.00 0.00 0.00 0
141385 0.00 0.00 0.00 0
141386 0.00 0.00 0.00 0
141387 0.00 0.00 0.00 0
143122 0.00 0.00 0.00 0
143123 0.00 0.00 0.00 0
143124 0.00 0.00 0.00 0
143125 0.00 0.00 0.00 0
143126 0.00 0.00 0.00 0
143127 0.00 0.00 0.00 0
143128 0.00 0.00 0.00 0
143129 0.00 0.00 0.00 0
143130 0.00 0.00 0.00 0
143131 0.00 0.00 0.00 0
143132 0.00 0.00 0.00 0
143135 0.00 0.00 0.00 0
143136 0.00 0.00 0.00 0
143137 0.00 0.00 0.00 0
143138 0.00 0.00 0.00 0
143139 0.00 0.00 0.00 0
143140 0.00 0.00 0.00 0
143141 0.00 0.00 0.00 0
143142 0.00 0.00 0.00 0
143143 0.00 0.00 0.00 0
143144 0.00 0.00 0.00 0
143145 0.00 0.00 0.00 0
143146 0.00 0.00 0.00 0
143147 0.00 0.00 0.00 0
143148 0.00 0.00 0.00 0
143149 0.00 0.00 0.00 0
143150 0.00 0.00 0.00 0
143160 0.00 0.00 0.00 0
143163 0.00 0.00 0.00 0
143164 0.00 0.00 0.00 0
143168 0.00 0.00 0.00 0
143169 0.00 0.00 0.00 0
143170 0.00 0.00 0.00 0
143171 0.00 0.00 0.00 0
143172 0.00 0.00 0.00 0
143173 0.00 0.00 0.00 0
143174 0.00 0.00 0.00 0
143175 0.00 0.00 0.00 0
143176 0.00 0.00 0.00 0
143177 0.00 0.00 0.00 0
143178 0.00 0.00 0.00 0
143179 0.00 0.00 0.00 0
143180 0.00 0.00 0.00 0
143181 0.00 0.00 0.00 0
143182 0.00 0.00 0.00 0
143183 0.00 0.00 0.00 0
143184 0.00 0.00 0.00 0
143185 0.00 0.00 0.00 0
143186 0.00 0.00 0.00 0
143187 0.00 0.00 0.00 0
143188 0.00 0.00 0.00 0
143189 0.00 0.00 0.00 0
143190 0.00 0.00 0.00 0
143191 0.00 0.00 0.00 0
143192 0.00 0.00 0.00 0
143193 0.00 0.00 0.00 0
143194 0.00 0.00 0.00 0
143195 0.00 0.00 0.00 0
145827 0.00 0.00 0.00 0
145828 0.00 0.00 0.00 0
145829 0.00 0.00 0.00 0
145830 0.00 0.00 0.00 0
145831 0.00 0.00 0.00 0
145834 0.00 0.00 0.00 0
145835 0.00 0.00 0.00 0
145836 0.00 0.00 0.00 0
145837 0.00 0.00 0.00 0
145843 0.00 0.00 0.00 0
145844 0.00 0.00 0.00 0
145845 0.00 0.00 0.00 0
145846 0.00 0.00 0.00 0
145847 0.00 0.00 0.00 0
153668 0.00 0.00 0.00 0
153669 0.00 0.00 0.00 0
153670 0.00 0.00 0.00 0
153671 0.00 0.00 0.00 0
153672 0.00 0.00 0.00 0
153673 0.00 0.00 0.00 0
153674 0.00 0.00 0.00 0
153675 0.00 0.00 0.00 0
153676 0.00 0.00 0.00 0
153677 0.00 0.00 0.00 0
153678 0.00 0.00 0.00 0
153679 0.00 0.00 0.00 0
153680 0.00 0.00 0.00 0
153681 0.00 0.00 0.00 0
153682 0.00 0.00 0.00 0
153683 0.00 0.00 0.00 0
153688 0.00 0.00 0.00 0
153689 0.00 0.00 0.00 0
153690 0.00 0.00 0.00 0
153691 0.00 0.00 0.00 0
153692 0.00 0.00 0.00 0
153693 0.00 0.00 0.00 0
153694 0.00 0.00 0.00 0
153695 0.00 0.00 0.00 0
153696 0.00 0.00 0.00 0
153697 0.00 0.00 0.00 0
153698 0.00 0.00 0.00 0
153699 0.00 0.00 0.00 0
153700 0.00 0.00 0.00 0
153701 0.00 0.00 0.00 0
153702 0.00 0.00 0.00 0
153703 0.00 0.00 0.00 0
153704 0.00 0.00 0.00 0
153705 0.00 0.00 0.00 0
153706 0.00 0.00 0.00 0
153707 0.00 0.00 0.00 0
153708 0.00 0.00 0.00 0
153709 0.00 0.00 0.00 0
153710 0.00 0.00 0.00 0
153711 0.00 0.00 0.00 0
153712 0.00 0.00 0.00 0
153713 0.00 0.00 0.00 0
153714 0.00 0.00 0.00 0
153715 0.00 0.00 0.00 0
153716 0.00 0.00 0.00 0
153717 0.00 0.00 0.00 0
153718 0.00 0.00 0.00 0
153719 0.00 0.00 0.00 0
153720 0.00 0.00 0.00 0
153721 0.00 0.00 0.00 0
153722 0.00 0.00 0.00 0
153723 0.00 0.00 0.00 0
153726 0.00 0.00 0.00 0
153729 0.00 0.00 0.00 0
153730 0.00 0.00 0.00 0
153731 0.00 0.00 0.00 0
153732 0.00 0.00 0.00 0
153733 0.00 0.00 0.00 0
153734 0.00 0.00 0.00 0
153735 0.00 0.00 0.00 0
153736 0.00 0.00 0.00 0
153737 0.00 0.00 0.00 0
153738 0.00 0.00 0.00 0
153739 0.00 0.00 0.00 0
153740 0.00 0.00 0.00 0
153741 0.00 0.00 0.00 0
153764 0.00 0.00 0.00 0
153765 0.00 0.00 0.00 0
153766 0.00 0.00 0.00 0
153767 0.00 0.00 0.00 0
153768 0.00 0.00 0.00 0
153769 0.00 0.00 0.00 0
153770 0.00 0.00 0.00 0
153771 0.00 0.00 0.00 0
153772 0.00 0.00 0.00 0
153773 0.00 0.00 0.00 0
153774 0.00 0.00 0.00 0
153775 0.00 0.00 0.00 0
153776 0.00 0.00 0.00 0
153777 0.00 0.00 0.00 0
153779 0.00 0.00 0.00 0
153780 0.00 0.00 0.00 0
153781 0.00 0.00 0.00 0
153782 0.00 0.00 0.00 0
153783 0.00 0.00 0.00 0
153784 0.00 0.00 0.00 0
153785 0.00 0.00 0.00 0
153786 0.00 0.00 0.00 0
153787 0.00 0.00 0.00 0
153788 0.00 0.00 0.00 0
153789 0.00 0.00 0.00 0
153790 0.00 0.00 0.00 0
153791 0.00 0.00 0.00 0
153792 0.00 0.00 0.00 0
153793 0.00 0.00 0.00 0
153794 0.00 0.00 0.00 0
153795 0.00 0.00 0.00 0
153796 0.00 0.00 0.00 0
153797 0.00 0.00 0.00 0
153798 0.00 0.00 0.00 0
153799 0.00 0.00 0.00 0
153800 0.00 0.00 0.00 0
153801 0.00 0.00 0.00 0
153852 0.00 0.00 0.00 0
153854 0.00 0.00 0.00 0
153855 0.00 0.00 0.00 0
153856 0.00 0.00 0.00 0
153857 0.00 0.00 0.00 0
153858 0.00 0.00 0.00 0
153859 0.00 0.00 0.00 0
153860 0.00 0.00 0.00 0
153861 0.00 0.00 0.00 0
153862 0.00 0.00 0.00 0
153863 0.00 0.00 0.00 0
153864 0.00 0.00 0.00 0
153865 0.00 0.00 0.00 0
153866 0.00 0.00 0.00 0
153867 0.00 0.00 0.00 0
153868 0.00 0.00 0.00 0
153869 0.00 0.00 0.00 0
153870 0.00 0.00 0.00 0
153871 0.00 0.00 0.00 0
153872 0.00 0.00 0.00 0
153873 0.00 0.00 0.00 0
153874 0.00 0.00 0.00 0
153875 0.00 0.00 0.00 0
153876 0.00 0.00 0.00 0
153877 0.00 0.00 0.00 0
153878 0.00 0.00 0.00 0
153879 0.00 0.00 0.00 0
153880 0.00 0.00 0.00 0
153881 0.00 0.00 0.00 0
153882 0.00 0.00 0.00 0
153883 0.00 0.00 0.00 0
153884 0.00 0.00 0.00 0
153885 0.00 0.00 0.00 0
153886 0.00 0.00 0.00 0
153887 0.00 0.00 0.00 0
153888 0.00 0.00 0.00 0
153890 0.00 0.00 0.00 0
153891 0.00 0.00 0.00 0
153892 0.00 0.00 0.00 0
153893 0.00 0.00 0.00 0
153894 0.00 0.00 0.00 0
153895 0.00 0.00 0.00 0
153896 0.00 0.00 0.00 0
153901 0.00 0.00 0.00 0
153902 0.00 0.00 0.00 0
153903 0.00 0.00 0.00 0
153928 0.00 0.00 0.00 0
153929 0.00 0.00 0.00 0
153930 0.00 0.00 0.00 0
153931 0.00 0.00 0.00 0
153932 0.00 0.00 0.00 0
153933 0.00 0.00 0.00 0
153934 0.00 0.00 0.00 0
153935 0.00 0.00 0.00 0
153936 0.00 0.00 0.00 0
153940 0.00 0.00 0.00 0
153941 0.00 0.00 0.00 0
153994 0.00 0.00 0.00 0
153995 0.00 0.00 0.00 0
153996 0.00 0.00 0.00 0
153997 0.00 0.00 0.00 0
153998 0.00 0.00 0.00 0
153999 0.00 0.00 0.00 0
154013 0.00 0.00 0.00 0
154014 0.00 0.00 0.00 0
154015 0.00 0.00 0.00 0
154016 0.00 0.00 0.00 0
154017 0.00 0.00 0.00 0
154018 0.00 0.00 0.00 0
154021 0.00 0.00 0.00 0
154022 0.00 0.00 0.00 0
154023 0.00 0.00 0.00 0
154064 0.00 0.00 0.00 0
154065 0.00 0.00 0.00 0
154066 0.00 0.00 0.00 0
154067 0.00 0.00 0.00 0
154068 0.00 0.00 0.00 0
154069 0.00 0.00 0.00 0
154070 0.00 0.00 0.00 0
154071 0.00 0.00 0.00 0
154072 0.00 0.00 0.00 0
154073 0.00 0.00 0.00 0
154074 0.00 0.00 0.00 0
154075 0.00 0.00 0.00 0
154076 0.00 0.00 0.00 0
154077 0.00 0.00 0.00 0
154078 0.00 0.00 0.00 0
154079 0.00 0.00 0.00 0
154080 0.00 0.00 0.00 0
154081 0.00 0.00 0.00 0
154082 0.00 0.00 0.00 0
154083 0.00 0.00 0.00 0
154084 0.00 0.00 0.00 0
154085 0.00 0.00 0.00 0
154086 0.00 0.00 0.00 0
154087 0.00 0.00 0.00 0
154088 0.00 0.00 0.00 0
154089 0.00 0.00 0.00 0
154090 0.00 0.00 0.00 0
154091 0.00 0.00 0.00 0
154092 0.00 0.00 0.00 0
154093 0.00 0.00 0.00 0
154094 0.00 0.00 0.00 0
154095 0.00 0.00 0.00 0
154096 0.00 0.00 0.00 0
154097 0.00 0.00 0.00 0
154098 0.00 0.00 0.00 0
154099 0.00 0.00 0.00 0
154100 0.00 0.00 0.00 0
154101 0.00 0.00 0.00 0
154102 0.00 0.00 0.00 0
154103 0.00 0.00 0.00 0
154104 0.00 0.00 0.00 0
154105 0.00 0.00 0.00 0
154106 0.00 0.00 0.00 0
154107 0.00 0.00 0.00 0
154108 0.00 0.00 0.00 0
154109 0.00 0.00 0.00 0
154110 0.00 0.00 0.00 0
154111 0.00 0.00 0.00 0
154112 0.00 0.00 0.00 0
154113 0.00 0.00 0.00 0
154114 0.00 0.00 0.00 0
154115 0.00 0.00 0.00 0
154116 0.00 0.00 0.00 0
154117 0.00 0.00 0.00 0
154118 0.00 0.00 0.00 0
160278 0.00 0.00 0.00 0
160279 0.00 0.00 0.00 0
160280 0.00 0.00 0.00 0
160281 0.00 0.00 0.00 0
160282 0.00 0.00 0.00 0
160283 0.00 0.00 0.00 0
160284 0.00 0.00 0.00 0
160285 0.00 0.00 0.00 0
160286 0.00 0.00 0.00 0
160287 0.00 0.00 0.00 0
160288 0.00 0.00 0.00 0
160289 0.00 0.00 0.00 0
160290 0.00 0.00 0.00 0
160291 0.00 0.00 0.00 0
160292 0.00 0.00 0.00 0
160293 0.00 0.00 0.00 0
160294 0.00 0.00 0.00 0
160295 0.00 0.00 0.00 0
160296 0.00 0.00 0.00 0
160297 0.00 0.00 0.00 0
160298 0.00 0.00 0.00 0
160299 0.00 0.00 0.00 0
160305 0.00 0.00 0.00 0
160306 0.00 0.00 0.00 0
160307 0.00 0.00 0.00 0
160308 0.00 0.00 0.00 0
160309 0.00 0.00 0.00 0
160310 0.00 0.00 0.00 0
160311 0.00 0.00 0.00 0
160312 0.00 0.00 0.00 0
160313 0.00 0.00 0.00 0
160314 0.00 0.00 0.00 0
160315 0.00 0.00 0.00 0
160316 0.00 0.00 0.00 0
160317 0.00 0.00 0.00 0
160318 0.00 0.00 0.00 0
160319 0.00 0.00 0.00 0
160320 0.00 0.00 0.00 0
160321 0.00 0.00 0.00 0
160322 0.00 0.00 0.00 0
160323 0.00 0.00 0.00 0
160324 0.00 0.00 0.00 0
160440 0.00 0.00 0.00 0
160441 0.00 0.00 0.00 0
160442 0.00 0.00 0.00 0
160444 0.00 0.00 0.00 0
160445 0.00 0.00 0.00 0
160446 0.00 0.00 0.00 0
160447 0.00 0.00 0.00 0
160448 0.00 0.00 0.00 0
160455 0.00 0.00 0.00 0
160456 0.00 0.00 0.00 0
160457 0.00 0.00 0.00 0
160458 0.00 0.00 0.00 0
160459 0.00 0.00 0.00 0
160460 0.00 0.00 0.00 0
160461 0.00 0.00 0.00 0
160462 0.00 0.00 0.00 0
160463 0.00 0.00 0.00 0
160464 0.00 0.00 0.00 0
160465 0.00 0.00 0.00 0
160466 0.00 0.00 0.00 0
160486 0.00 0.00 0.00 0
160487 0.00 0.00 0.00 0
160488 0.00 0.00 0.00 0
160489 0.00 0.00 0.00 0
160490 0.00 0.00 0.00 0
160491 0.00 0.00 0.00 0
160492 0.00 0.00 0.00 0
160493 0.00 0.00 0.00 0
160494 0.00 0.00 0.00 0
160495 0.00 0.00 0.00 0
160496 0.00 0.00 0.00 0
160497 0.00 0.00 0.00 0
160498 0.00 0.00 0.00 0
160499 0.00 0.00 0.00 0
160500 0.00 0.00 0.00 0
