# G_parietal_sup
3266
18 0.00 0.00 0.00 0
68 0.00 0.00 0.00 0
102 0.00 0.00 0.00 0
292 0.00 0.00 0.00 0
409 0.00 0.00 0.00 0
410 0.00 0.00 0.00 0
475 0.00 0.00 0.00 0
476 0.00 0.00 0.00 0
479 0.00 0.00 0.00 0
480 0.00 0.00 0.00 0
563 0.00 0.00 0.00 0
772 0.00 0.00 0.00 0
773 0.00 0.00 0.00 0
774 0.00 0.00 0.00 0
1038 0.00 0.00 0.00 0
1039 0.00 0.00 0.00 0
1041 0.00 0.00 0.00 0
1042 0.00 0.00 0.00 0
1043 0.00 0.00 0.00 0
1050 0.00 0.00 0.00 0
1051 0.00 0.00 0.00 0
1052 0.00 0.00 0.00 0
1237 0.00 0.00 0.00 0
1245 0.00 0.00 0.00 0
1246 0.00 0.00 0.00 0
1247 0.00 0.00 0.00 0
1678 0.00 0.00 0.00 0
1683 0.00 0.00 0.00 0
1684 0.00 0.00 0.00 0
1915 0.00 0.00 0.00 0
1916 0.00 0.00 0.00 0
1917 0.00 0.00 0.00 0
1924 0.00 0.00 0.00 0
2071 0.00 0.00 0.00 0
2072 0.00 0.00 0.00 0
2073 0.00 0.00 0.00 0
2074 0.00 0.00 0.00 0
2075 0.00 0.00 0.00 0
2076 0.00 0.00 0.00 0
2077 0.00 0.00 0.00 0
2078 0.00 0.00 0.00 0
2079 0.00 0.00 0.00 0
2086 0.00 0.00 0.00 0
2088 0.00 0.00 0.00 0
2089 0.00 0.00 0.00 0
2090 0.00 0.00 0.00 0
2327 0.00 0.00 0.00 0
2328 0.00 0.00 0.00 0
2692 0.00 0.00 0.00 0
2693 0.00 0.00 0.00 0
2694 0.00 0.00 0.00 0
2958 0.00 0.00 0.00 0
2961 0.00 0.00 0.00 0
2963 0.00 0.00 0.00 0
2969 0.00 0.00 0.00 0
2970 0.00 0.00 0.00 0
2971 0.00 0.00 0.00 0
2972 0.00 0.00 0.00 0
2973 0.00 0.00 0.00 0
2974 0.00 0.00 0.00 0
3157 0.00 0.00 0.00 0
3158 0.00 0.00 0.00 0
3159 0.00 0.00 0.00 0
3165 0.00 0.00 0.00 0
3166 0.00 0.00 0.00 0
3167 0.00 0.00 0.00 0
3757 0.00 0.00 0.00 0
3758 0.00 0.00 0.00 0
3759 0.00 0.00 0.00 0
3765 0.00 0.00 0.00 0
3766 0.00 0.00 0.00 0
4207 0.00 0.00 0.00 0
4208 0.00 0.00 0.00 0
4209 0.00 0.00 0.00 0
4226 0.00 0.00 0.00 0
4549 0.00 0.00 0.00 0
4550 0.00 0.00 0.00 0
4551 0.00 0.00 0.00 0
4552 0.00 0.00 0.00 0
4553 0.00 0.00 0.00 0
4554 0.00 0.00 0.00 0
4558 0.00 0.00 0.00 0
4559 0.00 0.00 0.00 0
4560 0.00 0.00 0.00 0
4561 0.00 0.00 0.00 0
4562 0.00 0.00 0.00 0
4563 0.00 0.00 0.00 0
4564 0.00 0.00 0.00 0
4566 0.00 0.00 0.00 0
4568 0.00 0.00 0.00 0
4581 0.00 0.00 0.00 0
4583 0.00 0.00 0.00 0
4585 0.00 0.00 0.00 0
4586 0.00 0.00 0.00 0
4587 0.00 0.00 0.00 0
4588 0.00 0.00 0.00 0
4589 0.00 0.00 0.00 0
4590 0.00 0.00 0.00 0
4593 0.00 0.00 0.00 0
4598 0.00 0.00 0.00 0
5175 0.00 0.00 0.00 0
5176 0.00 0.00 0.00 0
5177 0.00 0.00 0.00 0
5178 0.00 0.00 0.00 0
5179 0.00 0.00 0.00 0
5180 0.00 0.00 0.00 0
5183 0.00 0.00 0.00 0
5184 0.00 0.00 0.00 0
5998 0.00 0.00 0.00 0
5999 0.00 0.00 0.00 0
6000 0.00 0.00 0.00 0
6001 0.00 0.00 0.00 0
6002 0.00 0.00 0.00 0
6003 0.00 0.00 0.00 0
6005 0.00 0.00 0.00 0
6473 0.00 0.00 0.00 0
6474 0.00 0.00 0.00 0
6475 0.00 0.00 0.00 0
6476 0.00 0.00 0.00 0
6477 0.00 0.00 0.00 0
6480 0.00 0.00 0.00 0
6481 0.00 0.00 0.00 0
6482 0.00 0.00 0.00 0
6483 0.00 0.00 0.00 0
6484 0.00 0.00 0.00 0
6495 0.00 0.00 0.00 0
6496 0.00 0.00 0.00 0
6497 0.00 0.00 0.00 0
6498 0.00 0.00 0.00 0
6499 0.00 0.00 0.00 0
6500 0.00 0.00 0.00 0
6501 0.00 0.00 0.00 0
6502 0.00 0.00 0.00 0
6503 0.00 0.00 0.00 0
6849 0.00 0.00 0.00 0
6850 0.00 0.00 0.00 0
6851 0.00 0.00 0.00 0
6852 0.00 0.00 0.00 0
6853 0.00 0.00 0.00 0
7756 0.00 0.00 0.00 0
7757 0.00 0.00 0.00 0
7758 0.00 0.00 0.00 0
7761 0.00 0.00 0.00 0
7767 0.00 0.00 0.00 0
7768 0.00 0.00 0.00 0
7769 0.00 0.00 0.00 0
7770 0.00 0.00 0.00 0
8353 0.00 0.00 0.00 0
8354 0.00 0.00 0.00 0
8355 0.00 0.00 0.00 0
8356 0.00 0.00 0.00 0
8357 0.00 0.00 0.00 0
8358 0.00 0.00 0.00 0
8359 0.00 0.00 0.00 0
8360 0.00 0.00 0.00 0
8362 0.00 0.00 0.00 0
8363 0.00 0.00 0.00 0
8372 0.00 0.00 0.00 0
8374 0.00 0.00 0.00 0
8375 0.00 0.00 0.00 0
8377 0.00 0.00 0.00 0
8379 0.00 0.00 0.00 0
8781 0.00 0.00 0.00 0
8782 0.00 0.00 0.00 0
8783 0.00 0.00 0.00 0
8784 0.00 0.00 0.00 0
8785 0.00 0.00 0.00 0
8786 0.00 0.00 0.00 0
8787 0.00 0.00 0.00 0
8789 0.00 0.00 0.00 0
8790 0.00 0.00 0.00 0
8791 0.00 0.00 0.00 0
8792 0.00 0.00 0.00 0
8793 0.00 0.00 0.00 0
8794 0.00 0.00 0.00 0
8795 0.00 0.00 0.00 0
8796 0.00 0.00 0.00 0
8797 0.00 0.00 0.00 0
8798 0.00 0.00 0.00 0
8799 0.00 0.00 0.00 0
8800 0.00 0.00 0.00 0
8801 0.00 0.00 0.00 0
8802 0.00 0.00 0.00 0
8803 0.00 0.00 0.00 0
8804 0.00 0.00 0.00 0
8805 0.00 0.00 0.00 0
8827 0.00 0.00 0.00 0
8828 0.00 0.00 0.00 0
8831 0.00 0.00 0.00 0
8832 0.00 0.00 0.00 0
8833 0.00 0.00 0.00 0
8834 0.00 0.00 0.00 0
8835 0.00 0.00 0.00 0
8837 0.00 0.00 0.00 0
8839 0.00 0.00 0.00 0
9539 0.00 0.00 0.00 0
9540 0.00 0.00 0.00 0
9542 0.00 0.00 0.00 0
9543 0.00 0.00 0.00 0
9548 0.00 0.00 0.00 0
9549 0.00 0.00 0.00 0
10372 0.00 0.00 0.00 0
10373 0.00 0.00 0.00 0
10374 0.00 0.00 0.00 0
10649 0.00 0.00 0.00 0
10650 0.00 0.00 0.00 0
10651 0.00 0.00 0.00 0
10652 0.00 0.00 0.00 0
10653 0.00 0.00 0.00 0
10837 0.00 0.00 0.00 0
10838 0.00 0.00 0.00 0
10839 0.00 0.00 0.00 0
10845 0.00 0.00 0.00 0
10846 0.00 0.00 0.00 0
10847 0.00 0.00 0.00 0
11437 0.00 0.00 0.00 0
11438 0.00 0.00 0.00 0
11439 0.00 0.00 0.00 0
11446 0.00 0.00 0.00 0
11887 0.00 0.00 0.00 0
11888 0.00 0.00 0.00 0
11889 0.00 0.00 0.00 0
12230 0.00 0.00 0.00 0
12231 0.00 0.00 0.00 0
12232 0.00 0.00 0.00 0
12233 0.00 0.00 0.00 0
12234 0.00 0.00 0.00 0
12238 0.00 0.00 0.00 0
12239 0.00 0.00 0.00 0
12240 0.00 0.00 0.00 0
12241 0.00 0.00 0.00 0
12242 0.00 0.00 0.00 0
12243 0.00 0.00 0.00 0
12244 0.00 0.00 0.00 0
12261 0.00 0.00 0.00 0
12262 0.00 0.00 0.00 0
12263 0.00 0.00 0.00 0
12264 0.00 0.00 0.00 0
12265 0.00 0.00 0.00 0
12266 0.00 0.00 0.00 0
12267 0.00 0.00 0.00 0
12268 0.00 0.00 0.00 0
12269 0.00 0.00 0.00 0
12270 0.00 0.00 0.00 0
12271 0.00 0.00 0.00 0
12272 0.00 0.00 0.00 0
12274 0.00 0.00 0.00 0
12855 0.00 0.00 0.00 0
12856 0.00 0.00 0.00 0
12857 0.00 0.00 0.00 0
12858 0.00 0.00 0.00 0
12859 0.00 0.00 0.00 0
12860 0.00 0.00 0.00 0
12861 0.00 0.00 0.00 0
12863 0.00 0.00 0.00 0
12864 0.00 0.00 0.00 0
13837 0.00 0.00 0.00 0
13838 0.00 0.00 0.00 0
13839 0.00 0.00 0.00 0
13840 0.00 0.00 0.00 0
13841 0.00 0.00 0.00 0
13842 0.00 0.00 0.00 0
13843 0.00 0.00 0.00 0
13844 0.00 0.00 0.00 0
13845 0.00 0.00 0.00 0
14627 0.00 0.00 0.00 0
14628 0.00 0.00 0.00 0
14629 0.00 0.00 0.00 0
14630 0.00 0.00 0.00 0
14631 0.00 0.00 0.00 0
14632 0.00 0.00 0.00 0
14633 0.00 0.00 0.00 0
14634 0.00 0.00 0.00 0
14638 0.00 0.00 0.00 0
14639 0.00 0.00 0.00 0
14640 0.00 0.00 0.00 0
14641 0.00 0.00 0.00 0
14642 0.00 0.00 0.00 0
14643 0.00 0.00 0.00 0
14644 0.00 0.00 0.00 0
14646 0.00 0.00 0.00 0
14661 0.00 0.00 0.00 0
14662 0.00 0.00 0.00 0
14663 0.00 0.00 0.00 0
14664 0.00 0.00 0.00 0
14665 0.00 0.00 0.00 0
14666 0.00 0.00 0.00 0
14667 0.00 0.00 0.00 0
14668 0.00 0.00 0.00 0
14669 0.00 0.00 0.00 0
14670 0.00 0.00 0.00 0
14671 0.00 0.00 0.00 0
14672 0.00 0.00 0.00 0
14673 0.00 0.00 0.00 0
14674 0.00 0.00 0.00 0
14675 0.00 0.00 0.00 0
14676 0.00 0.00 0.00 0
14677 0.00 0.00 0.00 0
14678 0.00 0.00 0.00 0
15232 0.00 0.00 0.00 0
15234 0.00 0.00 0.00 0
15255 0.00 0.00 0.00 0
15256 0.00 0.00 0.00 0
15257 0.00 0.00 0.00 0
15258 0.00 0.00 0.00 0
15259 0.00 0.00 0.00 0
15260 0.00 0.00 0.00 0
15261 0.00 0.00 0.00 0
15262 0.00 0.00 0.00 0
17032 0.00 0.00 0.00 0
17033 0.00 0.00 0.00 0
17034 0.00 0.00 0.00 0
17035 0.00 0.00 0.00 0
17036 0.00 0.00 0.00 0
17040 0.00 0.00 0.00 0
17041 0.00 0.00 0.00 0
17042 0.00 0.00 0.00 0
17055 0.00 0.00 0.00 0
17056 0.00 0.00 0.00 0
17057 0.00 0.00 0.00 0
17058 0.00 0.00 0.00 0
17059 0.00 0.00 0.00 0
17061 0.00 0.00 0.00 0
18382 0.00 0.00 0.00 0
18383 0.00 0.00 0.00 0
18384 0.00 0.00 0.00 0
18385 0.00 0.00 0.00 0
18386 0.00 0.00 0.00 0
18387 0.00 0.00 0.00 0
18388 0.00 0.00 0.00 0
18389 0.00 0.00 0.00 0
18391 0.00 0.00 0.00 0
18395 0.00 0.00 0.00 0
18396 0.00 0.00 0.00 0
18397 0.00 0.00 0.00 0
18398 0.00 0.00 0.00 0
18399 0.00 0.00 0.00 0
18401 0.00 0.00 0.00 0
18403 0.00 0.00 0.00 0
18426 0.00 0.00 0.00 0
18427 0.00 0.00 0.00 0
18428 0.00 0.00 0.00 0
18432 0.00 0.00 0.00 0
18433 0.00 0.00 0.00 0
18434 0.00 0.00 0.00 0
18440 0.00 0.00 0.00 0
18441 0.00 0.00 0.00 0
18442 0.00 0.00 0.00 0
18443 0.00 0.00 0.00 0
18444 0.00 0.00 0.00 0
18446 0.00 0.00 0.00 0
19404 0.00 0.00 0.00 0
19405 0.00 0.00 0.00 0
19406 0.00 0.00 0.00 0
19407 0.00 0.00 0.00 0
19408 0.00 0.00 0.00 0
19409 0.00 0.00 0.00 0
19410 0.00 0.00 0.00 0
19411 0.00 0.00 0.00 0
19412 0.00 0.00 0.00 0
19413 0.00 0.00 0.00 0
19414 0.00 0.00 0.00 0
19415 0.00 0.00 0.00 0
19416 0.00 0.00 0.00 0
19417 0.00 0.00 0.00 0
19418 0.00 0.00 0.00 0
19419 0.00 0.00 0.00 0
19425 0.00 0.00 0.00 0
19426 0.00 0.00 0.00 0
19427 0.00 0.00 0.00 0
19428 0.00 0.00 0.00 0
19429 0.00 0.00 0.00 0
19430 0.00 0.00 0.00 0
19431 0.00 0.00 0.00 0
19432 0.00 0.00 0.00 0
19433 0.00 0.00 0.00 0
19434 0.00 0.00 0.00 0
19435 0.00 0.00 0.00 0
19436 0.00 0.00 0.00 0
19437 0.00 0.00 0.00 0
19438 0.00 0.00 0.00 0
19439 0.00 0.00 0.00 0
19440 0.00 0.00 0.00 0
19441 0.00 0.00 0.00 0
19442 0.00 0.00 0.00 0
19443 0.00 0.00 0.00 0
19444 0.00 0.00 0.00 0
19445 0.00 0.00 0.00 0
19446 0.00 0.00 0.00 0
19447 0.00 0.00 0.00 0
19448 0.00 0.00 0.00 0
19449 0.00 0.00 0.00 0
19450 0.00 0.00 0.00 0
19451 0.00 0.00 0.00 0
19452 0.00 0.00 0.00 0
19453 0.00 0.00 0.00 0
19454 0.00 0.00 0.00 0
19455 0.00 0.00 0.00 0
19456 0.00 0.00 0.00 0
19457 0.00 0.00 0.00 0
19458 0.00 0.00 0.00 0
19459 0.00 0.00 0.00 0
19460 0.00 0.00 0.00 0
19461 0.00 0.00 0.00 0
19462 0.00 0.00 0.00 0
19463 0.00 0.00 0.00 0
19464 0.00 0.00 0.00 0
19513 0.00 0.00 0.00 0
19514 0.00 0.00 0.00 0
19518 0.00 0.00 0.00 0
19519 0.00 0.00 0.00 0
19520 0.00 0.00 0.00 0
19521 0.00 0.00 0.00 0
19522 0.00 0.00 0.00 0
19523 0.00 0.00 0.00 0
19528 0.00 0.00 0.00 0
19529 0.00 0.00 0.00 0
19530 0.00 0.00 0.00 0
19531 0.00 0.00 0.00 0
19532 0.00 0.00 0.00 0
19533 0.00 0.00 0.00 0
19534 0.00 0.00 0.00 0
19535 0.00 0.00 0.00 0
19536 0.00 0.00 0.00 0
19537 0.00 0.00 0.00 0
19538 0.00 0.00 0.00 0
19539 0.00 0.00 0.00 0
19540 0.00 0.00 0.00 0
19541 0.00 0.00 0.00 0
19546 0.00 0.00 0.00 0
19547 0.00 0.00 0.00 0
19549 0.00 0.00 0.00 0
19551 0.00 0.00 0.00 0
21240 0.00 0.00 0.00 0
21241 0.00 0.00 0.00 0
21285 0.00 0.00 0.00 0
21286 0.00 0.00 0.00 0
21287 0.00 0.00 0.00 0
21288 0.00 0.00 0.00 0
21289 0.00 0.00 0.00 0
21290 0.00 0.00 0.00 0
21291 0.00 0.00 0.00 0
21292 0.00 0.00 0.00 0
21293 0.00 0.00 0.00 0
21294 0.00 0.00 0.00 0
21295 0.00 0.00 0.00 0
21296 0.00 0.00 0.00 0
21297 0.00 0.00 0.00 0
21298 0.00 0.00 0.00 0
21308 0.00 0.00 0.00 0
21309 0.00 0.00 0.00 0
21310 0.00 0.00 0.00 0
21311 0.00 0.00 0.00 0
21312 0.00 0.00 0.00 0
21313 0.00 0.00 0.00 0
21314 0.00 0.00 0.00 0
23278 0.00 0.00 0.00 0
23279 0.00 0.00 0.00 0
23280 0.00 0.00 0.00 0
23281 0.00 0.00 0.00 0
23282 0.00 0.00 0.00 0
23762 0.00 0.00 0.00 0
23763 0.00 0.00 0.00 0
23764 0.00 0.00 0.00 0
23765 0.00 0.00 0.00 0
23774 0.00 0.00 0.00 0
23775 0.00 0.00 0.00 0
23776 0.00 0.00 0.00 0
23777 0.00 0.00 0.00 0
23778 0.00 0.00 0.00 0
23779 0.00 0.00 0.00 0
23780 0.00 0.00 0.00 0
23781 0.00 0.00 0.00 0
23782 0.00 0.00 0.00 0
23783 0.00 0.00 0.00 0
24115 0.00 0.00 0.00 0
24116 0.00 0.00 0.00 0
24117 0.00 0.00 0.00 0
24118 0.00 0.00 0.00 0
24119 0.00 0.00 0.00 0
24129 0.00 0.00 0.00 0
24130 0.00 0.00 0.00 0
24131 0.00 0.00 0.00 0
24132 0.00 0.00 0.00 0
24133 0.00 0.00 0.00 0
25195 0.00 0.00 0.00 0
25196 0.00 0.00 0.00 0
25197 0.00 0.00 0.00 0
25198 0.00 0.00 0.00 0
25199 0.00 0.00 0.00 0
25209 0.00 0.00 0.00 0
25210 0.00 0.00 0.00 0
25211 0.00 0.00 0.00 0
25212 0.00 0.00 0.00 0
26005 0.00 0.00 0.00 0
26006 0.00 0.00 0.00 0
26007 0.00 0.00 0.00 0
26008 0.00 0.00 0.00 0
26009 0.00 0.00 0.00 0
26041 0.00 0.00 0.00 0
26042 0.00 0.00 0.00 0
26618 0.00 0.00 0.00 0
26619 0.00 0.00 0.00 0
26620 0.00 0.00 0.00 0
26621 0.00 0.00 0.00 0
26622 0.00 0.00 0.00 0
26623 0.00 0.00 0.00 0
26624 0.00 0.00 0.00 0
26625 0.00 0.00 0.00 0
26626 0.00 0.00 0.00 0
26627 0.00 0.00 0.00 0
26628 0.00 0.00 0.00 0
26633 0.00 0.00 0.00 0
26634 0.00 0.00 0.00 0
26635 0.00 0.00 0.00 0
26636 0.00 0.00 0.00 0
26637 0.00 0.00 0.00 0
26638 0.00 0.00 0.00 0
26639 0.00 0.00 0.00 0
26640 0.00 0.00 0.00 0
26641 0.00 0.00 0.00 0
26642 0.00 0.00 0.00 0
26643 0.00 0.00 0.00 0
26644 0.00 0.00 0.00 0
26645 0.00 0.00 0.00 0
26646 0.00 0.00 0.00 0
26648 0.00 0.00 0.00 0
26651 0.00 0.00 0.00 0
26652 0.00 0.00 0.00 0
26653 0.00 0.00 0.00 0
26675 0.00 0.00 0.00 0
26676 0.00 0.00 0.00 0
26677 0.00 0.00 0.00 0
26678 0.00 0.00 0.00 0
26679 0.00 0.00 0.00 0
26681 0.00 0.00 0.00 0
26682 0.00 0.00 0.00 0
26683 0.00 0.00 0.00 0
26684 0.00 0.00 0.00 0
26685 0.00 0.00 0.00 0
26686 0.00 0.00 0.00 0
26687 0.00 0.00 0.00 0
26688 0.00 0.00 0.00 0
26689 0.00 0.00 0.00 0
26690 0.00 0.00 0.00 0
26691 0.00 0.00 0.00 0
26692 0.00 0.00 0.00 0
26696 0.00 0.00 0.00 0
26697 0.00 0.00 0.00 0
26698 0.00 0.00 0.00 0
26699 0.00 0.00 0.00 0
26706 0.00 0.00 0.00 0
27747 0.00 0.00 0.00 0
27748 0.00 0.00 0.00 0
27749 0.00 0.00 0.00 0
27750 0.00 0.00 0.00 0
27751 0.00 0.00 0.00 0
27752 0.00 0.00 0.00 0
27753 0.00 0.00 0.00 0
27754 0.00 0.00 0.00 0
27755 0.00 0.00 0.00 0
27756 0.00 0.00 0.00 0
27757 0.00 0.00 0.00 0
27758 0.00 0.00 0.00 0
27761 0.00 0.00 0.00 0
27762 0.00 0.00 0.00 0
27763 0.00 0.00 0.00 0
27764 0.00 0.00 0.00 0
29356 0.00 0.00 0.00 0
29357 0.00 0.00 0.00 0
29358 0.00 0.00 0.00 0
29359 0.00 0.00 0.00 0
29360 0.00 0.00 0.00 0
29361 0.00 0.00 0.00 0
29362 0.00 0.00 0.00 0
29363 0.00 0.00 0.00 0
29369 0.00 0.00 0.00 0
29986 0.00 0.00 0.00 0
29987 0.00 0.00 0.00 0
30462 0.00 0.00 0.00 0
30463 0.00 0.00 0.00 0
30464 0.00 0.00 0.00 0
30465 0.00 0.00 0.00 0
30466 0.00 0.00 0.00 0
30467 0.00 0.00 0.00 0
30468 0.00 0.00 0.00 0
30469 0.00 0.00 0.00 0
30470 0.00 0.00 0.00 0
30471 0.00 0.00 0.00 0
30476 0.00 0.00 0.00 0
30477 0.00 0.00 0.00 0
30478 0.00 0.00 0.00 0
30479 0.00 0.00 0.00 0
30480 0.00 0.00 0.00 0
30481 0.00 0.00 0.00 0
30482 0.00 0.00 0.00 0
30483 0.00 0.00 0.00 0
30484 0.00 0.00 0.00 0
30485 0.00 0.00 0.00 0
30486 0.00 0.00 0.00 0
30487 0.00 0.00 0.00 0
30488 0.00 0.00 0.00 0
30489 0.00 0.00 0.00 0
30512 0.00 0.00 0.00 0
30513 0.00 0.00 0.00 0
30514 0.00 0.00 0.00 0
30515 0.00 0.00 0.00 0
30516 0.00 0.00 0.00 0
30517 0.00 0.00 0.00 0
30518 0.00 0.00 0.00 0
30519 0.00 0.00 0.00 0
30520 0.00 0.00 0.00 0
30521 0.00 0.00 0.00 0
30522 0.00 0.00 0.00 0
30523 0.00 0.00 0.00 0
30524 0.00 0.00 0.00 0
30525 0.00 0.00 0.00 0
30526 0.00 0.00 0.00 0
30527 0.00 0.00 0.00 0
30528 0.00 0.00 0.00 0
30529 0.00 0.00 0.00 0
30530 0.00 0.00 0.00 0
30531 0.00 0.00 0.00 0
30532 0.00 0.00 0.00 0
31341 0.00 0.00 0.00 0
31342 0.00 0.00 0.00 0
31343 0.00 0.00 0.00 0
31344 0.00 0.00 0.00 0
31345 0.00 0.00 0.00 0
31346 0.00 0.00 0.00 0
31347 0.00 0.00 0.00 0
31348 0.00 0.00 0.00 0
31349 0.00 0.00 0.00 0
31350 0.00 0.00 0.00 0
31351 0.00 0.00 0.00 0
33670 0.00 0.00 0.00 0
33671 0.00 0.00 0.00 0
33672 0.00 0.00 0.00 0
33673 0.00 0.00 0.00 0
33674 0.00 0.00 0.00 0
33675 0.00 0.00 0.00 0
33676 0.00 0.00 0.00 0
33681 0.00 0.00 0.00 0
33682 0.00 0.00 0.00 0
33683 0.00 0.00 0.00 0
33699 0.00 0.00 0.00 0
33700 0.00 0.00 0.00 0
33701 0.00 0.00 0.00 0
33702 0.00 0.00 0.00 0
33703 0.00 0.00 0.00 0
33704 0.00 0.00 0.00 0
33705 0.00 0.00 0.00 0
33706 0.00 0.00 0.00 0
33707 0.00 0.00 0.00 0
33708 0.00 0.00 0.00 0
35347 0.00 0.00 0.00 0
35348 0.00 0.00 0.00 0
35349 0.00 0.00 0.00 0
35350 0.00 0.00 0.00 0
35351 0.00 0.00 0.00 0
35352 0.00 0.00 0.00 0
35353 0.00 0.00 0.00 0
35354 0.00 0.00 0.00 0
35355 0.00 0.00 0.00 0
35356 0.00 0.00 0.00 0
35357 0.00 0.00 0.00 0
35358 0.00 0.00 0.00 0
35359 0.00 0.00 0.00 0
35360 0.00 0.00 0.00 0
35362 0.00 0.00 0.00 0
35363 0.00 0.00 0.00 0
35364 0.00 0.00 0.00 0
35365 0.00 0.00 0.00 0
35366 0.00 0.00 0.00 0
35367 0.00 0.00 0.00 0
35368 0.00 0.00 0.00 0
35369 0.00 0.00 0.00 0
35370 0.00 0.00 0.00 0
35371 0.00 0.00 0.00 0
35372 0.00 0.00 0.00 0
35373 0.00 0.00 0.00 0
35374 0.00 0.00 0.00 0
35375 0.00 0.00 0.00 0
35400 0.00 0.00 0.00 0
35401 0.00 0.00 0.00 0
35402 0.00 0.00 0.00 0
35403 0.00 0.00 0.00 0
35404 0.00 0.00 0.00 0
35405 0.00 0.00 0.00 0
35407 0.00 0.00 0.00 0
35408 0.00 0.00 0.00 0
35409 0.00 0.00 0.00 0
35410 0.00 0.00 0.00 0
35411 0.00 0.00 0.00 0
35416 0.00 0.00 0.00 0
35417 0.00 0.00 0.00 0
35418 0.00 0.00 0.00 0
35419 0.00 0.00 0.00 0
35421 0.00 0.00 0.00 0
35422 0.00 0.00 0.00 0
35423 0.00 0.00 0.00 0
35424 0.00 0.00 0.00 0
35425 0.00 0.00 0.00 0
36592 0.00 0.00 0.00 0
36593 0.00 0.00 0.00 0
36594 0.00 0.00 0.00 0
36595 0.00 0.00 0.00 0
36596 0.00 0.00 0.00 0
36597 0.00 0.00 0.00 0
36598 0.00 0.00 0.00 0
36599 0.00 0.00 0.00 0
36600 0.00 0.00 0.00 0
36601 0.00 0.00 0.00 0
36602 0.00 0.00 0.00 0
36603 0.00 0.00 0.00 0
36604 0.00 0.00 0.00 0
36605 0.00 0.00 0.00 0
36606 0.00 0.00 0.00 0
36607 0.00 0.00 0.00 0
36608 0.00 0.00 0.00 0
36609 0.00 0.00 0.00 0
36615 0.00 0.00 0.00 0
36616 0.00 0.00 0.00 0
36617 0.00 0.00 0.00 0
36618 0.00 0.00 0.00 0
36620 0.00 0.00 0.00 0
36621 0.00 0.00 0.00 0
36622 0.00 0.00 0.00 0
36623 0.00 0.00 0.00 0
36624 0.00 0.00 0.00 0
36625 0.00 0.00 0.00 0
36626 0.00 0.00 0.00 0
36627 0.00 0.00 0.00 0
36628 0.00 0.00 0.00 0
36629 0.00 0.00 0.00 0
36630 0.00 0.00 0.00 0
36631 0.00 0.00 0.00 0
36632 0.00 0.00 0.00 0
36633 0.00 0.00 0.00 0
36634 0.00 0.00 0.00 0
36635 0.00 0.00 0.00 0
36636 0.00 0.00 0.00 0
36637 0.00 0.00 0.00 0
36638 0.00 0.00 0.00 0
36639 0.00 0.00 0.00 0
36640 0.00 0.00 0.00 0
36641 0.00 0.00 0.00 0
36642 0.00 0.00 0.00 0
36643 0.00 0.00 0.00 0
36644 0.00 0.00 0.00 0
36645 0.00 0.00 0.00 0
36646 0.00 0.00 0.00 0
36647 0.00 0.00 0.00 0
36648 0.00 0.00 0.00 0
36649 0.00 0.00 0.00 0
36650 0.00 0.00 0.00 0
36651 0.00 0.00 0.00 0
36652 0.00 0.00 0.00 0
36653 0.00 0.00 0.00 0
36654 0.00 0.00 0.00 0
36655 0.00 0.00 0.00 0
36656 0.00 0.00 0.00 0
36657 0.00 0.00 0.00 0
36658 0.00 0.00 0.00 0
36659 0.00 0.00 0.00 0
36660 0.00 0.00 0.00 0
36661 0.00 0.00 0.00 0
36662 0.00 0.00 0.00 0
36663 0.00 0.00 0.00 0
36727 0.00 0.00 0.00 0
36728 0.00 0.00 0.00 0
36729 0.00 0.00 0.00 0
36730 0.00 0.00 0.00 0
36731 0.00 0.00 0.00 0
36732 0.00 0.00 0.00 0
36741 0.00 0.00 0.00 0
36742 0.00 0.00 0.00 0
36743 0.00 0.00 0.00 0
36744 0.00 0.00 0.00 0
36745 0.00 0.00 0.00 0
36746 0.00 0.00 0.00 0
36747 0.00 0.00 0.00 0
36748 0.00 0.00 0.00 0
36749 0.00 0.00 0.00 0
36750 0.00 0.00 0.00 0
36751 0.00 0.00 0.00 0
36752 0.00 0.00 0.00 0
36753 0.00 0.00 0.00 0
36754 0.00 0.00 0.00 0
36758 0.00 0.00 0.00 0
36759 0.00 0.00 0.00 0
36760 0.00 0.00 0.00 0
36761 0.00 0.00 0.00 0
36762 0.00 0.00 0.00 0
36766 0.00 0.00 0.00 0
38801 0.00 0.00 0.00 0
38802 0.00 0.00 0.00 0
38855 0.00 0.00 0.00 0
38856 0.00 0.00 0.00 0
38857 0.00 0.00 0.00 0
38858 0.00 0.00 0.00 0
38859 0.00 0.00 0.00 0
38860 0.00 0.00 0.00 0
38861 0.00 0.00 0.00 0
38864 0.00 0.00 0.00 0
38865 0.00 0.00 0.00 0
38866 0.00 0.00 0.00 0
38867 0.00 0.00 0.00 0
38868 0.00 0.00 0.00 0
38869 0.00 0.00 0.00 0
38882 0.00 0.00 0.00 0
38883 0.00 0.00 0.00 0
38884 0.00 0.00 0.00 0
38885 0.00 0.00 0.00 0
38886 0.00 0.00 0.00 0
38887 0.00 0.00 0.00 0
38888 0.00 0.00 0.00 0
38889 0.00 0.00 0.00 0
41092 0.00 0.00 0.00 0
41093 0.00 0.00 0.00 0
41094 0.00 0.00 0.00 0
41371 0.00 0.00 0.00 0
41557 0.00 0.00 0.00 0
41558 0.00 0.00 0.00 0
41559 0.00 0.00 0.00 0
41565 0.00 0.00 0.00 0
41566 0.00 0.00 0.00 0
41567 0.00 0.00 0.00 0
42157 0.00 0.00 0.00 0
42158 0.00 0.00 0.00 0
42159 0.00 0.00 0.00 0
42607 0.00 0.00 0.00 0
42608 0.00 0.00 0.00 0
42609 0.00 0.00 0.00 0
42950 0.00 0.00 0.00 0
42951 0.00 0.00 0.00 0
42952 0.00 0.00 0.00 0
42953 0.00 0.00 0.00 0
42954 0.00 0.00 0.00 0
42958 0.00 0.00 0.00 0
42959 0.00 0.00 0.00 0
42960 0.00 0.00 0.00 0
42961 0.00 0.00 0.00 0
42962 0.00 0.00 0.00 0
42963 0.00 0.00 0.00 0
42964 0.00 0.00 0.00 0
42981 0.00 0.00 0.00 0
42982 0.00 0.00 0.00 0
42983 0.00 0.00 0.00 0
42984 0.00 0.00 0.00 0
42985 0.00 0.00 0.00 0
42986 0.00 0.00 0.00 0
42987 0.00 0.00 0.00 0
42988 0.00 0.00 0.00 0
42989 0.00 0.00 0.00 0
42990 0.00 0.00 0.00 0
42991 0.00 0.00 0.00 0
42992 0.00 0.00 0.00 0
42994 0.00 0.00 0.00 0
43575 0.00 0.00 0.00 0
43576 0.00 0.00 0.00 0
43577 0.00 0.00 0.00 0
43578 0.00 0.00 0.00 0
43579 0.00 0.00 0.00 0
43580 0.00 0.00 0.00 0
43581 0.00 0.00 0.00 0
43582 0.00 0.00 0.00 0
44557 0.00 0.00 0.00 0
44558 0.00 0.00 0.00 0
44559 0.00 0.00 0.00 0
44560 0.00 0.00 0.00 0
44561 0.00 0.00 0.00 0
44562 0.00 0.00 0.00 0
44563 0.00 0.00 0.00 0
44564 0.00 0.00 0.00 0
44565 0.00 0.00 0.00 0
45348 0.00 0.00 0.00 0
45350 0.00 0.00 0.00 0
45351 0.00 0.00 0.00 0
45352 0.00 0.00 0.00 0
45353 0.00 0.00 0.00 0
45354 0.00 0.00 0.00 0
45358 0.00 0.00 0.00 0
45359 0.00 0.00 0.00 0
45360 0.00 0.00 0.00 0
45361 0.00 0.00 0.00 0
45362 0.00 0.00 0.00 0
45363 0.00 0.00 0.00 0
45364 0.00 0.00 0.00 0
45381 0.00 0.00 0.00 0
45382 0.00 0.00 0.00 0
45383 0.00 0.00 0.00 0
45384 0.00 0.00 0.00 0
45385 0.00 0.00 0.00 0
45386 0.00 0.00 0.00 0
45387 0.00 0.00 0.00 0
45388 0.00 0.00 0.00 0
45389 0.00 0.00 0.00 0
45390 0.00 0.00 0.00 0
45391 0.00 0.00 0.00 0
45392 0.00 0.00 0.00 0
45393 0.00 0.00 0.00 0
45394 0.00 0.00 0.00 0
45395 0.00 0.00 0.00 0
45396 0.00 0.00 0.00 0
45397 0.00 0.00 0.00 0
45398 0.00 0.00 0.00 0
45952 0.00 0.00 0.00 0
45953 0.00 0.00 0.00 0
45954 0.00 0.00 0.00 0
45975 0.00 0.00 0.00 0
45976 0.00 0.00 0.00 0
45977 0.00 0.00 0.00 0
45978 0.00 0.00 0.00 0
45979 0.00 0.00 0.00 0
45980 0.00 0.00 0.00 0
45981 0.00 0.00 0.00 0
45982 0.00 0.00 0.00 0
47752 0.00 0.00 0.00 0
47753 0.00 0.00 0.00 0
47754 0.00 0.00 0.00 0
47760 0.00 0.00 0.00 0
47761 0.00 0.00 0.00 0
47762 0.00 0.00 0.00 0
47775 0.00 0.00 0.00 0
47776 0.00 0.00 0.00 0
47777 0.00 0.00 0.00 0
49102 0.00 0.00 0.00 0
49103 0.00 0.00 0.00 0
49104 0.00 0.00 0.00 0
49105 0.00 0.00 0.00 0
49106 0.00 0.00 0.00 0
49107 0.00 0.00 0.00 0
49108 0.00 0.00 0.00 0
49109 0.00 0.00 0.00 0
49115 0.00 0.00 0.00 0
49116 0.00 0.00 0.00 0
49117 0.00 0.00 0.00 0
49118 0.00 0.00 0.00 0
49119 0.00 0.00 0.00 0
49148 0.00 0.00 0.00 0
49153 0.00 0.00 0.00 0
49154 0.00 0.00 0.00 0
49158 0.00 0.00 0.00 0
49159 0.00 0.00 0.00 0
49160 0.00 0.00 0.00 0
49161 0.00 0.00 0.00 0
49162 0.00 0.00 0.00 0
49163 0.00 0.00 0.00 0
49164 0.00 0.00 0.00 0
50120 0.00 0.00 0.00 0
50122 0.00 0.00 0.00 0
50123 0.00 0.00 0.00 0
50124 0.00 0.00 0.00 0
50125 0.00 0.00 0.00 0
50126 0.00 0.00 0.00 0
50127 0.00 0.00 0.00 0
50128 0.00 0.00 0.00 0
50129 0.00 0.00 0.00 0
50130 0.00 0.00 0.00 0
50131 0.00 0.00 0.00 0
50132 0.00 0.00 0.00 0
50133 0.00 0.00 0.00 0
50134 0.00 0.00 0.00 0
50135 0.00 0.00 0.00 0
50136 0.00 0.00 0.00 0
50137 0.00 0.00 0.00 0
50138 0.00 0.00 0.00 0
50139 0.00 0.00 0.00 0
50143 0.00 0.00 0.00 0
50144 0.00 0.00 0.00 0
50145 0.00 0.00 0.00 0
50146 0.00 0.00 0.00 0
50147 0.00 0.00 0.00 0
50148 0.00 0.00 0.00 0
50149 0.00 0.00 0.00 0
50150 0.00 0.00 0.00 0
50151 0.00 0.00 0.00 0
50152 0.00 0.00 0.00 0
50153 0.00 0.00 0.00 0
50154 0.00 0.00 0.00 0
50155 0.00 0.00 0.00 0
50156 0.00 0.00 0.00 0
50157 0.00 0.00 0.00 0
50158 0.00 0.00 0.00 0
50159 0.00 0.00 0.00 0
50160 0.00 0.00 0.00 0
50161 0.00 0.00 0.00 0
50162 0.00 0.00 0.00 0
50163 0.00 0.00 0.00 0
50164 0.00 0.00 0.00 0
50165 0.00 0.00 0.00 0
50166 0.00 0.00 0.00 0
50167 0.00 0.00 0.00 0
50168 0.00 0.00 0.00 0
50169 0.00 0.00 0.00 0
50170 0.00 0.00 0.00 0
50171 0.00 0.00 0.00 0
50172 0.00 0.00 0.00 0
50173 0.00 0.00 0.00 0
50174 0.00 0.00 0.00 0
50175 0.00 0.00 0.00 0
50176 0.00 0.00 0.00 0
50177 0.00 0.00 0.00 0
50178 0.00 0.00 0.00 0
50179 0.00 0.00 0.00 0
50180 0.00 0.00 0.00 0
50181 0.00 0.00 0.00 0
50182 0.00 0.00 0.00 0
50183 0.00 0.00 0.00 0
50184 0.00 0.00 0.00 0
50233 0.00 0.00 0.00 0
50238 0.00 0.00 0.00 0
50239 0.00 0.00 0.00 0
50240 0.00 0.00 0.00 0
50241 0.00 0.00 0.00 0
50242 0.00 0.00 0.00 0
50248 0.00 0.00 0.00 0
50249 0.00 0.00 0.00 0
50250 0.00 0.00 0.00 0
50251 0.00 0.00 0.00 0
50252 0.00 0.00 0.00 0
50253 0.00 0.00 0.00 0
50254 0.00 0.00 0.00 0
50255 0.00 0.00 0.00 0
50256 0.00 0.00 0.00 0
50257 0.00 0.00 0.00 0
50258 0.00 0.00 0.00 0
50259 0.00 0.00 0.00 0
50260 0.00 0.00 0.00 0
50261 0.00 0.00 0.00 0
50263 0.00 0.00 0.00 0
50265 0.00 0.00 0.00 0
50266 0.00 0.00 0.00 0
50267 0.00 0.00 0.00 0
50268 0.00 0.00 0.00 0
50269 0.00 0.00 0.00 0
52005 0.00 0.00 0.00 0
52006 0.00 0.00 0.00 0
52007 0.00 0.00 0.00 0
52008 0.00 0.00 0.00 0
52009 0.00 0.00 0.00 0
52010 0.00 0.00 0.00 0
52011 0.00 0.00 0.00 0
52012 0.00 0.00 0.00 0
52013 0.00 0.00 0.00 0
52014 0.00 0.00 0.00 0
52015 0.00 0.00 0.00 0
52016 0.00 0.00 0.00 0
52017 0.00 0.00 0.00 0
52018 0.00 0.00 0.00 0
52028 0.00 0.00 0.00 0
52029 0.00 0.00 0.00 0
52030 0.00 0.00 0.00 0
52031 0.00 0.00 0.00 0
52032 0.00 0.00 0.00 0
52033 0.00 0.00 0.00 0
52034 0.00 0.00 0.00 0
54157 0.00 0.00 0.00 0
54158 0.00 0.00 0.00 0
54159 0.00 0.00 0.00 0
54160 0.00 0.00 0.00 0
54161 0.00 0.00 0.00 0
54162 0.00 0.00 0.00 0
54163 0.00 0.00 0.00 0
54164 0.00 0.00 0.00 0
54963 0.00 0.00 0.00 0
54964 0.00 0.00 0.00 0
54966 0.00 0.00 0.00 0
54967 0.00 0.00 0.00 0
54981 0.00 0.00 0.00 0
54982 0.00 0.00 0.00 0
54983 0.00 0.00 0.00 0
54984 0.00 0.00 0.00 0
54985 0.00 0.00 0.00 0
54986 0.00 0.00 0.00 0
54987 0.00 0.00 0.00 0
54988 0.00 0.00 0.00 0
54989 0.00 0.00 0.00 0
54990 0.00 0.00 0.00 0
54991 0.00 0.00 0.00 0
54992 0.00 0.00 0.00 0
54993 0.00 0.00 0.00 0
54994 0.00 0.00 0.00 0
54995 0.00 0.00 0.00 0
54996 0.00 0.00 0.00 0
54997 0.00 0.00 0.00 0
54998 0.00 0.00 0.00 0
54999 0.00 0.00 0.00 0
55552 0.00 0.00 0.00 0
55553 0.00 0.00 0.00 0
55554 0.00 0.00 0.00 0
55555 0.00 0.00 0.00 0
55556 0.00 0.00 0.00 0
55557 0.00 0.00 0.00 0
55558 0.00 0.00 0.00 0
55559 0.00 0.00 0.00 0
55575 0.00 0.00 0.00 0
55576 0.00 0.00 0.00 0
55577 0.00 0.00 0.00 0
55578 0.00 0.00 0.00 0
55579 0.00 0.00 0.00 0
55580 0.00 0.00 0.00 0
55581 0.00 0.00 0.00 0
55582 0.00 0.00 0.00 0
57352 0.00 0.00 0.00 0
57353 0.00 0.00 0.00 0
57354 0.00 0.00 0.00 0
57355 0.00 0.00 0.00 0
57356 0.00 0.00 0.00 0
57357 0.00 0.00 0.00 0
57358 0.00 0.00 0.00 0
57359 0.00 0.00 0.00 0
57375 0.00 0.00 0.00 0
57376 0.00 0.00 0.00 0
57377 0.00 0.00 0.00 0
57379 0.00 0.00 0.00 0
57380 0.00 0.00 0.00 0
57381 0.00 0.00 0.00 0
58702 0.00 0.00 0.00 0
58703 0.00 0.00 0.00 0
58704 0.00 0.00 0.00 0
58705 0.00 0.00 0.00 0
58706 0.00 0.00 0.00 0
58707 0.00 0.00 0.00 0
58708 0.00 0.00 0.00 0
58709 0.00 0.00 0.00 0
58762 0.00 0.00 0.00 0
58765 0.00 0.00 0.00 0
59722 0.00 0.00 0.00 0
59723 0.00 0.00 0.00 0
59724 0.00 0.00 0.00 0
59725 0.00 0.00 0.00 0
59726 0.00 0.00 0.00 0
59727 0.00 0.00 0.00 0
59728 0.00 0.00 0.00 0
59729 0.00 0.00 0.00 0
59730 0.00 0.00 0.00 0
59731 0.00 0.00 0.00 0
59732 0.00 0.00 0.00 0
59733 0.00 0.00 0.00 0
59734 0.00 0.00 0.00 0
59735 0.00 0.00 0.00 0
59736 0.00 0.00 0.00 0
59737 0.00 0.00 0.00 0
59738 0.00 0.00 0.00 0
59739 0.00 0.00 0.00 0
59748 0.00 0.00 0.00 0
59749 0.00 0.00 0.00 0
59750 0.00 0.00 0.00 0
59751 0.00 0.00 0.00 0
59752 0.00 0.00 0.00 0
59753 0.00 0.00 0.00 0
59754 0.00 0.00 0.00 0
59755 0.00 0.00 0.00 0
59756 0.00 0.00 0.00 0
59757 0.00 0.00 0.00 0
59758 0.00 0.00 0.00 0
59759 0.00 0.00 0.00 0
59760 0.00 0.00 0.00 0
59761 0.00 0.00 0.00 0
59762 0.00 0.00 0.00 0
59763 0.00 0.00 0.00 0
59764 0.00 0.00 0.00 0
59765 0.00 0.00 0.00 0
59766 0.00 0.00 0.00 0
59767 0.00 0.00 0.00 0
59768 0.00 0.00 0.00 0
59769 0.00 0.00 0.00 0
59778 0.00 0.00 0.00 0
59816 0.00 0.00 0.00 0
59817 0.00 0.00 0.00 0
59818 0.00 0.00 0.00 0
59819 0.00 0.00 0.00 0
59820 0.00 0.00 0.00 0
59821 0.00 0.00 0.00 0
59822 0.00 0.00 0.00 0
59823 0.00 0.00 0.00 0
59824 0.00 0.00 0.00 0
59825 0.00 0.00 0.00 0
59826 0.00 0.00 0.00 0
59827 0.00 0.00 0.00 0
59828 0.00 0.00 0.00 0
59829 0.00 0.00 0.00 0
59830 0.00 0.00 0.00 0
59831 0.00 0.00 0.00 0
59832 0.00 0.00 0.00 0
59833 0.00 0.00 0.00 0
59834 0.00 0.00 0.00 0
59835 0.00 0.00 0.00 0
59836 0.00 0.00 0.00 0
59837 0.00 0.00 0.00 0
59838 0.00 0.00 0.00 0
59839 0.00 0.00 0.00 0
59840 0.00 0.00 0.00 0
59841 0.00 0.00 0.00 0
59842 0.00 0.00 0.00 0
59843 0.00 0.00 0.00 0
59844 0.00 0.00 0.00 0
59845 0.00 0.00 0.00 0
59846 0.00 0.00 0.00 0
59847 0.00 0.00 0.00 0
59851 0.00 0.00 0.00 0
59853 0.00 0.00 0.00 0
61605 0.00 0.00 0.00 0
61606 0.00 0.00 0.00 0
61607 0.00 0.00 0.00 0
61608 0.00 0.00 0.00 0
61609 0.00 0.00 0.00 0
61610 0.00 0.00 0.00 0
61611 0.00 0.00 0.00 0
61612 0.00 0.00 0.00 0
61613 0.00 0.00 0.00 0
61614 0.00 0.00 0.00 0
61615 0.00 0.00 0.00 0
61616 0.00 0.00 0.00 0
61617 0.00 0.00 0.00 0
61618 0.00 0.00 0.00 0
61619 0.00 0.00 0.00 0
61620 0.00 0.00 0.00 0
61621 0.00 0.00 0.00 0
61622 0.00 0.00 0.00 0
61623 0.00 0.00 0.00 0
61624 0.00 0.00 0.00 0
61628 0.00 0.00 0.00 0
61629 0.00 0.00 0.00 0
61630 0.00 0.00 0.00 0
61632 0.00 0.00 0.00 0
61633 0.00 0.00 0.00 0
61634 0.00 0.00 0.00 0
64552 0.00 0.00 0.00 0
64553 0.00 0.00 0.00 0
64554 0.00 0.00 0.00 0
64555 0.00 0.00 0.00 0
64556 0.00 0.00 0.00 0
64557 0.00 0.00 0.00 0
64558 0.00 0.00 0.00 0
64559 0.00 0.00 0.00 0
64560 0.00 0.00 0.00 0
64561 0.00 0.00 0.00 0
64562 0.00 0.00 0.00 0
64563 0.00 0.00 0.00 0
64564 0.00 0.00 0.00 0
64565 0.00 0.00 0.00 0
64566 0.00 0.00 0.00 0
64567 0.00 0.00 0.00 0
64568 0.00 0.00 0.00 0
64569 0.00 0.00 0.00 0
64570 0.00 0.00 0.00 0
64571 0.00 0.00 0.00 0
64572 0.00 0.00 0.00 0
64574 0.00 0.00 0.00 0
64575 0.00 0.00 0.00 0
64576 0.00 0.00 0.00 0
64577 0.00 0.00 0.00 0
64579 0.00 0.00 0.00 0
64580 0.00 0.00 0.00 0
64581 0.00 0.00 0.00 0
66918 0.00 0.00 0.00 0
66919 0.00 0.00 0.00 0
66920 0.00 0.00 0.00 0
66921 0.00 0.00 0.00 0
66922 0.00 0.00 0.00 0
66923 0.00 0.00 0.00 0
66924 0.00 0.00 0.00 0
66926 0.00 0.00 0.00 0
66927 0.00 0.00 0.00 0
66928 0.00 0.00 0.00 0
66929 0.00 0.00 0.00 0
66930 0.00 0.00 0.00 0
66931 0.00 0.00 0.00 0
66932 0.00 0.00 0.00 0
66933 0.00 0.00 0.00 0
66934 0.00 0.00 0.00 0
66935 0.00 0.00 0.00 0
66936 0.00 0.00 0.00 0
66937 0.00 0.00 0.00 0
66938 0.00 0.00 0.00 0
66939 0.00 0.00 0.00 0
66945 0.00 0.00 0.00 0
66946 0.00 0.00 0.00 0
66947 0.00 0.00 0.00 0
66948 0.00 0.00 0.00 0
66949 0.00 0.00 0.00 0
66950 0.00 0.00 0.00 0
66951 0.00 0.00 0.00 0
66952 0.00 0.00 0.00 0
66953 0.00 0.00 0.00 0
66954 0.00 0.00 0.00 0
66955 0.00 0.00 0.00 0
66956 0.00 0.00 0.00 0
66957 0.00 0.00 0.00 0
66958 0.00 0.00 0.00 0
66959 0.00 0.00 0.00 0
66960 0.00 0.00 0.00 0
66961 0.00 0.00 0.00 0
66962 0.00 0.00 0.00 0
66963 0.00 0.00 0.00 0
66964 0.00 0.00 0.00 0
66965 0.00 0.00 0.00 0
66966 0.00 0.00 0.00 0
66967 0.00 0.00 0.00 0
66968 0.00 0.00 0.00 0
66969 0.00 0.00 0.00 0
66970 0.00 0.00 0.00 0
66971 0.00 0.00 0.00 0
66972 0.00 0.00 0.00 0
66974 0.00 0.00 0.00 0
66975 0.00 0.00 0.00 0
66976 0.00 0.00 0.00 0
67019 0.00 0.00 0.00 0
67023 0.00 0.00 0.00 0
67024 0.00 0.00 0.00 0
67025 0.00 0.00 0.00 0
67026 0.00 0.00 0.00 0
67027 0.00 0.00 0.00 0
67028 0.00 0.00 0.00 0
67029 0.00 0.00 0.00 0
67030 0.00 0.00 0.00 0
67031 0.00 0.00 0.00 0
67032 0.00 0.00 0.00 0
67033 0.00 0.00 0.00 0
67034 0.00 0.00 0.00 0
67035 0.00 0.00 0.00 0
67036 0.00 0.00 0.00 0
67037 0.00 0.00 0.00 0
67038 0.00 0.00 0.00 0
67039 0.00 0.00 0.00 0
67040 0.00 0.00 0.00 0
67041 0.00 0.00 0.00 0
67042 0.00 0.00 0.00 0
67043 0.00 0.00 0.00 0
67044 0.00 0.00 0.00 0
67045 0.00 0.00 0.00 0
67046 0.00 0.00 0.00 0
67047 0.00 0.00 0.00 0
67048 0.00 0.00 0.00 0
67049 0.00 0.00 0.00 0
67050 0.00 0.00 0.00 0
67051 0.00 0.00 0.00 0
67052 0.00 0.00 0.00 0
67053 0.00 0.00 0.00 0
67054 0.00 0.00 0.00 0
67055 0.00 0.00 0.00 0
67056 0.00 0.00 0.00 0
67057 0.00 0.00 0.00 0
67058 0.00 0.00 0.00 0
67059 0.00 0.00 0.00 0
67060 0.00 0.00 0.00 0
67061 0.00 0.00 0.00 0
67062 0.00 0.00 0.00 0
67063 0.00 0.00 0.00 0
67064 0.00 0.00 0.00 0
67065 0.00 0.00 0.00 0
67066 0.00 0.00 0.00 0
67067 0.00 0.00 0.00 0
67068 0.00 0.00 0.00 0
67069 0.00 0.00 0.00 0
68745 0.00 0.00 0.00 0
68746 0.00 0.00 0.00 0
68805 0.00 0.00 0.00 0
68806 0.00 0.00 0.00 0
68807 0.00 0.00 0.00 0
68808 0.00 0.00 0.00 0
68809 0.00 0.00 0.00 0
68810 0.00 0.00 0.00 0
68811 0.00 0.00 0.00 0
68812 0.00 0.00 0.00 0
68813 0.00 0.00 0.00 0
68814 0.00 0.00 0.00 0
68815 0.00 0.00 0.00 0
68816 0.00 0.00 0.00 0
68817 0.00 0.00 0.00 0
68818 0.00 0.00 0.00 0
68819 0.00 0.00 0.00 0
68820 0.00 0.00 0.00 0
68821 0.00 0.00 0.00 0
68822 0.00 0.00 0.00 0
68823 0.00 0.00 0.00 0
68824 0.00 0.00 0.00 0
68825 0.00 0.00 0.00 0
68826 0.00 0.00 0.00 0
68827 0.00 0.00 0.00 0
74137 0.00 0.00 0.00 0
74138 0.00 0.00 0.00 0
74139 0.00 0.00 0.00 0
74140 0.00 0.00 0.00 0
74141 0.00 0.00 0.00 0
74142 0.00 0.00 0.00 0
74143 0.00 0.00 0.00 0
74144 0.00 0.00 0.00 0
74145 0.00 0.00 0.00 0
74146 0.00 0.00 0.00 0
74147 0.00 0.00 0.00 0
74149 0.00 0.00 0.00 0
74160 0.00 0.00 0.00 0
74161 0.00 0.00 0.00 0
74162 0.00 0.00 0.00 0
74163 0.00 0.00 0.00 0
74164 0.00 0.00 0.00 0
74165 0.00 0.00 0.00 0
74166 0.00 0.00 0.00 0
74167 0.00 0.00 0.00 0
74205 0.00 0.00 0.00 0
74206 0.00 0.00 0.00 0
74207 0.00 0.00 0.00 0
74208 0.00 0.00 0.00 0
74209 0.00 0.00 0.00 0
74210 0.00 0.00 0.00 0
74211 0.00 0.00 0.00 0
74212 0.00 0.00 0.00 0
74213 0.00 0.00 0.00 0
74214 0.00 0.00 0.00 0
74215 0.00 0.00 0.00 0
74216 0.00 0.00 0.00 0
74217 0.00 0.00 0.00 0
74218 0.00 0.00 0.00 0
74219 0.00 0.00 0.00 0
74220 0.00 0.00 0.00 0
74221 0.00 0.00 0.00 0
74222 0.00 0.00 0.00 0
74224 0.00 0.00 0.00 0
74228 0.00 0.00 0.00 0
78187 0.00 0.00 0.00 0
78188 0.00 0.00 0.00 0
78189 0.00 0.00 0.00 0
78190 0.00 0.00 0.00 0
78191 0.00 0.00 0.00 0
78192 0.00 0.00 0.00 0
78193 0.00 0.00 0.00 0
78194 0.00 0.00 0.00 0
78195 0.00 0.00 0.00 0
78196 0.00 0.00 0.00 0
78197 0.00 0.00 0.00 0
78198 0.00 0.00 0.00 0
78199 0.00 0.00 0.00 0
78200 0.00 0.00 0.00 0
78201 0.00 0.00 0.00 0
78202 0.00 0.00 0.00 0
78203 0.00 0.00 0.00 0
78204 0.00 0.00 0.00 0
78205 0.00 0.00 0.00 0
78206 0.00 0.00 0.00 0
78207 0.00 0.00 0.00 0
78208 0.00 0.00 0.00 0
78209 0.00 0.00 0.00 0
78210 0.00 0.00 0.00 0
78211 0.00 0.00 0.00 0
78212 0.00 0.00 0.00 0
78213 0.00 0.00 0.00 0
78214 0.00 0.00 0.00 0
78215 0.00 0.00 0.00 0
78216 0.00 0.00 0.00 0
78217 0.00 0.00 0.00 0
78221 0.00 0.00 0.00 0
78222 0.00 0.00 0.00 0
78223 0.00 0.00 0.00 0
78224 0.00 0.00 0.00 0
78225 0.00 0.00 0.00 0
78226 0.00 0.00 0.00 0
78227 0.00 0.00 0.00 0
78228 0.00 0.00 0.00 0
78229 0.00 0.00 0.00 0
78230 0.00 0.00 0.00 0
78231 0.00 0.00 0.00 0
78232 0.00 0.00 0.00 0
78233 0.00 0.00 0.00 0
78234 0.00 0.00 0.00 0
78235 0.00 0.00 0.00 0
78236 0.00 0.00 0.00 0
78237 0.00 0.00 0.00 0
78238 0.00 0.00 0.00 0
78239 0.00 0.00 0.00 0
78241 0.00 0.00 0.00 0
78243 0.00 0.00 0.00 0
78244 0.00 0.00 0.00 0
78245 0.00 0.00 0.00 0
78246 0.00 0.00 0.00 0
78247 0.00 0.00 0.00 0
78248 0.00 0.00 0.00 0
78249 0.00 0.00 0.00 0
78250 0.00 0.00 0.00 0
78251 0.00 0.00 0.00 0
78252 0.00 0.00 0.00 0
78253 0.00 0.00 0.00 0
78254 0.00 0.00 0.00 0
78318 0.00 0.00 0.00 0
78319 0.00 0.00 0.00 0
78320 0.00 0.00 0.00 0
78321 0.00 0.00 0.00 0
78322 0.00 0.00 0.00 0
78323 0.00 0.00 0.00 0
78324 0.00 0.00 0.00 0
78325 0.00 0.00 0.00 0
78326 0.00 0.00 0.00 0
78327 0.00 0.00 0.00 0
78328 0.00 0.00 0.00 0
78335 0.00 0.00 0.00 0
78336 0.00 0.00 0.00 0
78337 0.00 0.00 0.00 0
78338 0.00 0.00 0.00 0
78339 0.00 0.00 0.00 0
78340 0.00 0.00 0.00 0
78341 0.00 0.00 0.00 0
78342 0.00 0.00 0.00 0
78343 0.00 0.00 0.00 0
78344 0.00 0.00 0.00 0
78358 0.00 0.00 0.00 0
78359 0.00 0.00 0.00 0
78360 0.00 0.00 0.00 0
78361 0.00 0.00 0.00 0
78362 0.00 0.00 0.00 0
78363 0.00 0.00 0.00 0
78364 0.00 0.00 0.00 0
78370 0.00 0.00 0.00 0
78371 0.00 0.00 0.00 0
78372 0.00 0.00 0.00 0
78373 0.00 0.00 0.00 0
78374 0.00 0.00 0.00 0
78376 0.00 0.00 0.00 0
78377 0.00 0.00 0.00 0
78379 0.00 0.00 0.00 0
78380 0.00 0.00 0.00 0
78381 0.00 0.00 0.00 0
81245 0.00 0.00 0.00 0
81250 0.00 0.00 0.00 0
81251 0.00 0.00 0.00 0
81252 0.00 0.00 0.00 0
81253 0.00 0.00 0.00 0
81254 0.00 0.00 0.00 0
81255 0.00 0.00 0.00 0
81256 0.00 0.00 0.00 0
81257 0.00 0.00 0.00 0
81258 0.00 0.00 0.00 0
81259 0.00 0.00 0.00 0
81260 0.00 0.00 0.00 0
81261 0.00 0.00 0.00 0
81262 0.00 0.00 0.00 0
81263 0.00 0.00 0.00 0
81264 0.00 0.00 0.00 0
81265 0.00 0.00 0.00 0
81266 0.00 0.00 0.00 0
81267 0.00 0.00 0.00 0
81268 0.00 0.00 0.00 0
81269 0.00 0.00 0.00 0
81270 0.00 0.00 0.00 0
81271 0.00 0.00 0.00 0
81272 0.00 0.00 0.00 0
81273 0.00 0.00 0.00 0
81274 0.00 0.00 0.00 0
81275 0.00 0.00 0.00 0
81276 0.00 0.00 0.00 0
81277 0.00 0.00 0.00 0
81278 0.00 0.00 0.00 0
81279 0.00 0.00 0.00 0
81280 0.00 0.00 0.00 0
81281 0.00 0.00 0.00 0
81282 0.00 0.00 0.00 0
81283 0.00 0.00 0.00 0
81284 0.00 0.00 0.00 0
81285 0.00 0.00 0.00 0
81286 0.00 0.00 0.00 0
81287 0.00 0.00 0.00 0
81288 0.00 0.00 0.00 0
81289 0.00 0.00 0.00 0
81290 0.00 0.00 0.00 0
81291 0.00 0.00 0.00 0
81292 0.00 0.00 0.00 0
81293 0.00 0.00 0.00 0
81294 0.00 0.00 0.00 0
81310 0.00 0.00 0.00 0
81311 0.00 0.00 0.00 0
81312 0.00 0.00 0.00 0
81313 0.00 0.00 0.00 0
81314 0.00 0.00 0.00 0
81315 0.00 0.00 0.00 0
81316 0.00 0.00 0.00 0
81317 0.00 0.00 0.00 0
81321 0.00 0.00 0.00 0
81322 0.00 0.00 0.00 0
81323 0.00 0.00 0.00 0
81324 0.00 0.00 0.00 0
81325 0.00 0.00 0.00 0
81326 0.00 0.00 0.00 0
81327 0.00 0.00 0.00 0
81328 0.00 0.00 0.00 0
81329 0.00 0.00 0.00 0
81330 0.00 0.00 0.00 0
81331 0.00 0.00 0.00 0
81332 0.00 0.00 0.00 0
81333 0.00 0.00 0.00 0
81334 0.00 0.00 0.00 0
81335 0.00 0.00 0.00 0
81336 0.00 0.00 0.00 0
81337 0.00 0.00 0.00 0
81338 0.00 0.00 0.00 0
81339 0.00 0.00 0.00 0
81340 0.00 0.00 0.00 0
81341 0.00 0.00 0.00 0
81342 0.00 0.00 0.00 0
81343 0.00 0.00 0.00 0
81344 0.00 0.00 0.00 0
81345 0.00 0.00 0.00 0
81346 0.00 0.00 0.00 0
81347 0.00 0.00 0.00 0
81348 0.00 0.00 0.00 0
81349 0.00 0.00 0.00 0
81350 0.00 0.00 0.00 0
81351 0.00 0.00 0.00 0
81352 0.00 0.00 0.00 0
81353 0.00 0.00 0.00 0
81354 0.00 0.00 0.00 0
81355 0.00 0.00 0.00 0
81356 0.00 0.00 0.00 0
81357 0.00 0.00 0.00 0
81358 0.00 0.00 0.00 0
81359 0.00 0.00 0.00 0
81360 0.00 0.00 0.00 0
81361 0.00 0.00 0.00 0
81362 0.00 0.00 0.00 0
81363 0.00 0.00 0.00 0
81364 0.00 0.00 0.00 0
81365 0.00 0.00 0.00 0
81366 0.00 0.00 0.00 0
81367 0.00 0.00 0.00 0
81368 0.00 0.00 0.00 0
81369 0.00 0.00 0.00 0
81370 0.00 0.00 0.00 0
81371 0.00 0.00 0.00 0
81372 0.00 0.00 0.00 0
81373 0.00 0.00 0.00 0
81374 0.00 0.00 0.00 0
81375 0.00 0.00 0.00 0
81376 0.00 0.00 0.00 0
81377 0.00 0.00 0.00 0
81378 0.00 0.00 0.00 0
81379 0.00 0.00 0.00 0
81380 0.00 0.00 0.00 0
81381 0.00 0.00 0.00 0
81382 0.00 0.00 0.00 0
81383 0.00 0.00 0.00 0
81384 0.00 0.00 0.00 0
81385 0.00 0.00 0.00 0
81386 0.00 0.00 0.00 0
81387 0.00 0.00 0.00 0
81388 0.00 0.00 0.00 0
81389 0.00 0.00 0.00 0
81390 0.00 0.00 0.00 0
81391 0.00 0.00 0.00 0
81392 0.00 0.00 0.00 0
81393 0.00 0.00 0.00 0
81394 0.00 0.00 0.00 0
81395 0.00 0.00 0.00 0
81396 0.00 0.00 0.00 0
81397 0.00 0.00 0.00 0
81398 0.00 0.00 0.00 0
81399 0.00 0.00 0.00 0
81400 0.00 0.00 0.00 0
81401 0.00 0.00 0.00 0
81402 0.00 0.00 0.00 0
81403 0.00 0.00 0.00 0
81404 0.00 0.00 0.00 0
81405 0.00 0.00 0.00 0
81406 0.00 0.00 0.00 0
81407 0.00 0.00 0.00 0
81408 0.00 0.00 0.00 0
81409 0.00 0.00 0.00 0
81410 0.00 0.00 0.00 0
81411 0.00 0.00 0.00 0
81412 0.00 0.00 0.00 0
81413 0.00 0.00 0.00 0
81414 0.00 0.00 0.00 0
81415 0.00 0.00 0.00 0
81416 0.00 0.00 0.00 0
81417 0.00 0.00 0.00 0
81418 0.00 0.00 0.00 0
81419 0.00 0.00 0.00 0
81420 0.00 0.00 0.00 0
81421 0.00 0.00 0.00 0
81422 0.00 0.00 0.00 0
81423 0.00 0.00 0.00 0
81424 0.00 0.00 0.00 0
81425 0.00 0.00 0.00 0
81426 0.00 0.00 0.00 0
81427 0.00 0.00 0.00 0
81428 0.00 0.00 0.00 0
81429 0.00 0.00 0.00 0
81573 0.00 0.00 0.00 0
81574 0.00 0.00 0.00 0
81575 0.00 0.00 0.00 0
81588 0.00 0.00 0.00 0
81589 0.00 0.00 0.00 0
81590 0.00 0.00 0.00 0
81591 0.00 0.00 0.00 0
81592 0.00 0.00 0.00 0
81593 0.00 0.00 0.00 0
81594 0.00 0.00 0.00 0
81595 0.00 0.00 0.00 0
81596 0.00 0.00 0.00 0
81597 0.00 0.00 0.00 0
81598 0.00 0.00 0.00 0
81599 0.00 0.00 0.00 0
81600 0.00 0.00 0.00 0
81601 0.00 0.00 0.00 0
81602 0.00 0.00 0.00 0
81603 0.00 0.00 0.00 0
81604 0.00 0.00 0.00 0
81605 0.00 0.00 0.00 0
81621 0.00 0.00 0.00 0
81623 0.00 0.00 0.00 0
81624 0.00 0.00 0.00 0
81625 0.00 0.00 0.00 0
81626 0.00 0.00 0.00 0
81627 0.00 0.00 0.00 0
81628 0.00 0.00 0.00 0
81629 0.00 0.00 0.00 0
81630 0.00 0.00 0.00 0
81631 0.00 0.00 0.00 0
81632 0.00 0.00 0.00 0
81633 0.00 0.00 0.00 0
81634 0.00 0.00 0.00 0
81635 0.00 0.00 0.00 0
81636 0.00 0.00 0.00 0
81637 0.00 0.00 0.00 0
81638 0.00 0.00 0.00 0
81639 0.00 0.00 0.00 0
81640 0.00 0.00 0.00 0
81641 0.00 0.00 0.00 0
81642 0.00 0.00 0.00 0
81643 0.00 0.00 0.00 0
81644 0.00 0.00 0.00 0
81645 0.00 0.00 0.00 0
81646 0.00 0.00 0.00 0
81647 0.00 0.00 0.00 0
81648 0.00 0.00 0.00 0
81649 0.00 0.00 0.00 0
81650 0.00 0.00 0.00 0
81651 0.00 0.00 0.00 0
81652 0.00 0.00 0.00 0
81653 0.00 0.00 0.00 0
81654 0.00 0.00 0.00 0
81655 0.00 0.00 0.00 0
81656 0.00 0.00 0.00 0
81657 0.00 0.00 0.00 0
81658 0.00 0.00 0.00 0
81666 0.00 0.00 0.00 0
81668 0.00 0.00 0.00 0
81669 0.00 0.00 0.00 0
81670 0.00 0.00 0.00 0
81671 0.00 0.00 0.00 0
81672 0.00 0.00 0.00 0
81673 0.00 0.00 0.00 0
81674 0.00 0.00 0.00 0
81675 0.00 0.00 0.00 0
81676 0.00 0.00 0.00 0
81677 0.00 0.00 0.00 0
81678 0.00 0.00 0.00 0
81680 0.00 0.00 0.00 0
81682 0.00 0.00 0.00 0
81683 0.00 0.00 0.00 0
81684 0.00 0.00 0.00 0
81685 0.00 0.00 0.00 0
81686 0.00 0.00 0.00 0
81687 0.00 0.00 0.00 0
86760 0.00 0.00 0.00 0
86761 0.00 0.00 0.00 0
86762 0.00 0.00 0.00 0
86764 0.00 0.00 0.00 0
86895 0.00 0.00 0.00 0
86896 0.00 0.00 0.00 0
86897 0.00 0.00 0.00 0
86898 0.00 0.00 0.00 0
86899 0.00 0.00 0.00 0
86900 0.00 0.00 0.00 0
86901 0.00 0.00 0.00 0
86902 0.00 0.00 0.00 0
86903 0.00 0.00 0.00 0
86904 0.00 0.00 0.00 0
86905 0.00 0.00 0.00 0
86906 0.00 0.00 0.00 0
86907 0.00 0.00 0.00 0
86908 0.00 0.00 0.00 0
86909 0.00 0.00 0.00 0
86910 0.00 0.00 0.00 0
86911 0.00 0.00 0.00 0
86912 0.00 0.00 0.00 0
86913 0.00 0.00 0.00 0
86914 0.00 0.00 0.00 0
86918 0.00 0.00 0.00 0
86919 0.00 0.00 0.00 0
86920 0.00 0.00 0.00 0
86921 0.00 0.00 0.00 0
86922 0.00 0.00 0.00 0
86923 0.00 0.00 0.00 0
86924 0.00 0.00 0.00 0
86925 0.00 0.00 0.00 0
86926 0.00 0.00 0.00 0
86927 0.00 0.00 0.00 0
86928 0.00 0.00 0.00 0
86929 0.00 0.00 0.00 0
86930 0.00 0.00 0.00 0
86931 0.00 0.00 0.00 0
86932 0.00 0.00 0.00 0
86933 0.00 0.00 0.00 0
86934 0.00 0.00 0.00 0
86935 0.00 0.00 0.00 0
86963 0.00 0.00 0.00 0
86964 0.00 0.00 0.00 0
86965 0.00 0.00 0.00 0
86966 0.00 0.00 0.00 0
86967 0.00 0.00 0.00 0
86968 0.00 0.00 0.00 0
86969 0.00 0.00 0.00 0
86970 0.00 0.00 0.00 0
86971 0.00 0.00 0.00 0
86972 0.00 0.00 0.00 0
86973 0.00 0.00 0.00 0
86974 0.00 0.00 0.00 0
86975 0.00 0.00 0.00 0
86976 0.00 0.00 0.00 0
86977 0.00 0.00 0.00 0
86978 0.00 0.00 0.00 0
86979 0.00 0.00 0.00 0
86980 0.00 0.00 0.00 0
86981 0.00 0.00 0.00 0
86982 0.00 0.00 0.00 0
86983 0.00 0.00 0.00 0
86984 0.00 0.00 0.00 0
92398 0.00 0.00 0.00 0
92399 0.00 0.00 0.00 0
92400 0.00 0.00 0.00 0
92401 0.00 0.00 0.00 0
92402 0.00 0.00 0.00 0
92895 0.00 0.00 0.00 0
92896 0.00 0.00 0.00 0
92897 0.00 0.00 0.00 0
92898 0.00 0.00 0.00 0
92899 0.00 0.00 0.00 0
92900 0.00 0.00 0.00 0
92901 0.00 0.00 0.00 0
92902 0.00 0.00 0.00 0
93235 0.00 0.00 0.00 0
93236 0.00 0.00 0.00 0
93237 0.00 0.00 0.00 0
93238 0.00 0.00 0.00 0
93239 0.00 0.00 0.00 0
93249 0.00 0.00 0.00 0
93250 0.00 0.00 0.00 0
93251 0.00 0.00 0.00 0
93252 0.00 0.00 0.00 0
93253 0.00 0.00 0.00 0
94315 0.00 0.00 0.00 0
94316 0.00 0.00 0.00 0
94317 0.00 0.00 0.00 0
94318 0.00 0.00 0.00 0
94319 0.00 0.00 0.00 0
94329 0.00 0.00 0.00 0
94330 0.00 0.00 0.00 0
94331 0.00 0.00 0.00 0
95125 0.00 0.00 0.00 0
95126 0.00 0.00 0.00 0
95127 0.00 0.00 0.00 0
95128 0.00 0.00 0.00 0
95129 0.00 0.00 0.00 0
95739 0.00 0.00 0.00 0
95740 0.00 0.00 0.00 0
95741 0.00 0.00 0.00 0
95742 0.00 0.00 0.00 0
95743 0.00 0.00 0.00 0
95744 0.00 0.00 0.00 0
95745 0.00 0.00 0.00 0
95746 0.00 0.00 0.00 0
95747 0.00 0.00 0.00 0
95748 0.00 0.00 0.00 0
95754 0.00 0.00 0.00 0
95755 0.00 0.00 0.00 0
95756 0.00 0.00 0.00 0
95757 0.00 0.00 0.00 0
95758 0.00 0.00 0.00 0
95759 0.00 0.00 0.00 0
95760 0.00 0.00 0.00 0
95761 0.00 0.00 0.00 0
95762 0.00 0.00 0.00 0
95763 0.00 0.00 0.00 0
95764 0.00 0.00 0.00 0
95765 0.00 0.00 0.00 0
95766 0.00 0.00 0.00 0
95795 0.00 0.00 0.00 0
95796 0.00 0.00 0.00 0
95797 0.00 0.00 0.00 0
95798 0.00 0.00 0.00 0
95799 0.00 0.00 0.00 0
95800 0.00 0.00 0.00 0
95801 0.00 0.00 0.00 0
95802 0.00 0.00 0.00 0
95803 0.00 0.00 0.00 0
95804 0.00 0.00 0.00 0
95805 0.00 0.00 0.00 0
95806 0.00 0.00 0.00 0
95807 0.00 0.00 0.00 0
95808 0.00 0.00 0.00 0
95809 0.00 0.00 0.00 0
95810 0.00 0.00 0.00 0
95811 0.00 0.00 0.00 0
95812 0.00 0.00 0.00 0
95813 0.00 0.00 0.00 0
95814 0.00 0.00 0.00 0
95815 0.00 0.00 0.00 0
96867 0.00 0.00 0.00 0
96868 0.00 0.00 0.00 0
96869 0.00 0.00 0.00 0
96870 0.00 0.00 0.00 0
96871 0.00 0.00 0.00 0
96872 0.00 0.00 0.00 0
96873 0.00 0.00 0.00 0
96874 0.00 0.00 0.00 0
96875 0.00 0.00 0.00 0
96876 0.00 0.00 0.00 0
96877 0.00 0.00 0.00 0
96878 0.00 0.00 0.00 0
96879 0.00 0.00 0.00 0
96881 0.00 0.00 0.00 0
96882 0.00 0.00 0.00 0
96883 0.00 0.00 0.00 0
96884 0.00 0.00 0.00 0
98635 0.00 0.00 0.00 0
98636 0.00 0.00 0.00 0
98637 0.00 0.00 0.00 0
98638 0.00 0.00 0.00 0
98639 0.00 0.00 0.00 0
98640 0.00 0.00 0.00 0
98641 0.00 0.00 0.00 0
98642 0.00 0.00 0.00 0
98643 0.00 0.00 0.00 0
98644 0.00 0.00 0.00 0
98645 0.00 0.00 0.00 0
98646 0.00 0.00 0.00 0
98647 0.00 0.00 0.00 0
98648 0.00 0.00 0.00 0
98649 0.00 0.00 0.00 0
98650 0.00 0.00 0.00 0
98651 0.00 0.00 0.00 0
98653 0.00 0.00 0.00 0
100055 0.00 0.00 0.00 0
100056 0.00 0.00 0.00 0
100057 0.00 0.00 0.00 0
100058 0.00 0.00 0.00 0
100059 0.00 0.00 0.00 0
100060 0.00 0.00 0.00 0
100061 0.00 0.00 0.00 0
100062 0.00 0.00 0.00 0
100063 0.00 0.00 0.00 0
100064 0.00 0.00 0.00 0
100065 0.00 0.00 0.00 0
100066 0.00 0.00 0.00 0
100067 0.00 0.00 0.00 0
100068 0.00 0.00 0.00 0
100074 0.00 0.00 0.00 0
100075 0.00 0.00 0.00 0
100076 0.00 0.00 0.00 0
100077 0.00 0.00 0.00 0
100078 0.00 0.00 0.00 0
100079 0.00 0.00 0.00 0
100080 0.00 0.00 0.00 0
100081 0.00 0.00 0.00 0
100082 0.00 0.00 0.00 0
100083 0.00 0.00 0.00 0
100084 0.00 0.00 0.00 0
100085 0.00 0.00 0.00 0
100086 0.00 0.00 0.00 0
100087 0.00 0.00 0.00 0
100088 0.00 0.00 0.00 0
100115 0.00 0.00 0.00 0
100116 0.00 0.00 0.00 0
100117 0.00 0.00 0.00 0
100118 0.00 0.00 0.00 0
100119 0.00 0.00 0.00 0
100120 0.00 0.00 0.00 0
100121 0.00 0.00 0.00 0
100122 0.00 0.00 0.00 0
100123 0.00 0.00 0.00 0
100124 0.00 0.00 0.00 0
100125 0.00 0.00 0.00 0
100126 0.00 0.00 0.00 0
100127 0.00 0.00 0.00 0
100128 0.00 0.00 0.00 0
100129 0.00 0.00 0.00 0
100130 0.00 0.00 0.00 0
100131 0.00 0.00 0.00 0
100132 0.00 0.00 0.00 0
100133 0.00 0.00 0.00 0
100134 0.00 0.00 0.00 0
100135 0.00 0.00 0.00 0
100136 0.00 0.00 0.00 0
100137 0.00 0.00 0.00 0
100138 0.00 0.00 0.00 0
100139 0.00 0.00 0.00 0
100140 0.00 0.00 0.00 0
100141 0.00 0.00 0.00 0
100142 0.00 0.00 0.00 0
100143 0.00 0.00 0.00 0
100144 0.00 0.00 0.00 0
100145 0.00 0.00 0.00 0
100146 0.00 0.00 0.00 0
100147 0.00 0.00 0.00 0
101146 0.00 0.00 0.00 0
101187 0.00 0.00 0.00 0
101188 0.00 0.00 0.00 0
101189 0.00 0.00 0.00 0
101190 0.00 0.00 0.00 0
101191 0.00 0.00 0.00 0
101192 0.00 0.00 0.00 0
101193 0.00 0.00 0.00 0
101194 0.00 0.00 0.00 0
101195 0.00 0.00 0.00 0
101196 0.00 0.00 0.00 0
101197 0.00 0.00 0.00 0
101198 0.00 0.00 0.00 0
101199 0.00 0.00 0.00 0
101200 0.00 0.00 0.00 0
104386 0.00 0.00 0.00 0
104387 0.00 0.00 0.00 0
104388 0.00 0.00 0.00 0
104389 0.00 0.00 0.00 0
104390 0.00 0.00 0.00 0
104391 0.00 0.00 0.00 0
104392 0.00 0.00 0.00 0
104393 0.00 0.00 0.00 0
104400 0.00 0.00 0.00 0
104401 0.00 0.00 0.00 0
104402 0.00 0.00 0.00 0
104403 0.00 0.00 0.00 0
104404 0.00 0.00 0.00 0
104427 0.00 0.00 0.00 0
104428 0.00 0.00 0.00 0
104429 0.00 0.00 0.00 0
104430 0.00 0.00 0.00 0
104431 0.00 0.00 0.00 0
104432 0.00 0.00 0.00 0
104433 0.00 0.00 0.00 0
104434 0.00 0.00 0.00 0
104435 0.00 0.00 0.00 0
104436 0.00 0.00 0.00 0
104437 0.00 0.00 0.00 0
104438 0.00 0.00 0.00 0
106816 0.00 0.00 0.00 0
106817 0.00 0.00 0.00 0
106818 0.00 0.00 0.00 0
106819 0.00 0.00 0.00 0
106820 0.00 0.00 0.00 0
106821 0.00 0.00 0.00 0
106822 0.00 0.00 0.00 0
106823 0.00 0.00 0.00 0
106824 0.00 0.00 0.00 0
106825 0.00 0.00 0.00 0
106826 0.00 0.00 0.00 0
106827 0.00 0.00 0.00 0
106828 0.00 0.00 0.00 0
106829 0.00 0.00 0.00 0
106831 0.00 0.00 0.00 0
106832 0.00 0.00 0.00 0
106833 0.00 0.00 0.00 0
106834 0.00 0.00 0.00 0
106839 0.00 0.00 0.00 0
106840 0.00 0.00 0.00 0
106841 0.00 0.00 0.00 0
106842 0.00 0.00 0.00 0
106843 0.00 0.00 0.00 0
106844 0.00 0.00 0.00 0
106845 0.00 0.00 0.00 0
106846 0.00 0.00 0.00 0
106851 0.00 0.00 0.00 0
106852 0.00 0.00 0.00 0
106853 0.00 0.00 0.00 0
106854 0.00 0.00 0.00 0
106897 0.00 0.00 0.00 0
106898 0.00 0.00 0.00 0
106899 0.00 0.00 0.00 0
106900 0.00 0.00 0.00 0
106906 0.00 0.00 0.00 0
106907 0.00 0.00 0.00 0
106908 0.00 0.00 0.00 0
106909 0.00 0.00 0.00 0
106910 0.00 0.00 0.00 0
106920 0.00 0.00 0.00 0
106921 0.00 0.00 0.00 0
106922 0.00 0.00 0.00 0
106923 0.00 0.00 0.00 0
106924 0.00 0.00 0.00 0
106926 0.00 0.00 0.00 0
106927 0.00 0.00 0.00 0
106928 0.00 0.00 0.00 0
108653 0.00 0.00 0.00 0
108654 0.00 0.00 0.00 0
108655 0.00 0.00 0.00 0
108656 0.00 0.00 0.00 0
108657 0.00 0.00 0.00 0
108658 0.00 0.00 0.00 0
108659 0.00 0.00 0.00 0
108660 0.00 0.00 0.00 0
108661 0.00 0.00 0.00 0
108662 0.00 0.00 0.00 0
108663 0.00 0.00 0.00 0
108664 0.00 0.00 0.00 0
108665 0.00 0.00 0.00 0
108666 0.00 0.00 0.00 0
108667 0.00 0.00 0.00 0
108668 0.00 0.00 0.00 0
108669 0.00 0.00 0.00 0
108670 0.00 0.00 0.00 0
108671 0.00 0.00 0.00 0
108672 0.00 0.00 0.00 0
108673 0.00 0.00 0.00 0
108674 0.00 0.00 0.00 0
108675 0.00 0.00 0.00 0
108676 0.00 0.00 0.00 0
108677 0.00 0.00 0.00 0
108678 0.00 0.00 0.00 0
108679 0.00 0.00 0.00 0
108680 0.00 0.00 0.00 0
108681 0.00 0.00 0.00 0
108691 0.00 0.00 0.00 0
108692 0.00 0.00 0.00 0
108693 0.00 0.00 0.00 0
108694 0.00 0.00 0.00 0
108695 0.00 0.00 0.00 0
108696 0.00 0.00 0.00 0
108697 0.00 0.00 0.00 0
108698 0.00 0.00 0.00 0
108699 0.00 0.00 0.00 0
108700 0.00 0.00 0.00 0
108701 0.00 0.00 0.00 0
108702 0.00 0.00 0.00 0
108703 0.00 0.00 0.00 0
108704 0.00 0.00 0.00 0
108705 0.00 0.00 0.00 0
108706 0.00 0.00 0.00 0
108707 0.00 0.00 0.00 0
108708 0.00 0.00 0.00 0
108709 0.00 0.00 0.00 0
108710 0.00 0.00 0.00 0
108711 0.00 0.00 0.00 0
108712 0.00 0.00 0.00 0
108713 0.00 0.00 0.00 0
108714 0.00 0.00 0.00 0
108715 0.00 0.00 0.00 0
108716 0.00 0.00 0.00 0
108717 0.00 0.00 0.00 0
108718 0.00 0.00 0.00 0
108719 0.00 0.00 0.00 0
108720 0.00 0.00 0.00 0
108721 0.00 0.00 0.00 0
108722 0.00 0.00 0.00 0
108723 0.00 0.00 0.00 0
108724 0.00 0.00 0.00 0
108725 0.00 0.00 0.00 0
108726 0.00 0.00 0.00 0
108727 0.00 0.00 0.00 0
108728 0.00 0.00 0.00 0
108729 0.00 0.00 0.00 0
108730 0.00 0.00 0.00 0
108731 0.00 0.00 0.00 0
108732 0.00 0.00 0.00 0
108733 0.00 0.00 0.00 0
108734 0.00 0.00 0.00 0
108735 0.00 0.00 0.00 0
108736 0.00 0.00 0.00 0
108737 0.00 0.00 0.00 0
108738 0.00 0.00 0.00 0
108739 0.00 0.00 0.00 0
108740 0.00 0.00 0.00 0
108741 0.00 0.00 0.00 0
108742 0.00 0.00 0.00 0
108743 0.00 0.00 0.00 0
108744 0.00 0.00 0.00 0
108745 0.00 0.00 0.00 0
108746 0.00 0.00 0.00 0
108747 0.00 0.00 0.00 0
108748 0.00 0.00 0.00 0
108749 0.00 0.00 0.00 0
108750 0.00 0.00 0.00 0
108751 0.00 0.00 0.00 0
108752 0.00 0.00 0.00 0
108753 0.00 0.00 0.00 0
108754 0.00 0.00 0.00 0
108755 0.00 0.00 0.00 0
108756 0.00 0.00 0.00 0
108757 0.00 0.00 0.00 0
108758 0.00 0.00 0.00 0
108759 0.00 0.00 0.00 0
108760 0.00 0.00 0.00 0
108761 0.00 0.00 0.00 0
108762 0.00 0.00 0.00 0
108828 0.00 0.00 0.00 0
108829 0.00 0.00 0.00 0
108849 0.00 0.00 0.00 0
108850 0.00 0.00 0.00 0
108851 0.00 0.00 0.00 0
108858 0.00 0.00 0.00 0
108859 0.00 0.00 0.00 0
108860 0.00 0.00 0.00 0
108861 0.00 0.00 0.00 0
108862 0.00 0.00 0.00 0
108863 0.00 0.00 0.00 0
108864 0.00 0.00 0.00 0
108865 0.00 0.00 0.00 0
108866 0.00 0.00 0.00 0
108867 0.00 0.00 0.00 0
108868 0.00 0.00 0.00 0
108876 0.00 0.00 0.00 0
108878 0.00 0.00 0.00 0
108879 0.00 0.00 0.00 0
108880 0.00 0.00 0.00 0
108881 0.00 0.00 0.00 0
108882 0.00 0.00 0.00 0
108883 0.00 0.00 0.00 0
108884 0.00 0.00 0.00 0
108885 0.00 0.00 0.00 0
108886 0.00 0.00 0.00 0
108887 0.00 0.00 0.00 0
108888 0.00 0.00 0.00 0
108889 0.00 0.00 0.00 0
108890 0.00 0.00 0.00 0
108891 0.00 0.00 0.00 0
108892 0.00 0.00 0.00 0
108893 0.00 0.00 0.00 0
108894 0.00 0.00 0.00 0
108895 0.00 0.00 0.00 0
108896 0.00 0.00 0.00 0
108897 0.00 0.00 0.00 0
108898 0.00 0.00 0.00 0
108899 0.00 0.00 0.00 0
108900 0.00 0.00 0.00 0
108908 0.00 0.00 0.00 0
108910 0.00 0.00 0.00 0
108911 0.00 0.00 0.00 0
108915 0.00 0.00 0.00 0
108917 0.00 0.00 0.00 0
111960 0.00 0.00 0.00 0
111961 0.00 0.00 0.00 0
111962 0.00 0.00 0.00 0
112041 0.00 0.00 0.00 0
112042 0.00 0.00 0.00 0
112043 0.00 0.00 0.00 0
112044 0.00 0.00 0.00 0
112045 0.00 0.00 0.00 0
112046 0.00 0.00 0.00 0
112047 0.00 0.00 0.00 0
112048 0.00 0.00 0.00 0
112049 0.00 0.00 0.00 0
112050 0.00 0.00 0.00 0
112051 0.00 0.00 0.00 0
112052 0.00 0.00 0.00 0
112053 0.00 0.00 0.00 0
112054 0.00 0.00 0.00 0
112055 0.00 0.00 0.00 0
112056 0.00 0.00 0.00 0
112057 0.00 0.00 0.00 0
112058 0.00 0.00 0.00 0
112059 0.00 0.00 0.00 0
112060 0.00 0.00 0.00 0
112061 0.00 0.00 0.00 0
112062 0.00 0.00 0.00 0
112063 0.00 0.00 0.00 0
112064 0.00 0.00 0.00 0
112065 0.00 0.00 0.00 0
112082 0.00 0.00 0.00 0
112083 0.00 0.00 0.00 0
112084 0.00 0.00 0.00 0
112085 0.00 0.00 0.00 0
112086 0.00 0.00 0.00 0
112087 0.00 0.00 0.00 0
112088 0.00 0.00 0.00 0
112089 0.00 0.00 0.00 0
112090 0.00 0.00 0.00 0
112091 0.00 0.00 0.00 0
112092 0.00 0.00 0.00 0
112093 0.00 0.00 0.00 0
112094 0.00 0.00 0.00 0
115756 0.00 0.00 0.00 0
115757 0.00 0.00 0.00 0
115758 0.00 0.00 0.00 0
115759 0.00 0.00 0.00 0
115760 0.00 0.00 0.00 0
115761 0.00 0.00 0.00 0
115762 0.00 0.00 0.00 0
115763 0.00 0.00 0.00 0
115764 0.00 0.00 0.00 0
115765 0.00 0.00 0.00 0
115766 0.00 0.00 0.00 0
116880 0.00 0.00 0.00 0
116881 0.00 0.00 0.00 0
116882 0.00 0.00 0.00 0
116883 0.00 0.00 0.00 0
116884 0.00 0.00 0.00 0
116885 0.00 0.00 0.00 0
116886 0.00 0.00 0.00 0
116887 0.00 0.00 0.00 0
116888 0.00 0.00 0.00 0
116889 0.00 0.00 0.00 0
116890 0.00 0.00 0.00 0
116908 0.00 0.00 0.00 0
116909 0.00 0.00 0.00 0
116910 0.00 0.00 0.00 0
116911 0.00 0.00 0.00 0
116912 0.00 0.00 0.00 0
116913 0.00 0.00 0.00 0
116914 0.00 0.00 0.00 0
116915 0.00 0.00 0.00 0
116916 0.00 0.00 0.00 0
116917 0.00 0.00 0.00 0
116918 0.00 0.00 0.00 0
116919 0.00 0.00 0.00 0
116920 0.00 0.00 0.00 0
116921 0.00 0.00 0.00 0
116922 0.00 0.00 0.00 0
116923 0.00 0.00 0.00 0
116924 0.00 0.00 0.00 0
116925 0.00 0.00 0.00 0
116926 0.00 0.00 0.00 0
116927 0.00 0.00 0.00 0
116928 0.00 0.00 0.00 0
116929 0.00 0.00 0.00 0
116930 0.00 0.00 0.00 0
116931 0.00 0.00 0.00 0
116932 0.00 0.00 0.00 0
117709 0.00 0.00 0.00 0
117710 0.00 0.00 0.00 0
117711 0.00 0.00 0.00 0
117712 0.00 0.00 0.00 0
117713 0.00 0.00 0.00 0
117714 0.00 0.00 0.00 0
117715 0.00 0.00 0.00 0
117716 0.00 0.00 0.00 0
117717 0.00 0.00 0.00 0
117741 0.00 0.00 0.00 0
117742 0.00 0.00 0.00 0
117743 0.00 0.00 0.00 0
117744 0.00 0.00 0.00 0
117745 0.00 0.00 0.00 0
117746 0.00 0.00 0.00 0
117747 0.00 0.00 0.00 0
117748 0.00 0.00 0.00 0
117749 0.00 0.00 0.00 0
117750 0.00 0.00 0.00 0
117751 0.00 0.00 0.00 0
120229 0.00 0.00 0.00 0
120230 0.00 0.00 0.00 0
120231 0.00 0.00 0.00 0
120232 0.00 0.00 0.00 0
120233 0.00 0.00 0.00 0
120234 0.00 0.00 0.00 0
120235 0.00 0.00 0.00 0
120236 0.00 0.00 0.00 0
120237 0.00 0.00 0.00 0
120238 0.00 0.00 0.00 0
120239 0.00 0.00 0.00 0
120240 0.00 0.00 0.00 0
120241 0.00 0.00 0.00 0
120261 0.00 0.00 0.00 0
120262 0.00 0.00 0.00 0
120263 0.00 0.00 0.00 0
120264 0.00 0.00 0.00 0
120265 0.00 0.00 0.00 0
120266 0.00 0.00 0.00 0
120267 0.00 0.00 0.00 0
120268 0.00 0.00 0.00 0
120269 0.00 0.00 0.00 0
120270 0.00 0.00 0.00 0
122119 0.00 0.00 0.00 0
122120 0.00 0.00 0.00 0
122121 0.00 0.00 0.00 0
122122 0.00 0.00 0.00 0
122123 0.00 0.00 0.00 0
122124 0.00 0.00 0.00 0
122125 0.00 0.00 0.00 0
122126 0.00 0.00 0.00 0
122127 0.00 0.00 0.00 0
122128 0.00 0.00 0.00 0
122129 0.00 0.00 0.00 0
122202 0.00 0.00 0.00 0
122203 0.00 0.00 0.00 0
122204 0.00 0.00 0.00 0
122205 0.00 0.00 0.00 0
122206 0.00 0.00 0.00 0
123547 0.00 0.00 0.00 0
123548 0.00 0.00 0.00 0
123549 0.00 0.00 0.00 0
123550 0.00 0.00 0.00 0
123551 0.00 0.00 0.00 0
123552 0.00 0.00 0.00 0
123553 0.00 0.00 0.00 0
123554 0.00 0.00 0.00 0
123555 0.00 0.00 0.00 0
123556 0.00 0.00 0.00 0
123557 0.00 0.00 0.00 0
123558 0.00 0.00 0.00 0
123559 0.00 0.00 0.00 0
123560 0.00 0.00 0.00 0
123561 0.00 0.00 0.00 0
123562 0.00 0.00 0.00 0
123563 0.00 0.00 0.00 0
123564 0.00 0.00 0.00 0
123565 0.00 0.00 0.00 0
123566 0.00 0.00 0.00 0
123567 0.00 0.00 0.00 0
123568 0.00 0.00 0.00 0
123569 0.00 0.00 0.00 0
123570 0.00 0.00 0.00 0
123580 0.00 0.00 0.00 0
123581 0.00 0.00 0.00 0
123582 0.00 0.00 0.00 0
123583 0.00 0.00 0.00 0
123584 0.00 0.00 0.00 0
123585 0.00 0.00 0.00 0
123586 0.00 0.00 0.00 0
123587 0.00 0.00 0.00 0
123588 0.00 0.00 0.00 0
123589 0.00 0.00 0.00 0
123590 0.00 0.00 0.00 0
123591 0.00 0.00 0.00 0
123592 0.00 0.00 0.00 0
123593 0.00 0.00 0.00 0
123594 0.00 0.00 0.00 0
123595 0.00 0.00 0.00 0
123596 0.00 0.00 0.00 0
123597 0.00 0.00 0.00 0
123598 0.00 0.00 0.00 0
123599 0.00 0.00 0.00 0
123600 0.00 0.00 0.00 0
123601 0.00 0.00 0.00 0
123602 0.00 0.00 0.00 0
123603 0.00 0.00 0.00 0
123604 0.00 0.00 0.00 0
123605 0.00 0.00 0.00 0
123606 0.00 0.00 0.00 0
123607 0.00 0.00 0.00 0
123608 0.00 0.00 0.00 0
123609 0.00 0.00 0.00 0
123610 0.00 0.00 0.00 0
123611 0.00 0.00 0.00 0
123612 0.00 0.00 0.00 0
123613 0.00 0.00 0.00 0
123614 0.00 0.00 0.00 0
123620 0.00 0.00 0.00 0
123621 0.00 0.00 0.00 0
123622 0.00 0.00 0.00 0
123623 0.00 0.00 0.00 0
123624 0.00 0.00 0.00 0
123625 0.00 0.00 0.00 0
123626 0.00 0.00 0.00 0
123627 0.00 0.00 0.00 0
123629 0.00 0.00 0.00 0
123630 0.00 0.00 0.00 0
123631 0.00 0.00 0.00 0
123632 0.00 0.00 0.00 0
123633 0.00 0.00 0.00 0
123679 0.00 0.00 0.00 0
123680 0.00 0.00 0.00 0
123681 0.00 0.00 0.00 0
123682 0.00 0.00 0.00 0
123683 0.00 0.00 0.00 0
123686 0.00 0.00 0.00 0
123687 0.00 0.00 0.00 0
123688 0.00 0.00 0.00 0
123689 0.00 0.00 0.00 0
123690 0.00 0.00 0.00 0
123691 0.00 0.00 0.00 0
123692 0.00 0.00 0.00 0
123693 0.00 0.00 0.00 0
123694 0.00 0.00 0.00 0
123695 0.00 0.00 0.00 0
123696 0.00 0.00 0.00 0
123697 0.00 0.00 0.00 0
123698 0.00 0.00 0.00 0
123699 0.00 0.00 0.00 0
123700 0.00 0.00 0.00 0
123701 0.00 0.00 0.00 0
123702 0.00 0.00 0.00 0
123703 0.00 0.00 0.00 0
123704 0.00 0.00 0.00 0
123705 0.00 0.00 0.00 0
123706 0.00 0.00 0.00 0
123707 0.00 0.00 0.00 0
123708 0.00 0.00 0.00 0
123709 0.00 0.00 0.00 0
123710 0.00 0.00 0.00 0
123711 0.00 0.00 0.00 0
123712 0.00 0.00 0.00 0
123713 0.00 0.00 0.00 0
123714 0.00 0.00 0.00 0
123715 0.00 0.00 0.00 0
123716 0.00 0.00 0.00 0
123717 0.00 0.00 0.00 0
123718 0.00 0.00 0.00 0
123723 0.00 0.00 0.00 0
123727 0.00 0.00 0.00 0
123728 0.00 0.00 0.00 0
123729 0.00 0.00 0.00 0
123730 0.00 0.00 0.00 0
123731 0.00 0.00 0.00 0
123732 0.00 0.00 0.00 0
123734 0.00 0.00 0.00 0
123735 0.00 0.00 0.00 0
123736 0.00 0.00 0.00 0
123737 0.00 0.00 0.00 0
123738 0.00 0.00 0.00 0
123750 0.00 0.00 0.00 0
126183 0.00 0.00 0.00 0
126184 0.00 0.00 0.00 0
126185 0.00 0.00 0.00 0
126186 0.00 0.00 0.00 0
126187 0.00 0.00 0.00 0
126188 0.00 0.00 0.00 0
126189 0.00 0.00 0.00 0
126190 0.00 0.00 0.00 0
126191 0.00 0.00 0.00 0
126192 0.00 0.00 0.00 0
126193 0.00 0.00 0.00 0
126194 0.00 0.00 0.00 0
126195 0.00 0.00 0.00 0
126196 0.00 0.00 0.00 0
126197 0.00 0.00 0.00 0
126198 0.00 0.00 0.00 0
126199 0.00 0.00 0.00 0
126200 0.00 0.00 0.00 0
126201 0.00 0.00 0.00 0
126202 0.00 0.00 0.00 0
126203 0.00 0.00 0.00 0
126204 0.00 0.00 0.00 0
126205 0.00 0.00 0.00 0
126206 0.00 0.00 0.00 0
126207 0.00 0.00 0.00 0
126209 0.00 0.00 0.00 0
126215 0.00 0.00 0.00 0
126216 0.00 0.00 0.00 0
126217 0.00 0.00 0.00 0
126218 0.00 0.00 0.00 0
126219 0.00 0.00 0.00 0
126220 0.00 0.00 0.00 0
126221 0.00 0.00 0.00 0
126222 0.00 0.00 0.00 0
126223 0.00 0.00 0.00 0
126224 0.00 0.00 0.00 0
130150 0.00 0.00 0.00 0
130151 0.00 0.00 0.00 0
130152 0.00 0.00 0.00 0
130153 0.00 0.00 0.00 0
130154 0.00 0.00 0.00 0
130155 0.00 0.00 0.00 0
130156 0.00 0.00 0.00 0
130157 0.00 0.00 0.00 0
130158 0.00 0.00 0.00 0
130159 0.00 0.00 0.00 0
130160 0.00 0.00 0.00 0
130161 0.00 0.00 0.00 0
130162 0.00 0.00 0.00 0
130163 0.00 0.00 0.00 0
130164 0.00 0.00 0.00 0
130165 0.00 0.00 0.00 0
130166 0.00 0.00 0.00 0
130167 0.00 0.00 0.00 0
130168 0.00 0.00 0.00 0
130169 0.00 0.00 0.00 0
130170 0.00 0.00 0.00 0
130173 0.00 0.00 0.00 0
130182 0.00 0.00 0.00 0
130183 0.00 0.00 0.00 0
130184 0.00 0.00 0.00 0
130185 0.00 0.00 0.00 0
130191 0.00 0.00 0.00 0
130192 0.00 0.00 0.00 0
131860 0.00 0.00 0.00 0
131861 0.00 0.00 0.00 0
131862 0.00 0.00 0.00 0
133148 0.00 0.00 0.00 0
133149 0.00 0.00 0.00 0
133150 0.00 0.00 0.00 0
133151 0.00 0.00 0.00 0
133152 0.00 0.00 0.00 0
133153 0.00 0.00 0.00 0
133154 0.00 0.00 0.00 0
133155 0.00 0.00 0.00 0
133157 0.00 0.00 0.00 0
133158 0.00 0.00 0.00 0
133159 0.00 0.00 0.00 0
133160 0.00 0.00 0.00 0
133161 0.00 0.00 0.00 0
133162 0.00 0.00 0.00 0
133163 0.00 0.00 0.00 0
133164 0.00 0.00 0.00 0
133165 0.00 0.00 0.00 0
133166 0.00 0.00 0.00 0
133167 0.00 0.00 0.00 0
133168 0.00 0.00 0.00 0
133169 0.00 0.00 0.00 0
133170 0.00 0.00 0.00 0
133171 0.00 0.00 0.00 0
133172 0.00 0.00 0.00 0
133173 0.00 0.00 0.00 0
133182 0.00 0.00 0.00 0
133183 0.00 0.00 0.00 0
133184 0.00 0.00 0.00 0
133186 0.00 0.00 0.00 0
133187 0.00 0.00 0.00 0
133188 0.00 0.00 0.00 0
133189 0.00 0.00 0.00 0
133190 0.00 0.00 0.00 0
133191 0.00 0.00 0.00 0
133192 0.00 0.00 0.00 0
133193 0.00 0.00 0.00 0
133194 0.00 0.00 0.00 0
133195 0.00 0.00 0.00 0
133196 0.00 0.00 0.00 0
133197 0.00 0.00 0.00 0
133198 0.00 0.00 0.00 0
133199 0.00 0.00 0.00 0
133200 0.00 0.00 0.00 0
133201 0.00 0.00 0.00 0
133202 0.00 0.00 0.00 0
133203 0.00 0.00 0.00 0
133204 0.00 0.00 0.00 0
133205 0.00 0.00 0.00 0
133206 0.00 0.00 0.00 0
133207 0.00 0.00 0.00 0
133208 0.00 0.00 0.00 0
133209 0.00 0.00 0.00 0
133210 0.00 0.00 0.00 0
133211 0.00 0.00 0.00 0
133212 0.00 0.00 0.00 0
133213 0.00 0.00 0.00 0
133214 0.00 0.00 0.00 0
133215 0.00 0.00 0.00 0
133216 0.00 0.00 0.00 0
133217 0.00 0.00 0.00 0
133218 0.00 0.00 0.00 0
133219 0.00 0.00 0.00 0
133220 0.00 0.00 0.00 0
133221 0.00 0.00 0.00 0
133222 0.00 0.00 0.00 0
133281 0.00 0.00 0.00 0
133282 0.00 0.00 0.00 0
133283 0.00 0.00 0.00 0
133284 0.00 0.00 0.00 0
133285 0.00 0.00 0.00 0
133286 0.00 0.00 0.00 0
133287 0.00 0.00 0.00 0
133288 0.00 0.00 0.00 0
133289 0.00 0.00 0.00 0
133290 0.00 0.00 0.00 0
133291 0.00 0.00 0.00 0
133292 0.00 0.00 0.00 0
133293 0.00 0.00 0.00 0
133294 0.00 0.00 0.00 0
133295 0.00 0.00 0.00 0
133296 0.00 0.00 0.00 0
133297 0.00 0.00 0.00 0
133298 0.00 0.00 0.00 0
133299 0.00 0.00 0.00 0
133300 0.00 0.00 0.00 0
133301 0.00 0.00 0.00 0
133302 0.00 0.00 0.00 0
133303 0.00 0.00 0.00 0
133304 0.00 0.00 0.00 0
133305 0.00 0.00 0.00 0
133306 0.00 0.00 0.00 0
133307 0.00 0.00 0.00 0
133308 0.00 0.00 0.00 0
133309 0.00 0.00 0.00 0
133310 0.00 0.00 0.00 0
133311 0.00 0.00 0.00 0
133312 0.00 0.00 0.00 0
133313 0.00 0.00 0.00 0
133314 0.00 0.00 0.00 0
133315 0.00 0.00 0.00 0
133316 0.00 0.00 0.00 0
133317 0.00 0.00 0.00 0
133318 0.00 0.00 0.00 0
133319 0.00 0.00 0.00 0
133320 0.00 0.00 0.00 0
133321 0.00 0.00 0.00 0
133322 0.00 0.00 0.00 0
133323 0.00 0.00 0.00 0
133324 0.00 0.00 0.00 0
133325 0.00 0.00 0.00 0
133326 0.00 0.00 0.00 0
133327 0.00 0.00 0.00 0
133328 0.00 0.00 0.00 0
133329 0.00 0.00 0.00 0
133330 0.00 0.00 0.00 0
133331 0.00 0.00 0.00 0
133332 0.00 0.00 0.00 0
133333 0.00 0.00 0.00 0
133334 0.00 0.00 0.00 0
133335 0.00 0.00 0.00 0
133336 0.00 0.00 0.00 0
133339 0.00 0.00 0.00 0
135462 0.00 0.00 0.00 0
135505 0.00 0.00 0.00 0
135537 0.00 0.00 0.00 0
135538 0.00 0.00 0.00 0
135539 0.00 0.00 0.00 0
135540 0.00 0.00 0.00 0
135541 0.00 0.00 0.00 0
135542 0.00 0.00 0.00 0
135543 0.00 0.00 0.00 0
135544 0.00 0.00 0.00 0
135545 0.00 0.00 0.00 0
135546 0.00 0.00 0.00 0
135547 0.00 0.00 0.00 0
135548 0.00 0.00 0.00 0
135549 0.00 0.00 0.00 0
135550 0.00 0.00 0.00 0
135551 0.00 0.00 0.00 0
135552 0.00 0.00 0.00 0
135553 0.00 0.00 0.00 0
135554 0.00 0.00 0.00 0
135555 0.00 0.00 0.00 0
135556 0.00 0.00 0.00 0
135557 0.00 0.00 0.00 0
135558 0.00 0.00 0.00 0
135559 0.00 0.00 0.00 0
135560 0.00 0.00 0.00 0
135561 0.00 0.00 0.00 0
135562 0.00 0.00 0.00 0
135563 0.00 0.00 0.00 0
135564 0.00 0.00 0.00 0
135565 0.00 0.00 0.00 0
142132 0.00 0.00 0.00 0
142133 0.00 0.00 0.00 0
142134 0.00 0.00 0.00 0
142135 0.00 0.00 0.00 0
142136 0.00 0.00 0.00 0
142137 0.00 0.00 0.00 0
142138 0.00 0.00 0.00 0
142139 0.00 0.00 0.00 0
142140 0.00 0.00 0.00 0
142141 0.00 0.00 0.00 0
142143 0.00 0.00 0.00 0
142144 0.00 0.00 0.00 0
142145 0.00 0.00 0.00 0
142146 0.00 0.00 0.00 0
142147 0.00 0.00 0.00 0
142148 0.00 0.00 0.00 0
142149 0.00 0.00 0.00 0
142161 0.00 0.00 0.00 0
142162 0.00 0.00 0.00 0
142163 0.00 0.00 0.00 0
142164 0.00 0.00 0.00 0
142165 0.00 0.00 0.00 0
142166 0.00 0.00 0.00 0
142167 0.00 0.00 0.00 0
142168 0.00 0.00 0.00 0
142169 0.00 0.00 0.00 0
142170 0.00 0.00 0.00 0
142171 0.00 0.00 0.00 0
142215 0.00 0.00 0.00 0
142216 0.00 0.00 0.00 0
142217 0.00 0.00 0.00 0
142218 0.00 0.00 0.00 0
142219 0.00 0.00 0.00 0
142220 0.00 0.00 0.00 0
142221 0.00 0.00 0.00 0
142222 0.00 0.00 0.00 0
142223 0.00 0.00 0.00 0
142224 0.00 0.00 0.00 0
142225 0.00 0.00 0.00 0
142226 0.00 0.00 0.00 0
142227 0.00 0.00 0.00 0
142228 0.00 0.00 0.00 0
142229 0.00 0.00 0.00 0
142230 0.00 0.00 0.00 0
142231 0.00 0.00 0.00 0
142232 0.00 0.00 0.00 0
142233 0.00 0.00 0.00 0
142234 0.00 0.00 0.00 0
142235 0.00 0.00 0.00 0
142236 0.00 0.00 0.00 0
142237 0.00 0.00 0.00 0
142238 0.00 0.00 0.00 0
142239 0.00 0.00 0.00 0
142240 0.00 0.00 0.00 0
142241 0.00 0.00 0.00 0
147049 0.00 0.00 0.00 0
147050 0.00 0.00 0.00 0
147051 0.00 0.00 0.00 0
147052 0.00 0.00 0.00 0
147053 0.00 0.00 0.00 0
147054 0.00 0.00 0.00 0
147055 0.00 0.00 0.00 0
147056 0.00 0.00 0.00 0
147057 0.00 0.00 0.00 0
147058 0.00 0.00 0.00 0
147059 0.00 0.00 0.00 0
147060 0.00 0.00 0.00 0
147061 0.00 0.00 0.00 0
147062 0.00 0.00 0.00 0
147063 0.00 0.00 0.00 0
147064 0.00 0.00 0.00 0
147065 0.00 0.00 0.00 0
147066 0.00 0.00 0.00 0
147067 0.00 0.00 0.00 0
147068 0.00 0.00 0.00 0
147069 0.00 0.00 0.00 0
147070 0.00 0.00 0.00 0
147071 0.00 0.00 0.00 0
147072 0.00 0.00 0.00 0
147073 0.00 0.00 0.00 0
147074 0.00 0.00 0.00 0
147075 0.00 0.00 0.00 0
147076 0.00 0.00 0.00 0
147077 0.00 0.00 0.00 0
147078 0.00 0.00 0.00 0
147079 0.00 0.00 0.00 0
147080 0.00 0.00 0.00 0
147081 0.00 0.00 0.00 0
147082 0.00 0.00 0.00 0
147083 0.00 0.00 0.00 0
147084 0.00 0.00 0.00 0
147085 0.00 0.00 0.00 0
147086 0.00 0.00 0.00 0
147089 0.00 0.00 0.00 0
147091 0.00 0.00 0.00 0
147092 0.00 0.00 0.00 0
147093 0.00 0.00 0.00 0
147094 0.00 0.00 0.00 0
147095 0.00 0.00 0.00 0
147096 0.00 0.00 0.00 0
147097 0.00 0.00 0.00 0
147098 0.00 0.00 0.00 0
147099 0.00 0.00 0.00 0
147100 0.00 0.00 0.00 0
147101 0.00 0.00 0.00 0
147102 0.00 0.00 0.00 0
147103 0.00 0.00 0.00 0
147104 0.00 0.00 0.00 0
147105 0.00 0.00 0.00 0
147106 0.00 0.00 0.00 0
147107 0.00 0.00 0.00 0
147108 0.00 0.00 0.00 0
147109 0.00 0.00 0.00 0
147110 0.00 0.00 0.00 0
147111 0.00 0.00 0.00 0
147112 0.00 0.00 0.00 0
147113 0.00 0.00 0.00 0
147114 0.00 0.00 0.00 0
147115 0.00 0.00 0.00 0
147117 0.00 0.00 0.00 0
147118 0.00 0.00 0.00 0
147119 0.00 0.00 0.00 0
147120 0.00 0.00 0.00 0
147121 0.00 0.00 0.00 0
147122 0.00 0.00 0.00 0
147123 0.00 0.00 0.00 0
147124 0.00 0.00 0.00 0
147125 0.00 0.00 0.00 0
147126 0.00 0.00 0.00 0
147127 0.00 0.00 0.00 0
147128 0.00 0.00 0.00 0
147129 0.00 0.00 0.00 0
147130 0.00 0.00 0.00 0
147131 0.00 0.00 0.00 0
147206 0.00 0.00 0.00 0
147207 0.00 0.00 0.00 0
147208 0.00 0.00 0.00 0
147209 0.00 0.00 0.00 0
147210 0.00 0.00 0.00 0
147211 0.00 0.00 0.00 0
147212 0.00 0.00 0.00 0
147213 0.00 0.00 0.00 0
147214 0.00 0.00 0.00 0
147215 0.00 0.00 0.00 0
147216 0.00 0.00 0.00 0
147217 0.00 0.00 0.00 0
147218 0.00 0.00 0.00 0
147219 0.00 0.00 0.00 0
147220 0.00 0.00 0.00 0
147221 0.00 0.00 0.00 0
147228 0.00 0.00 0.00 0
147229 0.00 0.00 0.00 0
147230 0.00 0.00 0.00 0
147231 0.00 0.00 0.00 0
147232 0.00 0.00 0.00 0
147233 0.00 0.00 0.00 0
147234 0.00 0.00 0.00 0
147235 0.00 0.00 0.00 0
147236 0.00 0.00 0.00 0
147237 0.00 0.00 0.00 0
147238 0.00 0.00 0.00 0
147255 0.00 0.00 0.00 0
147256 0.00 0.00 0.00 0
147257 0.00 0.00 0.00 0
147258 0.00 0.00 0.00 0
147259 0.00 0.00 0.00 0
147260 0.00 0.00 0.00 0
147261 0.00 0.00 0.00 0
147262 0.00 0.00 0.00 0
147263 0.00 0.00 0.00 0
147264 0.00 0.00 0.00 0
147269 0.00 0.00 0.00 0
147270 0.00 0.00 0.00 0
147271 0.00 0.00 0.00 0
147272 0.00 0.00 0.00 0
147273 0.00 0.00 0.00 0
147274 0.00 0.00 0.00 0
147275 0.00 0.00 0.00 0
147276 0.00 0.00 0.00 0
147277 0.00 0.00 0.00 0
147278 0.00 0.00 0.00 0
147279 0.00 0.00 0.00 0
147280 0.00 0.00 0.00 0
147281 0.00 0.00 0.00 0
147282 0.00 0.00 0.00 0
147283 0.00 0.00 0.00 0
150743 0.00 0.00 0.00 0
150744 0.00 0.00 0.00 0
150745 0.00 0.00 0.00 0
150746 0.00 0.00 0.00 0
150747 0.00 0.00 0.00 0
150748 0.00 0.00 0.00 0
150749 0.00 0.00 0.00 0
150750 0.00 0.00 0.00 0
150751 0.00 0.00 0.00 0
150752 0.00 0.00 0.00 0
150753 0.00 0.00 0.00 0
150754 0.00 0.00 0.00 0
150755 0.00 0.00 0.00 0
150756 0.00 0.00 0.00 0
150757 0.00 0.00 0.00 0
150758 0.00 0.00 0.00 0
150759 0.00 0.00 0.00 0
150760 0.00 0.00 0.00 0
150761 0.00 0.00 0.00 0
150762 0.00 0.00 0.00 0
150763 0.00 0.00 0.00 0
150764 0.00 0.00 0.00 0
150765 0.00 0.00 0.00 0
150766 0.00 0.00 0.00 0
150767 0.00 0.00 0.00 0
150769 0.00 0.00 0.00 0
150770 0.00 0.00 0.00 0
150771 0.00 0.00 0.00 0
150772 0.00 0.00 0.00 0
150773 0.00 0.00 0.00 0
150774 0.00 0.00 0.00 0
150775 0.00 0.00 0.00 0
150776 0.00 0.00 0.00 0
150777 0.00 0.00 0.00 0
150778 0.00 0.00 0.00 0
150779 0.00 0.00 0.00 0
150780 0.00 0.00 0.00 0
150781 0.00 0.00 0.00 0
150782 0.00 0.00 0.00 0
150783 0.00 0.00 0.00 0
150784 0.00 0.00 0.00 0
150785 0.00 0.00 0.00 0
150786 0.00 0.00 0.00 0
150787 0.00 0.00 0.00 0
150788 0.00 0.00 0.00 0
150789 0.00 0.00 0.00 0
150790 0.00 0.00 0.00 0
150791 0.00 0.00 0.00 0
150792 0.00 0.00 0.00 0
150793 0.00 0.00 0.00 0
150794 0.00 0.00 0.00 0
150795 0.00 0.00 0.00 0
150813 0.00 0.00 0.00 0
150814 0.00 0.00 0.00 0
150815 0.00 0.00 0.00 0
150816 0.00 0.00 0.00 0
150817 0.00 0.00 0.00 0
150818 0.00 0.00 0.00 0
150819 0.00 0.00 0.00 0
150820 0.00 0.00 0.00 0
150821 0.00 0.00 0.00 0
150822 0.00 0.00 0.00 0
150829 0.00 0.00 0.00 0
150830 0.00 0.00 0.00 0
150831 0.00 0.00 0.00 0
150832 0.00 0.00 0.00 0
150833 0.00 0.00 0.00 0
150834 0.00 0.00 0.00 0
150835 0.00 0.00 0.00 0
150836 0.00 0.00 0.00 0
150837 0.00 0.00 0.00 0
150838 0.00 0.00 0.00 0
150839 0.00 0.00 0.00 0
150840 0.00 0.00 0.00 0
150841 0.00 0.00 0.00 0
150842 0.00 0.00 0.00 0
150843 0.00 0.00 0.00 0
150844 0.00 0.00 0.00 0
150845 0.00 0.00 0.00 0
150846 0.00 0.00 0.00 0
150847 0.00 0.00 0.00 0
150848 0.00 0.00 0.00 0
150849 0.00 0.00 0.00 0
150850 0.00 0.00 0.00 0
150851 0.00 0.00 0.00 0
150852 0.00 0.00 0.00 0
150853 0.00 0.00 0.00 0
150854 0.00 0.00 0.00 0
150855 0.00 0.00 0.00 0
150856 0.00 0.00 0.00 0
150857 0.00 0.00 0.00 0
150858 0.00 0.00 0.00 0
150859 0.00 0.00 0.00 0
150860 0.00 0.00 0.00 0
150861 0.00 0.00 0.00 0
150862 0.00 0.00 0.00 0
150863 0.00 0.00 0.00 0
150864 0.00 0.00 0.00 0
150865 0.00 0.00 0.00 0
150866 0.00 0.00 0.00 0
150867 0.00 0.00 0.00 0
150868 0.00 0.00 0.00 0
150869 0.00 0.00 0.00 0
150870 0.00 0.00 0.00 0
150871 0.00 0.00 0.00 0
150872 0.00 0.00 0.00 0
150873 0.00 0.00 0.00 0
150874 0.00 0.00 0.00 0
150875 0.00 0.00 0.00 0
150876 0.00 0.00 0.00 0
150877 0.00 0.00 0.00 0
150878 0.00 0.00 0.00 0
150879 0.00 0.00 0.00 0
150880 0.00 0.00 0.00 0
150881 0.00 0.00 0.00 0
150882 0.00 0.00 0.00 0
150883 0.00 0.00 0.00 0
150884 0.00 0.00 0.00 0
150885 0.00 0.00 0.00 0
150886 0.00 0.00 0.00 0
150887 0.00 0.00 0.00 0
150888 0.00 0.00 0.00 0
150889 0.00 0.00 0.00 0
150890 0.00 0.00 0.00 0
150891 0.00 0.00 0.00 0
150892 0.00 0.00 0.00 0
150893 0.00 0.00 0.00 0
150894 0.00 0.00 0.00 0
150895 0.00 0.00 0.00 0
150896 0.00 0.00 0.00 0
150897 0.00 0.00 0.00 0
150898 0.00 0.00 0.00 0
150899 0.00 0.00 0.00 0
150900 0.00 0.00 0.00 0
150901 0.00 0.00 0.00 0
150902 0.00 0.00 0.00 0
150903 0.00 0.00 0.00 0
150904 0.00 0.00 0.00 0
150905 0.00 0.00 0.00 0
150906 0.00 0.00 0.00 0
150907 0.00 0.00 0.00 0
150908 0.00 0.00 0.00 0
150909 0.00 0.00 0.00 0
150910 0.00 0.00 0.00 0
150911 0.00 0.00 0.00 0
150912 0.00 0.00 0.00 0
150913 0.00 0.00 0.00 0
150914 0.00 0.00 0.00 0
150915 0.00 0.00 0.00 0
150916 0.00 0.00 0.00 0
150917 0.00 0.00 0.00 0
150918 0.00 0.00 0.00 0
150919 0.00 0.00 0.00 0
150920 0.00 0.00 0.00 0
150921 0.00 0.00 0.00 0
150922 0.00 0.00 0.00 0
150923 0.00 0.00 0.00 0
150924 0.00 0.00 0.00 0
150925 0.00 0.00 0.00 0
150926 0.00 0.00 0.00 0
150927 0.00 0.00 0.00 0
150928 0.00 0.00 0.00 0
150929 0.00 0.00 0.00 0
150930 0.00 0.00 0.00 0
150931 0.00 0.00 0.00 0
150932 0.00 0.00 0.00 0
150933 0.00 0.00 0.00 0
150934 0.00 0.00 0.00 0
150935 0.00 0.00 0.00 0
150936 0.00 0.00 0.00 0
150937 0.00 0.00 0.00 0
150938 0.00 0.00 0.00 0
150939 0.00 0.00 0.00 0
150940 0.00 0.00 0.00 0
150941 0.00 0.00 0.00 0
150942 0.00 0.00 0.00 0
150943 0.00 0.00 0.00 0
150944 0.00 0.00 0.00 0
150945 0.00 0.00 0.00 0
150946 0.00 0.00 0.00 0
150947 0.00 0.00 0.00 0
150948 0.00 0.00 0.00 0
150949 0.00 0.00 0.00 0
150950 0.00 0.00 0.00 0
150951 0.00 0.00 0.00 0
150952 0.00 0.00 0.00 0
150953 0.00 0.00 0.00 0
150954 0.00 0.00 0.00 0
150955 0.00 0.00 0.00 0
150956 0.00 0.00 0.00 0
150957 0.00 0.00 0.00 0
151082 0.00 0.00 0.00 0
151132 0.00 0.00 0.00 0
151147 0.00 0.00 0.00 0
151148 0.00 0.00 0.00 0
151149 0.00 0.00 0.00 0
151150 0.00 0.00 0.00 0
151151 0.00 0.00 0.00 0
151152 0.00 0.00 0.00 0
151153 0.00 0.00 0.00 0
151154 0.00 0.00 0.00 0
151155 0.00 0.00 0.00 0
151156 0.00 0.00 0.00 0
151157 0.00 0.00 0.00 0
151158 0.00 0.00 0.00 0
151159 0.00 0.00 0.00 0
151160 0.00 0.00 0.00 0
151161 0.00 0.00 0.00 0
151162 0.00 0.00 0.00 0
151163 0.00 0.00 0.00 0
151164 0.00 0.00 0.00 0
151182 0.00 0.00 0.00 0
151190 0.00 0.00 0.00 0
151191 0.00 0.00 0.00 0
151192 0.00 0.00 0.00 0
151193 0.00 0.00 0.00 0
151194 0.00 0.00 0.00 0
151195 0.00 0.00 0.00 0
151196 0.00 0.00 0.00 0
151197 0.00 0.00 0.00 0
151198 0.00 0.00 0.00 0
151199 0.00 0.00 0.00 0
151200 0.00 0.00 0.00 0
151201 0.00 0.00 0.00 0
151202 0.00 0.00 0.00 0
151203 0.00 0.00 0.00 0
151204 0.00 0.00 0.00 0
151205 0.00 0.00 0.00 0
151206 0.00 0.00 0.00 0
151207 0.00 0.00 0.00 0
151208 0.00 0.00 0.00 0
151209 0.00 0.00 0.00 0
151210 0.00 0.00 0.00 0
151211 0.00 0.00 0.00 0
151212 0.00 0.00 0.00 0
151213 0.00 0.00 0.00 0
151214 0.00 0.00 0.00 0
151215 0.00 0.00 0.00 0
151216 0.00 0.00 0.00 0
151217 0.00 0.00 0.00 0
151218 0.00 0.00 0.00 0
151219 0.00 0.00 0.00 0
151220 0.00 0.00 0.00 0
151221 0.00 0.00 0.00 0
151222 0.00 0.00 0.00 0
151223 0.00 0.00 0.00 0
151224 0.00 0.00 0.00 0
151225 0.00 0.00 0.00 0
151226 0.00 0.00 0.00 0
151227 0.00 0.00 0.00 0
151228 0.00 0.00 0.00 0
151229 0.00 0.00 0.00 0
151231 0.00 0.00 0.00 0
151236 0.00 0.00 0.00 0
151241 0.00 0.00 0.00 0
151244 0.00 0.00 0.00 0
151245 0.00 0.00 0.00 0
151246 0.00 0.00 0.00 0
151247 0.00 0.00 0.00 0
151248 0.00 0.00 0.00 0
151249 0.00 0.00 0.00 0
151250 0.00 0.00 0.00 0
151251 0.00 0.00 0.00 0
151252 0.00 0.00 0.00 0
151253 0.00 0.00 0.00 0
151254 0.00 0.00 0.00 0
151255 0.00 0.00 0.00 0
151256 0.00 0.00 0.00 0
151264 0.00 0.00 0.00 0
151265 0.00 0.00 0.00 0
151266 0.00 0.00 0.00 0
151267 0.00 0.00 0.00 0
151268 0.00 0.00 0.00 0
151269 0.00 0.00 0.00 0
157361 0.00 0.00 0.00 0
157362 0.00 0.00 0.00 0
157363 0.00 0.00 0.00 0
157364 0.00 0.00 0.00 0
157365 0.00 0.00 0.00 0
157366 0.00 0.00 0.00 0
157367 0.00 0.00 0.00 0
157523 0.00 0.00 0.00 0
157524 0.00 0.00 0.00 0
157525 0.00 0.00 0.00 0
157526 0.00 0.00 0.00 0
157527 0.00 0.00 0.00 0
157528 0.00 0.00 0.00 0
157529 0.00 0.00 0.00 0
157530 0.00 0.00 0.00 0
157531 0.00 0.00 0.00 0
157532 0.00 0.00 0.00 0
157533 0.00 0.00 0.00 0
157534 0.00 0.00 0.00 0
157535 0.00 0.00 0.00 0
157536 0.00 0.00 0.00 0
157537 0.00 0.00 0.00 0
157538 0.00 0.00 0.00 0
157539 0.00 0.00 0.00 0
157540 0.00 0.00 0.00 0
157541 0.00 0.00 0.00 0
157542 0.00 0.00 0.00 0
157543 0.00 0.00 0.00 0
157544 0.00 0.00 0.00 0
157545 0.00 0.00 0.00 0
157546 0.00 0.00 0.00 0
157550 0.00 0.00 0.00 0
157551 0.00 0.00 0.00 0
157552 0.00 0.00 0.00 0
157553 0.00 0.00 0.00 0
157554 0.00 0.00 0.00 0
157555 0.00 0.00 0.00 0
157556 0.00 0.00 0.00 0
157557 0.00 0.00 0.00 0
157558 0.00 0.00 0.00 0
157559 0.00 0.00 0.00 0
157560 0.00 0.00 0.00 0
157561 0.00 0.00 0.00 0
157562 0.00 0.00 0.00 0
157563 0.00 0.00 0.00 0
157564 0.00 0.00 0.00 0
157565 0.00 0.00 0.00 0
157566 0.00 0.00 0.00 0
157567 0.00 0.00 0.00 0
157568 0.00 0.00 0.00 0
157569 0.00 0.00 0.00 0
157604 0.00 0.00 0.00 0
157605 0.00 0.00 0.00 0
157606 0.00 0.00 0.00 0
157607 0.00 0.00 0.00 0
157608 0.00 0.00 0.00 0
157609 0.00 0.00 0.00 0
157610 0.00 0.00 0.00 0
157611 0.00 0.00 0.00 0
157612 0.00 0.00 0.00 0
157613 0.00 0.00 0.00 0
157614 0.00 0.00 0.00 0
157615 0.00 0.00 0.00 0
157616 0.00 0.00 0.00 0
157617 0.00 0.00 0.00 0
157618 0.00 0.00 0.00 0
157619 0.00 0.00 0.00 0
157620 0.00 0.00 0.00 0
157621 0.00 0.00 0.00 0
157622 0.00 0.00 0.00 0
157623 0.00 0.00 0.00 0
157624 0.00 0.00 0.00 0
157625 0.00 0.00 0.00 0
157626 0.00 0.00 0.00 0
157627 0.00 0.00 0.00 0
157628 0.00 0.00 0.00 0
157629 0.00 0.00 0.00 0
157630 0.00 0.00 0.00 0
