# G_pariet_inf-Supramar
3982
76 0.00 0.00 0.00 0
141 0.00 0.00 0.00 0
195 0.00 0.00 0.00 0
196 0.00 0.00 0.00 0
308 0.00 0.00 0.00 0
309 0.00 0.00 0.00 0
321 0.00 0.00 0.00 0
424 0.00 0.00 0.00 0
425 0.00 0.00 0.00 0
426 0.00 0.00 0.00 0
580 0.00 0.00 0.00 0
582 0.00 0.00 0.00 0
583 0.00 0.00 0.00 0
584 0.00 0.00 0.00 0
675 0.00 0.00 0.00 0
946 0.00 0.00 0.00 0
947 0.00 0.00 0.00 0
948 0.00 0.00 0.00 0
949 0.00 0.00 0.00 0
950 0.00 0.00 0.00 0
951 0.00 0.00 0.00 0
1285 0.00 0.00 0.00 0
1286 0.00 0.00 0.00 0
1287 0.00 0.00 0.00 0
1288 0.00 0.00 0.00 0
1289 0.00 0.00 0.00 0
1291 0.00 0.00 0.00 0
1292 0.00 0.00 0.00 0
1294 0.00 0.00 0.00 0
1295 0.00 0.00 0.00 0
1296 0.00 0.00 0.00 0
1298 0.00 0.00 0.00 0
1312 0.00 0.00 0.00 0
1503 0.00 0.00 0.00 0
1504 0.00 0.00 0.00 0
1505 0.00 0.00 0.00 0
1506 0.00 0.00 0.00 0
1708 0.00 0.00 0.00 0
1709 0.00 0.00 0.00 0
1711 0.00 0.00 0.00 0
1730 0.00 0.00 0.00 0
1950 0.00 0.00 0.00 0
1951 0.00 0.00 0.00 0
1952 0.00 0.00 0.00 0
1953 0.00 0.00 0.00 0
1954 0.00 0.00 0.00 0
1955 0.00 0.00 0.00 0
2375 0.00 0.00 0.00 0
2376 0.00 0.00 0.00 0
2377 0.00 0.00 0.00 0
2378 0.00 0.00 0.00 0
2379 0.00 0.00 0.00 0
2380 0.00 0.00 0.00 0
2383 0.00 0.00 0.00 0
2384 0.00 0.00 0.00 0
2385 0.00 0.00 0.00 0
2386 0.00 0.00 0.00 0
2387 0.00 0.00 0.00 0
2388 0.00 0.00 0.00 0
2389 0.00 0.00 0.00 0
2390 0.00 0.00 0.00 0
2391 0.00 0.00 0.00 0
2867 0.00 0.00 0.00 0
2868 0.00 0.00 0.00 0
2869 0.00 0.00 0.00 0
2870 0.00 0.00 0.00 0
2871 0.00 0.00 0.00 0
3205 0.00 0.00 0.00 0
3206 0.00 0.00 0.00 0
3207 0.00 0.00 0.00 0
3208 0.00 0.00 0.00 0
3209 0.00 0.00 0.00 0
3216 0.00 0.00 0.00 0
3232 0.00 0.00 0.00 0
3465 0.00 0.00 0.00 0
3466 0.00 0.00 0.00 0
3467 0.00 0.00 0.00 0
3468 0.00 0.00 0.00 0
3469 0.00 0.00 0.00 0
3470 0.00 0.00 0.00 0
3471 0.00 0.00 0.00 0
3807 0.00 0.00 0.00 0
3808 0.00 0.00 0.00 0
3809 0.00 0.00 0.00 0
3842 0.00 0.00 0.00 0
3843 0.00 0.00 0.00 0
3844 0.00 0.00 0.00 0
3845 0.00 0.00 0.00 0
3846 0.00 0.00 0.00 0
4277 0.00 0.00 0.00 0
4278 0.00 0.00 0.00 0
4279 0.00 0.00 0.00 0
4281 0.00 0.00 0.00 0
4282 0.00 0.00 0.00 0
4283 0.00 0.00 0.00 0
4284 0.00 0.00 0.00 0
4285 0.00 0.00 0.00 0
4286 0.00 0.00 0.00 0
4287 0.00 0.00 0.00 0
4288 0.00 0.00 0.00 0
4289 0.00 0.00 0.00 0
4290 0.00 0.00 0.00 0
4291 0.00 0.00 0.00 0
4292 0.00 0.00 0.00 0
4293 0.00 0.00 0.00 0
4294 0.00 0.00 0.00 0
4295 0.00 0.00 0.00 0
4296 0.00 0.00 0.00 0
5293 0.00 0.00 0.00 0
5294 0.00 0.00 0.00 0
5297 0.00 0.00 0.00 0
5298 0.00 0.00 0.00 0
5299 0.00 0.00 0.00 0
5300 0.00 0.00 0.00 0
5301 0.00 0.00 0.00 0
5302 0.00 0.00 0.00 0
5303 0.00 0.00 0.00 0
5304 0.00 0.00 0.00 0
5305 0.00 0.00 0.00 0
5306 0.00 0.00 0.00 0
5312 0.00 0.00 0.00 0
5313 0.00 0.00 0.00 0
5314 0.00 0.00 0.00 0
5315 0.00 0.00 0.00 0
5316 0.00 0.00 0.00 0
5317 0.00 0.00 0.00 0
5319 0.00 0.00 0.00 0
5321 0.00 0.00 0.00 0
5322 0.00 0.00 0.00 0
5323 0.00 0.00 0.00 0
5324 0.00 0.00 0.00 0
5325 0.00 0.00 0.00 0
5326 0.00 0.00 0.00 0
5327 0.00 0.00 0.00 0
5328 0.00 0.00 0.00 0
5329 0.00 0.00 0.00 0
5330 0.00 0.00 0.00 0
5331 0.00 0.00 0.00 0
5332 0.00 0.00 0.00 0
5333 0.00 0.00 0.00 0
5334 0.00 0.00 0.00 0
5336 0.00 0.00 0.00 0
5823 0.00 0.00 0.00 0
5826 0.00 0.00 0.00 0
6051 0.00 0.00 0.00 0
6312 0.00 0.00 0.00 0
6313 0.00 0.00 0.00 0
6314 0.00 0.00 0.00 0
6315 0.00 0.00 0.00 0
6316 0.00 0.00 0.00 0
6317 0.00 0.00 0.00 0
6318 0.00 0.00 0.00 0
6319 0.00 0.00 0.00 0
6320 0.00 0.00 0.00 0
6321 0.00 0.00 0.00 0
6921 0.00 0.00 0.00 0
6922 0.00 0.00 0.00 0
6923 0.00 0.00 0.00 0
6924 0.00 0.00 0.00 0
6925 0.00 0.00 0.00 0
6926 0.00 0.00 0.00 0
6927 0.00 0.00 0.00 0
6928 0.00 0.00 0.00 0
6929 0.00 0.00 0.00 0
6931 0.00 0.00 0.00 0
6932 0.00 0.00 0.00 0
6933 0.00 0.00 0.00 0
6934 0.00 0.00 0.00 0
6939 0.00 0.00 0.00 0
6940 0.00 0.00 0.00 0
6941 0.00 0.00 0.00 0
6942 0.00 0.00 0.00 0
6943 0.00 0.00 0.00 0
6944 0.00 0.00 0.00 0
7348 0.00 0.00 0.00 0
7349 0.00 0.00 0.00 0
7350 0.00 0.00 0.00 0
7351 0.00 0.00 0.00 0
7352 0.00 0.00 0.00 0
7353 0.00 0.00 0.00 0
7354 0.00 0.00 0.00 0
7355 0.00 0.00 0.00 0
7356 0.00 0.00 0.00 0
7826 0.00 0.00 0.00 0
7827 0.00 0.00 0.00 0
7828 0.00 0.00 0.00 0
7829 0.00 0.00 0.00 0
7831 0.00 0.00 0.00 0
7875 0.00 0.00 0.00 0
7877 0.00 0.00 0.00 0
8445 0.00 0.00 0.00 0
8447 0.00 0.00 0.00 0
8448 0.00 0.00 0.00 0
8449 0.00 0.00 0.00 0
8450 0.00 0.00 0.00 0
8451 0.00 0.00 0.00 0
8452 0.00 0.00 0.00 0
8453 0.00 0.00 0.00 0
8454 0.00 0.00 0.00 0
8455 0.00 0.00 0.00 0
8456 0.00 0.00 0.00 0
8457 0.00 0.00 0.00 0
8461 0.00 0.00 0.00 0
8462 0.00 0.00 0.00 0
9677 0.00 0.00 0.00 0
9680 0.00 0.00 0.00 0
9681 0.00 0.00 0.00 0
9682 0.00 0.00 0.00 0
9683 0.00 0.00 0.00 0
9686 0.00 0.00 0.00 0
9687 0.00 0.00 0.00 0
9688 0.00 0.00 0.00 0
9689 0.00 0.00 0.00 0
9690 0.00 0.00 0.00 0
9691 0.00 0.00 0.00 0
9692 0.00 0.00 0.00 0
9693 0.00 0.00 0.00 0
9694 0.00 0.00 0.00 0
9695 0.00 0.00 0.00 0
9696 0.00 0.00 0.00 0
9697 0.00 0.00 0.00 0
9698 0.00 0.00 0.00 0
9699 0.00 0.00 0.00 0
9704 0.00 0.00 0.00 0
9705 0.00 0.00 0.00 0
9706 0.00 0.00 0.00 0
9707 0.00 0.00 0.00 0
9708 0.00 0.00 0.00 0
9709 0.00 0.00 0.00 0
9710 0.00 0.00 0.00 0
9711 0.00 0.00 0.00 0
9712 0.00 0.00 0.00 0
9713 0.00 0.00 0.00 0
9715 0.00 0.00 0.00 0
9716 0.00 0.00 0.00 0
9717 0.00 0.00 0.00 0
9718 0.00 0.00 0.00 0
9719 0.00 0.00 0.00 0
9720 0.00 0.00 0.00 0
9721 0.00 0.00 0.00 0
9722 0.00 0.00 0.00 0
9723 0.00 0.00 0.00 0
9724 0.00 0.00 0.00 0
9725 0.00 0.00 0.00 0
9730 0.00 0.00 0.00 0
9731 0.00 0.00 0.00 0
9732 0.00 0.00 0.00 0
9733 0.00 0.00 0.00 0
9734 0.00 0.00 0.00 0
10547 0.00 0.00 0.00 0
10548 0.00 0.00 0.00 0
10549 0.00 0.00 0.00 0
10550 0.00 0.00 0.00 0
10551 0.00 0.00 0.00 0
10885 0.00 0.00 0.00 0
10886 0.00 0.00 0.00 0
10887 0.00 0.00 0.00 0
10888 0.00 0.00 0.00 0
10889 0.00 0.00 0.00 0
10912 0.00 0.00 0.00 0
11147 0.00 0.00 0.00 0
11148 0.00 0.00 0.00 0
11149 0.00 0.00 0.00 0
11150 0.00 0.00 0.00 0
11151 0.00 0.00 0.00 0
11487 0.00 0.00 0.00 0
11488 0.00 0.00 0.00 0
11489 0.00 0.00 0.00 0
11522 0.00 0.00 0.00 0
11523 0.00 0.00 0.00 0
11524 0.00 0.00 0.00 0
11525 0.00 0.00 0.00 0
11526 0.00 0.00 0.00 0
11957 0.00 0.00 0.00 0
11958 0.00 0.00 0.00 0
11959 0.00 0.00 0.00 0
11960 0.00 0.00 0.00 0
11961 0.00 0.00 0.00 0
11962 0.00 0.00 0.00 0
11963 0.00 0.00 0.00 0
11964 0.00 0.00 0.00 0
11965 0.00 0.00 0.00 0
11966 0.00 0.00 0.00 0
11967 0.00 0.00 0.00 0
11968 0.00 0.00 0.00 0
11969 0.00 0.00 0.00 0
11970 0.00 0.00 0.00 0
11971 0.00 0.00 0.00 0
11972 0.00 0.00 0.00 0
11973 0.00 0.00 0.00 0
11974 0.00 0.00 0.00 0
11975 0.00 0.00 0.00 0
11976 0.00 0.00 0.00 0
12973 0.00 0.00 0.00 0
12974 0.00 0.00 0.00 0
12975 0.00 0.00 0.00 0
12977 0.00 0.00 0.00 0
12978 0.00 0.00 0.00 0
12979 0.00 0.00 0.00 0
12980 0.00 0.00 0.00 0
12981 0.00 0.00 0.00 0
12982 0.00 0.00 0.00 0
12983 0.00 0.00 0.00 0
12984 0.00 0.00 0.00 0
12986 0.00 0.00 0.00 0
12993 0.00 0.00 0.00 0
12994 0.00 0.00 0.00 0
12995 0.00 0.00 0.00 0
12996 0.00 0.00 0.00 0
12997 0.00 0.00 0.00 0
13001 0.00 0.00 0.00 0
13002 0.00 0.00 0.00 0
13003 0.00 0.00 0.00 0
13004 0.00 0.00 0.00 0
13005 0.00 0.00 0.00 0
13006 0.00 0.00 0.00 0
13007 0.00 0.00 0.00 0
13008 0.00 0.00 0.00 0
13009 0.00 0.00 0.00 0
13010 0.00 0.00 0.00 0
13011 0.00 0.00 0.00 0
13012 0.00 0.00 0.00 0
13013 0.00 0.00 0.00 0
13014 0.00 0.00 0.00 0
13058 0.00 0.00 0.00 0
13059 0.00 0.00 0.00 0
13550 0.00 0.00 0.00 0
14360 0.00 0.00 0.00 0
14361 0.00 0.00 0.00 0
14362 0.00 0.00 0.00 0
14363 0.00 0.00 0.00 0
14364 0.00 0.00 0.00 0
14365 0.00 0.00 0.00 0
14366 0.00 0.00 0.00 0
14367 0.00 0.00 0.00 0
14368 0.00 0.00 0.00 0
14369 0.00 0.00 0.00 0
14370 0.00 0.00 0.00 0
14371 0.00 0.00 0.00 0
14372 0.00 0.00 0.00 0
14373 0.00 0.00 0.00 0
14374 0.00 0.00 0.00 0
14375 0.00 0.00 0.00 0
14376 0.00 0.00 0.00 0
15375 0.00 0.00 0.00 0
15376 0.00 0.00 0.00 0
15377 0.00 0.00 0.00 0
15378 0.00 0.00 0.00 0
15379 0.00 0.00 0.00 0
15380 0.00 0.00 0.00 0
15381 0.00 0.00 0.00 0
15382 0.00 0.00 0.00 0
15383 0.00 0.00 0.00 0
15384 0.00 0.00 0.00 0
15385 0.00 0.00 0.00 0
15386 0.00 0.00 0.00 0
15387 0.00 0.00 0.00 0
15388 0.00 0.00 0.00 0
15389 0.00 0.00 0.00 0
15395 0.00 0.00 0.00 0
15396 0.00 0.00 0.00 0
15397 0.00 0.00 0.00 0
15404 0.00 0.00 0.00 0
15405 0.00 0.00 0.00 0
15406 0.00 0.00 0.00 0
15407 0.00 0.00 0.00 0
15409 0.00 0.00 0.00 0
15410 0.00 0.00 0.00 0
15411 0.00 0.00 0.00 0
15412 0.00 0.00 0.00 0
15413 0.00 0.00 0.00 0
16157 0.00 0.00 0.00 0
16158 0.00 0.00 0.00 0
16159 0.00 0.00 0.00 0
16160 0.00 0.00 0.00 0
16161 0.00 0.00 0.00 0
16162 0.00 0.00 0.00 0
16163 0.00 0.00 0.00 0
16164 0.00 0.00 0.00 0
16165 0.00 0.00 0.00 0
16166 0.00 0.00 0.00 0
16167 0.00 0.00 0.00 0
16168 0.00 0.00 0.00 0
16169 0.00 0.00 0.00 0
16170 0.00 0.00 0.00 0
16171 0.00 0.00 0.00 0
16172 0.00 0.00 0.00 0
16173 0.00 0.00 0.00 0
16174 0.00 0.00 0.00 0
16175 0.00 0.00 0.00 0
16176 0.00 0.00 0.00 0
17182 0.00 0.00 0.00 0
17183 0.00 0.00 0.00 0
17184 0.00 0.00 0.00 0
17185 0.00 0.00 0.00 0
17186 0.00 0.00 0.00 0
17187 0.00 0.00 0.00 0
17188 0.00 0.00 0.00 0
17189 0.00 0.00 0.00 0
17284 0.00 0.00 0.00 0
17285 0.00 0.00 0.00 0
17286 0.00 0.00 0.00 0
17290 0.00 0.00 0.00 0
17291 0.00 0.00 0.00 0
17292 0.00 0.00 0.00 0
17293 0.00 0.00 0.00 0
17294 0.00 0.00 0.00 0
17295 0.00 0.00 0.00 0
17296 0.00 0.00 0.00 0
17297 0.00 0.00 0.00 0
18595 0.00 0.00 0.00 0
18596 0.00 0.00 0.00 0
18598 0.00 0.00 0.00 0
18602 0.00 0.00 0.00 0
18604 0.00 0.00 0.00 0
18605 0.00 0.00 0.00 0
18606 0.00 0.00 0.00 0
18609 0.00 0.00 0.00 0
18610 0.00 0.00 0.00 0
18611 0.00 0.00 0.00 0
18612 0.00 0.00 0.00 0
18613 0.00 0.00 0.00 0
18614 0.00 0.00 0.00 0
18615 0.00 0.00 0.00 0
18616 0.00 0.00 0.00 0
18617 0.00 0.00 0.00 0
18618 0.00 0.00 0.00 0
18619 0.00 0.00 0.00 0
18620 0.00 0.00 0.00 0
18621 0.00 0.00 0.00 0
18622 0.00 0.00 0.00 0
18623 0.00 0.00 0.00 0
18624 0.00 0.00 0.00 0
18625 0.00 0.00 0.00 0
18626 0.00 0.00 0.00 0
18627 0.00 0.00 0.00 0
18628 0.00 0.00 0.00 0
18629 0.00 0.00 0.00 0
18631 0.00 0.00 0.00 0
18632 0.00 0.00 0.00 0
18637 0.00 0.00 0.00 0
18638 0.00 0.00 0.00 0
18639 0.00 0.00 0.00 0
18640 0.00 0.00 0.00 0
18641 0.00 0.00 0.00 0
18642 0.00 0.00 0.00 0
18647 0.00 0.00 0.00 0
18648 0.00 0.00 0.00 0
21636 0.00 0.00 0.00 0
21637 0.00 0.00 0.00 0
21638 0.00 0.00 0.00 0
21639 0.00 0.00 0.00 0
21640 0.00 0.00 0.00 0
21641 0.00 0.00 0.00 0
21642 0.00 0.00 0.00 0
21643 0.00 0.00 0.00 0
21644 0.00 0.00 0.00 0
21652 0.00 0.00 0.00 0
21653 0.00 0.00 0.00 0
21654 0.00 0.00 0.00 0
21655 0.00 0.00 0.00 0
21656 0.00 0.00 0.00 0
21657 0.00 0.00 0.00 0
21658 0.00 0.00 0.00 0
21659 0.00 0.00 0.00 0
21660 0.00 0.00 0.00 0
21661 0.00 0.00 0.00 0
21662 0.00 0.00 0.00 0
21663 0.00 0.00 0.00 0
21664 0.00 0.00 0.00 0
21665 0.00 0.00 0.00 0
21666 0.00 0.00 0.00 0
21667 0.00 0.00 0.00 0
21668 0.00 0.00 0.00 0
21669 0.00 0.00 0.00 0
21670 0.00 0.00 0.00 0
21671 0.00 0.00 0.00 0
21672 0.00 0.00 0.00 0
21673 0.00 0.00 0.00 0
21674 0.00 0.00 0.00 0
21675 0.00 0.00 0.00 0
21676 0.00 0.00 0.00 0
21677 0.00 0.00 0.00 0
21678 0.00 0.00 0.00 0
21679 0.00 0.00 0.00 0
21680 0.00 0.00 0.00 0
21681 0.00 0.00 0.00 0
21682 0.00 0.00 0.00 0
21683 0.00 0.00 0.00 0
21684 0.00 0.00 0.00 0
21698 0.00 0.00 0.00 0
21699 0.00 0.00 0.00 0
21700 0.00 0.00 0.00 0
21701 0.00 0.00 0.00 0
21702 0.00 0.00 0.00 0
21703 0.00 0.00 0.00 0
21704 0.00 0.00 0.00 0
21705 0.00 0.00 0.00 0
21706 0.00 0.00 0.00 0
21707 0.00 0.00 0.00 0
21708 0.00 0.00 0.00 0
21709 0.00 0.00 0.00 0
21710 0.00 0.00 0.00 0
21711 0.00 0.00 0.00 0
21712 0.00 0.00 0.00 0
21713 0.00 0.00 0.00 0
21714 0.00 0.00 0.00 0
21715 0.00 0.00 0.00 0
21716 0.00 0.00 0.00 0
21717 0.00 0.00 0.00 0
21718 0.00 0.00 0.00 0
21719 0.00 0.00 0.00 0
21720 0.00 0.00 0.00 0
21723 0.00 0.00 0.00 0
21724 0.00 0.00 0.00 0
21725 0.00 0.00 0.00 0
21726 0.00 0.00 0.00 0
21727 0.00 0.00 0.00 0
21728 0.00 0.00 0.00 0
21729 0.00 0.00 0.00 0
21730 0.00 0.00 0.00 0
21731 0.00 0.00 0.00 0
21732 0.00 0.00 0.00 0
21733 0.00 0.00 0.00 0
21734 0.00 0.00 0.00 0
21735 0.00 0.00 0.00 0
21736 0.00 0.00 0.00 0
21737 0.00 0.00 0.00 0
21738 0.00 0.00 0.00 0
21739 0.00 0.00 0.00 0
21740 0.00 0.00 0.00 0
21741 0.00 0.00 0.00 0
21742 0.00 0.00 0.00 0
21743 0.00 0.00 0.00 0
21744 0.00 0.00 0.00 0
21745 0.00 0.00 0.00 0
21746 0.00 0.00 0.00 0
21747 0.00 0.00 0.00 0
21748 0.00 0.00 0.00 0
21749 0.00 0.00 0.00 0
21750 0.00 0.00 0.00 0
21752 0.00 0.00 0.00 0
21753 0.00 0.00 0.00 0
21754 0.00 0.00 0.00 0
21760 0.00 0.00 0.00 0
21761 0.00 0.00 0.00 0
21762 0.00 0.00 0.00 0
21763 0.00 0.00 0.00 0
21764 0.00 0.00 0.00 0
21765 0.00 0.00 0.00 0
21766 0.00 0.00 0.00 0
21767 0.00 0.00 0.00 0
21768 0.00 0.00 0.00 0
21769 0.00 0.00 0.00 0
21770 0.00 0.00 0.00 0
21771 0.00 0.00 0.00 0
21772 0.00 0.00 0.00 0
21773 0.00 0.00 0.00 0
23593 0.00 0.00 0.00 0
23594 0.00 0.00 0.00 0
23595 0.00 0.00 0.00 0
23596 0.00 0.00 0.00 0
23597 0.00 0.00 0.00 0
23598 0.00 0.00 0.00 0
23599 0.00 0.00 0.00 0
23600 0.00 0.00 0.00 0
23601 0.00 0.00 0.00 0
24201 0.00 0.00 0.00 0
24202 0.00 0.00 0.00 0
24203 0.00 0.00 0.00 0
24204 0.00 0.00 0.00 0
24205 0.00 0.00 0.00 0
24206 0.00 0.00 0.00 0
24207 0.00 0.00 0.00 0
24208 0.00 0.00 0.00 0
24209 0.00 0.00 0.00 0
24214 0.00 0.00 0.00 0
24220 0.00 0.00 0.00 0
24250 0.00 0.00 0.00 0
24252 0.00 0.00 0.00 0
24671 0.00 0.00 0.00 0
24672 0.00 0.00 0.00 0
24673 0.00 0.00 0.00 0
24674 0.00 0.00 0.00 0
24675 0.00 0.00 0.00 0
24676 0.00 0.00 0.00 0
24677 0.00 0.00 0.00 0
24678 0.00 0.00 0.00 0
24679 0.00 0.00 0.00 0
24680 0.00 0.00 0.00 0
24681 0.00 0.00 0.00 0
25285 0.00 0.00 0.00 0
25286 0.00 0.00 0.00 0
25287 0.00 0.00 0.00 0
25288 0.00 0.00 0.00 0
25289 0.00 0.00 0.00 0
25350 0.00 0.00 0.00 0
25351 0.00 0.00 0.00 0
25352 0.00 0.00 0.00 0
25353 0.00 0.00 0.00 0
25354 0.00 0.00 0.00 0
25355 0.00 0.00 0.00 0
25356 0.00 0.00 0.00 0
26134 0.00 0.00 0.00 0
26139 0.00 0.00 0.00 0
26140 0.00 0.00 0.00 0
26141 0.00 0.00 0.00 0
26142 0.00 0.00 0.00 0
26143 0.00 0.00 0.00 0
26144 0.00 0.00 0.00 0
26145 0.00 0.00 0.00 0
26146 0.00 0.00 0.00 0
26147 0.00 0.00 0.00 0
26148 0.00 0.00 0.00 0
26149 0.00 0.00 0.00 0
26150 0.00 0.00 0.00 0
26151 0.00 0.00 0.00 0
26152 0.00 0.00 0.00 0
26153 0.00 0.00 0.00 0
26154 0.00 0.00 0.00 0
26155 0.00 0.00 0.00 0
26156 0.00 0.00 0.00 0
26157 0.00 0.00 0.00 0
26158 0.00 0.00 0.00 0
26159 0.00 0.00 0.00 0
26160 0.00 0.00 0.00 0
26161 0.00 0.00 0.00 0
26162 0.00 0.00 0.00 0
26163 0.00 0.00 0.00 0
26164 0.00 0.00 0.00 0
26165 0.00 0.00 0.00 0
26166 0.00 0.00 0.00 0
27959 0.00 0.00 0.00 0
27961 0.00 0.00 0.00 0
27962 0.00 0.00 0.00 0
27967 0.00 0.00 0.00 0
27968 0.00 0.00 0.00 0
27969 0.00 0.00 0.00 0
27970 0.00 0.00 0.00 0
27971 0.00 0.00 0.00 0
27972 0.00 0.00 0.00 0
27973 0.00 0.00 0.00 0
27974 0.00 0.00 0.00 0
27975 0.00 0.00 0.00 0
27976 0.00 0.00 0.00 0
27977 0.00 0.00 0.00 0
27978 0.00 0.00 0.00 0
27979 0.00 0.00 0.00 0
27980 0.00 0.00 0.00 0
27981 0.00 0.00 0.00 0
27982 0.00 0.00 0.00 0
27983 0.00 0.00 0.00 0
27984 0.00 0.00 0.00 0
27985 0.00 0.00 0.00 0
27986 0.00 0.00 0.00 0
27995 0.00 0.00 0.00 0
27996 0.00 0.00 0.00 0
27997 0.00 0.00 0.00 0
27998 0.00 0.00 0.00 0
27999 0.00 0.00 0.00 0
28000 0.00 0.00 0.00 0
28001 0.00 0.00 0.00 0
28002 0.00 0.00 0.00 0
28003 0.00 0.00 0.00 0
28004 0.00 0.00 0.00 0
28005 0.00 0.00 0.00 0
28006 0.00 0.00 0.00 0
28007 0.00 0.00 0.00 0
28008 0.00 0.00 0.00 0
28009 0.00 0.00 0.00 0
28010 0.00 0.00 0.00 0
28011 0.00 0.00 0.00 0
28012 0.00 0.00 0.00 0
28013 0.00 0.00 0.00 0
28014 0.00 0.00 0.00 0
28015 0.00 0.00 0.00 0
28016 0.00 0.00 0.00 0
28017 0.00 0.00 0.00 0
28018 0.00 0.00 0.00 0
28019 0.00 0.00 0.00 0
28020 0.00 0.00 0.00 0
28021 0.00 0.00 0.00 0
28022 0.00 0.00 0.00 0
28023 0.00 0.00 0.00 0
28024 0.00 0.00 0.00 0
28025 0.00 0.00 0.00 0
28026 0.00 0.00 0.00 0
28027 0.00 0.00 0.00 0
28028 0.00 0.00 0.00 0
28029 0.00 0.00 0.00 0
28030 0.00 0.00 0.00 0
28031 0.00 0.00 0.00 0
28032 0.00 0.00 0.00 0
28033 0.00 0.00 0.00 0
28034 0.00 0.00 0.00 0
28035 0.00 0.00 0.00 0
28036 0.00 0.00 0.00 0
28037 0.00 0.00 0.00 0
28038 0.00 0.00 0.00 0
28949 0.00 0.00 0.00 0
28950 0.00 0.00 0.00 0
28953 0.00 0.00 0.00 0
28954 0.00 0.00 0.00 0
28955 0.00 0.00 0.00 0
28956 0.00 0.00 0.00 0
29481 0.00 0.00 0.00 0
30084 0.00 0.00 0.00 0
30087 0.00 0.00 0.00 0
30088 0.00 0.00 0.00 0
30089 0.00 0.00 0.00 0
30090 0.00 0.00 0.00 0
30091 0.00 0.00 0.00 0
30092 0.00 0.00 0.00 0
30093 0.00 0.00 0.00 0
30094 0.00 0.00 0.00 0
30095 0.00 0.00 0.00 0
30096 0.00 0.00 0.00 0
30097 0.00 0.00 0.00 0
30098 0.00 0.00 0.00 0
30099 0.00 0.00 0.00 0
30100 0.00 0.00 0.00 0
30101 0.00 0.00 0.00 0
30102 0.00 0.00 0.00 0
30103 0.00 0.00 0.00 0
30104 0.00 0.00 0.00 0
30105 0.00 0.00 0.00 0
30106 0.00 0.00 0.00 0
30107 0.00 0.00 0.00 0
30108 0.00 0.00 0.00 0
30109 0.00 0.00 0.00 0
30110 0.00 0.00 0.00 0
30111 0.00 0.00 0.00 0
31509 0.00 0.00 0.00 0
31510 0.00 0.00 0.00 0
31511 0.00 0.00 0.00 0
31512 0.00 0.00 0.00 0
31513 0.00 0.00 0.00 0
31514 0.00 0.00 0.00 0
31515 0.00 0.00 0.00 0
31516 0.00 0.00 0.00 0
31517 0.00 0.00 0.00 0
31518 0.00 0.00 0.00 0
31519 0.00 0.00 0.00 0
31520 0.00 0.00 0.00 0
31521 0.00 0.00 0.00 0
31522 0.00 0.00 0.00 0
31523 0.00 0.00 0.00 0
31524 0.00 0.00 0.00 0
31525 0.00 0.00 0.00 0
31526 0.00 0.00 0.00 0
31527 0.00 0.00 0.00 0
31528 0.00 0.00 0.00 0
31529 0.00 0.00 0.00 0
31533 0.00 0.00 0.00 0
31534 0.00 0.00 0.00 0
31536 0.00 0.00 0.00 0
31537 0.00 0.00 0.00 0
31538 0.00 0.00 0.00 0
31539 0.00 0.00 0.00 0
31540 0.00 0.00 0.00 0
31545 0.00 0.00 0.00 0
31548 0.00 0.00 0.00 0
31550 0.00 0.00 0.00 0
31551 0.00 0.00 0.00 0
31552 0.00 0.00 0.00 0
31553 0.00 0.00 0.00 0
31554 0.00 0.00 0.00 0
31555 0.00 0.00 0.00 0
31556 0.00 0.00 0.00 0
31557 0.00 0.00 0.00 0
31558 0.00 0.00 0.00 0
31559 0.00 0.00 0.00 0
31560 0.00 0.00 0.00 0
31561 0.00 0.00 0.00 0
31562 0.00 0.00 0.00 0
31563 0.00 0.00 0.00 0
31564 0.00 0.00 0.00 0
32562 0.00 0.00 0.00 0
32563 0.00 0.00 0.00 0
32564 0.00 0.00 0.00 0
32565 0.00 0.00 0.00 0
32566 0.00 0.00 0.00 0
32567 0.00 0.00 0.00 0
32568 0.00 0.00 0.00 0
32569 0.00 0.00 0.00 0
32570 0.00 0.00 0.00 0
32571 0.00 0.00 0.00 0
32572 0.00 0.00 0.00 0
32573 0.00 0.00 0.00 0
32574 0.00 0.00 0.00 0
32575 0.00 0.00 0.00 0
32576 0.00 0.00 0.00 0
32577 0.00 0.00 0.00 0
32578 0.00 0.00 0.00 0
32579 0.00 0.00 0.00 0
32580 0.00 0.00 0.00 0
32581 0.00 0.00 0.00 0
32582 0.00 0.00 0.00 0
32583 0.00 0.00 0.00 0
32584 0.00 0.00 0.00 0
32585 0.00 0.00 0.00 0
32586 0.00 0.00 0.00 0
33851 0.00 0.00 0.00 0
33860 0.00 0.00 0.00 0
33861 0.00 0.00 0.00 0
33862 0.00 0.00 0.00 0
33863 0.00 0.00 0.00 0
33864 0.00 0.00 0.00 0
33865 0.00 0.00 0.00 0
33866 0.00 0.00 0.00 0
33867 0.00 0.00 0.00 0
33868 0.00 0.00 0.00 0
33869 0.00 0.00 0.00 0
33873 0.00 0.00 0.00 0
33874 0.00 0.00 0.00 0
33998 0.00 0.00 0.00 0
33999 0.00 0.00 0.00 0
34000 0.00 0.00 0.00 0
34001 0.00 0.00 0.00 0
35608 0.00 0.00 0.00 0
35609 0.00 0.00 0.00 0
35612 0.00 0.00 0.00 0
35613 0.00 0.00 0.00 0
35619 0.00 0.00 0.00 0
35620 0.00 0.00 0.00 0
35621 0.00 0.00 0.00 0
35622 0.00 0.00 0.00 0
35625 0.00 0.00 0.00 0
35626 0.00 0.00 0.00 0
35627 0.00 0.00 0.00 0
35628 0.00 0.00 0.00 0
35629 0.00 0.00 0.00 0
35630 0.00 0.00 0.00 0
35631 0.00 0.00 0.00 0
35632 0.00 0.00 0.00 0
35633 0.00 0.00 0.00 0
35634 0.00 0.00 0.00 0
35635 0.00 0.00 0.00 0
35636 0.00 0.00 0.00 0
35637 0.00 0.00 0.00 0
35638 0.00 0.00 0.00 0
35639 0.00 0.00 0.00 0
35640 0.00 0.00 0.00 0
35642 0.00 0.00 0.00 0
35643 0.00 0.00 0.00 0
35644 0.00 0.00 0.00 0
35645 0.00 0.00 0.00 0
35646 0.00 0.00 0.00 0
35647 0.00 0.00 0.00 0
35648 0.00 0.00 0.00 0
35649 0.00 0.00 0.00 0
35659 0.00 0.00 0.00 0
35660 0.00 0.00 0.00 0
35661 0.00 0.00 0.00 0
35662 0.00 0.00 0.00 0
35663 0.00 0.00 0.00 0
35664 0.00 0.00 0.00 0
39267 0.00 0.00 0.00 0
39268 0.00 0.00 0.00 0
39269 0.00 0.00 0.00 0
39277 0.00 0.00 0.00 0
39278 0.00 0.00 0.00 0
39279 0.00 0.00 0.00 0
39280 0.00 0.00 0.00 0
39281 0.00 0.00 0.00 0
39282 0.00 0.00 0.00 0
39283 0.00 0.00 0.00 0
39284 0.00 0.00 0.00 0
39285 0.00 0.00 0.00 0
39286 0.00 0.00 0.00 0
39287 0.00 0.00 0.00 0
39297 0.00 0.00 0.00 0
39298 0.00 0.00 0.00 0
39299 0.00 0.00 0.00 0
39300 0.00 0.00 0.00 0
39301 0.00 0.00 0.00 0
39302 0.00 0.00 0.00 0
39303 0.00 0.00 0.00 0
39304 0.00 0.00 0.00 0
39305 0.00 0.00 0.00 0
39306 0.00 0.00 0.00 0
39307 0.00 0.00 0.00 0
39308 0.00 0.00 0.00 0
39309 0.00 0.00 0.00 0
39310 0.00 0.00 0.00 0
39311 0.00 0.00 0.00 0
39312 0.00 0.00 0.00 0
39313 0.00 0.00 0.00 0
39314 0.00 0.00 0.00 0
39315 0.00 0.00 0.00 0
39316 0.00 0.00 0.00 0
39317 0.00 0.00 0.00 0
39318 0.00 0.00 0.00 0
39319 0.00 0.00 0.00 0
39320 0.00 0.00 0.00 0
39321 0.00 0.00 0.00 0
39322 0.00 0.00 0.00 0
39323 0.00 0.00 0.00 0
39324 0.00 0.00 0.00 0
39325 0.00 0.00 0.00 0
39326 0.00 0.00 0.00 0
39327 0.00 0.00 0.00 0
39328 0.00 0.00 0.00 0
39329 0.00 0.00 0.00 0
39330 0.00 0.00 0.00 0
39331 0.00 0.00 0.00 0
39332 0.00 0.00 0.00 0
39333 0.00 0.00 0.00 0
39334 0.00 0.00 0.00 0
39335 0.00 0.00 0.00 0
39336 0.00 0.00 0.00 0
39337 0.00 0.00 0.00 0
39350 0.00 0.00 0.00 0
39351 0.00 0.00 0.00 0
39352 0.00 0.00 0.00 0
39353 0.00 0.00 0.00 0
39354 0.00 0.00 0.00 0
39355 0.00 0.00 0.00 0
39356 0.00 0.00 0.00 0
39357 0.00 0.00 0.00 0
39358 0.00 0.00 0.00 0
39359 0.00 0.00 0.00 0
39360 0.00 0.00 0.00 0
39361 0.00 0.00 0.00 0
39362 0.00 0.00 0.00 0
39363 0.00 0.00 0.00 0
39364 0.00 0.00 0.00 0
39365 0.00 0.00 0.00 0
39366 0.00 0.00 0.00 0
39367 0.00 0.00 0.00 0
39368 0.00 0.00 0.00 0
39369 0.00 0.00 0.00 0
39370 0.00 0.00 0.00 0
39371 0.00 0.00 0.00 0
39372 0.00 0.00 0.00 0
39373 0.00 0.00 0.00 0
39374 0.00 0.00 0.00 0
39375 0.00 0.00 0.00 0
39376 0.00 0.00 0.00 0
39377 0.00 0.00 0.00 0
39380 0.00 0.00 0.00 0
39381 0.00 0.00 0.00 0
39382 0.00 0.00 0.00 0
39383 0.00 0.00 0.00 0
39384 0.00 0.00 0.00 0
39385 0.00 0.00 0.00 0
39386 0.00 0.00 0.00 0
39387 0.00 0.00 0.00 0
39388 0.00 0.00 0.00 0
39389 0.00 0.00 0.00 0
39390 0.00 0.00 0.00 0
39391 0.00 0.00 0.00 0
39392 0.00 0.00 0.00 0
39393 0.00 0.00 0.00 0
39394 0.00 0.00 0.00 0
39395 0.00 0.00 0.00 0
39396 0.00 0.00 0.00 0
39397 0.00 0.00 0.00 0
39398 0.00 0.00 0.00 0
39399 0.00 0.00 0.00 0
39400 0.00 0.00 0.00 0
39401 0.00 0.00 0.00 0
39402 0.00 0.00 0.00 0
39403 0.00 0.00 0.00 0
39404 0.00 0.00 0.00 0
39405 0.00 0.00 0.00 0
39406 0.00 0.00 0.00 0
39407 0.00 0.00 0.00 0
39408 0.00 0.00 0.00 0
39409 0.00 0.00 0.00 0
39410 0.00 0.00 0.00 0
39411 0.00 0.00 0.00 0
39412 0.00 0.00 0.00 0
39417 0.00 0.00 0.00 0
39426 0.00 0.00 0.00 0
39427 0.00 0.00 0.00 0
39429 0.00 0.00 0.00 0
39430 0.00 0.00 0.00 0
39431 0.00 0.00 0.00 0
39432 0.00 0.00 0.00 0
39433 0.00 0.00 0.00 0
39434 0.00 0.00 0.00 0
39435 0.00 0.00 0.00 0
39436 0.00 0.00 0.00 0
39437 0.00 0.00 0.00 0
39438 0.00 0.00 0.00 0
39439 0.00 0.00 0.00 0
39440 0.00 0.00 0.00 0
39441 0.00 0.00 0.00 0
39442 0.00 0.00 0.00 0
39443 0.00 0.00 0.00 0
41267 0.00 0.00 0.00 0
41268 0.00 0.00 0.00 0
41269 0.00 0.00 0.00 0
41270 0.00 0.00 0.00 0
41271 0.00 0.00 0.00 0
41605 0.00 0.00 0.00 0
41606 0.00 0.00 0.00 0
41607 0.00 0.00 0.00 0
41608 0.00 0.00 0.00 0
41609 0.00 0.00 0.00 0
41632 0.00 0.00 0.00 0
41633 0.00 0.00 0.00 0
41867 0.00 0.00 0.00 0
41868 0.00 0.00 0.00 0
41869 0.00 0.00 0.00 0
41870 0.00 0.00 0.00 0
41871 0.00 0.00 0.00 0
42205 0.00 0.00 0.00 0
42206 0.00 0.00 0.00 0
42207 0.00 0.00 0.00 0
42208 0.00 0.00 0.00 0
42209 0.00 0.00 0.00 0
42242 0.00 0.00 0.00 0
42243 0.00 0.00 0.00 0
42244 0.00 0.00 0.00 0
42245 0.00 0.00 0.00 0
42246 0.00 0.00 0.00 0
42677 0.00 0.00 0.00 0
42678 0.00 0.00 0.00 0
42679 0.00 0.00 0.00 0
42680 0.00 0.00 0.00 0
42681 0.00 0.00 0.00 0
42682 0.00 0.00 0.00 0
42683 0.00 0.00 0.00 0
42684 0.00 0.00 0.00 0
42685 0.00 0.00 0.00 0
42686 0.00 0.00 0.00 0
42687 0.00 0.00 0.00 0
42688 0.00 0.00 0.00 0
42689 0.00 0.00 0.00 0
42690 0.00 0.00 0.00 0
42691 0.00 0.00 0.00 0
42692 0.00 0.00 0.00 0
42693 0.00 0.00 0.00 0
42694 0.00 0.00 0.00 0
42695 0.00 0.00 0.00 0
42696 0.00 0.00 0.00 0
43693 0.00 0.00 0.00 0
43695 0.00 0.00 0.00 0
43696 0.00 0.00 0.00 0
43697 0.00 0.00 0.00 0
43698 0.00 0.00 0.00 0
43699 0.00 0.00 0.00 0
43700 0.00 0.00 0.00 0
43701 0.00 0.00 0.00 0
43702 0.00 0.00 0.00 0
43703 0.00 0.00 0.00 0
43704 0.00 0.00 0.00 0
43713 0.00 0.00 0.00 0
43714 0.00 0.00 0.00 0
43715 0.00 0.00 0.00 0
43716 0.00 0.00 0.00 0
43717 0.00 0.00 0.00 0
43721 0.00 0.00 0.00 0
43722 0.00 0.00 0.00 0
43723 0.00 0.00 0.00 0
43724 0.00 0.00 0.00 0
43725 0.00 0.00 0.00 0
43726 0.00 0.00 0.00 0
43727 0.00 0.00 0.00 0
43728 0.00 0.00 0.00 0
43729 0.00 0.00 0.00 0
43730 0.00 0.00 0.00 0
43731 0.00 0.00 0.00 0
43732 0.00 0.00 0.00 0
43733 0.00 0.00 0.00 0
43734 0.00 0.00 0.00 0
45079 0.00 0.00 0.00 0
45080 0.00 0.00 0.00 0
45081 0.00 0.00 0.00 0
45082 0.00 0.00 0.00 0
45083 0.00 0.00 0.00 0
45084 0.00 0.00 0.00 0
45085 0.00 0.00 0.00 0
45086 0.00 0.00 0.00 0
45087 0.00 0.00 0.00 0
45088 0.00 0.00 0.00 0
45089 0.00 0.00 0.00 0
45090 0.00 0.00 0.00 0
45091 0.00 0.00 0.00 0
45092 0.00 0.00 0.00 0
45093 0.00 0.00 0.00 0
45094 0.00 0.00 0.00 0
45095 0.00 0.00 0.00 0
45096 0.00 0.00 0.00 0
46095 0.00 0.00 0.00 0
46096 0.00 0.00 0.00 0
46097 0.00 0.00 0.00 0
46098 0.00 0.00 0.00 0
46099 0.00 0.00 0.00 0
46100 0.00 0.00 0.00 0
46101 0.00 0.00 0.00 0
46102 0.00 0.00 0.00 0
46103 0.00 0.00 0.00 0
46104 0.00 0.00 0.00 0
46105 0.00 0.00 0.00 0
46106 0.00 0.00 0.00 0
46107 0.00 0.00 0.00 0
46108 0.00 0.00 0.00 0
46109 0.00 0.00 0.00 0
46113 0.00 0.00 0.00 0
46114 0.00 0.00 0.00 0
46115 0.00 0.00 0.00 0
46116 0.00 0.00 0.00 0
46117 0.00 0.00 0.00 0
46121 0.00 0.00 0.00 0
46123 0.00 0.00 0.00 0
46124 0.00 0.00 0.00 0
46125 0.00 0.00 0.00 0
46126 0.00 0.00 0.00 0
46127 0.00 0.00 0.00 0
46129 0.00 0.00 0.00 0
46130 0.00 0.00 0.00 0
46131 0.00 0.00 0.00 0
46132 0.00 0.00 0.00 0
46177 0.00 0.00 0.00 0
46178 0.00 0.00 0.00 0
46179 0.00 0.00 0.00 0
46877 0.00 0.00 0.00 0
46878 0.00 0.00 0.00 0
46879 0.00 0.00 0.00 0
46880 0.00 0.00 0.00 0
46881 0.00 0.00 0.00 0
46882 0.00 0.00 0.00 0
46883 0.00 0.00 0.00 0
46884 0.00 0.00 0.00 0
46885 0.00 0.00 0.00 0
46886 0.00 0.00 0.00 0
46887 0.00 0.00 0.00 0
46888 0.00 0.00 0.00 0
46889 0.00 0.00 0.00 0
46890 0.00 0.00 0.00 0
46891 0.00 0.00 0.00 0
46892 0.00 0.00 0.00 0
46893 0.00 0.00 0.00 0
46894 0.00 0.00 0.00 0
46895 0.00 0.00 0.00 0
46896 0.00 0.00 0.00 0
47898 0.00 0.00 0.00 0
47900 0.00 0.00 0.00 0
47901 0.00 0.00 0.00 0
47902 0.00 0.00 0.00 0
47903 0.00 0.00 0.00 0
47904 0.00 0.00 0.00 0
47905 0.00 0.00 0.00 0
47906 0.00 0.00 0.00 0
47907 0.00 0.00 0.00 0
47908 0.00 0.00 0.00 0
47909 0.00 0.00 0.00 0
48004 0.00 0.00 0.00 0
48005 0.00 0.00 0.00 0
48006 0.00 0.00 0.00 0
48010 0.00 0.00 0.00 0
48011 0.00 0.00 0.00 0
48012 0.00 0.00 0.00 0
48013 0.00 0.00 0.00 0
48014 0.00 0.00 0.00 0
48015 0.00 0.00 0.00 0
48016 0.00 0.00 0.00 0
48017 0.00 0.00 0.00 0
49322 0.00 0.00 0.00 0
49323 0.00 0.00 0.00 0
49324 0.00 0.00 0.00 0
49325 0.00 0.00 0.00 0
49326 0.00 0.00 0.00 0
49327 0.00 0.00 0.00 0
49328 0.00 0.00 0.00 0
49329 0.00 0.00 0.00 0
49330 0.00 0.00 0.00 0
49331 0.00 0.00 0.00 0
49332 0.00 0.00 0.00 0
49333 0.00 0.00 0.00 0
49334 0.00 0.00 0.00 0
49335 0.00 0.00 0.00 0
49336 0.00 0.00 0.00 0
49337 0.00 0.00 0.00 0
49338 0.00 0.00 0.00 0
49339 0.00 0.00 0.00 0
49340 0.00 0.00 0.00 0
49341 0.00 0.00 0.00 0
49342 0.00 0.00 0.00 0
49343 0.00 0.00 0.00 0
49344 0.00 0.00 0.00 0
49345 0.00 0.00 0.00 0
49346 0.00 0.00 0.00 0
49347 0.00 0.00 0.00 0
49348 0.00 0.00 0.00 0
49349 0.00 0.00 0.00 0
49350 0.00 0.00 0.00 0
49351 0.00 0.00 0.00 0
49352 0.00 0.00 0.00 0
49353 0.00 0.00 0.00 0
49354 0.00 0.00 0.00 0
49356 0.00 0.00 0.00 0
49357 0.00 0.00 0.00 0
49358 0.00 0.00 0.00 0
49359 0.00 0.00 0.00 0
49360 0.00 0.00 0.00 0
49361 0.00 0.00 0.00 0
49362 0.00 0.00 0.00 0
52356 0.00 0.00 0.00 0
52357 0.00 0.00 0.00 0
52358 0.00 0.00 0.00 0
52359 0.00 0.00 0.00 0
52360 0.00 0.00 0.00 0
52361 0.00 0.00 0.00 0
52362 0.00 0.00 0.00 0
52363 0.00 0.00 0.00 0
52364 0.00 0.00 0.00 0
52372 0.00 0.00 0.00 0
52373 0.00 0.00 0.00 0
52374 0.00 0.00 0.00 0
52375 0.00 0.00 0.00 0
52376 0.00 0.00 0.00 0
52377 0.00 0.00 0.00 0
52378 0.00 0.00 0.00 0
52379 0.00 0.00 0.00 0
52380 0.00 0.00 0.00 0
52381 0.00 0.00 0.00 0
52382 0.00 0.00 0.00 0
52383 0.00 0.00 0.00 0
52384 0.00 0.00 0.00 0
52385 0.00 0.00 0.00 0
52386 0.00 0.00 0.00 0
52387 0.00 0.00 0.00 0
52388 0.00 0.00 0.00 0
52389 0.00 0.00 0.00 0
52390 0.00 0.00 0.00 0
52391 0.00 0.00 0.00 0
52392 0.00 0.00 0.00 0
52393 0.00 0.00 0.00 0
52394 0.00 0.00 0.00 0
52395 0.00 0.00 0.00 0
52396 0.00 0.00 0.00 0
52397 0.00 0.00 0.00 0
52398 0.00 0.00 0.00 0
52399 0.00 0.00 0.00 0
52400 0.00 0.00 0.00 0
52401 0.00 0.00 0.00 0
52402 0.00 0.00 0.00 0
52403 0.00 0.00 0.00 0
52404 0.00 0.00 0.00 0
52418 0.00 0.00 0.00 0
52419 0.00 0.00 0.00 0
52420 0.00 0.00 0.00 0
52421 0.00 0.00 0.00 0
52422 0.00 0.00 0.00 0
52423 0.00 0.00 0.00 0
52424 0.00 0.00 0.00 0
52425 0.00 0.00 0.00 0
52426 0.00 0.00 0.00 0
52427 0.00 0.00 0.00 0
52428 0.00 0.00 0.00 0
52429 0.00 0.00 0.00 0
52430 0.00 0.00 0.00 0
52431 0.00 0.00 0.00 0
52432 0.00 0.00 0.00 0
52433 0.00 0.00 0.00 0
52434 0.00 0.00 0.00 0
52435 0.00 0.00 0.00 0
52436 0.00 0.00 0.00 0
52437 0.00 0.00 0.00 0
52438 0.00 0.00 0.00 0
52439 0.00 0.00 0.00 0
52440 0.00 0.00 0.00 0
52441 0.00 0.00 0.00 0
52442 0.00 0.00 0.00 0
52443 0.00 0.00 0.00 0
52444 0.00 0.00 0.00 0
52445 0.00 0.00 0.00 0
52446 0.00 0.00 0.00 0
52447 0.00 0.00 0.00 0
52448 0.00 0.00 0.00 0
52449 0.00 0.00 0.00 0
52450 0.00 0.00 0.00 0
52451 0.00 0.00 0.00 0
52452 0.00 0.00 0.00 0
52453 0.00 0.00 0.00 0
52454 0.00 0.00 0.00 0
52455 0.00 0.00 0.00 0
52456 0.00 0.00 0.00 0
52457 0.00 0.00 0.00 0
52458 0.00 0.00 0.00 0
52459 0.00 0.00 0.00 0
52460 0.00 0.00 0.00 0
52461 0.00 0.00 0.00 0
52462 0.00 0.00 0.00 0
52463 0.00 0.00 0.00 0
52464 0.00 0.00 0.00 0
52465 0.00 0.00 0.00 0
52466 0.00 0.00 0.00 0
52467 0.00 0.00 0.00 0
52468 0.00 0.00 0.00 0
52469 0.00 0.00 0.00 0
52470 0.00 0.00 0.00 0
52471 0.00 0.00 0.00 0
52472 0.00 0.00 0.00 0
52473 0.00 0.00 0.00 0
52474 0.00 0.00 0.00 0
52480 0.00 0.00 0.00 0
52481 0.00 0.00 0.00 0
52482 0.00 0.00 0.00 0
52483 0.00 0.00 0.00 0
52484 0.00 0.00 0.00 0
52485 0.00 0.00 0.00 0
52486 0.00 0.00 0.00 0
52487 0.00 0.00 0.00 0
52488 0.00 0.00 0.00 0
52489 0.00 0.00 0.00 0
52490 0.00 0.00 0.00 0
52491 0.00 0.00 0.00 0
54682 0.00 0.00 0.00 0
54683 0.00 0.00 0.00 0
54684 0.00 0.00 0.00 0
54685 0.00 0.00 0.00 0
54686 0.00 0.00 0.00 0
54687 0.00 0.00 0.00 0
54688 0.00 0.00 0.00 0
54689 0.00 0.00 0.00 0
54690 0.00 0.00 0.00 0
54691 0.00 0.00 0.00 0
54692 0.00 0.00 0.00 0
54693 0.00 0.00 0.00 0
54694 0.00 0.00 0.00 0
54695 0.00 0.00 0.00 0
54696 0.00 0.00 0.00 0
55695 0.00 0.00 0.00 0
55696 0.00 0.00 0.00 0
55697 0.00 0.00 0.00 0
55698 0.00 0.00 0.00 0
55699 0.00 0.00 0.00 0
55700 0.00 0.00 0.00 0
55701 0.00 0.00 0.00 0
55702 0.00 0.00 0.00 0
55703 0.00 0.00 0.00 0
55704 0.00 0.00 0.00 0
55705 0.00 0.00 0.00 0
55706 0.00 0.00 0.00 0
55707 0.00 0.00 0.00 0
55708 0.00 0.00 0.00 0
55709 0.00 0.00 0.00 0
55717 0.00 0.00 0.00 0
55777 0.00 0.00 0.00 0
55778 0.00 0.00 0.00 0
55779 0.00 0.00 0.00 0
56477 0.00 0.00 0.00 0
56478 0.00 0.00 0.00 0
56479 0.00 0.00 0.00 0
56480 0.00 0.00 0.00 0
56481 0.00 0.00 0.00 0
56482 0.00 0.00 0.00 0
56483 0.00 0.00 0.00 0
56484 0.00 0.00 0.00 0
56485 0.00 0.00 0.00 0
56486 0.00 0.00 0.00 0
56487 0.00 0.00 0.00 0
56488 0.00 0.00 0.00 0
56489 0.00 0.00 0.00 0
56490 0.00 0.00 0.00 0
56491 0.00 0.00 0.00 0
56492 0.00 0.00 0.00 0
56493 0.00 0.00 0.00 0
56494 0.00 0.00 0.00 0
56495 0.00 0.00 0.00 0
56496 0.00 0.00 0.00 0
57500 0.00 0.00 0.00 0
57501 0.00 0.00 0.00 0
57502 0.00 0.00 0.00 0
57503 0.00 0.00 0.00 0
57504 0.00 0.00 0.00 0
57505 0.00 0.00 0.00 0
57506 0.00 0.00 0.00 0
57507 0.00 0.00 0.00 0
57508 0.00 0.00 0.00 0
57509 0.00 0.00 0.00 0
57608 0.00 0.00 0.00 0
57609 0.00 0.00 0.00 0
57610 0.00 0.00 0.00 0
57611 0.00 0.00 0.00 0
57612 0.00 0.00 0.00 0
57613 0.00 0.00 0.00 0
57614 0.00 0.00 0.00 0
57615 0.00 0.00 0.00 0
57616 0.00 0.00 0.00 0
57617 0.00 0.00 0.00 0
57618 0.00 0.00 0.00 0
57619 0.00 0.00 0.00 0
57620 0.00 0.00 0.00 0
57621 0.00 0.00 0.00 0
58915 0.00 0.00 0.00 0
58916 0.00 0.00 0.00 0
58917 0.00 0.00 0.00 0
58919 0.00 0.00 0.00 0
58921 0.00 0.00 0.00 0
58924 0.00 0.00 0.00 0
58925 0.00 0.00 0.00 0
58926 0.00 0.00 0.00 0
58927 0.00 0.00 0.00 0
58928 0.00 0.00 0.00 0
58929 0.00 0.00 0.00 0
58930 0.00 0.00 0.00 0
58931 0.00 0.00 0.00 0
58932 0.00 0.00 0.00 0
58933 0.00 0.00 0.00 0
58934 0.00 0.00 0.00 0
58935 0.00 0.00 0.00 0
58936 0.00 0.00 0.00 0
58937 0.00 0.00 0.00 0
58938 0.00 0.00 0.00 0
58939 0.00 0.00 0.00 0
58940 0.00 0.00 0.00 0
58941 0.00 0.00 0.00 0
58942 0.00 0.00 0.00 0
58943 0.00 0.00 0.00 0
58944 0.00 0.00 0.00 0
58945 0.00 0.00 0.00 0
58946 0.00 0.00 0.00 0
58947 0.00 0.00 0.00 0
58948 0.00 0.00 0.00 0
58949 0.00 0.00 0.00 0
58950 0.00 0.00 0.00 0
58951 0.00 0.00 0.00 0
58952 0.00 0.00 0.00 0
58953 0.00 0.00 0.00 0
58954 0.00 0.00 0.00 0
58955 0.00 0.00 0.00 0
58956 0.00 0.00 0.00 0
58957 0.00 0.00 0.00 0
58958 0.00 0.00 0.00 0
58959 0.00 0.00 0.00 0
58960 0.00 0.00 0.00 0
58961 0.00 0.00 0.00 0
58962 0.00 0.00 0.00 0
58963 0.00 0.00 0.00 0
58964 0.00 0.00 0.00 0
58965 0.00 0.00 0.00 0
58966 0.00 0.00 0.00 0
58967 0.00 0.00 0.00 0
58968 0.00 0.00 0.00 0
58969 0.00 0.00 0.00 0
58970 0.00 0.00 0.00 0
58971 0.00 0.00 0.00 0
61960 0.00 0.00 0.00 0
61961 0.00 0.00 0.00 0
61962 0.00 0.00 0.00 0
61963 0.00 0.00 0.00 0
61964 0.00 0.00 0.00 0
61968 0.00 0.00 0.00 0
61970 0.00 0.00 0.00 0
61971 0.00 0.00 0.00 0
61972 0.00 0.00 0.00 0
61973 0.00 0.00 0.00 0
61974 0.00 0.00 0.00 0
61975 0.00 0.00 0.00 0
61976 0.00 0.00 0.00 0
61977 0.00 0.00 0.00 0
61978 0.00 0.00 0.00 0
61979 0.00 0.00 0.00 0
61980 0.00 0.00 0.00 0
61981 0.00 0.00 0.00 0
61982 0.00 0.00 0.00 0
61983 0.00 0.00 0.00 0
61984 0.00 0.00 0.00 0
61985 0.00 0.00 0.00 0
61986 0.00 0.00 0.00 0
61987 0.00 0.00 0.00 0
61988 0.00 0.00 0.00 0
61989 0.00 0.00 0.00 0
61990 0.00 0.00 0.00 0
61991 0.00 0.00 0.00 0
61992 0.00 0.00 0.00 0
61993 0.00 0.00 0.00 0
61994 0.00 0.00 0.00 0
61995 0.00 0.00 0.00 0
61996 0.00 0.00 0.00 0
61997 0.00 0.00 0.00 0
61999 0.00 0.00 0.00 0
62000 0.00 0.00 0.00 0
62001 0.00 0.00 0.00 0
62017 0.00 0.00 0.00 0
62018 0.00 0.00 0.00 0
62019 0.00 0.00 0.00 0
62020 0.00 0.00 0.00 0
62021 0.00 0.00 0.00 0
62022 0.00 0.00 0.00 0
62023 0.00 0.00 0.00 0
62024 0.00 0.00 0.00 0
62025 0.00 0.00 0.00 0
62026 0.00 0.00 0.00 0
62027 0.00 0.00 0.00 0
62028 0.00 0.00 0.00 0
62029 0.00 0.00 0.00 0
62030 0.00 0.00 0.00 0
62031 0.00 0.00 0.00 0
62032 0.00 0.00 0.00 0
62034 0.00 0.00 0.00 0
62037 0.00 0.00 0.00 0
62039 0.00 0.00 0.00 0
62041 0.00 0.00 0.00 0
62042 0.00 0.00 0.00 0
62043 0.00 0.00 0.00 0
62044 0.00 0.00 0.00 0
62045 0.00 0.00 0.00 0
62046 0.00 0.00 0.00 0
62047 0.00 0.00 0.00 0
62048 0.00 0.00 0.00 0
62049 0.00 0.00 0.00 0
62050 0.00 0.00 0.00 0
62051 0.00 0.00 0.00 0
62052 0.00 0.00 0.00 0
62053 0.00 0.00 0.00 0
62054 0.00 0.00 0.00 0
62055 0.00 0.00 0.00 0
62056 0.00 0.00 0.00 0
62057 0.00 0.00 0.00 0
62058 0.00 0.00 0.00 0
62059 0.00 0.00 0.00 0
62060 0.00 0.00 0.00 0
62061 0.00 0.00 0.00 0
62062 0.00 0.00 0.00 0
62063 0.00 0.00 0.00 0
62064 0.00 0.00 0.00 0
62065 0.00 0.00 0.00 0
62066 0.00 0.00 0.00 0
62067 0.00 0.00 0.00 0
62068 0.00 0.00 0.00 0
62069 0.00 0.00 0.00 0
62070 0.00 0.00 0.00 0
62071 0.00 0.00 0.00 0
62072 0.00 0.00 0.00 0
62073 0.00 0.00 0.00 0
62074 0.00 0.00 0.00 0
62075 0.00 0.00 0.00 0
62076 0.00 0.00 0.00 0
62077 0.00 0.00 0.00 0
62078 0.00 0.00 0.00 0
62079 0.00 0.00 0.00 0
62080 0.00 0.00 0.00 0
62081 0.00 0.00 0.00 0
62082 0.00 0.00 0.00 0
62083 0.00 0.00 0.00 0
62084 0.00 0.00 0.00 0
62086 0.00 0.00 0.00 0
62087 0.00 0.00 0.00 0
62089 0.00 0.00 0.00 0
62090 0.00 0.00 0.00 0
62091 0.00 0.00 0.00 0
62215 0.00 0.00 0.00 0
62216 0.00 0.00 0.00 0
63680 0.00 0.00 0.00 0
63690 0.00 0.00 0.00 0
63691 0.00 0.00 0.00 0
63692 0.00 0.00 0.00 0
63693 0.00 0.00 0.00 0
63694 0.00 0.00 0.00 0
63695 0.00 0.00 0.00 0
63696 0.00 0.00 0.00 0
64820 0.00 0.00 0.00 0
64821 0.00 0.00 0.00 0
66120 0.00 0.00 0.00 0
66121 0.00 0.00 0.00 0
66122 0.00 0.00 0.00 0
66123 0.00 0.00 0.00 0
66124 0.00 0.00 0.00 0
66125 0.00 0.00 0.00 0
66126 0.00 0.00 0.00 0
66127 0.00 0.00 0.00 0
66128 0.00 0.00 0.00 0
66129 0.00 0.00 0.00 0
66130 0.00 0.00 0.00 0
66131 0.00 0.00 0.00 0
66132 0.00 0.00 0.00 0
66133 0.00 0.00 0.00 0
66134 0.00 0.00 0.00 0
66135 0.00 0.00 0.00 0
66136 0.00 0.00 0.00 0
66137 0.00 0.00 0.00 0
66138 0.00 0.00 0.00 0
66139 0.00 0.00 0.00 0
66140 0.00 0.00 0.00 0
66141 0.00 0.00 0.00 0
66142 0.00 0.00 0.00 0
66143 0.00 0.00 0.00 0
66144 0.00 0.00 0.00 0
66145 0.00 0.00 0.00 0
66146 0.00 0.00 0.00 0
66147 0.00 0.00 0.00 0
66148 0.00 0.00 0.00 0
66149 0.00 0.00 0.00 0
66150 0.00 0.00 0.00 0
66151 0.00 0.00 0.00 0
66152 0.00 0.00 0.00 0
66153 0.00 0.00 0.00 0
66154 0.00 0.00 0.00 0
66155 0.00 0.00 0.00 0
66156 0.00 0.00 0.00 0
66157 0.00 0.00 0.00 0
66158 0.00 0.00 0.00 0
66159 0.00 0.00 0.00 0
66160 0.00 0.00 0.00 0
66161 0.00 0.00 0.00 0
66162 0.00 0.00 0.00 0
66163 0.00 0.00 0.00 0
66164 0.00 0.00 0.00 0
66165 0.00 0.00 0.00 0
66166 0.00 0.00 0.00 0
66167 0.00 0.00 0.00 0
66168 0.00 0.00 0.00 0
66169 0.00 0.00 0.00 0
66170 0.00 0.00 0.00 0
66171 0.00 0.00 0.00 0
69165 0.00 0.00 0.00 0
69166 0.00 0.00 0.00 0
69167 0.00 0.00 0.00 0
69168 0.00 0.00 0.00 0
69169 0.00 0.00 0.00 0
69170 0.00 0.00 0.00 0
69171 0.00 0.00 0.00 0
69172 0.00 0.00 0.00 0
69173 0.00 0.00 0.00 0
69174 0.00 0.00 0.00 0
69175 0.00 0.00 0.00 0
69176 0.00 0.00 0.00 0
69177 0.00 0.00 0.00 0
69178 0.00 0.00 0.00 0
69179 0.00 0.00 0.00 0
69180 0.00 0.00 0.00 0
69181 0.00 0.00 0.00 0
69182 0.00 0.00 0.00 0
69183 0.00 0.00 0.00 0
69184 0.00 0.00 0.00 0
69185 0.00 0.00 0.00 0
69186 0.00 0.00 0.00 0
69187 0.00 0.00 0.00 0
69188 0.00 0.00 0.00 0
69189 0.00 0.00 0.00 0
69190 0.00 0.00 0.00 0
69191 0.00 0.00 0.00 0
69192 0.00 0.00 0.00 0
69193 0.00 0.00 0.00 0
69194 0.00 0.00 0.00 0
69195 0.00 0.00 0.00 0
69196 0.00 0.00 0.00 0
69197 0.00 0.00 0.00 0
69198 0.00 0.00 0.00 0
69199 0.00 0.00 0.00 0
69200 0.00 0.00 0.00 0
69201 0.00 0.00 0.00 0
69202 0.00 0.00 0.00 0
69203 0.00 0.00 0.00 0
69204 0.00 0.00 0.00 0
69205 0.00 0.00 0.00 0
69206 0.00 0.00 0.00 0
69207 0.00 0.00 0.00 0
69208 0.00 0.00 0.00 0
69209 0.00 0.00 0.00 0
69213 0.00 0.00 0.00 0
69214 0.00 0.00 0.00 0
69215 0.00 0.00 0.00 0
69216 0.00 0.00 0.00 0
69217 0.00 0.00 0.00 0
69221 0.00 0.00 0.00 0
69222 0.00 0.00 0.00 0
69223 0.00 0.00 0.00 0
69224 0.00 0.00 0.00 0
69225 0.00 0.00 0.00 0
69226 0.00 0.00 0.00 0
69227 0.00 0.00 0.00 0
69228 0.00 0.00 0.00 0
69229 0.00 0.00 0.00 0
69230 0.00 0.00 0.00 0
69231 0.00 0.00 0.00 0
69232 0.00 0.00 0.00 0
69247 0.00 0.00 0.00 0
69251 0.00 0.00 0.00 0
69252 0.00 0.00 0.00 0
69253 0.00 0.00 0.00 0
69254 0.00 0.00 0.00 0
69255 0.00 0.00 0.00 0
69256 0.00 0.00 0.00 0
69257 0.00 0.00 0.00 0
69258 0.00 0.00 0.00 0
69259 0.00 0.00 0.00 0
69260 0.00 0.00 0.00 0
69261 0.00 0.00 0.00 0
69262 0.00 0.00 0.00 0
69263 0.00 0.00 0.00 0
69264 0.00 0.00 0.00 0
69265 0.00 0.00 0.00 0
69266 0.00 0.00 0.00 0
69267 0.00 0.00 0.00 0
69268 0.00 0.00 0.00 0
69269 0.00 0.00 0.00 0
69270 0.00 0.00 0.00 0
69271 0.00 0.00 0.00 0
69272 0.00 0.00 0.00 0
69273 0.00 0.00 0.00 0
69274 0.00 0.00 0.00 0
69275 0.00 0.00 0.00 0
69276 0.00 0.00 0.00 0
69277 0.00 0.00 0.00 0
69278 0.00 0.00 0.00 0
69279 0.00 0.00 0.00 0
69281 0.00 0.00 0.00 0
69282 0.00 0.00 0.00 0
69283 0.00 0.00 0.00 0
71510 0.00 0.00 0.00 0
71511 0.00 0.00 0.00 0
71512 0.00 0.00 0.00 0
71513 0.00 0.00 0.00 0
71514 0.00 0.00 0.00 0
71515 0.00 0.00 0.00 0
71516 0.00 0.00 0.00 0
71517 0.00 0.00 0.00 0
71518 0.00 0.00 0.00 0
71519 0.00 0.00 0.00 0
71520 0.00 0.00 0.00 0
71521 0.00 0.00 0.00 0
71522 0.00 0.00 0.00 0
71523 0.00 0.00 0.00 0
71524 0.00 0.00 0.00 0
71525 0.00 0.00 0.00 0
71526 0.00 0.00 0.00 0
71528 0.00 0.00 0.00 0
71529 0.00 0.00 0.00 0
71530 0.00 0.00 0.00 0
71531 0.00 0.00 0.00 0
71532 0.00 0.00 0.00 0
71533 0.00 0.00 0.00 0
71534 0.00 0.00 0.00 0
71535 0.00 0.00 0.00 0
71536 0.00 0.00 0.00 0
71537 0.00 0.00 0.00 0
71538 0.00 0.00 0.00 0
71539 0.00 0.00 0.00 0
71540 0.00 0.00 0.00 0
71541 0.00 0.00 0.00 0
71542 0.00 0.00 0.00 0
71543 0.00 0.00 0.00 0
71544 0.00 0.00 0.00 0
71545 0.00 0.00 0.00 0
71546 0.00 0.00 0.00 0
71547 0.00 0.00 0.00 0
71548 0.00 0.00 0.00 0
71549 0.00 0.00 0.00 0
71550 0.00 0.00 0.00 0
71551 0.00 0.00 0.00 0
71552 0.00 0.00 0.00 0
71553 0.00 0.00 0.00 0
71554 0.00 0.00 0.00 0
71555 0.00 0.00 0.00 0
71556 0.00 0.00 0.00 0
71557 0.00 0.00 0.00 0
71558 0.00 0.00 0.00 0
71559 0.00 0.00 0.00 0
71560 0.00 0.00 0.00 0
71561 0.00 0.00 0.00 0
71562 0.00 0.00 0.00 0
71563 0.00 0.00 0.00 0
71564 0.00 0.00 0.00 0
71565 0.00 0.00 0.00 0
71566 0.00 0.00 0.00 0
71567 0.00 0.00 0.00 0
71568 0.00 0.00 0.00 0
71569 0.00 0.00 0.00 0
71570 0.00 0.00 0.00 0
71571 0.00 0.00 0.00 0
74583 0.00 0.00 0.00 0
74585 0.00 0.00 0.00 0
74586 0.00 0.00 0.00 0
74587 0.00 0.00 0.00 0
74588 0.00 0.00 0.00 0
74589 0.00 0.00 0.00 0
74590 0.00 0.00 0.00 0
74591 0.00 0.00 0.00 0
74592 0.00 0.00 0.00 0
74593 0.00 0.00 0.00 0
74594 0.00 0.00 0.00 0
74595 0.00 0.00 0.00 0
74596 0.00 0.00 0.00 0
74597 0.00 0.00 0.00 0
74598 0.00 0.00 0.00 0
74599 0.00 0.00 0.00 0
74600 0.00 0.00 0.00 0
74601 0.00 0.00 0.00 0
74602 0.00 0.00 0.00 0
74603 0.00 0.00 0.00 0
74604 0.00 0.00 0.00 0
74605 0.00 0.00 0.00 0
74606 0.00 0.00 0.00 0
74607 0.00 0.00 0.00 0
74608 0.00 0.00 0.00 0
74609 0.00 0.00 0.00 0
74616 0.00 0.00 0.00 0
74897 0.00 0.00 0.00 0
74898 0.00 0.00 0.00 0
74899 0.00 0.00 0.00 0
74910 0.00 0.00 0.00 0
74913 0.00 0.00 0.00 0
74914 0.00 0.00 0.00 0
74915 0.00 0.00 0.00 0
74916 0.00 0.00 0.00 0
74917 0.00 0.00 0.00 0
74918 0.00 0.00 0.00 0
74919 0.00 0.00 0.00 0
74920 0.00 0.00 0.00 0
74921 0.00 0.00 0.00 0
74923 0.00 0.00 0.00 0
74927 0.00 0.00 0.00 0
74932 0.00 0.00 0.00 0
74933 0.00 0.00 0.00 0
78826 0.00 0.00 0.00 0
78827 0.00 0.00 0.00 0
78828 0.00 0.00 0.00 0
78829 0.00 0.00 0.00 0
78830 0.00 0.00 0.00 0
78835 0.00 0.00 0.00 0
78836 0.00 0.00 0.00 0
78837 0.00 0.00 0.00 0
78838 0.00 0.00 0.00 0
78839 0.00 0.00 0.00 0
78840 0.00 0.00 0.00 0
78854 0.00 0.00 0.00 0
78855 0.00 0.00 0.00 0
78856 0.00 0.00 0.00 0
78857 0.00 0.00 0.00 0
78858 0.00 0.00 0.00 0
78859 0.00 0.00 0.00 0
78860 0.00 0.00 0.00 0
78861 0.00 0.00 0.00 0
78869 0.00 0.00 0.00 0
78870 0.00 0.00 0.00 0
78871 0.00 0.00 0.00 0
78872 0.00 0.00 0.00 0
78873 0.00 0.00 0.00 0
78874 0.00 0.00 0.00 0
78875 0.00 0.00 0.00 0
78876 0.00 0.00 0.00 0
78877 0.00 0.00 0.00 0
78878 0.00 0.00 0.00 0
78879 0.00 0.00 0.00 0
78880 0.00 0.00 0.00 0
78881 0.00 0.00 0.00 0
78882 0.00 0.00 0.00 0
78883 0.00 0.00 0.00 0
78884 0.00 0.00 0.00 0
78885 0.00 0.00 0.00 0
78886 0.00 0.00 0.00 0
78887 0.00 0.00 0.00 0
78888 0.00 0.00 0.00 0
78889 0.00 0.00 0.00 0
78890 0.00 0.00 0.00 0
78891 0.00 0.00 0.00 0
78892 0.00 0.00 0.00 0
78893 0.00 0.00 0.00 0
78894 0.00 0.00 0.00 0
78895 0.00 0.00 0.00 0
78896 0.00 0.00 0.00 0
78897 0.00 0.00 0.00 0
78898 0.00 0.00 0.00 0
78899 0.00 0.00 0.00 0
78900 0.00 0.00 0.00 0
78901 0.00 0.00 0.00 0
78902 0.00 0.00 0.00 0
78903 0.00 0.00 0.00 0
78904 0.00 0.00 0.00 0
78905 0.00 0.00 0.00 0
78906 0.00 0.00 0.00 0
78907 0.00 0.00 0.00 0
78908 0.00 0.00 0.00 0
78909 0.00 0.00 0.00 0
78910 0.00 0.00 0.00 0
78911 0.00 0.00 0.00 0
78912 0.00 0.00 0.00 0
78913 0.00 0.00 0.00 0
78914 0.00 0.00 0.00 0
78915 0.00 0.00 0.00 0
78916 0.00 0.00 0.00 0
78917 0.00 0.00 0.00 0
78918 0.00 0.00 0.00 0
78919 0.00 0.00 0.00 0
78920 0.00 0.00 0.00 0
78921 0.00 0.00 0.00 0
78922 0.00 0.00 0.00 0
78923 0.00 0.00 0.00 0
78924 0.00 0.00 0.00 0
78925 0.00 0.00 0.00 0
78926 0.00 0.00 0.00 0
78927 0.00 0.00 0.00 0
78928 0.00 0.00 0.00 0
78929 0.00 0.00 0.00 0
78930 0.00 0.00 0.00 0
78931 0.00 0.00 0.00 0
78937 0.00 0.00 0.00 0
78938 0.00 0.00 0.00 0
78939 0.00 0.00 0.00 0
78952 0.00 0.00 0.00 0
78953 0.00 0.00 0.00 0
78954 0.00 0.00 0.00 0
78955 0.00 0.00 0.00 0
78956 0.00 0.00 0.00 0
78957 0.00 0.00 0.00 0
78958 0.00 0.00 0.00 0
78959 0.00 0.00 0.00 0
78960 0.00 0.00 0.00 0
78961 0.00 0.00 0.00 0
78962 0.00 0.00 0.00 0
78963 0.00 0.00 0.00 0
78964 0.00 0.00 0.00 0
78965 0.00 0.00 0.00 0
78966 0.00 0.00 0.00 0
78967 0.00 0.00 0.00 0
78968 0.00 0.00 0.00 0
78969 0.00 0.00 0.00 0
78982 0.00 0.00 0.00 0
78983 0.00 0.00 0.00 0
78984 0.00 0.00 0.00 0
87926 0.00 0.00 0.00 0
87927 0.00 0.00 0.00 0
87928 0.00 0.00 0.00 0
87929 0.00 0.00 0.00 0
87948 0.00 0.00 0.00 0
87949 0.00 0.00 0.00 0
87950 0.00 0.00 0.00 0
87951 0.00 0.00 0.00 0
87952 0.00 0.00 0.00 0
87953 0.00 0.00 0.00 0
87954 0.00 0.00 0.00 0
87955 0.00 0.00 0.00 0
87956 0.00 0.00 0.00 0
87957 0.00 0.00 0.00 0
87958 0.00 0.00 0.00 0
87959 0.00 0.00 0.00 0
87960 0.00 0.00 0.00 0
87961 0.00 0.00 0.00 0
87962 0.00 0.00 0.00 0
87963 0.00 0.00 0.00 0
87964 0.00 0.00 0.00 0
87965 0.00 0.00 0.00 0
87966 0.00 0.00 0.00 0
87967 0.00 0.00 0.00 0
87968 0.00 0.00 0.00 0
87969 0.00 0.00 0.00 0
87970 0.00 0.00 0.00 0
87971 0.00 0.00 0.00 0
87972 0.00 0.00 0.00 0
87973 0.00 0.00 0.00 0
87974 0.00 0.00 0.00 0
87997 0.00 0.00 0.00 0
87998 0.00 0.00 0.00 0
87999 0.00 0.00 0.00 0
88000 0.00 0.00 0.00 0
88001 0.00 0.00 0.00 0
88002 0.00 0.00 0.00 0
88003 0.00 0.00 0.00 0
88004 0.00 0.00 0.00 0
88005 0.00 0.00 0.00 0
88006 0.00 0.00 0.00 0
88007 0.00 0.00 0.00 0
88008 0.00 0.00 0.00 0
88009 0.00 0.00 0.00 0
88010 0.00 0.00 0.00 0
88011 0.00 0.00 0.00 0
88012 0.00 0.00 0.00 0
88013 0.00 0.00 0.00 0
88014 0.00 0.00 0.00 0
88015 0.00 0.00 0.00 0
88016 0.00 0.00 0.00 0
88017 0.00 0.00 0.00 0
88018 0.00 0.00 0.00 0
88019 0.00 0.00 0.00 0
88020 0.00 0.00 0.00 0
88021 0.00 0.00 0.00 0
88022 0.00 0.00 0.00 0
88023 0.00 0.00 0.00 0
88024 0.00 0.00 0.00 0
88025 0.00 0.00 0.00 0
88026 0.00 0.00 0.00 0
88027 0.00 0.00 0.00 0
88028 0.00 0.00 0.00 0
88029 0.00 0.00 0.00 0
88030 0.00 0.00 0.00 0
88031 0.00 0.00 0.00 0
88032 0.00 0.00 0.00 0
88033 0.00 0.00 0.00 0
88034 0.00 0.00 0.00 0
88035 0.00 0.00 0.00 0
88036 0.00 0.00 0.00 0
88037 0.00 0.00 0.00 0
88038 0.00 0.00 0.00 0
88039 0.00 0.00 0.00 0
88040 0.00 0.00 0.00 0
88041 0.00 0.00 0.00 0
88042 0.00 0.00 0.00 0
88043 0.00 0.00 0.00 0
88044 0.00 0.00 0.00 0
88045 0.00 0.00 0.00 0
88046 0.00 0.00 0.00 0
88047 0.00 0.00 0.00 0
88048 0.00 0.00 0.00 0
88049 0.00 0.00 0.00 0
88050 0.00 0.00 0.00 0
88051 0.00 0.00 0.00 0
88052 0.00 0.00 0.00 0
88053 0.00 0.00 0.00 0
88054 0.00 0.00 0.00 0
88055 0.00 0.00 0.00 0
88056 0.00 0.00 0.00 0
88057 0.00 0.00 0.00 0
88058 0.00 0.00 0.00 0
88059 0.00 0.00 0.00 0
88060 0.00 0.00 0.00 0
88061 0.00 0.00 0.00 0
88062 0.00 0.00 0.00 0
88063 0.00 0.00 0.00 0
88064 0.00 0.00 0.00 0
88065 0.00 0.00 0.00 0
88066 0.00 0.00 0.00 0
88067 0.00 0.00 0.00 0
88068 0.00 0.00 0.00 0
88069 0.00 0.00 0.00 0
88070 0.00 0.00 0.00 0
88071 0.00 0.00 0.00 0
88072 0.00 0.00 0.00 0
88073 0.00 0.00 0.00 0
88074 0.00 0.00 0.00 0
88075 0.00 0.00 0.00 0
88076 0.00 0.00 0.00 0
88077 0.00 0.00 0.00 0
88078 0.00 0.00 0.00 0
88079 0.00 0.00 0.00 0
88080 0.00 0.00 0.00 0
88081 0.00 0.00 0.00 0
88082 0.00 0.00 0.00 0
88083 0.00 0.00 0.00 0
88084 0.00 0.00 0.00 0
88085 0.00 0.00 0.00 0
88086 0.00 0.00 0.00 0
88087 0.00 0.00 0.00 0
88088 0.00 0.00 0.00 0
88089 0.00 0.00 0.00 0
88090 0.00 0.00 0.00 0
88091 0.00 0.00 0.00 0
88092 0.00 0.00 0.00 0
88093 0.00 0.00 0.00 0
88094 0.00 0.00 0.00 0
88096 0.00 0.00 0.00 0
88132 0.00 0.00 0.00 0
88133 0.00 0.00 0.00 0
88134 0.00 0.00 0.00 0
88135 0.00 0.00 0.00 0
88136 0.00 0.00 0.00 0
88137 0.00 0.00 0.00 0
88138 0.00 0.00 0.00 0
88139 0.00 0.00 0.00 0
88140 0.00 0.00 0.00 0
88141 0.00 0.00 0.00 0
88142 0.00 0.00 0.00 0
88143 0.00 0.00 0.00 0
88144 0.00 0.00 0.00 0
88145 0.00 0.00 0.00 0
88146 0.00 0.00 0.00 0
88147 0.00 0.00 0.00 0
88148 0.00 0.00 0.00 0
88149 0.00 0.00 0.00 0
88150 0.00 0.00 0.00 0
88151 0.00 0.00 0.00 0
88152 0.00 0.00 0.00 0
88153 0.00 0.00 0.00 0
88154 0.00 0.00 0.00 0
88155 0.00 0.00 0.00 0
88156 0.00 0.00 0.00 0
88157 0.00 0.00 0.00 0
88158 0.00 0.00 0.00 0
88159 0.00 0.00 0.00 0
88160 0.00 0.00 0.00 0
88161 0.00 0.00 0.00 0
88162 0.00 0.00 0.00 0
88163 0.00 0.00 0.00 0
88164 0.00 0.00 0.00 0
88165 0.00 0.00 0.00 0
88166 0.00 0.00 0.00 0
88167 0.00 0.00 0.00 0
88168 0.00 0.00 0.00 0
88169 0.00 0.00 0.00 0
88170 0.00 0.00 0.00 0
88171 0.00 0.00 0.00 0
88172 0.00 0.00 0.00 0
88173 0.00 0.00 0.00 0
88174 0.00 0.00 0.00 0
88175 0.00 0.00 0.00 0
88176 0.00 0.00 0.00 0
88177 0.00 0.00 0.00 0
88180 0.00 0.00 0.00 0
88181 0.00 0.00 0.00 0
88182 0.00 0.00 0.00 0
88183 0.00 0.00 0.00 0
88184 0.00 0.00 0.00 0
88185 0.00 0.00 0.00 0
88186 0.00 0.00 0.00 0
88187 0.00 0.00 0.00 0
88188 0.00 0.00 0.00 0
88189 0.00 0.00 0.00 0
88190 0.00 0.00 0.00 0
88191 0.00 0.00 0.00 0
88192 0.00 0.00 0.00 0
88193 0.00 0.00 0.00 0
88194 0.00 0.00 0.00 0
88195 0.00 0.00 0.00 0
88196 0.00 0.00 0.00 0
88197 0.00 0.00 0.00 0
88198 0.00 0.00 0.00 0
88199 0.00 0.00 0.00 0
88200 0.00 0.00 0.00 0
88208 0.00 0.00 0.00 0
88209 0.00 0.00 0.00 0
88210 0.00 0.00 0.00 0
88211 0.00 0.00 0.00 0
88212 0.00 0.00 0.00 0
88213 0.00 0.00 0.00 0
88214 0.00 0.00 0.00 0
88215 0.00 0.00 0.00 0
88216 0.00 0.00 0.00 0
88217 0.00 0.00 0.00 0
88218 0.00 0.00 0.00 0
88219 0.00 0.00 0.00 0
88220 0.00 0.00 0.00 0
88221 0.00 0.00 0.00 0
88222 0.00 0.00 0.00 0
88223 0.00 0.00 0.00 0
88224 0.00 0.00 0.00 0
88225 0.00 0.00 0.00 0
88226 0.00 0.00 0.00 0
88227 0.00 0.00 0.00 0
88228 0.00 0.00 0.00 0
88229 0.00 0.00 0.00 0
88230 0.00 0.00 0.00 0
88231 0.00 0.00 0.00 0
88232 0.00 0.00 0.00 0
88233 0.00 0.00 0.00 0
88234 0.00 0.00 0.00 0
88235 0.00 0.00 0.00 0
88236 0.00 0.00 0.00 0
88237 0.00 0.00 0.00 0
88238 0.00 0.00 0.00 0
88239 0.00 0.00 0.00 0
88240 0.00 0.00 0.00 0
88241 0.00 0.00 0.00 0
88242 0.00 0.00 0.00 0
88243 0.00 0.00 0.00 0
88244 0.00 0.00 0.00 0
88245 0.00 0.00 0.00 0
88246 0.00 0.00 0.00 0
88247 0.00 0.00 0.00 0
88248 0.00 0.00 0.00 0
88249 0.00 0.00 0.00 0
88250 0.00 0.00 0.00 0
88251 0.00 0.00 0.00 0
88252 0.00 0.00 0.00 0
88253 0.00 0.00 0.00 0
88254 0.00 0.00 0.00 0
88255 0.00 0.00 0.00 0
88256 0.00 0.00 0.00 0
88257 0.00 0.00 0.00 0
88258 0.00 0.00 0.00 0
88259 0.00 0.00 0.00 0
88260 0.00 0.00 0.00 0
88261 0.00 0.00 0.00 0
88262 0.00 0.00 0.00 0
88263 0.00 0.00 0.00 0
88264 0.00 0.00 0.00 0
88265 0.00 0.00 0.00 0
88266 0.00 0.00 0.00 0
88267 0.00 0.00 0.00 0
88268 0.00 0.00 0.00 0
88269 0.00 0.00 0.00 0
88270 0.00 0.00 0.00 0
88271 0.00 0.00 0.00 0
88272 0.00 0.00 0.00 0
88273 0.00 0.00 0.00 0
88274 0.00 0.00 0.00 0
88275 0.00 0.00 0.00 0
88276 0.00 0.00 0.00 0
88277 0.00 0.00 0.00 0
88278 0.00 0.00 0.00 0
88279 0.00 0.00 0.00 0
88280 0.00 0.00 0.00 0
88281 0.00 0.00 0.00 0
88282 0.00 0.00 0.00 0
88283 0.00 0.00 0.00 0
88284 0.00 0.00 0.00 0
88285 0.00 0.00 0.00 0
88286 0.00 0.00 0.00 0
88287 0.00 0.00 0.00 0
88288 0.00 0.00 0.00 0
88289 0.00 0.00 0.00 0
88298 0.00 0.00 0.00 0
88299 0.00 0.00 0.00 0
88300 0.00 0.00 0.00 0
88320 0.00 0.00 0.00 0
88321 0.00 0.00 0.00 0
88322 0.00 0.00 0.00 0
88323 0.00 0.00 0.00 0
88324 0.00 0.00 0.00 0
88325 0.00 0.00 0.00 0
88329 0.00 0.00 0.00 0
88330 0.00 0.00 0.00 0
88331 0.00 0.00 0.00 0
88332 0.00 0.00 0.00 0
88333 0.00 0.00 0.00 0
88334 0.00 0.00 0.00 0
88335 0.00 0.00 0.00 0
88336 0.00 0.00 0.00 0
88337 0.00 0.00 0.00 0
88338 0.00 0.00 0.00 0
88339 0.00 0.00 0.00 0
88340 0.00 0.00 0.00 0
88341 0.00 0.00 0.00 0
88342 0.00 0.00 0.00 0
88343 0.00 0.00 0.00 0
88344 0.00 0.00 0.00 0
88345 0.00 0.00 0.00 0
88346 0.00 0.00 0.00 0
88347 0.00 0.00 0.00 0
88348 0.00 0.00 0.00 0
88349 0.00 0.00 0.00 0
88350 0.00 0.00 0.00 0
88351 0.00 0.00 0.00 0
88352 0.00 0.00 0.00 0
88353 0.00 0.00 0.00 0
88354 0.00 0.00 0.00 0
88355 0.00 0.00 0.00 0
88356 0.00 0.00 0.00 0
88357 0.00 0.00 0.00 0
88358 0.00 0.00 0.00 0
88359 0.00 0.00 0.00 0
88361 0.00 0.00 0.00 0
88362 0.00 0.00 0.00 0
88363 0.00 0.00 0.00 0
88364 0.00 0.00 0.00 0
92713 0.00 0.00 0.00 0
92714 0.00 0.00 0.00 0
92715 0.00 0.00 0.00 0
92716 0.00 0.00 0.00 0
92717 0.00 0.00 0.00 0
92718 0.00 0.00 0.00 0
92719 0.00 0.00 0.00 0
92720 0.00 0.00 0.00 0
92721 0.00 0.00 0.00 0
93321 0.00 0.00 0.00 0
93322 0.00 0.00 0.00 0
93323 0.00 0.00 0.00 0
93324 0.00 0.00 0.00 0
93325 0.00 0.00 0.00 0
93326 0.00 0.00 0.00 0
93327 0.00 0.00 0.00 0
93328 0.00 0.00 0.00 0
93329 0.00 0.00 0.00 0
93370 0.00 0.00 0.00 0
93371 0.00 0.00 0.00 0
93372 0.00 0.00 0.00 0
93792 0.00 0.00 0.00 0
93793 0.00 0.00 0.00 0
93794 0.00 0.00 0.00 0
93795 0.00 0.00 0.00 0
93796 0.00 0.00 0.00 0
93797 0.00 0.00 0.00 0
93798 0.00 0.00 0.00 0
93799 0.00 0.00 0.00 0
93800 0.00 0.00 0.00 0
93801 0.00 0.00 0.00 0
94405 0.00 0.00 0.00 0
94406 0.00 0.00 0.00 0
94407 0.00 0.00 0.00 0
94408 0.00 0.00 0.00 0
94409 0.00 0.00 0.00 0
94468 0.00 0.00 0.00 0
94469 0.00 0.00 0.00 0
94470 0.00 0.00 0.00 0
94471 0.00 0.00 0.00 0
94472 0.00 0.00 0.00 0
94473 0.00 0.00 0.00 0
94474 0.00 0.00 0.00 0
94475 0.00 0.00 0.00 0
94476 0.00 0.00 0.00 0
95251 0.00 0.00 0.00 0
95252 0.00 0.00 0.00 0
95253 0.00 0.00 0.00 0
95254 0.00 0.00 0.00 0
95255 0.00 0.00 0.00 0
95256 0.00 0.00 0.00 0
95257 0.00 0.00 0.00 0
95258 0.00 0.00 0.00 0
95260 0.00 0.00 0.00 0
95261 0.00 0.00 0.00 0
95262 0.00 0.00 0.00 0
95263 0.00 0.00 0.00 0
95264 0.00 0.00 0.00 0
95265 0.00 0.00 0.00 0
95266 0.00 0.00 0.00 0
95267 0.00 0.00 0.00 0
95268 0.00 0.00 0.00 0
95269 0.00 0.00 0.00 0
95270 0.00 0.00 0.00 0
95271 0.00 0.00 0.00 0
95272 0.00 0.00 0.00 0
95273 0.00 0.00 0.00 0
95274 0.00 0.00 0.00 0
95275 0.00 0.00 0.00 0
95276 0.00 0.00 0.00 0
95277 0.00 0.00 0.00 0
95278 0.00 0.00 0.00 0
95279 0.00 0.00 0.00 0
95280 0.00 0.00 0.00 0
95281 0.00 0.00 0.00 0
95282 0.00 0.00 0.00 0
95283 0.00 0.00 0.00 0
95284 0.00 0.00 0.00 0
95285 0.00 0.00 0.00 0
95286 0.00 0.00 0.00 0
97080 0.00 0.00 0.00 0
97081 0.00 0.00 0.00 0
97082 0.00 0.00 0.00 0
97085 0.00 0.00 0.00 0
97086 0.00 0.00 0.00 0
97087 0.00 0.00 0.00 0
97088 0.00 0.00 0.00 0
97089 0.00 0.00 0.00 0
97090 0.00 0.00 0.00 0
97091 0.00 0.00 0.00 0
97092 0.00 0.00 0.00 0
97093 0.00 0.00 0.00 0
97094 0.00 0.00 0.00 0
97095 0.00 0.00 0.00 0
97096 0.00 0.00 0.00 0
97097 0.00 0.00 0.00 0
97098 0.00 0.00 0.00 0
97099 0.00 0.00 0.00 0
97100 0.00 0.00 0.00 0
97101 0.00 0.00 0.00 0
97102 0.00 0.00 0.00 0
97115 0.00 0.00 0.00 0
97116 0.00 0.00 0.00 0
97117 0.00 0.00 0.00 0
97118 0.00 0.00 0.00 0
97119 0.00 0.00 0.00 0
97120 0.00 0.00 0.00 0
97121 0.00 0.00 0.00 0
97122 0.00 0.00 0.00 0
97123 0.00 0.00 0.00 0
97125 0.00 0.00 0.00 0
97129 0.00 0.00 0.00 0
97130 0.00 0.00 0.00 0
97131 0.00 0.00 0.00 0
97132 0.00 0.00 0.00 0
97133 0.00 0.00 0.00 0
97134 0.00 0.00 0.00 0
97135 0.00 0.00 0.00 0
97136 0.00 0.00 0.00 0
97137 0.00 0.00 0.00 0
97138 0.00 0.00 0.00 0
97139 0.00 0.00 0.00 0
97140 0.00 0.00 0.00 0
97141 0.00 0.00 0.00 0
97142 0.00 0.00 0.00 0
97143 0.00 0.00 0.00 0
97144 0.00 0.00 0.00 0
97145 0.00 0.00 0.00 0
97146 0.00 0.00 0.00 0
97147 0.00 0.00 0.00 0
97148 0.00 0.00 0.00 0
97149 0.00 0.00 0.00 0
97150 0.00 0.00 0.00 0
97151 0.00 0.00 0.00 0
97152 0.00 0.00 0.00 0
97153 0.00 0.00 0.00 0
97154 0.00 0.00 0.00 0
97234 0.00 0.00 0.00 0
97235 0.00 0.00 0.00 0
98120 0.00 0.00 0.00 0
98121 0.00 0.00 0.00 0
99576 0.00 0.00 0.00 0
99577 0.00 0.00 0.00 0
99578 0.00 0.00 0.00 0
99579 0.00 0.00 0.00 0
99580 0.00 0.00 0.00 0
99581 0.00 0.00 0.00 0
99582 0.00 0.00 0.00 0
99583 0.00 0.00 0.00 0
99584 0.00 0.00 0.00 0
99585 0.00 0.00 0.00 0
99586 0.00 0.00 0.00 0
99587 0.00 0.00 0.00 0
99588 0.00 0.00 0.00 0
99589 0.00 0.00 0.00 0
99590 0.00 0.00 0.00 0
99591 0.00 0.00 0.00 0
99592 0.00 0.00 0.00 0
99593 0.00 0.00 0.00 0
99594 0.00 0.00 0.00 0
99595 0.00 0.00 0.00 0
99596 0.00 0.00 0.00 0
99597 0.00 0.00 0.00 0
99598 0.00 0.00 0.00 0
99599 0.00 0.00 0.00 0
99600 0.00 0.00 0.00 0
99601 0.00 0.00 0.00 0
99602 0.00 0.00 0.00 0
99603 0.00 0.00 0.00 0
99604 0.00 0.00 0.00 0
99605 0.00 0.00 0.00 0
99606 0.00 0.00 0.00 0
101403 0.00 0.00 0.00 0
101404 0.00 0.00 0.00 0
101405 0.00 0.00 0.00 0
101406 0.00 0.00 0.00 0
101407 0.00 0.00 0.00 0
101408 0.00 0.00 0.00 0
101409 0.00 0.00 0.00 0
101410 0.00 0.00 0.00 0
101411 0.00 0.00 0.00 0
101412 0.00 0.00 0.00 0
101413 0.00 0.00 0.00 0
101414 0.00 0.00 0.00 0
101415 0.00 0.00 0.00 0
101416 0.00 0.00 0.00 0
101417 0.00 0.00 0.00 0
101418 0.00 0.00 0.00 0
101419 0.00 0.00 0.00 0
101420 0.00 0.00 0.00 0
101421 0.00 0.00 0.00 0
101422 0.00 0.00 0.00 0
101423 0.00 0.00 0.00 0
101424 0.00 0.00 0.00 0
101425 0.00 0.00 0.00 0
101426 0.00 0.00 0.00 0
101427 0.00 0.00 0.00 0
101428 0.00 0.00 0.00 0
101429 0.00 0.00 0.00 0
101438 0.00 0.00 0.00 0
101439 0.00 0.00 0.00 0
101440 0.00 0.00 0.00 0
101441 0.00 0.00 0.00 0
101442 0.00 0.00 0.00 0
101443 0.00 0.00 0.00 0
101456 0.00 0.00 0.00 0
101457 0.00 0.00 0.00 0
101458 0.00 0.00 0.00 0
101459 0.00 0.00 0.00 0
101460 0.00 0.00 0.00 0
101461 0.00 0.00 0.00 0
101462 0.00 0.00 0.00 0
101463 0.00 0.00 0.00 0
101464 0.00 0.00 0.00 0
101465 0.00 0.00 0.00 0
101466 0.00 0.00 0.00 0
101467 0.00 0.00 0.00 0
101468 0.00 0.00 0.00 0
101469 0.00 0.00 0.00 0
101470 0.00 0.00 0.00 0
101471 0.00 0.00 0.00 0
101472 0.00 0.00 0.00 0
101553 0.00 0.00 0.00 0
102811 0.00 0.00 0.00 0
102812 0.00 0.00 0.00 0
102813 0.00 0.00 0.00 0
102814 0.00 0.00 0.00 0
102815 0.00 0.00 0.00 0
102816 0.00 0.00 0.00 0
102817 0.00 0.00 0.00 0
102818 0.00 0.00 0.00 0
102819 0.00 0.00 0.00 0
102820 0.00 0.00 0.00 0
102821 0.00 0.00 0.00 0
102822 0.00 0.00 0.00 0
102823 0.00 0.00 0.00 0
102824 0.00 0.00 0.00 0
102825 0.00 0.00 0.00 0
102826 0.00 0.00 0.00 0
102827 0.00 0.00 0.00 0
102828 0.00 0.00 0.00 0
102829 0.00 0.00 0.00 0
102830 0.00 0.00 0.00 0
102831 0.00 0.00 0.00 0
102832 0.00 0.00 0.00 0
102833 0.00 0.00 0.00 0
102834 0.00 0.00 0.00 0
102835 0.00 0.00 0.00 0
102836 0.00 0.00 0.00 0
102837 0.00 0.00 0.00 0
102838 0.00 0.00 0.00 0
102839 0.00 0.00 0.00 0
102840 0.00 0.00 0.00 0
102841 0.00 0.00 0.00 0
102842 0.00 0.00 0.00 0
102843 0.00 0.00 0.00 0
102844 0.00 0.00 0.00 0
102845 0.00 0.00 0.00 0
102846 0.00 0.00 0.00 0
104655 0.00 0.00 0.00 0
104656 0.00 0.00 0.00 0
104657 0.00 0.00 0.00 0
104658 0.00 0.00 0.00 0
104659 0.00 0.00 0.00 0
104660 0.00 0.00 0.00 0
104661 0.00 0.00 0.00 0
104662 0.00 0.00 0.00 0
104663 0.00 0.00 0.00 0
104664 0.00 0.00 0.00 0
104665 0.00 0.00 0.00 0
104666 0.00 0.00 0.00 0
104667 0.00 0.00 0.00 0
104668 0.00 0.00 0.00 0
104669 0.00 0.00 0.00 0
104842 0.00 0.00 0.00 0
104843 0.00 0.00 0.00 0
104844 0.00 0.00 0.00 0
104850 0.00 0.00 0.00 0
104851 0.00 0.00 0.00 0
104852 0.00 0.00 0.00 0
104853 0.00 0.00 0.00 0
104854 0.00 0.00 0.00 0
104855 0.00 0.00 0.00 0
104856 0.00 0.00 0.00 0
104857 0.00 0.00 0.00 0
104860 0.00 0.00 0.00 0
104861 0.00 0.00 0.00 0
104862 0.00 0.00 0.00 0
104863 0.00 0.00 0.00 0
107198 0.00 0.00 0.00 0
107199 0.00 0.00 0.00 0
107200 0.00 0.00 0.00 0
107201 0.00 0.00 0.00 0
107202 0.00 0.00 0.00 0
107214 0.00 0.00 0.00 0
107215 0.00 0.00 0.00 0
107216 0.00 0.00 0.00 0
107217 0.00 0.00 0.00 0
107218 0.00 0.00 0.00 0
107219 0.00 0.00 0.00 0
107220 0.00 0.00 0.00 0
107224 0.00 0.00 0.00 0
107225 0.00 0.00 0.00 0
107226 0.00 0.00 0.00 0
107227 0.00 0.00 0.00 0
107228 0.00 0.00 0.00 0
107229 0.00 0.00 0.00 0
107230 0.00 0.00 0.00 0
107231 0.00 0.00 0.00 0
107232 0.00 0.00 0.00 0
107233 0.00 0.00 0.00 0
107234 0.00 0.00 0.00 0
107235 0.00 0.00 0.00 0
107236 0.00 0.00 0.00 0
107237 0.00 0.00 0.00 0
107238 0.00 0.00 0.00 0
107239 0.00 0.00 0.00 0
107240 0.00 0.00 0.00 0
107241 0.00 0.00 0.00 0
107242 0.00 0.00 0.00 0
107243 0.00 0.00 0.00 0
107244 0.00 0.00 0.00 0
107245 0.00 0.00 0.00 0
107246 0.00 0.00 0.00 0
107247 0.00 0.00 0.00 0
107248 0.00 0.00 0.00 0
107249 0.00 0.00 0.00 0
107250 0.00 0.00 0.00 0
107251 0.00 0.00 0.00 0
107252 0.00 0.00 0.00 0
107253 0.00 0.00 0.00 0
107254 0.00 0.00 0.00 0
107255 0.00 0.00 0.00 0
107256 0.00 0.00 0.00 0
107257 0.00 0.00 0.00 0
107258 0.00 0.00 0.00 0
107259 0.00 0.00 0.00 0
107260 0.00 0.00 0.00 0
107261 0.00 0.00 0.00 0
107262 0.00 0.00 0.00 0
107263 0.00 0.00 0.00 0
107264 0.00 0.00 0.00 0
107265 0.00 0.00 0.00 0
107266 0.00 0.00 0.00 0
107267 0.00 0.00 0.00 0
107268 0.00 0.00 0.00 0
107275 0.00 0.00 0.00 0
107276 0.00 0.00 0.00 0
107277 0.00 0.00 0.00 0
107278 0.00 0.00 0.00 0
107279 0.00 0.00 0.00 0
107280 0.00 0.00 0.00 0
107281 0.00 0.00 0.00 0
107282 0.00 0.00 0.00 0
107283 0.00 0.00 0.00 0
107284 0.00 0.00 0.00 0
107293 0.00 0.00 0.00 0
107294 0.00 0.00 0.00 0
107295 0.00 0.00 0.00 0
107296 0.00 0.00 0.00 0
112672 0.00 0.00 0.00 0
112673 0.00 0.00 0.00 0
112674 0.00 0.00 0.00 0
112675 0.00 0.00 0.00 0
112676 0.00 0.00 0.00 0
112677 0.00 0.00 0.00 0
112678 0.00 0.00 0.00 0
112679 0.00 0.00 0.00 0
112680 0.00 0.00 0.00 0
112681 0.00 0.00 0.00 0
112682 0.00 0.00 0.00 0
112683 0.00 0.00 0.00 0
112684 0.00 0.00 0.00 0
112685 0.00 0.00 0.00 0
112686 0.00 0.00 0.00 0
112687 0.00 0.00 0.00 0
112688 0.00 0.00 0.00 0
112702 0.00 0.00 0.00 0
112703 0.00 0.00 0.00 0
112704 0.00 0.00 0.00 0
112705 0.00 0.00 0.00 0
112706 0.00 0.00 0.00 0
112707 0.00 0.00 0.00 0
112708 0.00 0.00 0.00 0
112709 0.00 0.00 0.00 0
112710 0.00 0.00 0.00 0
112711 0.00 0.00 0.00 0
112712 0.00 0.00 0.00 0
112713 0.00 0.00 0.00 0
112714 0.00 0.00 0.00 0
112715 0.00 0.00 0.00 0
112716 0.00 0.00 0.00 0
112717 0.00 0.00 0.00 0
112718 0.00 0.00 0.00 0
112719 0.00 0.00 0.00 0
112720 0.00 0.00 0.00 0
112721 0.00 0.00 0.00 0
112722 0.00 0.00 0.00 0
112723 0.00 0.00 0.00 0
112724 0.00 0.00 0.00 0
112725 0.00 0.00 0.00 0
112726 0.00 0.00 0.00 0
112727 0.00 0.00 0.00 0
112728 0.00 0.00 0.00 0
112729 0.00 0.00 0.00 0
112730 0.00 0.00 0.00 0
112731 0.00 0.00 0.00 0
112732 0.00 0.00 0.00 0
112733 0.00 0.00 0.00 0
112734 0.00 0.00 0.00 0
112735 0.00 0.00 0.00 0
112736 0.00 0.00 0.00 0
112737 0.00 0.00 0.00 0
112738 0.00 0.00 0.00 0
112739 0.00 0.00 0.00 0
112740 0.00 0.00 0.00 0
112741 0.00 0.00 0.00 0
112742 0.00 0.00 0.00 0
112743 0.00 0.00 0.00 0
112744 0.00 0.00 0.00 0
112745 0.00 0.00 0.00 0
112746 0.00 0.00 0.00 0
112747 0.00 0.00 0.00 0
112748 0.00 0.00 0.00 0
112749 0.00 0.00 0.00 0
112750 0.00 0.00 0.00 0
112751 0.00 0.00 0.00 0
112752 0.00 0.00 0.00 0
112753 0.00 0.00 0.00 0
112754 0.00 0.00 0.00 0
112755 0.00 0.00 0.00 0
112756 0.00 0.00 0.00 0
112757 0.00 0.00 0.00 0
112758 0.00 0.00 0.00 0
112759 0.00 0.00 0.00 0
112760 0.00 0.00 0.00 0
112783 0.00 0.00 0.00 0
112784 0.00 0.00 0.00 0
112785 0.00 0.00 0.00 0
112786 0.00 0.00 0.00 0
112787 0.00 0.00 0.00 0
112788 0.00 0.00 0.00 0
112789 0.00 0.00 0.00 0
112790 0.00 0.00 0.00 0
112791 0.00 0.00 0.00 0
112792 0.00 0.00 0.00 0
112793 0.00 0.00 0.00 0
112794 0.00 0.00 0.00 0
112795 0.00 0.00 0.00 0
112796 0.00 0.00 0.00 0
112797 0.00 0.00 0.00 0
112798 0.00 0.00 0.00 0
112799 0.00 0.00 0.00 0
112800 0.00 0.00 0.00 0
112801 0.00 0.00 0.00 0
112802 0.00 0.00 0.00 0
112803 0.00 0.00 0.00 0
112804 0.00 0.00 0.00 0
112805 0.00 0.00 0.00 0
112806 0.00 0.00 0.00 0
112807 0.00 0.00 0.00 0
112808 0.00 0.00 0.00 0
112809 0.00 0.00 0.00 0
112810 0.00 0.00 0.00 0
112811 0.00 0.00 0.00 0
112812 0.00 0.00 0.00 0
112813 0.00 0.00 0.00 0
112814 0.00 0.00 0.00 0
112815 0.00 0.00 0.00 0
112816 0.00 0.00 0.00 0
112817 0.00 0.00 0.00 0
112818 0.00 0.00 0.00 0
112819 0.00 0.00 0.00 0
112820 0.00 0.00 0.00 0
112821 0.00 0.00 0.00 0
112822 0.00 0.00 0.00 0
112823 0.00 0.00 0.00 0
112824 0.00 0.00 0.00 0
112830 0.00 0.00 0.00 0
112831 0.00 0.00 0.00 0
112832 0.00 0.00 0.00 0
112833 0.00 0.00 0.00 0
112834 0.00 0.00 0.00 0
112835 0.00 0.00 0.00 0
112836 0.00 0.00 0.00 0
112837 0.00 0.00 0.00 0
112838 0.00 0.00 0.00 0
112839 0.00 0.00 0.00 0
112840 0.00 0.00 0.00 0
112841 0.00 0.00 0.00 0
112842 0.00 0.00 0.00 0
112843 0.00 0.00 0.00 0
112844 0.00 0.00 0.00 0
112845 0.00 0.00 0.00 0
112846 0.00 0.00 0.00 0
112847 0.00 0.00 0.00 0
112848 0.00 0.00 0.00 0
112849 0.00 0.00 0.00 0
112850 0.00 0.00 0.00 0
112851 0.00 0.00 0.00 0
112852 0.00 0.00 0.00 0
112853 0.00 0.00 0.00 0
112854 0.00 0.00 0.00 0
112855 0.00 0.00 0.00 0
112856 0.00 0.00 0.00 0
112857 0.00 0.00 0.00 0
112858 0.00 0.00 0.00 0
112859 0.00 0.00 0.00 0
112860 0.00 0.00 0.00 0
112861 0.00 0.00 0.00 0
112862 0.00 0.00 0.00 0
112863 0.00 0.00 0.00 0
112864 0.00 0.00 0.00 0
112865 0.00 0.00 0.00 0
112866 0.00 0.00 0.00 0
112867 0.00 0.00 0.00 0
112868 0.00 0.00 0.00 0
112869 0.00 0.00 0.00 0
112870 0.00 0.00 0.00 0
112871 0.00 0.00 0.00 0
112872 0.00 0.00 0.00 0
112873 0.00 0.00 0.00 0
112874 0.00 0.00 0.00 0
112875 0.00 0.00 0.00 0
112876 0.00 0.00 0.00 0
112877 0.00 0.00 0.00 0
112878 0.00 0.00 0.00 0
112880 0.00 0.00 0.00 0
112881 0.00 0.00 0.00 0
112883 0.00 0.00 0.00 0
112884 0.00 0.00 0.00 0
112885 0.00 0.00 0.00 0
112896 0.00 0.00 0.00 0
112897 0.00 0.00 0.00 0
112898 0.00 0.00 0.00 0
112899 0.00 0.00 0.00 0
112900 0.00 0.00 0.00 0
112901 0.00 0.00 0.00 0
112902 0.00 0.00 0.00 0
112903 0.00 0.00 0.00 0
112904 0.00 0.00 0.00 0
112905 0.00 0.00 0.00 0
112906 0.00 0.00 0.00 0
112907 0.00 0.00 0.00 0
112908 0.00 0.00 0.00 0
112909 0.00 0.00 0.00 0
112910 0.00 0.00 0.00 0
112911 0.00 0.00 0.00 0
112912 0.00 0.00 0.00 0
112913 0.00 0.00 0.00 0
112914 0.00 0.00 0.00 0
112915 0.00 0.00 0.00 0
112916 0.00 0.00 0.00 0
112917 0.00 0.00 0.00 0
112918 0.00 0.00 0.00 0
112919 0.00 0.00 0.00 0
112920 0.00 0.00 0.00 0
116491 0.00 0.00 0.00 0
116492 0.00 0.00 0.00 0
116493 0.00 0.00 0.00 0
116494 0.00 0.00 0.00 0
116495 0.00 0.00 0.00 0
116496 0.00 0.00 0.00 0
116497 0.00 0.00 0.00 0
116498 0.00 0.00 0.00 0
116499 0.00 0.00 0.00 0
116500 0.00 0.00 0.00 0
116501 0.00 0.00 0.00 0
116502 0.00 0.00 0.00 0
116503 0.00 0.00 0.00 0
116504 0.00 0.00 0.00 0
116505 0.00 0.00 0.00 0
116506 0.00 0.00 0.00 0
116507 0.00 0.00 0.00 0
116508 0.00 0.00 0.00 0
116509 0.00 0.00 0.00 0
116510 0.00 0.00 0.00 0
116511 0.00 0.00 0.00 0
117909 0.00 0.00 0.00 0
117910 0.00 0.00 0.00 0
117911 0.00 0.00 0.00 0
117912 0.00 0.00 0.00 0
117913 0.00 0.00 0.00 0
117914 0.00 0.00 0.00 0
117915 0.00 0.00 0.00 0
117916 0.00 0.00 0.00 0
117917 0.00 0.00 0.00 0
117918 0.00 0.00 0.00 0
117919 0.00 0.00 0.00 0
117920 0.00 0.00 0.00 0
117921 0.00 0.00 0.00 0
117922 0.00 0.00 0.00 0
117923 0.00 0.00 0.00 0
117924 0.00 0.00 0.00 0
117925 0.00 0.00 0.00 0
117926 0.00 0.00 0.00 0
117927 0.00 0.00 0.00 0
117928 0.00 0.00 0.00 0
117929 0.00 0.00 0.00 0
117939 0.00 0.00 0.00 0
117940 0.00 0.00 0.00 0
117951 0.00 0.00 0.00 0
117952 0.00 0.00 0.00 0
118024 0.00 0.00 0.00 0
118025 0.00 0.00 0.00 0
118026 0.00 0.00 0.00 0
118027 0.00 0.00 0.00 0
118029 0.00 0.00 0.00 0
119004 0.00 0.00 0.00 0
119006 0.00 0.00 0.00 0
119007 0.00 0.00 0.00 0
119008 0.00 0.00 0.00 0
119009 0.00 0.00 0.00 0
119010 0.00 0.00 0.00 0
119011 0.00 0.00 0.00 0
119012 0.00 0.00 0.00 0
119013 0.00 0.00 0.00 0
119014 0.00 0.00 0.00 0
119015 0.00 0.00 0.00 0
119016 0.00 0.00 0.00 0
119017 0.00 0.00 0.00 0
119018 0.00 0.00 0.00 0
119019 0.00 0.00 0.00 0
119020 0.00 0.00 0.00 0
119021 0.00 0.00 0.00 0
119022 0.00 0.00 0.00 0
119023 0.00 0.00 0.00 0
119024 0.00 0.00 0.00 0
119025 0.00 0.00 0.00 0
119026 0.00 0.00 0.00 0
119027 0.00 0.00 0.00 0
119028 0.00 0.00 0.00 0
119029 0.00 0.00 0.00 0
119030 0.00 0.00 0.00 0
119031 0.00 0.00 0.00 0
120438 0.00 0.00 0.00 0
120439 0.00 0.00 0.00 0
120440 0.00 0.00 0.00 0
120441 0.00 0.00 0.00 0
120442 0.00 0.00 0.00 0
120443 0.00 0.00 0.00 0
120444 0.00 0.00 0.00 0
120445 0.00 0.00 0.00 0
120446 0.00 0.00 0.00 0
120447 0.00 0.00 0.00 0
120448 0.00 0.00 0.00 0
120449 0.00 0.00 0.00 0
120589 0.00 0.00 0.00 0
120590 0.00 0.00 0.00 0
120591 0.00 0.00 0.00 0
120592 0.00 0.00 0.00 0
120593 0.00 0.00 0.00 0
120594 0.00 0.00 0.00 0
120595 0.00 0.00 0.00 0
120596 0.00 0.00 0.00 0
120597 0.00 0.00 0.00 0
120598 0.00 0.00 0.00 0
120599 0.00 0.00 0.00 0
120600 0.00 0.00 0.00 0
120601 0.00 0.00 0.00 0
120602 0.00 0.00 0.00 0
120603 0.00 0.00 0.00 0
120604 0.00 0.00 0.00 0
120605 0.00 0.00 0.00 0
120606 0.00 0.00 0.00 0
122418 0.00 0.00 0.00 0
122419 0.00 0.00 0.00 0
122420 0.00 0.00 0.00 0
122421 0.00 0.00 0.00 0
122428 0.00 0.00 0.00 0
122431 0.00 0.00 0.00 0
122432 0.00 0.00 0.00 0
122433 0.00 0.00 0.00 0
122434 0.00 0.00 0.00 0
122435 0.00 0.00 0.00 0
122436 0.00 0.00 0.00 0
122437 0.00 0.00 0.00 0
122438 0.00 0.00 0.00 0
122439 0.00 0.00 0.00 0
122440 0.00 0.00 0.00 0
122441 0.00 0.00 0.00 0
122442 0.00 0.00 0.00 0
122443 0.00 0.00 0.00 0
122444 0.00 0.00 0.00 0
122445 0.00 0.00 0.00 0
122446 0.00 0.00 0.00 0
122447 0.00 0.00 0.00 0
122448 0.00 0.00 0.00 0
122449 0.00 0.00 0.00 0
122450 0.00 0.00 0.00 0
122451 0.00 0.00 0.00 0
122452 0.00 0.00 0.00 0
122453 0.00 0.00 0.00 0
122454 0.00 0.00 0.00 0
122455 0.00 0.00 0.00 0
122456 0.00 0.00 0.00 0
122457 0.00 0.00 0.00 0
122458 0.00 0.00 0.00 0
122459 0.00 0.00 0.00 0
122460 0.00 0.00 0.00 0
122461 0.00 0.00 0.00 0
122462 0.00 0.00 0.00 0
122463 0.00 0.00 0.00 0
122464 0.00 0.00 0.00 0
122465 0.00 0.00 0.00 0
122466 0.00 0.00 0.00 0
122467 0.00 0.00 0.00 0
122468 0.00 0.00 0.00 0
122469 0.00 0.00 0.00 0
122470 0.00 0.00 0.00 0
122471 0.00 0.00 0.00 0
122472 0.00 0.00 0.00 0
122473 0.00 0.00 0.00 0
122474 0.00 0.00 0.00 0
122475 0.00 0.00 0.00 0
122476 0.00 0.00 0.00 0
122477 0.00 0.00 0.00 0
122478 0.00 0.00 0.00 0
122479 0.00 0.00 0.00 0
122480 0.00 0.00 0.00 0
122481 0.00 0.00 0.00 0
122482 0.00 0.00 0.00 0
122483 0.00 0.00 0.00 0
122484 0.00 0.00 0.00 0
122485 0.00 0.00 0.00 0
122486 0.00 0.00 0.00 0
122487 0.00 0.00 0.00 0
122488 0.00 0.00 0.00 0
122489 0.00 0.00 0.00 0
122490 0.00 0.00 0.00 0
122491 0.00 0.00 0.00 0
122492 0.00 0.00 0.00 0
122493 0.00 0.00 0.00 0
122494 0.00 0.00 0.00 0
122495 0.00 0.00 0.00 0
122496 0.00 0.00 0.00 0
126677 0.00 0.00 0.00 0
126679 0.00 0.00 0.00 0
126680 0.00 0.00 0.00 0
126681 0.00 0.00 0.00 0
126682 0.00 0.00 0.00 0
126683 0.00 0.00 0.00 0
126684 0.00 0.00 0.00 0
126685 0.00 0.00 0.00 0
126686 0.00 0.00 0.00 0
126697 0.00 0.00 0.00 0
126698 0.00 0.00 0.00 0
126699 0.00 0.00 0.00 0
126700 0.00 0.00 0.00 0
126701 0.00 0.00 0.00 0
126702 0.00 0.00 0.00 0
126703 0.00 0.00 0.00 0
126704 0.00 0.00 0.00 0
126705 0.00 0.00 0.00 0
126706 0.00 0.00 0.00 0
126707 0.00 0.00 0.00 0
126708 0.00 0.00 0.00 0
126709 0.00 0.00 0.00 0
126710 0.00 0.00 0.00 0
126711 0.00 0.00 0.00 0
126712 0.00 0.00 0.00 0
126713 0.00 0.00 0.00 0
126714 0.00 0.00 0.00 0
126715 0.00 0.00 0.00 0
126716 0.00 0.00 0.00 0
126717 0.00 0.00 0.00 0
126718 0.00 0.00 0.00 0
126719 0.00 0.00 0.00 0
126720 0.00 0.00 0.00 0
126721 0.00 0.00 0.00 0
126722 0.00 0.00 0.00 0
126723 0.00 0.00 0.00 0
126724 0.00 0.00 0.00 0
126725 0.00 0.00 0.00 0
126726 0.00 0.00 0.00 0
126727 0.00 0.00 0.00 0
126728 0.00 0.00 0.00 0
126729 0.00 0.00 0.00 0
126730 0.00 0.00 0.00 0
126731 0.00 0.00 0.00 0
126732 0.00 0.00 0.00 0
126733 0.00 0.00 0.00 0
126734 0.00 0.00 0.00 0
126735 0.00 0.00 0.00 0
126736 0.00 0.00 0.00 0
126737 0.00 0.00 0.00 0
126738 0.00 0.00 0.00 0
126739 0.00 0.00 0.00 0
126740 0.00 0.00 0.00 0
126741 0.00 0.00 0.00 0
126761 0.00 0.00 0.00 0
126762 0.00 0.00 0.00 0
126763 0.00 0.00 0.00 0
126764 0.00 0.00 0.00 0
126765 0.00 0.00 0.00 0
126766 0.00 0.00 0.00 0
126767 0.00 0.00 0.00 0
126768 0.00 0.00 0.00 0
126769 0.00 0.00 0.00 0
126770 0.00 0.00 0.00 0
126771 0.00 0.00 0.00 0
126772 0.00 0.00 0.00 0
126773 0.00 0.00 0.00 0
126774 0.00 0.00 0.00 0
126775 0.00 0.00 0.00 0
126776 0.00 0.00 0.00 0
126777 0.00 0.00 0.00 0
126778 0.00 0.00 0.00 0
126779 0.00 0.00 0.00 0
126780 0.00 0.00 0.00 0
126781 0.00 0.00 0.00 0
126782 0.00 0.00 0.00 0
126783 0.00 0.00 0.00 0
126784 0.00 0.00 0.00 0
126785 0.00 0.00 0.00 0
126786 0.00 0.00 0.00 0
126787 0.00 0.00 0.00 0
126788 0.00 0.00 0.00 0
126789 0.00 0.00 0.00 0
126790 0.00 0.00 0.00 0
126791 0.00 0.00 0.00 0
126792 0.00 0.00 0.00 0
126793 0.00 0.00 0.00 0
126794 0.00 0.00 0.00 0
126795 0.00 0.00 0.00 0
126796 0.00 0.00 0.00 0
126797 0.00 0.00 0.00 0
126798 0.00 0.00 0.00 0
126799 0.00 0.00 0.00 0
126800 0.00 0.00 0.00 0
126801 0.00 0.00 0.00 0
126802 0.00 0.00 0.00 0
126803 0.00 0.00 0.00 0
126804 0.00 0.00 0.00 0
126805 0.00 0.00 0.00 0
126806 0.00 0.00 0.00 0
126807 0.00 0.00 0.00 0
126808 0.00 0.00 0.00 0
126809 0.00 0.00 0.00 0
126810 0.00 0.00 0.00 0
126811 0.00 0.00 0.00 0
126812 0.00 0.00 0.00 0
126813 0.00 0.00 0.00 0
126814 0.00 0.00 0.00 0
126815 0.00 0.00 0.00 0
126816 0.00 0.00 0.00 0
126817 0.00 0.00 0.00 0
126818 0.00 0.00 0.00 0
126819 0.00 0.00 0.00 0
126820 0.00 0.00 0.00 0
126821 0.00 0.00 0.00 0
126822 0.00 0.00 0.00 0
126823 0.00 0.00 0.00 0
126824 0.00 0.00 0.00 0
126825 0.00 0.00 0.00 0
126826 0.00 0.00 0.00 0
126827 0.00 0.00 0.00 0
126828 0.00 0.00 0.00 0
126829 0.00 0.00 0.00 0
126830 0.00 0.00 0.00 0
126831 0.00 0.00 0.00 0
126832 0.00 0.00 0.00 0
126833 0.00 0.00 0.00 0
126834 0.00 0.00 0.00 0
126835 0.00 0.00 0.00 0
126836 0.00 0.00 0.00 0
126837 0.00 0.00 0.00 0
126838 0.00 0.00 0.00 0
126839 0.00 0.00 0.00 0
126840 0.00 0.00 0.00 0
126841 0.00 0.00 0.00 0
126842 0.00 0.00 0.00 0
126843 0.00 0.00 0.00 0
126844 0.00 0.00 0.00 0
126845 0.00 0.00 0.00 0
126846 0.00 0.00 0.00 0
126847 0.00 0.00 0.00 0
126848 0.00 0.00 0.00 0
126849 0.00 0.00 0.00 0
126850 0.00 0.00 0.00 0
126851 0.00 0.00 0.00 0
126852 0.00 0.00 0.00 0
126853 0.00 0.00 0.00 0
126854 0.00 0.00 0.00 0
126855 0.00 0.00 0.00 0
126856 0.00 0.00 0.00 0
126857 0.00 0.00 0.00 0
126858 0.00 0.00 0.00 0
126859 0.00 0.00 0.00 0
126860 0.00 0.00 0.00 0
126861 0.00 0.00 0.00 0
126862 0.00 0.00 0.00 0
126863 0.00 0.00 0.00 0
126864 0.00 0.00 0.00 0
129045 0.00 0.00 0.00 0
129046 0.00 0.00 0.00 0
129047 0.00 0.00 0.00 0
129048 0.00 0.00 0.00 0
129056 0.00 0.00 0.00 0
129057 0.00 0.00 0.00 0
129058 0.00 0.00 0.00 0
129059 0.00 0.00 0.00 0
129060 0.00 0.00 0.00 0
129061 0.00 0.00 0.00 0
129062 0.00 0.00 0.00 0
129063 0.00 0.00 0.00 0
129064 0.00 0.00 0.00 0
129065 0.00 0.00 0.00 0
129066 0.00 0.00 0.00 0
130349 0.00 0.00 0.00 0
130489 0.00 0.00 0.00 0
130490 0.00 0.00 0.00 0
130491 0.00 0.00 0.00 0
132125 0.00 0.00 0.00 0
132126 0.00 0.00 0.00 0
132134 0.00 0.00 0.00 0
132135 0.00 0.00 0.00 0
132136 0.00 0.00 0.00 0
132138 0.00 0.00 0.00 0
132139 0.00 0.00 0.00 0
132140 0.00 0.00 0.00 0
132141 0.00 0.00 0.00 0
132142 0.00 0.00 0.00 0
132143 0.00 0.00 0.00 0
132144 0.00 0.00 0.00 0
132145 0.00 0.00 0.00 0
132146 0.00 0.00 0.00 0
132147 0.00 0.00 0.00 0
132148 0.00 0.00 0.00 0
132149 0.00 0.00 0.00 0
132150 0.00 0.00 0.00 0
132151 0.00 0.00 0.00 0
132152 0.00 0.00 0.00 0
132153 0.00 0.00 0.00 0
132154 0.00 0.00 0.00 0
132155 0.00 0.00 0.00 0
132156 0.00 0.00 0.00 0
132157 0.00 0.00 0.00 0
132158 0.00 0.00 0.00 0
132159 0.00 0.00 0.00 0
132160 0.00 0.00 0.00 0
132161 0.00 0.00 0.00 0
132162 0.00 0.00 0.00 0
132163 0.00 0.00 0.00 0
132164 0.00 0.00 0.00 0
132165 0.00 0.00 0.00 0
132166 0.00 0.00 0.00 0
132167 0.00 0.00 0.00 0
132168 0.00 0.00 0.00 0
132169 0.00 0.00 0.00 0
132170 0.00 0.00 0.00 0
132171 0.00 0.00 0.00 0
132172 0.00 0.00 0.00 0
132173 0.00 0.00 0.00 0
132174 0.00 0.00 0.00 0
132175 0.00 0.00 0.00 0
132176 0.00 0.00 0.00 0
132177 0.00 0.00 0.00 0
132178 0.00 0.00 0.00 0
132179 0.00 0.00 0.00 0
132180 0.00 0.00 0.00 0
132181 0.00 0.00 0.00 0
132182 0.00 0.00 0.00 0
132183 0.00 0.00 0.00 0
132184 0.00 0.00 0.00 0
132185 0.00 0.00 0.00 0
132186 0.00 0.00 0.00 0
132187 0.00 0.00 0.00 0
132188 0.00 0.00 0.00 0
132189 0.00 0.00 0.00 0
132190 0.00 0.00 0.00 0
132191 0.00 0.00 0.00 0
132192 0.00 0.00 0.00 0
132193 0.00 0.00 0.00 0
132194 0.00 0.00 0.00 0
132195 0.00 0.00 0.00 0
132196 0.00 0.00 0.00 0
132197 0.00 0.00 0.00 0
132198 0.00 0.00 0.00 0
132199 0.00 0.00 0.00 0
132200 0.00 0.00 0.00 0
132201 0.00 0.00 0.00 0
135993 0.00 0.00 0.00 0
135994 0.00 0.00 0.00 0
135995 0.00 0.00 0.00 0
135996 0.00 0.00 0.00 0
135997 0.00 0.00 0.00 0
135998 0.00 0.00 0.00 0
135999 0.00 0.00 0.00 0
136000 0.00 0.00 0.00 0
136001 0.00 0.00 0.00 0
136002 0.00 0.00 0.00 0
136003 0.00 0.00 0.00 0
136004 0.00 0.00 0.00 0
136005 0.00 0.00 0.00 0
136006 0.00 0.00 0.00 0
136007 0.00 0.00 0.00 0
136008 0.00 0.00 0.00 0
136009 0.00 0.00 0.00 0
136010 0.00 0.00 0.00 0
136011 0.00 0.00 0.00 0
136012 0.00 0.00 0.00 0
136013 0.00 0.00 0.00 0
136014 0.00 0.00 0.00 0
136015 0.00 0.00 0.00 0
136016 0.00 0.00 0.00 0
136017 0.00 0.00 0.00 0
136018 0.00 0.00 0.00 0
136019 0.00 0.00 0.00 0
136020 0.00 0.00 0.00 0
136021 0.00 0.00 0.00 0
136022 0.00 0.00 0.00 0
136023 0.00 0.00 0.00 0
136024 0.00 0.00 0.00 0
136025 0.00 0.00 0.00 0
136026 0.00 0.00 0.00 0
136027 0.00 0.00 0.00 0
136028 0.00 0.00 0.00 0
136029 0.00 0.00 0.00 0
136030 0.00 0.00 0.00 0
136031 0.00 0.00 0.00 0
136032 0.00 0.00 0.00 0
136033 0.00 0.00 0.00 0
136034 0.00 0.00 0.00 0
136035 0.00 0.00 0.00 0
136036 0.00 0.00 0.00 0
136037 0.00 0.00 0.00 0
136038 0.00 0.00 0.00 0
136039 0.00 0.00 0.00 0
136040 0.00 0.00 0.00 0
136041 0.00 0.00 0.00 0
136042 0.00 0.00 0.00 0
136043 0.00 0.00 0.00 0
136044 0.00 0.00 0.00 0
136045 0.00 0.00 0.00 0
136046 0.00 0.00 0.00 0
136053 0.00 0.00 0.00 0
136054 0.00 0.00 0.00 0
136056 0.00 0.00 0.00 0
136057 0.00 0.00 0.00 0
136058 0.00 0.00 0.00 0
136059 0.00 0.00 0.00 0
136060 0.00 0.00 0.00 0
136063 0.00 0.00 0.00 0
136065 0.00 0.00 0.00 0
136066 0.00 0.00 0.00 0
136067 0.00 0.00 0.00 0
136068 0.00 0.00 0.00 0
136069 0.00 0.00 0.00 0
136070 0.00 0.00 0.00 0
136071 0.00 0.00 0.00 0
136072 0.00 0.00 0.00 0
136073 0.00 0.00 0.00 0
136074 0.00 0.00 0.00 0
136075 0.00 0.00 0.00 0
136076 0.00 0.00 0.00 0
136077 0.00 0.00 0.00 0
136078 0.00 0.00 0.00 0
136088 0.00 0.00 0.00 0
136089 0.00 0.00 0.00 0
136096 0.00 0.00 0.00 0
136097 0.00 0.00 0.00 0
136098 0.00 0.00 0.00 0
136099 0.00 0.00 0.00 0
136100 0.00 0.00 0.00 0
136101 0.00 0.00 0.00 0
136103 0.00 0.00 0.00 0
136104 0.00 0.00 0.00 0
136105 0.00 0.00 0.00 0
136106 0.00 0.00 0.00 0
136107 0.00 0.00 0.00 0
136108 0.00 0.00 0.00 0
136109 0.00 0.00 0.00 0
136110 0.00 0.00 0.00 0
136111 0.00 0.00 0.00 0
136112 0.00 0.00 0.00 0
136113 0.00 0.00 0.00 0
136114 0.00 0.00 0.00 0
136115 0.00 0.00 0.00 0
136116 0.00 0.00 0.00 0
136117 0.00 0.00 0.00 0
136118 0.00 0.00 0.00 0
136119 0.00 0.00 0.00 0
136120 0.00 0.00 0.00 0
136121 0.00 0.00 0.00 0
136122 0.00 0.00 0.00 0
136123 0.00 0.00 0.00 0
136124 0.00 0.00 0.00 0
136125 0.00 0.00 0.00 0
136126 0.00 0.00 0.00 0
136127 0.00 0.00 0.00 0
136128 0.00 0.00 0.00 0
136129 0.00 0.00 0.00 0
136130 0.00 0.00 0.00 0
136131 0.00 0.00 0.00 0
136132 0.00 0.00 0.00 0
136133 0.00 0.00 0.00 0
136134 0.00 0.00 0.00 0
136135 0.00 0.00 0.00 0
136136 0.00 0.00 0.00 0
136137 0.00 0.00 0.00 0
136138 0.00 0.00 0.00 0
136139 0.00 0.00 0.00 0
136140 0.00 0.00 0.00 0
136141 0.00 0.00 0.00 0
136142 0.00 0.00 0.00 0
136143 0.00 0.00 0.00 0
136144 0.00 0.00 0.00 0
136145 0.00 0.00 0.00 0
136317 0.00 0.00 0.00 0
138923 0.00 0.00 0.00 0
138924 0.00 0.00 0.00 0
138926 0.00 0.00 0.00 0
138927 0.00 0.00 0.00 0
138928 0.00 0.00 0.00 0
138929 0.00 0.00 0.00 0
138930 0.00 0.00 0.00 0
138931 0.00 0.00 0.00 0
138932 0.00 0.00 0.00 0
138933 0.00 0.00 0.00 0
138934 0.00 0.00 0.00 0
138935 0.00 0.00 0.00 0
138936 0.00 0.00 0.00 0
138937 0.00 0.00 0.00 0
138938 0.00 0.00 0.00 0
138939 0.00 0.00 0.00 0
138940 0.00 0.00 0.00 0
138941 0.00 0.00 0.00 0
138942 0.00 0.00 0.00 0
138944 0.00 0.00 0.00 0
138945 0.00 0.00 0.00 0
138946 0.00 0.00 0.00 0
138947 0.00 0.00 0.00 0
138948 0.00 0.00 0.00 0
138949 0.00 0.00 0.00 0
138950 0.00 0.00 0.00 0
138951 0.00 0.00 0.00 0
138952 0.00 0.00 0.00 0
138953 0.00 0.00 0.00 0
138954 0.00 0.00 0.00 0
138955 0.00 0.00 0.00 0
138956 0.00 0.00 0.00 0
138957 0.00 0.00 0.00 0
138958 0.00 0.00 0.00 0
138959 0.00 0.00 0.00 0
138960 0.00 0.00 0.00 0
138961 0.00 0.00 0.00 0
138962 0.00 0.00 0.00 0
138963 0.00 0.00 0.00 0
138964 0.00 0.00 0.00 0
138965 0.00 0.00 0.00 0
138966 0.00 0.00 0.00 0
138967 0.00 0.00 0.00 0
138968 0.00 0.00 0.00 0
138969 0.00 0.00 0.00 0
138970 0.00 0.00 0.00 0
138971 0.00 0.00 0.00 0
138972 0.00 0.00 0.00 0
138973 0.00 0.00 0.00 0
138974 0.00 0.00 0.00 0
138975 0.00 0.00 0.00 0
138976 0.00 0.00 0.00 0
138977 0.00 0.00 0.00 0
138978 0.00 0.00 0.00 0
138979 0.00 0.00 0.00 0
138980 0.00 0.00 0.00 0
138981 0.00 0.00 0.00 0
138982 0.00 0.00 0.00 0
138983 0.00 0.00 0.00 0
138984 0.00 0.00 0.00 0
138985 0.00 0.00 0.00 0
138986 0.00 0.00 0.00 0
138987 0.00 0.00 0.00 0
138988 0.00 0.00 0.00 0
138989 0.00 0.00 0.00 0
138990 0.00 0.00 0.00 0
138991 0.00 0.00 0.00 0
138992 0.00 0.00 0.00 0
138993 0.00 0.00 0.00 0
138994 0.00 0.00 0.00 0
138995 0.00 0.00 0.00 0
138996 0.00 0.00 0.00 0
142654 0.00 0.00 0.00 0
142655 0.00 0.00 0.00 0
142680 0.00 0.00 0.00 0
142681 0.00 0.00 0.00 0
142682 0.00 0.00 0.00 0
142683 0.00 0.00 0.00 0
142684 0.00 0.00 0.00 0
142685 0.00 0.00 0.00 0
142686 0.00 0.00 0.00 0
142687 0.00 0.00 0.00 0
142688 0.00 0.00 0.00 0
142689 0.00 0.00 0.00 0
142690 0.00 0.00 0.00 0
142691 0.00 0.00 0.00 0
142692 0.00 0.00 0.00 0
142693 0.00 0.00 0.00 0
142694 0.00 0.00 0.00 0
142695 0.00 0.00 0.00 0
142696 0.00 0.00 0.00 0
142697 0.00 0.00 0.00 0
142698 0.00 0.00 0.00 0
142699 0.00 0.00 0.00 0
142700 0.00 0.00 0.00 0
142701 0.00 0.00 0.00 0
142702 0.00 0.00 0.00 0
142703 0.00 0.00 0.00 0
142704 0.00 0.00 0.00 0
142705 0.00 0.00 0.00 0
142706 0.00 0.00 0.00 0
142707 0.00 0.00 0.00 0
142708 0.00 0.00 0.00 0
142709 0.00 0.00 0.00 0
142717 0.00 0.00 0.00 0
142718 0.00 0.00 0.00 0
142719 0.00 0.00 0.00 0
142720 0.00 0.00 0.00 0
142728 0.00 0.00 0.00 0
142729 0.00 0.00 0.00 0
143083 0.00 0.00 0.00 0
143084 0.00 0.00 0.00 0
143085 0.00 0.00 0.00 0
143086 0.00 0.00 0.00 0
143087 0.00 0.00 0.00 0
143088 0.00 0.00 0.00 0
143089 0.00 0.00 0.00 0
143090 0.00 0.00 0.00 0
143091 0.00 0.00 0.00 0
143104 0.00 0.00 0.00 0
147821 0.00 0.00 0.00 0
147822 0.00 0.00 0.00 0
147823 0.00 0.00 0.00 0
147824 0.00 0.00 0.00 0
147825 0.00 0.00 0.00 0
147832 0.00 0.00 0.00 0
147833 0.00 0.00 0.00 0
147835 0.00 0.00 0.00 0
147836 0.00 0.00 0.00 0
147837 0.00 0.00 0.00 0
147838 0.00 0.00 0.00 0
147846 0.00 0.00 0.00 0
147855 0.00 0.00 0.00 0
147856 0.00 0.00 0.00 0
147857 0.00 0.00 0.00 0
147858 0.00 0.00 0.00 0
147859 0.00 0.00 0.00 0
147860 0.00 0.00 0.00 0
147861 0.00 0.00 0.00 0
147862 0.00 0.00 0.00 0
147863 0.00 0.00 0.00 0
147864 0.00 0.00 0.00 0
147873 0.00 0.00 0.00 0
147874 0.00 0.00 0.00 0
147875 0.00 0.00 0.00 0
147876 0.00 0.00 0.00 0
147877 0.00 0.00 0.00 0
147878 0.00 0.00 0.00 0
147879 0.00 0.00 0.00 0
147880 0.00 0.00 0.00 0
147881 0.00 0.00 0.00 0
147882 0.00 0.00 0.00 0
147883 0.00 0.00 0.00 0
147884 0.00 0.00 0.00 0
147885 0.00 0.00 0.00 0
147886 0.00 0.00 0.00 0
147887 0.00 0.00 0.00 0
147888 0.00 0.00 0.00 0
147889 0.00 0.00 0.00 0
147890 0.00 0.00 0.00 0
147891 0.00 0.00 0.00 0
147892 0.00 0.00 0.00 0
147893 0.00 0.00 0.00 0
147894 0.00 0.00 0.00 0
147895 0.00 0.00 0.00 0
147896 0.00 0.00 0.00 0
147897 0.00 0.00 0.00 0
147898 0.00 0.00 0.00 0
147899 0.00 0.00 0.00 0
147900 0.00 0.00 0.00 0
147901 0.00 0.00 0.00 0
147902 0.00 0.00 0.00 0
147903 0.00 0.00 0.00 0
147904 0.00 0.00 0.00 0
147905 0.00 0.00 0.00 0
147906 0.00 0.00 0.00 0
147907 0.00 0.00 0.00 0
147908 0.00 0.00 0.00 0
147909 0.00 0.00 0.00 0
147910 0.00 0.00 0.00 0
147911 0.00 0.00 0.00 0
147912 0.00 0.00 0.00 0
147913 0.00 0.00 0.00 0
147914 0.00 0.00 0.00 0
147915 0.00 0.00 0.00 0
147916 0.00 0.00 0.00 0
147917 0.00 0.00 0.00 0
147918 0.00 0.00 0.00 0
147919 0.00 0.00 0.00 0
147920 0.00 0.00 0.00 0
147922 0.00 0.00 0.00 0
147923 0.00 0.00 0.00 0
147924 0.00 0.00 0.00 0
147925 0.00 0.00 0.00 0
147926 0.00 0.00 0.00 0
147927 0.00 0.00 0.00 0
147928 0.00 0.00 0.00 0
147929 0.00 0.00 0.00 0
147930 0.00 0.00 0.00 0
147931 0.00 0.00 0.00 0
147932 0.00 0.00 0.00 0
147933 0.00 0.00 0.00 0
147934 0.00 0.00 0.00 0
147935 0.00 0.00 0.00 0
147936 0.00 0.00 0.00 0
147937 0.00 0.00 0.00 0
147938 0.00 0.00 0.00 0
147939 0.00 0.00 0.00 0
147940 0.00 0.00 0.00 0
147941 0.00 0.00 0.00 0
147942 0.00 0.00 0.00 0
147943 0.00 0.00 0.00 0
147944 0.00 0.00 0.00 0
147945 0.00 0.00 0.00 0
147946 0.00 0.00 0.00 0
147955 0.00 0.00 0.00 0
147956 0.00 0.00 0.00 0
147973 0.00 0.00 0.00 0
147974 0.00 0.00 0.00 0
147975 0.00 0.00 0.00 0
147976 0.00 0.00 0.00 0
147977 0.00 0.00 0.00 0
147978 0.00 0.00 0.00 0
147979 0.00 0.00 0.00 0
147980 0.00 0.00 0.00 0
147981 0.00 0.00 0.00 0
147982 0.00 0.00 0.00 0
147983 0.00 0.00 0.00 0
147984 0.00 0.00 0.00 0
147985 0.00 0.00 0.00 0
147986 0.00 0.00 0.00 0
147987 0.00 0.00 0.00 0
147988 0.00 0.00 0.00 0
147989 0.00 0.00 0.00 0
147990 0.00 0.00 0.00 0
147991 0.00 0.00 0.00 0
148009 0.00 0.00 0.00 0
158759 0.00 0.00 0.00 0
158761 0.00 0.00 0.00 0
158762 0.00 0.00 0.00 0
158763 0.00 0.00 0.00 0
158764 0.00 0.00 0.00 0
158765 0.00 0.00 0.00 0
158787 0.00 0.00 0.00 0
158788 0.00 0.00 0.00 0
158789 0.00 0.00 0.00 0
158790 0.00 0.00 0.00 0
158791 0.00 0.00 0.00 0
158792 0.00 0.00 0.00 0
158793 0.00 0.00 0.00 0
158794 0.00 0.00 0.00 0
158795 0.00 0.00 0.00 0
158796 0.00 0.00 0.00 0
158797 0.00 0.00 0.00 0
158798 0.00 0.00 0.00 0
158799 0.00 0.00 0.00 0
158800 0.00 0.00 0.00 0
158801 0.00 0.00 0.00 0
158802 0.00 0.00 0.00 0
158803 0.00 0.00 0.00 0
158804 0.00 0.00 0.00 0
158805 0.00 0.00 0.00 0
158806 0.00 0.00 0.00 0
158807 0.00 0.00 0.00 0
158808 0.00 0.00 0.00 0
158809 0.00 0.00 0.00 0
158810 0.00 0.00 0.00 0
158811 0.00 0.00 0.00 0
158812 0.00 0.00 0.00 0
158813 0.00 0.00 0.00 0
158814 0.00 0.00 0.00 0
158815 0.00 0.00 0.00 0
158816 0.00 0.00 0.00 0
158817 0.00 0.00 0.00 0
158818 0.00 0.00 0.00 0
158819 0.00 0.00 0.00 0
158847 0.00 0.00 0.00 0
158848 0.00 0.00 0.00 0
158849 0.00 0.00 0.00 0
158850 0.00 0.00 0.00 0
158851 0.00 0.00 0.00 0
158852 0.00 0.00 0.00 0
158853 0.00 0.00 0.00 0
158854 0.00 0.00 0.00 0
158855 0.00 0.00 0.00 0
158856 0.00 0.00 0.00 0
158857 0.00 0.00 0.00 0
158858 0.00 0.00 0.00 0
158859 0.00 0.00 0.00 0
158860 0.00 0.00 0.00 0
158861 0.00 0.00 0.00 0
158862 0.00 0.00 0.00 0
158863 0.00 0.00 0.00 0
158864 0.00 0.00 0.00 0
158865 0.00 0.00 0.00 0
158866 0.00 0.00 0.00 0
158867 0.00 0.00 0.00 0
158868 0.00 0.00 0.00 0
158869 0.00 0.00 0.00 0
158870 0.00 0.00 0.00 0
158871 0.00 0.00 0.00 0
158872 0.00 0.00 0.00 0
158874 0.00 0.00 0.00 0
158875 0.00 0.00 0.00 0
158876 0.00 0.00 0.00 0
158877 0.00 0.00 0.00 0
158878 0.00 0.00 0.00 0
158879 0.00 0.00 0.00 0
158880 0.00 0.00 0.00 0
158881 0.00 0.00 0.00 0
158882 0.00 0.00 0.00 0
158883 0.00 0.00 0.00 0
158884 0.00 0.00 0.00 0
158885 0.00 0.00 0.00 0
158886 0.00 0.00 0.00 0
158887 0.00 0.00 0.00 0
158888 0.00 0.00 0.00 0
158889 0.00 0.00 0.00 0
158890 0.00 0.00 0.00 0
158891 0.00 0.00 0.00 0
158892 0.00 0.00 0.00 0
158893 0.00 0.00 0.00 0
158894 0.00 0.00 0.00 0
158895 0.00 0.00 0.00 0
158896 0.00 0.00 0.00 0
158897 0.00 0.00 0.00 0
158898 0.00 0.00 0.00 0
158899 0.00 0.00 0.00 0
158900 0.00 0.00 0.00 0
158901 0.00 0.00 0.00 0
158902 0.00 0.00 0.00 0
158903 0.00 0.00 0.00 0
158904 0.00 0.00 0.00 0
158905 0.00 0.00 0.00 0
158906 0.00 0.00 0.00 0
158907 0.00 0.00 0.00 0
158908 0.00 0.00 0.00 0
158909 0.00 0.00 0.00 0
158910 0.00 0.00 0.00 0
158911 0.00 0.00 0.00 0
158912 0.00 0.00 0.00 0
158913 0.00 0.00 0.00 0
158914 0.00 0.00 0.00 0
158915 0.00 0.00 0.00 0
158916 0.00 0.00 0.00 0
158917 0.00 0.00 0.00 0
158918 0.00 0.00 0.00 0
158919 0.00 0.00 0.00 0
158920 0.00 0.00 0.00 0
158921 0.00 0.00 0.00 0
158922 0.00 0.00 0.00 0
158923 0.00 0.00 0.00 0
158924 0.00 0.00 0.00 0
158925 0.00 0.00 0.00 0
158926 0.00 0.00 0.00 0
158927 0.00 0.00 0.00 0
158928 0.00 0.00 0.00 0
158929 0.00 0.00 0.00 0
158930 0.00 0.00 0.00 0
158931 0.00 0.00 0.00 0
158932 0.00 0.00 0.00 0
158933 0.00 0.00 0.00 0
158934 0.00 0.00 0.00 0
158935 0.00 0.00 0.00 0
158936 0.00 0.00 0.00 0
158937 0.00 0.00 0.00 0
158938 0.00 0.00 0.00 0
158939 0.00 0.00 0.00 0
158940 0.00 0.00 0.00 0
158941 0.00 0.00 0.00 0
158942 0.00 0.00 0.00 0
158943 0.00 0.00 0.00 0
158944 0.00 0.00 0.00 0
158945 0.00 0.00 0.00 0
158946 0.00 0.00 0.00 0
158947 0.00 0.00 0.00 0
158948 0.00 0.00 0.00 0
158949 0.00 0.00 0.00 0
158950 0.00 0.00 0.00 0
158951 0.00 0.00 0.00 0
158952 0.00 0.00 0.00 0
158953 0.00 0.00 0.00 0
158954 0.00 0.00 0.00 0
158955 0.00 0.00 0.00 0
158956 0.00 0.00 0.00 0
158957 0.00 0.00 0.00 0
158958 0.00 0.00 0.00 0
158959 0.00 0.00 0.00 0
158960 0.00 0.00 0.00 0
158961 0.00 0.00 0.00 0
158962 0.00 0.00 0.00 0
158963 0.00 0.00 0.00 0
158964 0.00 0.00 0.00 0
158965 0.00 0.00 0.00 0
158966 0.00 0.00 0.00 0
158968 0.00 0.00 0.00 0
158969 0.00 0.00 0.00 0
158970 0.00 0.00 0.00 0
159007 0.00 0.00 0.00 0
159008 0.00 0.00 0.00 0
159011 0.00 0.00 0.00 0
159012 0.00 0.00 0.00 0
159013 0.00 0.00 0.00 0
159014 0.00 0.00 0.00 0
159015 0.00 0.00 0.00 0
159016 0.00 0.00 0.00 0
159017 0.00 0.00 0.00 0
159018 0.00 0.00 0.00 0
159019 0.00 0.00 0.00 0
159020 0.00 0.00 0.00 0
159021 0.00 0.00 0.00 0
159022 0.00 0.00 0.00 0
159023 0.00 0.00 0.00 0
159024 0.00 0.00 0.00 0
159025 0.00 0.00 0.00 0
159026 0.00 0.00 0.00 0
159027 0.00 0.00 0.00 0
159028 0.00 0.00 0.00 0
159029 0.00 0.00 0.00 0
159030 0.00 0.00 0.00 0
159031 0.00 0.00 0.00 0
159032 0.00 0.00 0.00 0
159033 0.00 0.00 0.00 0
159034 0.00 0.00 0.00 0
159035 0.00 0.00 0.00 0
159036 0.00 0.00 0.00 0
159037 0.00 0.00 0.00 0
159038 0.00 0.00 0.00 0
159039 0.00 0.00 0.00 0
159040 0.00 0.00 0.00 0
159041 0.00 0.00 0.00 0
159042 0.00 0.00 0.00 0
159043 0.00 0.00 0.00 0
159044 0.00 0.00 0.00 0
159045 0.00 0.00 0.00 0
159046 0.00 0.00 0.00 0
159047 0.00 0.00 0.00 0
159048 0.00 0.00 0.00 0
159049 0.00 0.00 0.00 0
159050 0.00 0.00 0.00 0
159051 0.00 0.00 0.00 0
159052 0.00 0.00 0.00 0
159053 0.00 0.00 0.00 0
159054 0.00 0.00 0.00 0
159055 0.00 0.00 0.00 0
159056 0.00 0.00 0.00 0
159057 0.00 0.00 0.00 0
159058 0.00 0.00 0.00 0
159059 0.00 0.00 0.00 0
159060 0.00 0.00 0.00 0
159061 0.00 0.00 0.00 0
159062 0.00 0.00 0.00 0
159065 0.00 0.00 0.00 0
159066 0.00 0.00 0.00 0
159067 0.00 0.00 0.00 0
159068 0.00 0.00 0.00 0
159069 0.00 0.00 0.00 0
159070 0.00 0.00 0.00 0
159071 0.00 0.00 0.00 0
159072 0.00 0.00 0.00 0
159073 0.00 0.00 0.00 0
159074 0.00 0.00 0.00 0
159075 0.00 0.00 0.00 0
159076 0.00 0.00 0.00 0
159077 0.00 0.00 0.00 0
159078 0.00 0.00 0.00 0
159079 0.00 0.00 0.00 0
159080 0.00 0.00 0.00 0
159081 0.00 0.00 0.00 0
159082 0.00 0.00 0.00 0
159083 0.00 0.00 0.00 0
159084 0.00 0.00 0.00 0
159085 0.00 0.00 0.00 0
159086 0.00 0.00 0.00 0
159087 0.00 0.00 0.00 0
159088 0.00 0.00 0.00 0
159089 0.00 0.00 0.00 0
159097 0.00 0.00 0.00 0
159098 0.00 0.00 0.00 0
159099 0.00 0.00 0.00 0
159100 0.00 0.00 0.00 0
159101 0.00 0.00 0.00 0
159102 0.00 0.00 0.00 0
159103 0.00 0.00 0.00 0
159104 0.00 0.00 0.00 0
159105 0.00 0.00 0.00 0
159106 0.00 0.00 0.00 0
159107 0.00 0.00 0.00 0
159108 0.00 0.00 0.00 0
159109 0.00 0.00 0.00 0
159110 0.00 0.00 0.00 0
159111 0.00 0.00 0.00 0
159112 0.00 0.00 0.00 0
159113 0.00 0.00 0.00 0
159114 0.00 0.00 0.00 0
159115 0.00 0.00 0.00 0
159116 0.00 0.00 0.00 0
159117 0.00 0.00 0.00 0
159118 0.00 0.00 0.00 0
159119 0.00 0.00 0.00 0
159120 0.00 0.00 0.00 0
159121 0.00 0.00 0.00 0
159122 0.00 0.00 0.00 0
159123 0.00 0.00 0.00 0
159124 0.00 0.00 0.00 0
159125 0.00 0.00 0.00 0
159126 0.00 0.00 0.00 0
159127 0.00 0.00 0.00 0
159128 0.00 0.00 0.00 0
159129 0.00 0.00 0.00 0
159130 0.00 0.00 0.00 0
159131 0.00 0.00 0.00 0
159132 0.00 0.00 0.00 0
159133 0.00 0.00 0.00 0
159134 0.00 0.00 0.00 0
159135 0.00 0.00 0.00 0
159136 0.00 0.00 0.00 0
159137 0.00 0.00 0.00 0
159138 0.00 0.00 0.00 0
159139 0.00 0.00 0.00 0
159140 0.00 0.00 0.00 0
159141 0.00 0.00 0.00 0
159142 0.00 0.00 0.00 0
159143 0.00 0.00 0.00 0
159144 0.00 0.00 0.00 0
159145 0.00 0.00 0.00 0
159146 0.00 0.00 0.00 0
159147 0.00 0.00 0.00 0
159148 0.00 0.00 0.00 0
159149 0.00 0.00 0.00 0
159150 0.00 0.00 0.00 0
159151 0.00 0.00 0.00 0
159152 0.00 0.00 0.00 0
159153 0.00 0.00 0.00 0
159154 0.00 0.00 0.00 0
159155 0.00 0.00 0.00 0
159156 0.00 0.00 0.00 0
159157 0.00 0.00 0.00 0
159158 0.00 0.00 0.00 0
159159 0.00 0.00 0.00 0
159160 0.00 0.00 0.00 0
159161 0.00 0.00 0.00 0
159162 0.00 0.00 0.00 0
159163 0.00 0.00 0.00 0
159164 0.00 0.00 0.00 0
159165 0.00 0.00 0.00 0
159166 0.00 0.00 0.00 0
159167 0.00 0.00 0.00 0
159168 0.00 0.00 0.00 0
159169 0.00 0.00 0.00 0
159170 0.00 0.00 0.00 0
159171 0.00 0.00 0.00 0
159172 0.00 0.00 0.00 0
159173 0.00 0.00 0.00 0
159174 0.00 0.00 0.00 0
159175 0.00 0.00 0.00 0
159176 0.00 0.00 0.00 0
159177 0.00 0.00 0.00 0
159178 0.00 0.00 0.00 0
159179 0.00 0.00 0.00 0
159180 0.00 0.00 0.00 0
159181 0.00 0.00 0.00 0
159182 0.00 0.00 0.00 0
159183 0.00 0.00 0.00 0
159184 0.00 0.00 0.00 0
159185 0.00 0.00 0.00 0
159186 0.00 0.00 0.00 0
159187 0.00 0.00 0.00 0
159188 0.00 0.00 0.00 0
159189 0.00 0.00 0.00 0
159190 0.00 0.00 0.00 0
159191 0.00 0.00 0.00 0
159192 0.00 0.00 0.00 0
159193 0.00 0.00 0.00 0
159194 0.00 0.00 0.00 0
159195 0.00 0.00 0.00 0
159196 0.00 0.00 0.00 0
159207 0.00 0.00 0.00 0
159208 0.00 0.00 0.00 0
159210 0.00 0.00 0.00 0
159234 0.00 0.00 0.00 0
159235 0.00 0.00 0.00 0
159236 0.00 0.00 0.00 0
159237 0.00 0.00 0.00 0
159238 0.00 0.00 0.00 0
159245 0.00 0.00 0.00 0
159246 0.00 0.00 0.00 0
159247 0.00 0.00 0.00 0
159248 0.00 0.00 0.00 0
159249 0.00 0.00 0.00 0
159250 0.00 0.00 0.00 0
159251 0.00 0.00 0.00 0
159252 0.00 0.00 0.00 0
159253 0.00 0.00 0.00 0
159254 0.00 0.00 0.00 0
159255 0.00 0.00 0.00 0
159256 0.00 0.00 0.00 0
159257 0.00 0.00 0.00 0
159258 0.00 0.00 0.00 0
159259 0.00 0.00 0.00 0
159260 0.00 0.00 0.00 0
159261 0.00 0.00 0.00 0
159262 0.00 0.00 0.00 0
159263 0.00 0.00 0.00 0
159264 0.00 0.00 0.00 0
159265 0.00 0.00 0.00 0
159266 0.00 0.00 0.00 0
159267 0.00 0.00 0.00 0
159268 0.00 0.00 0.00 0
159269 0.00 0.00 0.00 0
159270 0.00 0.00 0.00 0
159271 0.00 0.00 0.00 0
159272 0.00 0.00 0.00 0
159273 0.00 0.00 0.00 0
159274 0.00 0.00 0.00 0
159275 0.00 0.00 0.00 0
159276 0.00 0.00 0.00 0
159277 0.00 0.00 0.00 0
159278 0.00 0.00 0.00 0
159279 0.00 0.00 0.00 0
159280 0.00 0.00 0.00 0
159281 0.00 0.00 0.00 0
159282 0.00 0.00 0.00 0
159283 0.00 0.00 0.00 0
159284 0.00 0.00 0.00 0
159285 0.00 0.00 0.00 0
159286 0.00 0.00 0.00 0
159287 0.00 0.00 0.00 0
159294 0.00 0.00 0.00 0
159295 0.00 0.00 0.00 0
159385 0.00 0.00 0.00 0
