# G_pariet_inf-Angular
2980
64 0.00 0.00 0.00 0
68 0.00 0.00 0.00 0
184 0.00 0.00 0.00 0
188 0.00 0.00 0.00 0
287 0.00 0.00 0.00 0
295 0.00 0.00 0.00 0
296 0.00 0.00 0.00 0
297 0.00 0.00 0.00 0
412 0.00 0.00 0.00 0
563 0.00 0.00 0.00 0
664 0.00 0.00 0.00 0
668 0.00 0.00 0.00 0
764 0.00 0.00 0.00 0
767 0.00 0.00 0.00 0
776 0.00 0.00 0.00 0
777 0.00 0.00 0.00 0
778 0.00 0.00 0.00 0
914 0.00 0.00 0.00 0
916 0.00 0.00 0.00 0
925 0.00 0.00 0.00 0
926 0.00 0.00 0.00 0
927 0.00 0.00 0.00 0
928 0.00 0.00 0.00 0
1245 0.00 0.00 0.00 0
1247 0.00 0.00 0.00 0
1248 0.00 0.00 0.00 0
1249 0.00 0.00 0.00 0
1484 0.00 0.00 0.00 0
1485 0.00 0.00 0.00 0
1491 0.00 0.00 0.00 0
1492 0.00 0.00 0.00 0
1683 0.00 0.00 0.00 0
1684 0.00 0.00 0.00 0
1685 0.00 0.00 0.00 0
1686 0.00 0.00 0.00 0
1909 0.00 0.00 0.00 0
1910 0.00 0.00 0.00 0
1912 0.00 0.00 0.00 0
1913 0.00 0.00 0.00 0
1919 0.00 0.00 0.00 0
1921 0.00 0.00 0.00 0
1922 0.00 0.00 0.00 0
1923 0.00 0.00 0.00 0
2330 0.00 0.00 0.00 0
2331 0.00 0.00 0.00 0
2584 0.00 0.00 0.00 0
2688 0.00 0.00 0.00 0
2696 0.00 0.00 0.00 0
2698 0.00 0.00 0.00 0
2834 0.00 0.00 0.00 0
2835 0.00 0.00 0.00 0
2836 0.00 0.00 0.00 0
2845 0.00 0.00 0.00 0
2846 0.00 0.00 0.00 0
2847 0.00 0.00 0.00 0
2848 0.00 0.00 0.00 0
3165 0.00 0.00 0.00 0
3166 0.00 0.00 0.00 0
3167 0.00 0.00 0.00 0
3434 0.00 0.00 0.00 0
3435 0.00 0.00 0.00 0
3436 0.00 0.00 0.00 0
3444 0.00 0.00 0.00 0
3445 0.00 0.00 0.00 0
3446 0.00 0.00 0.00 0
3447 0.00 0.00 0.00 0
3448 0.00 0.00 0.00 0
3765 0.00 0.00 0.00 0
3766 0.00 0.00 0.00 0
3767 0.00 0.00 0.00 0
3768 0.00 0.00 0.00 0
3769 0.00 0.00 0.00 0
3770 0.00 0.00 0.00 0
3771 0.00 0.00 0.00 0
3772 0.00 0.00 0.00 0
3774 0.00 0.00 0.00 0
4193 0.00 0.00 0.00 0
4196 0.00 0.00 0.00 0
4197 0.00 0.00 0.00 0
4203 0.00 0.00 0.00 0
4213 0.00 0.00 0.00 0
4214 0.00 0.00 0.00 0
4215 0.00 0.00 0.00 0
4217 0.00 0.00 0.00 0
4218 0.00 0.00 0.00 0
4219 0.00 0.00 0.00 0
4220 0.00 0.00 0.00 0
4221 0.00 0.00 0.00 0
4222 0.00 0.00 0.00 0
4223 0.00 0.00 0.00 0
4224 0.00 0.00 0.00 0
4226 0.00 0.00 0.00 0
5178 0.00 0.00 0.00 0
5182 0.00 0.00 0.00 0
5183 0.00 0.00 0.00 0
5184 0.00 0.00 0.00 0
5185 0.00 0.00 0.00 0
5186 0.00 0.00 0.00 0
5187 0.00 0.00 0.00 0
5804 0.00 0.00 0.00 0
5805 0.00 0.00 0.00 0
5810 0.00 0.00 0.00 0
5811 0.00 0.00 0.00 0
5812 0.00 0.00 0.00 0
5984 0.00 0.00 0.00 0
5986 0.00 0.00 0.00 0
5989 0.00 0.00 0.00 0
5991 0.00 0.00 0.00 0
6003 0.00 0.00 0.00 0
6004 0.00 0.00 0.00 0
6005 0.00 0.00 0.00 0
6006 0.00 0.00 0.00 0
6007 0.00 0.00 0.00 0
6008 0.00 0.00 0.00 0
6009 0.00 0.00 0.00 0
6010 0.00 0.00 0.00 0
6257 0.00 0.00 0.00 0
6258 0.00 0.00 0.00 0
6273 0.00 0.00 0.00 0
6274 0.00 0.00 0.00 0
6275 0.00 0.00 0.00 0
6276 0.00 0.00 0.00 0
6277 0.00 0.00 0.00 0
6278 0.00 0.00 0.00 0
6279 0.00 0.00 0.00 0
6280 0.00 0.00 0.00 0
6852 0.00 0.00 0.00 0
6853 0.00 0.00 0.00 0
6854 0.00 0.00 0.00 0
6855 0.00 0.00 0.00 0
6856 0.00 0.00 0.00 0
6857 0.00 0.00 0.00 0
6858 0.00 0.00 0.00 0
7304 0.00 0.00 0.00 0
7305 0.00 0.00 0.00 0
7306 0.00 0.00 0.00 0
7307 0.00 0.00 0.00 0
7319 0.00 0.00 0.00 0
7320 0.00 0.00 0.00 0
7321 0.00 0.00 0.00 0
7322 0.00 0.00 0.00 0
7323 0.00 0.00 0.00 0
7324 0.00 0.00 0.00 0
7767 0.00 0.00 0.00 0
7768 0.00 0.00 0.00 0
7769 0.00 0.00 0.00 0
7770 0.00 0.00 0.00 0
7771 0.00 0.00 0.00 0
7772 0.00 0.00 0.00 0
7773 0.00 0.00 0.00 0
7774 0.00 0.00 0.00 0
7775 0.00 0.00 0.00 0
7782 0.00 0.00 0.00 0
8335 0.00 0.00 0.00 0
8336 0.00 0.00 0.00 0
8337 0.00 0.00 0.00 0
8339 0.00 0.00 0.00 0
8340 0.00 0.00 0.00 0
8346 0.00 0.00 0.00 0
8348 0.00 0.00 0.00 0
8349 0.00 0.00 0.00 0
8350 0.00 0.00 0.00 0
8362 0.00 0.00 0.00 0
8363 0.00 0.00 0.00 0
8367 0.00 0.00 0.00 0
8368 0.00 0.00 0.00 0
8369 0.00 0.00 0.00 0
8370 0.00 0.00 0.00 0
8371 0.00 0.00 0.00 0
8372 0.00 0.00 0.00 0
8373 0.00 0.00 0.00 0
8374 0.00 0.00 0.00 0
8375 0.00 0.00 0.00 0
8376 0.00 0.00 0.00 0
8377 0.00 0.00 0.00 0
8378 0.00 0.00 0.00 0
9548 0.00 0.00 0.00 0
9549 0.00 0.00 0.00 0
9551 0.00 0.00 0.00 0
9552 0.00 0.00 0.00 0
9553 0.00 0.00 0.00 0
9554 0.00 0.00 0.00 0
10264 0.00 0.00 0.00 0
10368 0.00 0.00 0.00 0
10514 0.00 0.00 0.00 0
10515 0.00 0.00 0.00 0
10516 0.00 0.00 0.00 0
10525 0.00 0.00 0.00 0
10526 0.00 0.00 0.00 0
10527 0.00 0.00 0.00 0
10528 0.00 0.00 0.00 0
10845 0.00 0.00 0.00 0
10846 0.00 0.00 0.00 0
10847 0.00 0.00 0.00 0
11114 0.00 0.00 0.00 0
11115 0.00 0.00 0.00 0
11116 0.00 0.00 0.00 0
11125 0.00 0.00 0.00 0
11126 0.00 0.00 0.00 0
11127 0.00 0.00 0.00 0
11128 0.00 0.00 0.00 0
11445 0.00 0.00 0.00 0
11446 0.00 0.00 0.00 0
11447 0.00 0.00 0.00 0
11448 0.00 0.00 0.00 0
11449 0.00 0.00 0.00 0
11450 0.00 0.00 0.00 0
11451 0.00 0.00 0.00 0
11452 0.00 0.00 0.00 0
11453 0.00 0.00 0.00 0
11454 0.00 0.00 0.00 0
11876 0.00 0.00 0.00 0
11880 0.00 0.00 0.00 0
11893 0.00 0.00 0.00 0
11894 0.00 0.00 0.00 0
11895 0.00 0.00 0.00 0
11896 0.00 0.00 0.00 0
11897 0.00 0.00 0.00 0
11898 0.00 0.00 0.00 0
11899 0.00 0.00 0.00 0
11900 0.00 0.00 0.00 0
11901 0.00 0.00 0.00 0
11902 0.00 0.00 0.00 0
11903 0.00 0.00 0.00 0
11904 0.00 0.00 0.00 0
12858 0.00 0.00 0.00 0
12860 0.00 0.00 0.00 0
12861 0.00 0.00 0.00 0
12862 0.00 0.00 0.00 0
12863 0.00 0.00 0.00 0
12864 0.00 0.00 0.00 0
12865 0.00 0.00 0.00 0
12866 0.00 0.00 0.00 0
12867 0.00 0.00 0.00 0
12868 0.00 0.00 0.00 0
13514 0.00 0.00 0.00 0
13515 0.00 0.00 0.00 0
13516 0.00 0.00 0.00 0
13525 0.00 0.00 0.00 0
13526 0.00 0.00 0.00 0
13527 0.00 0.00 0.00 0
13528 0.00 0.00 0.00 0
13814 0.00 0.00 0.00 0
13815 0.00 0.00 0.00 0
13816 0.00 0.00 0.00 0
13822 0.00 0.00 0.00 0
13823 0.00 0.00 0.00 0
13824 0.00 0.00 0.00 0
13825 0.00 0.00 0.00 0
13826 0.00 0.00 0.00 0
13827 0.00 0.00 0.00 0
13845 0.00 0.00 0.00 0
13846 0.00 0.00 0.00 0
13847 0.00 0.00 0.00 0
13848 0.00 0.00 0.00 0
13849 0.00 0.00 0.00 0
13850 0.00 0.00 0.00 0
13851 0.00 0.00 0.00 0
13852 0.00 0.00 0.00 0
13853 0.00 0.00 0.00 0
13854 0.00 0.00 0.00 0
13855 0.00 0.00 0.00 0
13856 0.00 0.00 0.00 0
13857 0.00 0.00 0.00 0
13858 0.00 0.00 0.00 0
14264 0.00 0.00 0.00 0
14266 0.00 0.00 0.00 0
14267 0.00 0.00 0.00 0
14268 0.00 0.00 0.00 0
14269 0.00 0.00 0.00 0
14270 0.00 0.00 0.00 0
14271 0.00 0.00 0.00 0
14295 0.00 0.00 0.00 0
14296 0.00 0.00 0.00 0
14297 0.00 0.00 0.00 0
14298 0.00 0.00 0.00 0
14299 0.00 0.00 0.00 0
14300 0.00 0.00 0.00 0
14301 0.00 0.00 0.00 0
14302 0.00 0.00 0.00 0
14303 0.00 0.00 0.00 0
14304 0.00 0.00 0.00 0
14305 0.00 0.00 0.00 0
14306 0.00 0.00 0.00 0
14307 0.00 0.00 0.00 0
14308 0.00 0.00 0.00 0
15258 0.00 0.00 0.00 0
15259 0.00 0.00 0.00 0
15260 0.00 0.00 0.00 0
15261 0.00 0.00 0.00 0
15262 0.00 0.00 0.00 0
15263 0.00 0.00 0.00 0
15264 0.00 0.00 0.00 0
15265 0.00 0.00 0.00 0
15269 0.00 0.00 0.00 0
15271 0.00 0.00 0.00 0
16064 0.00 0.00 0.00 0
16065 0.00 0.00 0.00 0
16066 0.00 0.00 0.00 0
16067 0.00 0.00 0.00 0
16068 0.00 0.00 0.00 0
16072 0.00 0.00 0.00 0
16074 0.00 0.00 0.00 0
16092 0.00 0.00 0.00 0
16094 0.00 0.00 0.00 0
16095 0.00 0.00 0.00 0
16096 0.00 0.00 0.00 0
16097 0.00 0.00 0.00 0
16098 0.00 0.00 0.00 0
16099 0.00 0.00 0.00 0
16100 0.00 0.00 0.00 0
16101 0.00 0.00 0.00 0
16102 0.00 0.00 0.00 0
16103 0.00 0.00 0.00 0
16104 0.00 0.00 0.00 0
16105 0.00 0.00 0.00 0
16106 0.00 0.00 0.00 0
16107 0.00 0.00 0.00 0
16108 0.00 0.00 0.00 0
17055 0.00 0.00 0.00 0
17056 0.00 0.00 0.00 0
17057 0.00 0.00 0.00 0
17058 0.00 0.00 0.00 0
17059 0.00 0.00 0.00 0
17060 0.00 0.00 0.00 0
17061 0.00 0.00 0.00 0
17062 0.00 0.00 0.00 0
17063 0.00 0.00 0.00 0
17064 0.00 0.00 0.00 0
17065 0.00 0.00 0.00 0
17066 0.00 0.00 0.00 0
17067 0.00 0.00 0.00 0
17068 0.00 0.00 0.00 0
17069 0.00 0.00 0.00 0
17070 0.00 0.00 0.00 0
17071 0.00 0.00 0.00 0
17072 0.00 0.00 0.00 0
17073 0.00 0.00 0.00 0
17074 0.00 0.00 0.00 0
17085 0.00 0.00 0.00 0
17086 0.00 0.00 0.00 0
17087 0.00 0.00 0.00 0
18337 0.00 0.00 0.00 0
18338 0.00 0.00 0.00 0
18339 0.00 0.00 0.00 0
18340 0.00 0.00 0.00 0
18341 0.00 0.00 0.00 0
18342 0.00 0.00 0.00 0
18343 0.00 0.00 0.00 0
18344 0.00 0.00 0.00 0
18348 0.00 0.00 0.00 0
18349 0.00 0.00 0.00 0
18350 0.00 0.00 0.00 0
18351 0.00 0.00 0.00 0
18352 0.00 0.00 0.00 0
18362 0.00 0.00 0.00 0
18366 0.00 0.00 0.00 0
18370 0.00 0.00 0.00 0
18371 0.00 0.00 0.00 0
18372 0.00 0.00 0.00 0
18373 0.00 0.00 0.00 0
18374 0.00 0.00 0.00 0
18375 0.00 0.00 0.00 0
18376 0.00 0.00 0.00 0
18400 0.00 0.00 0.00 0
18401 0.00 0.00 0.00 0
18402 0.00 0.00 0.00 0
18403 0.00 0.00 0.00 0
18404 0.00 0.00 0.00 0
18413 0.00 0.00 0.00 0
18414 0.00 0.00 0.00 0
18415 0.00 0.00 0.00 0
18416 0.00 0.00 0.00 0
18417 0.00 0.00 0.00 0
18418 0.00 0.00 0.00 0
18419 0.00 0.00 0.00 0
18420 0.00 0.00 0.00 0
18421 0.00 0.00 0.00 0
18422 0.00 0.00 0.00 0
18423 0.00 0.00 0.00 0
18424 0.00 0.00 0.00 0
18425 0.00 0.00 0.00 0
18426 0.00 0.00 0.00 0
18427 0.00 0.00 0.00 0
18428 0.00 0.00 0.00 0
18429 0.00 0.00 0.00 0
18430 0.00 0.00 0.00 0
18431 0.00 0.00 0.00 0
18432 0.00 0.00 0.00 0
18433 0.00 0.00 0.00 0
18434 0.00 0.00 0.00 0
18435 0.00 0.00 0.00 0
18436 0.00 0.00 0.00 0
18437 0.00 0.00 0.00 0
18439 0.00 0.00 0.00 0
18440 0.00 0.00 0.00 0
18441 0.00 0.00 0.00 0
18442 0.00 0.00 0.00 0
18443 0.00 0.00 0.00 0
21303 0.00 0.00 0.00 0
21305 0.00 0.00 0.00 0
21308 0.00 0.00 0.00 0
21309 0.00 0.00 0.00 0
21310 0.00 0.00 0.00 0
21311 0.00 0.00 0.00 0
21312 0.00 0.00 0.00 0
21313 0.00 0.00 0.00 0
21314 0.00 0.00 0.00 0
21315 0.00 0.00 0.00 0
21316 0.00 0.00 0.00 0
21317 0.00 0.00 0.00 0
21318 0.00 0.00 0.00 0
21319 0.00 0.00 0.00 0
21320 0.00 0.00 0.00 0
21321 0.00 0.00 0.00 0
21322 0.00 0.00 0.00 0
21323 0.00 0.00 0.00 0
21324 0.00 0.00 0.00 0
21325 0.00 0.00 0.00 0
23084 0.00 0.00 0.00 0
23092 0.00 0.00 0.00 0
23264 0.00 0.00 0.00 0
23269 0.00 0.00 0.00 0
23270 0.00 0.00 0.00 0
23271 0.00 0.00 0.00 0
23272 0.00 0.00 0.00 0
23284 0.00 0.00 0.00 0
23286 0.00 0.00 0.00 0
23287 0.00 0.00 0.00 0
23288 0.00 0.00 0.00 0
23289 0.00 0.00 0.00 0
23290 0.00 0.00 0.00 0
23534 0.00 0.00 0.00 0
23535 0.00 0.00 0.00 0
23536 0.00 0.00 0.00 0
23537 0.00 0.00 0.00 0
23538 0.00 0.00 0.00 0
23553 0.00 0.00 0.00 0
23554 0.00 0.00 0.00 0
23555 0.00 0.00 0.00 0
23556 0.00 0.00 0.00 0
23557 0.00 0.00 0.00 0
23558 0.00 0.00 0.00 0
23559 0.00 0.00 0.00 0
23560 0.00 0.00 0.00 0
24129 0.00 0.00 0.00 0
24130 0.00 0.00 0.00 0
24131 0.00 0.00 0.00 0
24132 0.00 0.00 0.00 0
24133 0.00 0.00 0.00 0
24134 0.00 0.00 0.00 0
24135 0.00 0.00 0.00 0
24614 0.00 0.00 0.00 0
24615 0.00 0.00 0.00 0
24616 0.00 0.00 0.00 0
24617 0.00 0.00 0.00 0
24620 0.00 0.00 0.00 0
24632 0.00 0.00 0.00 0
24633 0.00 0.00 0.00 0
24634 0.00 0.00 0.00 0
24635 0.00 0.00 0.00 0
24636 0.00 0.00 0.00 0
24637 0.00 0.00 0.00 0
24638 0.00 0.00 0.00 0
24639 0.00 0.00 0.00 0
24640 0.00 0.00 0.00 0
25188 0.00 0.00 0.00 0
25209 0.00 0.00 0.00 0
25210 0.00 0.00 0.00 0
25211 0.00 0.00 0.00 0
25212 0.00 0.00 0.00 0
25213 0.00 0.00 0.00 0
25214 0.00 0.00 0.00 0
25215 0.00 0.00 0.00 0
25216 0.00 0.00 0.00 0
25217 0.00 0.00 0.00 0
25218 0.00 0.00 0.00 0
25219 0.00 0.00 0.00 0
25220 0.00 0.00 0.00 0
25221 0.00 0.00 0.00 0
25224 0.00 0.00 0.00 0
25225 0.00 0.00 0.00 0
25226 0.00 0.00 0.00 0
25227 0.00 0.00 0.00 0
25978 0.00 0.00 0.00 0
25979 0.00 0.00 0.00 0
25980 0.00 0.00 0.00 0
25982 0.00 0.00 0.00 0
25985 0.00 0.00 0.00 0
25986 0.00 0.00 0.00 0
25987 0.00 0.00 0.00 0
25993 0.00 0.00 0.00 0
25994 0.00 0.00 0.00 0
25995 0.00 0.00 0.00 0
26000 0.00 0.00 0.00 0
26001 0.00 0.00 0.00 0
26017 0.00 0.00 0.00 0
26018 0.00 0.00 0.00 0
26023 0.00 0.00 0.00 0
26024 0.00 0.00 0.00 0
26025 0.00 0.00 0.00 0
26026 0.00 0.00 0.00 0
26027 0.00 0.00 0.00 0
26028 0.00 0.00 0.00 0
26029 0.00 0.00 0.00 0
26030 0.00 0.00 0.00 0
26031 0.00 0.00 0.00 0
26032 0.00 0.00 0.00 0
26033 0.00 0.00 0.00 0
26034 0.00 0.00 0.00 0
26035 0.00 0.00 0.00 0
26036 0.00 0.00 0.00 0
26037 0.00 0.00 0.00 0
26038 0.00 0.00 0.00 0
26039 0.00 0.00 0.00 0
27759 0.00 0.00 0.00 0
27760 0.00 0.00 0.00 0
27761 0.00 0.00 0.00 0
27762 0.00 0.00 0.00 0
27763 0.00 0.00 0.00 0
27764 0.00 0.00 0.00 0
27765 0.00 0.00 0.00 0
27766 0.00 0.00 0.00 0
27767 0.00 0.00 0.00 0
27768 0.00 0.00 0.00 0
27769 0.00 0.00 0.00 0
27770 0.00 0.00 0.00 0
27771 0.00 0.00 0.00 0
28904 0.00 0.00 0.00 0
28905 0.00 0.00 0.00 0
28906 0.00 0.00 0.00 0
28907 0.00 0.00 0.00 0
28908 0.00 0.00 0.00 0
28918 0.00 0.00 0.00 0
28919 0.00 0.00 0.00 0
28920 0.00 0.00 0.00 0
28921 0.00 0.00 0.00 0
28922 0.00 0.00 0.00 0
28923 0.00 0.00 0.00 0
28924 0.00 0.00 0.00 0
29335 0.00 0.00 0.00 0
29336 0.00 0.00 0.00 0
29337 0.00 0.00 0.00 0
29338 0.00 0.00 0.00 0
29340 0.00 0.00 0.00 0
29341 0.00 0.00 0.00 0
29367 0.00 0.00 0.00 0
29368 0.00 0.00 0.00 0
29369 0.00 0.00 0.00 0
29370 0.00 0.00 0.00 0
29371 0.00 0.00 0.00 0
29372 0.00 0.00 0.00 0
29373 0.00 0.00 0.00 0
29374 0.00 0.00 0.00 0
29375 0.00 0.00 0.00 0
29376 0.00 0.00 0.00 0
29377 0.00 0.00 0.00 0
29378 0.00 0.00 0.00 0
29379 0.00 0.00 0.00 0
29380 0.00 0.00 0.00 0
29381 0.00 0.00 0.00 0
29382 0.00 0.00 0.00 0
29383 0.00 0.00 0.00 0
29384 0.00 0.00 0.00 0
29385 0.00 0.00 0.00 0
29959 0.00 0.00 0.00 0
29960 0.00 0.00 0.00 0
29964 0.00 0.00 0.00 0
29997 0.00 0.00 0.00 0
29998 0.00 0.00 0.00 0
29999 0.00 0.00 0.00 0
30000 0.00 0.00 0.00 0
30001 0.00 0.00 0.00 0
30002 0.00 0.00 0.00 0
30003 0.00 0.00 0.00 0
30004 0.00 0.00 0.00 0
30005 0.00 0.00 0.00 0
30006 0.00 0.00 0.00 0
30007 0.00 0.00 0.00 0
30008 0.00 0.00 0.00 0
30009 0.00 0.00 0.00 0
30010 0.00 0.00 0.00 0
30011 0.00 0.00 0.00 0
30012 0.00 0.00 0.00 0
30013 0.00 0.00 0.00 0
30014 0.00 0.00 0.00 0
30015 0.00 0.00 0.00 0
31349 0.00 0.00 0.00 0
31350 0.00 0.00 0.00 0
31351 0.00 0.00 0.00 0
31352 0.00 0.00 0.00 0
31353 0.00 0.00 0.00 0
31354 0.00 0.00 0.00 0
31355 0.00 0.00 0.00 0
31356 0.00 0.00 0.00 0
31357 0.00 0.00 0.00 0
31358 0.00 0.00 0.00 0
31359 0.00 0.00 0.00 0
31360 0.00 0.00 0.00 0
31361 0.00 0.00 0.00 0
31362 0.00 0.00 0.00 0
31364 0.00 0.00 0.00 0
32444 0.00 0.00 0.00 0
32445 0.00 0.00 0.00 0
32446 0.00 0.00 0.00 0
32447 0.00 0.00 0.00 0
32448 0.00 0.00 0.00 0
32449 0.00 0.00 0.00 0
32450 0.00 0.00 0.00 0
32451 0.00 0.00 0.00 0
32452 0.00 0.00 0.00 0
32455 0.00 0.00 0.00 0
32482 0.00 0.00 0.00 0
32483 0.00 0.00 0.00 0
32484 0.00 0.00 0.00 0
32485 0.00 0.00 0.00 0
32486 0.00 0.00 0.00 0
32487 0.00 0.00 0.00 0
32488 0.00 0.00 0.00 0
32489 0.00 0.00 0.00 0
32490 0.00 0.00 0.00 0
32491 0.00 0.00 0.00 0
32492 0.00 0.00 0.00 0
32493 0.00 0.00 0.00 0
32494 0.00 0.00 0.00 0
32495 0.00 0.00 0.00 0
32496 0.00 0.00 0.00 0
32497 0.00 0.00 0.00 0
32498 0.00 0.00 0.00 0
32499 0.00 0.00 0.00 0
32500 0.00 0.00 0.00 0
33699 0.00 0.00 0.00 0
33700 0.00 0.00 0.00 0
33701 0.00 0.00 0.00 0
33702 0.00 0.00 0.00 0
33703 0.00 0.00 0.00 0
33704 0.00 0.00 0.00 0
33705 0.00 0.00 0.00 0
33706 0.00 0.00 0.00 0
33707 0.00 0.00 0.00 0
33708 0.00 0.00 0.00 0
33709 0.00 0.00 0.00 0
33710 0.00 0.00 0.00 0
33711 0.00 0.00 0.00 0
33712 0.00 0.00 0.00 0
33713 0.00 0.00 0.00 0
33714 0.00 0.00 0.00 0
33715 0.00 0.00 0.00 0
33716 0.00 0.00 0.00 0
33717 0.00 0.00 0.00 0
33718 0.00 0.00 0.00 0
33719 0.00 0.00 0.00 0
33720 0.00 0.00 0.00 0
33721 0.00 0.00 0.00 0
33722 0.00 0.00 0.00 0
33723 0.00 0.00 0.00 0
33724 0.00 0.00 0.00 0
33738 0.00 0.00 0.00 0
33739 0.00 0.00 0.00 0
33740 0.00 0.00 0.00 0
33741 0.00 0.00 0.00 0
35293 0.00 0.00 0.00 0
35294 0.00 0.00 0.00 0
35295 0.00 0.00 0.00 0
35296 0.00 0.00 0.00 0
35297 0.00 0.00 0.00 0
35298 0.00 0.00 0.00 0
35299 0.00 0.00 0.00 0
35300 0.00 0.00 0.00 0
35301 0.00 0.00 0.00 0
35304 0.00 0.00 0.00 0
35305 0.00 0.00 0.00 0
35306 0.00 0.00 0.00 0
35307 0.00 0.00 0.00 0
35308 0.00 0.00 0.00 0
35309 0.00 0.00 0.00 0
35328 0.00 0.00 0.00 0
35331 0.00 0.00 0.00 0
35332 0.00 0.00 0.00 0
35333 0.00 0.00 0.00 0
35334 0.00 0.00 0.00 0
35335 0.00 0.00 0.00 0
35336 0.00 0.00 0.00 0
35337 0.00 0.00 0.00 0
35338 0.00 0.00 0.00 0
35339 0.00 0.00 0.00 0
35340 0.00 0.00 0.00 0
35341 0.00 0.00 0.00 0
35342 0.00 0.00 0.00 0
35343 0.00 0.00 0.00 0
35372 0.00 0.00 0.00 0
35373 0.00 0.00 0.00 0
35374 0.00 0.00 0.00 0
35375 0.00 0.00 0.00 0
35385 0.00 0.00 0.00 0
35386 0.00 0.00 0.00 0
35387 0.00 0.00 0.00 0
35388 0.00 0.00 0.00 0
35389 0.00 0.00 0.00 0
35390 0.00 0.00 0.00 0
35391 0.00 0.00 0.00 0
35392 0.00 0.00 0.00 0
35393 0.00 0.00 0.00 0
35394 0.00 0.00 0.00 0
35395 0.00 0.00 0.00 0
35396 0.00 0.00 0.00 0
35397 0.00 0.00 0.00 0
35398 0.00 0.00 0.00 0
35399 0.00 0.00 0.00 0
35400 0.00 0.00 0.00 0
35401 0.00 0.00 0.00 0
35402 0.00 0.00 0.00 0
35403 0.00 0.00 0.00 0
35404 0.00 0.00 0.00 0
35405 0.00 0.00 0.00 0
35406 0.00 0.00 0.00 0
35407 0.00 0.00 0.00 0
35408 0.00 0.00 0.00 0
35409 0.00 0.00 0.00 0
35410 0.00 0.00 0.00 0
35411 0.00 0.00 0.00 0
35412 0.00 0.00 0.00 0
35413 0.00 0.00 0.00 0
35414 0.00 0.00 0.00 0
35415 0.00 0.00 0.00 0
35416 0.00 0.00 0.00 0
35417 0.00 0.00 0.00 0
35418 0.00 0.00 0.00 0
35419 0.00 0.00 0.00 0
35420 0.00 0.00 0.00 0
35421 0.00 0.00 0.00 0
35422 0.00 0.00 0.00 0
38882 0.00 0.00 0.00 0
38883 0.00 0.00 0.00 0
38884 0.00 0.00 0.00 0
38885 0.00 0.00 0.00 0
38886 0.00 0.00 0.00 0
38887 0.00 0.00 0.00 0
38888 0.00 0.00 0.00 0
38889 0.00 0.00 0.00 0
38890 0.00 0.00 0.00 0
38891 0.00 0.00 0.00 0
38892 0.00 0.00 0.00 0
38893 0.00 0.00 0.00 0
38894 0.00 0.00 0.00 0
38895 0.00 0.00 0.00 0
38896 0.00 0.00 0.00 0
38899 0.00 0.00 0.00 0
38900 0.00 0.00 0.00 0
38901 0.00 0.00 0.00 0
41234 0.00 0.00 0.00 0
41235 0.00 0.00 0.00 0
41236 0.00 0.00 0.00 0
41245 0.00 0.00 0.00 0
41246 0.00 0.00 0.00 0
41247 0.00 0.00 0.00 0
41248 0.00 0.00 0.00 0
41565 0.00 0.00 0.00 0
41566 0.00 0.00 0.00 0
41567 0.00 0.00 0.00 0
41834 0.00 0.00 0.00 0
41835 0.00 0.00 0.00 0
41836 0.00 0.00 0.00 0
41845 0.00 0.00 0.00 0
41846 0.00 0.00 0.00 0
41847 0.00 0.00 0.00 0
41848 0.00 0.00 0.00 0
42142 0.00 0.00 0.00 0
42165 0.00 0.00 0.00 0
42166 0.00 0.00 0.00 0
42167 0.00 0.00 0.00 0
42168 0.00 0.00 0.00 0
42169 0.00 0.00 0.00 0
42170 0.00 0.00 0.00 0
42171 0.00 0.00 0.00 0
42172 0.00 0.00 0.00 0
42173 0.00 0.00 0.00 0
42174 0.00 0.00 0.00 0
42613 0.00 0.00 0.00 0
42614 0.00 0.00 0.00 0
42615 0.00 0.00 0.00 0
42616 0.00 0.00 0.00 0
42617 0.00 0.00 0.00 0
42618 0.00 0.00 0.00 0
42619 0.00 0.00 0.00 0
42620 0.00 0.00 0.00 0
42621 0.00 0.00 0.00 0
42622 0.00 0.00 0.00 0
42623 0.00 0.00 0.00 0
42624 0.00 0.00 0.00 0
43578 0.00 0.00 0.00 0
43579 0.00 0.00 0.00 0
43580 0.00 0.00 0.00 0
43581 0.00 0.00 0.00 0
43582 0.00 0.00 0.00 0
43583 0.00 0.00 0.00 0
43584 0.00 0.00 0.00 0
43585 0.00 0.00 0.00 0
43586 0.00 0.00 0.00 0
43587 0.00 0.00 0.00 0
43588 0.00 0.00 0.00 0
44234 0.00 0.00 0.00 0
44235 0.00 0.00 0.00 0
44236 0.00 0.00 0.00 0
44245 0.00 0.00 0.00 0
44246 0.00 0.00 0.00 0
44247 0.00 0.00 0.00 0
44248 0.00 0.00 0.00 0
44534 0.00 0.00 0.00 0
44535 0.00 0.00 0.00 0
44536 0.00 0.00 0.00 0
44542 0.00 0.00 0.00 0
44543 0.00 0.00 0.00 0
44544 0.00 0.00 0.00 0
44546 0.00 0.00 0.00 0
44565 0.00 0.00 0.00 0
44566 0.00 0.00 0.00 0
44567 0.00 0.00 0.00 0
44568 0.00 0.00 0.00 0
44569 0.00 0.00 0.00 0
44570 0.00 0.00 0.00 0
44571 0.00 0.00 0.00 0
44572 0.00 0.00 0.00 0
44573 0.00 0.00 0.00 0
44574 0.00 0.00 0.00 0
44575 0.00 0.00 0.00 0
44576 0.00 0.00 0.00 0
44577 0.00 0.00 0.00 0
44578 0.00 0.00 0.00 0
44984 0.00 0.00 0.00 0
44985 0.00 0.00 0.00 0
44986 0.00 0.00 0.00 0
44987 0.00 0.00 0.00 0
44988 0.00 0.00 0.00 0
44989 0.00 0.00 0.00 0
44990 0.00 0.00 0.00 0
44991 0.00 0.00 0.00 0
45015 0.00 0.00 0.00 0
45016 0.00 0.00 0.00 0
45017 0.00 0.00 0.00 0
45018 0.00 0.00 0.00 0
45019 0.00 0.00 0.00 0
45020 0.00 0.00 0.00 0
45021 0.00 0.00 0.00 0
45022 0.00 0.00 0.00 0
45023 0.00 0.00 0.00 0
45024 0.00 0.00 0.00 0
45025 0.00 0.00 0.00 0
45026 0.00 0.00 0.00 0
45027 0.00 0.00 0.00 0
45028 0.00 0.00 0.00 0
45978 0.00 0.00 0.00 0
45979 0.00 0.00 0.00 0
45980 0.00 0.00 0.00 0
45981 0.00 0.00 0.00 0
45982 0.00 0.00 0.00 0
45983 0.00 0.00 0.00 0
45984 0.00 0.00 0.00 0
45985 0.00 0.00 0.00 0
46784 0.00 0.00 0.00 0
46785 0.00 0.00 0.00 0
46786 0.00 0.00 0.00 0
46788 0.00 0.00 0.00 0
46810 0.00 0.00 0.00 0
46811 0.00 0.00 0.00 0
46812 0.00 0.00 0.00 0
46813 0.00 0.00 0.00 0
46814 0.00 0.00 0.00 0
46815 0.00 0.00 0.00 0
46816 0.00 0.00 0.00 0
46817 0.00 0.00 0.00 0
46818 0.00 0.00 0.00 0
46819 0.00 0.00 0.00 0
46820 0.00 0.00 0.00 0
46821 0.00 0.00 0.00 0
46822 0.00 0.00 0.00 0
46823 0.00 0.00 0.00 0
46824 0.00 0.00 0.00 0
46825 0.00 0.00 0.00 0
46826 0.00 0.00 0.00 0
46827 0.00 0.00 0.00 0
46828 0.00 0.00 0.00 0
47775 0.00 0.00 0.00 0
47776 0.00 0.00 0.00 0
47777 0.00 0.00 0.00 0
47778 0.00 0.00 0.00 0
47779 0.00 0.00 0.00 0
47780 0.00 0.00 0.00 0
47781 0.00 0.00 0.00 0
47782 0.00 0.00 0.00 0
47783 0.00 0.00 0.00 0
47784 0.00 0.00 0.00 0
47785 0.00 0.00 0.00 0
47786 0.00 0.00 0.00 0
47787 0.00 0.00 0.00 0
47788 0.00 0.00 0.00 0
47789 0.00 0.00 0.00 0
47790 0.00 0.00 0.00 0
47791 0.00 0.00 0.00 0
47792 0.00 0.00 0.00 0
47805 0.00 0.00 0.00 0
47806 0.00 0.00 0.00 0
47807 0.00 0.00 0.00 0
49057 0.00 0.00 0.00 0
49058 0.00 0.00 0.00 0
49059 0.00 0.00 0.00 0
49060 0.00 0.00 0.00 0
49061 0.00 0.00 0.00 0
49062 0.00 0.00 0.00 0
49063 0.00 0.00 0.00 0
49064 0.00 0.00 0.00 0
49068 0.00 0.00 0.00 0
49069 0.00 0.00 0.00 0
49070 0.00 0.00 0.00 0
49071 0.00 0.00 0.00 0
49072 0.00 0.00 0.00 0
49082 0.00 0.00 0.00 0
49083 0.00 0.00 0.00 0
49084 0.00 0.00 0.00 0
49085 0.00 0.00 0.00 0
49086 0.00 0.00 0.00 0
49090 0.00 0.00 0.00 0
49091 0.00 0.00 0.00 0
49092 0.00 0.00 0.00 0
49093 0.00 0.00 0.00 0
49094 0.00 0.00 0.00 0
49095 0.00 0.00 0.00 0
49096 0.00 0.00 0.00 0
49120 0.00 0.00 0.00 0
49121 0.00 0.00 0.00 0
49122 0.00 0.00 0.00 0
49123 0.00 0.00 0.00 0
49124 0.00 0.00 0.00 0
49133 0.00 0.00 0.00 0
49134 0.00 0.00 0.00 0
49135 0.00 0.00 0.00 0
49136 0.00 0.00 0.00 0
49137 0.00 0.00 0.00 0
49138 0.00 0.00 0.00 0
49139 0.00 0.00 0.00 0
49140 0.00 0.00 0.00 0
49141 0.00 0.00 0.00 0
49142 0.00 0.00 0.00 0
49143 0.00 0.00 0.00 0
49144 0.00 0.00 0.00 0
49145 0.00 0.00 0.00 0
49146 0.00 0.00 0.00 0
49147 0.00 0.00 0.00 0
49148 0.00 0.00 0.00 0
49149 0.00 0.00 0.00 0
49150 0.00 0.00 0.00 0
49151 0.00 0.00 0.00 0
49152 0.00 0.00 0.00 0
49153 0.00 0.00 0.00 0
49154 0.00 0.00 0.00 0
49155 0.00 0.00 0.00 0
49156 0.00 0.00 0.00 0
49157 0.00 0.00 0.00 0
49159 0.00 0.00 0.00 0
49161 0.00 0.00 0.00 0
52023 0.00 0.00 0.00 0
52024 0.00 0.00 0.00 0
52025 0.00 0.00 0.00 0
52028 0.00 0.00 0.00 0
52029 0.00 0.00 0.00 0
52030 0.00 0.00 0.00 0
52031 0.00 0.00 0.00 0
52032 0.00 0.00 0.00 0
52033 0.00 0.00 0.00 0
52034 0.00 0.00 0.00 0
52035 0.00 0.00 0.00 0
52036 0.00 0.00 0.00 0
52037 0.00 0.00 0.00 0
52038 0.00 0.00 0.00 0
52039 0.00 0.00 0.00 0
52040 0.00 0.00 0.00 0
52041 0.00 0.00 0.00 0
52042 0.00 0.00 0.00 0
52043 0.00 0.00 0.00 0
52044 0.00 0.00 0.00 0
52045 0.00 0.00 0.00 0
53834 0.00 0.00 0.00 0
53835 0.00 0.00 0.00 0
53836 0.00 0.00 0.00 0
53845 0.00 0.00 0.00 0
53847 0.00 0.00 0.00 0
53848 0.00 0.00 0.00 0
54143 0.00 0.00 0.00 0
54144 0.00 0.00 0.00 0
54146 0.00 0.00 0.00 0
54147 0.00 0.00 0.00 0
54171 0.00 0.00 0.00 0
54172 0.00 0.00 0.00 0
54173 0.00 0.00 0.00 0
54178 0.00 0.00 0.00 0
54584 0.00 0.00 0.00 0
54585 0.00 0.00 0.00 0
54586 0.00 0.00 0.00 0
54587 0.00 0.00 0.00 0
54588 0.00 0.00 0.00 0
54589 0.00 0.00 0.00 0
54590 0.00 0.00 0.00 0
54591 0.00 0.00 0.00 0
54615 0.00 0.00 0.00 0
54616 0.00 0.00 0.00 0
54617 0.00 0.00 0.00 0
54618 0.00 0.00 0.00 0
54619 0.00 0.00 0.00 0
54620 0.00 0.00 0.00 0
54621 0.00 0.00 0.00 0
54622 0.00 0.00 0.00 0
54623 0.00 0.00 0.00 0
54624 0.00 0.00 0.00 0
54625 0.00 0.00 0.00 0
54626 0.00 0.00 0.00 0
54627 0.00 0.00 0.00 0
54628 0.00 0.00 0.00 0
55575 0.00 0.00 0.00 0
55576 0.00 0.00 0.00 0
55577 0.00 0.00 0.00 0
55578 0.00 0.00 0.00 0
55579 0.00 0.00 0.00 0
55580 0.00 0.00 0.00 0
55581 0.00 0.00 0.00 0
55582 0.00 0.00 0.00 0
56384 0.00 0.00 0.00 0
56385 0.00 0.00 0.00 0
56386 0.00 0.00 0.00 0
56387 0.00 0.00 0.00 0
56388 0.00 0.00 0.00 0
56389 0.00 0.00 0.00 0
56390 0.00 0.00 0.00 0
56391 0.00 0.00 0.00 0
56414 0.00 0.00 0.00 0
56415 0.00 0.00 0.00 0
56416 0.00 0.00 0.00 0
56417 0.00 0.00 0.00 0
56418 0.00 0.00 0.00 0
56419 0.00 0.00 0.00 0
56420 0.00 0.00 0.00 0
56421 0.00 0.00 0.00 0
56422 0.00 0.00 0.00 0
56423 0.00 0.00 0.00 0
56424 0.00 0.00 0.00 0
56425 0.00 0.00 0.00 0
56426 0.00 0.00 0.00 0
56427 0.00 0.00 0.00 0
56428 0.00 0.00 0.00 0
57341 0.00 0.00 0.00 0
57375 0.00 0.00 0.00 0
57376 0.00 0.00 0.00 0
57377 0.00 0.00 0.00 0
57378 0.00 0.00 0.00 0
57379 0.00 0.00 0.00 0
57380 0.00 0.00 0.00 0
57381 0.00 0.00 0.00 0
57382 0.00 0.00 0.00 0
57383 0.00 0.00 0.00 0
57384 0.00 0.00 0.00 0
57385 0.00 0.00 0.00 0
57386 0.00 0.00 0.00 0
57387 0.00 0.00 0.00 0
57388 0.00 0.00 0.00 0
57389 0.00 0.00 0.00 0
57390 0.00 0.00 0.00 0
57391 0.00 0.00 0.00 0
57392 0.00 0.00 0.00 0
57393 0.00 0.00 0.00 0
57394 0.00 0.00 0.00 0
57395 0.00 0.00 0.00 0
57399 0.00 0.00 0.00 0
57400 0.00 0.00 0.00 0
57401 0.00 0.00 0.00 0
57402 0.00 0.00 0.00 0
57403 0.00 0.00 0.00 0
57404 0.00 0.00 0.00 0
57405 0.00 0.00 0.00 0
58657 0.00 0.00 0.00 0
58658 0.00 0.00 0.00 0
58668 0.00 0.00 0.00 0
58669 0.00 0.00 0.00 0
58670 0.00 0.00 0.00 0
58671 0.00 0.00 0.00 0
58672 0.00 0.00 0.00 0
58683 0.00 0.00 0.00 0
58684 0.00 0.00 0.00 0
58685 0.00 0.00 0.00 0
58693 0.00 0.00 0.00 0
58695 0.00 0.00 0.00 0
58720 0.00 0.00 0.00 0
58721 0.00 0.00 0.00 0
58722 0.00 0.00 0.00 0
58723 0.00 0.00 0.00 0
58724 0.00 0.00 0.00 0
58728 0.00 0.00 0.00 0
58729 0.00 0.00 0.00 0
58730 0.00 0.00 0.00 0
58731 0.00 0.00 0.00 0
58732 0.00 0.00 0.00 0
58733 0.00 0.00 0.00 0
58734 0.00 0.00 0.00 0
58735 0.00 0.00 0.00 0
58736 0.00 0.00 0.00 0
58737 0.00 0.00 0.00 0
58738 0.00 0.00 0.00 0
58739 0.00 0.00 0.00 0
58740 0.00 0.00 0.00 0
58741 0.00 0.00 0.00 0
58742 0.00 0.00 0.00 0
58743 0.00 0.00 0.00 0
58744 0.00 0.00 0.00 0
58745 0.00 0.00 0.00 0
58746 0.00 0.00 0.00 0
58747 0.00 0.00 0.00 0
58748 0.00 0.00 0.00 0
58749 0.00 0.00 0.00 0
58750 0.00 0.00 0.00 0
58751 0.00 0.00 0.00 0
58752 0.00 0.00 0.00 0
58753 0.00 0.00 0.00 0
58754 0.00 0.00 0.00 0
58755 0.00 0.00 0.00 0
58756 0.00 0.00 0.00 0
61613 0.00 0.00 0.00 0
61623 0.00 0.00 0.00 0
61624 0.00 0.00 0.00 0
61625 0.00 0.00 0.00 0
61626 0.00 0.00 0.00 0
61627 0.00 0.00 0.00 0
61628 0.00 0.00 0.00 0
61629 0.00 0.00 0.00 0
61630 0.00 0.00 0.00 0
61631 0.00 0.00 0.00 0
61632 0.00 0.00 0.00 0
61633 0.00 0.00 0.00 0
61634 0.00 0.00 0.00 0
61635 0.00 0.00 0.00 0
61636 0.00 0.00 0.00 0
61637 0.00 0.00 0.00 0
61638 0.00 0.00 0.00 0
61639 0.00 0.00 0.00 0
61640 0.00 0.00 0.00 0
61641 0.00 0.00 0.00 0
61642 0.00 0.00 0.00 0
63584 0.00 0.00 0.00 0
63585 0.00 0.00 0.00 0
63586 0.00 0.00 0.00 0
63587 0.00 0.00 0.00 0
63588 0.00 0.00 0.00 0
63589 0.00 0.00 0.00 0
63590 0.00 0.00 0.00 0
63610 0.00 0.00 0.00 0
63611 0.00 0.00 0.00 0
63612 0.00 0.00 0.00 0
63613 0.00 0.00 0.00 0
63614 0.00 0.00 0.00 0
63618 0.00 0.00 0.00 0
63619 0.00 0.00 0.00 0
63620 0.00 0.00 0.00 0
63621 0.00 0.00 0.00 0
63622 0.00 0.00 0.00 0
63623 0.00 0.00 0.00 0
63624 0.00 0.00 0.00 0
63625 0.00 0.00 0.00 0
63626 0.00 0.00 0.00 0
63627 0.00 0.00 0.00 0
63628 0.00 0.00 0.00 0
64487 0.00 0.00 0.00 0
64488 0.00 0.00 0.00 0
64489 0.00 0.00 0.00 0
64507 0.00 0.00 0.00 0
64508 0.00 0.00 0.00 0
64509 0.00 0.00 0.00 0
64510 0.00 0.00 0.00 0
64511 0.00 0.00 0.00 0
64512 0.00 0.00 0.00 0
64514 0.00 0.00 0.00 0
64515 0.00 0.00 0.00 0
64516 0.00 0.00 0.00 0
64517 0.00 0.00 0.00 0
64518 0.00 0.00 0.00 0
64519 0.00 0.00 0.00 0
64575 0.00 0.00 0.00 0
64576 0.00 0.00 0.00 0
64577 0.00 0.00 0.00 0
64578 0.00 0.00 0.00 0
64579 0.00 0.00 0.00 0
64580 0.00 0.00 0.00 0
64581 0.00 0.00 0.00 0
64582 0.00 0.00 0.00 0
64583 0.00 0.00 0.00 0
64584 0.00 0.00 0.00 0
64585 0.00 0.00 0.00 0
64586 0.00 0.00 0.00 0
64587 0.00 0.00 0.00 0
64588 0.00 0.00 0.00 0
64589 0.00 0.00 0.00 0
64590 0.00 0.00 0.00 0
64591 0.00 0.00 0.00 0
64592 0.00 0.00 0.00 0
64593 0.00 0.00 0.00 0
64594 0.00 0.00 0.00 0
64595 0.00 0.00 0.00 0
64596 0.00 0.00 0.00 0
64597 0.00 0.00 0.00 0
64598 0.00 0.00 0.00 0
64599 0.00 0.00 0.00 0
64600 0.00 0.00 0.00 0
64601 0.00 0.00 0.00 0
64602 0.00 0.00 0.00 0
64603 0.00 0.00 0.00 0
64604 0.00 0.00 0.00 0
64605 0.00 0.00 0.00 0
64606 0.00 0.00 0.00 0
64607 0.00 0.00 0.00 0
64608 0.00 0.00 0.00 0
64609 0.00 0.00 0.00 0
64610 0.00 0.00 0.00 0
64611 0.00 0.00 0.00 0
64612 0.00 0.00 0.00 0
64613 0.00 0.00 0.00 0
64614 0.00 0.00 0.00 0
64615 0.00 0.00 0.00 0
64616 0.00 0.00 0.00 0
65842 0.00 0.00 0.00 0
65843 0.00 0.00 0.00 0
65844 0.00 0.00 0.00 0
65845 0.00 0.00 0.00 0
65846 0.00 0.00 0.00 0
65847 0.00 0.00 0.00 0
65849 0.00 0.00 0.00 0
65851 0.00 0.00 0.00 0
65852 0.00 0.00 0.00 0
65853 0.00 0.00 0.00 0
65854 0.00 0.00 0.00 0
65856 0.00 0.00 0.00 0
65925 0.00 0.00 0.00 0
65926 0.00 0.00 0.00 0
65927 0.00 0.00 0.00 0
65928 0.00 0.00 0.00 0
65929 0.00 0.00 0.00 0
65930 0.00 0.00 0.00 0
65931 0.00 0.00 0.00 0
65932 0.00 0.00 0.00 0
65933 0.00 0.00 0.00 0
65934 0.00 0.00 0.00 0
65935 0.00 0.00 0.00 0
65936 0.00 0.00 0.00 0
65937 0.00 0.00 0.00 0
65938 0.00 0.00 0.00 0
65939 0.00 0.00 0.00 0
65940 0.00 0.00 0.00 0
65941 0.00 0.00 0.00 0
65942 0.00 0.00 0.00 0
65943 0.00 0.00 0.00 0
65944 0.00 0.00 0.00 0
65945 0.00 0.00 0.00 0
65946 0.00 0.00 0.00 0
65947 0.00 0.00 0.00 0
65948 0.00 0.00 0.00 0
65949 0.00 0.00 0.00 0
65950 0.00 0.00 0.00 0
65951 0.00 0.00 0.00 0
65952 0.00 0.00 0.00 0
65953 0.00 0.00 0.00 0
65954 0.00 0.00 0.00 0
65955 0.00 0.00 0.00 0
65956 0.00 0.00 0.00 0
65957 0.00 0.00 0.00 0
65958 0.00 0.00 0.00 0
65959 0.00 0.00 0.00 0
65960 0.00 0.00 0.00 0
65961 0.00 0.00 0.00 0
65962 0.00 0.00 0.00 0
65963 0.00 0.00 0.00 0
65964 0.00 0.00 0.00 0
68813 0.00 0.00 0.00 0
68814 0.00 0.00 0.00 0
68815 0.00 0.00 0.00 0
68816 0.00 0.00 0.00 0
68817 0.00 0.00 0.00 0
68818 0.00 0.00 0.00 0
68820 0.00 0.00 0.00 0
68821 0.00 0.00 0.00 0
68822 0.00 0.00 0.00 0
68823 0.00 0.00 0.00 0
68824 0.00 0.00 0.00 0
68825 0.00 0.00 0.00 0
68826 0.00 0.00 0.00 0
68827 0.00 0.00 0.00 0
68828 0.00 0.00 0.00 0
68829 0.00 0.00 0.00 0
68830 0.00 0.00 0.00 0
68831 0.00 0.00 0.00 0
68832 0.00 0.00 0.00 0
68833 0.00 0.00 0.00 0
68834 0.00 0.00 0.00 0
68835 0.00 0.00 0.00 0
68837 0.00 0.00 0.00 0
68840 0.00 0.00 0.00 0
68841 0.00 0.00 0.00 0
68842 0.00 0.00 0.00 0
68843 0.00 0.00 0.00 0
68844 0.00 0.00 0.00 0
68845 0.00 0.00 0.00 0
68846 0.00 0.00 0.00 0
68847 0.00 0.00 0.00 0
68848 0.00 0.00 0.00 0
68849 0.00 0.00 0.00 0
68850 0.00 0.00 0.00 0
68851 0.00 0.00 0.00 0
68852 0.00 0.00 0.00 0
71234 0.00 0.00 0.00 0
71235 0.00 0.00 0.00 0
71236 0.00 0.00 0.00 0
71237 0.00 0.00 0.00 0
71238 0.00 0.00 0.00 0
71239 0.00 0.00 0.00 0
71240 0.00 0.00 0.00 0
71241 0.00 0.00 0.00 0
71242 0.00 0.00 0.00 0
71243 0.00 0.00 0.00 0
71244 0.00 0.00 0.00 0
71245 0.00 0.00 0.00 0
71246 0.00 0.00 0.00 0
71247 0.00 0.00 0.00 0
71248 0.00 0.00 0.00 0
71249 0.00 0.00 0.00 0
71250 0.00 0.00 0.00 0
71251 0.00 0.00 0.00 0
71257 0.00 0.00 0.00 0
71258 0.00 0.00 0.00 0
71259 0.00 0.00 0.00 0
71265 0.00 0.00 0.00 0
71266 0.00 0.00 0.00 0
71320 0.00 0.00 0.00 0
71321 0.00 0.00 0.00 0
71322 0.00 0.00 0.00 0
71323 0.00 0.00 0.00 0
71324 0.00 0.00 0.00 0
71327 0.00 0.00 0.00 0
71328 0.00 0.00 0.00 0
71329 0.00 0.00 0.00 0
71330 0.00 0.00 0.00 0
71331 0.00 0.00 0.00 0
71332 0.00 0.00 0.00 0
71333 0.00 0.00 0.00 0
71334 0.00 0.00 0.00 0
71335 0.00 0.00 0.00 0
71336 0.00 0.00 0.00 0
71337 0.00 0.00 0.00 0
71338 0.00 0.00 0.00 0
71339 0.00 0.00 0.00 0
71340 0.00 0.00 0.00 0
71341 0.00 0.00 0.00 0
71342 0.00 0.00 0.00 0
71343 0.00 0.00 0.00 0
71344 0.00 0.00 0.00 0
71345 0.00 0.00 0.00 0
71346 0.00 0.00 0.00 0
71347 0.00 0.00 0.00 0
71348 0.00 0.00 0.00 0
71349 0.00 0.00 0.00 0
71350 0.00 0.00 0.00 0
71351 0.00 0.00 0.00 0
71352 0.00 0.00 0.00 0
71353 0.00 0.00 0.00 0
71354 0.00 0.00 0.00 0
71355 0.00 0.00 0.00 0
71356 0.00 0.00 0.00 0
71357 0.00 0.00 0.00 0
71358 0.00 0.00 0.00 0
71359 0.00 0.00 0.00 0
71360 0.00 0.00 0.00 0
71361 0.00 0.00 0.00 0
71362 0.00 0.00 0.00 0
71363 0.00 0.00 0.00 0
71364 0.00 0.00 0.00 0
71365 0.00 0.00 0.00 0
71366 0.00 0.00 0.00 0
71367 0.00 0.00 0.00 0
71368 0.00 0.00 0.00 0
74205 0.00 0.00 0.00 0
74206 0.00 0.00 0.00 0
74207 0.00 0.00 0.00 0
74208 0.00 0.00 0.00 0
74209 0.00 0.00 0.00 0
74210 0.00 0.00 0.00 0
74211 0.00 0.00 0.00 0
74212 0.00 0.00 0.00 0
74213 0.00 0.00 0.00 0
74214 0.00 0.00 0.00 0
74215 0.00 0.00 0.00 0
74216 0.00 0.00 0.00 0
74217 0.00 0.00 0.00 0
74218 0.00 0.00 0.00 0
74219 0.00 0.00 0.00 0
74220 0.00 0.00 0.00 0
74221 0.00 0.00 0.00 0
74222 0.00 0.00 0.00 0
74223 0.00 0.00 0.00 0
74224 0.00 0.00 0.00 0
74225 0.00 0.00 0.00 0
74226 0.00 0.00 0.00 0
74227 0.00 0.00 0.00 0
74228 0.00 0.00 0.00 0
74229 0.00 0.00 0.00 0
74230 0.00 0.00 0.00 0
74231 0.00 0.00 0.00 0
74232 0.00 0.00 0.00 0
74233 0.00 0.00 0.00 0
74234 0.00 0.00 0.00 0
74235 0.00 0.00 0.00 0
74236 0.00 0.00 0.00 0
74237 0.00 0.00 0.00 0
74238 0.00 0.00 0.00 0
74239 0.00 0.00 0.00 0
74240 0.00 0.00 0.00 0
74241 0.00 0.00 0.00 0
74242 0.00 0.00 0.00 0
74243 0.00 0.00 0.00 0
74244 0.00 0.00 0.00 0
74245 0.00 0.00 0.00 0
74246 0.00 0.00 0.00 0
74247 0.00 0.00 0.00 0
74248 0.00 0.00 0.00 0
74249 0.00 0.00 0.00 0
74250 0.00 0.00 0.00 0
74251 0.00 0.00 0.00 0
74252 0.00 0.00 0.00 0
74253 0.00 0.00 0.00 0
74254 0.00 0.00 0.00 0
74255 0.00 0.00 0.00 0
74256 0.00 0.00 0.00 0
74257 0.00 0.00 0.00 0
74258 0.00 0.00 0.00 0
74259 0.00 0.00 0.00 0
74260 0.00 0.00 0.00 0
74262 0.00 0.00 0.00 0
74263 0.00 0.00 0.00 0
74264 0.00 0.00 0.00 0
74295 0.00 0.00 0.00 0
74296 0.00 0.00 0.00 0
74297 0.00 0.00 0.00 0
74298 0.00 0.00 0.00 0
74299 0.00 0.00 0.00 0
74300 0.00 0.00 0.00 0
74301 0.00 0.00 0.00 0
74302 0.00 0.00 0.00 0
78052 0.00 0.00 0.00 0
78053 0.00 0.00 0.00 0
78054 0.00 0.00 0.00 0
78055 0.00 0.00 0.00 0
78056 0.00 0.00 0.00 0
78057 0.00 0.00 0.00 0
78058 0.00 0.00 0.00 0
78059 0.00 0.00 0.00 0
78060 0.00 0.00 0.00 0
78061 0.00 0.00 0.00 0
78062 0.00 0.00 0.00 0
78063 0.00 0.00 0.00 0
78064 0.00 0.00 0.00 0
78065 0.00 0.00 0.00 0
78066 0.00 0.00 0.00 0
78067 0.00 0.00 0.00 0
78068 0.00 0.00 0.00 0
78069 0.00 0.00 0.00 0
78070 0.00 0.00 0.00 0
78071 0.00 0.00 0.00 0
78072 0.00 0.00 0.00 0
78073 0.00 0.00 0.00 0
78074 0.00 0.00 0.00 0
78082 0.00 0.00 0.00 0
78083 0.00 0.00 0.00 0
78085 0.00 0.00 0.00 0
78086 0.00 0.00 0.00 0
78087 0.00 0.00 0.00 0
78088 0.00 0.00 0.00 0
78089 0.00 0.00 0.00 0
78090 0.00 0.00 0.00 0
78091 0.00 0.00 0.00 0
78092 0.00 0.00 0.00 0
78093 0.00 0.00 0.00 0
78094 0.00 0.00 0.00 0
78095 0.00 0.00 0.00 0
78096 0.00 0.00 0.00 0
78137 0.00 0.00 0.00 0
78139 0.00 0.00 0.00 0
78140 0.00 0.00 0.00 0
78141 0.00 0.00 0.00 0
78150 0.00 0.00 0.00 0
78151 0.00 0.00 0.00 0
78152 0.00 0.00 0.00 0
78153 0.00 0.00 0.00 0
78154 0.00 0.00 0.00 0
78155 0.00 0.00 0.00 0
78156 0.00 0.00 0.00 0
78157 0.00 0.00 0.00 0
78158 0.00 0.00 0.00 0
78159 0.00 0.00 0.00 0
78160 0.00 0.00 0.00 0
78161 0.00 0.00 0.00 0
78162 0.00 0.00 0.00 0
78163 0.00 0.00 0.00 0
78164 0.00 0.00 0.00 0
78165 0.00 0.00 0.00 0
78166 0.00 0.00 0.00 0
78167 0.00 0.00 0.00 0
78168 0.00 0.00 0.00 0
78169 0.00 0.00 0.00 0
78170 0.00 0.00 0.00 0
78171 0.00 0.00 0.00 0
78172 0.00 0.00 0.00 0
78173 0.00 0.00 0.00 0
78174 0.00 0.00 0.00 0
78176 0.00 0.00 0.00 0
78177 0.00 0.00 0.00 0
78178 0.00 0.00 0.00 0
78179 0.00 0.00 0.00 0
78243 0.00 0.00 0.00 0
78245 0.00 0.00 0.00 0
78247 0.00 0.00 0.00 0
78248 0.00 0.00 0.00 0
78249 0.00 0.00 0.00 0
78250 0.00 0.00 0.00 0
78251 0.00 0.00 0.00 0
78252 0.00 0.00 0.00 0
78253 0.00 0.00 0.00 0
78254 0.00 0.00 0.00 0
78278 0.00 0.00 0.00 0
78279 0.00 0.00 0.00 0
78280 0.00 0.00 0.00 0
78281 0.00 0.00 0.00 0
78282 0.00 0.00 0.00 0
78283 0.00 0.00 0.00 0
78284 0.00 0.00 0.00 0
78285 0.00 0.00 0.00 0
78286 0.00 0.00 0.00 0
78287 0.00 0.00 0.00 0
78288 0.00 0.00 0.00 0
78289 0.00 0.00 0.00 0
78290 0.00 0.00 0.00 0
78291 0.00 0.00 0.00 0
78292 0.00 0.00 0.00 0
78293 0.00 0.00 0.00 0
78294 0.00 0.00 0.00 0
78295 0.00 0.00 0.00 0
78296 0.00 0.00 0.00 0
78297 0.00 0.00 0.00 0
78298 0.00 0.00 0.00 0
78299 0.00 0.00 0.00 0
78300 0.00 0.00 0.00 0
78301 0.00 0.00 0.00 0
78302 0.00 0.00 0.00 0
78303 0.00 0.00 0.00 0
78304 0.00 0.00 0.00 0
78305 0.00 0.00 0.00 0
78306 0.00 0.00 0.00 0
78307 0.00 0.00 0.00 0
78308 0.00 0.00 0.00 0
78309 0.00 0.00 0.00 0
78310 0.00 0.00 0.00 0
78311 0.00 0.00 0.00 0
78312 0.00 0.00 0.00 0
78313 0.00 0.00 0.00 0
78314 0.00 0.00 0.00 0
78315 0.00 0.00 0.00 0
78316 0.00 0.00 0.00 0
78317 0.00 0.00 0.00 0
78318 0.00 0.00 0.00 0
78319 0.00 0.00 0.00 0
78320 0.00 0.00 0.00 0
78321 0.00 0.00 0.00 0
78322 0.00 0.00 0.00 0
78323 0.00 0.00 0.00 0
78324 0.00 0.00 0.00 0
78325 0.00 0.00 0.00 0
78326 0.00 0.00 0.00 0
78327 0.00 0.00 0.00 0
78328 0.00 0.00 0.00 0
78329 0.00 0.00 0.00 0
78330 0.00 0.00 0.00 0
78331 0.00 0.00 0.00 0
78332 0.00 0.00 0.00 0
78333 0.00 0.00 0.00 0
78334 0.00 0.00 0.00 0
78335 0.00 0.00 0.00 0
78336 0.00 0.00 0.00 0
78337 0.00 0.00 0.00 0
78338 0.00 0.00 0.00 0
78339 0.00 0.00 0.00 0
78340 0.00 0.00 0.00 0
78341 0.00 0.00 0.00 0
78342 0.00 0.00 0.00 0
78343 0.00 0.00 0.00 0
78344 0.00 0.00 0.00 0
78345 0.00 0.00 0.00 0
78346 0.00 0.00 0.00 0
78347 0.00 0.00 0.00 0
78348 0.00 0.00 0.00 0
78349 0.00 0.00 0.00 0
78350 0.00 0.00 0.00 0
78351 0.00 0.00 0.00 0
78352 0.00 0.00 0.00 0
78353 0.00 0.00 0.00 0
78354 0.00 0.00 0.00 0
78355 0.00 0.00 0.00 0
78356 0.00 0.00 0.00 0
78357 0.00 0.00 0.00 0
78358 0.00 0.00 0.00 0
78359 0.00 0.00 0.00 0
78360 0.00 0.00 0.00 0
78361 0.00 0.00 0.00 0
78362 0.00 0.00 0.00 0
78363 0.00 0.00 0.00 0
78364 0.00 0.00 0.00 0
78365 0.00 0.00 0.00 0
78366 0.00 0.00 0.00 0
78367 0.00 0.00 0.00 0
78368 0.00 0.00 0.00 0
78369 0.00 0.00 0.00 0
78371 0.00 0.00 0.00 0
86963 0.00 0.00 0.00 0
86964 0.00 0.00 0.00 0
86965 0.00 0.00 0.00 0
86966 0.00 0.00 0.00 0
86967 0.00 0.00 0.00 0
86968 0.00 0.00 0.00 0
86969 0.00 0.00 0.00 0
86970 0.00 0.00 0.00 0
86971 0.00 0.00 0.00 0
86972 0.00 0.00 0.00 0
86973 0.00 0.00 0.00 0
86974 0.00 0.00 0.00 0
86975 0.00 0.00 0.00 0
86976 0.00 0.00 0.00 0
86977 0.00 0.00 0.00 0
86978 0.00 0.00 0.00 0
86979 0.00 0.00 0.00 0
86980 0.00 0.00 0.00 0
86982 0.00 0.00 0.00 0
86984 0.00 0.00 0.00 0
86986 0.00 0.00 0.00 0
86987 0.00 0.00 0.00 0
86988 0.00 0.00 0.00 0
86989 0.00 0.00 0.00 0
86990 0.00 0.00 0.00 0
86991 0.00 0.00 0.00 0
86992 0.00 0.00 0.00 0
86993 0.00 0.00 0.00 0
86994 0.00 0.00 0.00 0
86995 0.00 0.00 0.00 0
86996 0.00 0.00 0.00 0
86997 0.00 0.00 0.00 0
86998 0.00 0.00 0.00 0
86999 0.00 0.00 0.00 0
87000 0.00 0.00 0.00 0
87001 0.00 0.00 0.00 0
87004 0.00 0.00 0.00 0
87006 0.00 0.00 0.00 0
87007 0.00 0.00 0.00 0
87008 0.00 0.00 0.00 0
87009 0.00 0.00 0.00 0
87010 0.00 0.00 0.00 0
87011 0.00 0.00 0.00 0
87012 0.00 0.00 0.00 0
87013 0.00 0.00 0.00 0
87014 0.00 0.00 0.00 0
92204 0.00 0.00 0.00 0
92205 0.00 0.00 0.00 0
92206 0.00 0.00 0.00 0
92390 0.00 0.00 0.00 0
92654 0.00 0.00 0.00 0
92655 0.00 0.00 0.00 0
92656 0.00 0.00 0.00 0
92657 0.00 0.00 0.00 0
92658 0.00 0.00 0.00 0
92673 0.00 0.00 0.00 0
92674 0.00 0.00 0.00 0
92675 0.00 0.00 0.00 0
92676 0.00 0.00 0.00 0
92677 0.00 0.00 0.00 0
92678 0.00 0.00 0.00 0
92679 0.00 0.00 0.00 0
92680 0.00 0.00 0.00 0
93249 0.00 0.00 0.00 0
93250 0.00 0.00 0.00 0
93251 0.00 0.00 0.00 0
93252 0.00 0.00 0.00 0
93253 0.00 0.00 0.00 0
93734 0.00 0.00 0.00 0
93735 0.00 0.00 0.00 0
93736 0.00 0.00 0.00 0
93737 0.00 0.00 0.00 0
93738 0.00 0.00 0.00 0
93752 0.00 0.00 0.00 0
93753 0.00 0.00 0.00 0
93754 0.00 0.00 0.00 0
93755 0.00 0.00 0.00 0
93756 0.00 0.00 0.00 0
93757 0.00 0.00 0.00 0
93758 0.00 0.00 0.00 0
93759 0.00 0.00 0.00 0
93760 0.00 0.00 0.00 0
94329 0.00 0.00 0.00 0
94330 0.00 0.00 0.00 0
94331 0.00 0.00 0.00 0
94332 0.00 0.00 0.00 0
94333 0.00 0.00 0.00 0
94334 0.00 0.00 0.00 0
94335 0.00 0.00 0.00 0
94336 0.00 0.00 0.00 0
94337 0.00 0.00 0.00 0
94338 0.00 0.00 0.00 0
94339 0.00 0.00 0.00 0
94340 0.00 0.00 0.00 0
94341 0.00 0.00 0.00 0
94342 0.00 0.00 0.00 0
94343 0.00 0.00 0.00 0
94344 0.00 0.00 0.00 0
94345 0.00 0.00 0.00 0
94346 0.00 0.00 0.00 0
95106 0.00 0.00 0.00 0
95112 0.00 0.00 0.00 0
95135 0.00 0.00 0.00 0
95136 0.00 0.00 0.00 0
95137 0.00 0.00 0.00 0
95138 0.00 0.00 0.00 0
95139 0.00 0.00 0.00 0
95140 0.00 0.00 0.00 0
95141 0.00 0.00 0.00 0
95142 0.00 0.00 0.00 0
95143 0.00 0.00 0.00 0
95144 0.00 0.00 0.00 0
95145 0.00 0.00 0.00 0
95146 0.00 0.00 0.00 0
95147 0.00 0.00 0.00 0
95148 0.00 0.00 0.00 0
95149 0.00 0.00 0.00 0
95150 0.00 0.00 0.00 0
95151 0.00 0.00 0.00 0
95152 0.00 0.00 0.00 0
95153 0.00 0.00 0.00 0
95154 0.00 0.00 0.00 0
95155 0.00 0.00 0.00 0
95156 0.00 0.00 0.00 0
96872 0.00 0.00 0.00 0
96874 0.00 0.00 0.00 0
96875 0.00 0.00 0.00 0
96876 0.00 0.00 0.00 0
96877 0.00 0.00 0.00 0
96878 0.00 0.00 0.00 0
96879 0.00 0.00 0.00 0
96880 0.00 0.00 0.00 0
96881 0.00 0.00 0.00 0
96882 0.00 0.00 0.00 0
96883 0.00 0.00 0.00 0
96884 0.00 0.00 0.00 0
96885 0.00 0.00 0.00 0
96886 0.00 0.00 0.00 0
96887 0.00 0.00 0.00 0
96888 0.00 0.00 0.00 0
96889 0.00 0.00 0.00 0
96890 0.00 0.00 0.00 0
98054 0.00 0.00 0.00 0
98055 0.00 0.00 0.00 0
98056 0.00 0.00 0.00 0
98057 0.00 0.00 0.00 0
98058 0.00 0.00 0.00 0
98073 0.00 0.00 0.00 0
98074 0.00 0.00 0.00 0
98075 0.00 0.00 0.00 0
98076 0.00 0.00 0.00 0
98077 0.00 0.00 0.00 0
98078 0.00 0.00 0.00 0
98079 0.00 0.00 0.00 0
98080 0.00 0.00 0.00 0
98594 0.00 0.00 0.00 0
98595 0.00 0.00 0.00 0
98596 0.00 0.00 0.00 0
98597 0.00 0.00 0.00 0
98598 0.00 0.00 0.00 0
98608 0.00 0.00 0.00 0
98609 0.00 0.00 0.00 0
98610 0.00 0.00 0.00 0
98611 0.00 0.00 0.00 0
98612 0.00 0.00 0.00 0
98613 0.00 0.00 0.00 0
98614 0.00 0.00 0.00 0
98615 0.00 0.00 0.00 0
98616 0.00 0.00 0.00 0
98617 0.00 0.00 0.00 0
98649 0.00 0.00 0.00 0
98650 0.00 0.00 0.00 0
98651 0.00 0.00 0.00 0
98652 0.00 0.00 0.00 0
98653 0.00 0.00 0.00 0
98654 0.00 0.00 0.00 0
98655 0.00 0.00 0.00 0
98656 0.00 0.00 0.00 0
98657 0.00 0.00 0.00 0
98658 0.00 0.00 0.00 0
98659 0.00 0.00 0.00 0
98660 0.00 0.00 0.00 0
98661 0.00 0.00 0.00 0
98662 0.00 0.00 0.00 0
98663 0.00 0.00 0.00 0
98664 0.00 0.00 0.00 0
98665 0.00 0.00 0.00 0
98666 0.00 0.00 0.00 0
98667 0.00 0.00 0.00 0
98668 0.00 0.00 0.00 0
98669 0.00 0.00 0.00 0
98670 0.00 0.00 0.00 0
98671 0.00 0.00 0.00 0
98672 0.00 0.00 0.00 0
98673 0.00 0.00 0.00 0
98674 0.00 0.00 0.00 0
99408 0.00 0.00 0.00 0
99409 0.00 0.00 0.00 0
99410 0.00 0.00 0.00 0
99411 0.00 0.00 0.00 0
99412 0.00 0.00 0.00 0
99413 0.00 0.00 0.00 0
99414 0.00 0.00 0.00 0
99415 0.00 0.00 0.00 0
99416 0.00 0.00 0.00 0
99417 0.00 0.00 0.00 0
99459 0.00 0.00 0.00 0
99460 0.00 0.00 0.00 0
99461 0.00 0.00 0.00 0
99462 0.00 0.00 0.00 0
99463 0.00 0.00 0.00 0
99464 0.00 0.00 0.00 0
99465 0.00 0.00 0.00 0
99466 0.00 0.00 0.00 0
99467 0.00 0.00 0.00 0
99468 0.00 0.00 0.00 0
99469 0.00 0.00 0.00 0
99470 0.00 0.00 0.00 0
99471 0.00 0.00 0.00 0
99472 0.00 0.00 0.00 0
99473 0.00 0.00 0.00 0
99474 0.00 0.00 0.00 0
99475 0.00 0.00 0.00 0
99476 0.00 0.00 0.00 0
99477 0.00 0.00 0.00 0
99478 0.00 0.00 0.00 0
99479 0.00 0.00 0.00 0
99480 0.00 0.00 0.00 0
99481 0.00 0.00 0.00 0
99482 0.00 0.00 0.00 0
99483 0.00 0.00 0.00 0
99484 0.00 0.00 0.00 0
101192 0.00 0.00 0.00 0
101193 0.00 0.00 0.00 0
101194 0.00 0.00 0.00 0
101195 0.00 0.00 0.00 0
101196 0.00 0.00 0.00 0
101197 0.00 0.00 0.00 0
101198 0.00 0.00 0.00 0
101199 0.00 0.00 0.00 0
101200 0.00 0.00 0.00 0
101201 0.00 0.00 0.00 0
101202 0.00 0.00 0.00 0
101203 0.00 0.00 0.00 0
101204 0.00 0.00 0.00 0
101205 0.00 0.00 0.00 0
101211 0.00 0.00 0.00 0
101214 0.00 0.00 0.00 0
101215 0.00 0.00 0.00 0
101216 0.00 0.00 0.00 0
102644 0.00 0.00 0.00 0
102645 0.00 0.00 0.00 0
102646 0.00 0.00 0.00 0
102647 0.00 0.00 0.00 0
102648 0.00 0.00 0.00 0
102649 0.00 0.00 0.00 0
102650 0.00 0.00 0.00 0
102651 0.00 0.00 0.00 0
102652 0.00 0.00 0.00 0
102653 0.00 0.00 0.00 0
102654 0.00 0.00 0.00 0
102658 0.00 0.00 0.00 0
102659 0.00 0.00 0.00 0
102661 0.00 0.00 0.00 0
102697 0.00 0.00 0.00 0
102698 0.00 0.00 0.00 0
102699 0.00 0.00 0.00 0
102700 0.00 0.00 0.00 0
102701 0.00 0.00 0.00 0
102702 0.00 0.00 0.00 0
102703 0.00 0.00 0.00 0
102704 0.00 0.00 0.00 0
102705 0.00 0.00 0.00 0
102706 0.00 0.00 0.00 0
102707 0.00 0.00 0.00 0
102708 0.00 0.00 0.00 0
102709 0.00 0.00 0.00 0
102710 0.00 0.00 0.00 0
102711 0.00 0.00 0.00 0
102712 0.00 0.00 0.00 0
102713 0.00 0.00 0.00 0
102714 0.00 0.00 0.00 0
102715 0.00 0.00 0.00 0
102716 0.00 0.00 0.00 0
102717 0.00 0.00 0.00 0
102718 0.00 0.00 0.00 0
102719 0.00 0.00 0.00 0
102720 0.00 0.00 0.00 0
102721 0.00 0.00 0.00 0
102722 0.00 0.00 0.00 0
102723 0.00 0.00 0.00 0
102724 0.00 0.00 0.00 0
104427 0.00 0.00 0.00 0
104428 0.00 0.00 0.00 0
104429 0.00 0.00 0.00 0
104430 0.00 0.00 0.00 0
104431 0.00 0.00 0.00 0
104432 0.00 0.00 0.00 0
104433 0.00 0.00 0.00 0
104434 0.00 0.00 0.00 0
104435 0.00 0.00 0.00 0
104436 0.00 0.00 0.00 0
104437 0.00 0.00 0.00 0
104438 0.00 0.00 0.00 0
104439 0.00 0.00 0.00 0
104440 0.00 0.00 0.00 0
104441 0.00 0.00 0.00 0
104442 0.00 0.00 0.00 0
104443 0.00 0.00 0.00 0
104444 0.00 0.00 0.00 0
104445 0.00 0.00 0.00 0
104446 0.00 0.00 0.00 0
104447 0.00 0.00 0.00 0
104448 0.00 0.00 0.00 0
104449 0.00 0.00 0.00 0
104450 0.00 0.00 0.00 0
104451 0.00 0.00 0.00 0
104452 0.00 0.00 0.00 0
104453 0.00 0.00 0.00 0
104454 0.00 0.00 0.00 0
104455 0.00 0.00 0.00 0
104456 0.00 0.00 0.00 0
104457 0.00 0.00 0.00 0
104458 0.00 0.00 0.00 0
104459 0.00 0.00 0.00 0
104460 0.00 0.00 0.00 0
104461 0.00 0.00 0.00 0
104481 0.00 0.00 0.00 0
104482 0.00 0.00 0.00 0
104483 0.00 0.00 0.00 0
104484 0.00 0.00 0.00 0
104485 0.00 0.00 0.00 0
106735 0.00 0.00 0.00 0
106736 0.00 0.00 0.00 0
106737 0.00 0.00 0.00 0
106738 0.00 0.00 0.00 0
106739 0.00 0.00 0.00 0
106740 0.00 0.00 0.00 0
106741 0.00 0.00 0.00 0
106742 0.00 0.00 0.00 0
106743 0.00 0.00 0.00 0
106744 0.00 0.00 0.00 0
106745 0.00 0.00 0.00 0
106746 0.00 0.00 0.00 0
106747 0.00 0.00 0.00 0
106748 0.00 0.00 0.00 0
106754 0.00 0.00 0.00 0
106755 0.00 0.00 0.00 0
106756 0.00 0.00 0.00 0
106757 0.00 0.00 0.00 0
106758 0.00 0.00 0.00 0
106759 0.00 0.00 0.00 0
106760 0.00 0.00 0.00 0
106761 0.00 0.00 0.00 0
106762 0.00 0.00 0.00 0
106787 0.00 0.00 0.00 0
106788 0.00 0.00 0.00 0
106794 0.00 0.00 0.00 0
106795 0.00 0.00 0.00 0
106796 0.00 0.00 0.00 0
106797 0.00 0.00 0.00 0
106798 0.00 0.00 0.00 0
106799 0.00 0.00 0.00 0
106800 0.00 0.00 0.00 0
106801 0.00 0.00 0.00 0
106802 0.00 0.00 0.00 0
106803 0.00 0.00 0.00 0
106804 0.00 0.00 0.00 0
106805 0.00 0.00 0.00 0
106806 0.00 0.00 0.00 0
106848 0.00 0.00 0.00 0
106849 0.00 0.00 0.00 0
106850 0.00 0.00 0.00 0
106851 0.00 0.00 0.00 0
106852 0.00 0.00 0.00 0
106853 0.00 0.00 0.00 0
106854 0.00 0.00 0.00 0
106855 0.00 0.00 0.00 0
106856 0.00 0.00 0.00 0
106871 0.00 0.00 0.00 0
106872 0.00 0.00 0.00 0
106873 0.00 0.00 0.00 0
106874 0.00 0.00 0.00 0
106875 0.00 0.00 0.00 0
106876 0.00 0.00 0.00 0
106877 0.00 0.00 0.00 0
106878 0.00 0.00 0.00 0
106879 0.00 0.00 0.00 0
106880 0.00 0.00 0.00 0
106881 0.00 0.00 0.00 0
106882 0.00 0.00 0.00 0
106883 0.00 0.00 0.00 0
106884 0.00 0.00 0.00 0
106885 0.00 0.00 0.00 0
106886 0.00 0.00 0.00 0
106887 0.00 0.00 0.00 0
106888 0.00 0.00 0.00 0
106889 0.00 0.00 0.00 0
106890 0.00 0.00 0.00 0
106891 0.00 0.00 0.00 0
106892 0.00 0.00 0.00 0
106893 0.00 0.00 0.00 0
106894 0.00 0.00 0.00 0
106895 0.00 0.00 0.00 0
106896 0.00 0.00 0.00 0
106897 0.00 0.00 0.00 0
106898 0.00 0.00 0.00 0
106899 0.00 0.00 0.00 0
106900 0.00 0.00 0.00 0
106901 0.00 0.00 0.00 0
106902 0.00 0.00 0.00 0
106903 0.00 0.00 0.00 0
106904 0.00 0.00 0.00 0
106905 0.00 0.00 0.00 0
106906 0.00 0.00 0.00 0
106907 0.00 0.00 0.00 0
106908 0.00 0.00 0.00 0
106909 0.00 0.00 0.00 0
106910 0.00 0.00 0.00 0
106911 0.00 0.00 0.00 0
106912 0.00 0.00 0.00 0
106913 0.00 0.00 0.00 0
106914 0.00 0.00 0.00 0
106915 0.00 0.00 0.00 0
106916 0.00 0.00 0.00 0
106917 0.00 0.00 0.00 0
106918 0.00 0.00 0.00 0
106919 0.00 0.00 0.00 0
106920 0.00 0.00 0.00 0
106921 0.00 0.00 0.00 0
106922 0.00 0.00 0.00 0
106923 0.00 0.00 0.00 0
106924 0.00 0.00 0.00 0
106925 0.00 0.00 0.00 0
106926 0.00 0.00 0.00 0
112073 0.00 0.00 0.00 0
112075 0.00 0.00 0.00 0
112076 0.00 0.00 0.00 0
112082 0.00 0.00 0.00 0
112083 0.00 0.00 0.00 0
112084 0.00 0.00 0.00 0
112085 0.00 0.00 0.00 0
112086 0.00 0.00 0.00 0
112087 0.00 0.00 0.00 0
112088 0.00 0.00 0.00 0
112089 0.00 0.00 0.00 0
112090 0.00 0.00 0.00 0
112091 0.00 0.00 0.00 0
112092 0.00 0.00 0.00 0
112093 0.00 0.00 0.00 0
112094 0.00 0.00 0.00 0
112096 0.00 0.00 0.00 0
112097 0.00 0.00 0.00 0
112098 0.00 0.00 0.00 0
112099 0.00 0.00 0.00 0
112100 0.00 0.00 0.00 0
112101 0.00 0.00 0.00 0
112102 0.00 0.00 0.00 0
112103 0.00 0.00 0.00 0
112104 0.00 0.00 0.00 0
112105 0.00 0.00 0.00 0
112106 0.00 0.00 0.00 0
112107 0.00 0.00 0.00 0
112108 0.00 0.00 0.00 0
112109 0.00 0.00 0.00 0
112110 0.00 0.00 0.00 0
112111 0.00 0.00 0.00 0
112112 0.00 0.00 0.00 0
112113 0.00 0.00 0.00 0
115304 0.00 0.00 0.00 0
115305 0.00 0.00 0.00 0
115306 0.00 0.00 0.00 0
115322 0.00 0.00 0.00 0
115323 0.00 0.00 0.00 0
115324 0.00 0.00 0.00 0
115724 0.00 0.00 0.00 0
115725 0.00 0.00 0.00 0
115735 0.00 0.00 0.00 0
115736 0.00 0.00 0.00 0
115737 0.00 0.00 0.00 0
115738 0.00 0.00 0.00 0
115739 0.00 0.00 0.00 0
115740 0.00 0.00 0.00 0
115741 0.00 0.00 0.00 0
115742 0.00 0.00 0.00 0
115743 0.00 0.00 0.00 0
115768 0.00 0.00 0.00 0
115770 0.00 0.00 0.00 0
115771 0.00 0.00 0.00 0
115773 0.00 0.00 0.00 0
115774 0.00 0.00 0.00 0
115775 0.00 0.00 0.00 0
115776 0.00 0.00 0.00 0
115777 0.00 0.00 0.00 0
115778 0.00 0.00 0.00 0
115779 0.00 0.00 0.00 0
115780 0.00 0.00 0.00 0
115781 0.00 0.00 0.00 0
115783 0.00 0.00 0.00 0
115784 0.00 0.00 0.00 0
115785 0.00 0.00 0.00 0
115786 0.00 0.00 0.00 0
116354 0.00 0.00 0.00 0
116355 0.00 0.00 0.00 0
116356 0.00 0.00 0.00 0
116357 0.00 0.00 0.00 0
116358 0.00 0.00 0.00 0
116359 0.00 0.00 0.00 0
116360 0.00 0.00 0.00 0
116361 0.00 0.00 0.00 0
116362 0.00 0.00 0.00 0
116363 0.00 0.00 0.00 0
116364 0.00 0.00 0.00 0
116397 0.00 0.00 0.00 0
116398 0.00 0.00 0.00 0
116399 0.00 0.00 0.00 0
116400 0.00 0.00 0.00 0
116401 0.00 0.00 0.00 0
116402 0.00 0.00 0.00 0
116403 0.00 0.00 0.00 0
116404 0.00 0.00 0.00 0
116405 0.00 0.00 0.00 0
116406 0.00 0.00 0.00 0
116407 0.00 0.00 0.00 0
116408 0.00 0.00 0.00 0
116409 0.00 0.00 0.00 0
116410 0.00 0.00 0.00 0
116411 0.00 0.00 0.00 0
116412 0.00 0.00 0.00 0
116413 0.00 0.00 0.00 0
116414 0.00 0.00 0.00 0
116415 0.00 0.00 0.00 0
116416 0.00 0.00 0.00 0
117741 0.00 0.00 0.00 0
117742 0.00 0.00 0.00 0
117743 0.00 0.00 0.00 0
117744 0.00 0.00 0.00 0
117745 0.00 0.00 0.00 0
117746 0.00 0.00 0.00 0
117747 0.00 0.00 0.00 0
117748 0.00 0.00 0.00 0
117749 0.00 0.00 0.00 0
117750 0.00 0.00 0.00 0
117751 0.00 0.00 0.00 0
117752 0.00 0.00 0.00 0
117753 0.00 0.00 0.00 0
117754 0.00 0.00 0.00 0
118874 0.00 0.00 0.00 0
118875 0.00 0.00 0.00 0
118876 0.00 0.00 0.00 0
118877 0.00 0.00 0.00 0
118878 0.00 0.00 0.00 0
118879 0.00 0.00 0.00 0
118880 0.00 0.00 0.00 0
118881 0.00 0.00 0.00 0
118882 0.00 0.00 0.00 0
118883 0.00 0.00 0.00 0
118888 0.00 0.00 0.00 0
118915 0.00 0.00 0.00 0
118916 0.00 0.00 0.00 0
118917 0.00 0.00 0.00 0
118918 0.00 0.00 0.00 0
118919 0.00 0.00 0.00 0
118920 0.00 0.00 0.00 0
118921 0.00 0.00 0.00 0
118922 0.00 0.00 0.00 0
118923 0.00 0.00 0.00 0
118924 0.00 0.00 0.00 0
118925 0.00 0.00 0.00 0
118926 0.00 0.00 0.00 0
118927 0.00 0.00 0.00 0
118928 0.00 0.00 0.00 0
118929 0.00 0.00 0.00 0
118930 0.00 0.00 0.00 0
118931 0.00 0.00 0.00 0
118932 0.00 0.00 0.00 0
118933 0.00 0.00 0.00 0
118934 0.00 0.00 0.00 0
118935 0.00 0.00 0.00 0
118936 0.00 0.00 0.00 0
120213 0.00 0.00 0.00 0
120214 0.00 0.00 0.00 0
120261 0.00 0.00 0.00 0
120262 0.00 0.00 0.00 0
120263 0.00 0.00 0.00 0
120264 0.00 0.00 0.00 0
120265 0.00 0.00 0.00 0
120266 0.00 0.00 0.00 0
120267 0.00 0.00 0.00 0
120268 0.00 0.00 0.00 0
120269 0.00 0.00 0.00 0
120270 0.00 0.00 0.00 0
120271 0.00 0.00 0.00 0
120272 0.00 0.00 0.00 0
120273 0.00 0.00 0.00 0
120274 0.00 0.00 0.00 0
120275 0.00 0.00 0.00 0
120276 0.00 0.00 0.00 0
120277 0.00 0.00 0.00 0
120278 0.00 0.00 0.00 0
120279 0.00 0.00 0.00 0
120280 0.00 0.00 0.00 0
120281 0.00 0.00 0.00 0
120282 0.00 0.00 0.00 0
120283 0.00 0.00 0.00 0
120284 0.00 0.00 0.00 0
120285 0.00 0.00 0.00 0
120286 0.00 0.00 0.00 0
120287 0.00 0.00 0.00 0
120288 0.00 0.00 0.00 0
120289 0.00 0.00 0.00 0
120290 0.00 0.00 0.00 0
120297 0.00 0.00 0.00 0
120298 0.00 0.00 0.00 0
120302 0.00 0.00 0.00 0
120303 0.00 0.00 0.00 0
120304 0.00 0.00 0.00 0
122056 0.00 0.00 0.00 0
122057 0.00 0.00 0.00 0
122058 0.00 0.00 0.00 0
122059 0.00 0.00 0.00 0
122060 0.00 0.00 0.00 0
122063 0.00 0.00 0.00 0
122064 0.00 0.00 0.00 0
122065 0.00 0.00 0.00 0
122066 0.00 0.00 0.00 0
122071 0.00 0.00 0.00 0
122072 0.00 0.00 0.00 0
122073 0.00 0.00 0.00 0
122074 0.00 0.00 0.00 0
122075 0.00 0.00 0.00 0
122076 0.00 0.00 0.00 0
122077 0.00 0.00 0.00 0
122092 0.00 0.00 0.00 0
122093 0.00 0.00 0.00 0
122095 0.00 0.00 0.00 0
122096 0.00 0.00 0.00 0
122097 0.00 0.00 0.00 0
122105 0.00 0.00 0.00 0
122106 0.00 0.00 0.00 0
122107 0.00 0.00 0.00 0
122108 0.00 0.00 0.00 0
122109 0.00 0.00 0.00 0
122110 0.00 0.00 0.00 0
122111 0.00 0.00 0.00 0
122145 0.00 0.00 0.00 0
122146 0.00 0.00 0.00 0
122147 0.00 0.00 0.00 0
122148 0.00 0.00 0.00 0
122149 0.00 0.00 0.00 0
122150 0.00 0.00 0.00 0
122160 0.00 0.00 0.00 0
122161 0.00 0.00 0.00 0
122162 0.00 0.00 0.00 0
122163 0.00 0.00 0.00 0
122164 0.00 0.00 0.00 0
122165 0.00 0.00 0.00 0
122166 0.00 0.00 0.00 0
122167 0.00 0.00 0.00 0
122168 0.00 0.00 0.00 0
122169 0.00 0.00 0.00 0
122170 0.00 0.00 0.00 0
122171 0.00 0.00 0.00 0
122172 0.00 0.00 0.00 0
122173 0.00 0.00 0.00 0
122174 0.00 0.00 0.00 0
122175 0.00 0.00 0.00 0
122176 0.00 0.00 0.00 0
122177 0.00 0.00 0.00 0
122178 0.00 0.00 0.00 0
122179 0.00 0.00 0.00 0
122180 0.00 0.00 0.00 0
122181 0.00 0.00 0.00 0
122182 0.00 0.00 0.00 0
122183 0.00 0.00 0.00 0
122184 0.00 0.00 0.00 0
122185 0.00 0.00 0.00 0
122186 0.00 0.00 0.00 0
122187 0.00 0.00 0.00 0
122188 0.00 0.00 0.00 0
122189 0.00 0.00 0.00 0
122190 0.00 0.00 0.00 0
122191 0.00 0.00 0.00 0
122192 0.00 0.00 0.00 0
122193 0.00 0.00 0.00 0
122194 0.00 0.00 0.00 0
122195 0.00 0.00 0.00 0
122196 0.00 0.00 0.00 0
122197 0.00 0.00 0.00 0
126209 0.00 0.00 0.00 0
126210 0.00 0.00 0.00 0
126211 0.00 0.00 0.00 0
126212 0.00 0.00 0.00 0
126213 0.00 0.00 0.00 0
126214 0.00 0.00 0.00 0
126215 0.00 0.00 0.00 0
126216 0.00 0.00 0.00 0
126217 0.00 0.00 0.00 0
126218 0.00 0.00 0.00 0
126219 0.00 0.00 0.00 0
126220 0.00 0.00 0.00 0
126221 0.00 0.00 0.00 0
126222 0.00 0.00 0.00 0
126223 0.00 0.00 0.00 0
126224 0.00 0.00 0.00 0
126225 0.00 0.00 0.00 0
126226 0.00 0.00 0.00 0
126227 0.00 0.00 0.00 0
126228 0.00 0.00 0.00 0
126229 0.00 0.00 0.00 0
126230 0.00 0.00 0.00 0
126231 0.00 0.00 0.00 0
126232 0.00 0.00 0.00 0
126233 0.00 0.00 0.00 0
126234 0.00 0.00 0.00 0
126235 0.00 0.00 0.00 0
126236 0.00 0.00 0.00 0
126237 0.00 0.00 0.00 0
126238 0.00 0.00 0.00 0
128924 0.00 0.00 0.00 0
128925 0.00 0.00 0.00 0
128926 0.00 0.00 0.00 0
128927 0.00 0.00 0.00 0
128928 0.00 0.00 0.00 0
128929 0.00 0.00 0.00 0
128930 0.00 0.00 0.00 0
128931 0.00 0.00 0.00 0
128932 0.00 0.00 0.00 0
128933 0.00 0.00 0.00 0
128934 0.00 0.00 0.00 0
128935 0.00 0.00 0.00 0
128936 0.00 0.00 0.00 0
128942 0.00 0.00 0.00 0
128959 0.00 0.00 0.00 0
128960 0.00 0.00 0.00 0
128961 0.00 0.00 0.00 0
128962 0.00 0.00 0.00 0
128963 0.00 0.00 0.00 0
128966 0.00 0.00 0.00 0
128967 0.00 0.00 0.00 0
128968 0.00 0.00 0.00 0
128969 0.00 0.00 0.00 0
128970 0.00 0.00 0.00 0
128971 0.00 0.00 0.00 0
128972 0.00 0.00 0.00 0
128973 0.00 0.00 0.00 0
128974 0.00 0.00 0.00 0
128975 0.00 0.00 0.00 0
128976 0.00 0.00 0.00 0
128977 0.00 0.00 0.00 0
128978 0.00 0.00 0.00 0
128979 0.00 0.00 0.00 0
128980 0.00 0.00 0.00 0
130093 0.00 0.00 0.00 0
130094 0.00 0.00 0.00 0
130095 0.00 0.00 0.00 0
130096 0.00 0.00 0.00 0
130097 0.00 0.00 0.00 0
130098 0.00 0.00 0.00 0
130099 0.00 0.00 0.00 0
130104 0.00 0.00 0.00 0
130105 0.00 0.00 0.00 0
130106 0.00 0.00 0.00 0
130107 0.00 0.00 0.00 0
130108 0.00 0.00 0.00 0
130109 0.00 0.00 0.00 0
130179 0.00 0.00 0.00 0
130180 0.00 0.00 0.00 0
130181 0.00 0.00 0.00 0
130182 0.00 0.00 0.00 0
130183 0.00 0.00 0.00 0
130184 0.00 0.00 0.00 0
130185 0.00 0.00 0.00 0
130186 0.00 0.00 0.00 0
130187 0.00 0.00 0.00 0
130188 0.00 0.00 0.00 0
130189 0.00 0.00 0.00 0
130190 0.00 0.00 0.00 0
130191 0.00 0.00 0.00 0
130192 0.00 0.00 0.00 0
130193 0.00 0.00 0.00 0
130194 0.00 0.00 0.00 0
130195 0.00 0.00 0.00 0
130196 0.00 0.00 0.00 0
130197 0.00 0.00 0.00 0
130198 0.00 0.00 0.00 0
130199 0.00 0.00 0.00 0
130200 0.00 0.00 0.00 0
130201 0.00 0.00 0.00 0
130202 0.00 0.00 0.00 0
130203 0.00 0.00 0.00 0
130204 0.00 0.00 0.00 0
130205 0.00 0.00 0.00 0
130206 0.00 0.00 0.00 0
130207 0.00 0.00 0.00 0
130208 0.00 0.00 0.00 0
130209 0.00 0.00 0.00 0
130210 0.00 0.00 0.00 0
130211 0.00 0.00 0.00 0
130212 0.00 0.00 0.00 0
130213 0.00 0.00 0.00 0
130214 0.00 0.00 0.00 0
130215 0.00 0.00 0.00 0
130216 0.00 0.00 0.00 0
130217 0.00 0.00 0.00 0
130218 0.00 0.00 0.00 0
130219 0.00 0.00 0.00 0
130220 0.00 0.00 0.00 0
130221 0.00 0.00 0.00 0
130222 0.00 0.00 0.00 0
130223 0.00 0.00 0.00 0
130224 0.00 0.00 0.00 0
130225 0.00 0.00 0.00 0
130226 0.00 0.00 0.00 0
130227 0.00 0.00 0.00 0
130228 0.00 0.00 0.00 0
130229 0.00 0.00 0.00 0
130230 0.00 0.00 0.00 0
130231 0.00 0.00 0.00 0
131785 0.00 0.00 0.00 0
131786 0.00 0.00 0.00 0
131787 0.00 0.00 0.00 0
131788 0.00 0.00 0.00 0
131789 0.00 0.00 0.00 0
131790 0.00 0.00 0.00 0
131797 0.00 0.00 0.00 0
131889 0.00 0.00 0.00 0
131890 0.00 0.00 0.00 0
131891 0.00 0.00 0.00 0
131892 0.00 0.00 0.00 0
131893 0.00 0.00 0.00 0
131894 0.00 0.00 0.00 0
131895 0.00 0.00 0.00 0
131896 0.00 0.00 0.00 0
131897 0.00 0.00 0.00 0
131898 0.00 0.00 0.00 0
131899 0.00 0.00 0.00 0
131900 0.00 0.00 0.00 0
131901 0.00 0.00 0.00 0
131902 0.00 0.00 0.00 0
131903 0.00 0.00 0.00 0
131904 0.00 0.00 0.00 0
131905 0.00 0.00 0.00 0
131906 0.00 0.00 0.00 0
131907 0.00 0.00 0.00 0
131908 0.00 0.00 0.00 0
131909 0.00 0.00 0.00 0
131910 0.00 0.00 0.00 0
131911 0.00 0.00 0.00 0
131912 0.00 0.00 0.00 0
131913 0.00 0.00 0.00 0
131914 0.00 0.00 0.00 0
131915 0.00 0.00 0.00 0
131916 0.00 0.00 0.00 0
131917 0.00 0.00 0.00 0
131918 0.00 0.00 0.00 0
131919 0.00 0.00 0.00 0
131920 0.00 0.00 0.00 0
131921 0.00 0.00 0.00 0
131922 0.00 0.00 0.00 0
131923 0.00 0.00 0.00 0
131924 0.00 0.00 0.00 0
131925 0.00 0.00 0.00 0
131926 0.00 0.00 0.00 0
131927 0.00 0.00 0.00 0
131928 0.00 0.00 0.00 0
131929 0.00 0.00 0.00 0
131930 0.00 0.00 0.00 0
131931 0.00 0.00 0.00 0
131932 0.00 0.00 0.00 0
131933 0.00 0.00 0.00 0
131934 0.00 0.00 0.00 0
131935 0.00 0.00 0.00 0
131936 0.00 0.00 0.00 0
131937 0.00 0.00 0.00 0
131938 0.00 0.00 0.00 0
131940 0.00 0.00 0.00 0
135551 0.00 0.00 0.00 0
135558 0.00 0.00 0.00 0
135559 0.00 0.00 0.00 0
135560 0.00 0.00 0.00 0
135561 0.00 0.00 0.00 0
135562 0.00 0.00 0.00 0
135563 0.00 0.00 0.00 0
135564 0.00 0.00 0.00 0
135565 0.00 0.00 0.00 0
135566 0.00 0.00 0.00 0
135567 0.00 0.00 0.00 0
135568 0.00 0.00 0.00 0
135569 0.00 0.00 0.00 0
135570 0.00 0.00 0.00 0
135571 0.00 0.00 0.00 0
135572 0.00 0.00 0.00 0
135573 0.00 0.00 0.00 0
135574 0.00 0.00 0.00 0
135575 0.00 0.00 0.00 0
135576 0.00 0.00 0.00 0
135577 0.00 0.00 0.00 0
135578 0.00 0.00 0.00 0
135579 0.00 0.00 0.00 0
135581 0.00 0.00 0.00 0
135582 0.00 0.00 0.00 0
135583 0.00 0.00 0.00 0
135584 0.00 0.00 0.00 0
135585 0.00 0.00 0.00 0
135586 0.00 0.00 0.00 0
135587 0.00 0.00 0.00 0
135588 0.00 0.00 0.00 0
135589 0.00 0.00 0.00 0
135590 0.00 0.00 0.00 0
135591 0.00 0.00 0.00 0
135592 0.00 0.00 0.00 0
135593 0.00 0.00 0.00 0
135594 0.00 0.00 0.00 0
135596 0.00 0.00 0.00 0
135597 0.00 0.00 0.00 0
135599 0.00 0.00 0.00 0
138584 0.00 0.00 0.00 0
138585 0.00 0.00 0.00 0
138586 0.00 0.00 0.00 0
138587 0.00 0.00 0.00 0
138588 0.00 0.00 0.00 0
138589 0.00 0.00 0.00 0
138590 0.00 0.00 0.00 0
138591 0.00 0.00 0.00 0
138592 0.00 0.00 0.00 0
138593 0.00 0.00 0.00 0
138594 0.00 0.00 0.00 0
138595 0.00 0.00 0.00 0
138596 0.00 0.00 0.00 0
138597 0.00 0.00 0.00 0
138598 0.00 0.00 0.00 0
138599 0.00 0.00 0.00 0
138600 0.00 0.00 0.00 0
138601 0.00 0.00 0.00 0
138602 0.00 0.00 0.00 0
138603 0.00 0.00 0.00 0
138604 0.00 0.00 0.00 0
138605 0.00 0.00 0.00 0
138607 0.00 0.00 0.00 0
138613 0.00 0.00 0.00 0
138614 0.00 0.00 0.00 0
138615 0.00 0.00 0.00 0
138616 0.00 0.00 0.00 0
138617 0.00 0.00 0.00 0
138618 0.00 0.00 0.00 0
138622 0.00 0.00 0.00 0
138623 0.00 0.00 0.00 0
138692 0.00 0.00 0.00 0
138693 0.00 0.00 0.00 0
138694 0.00 0.00 0.00 0
138695 0.00 0.00 0.00 0
138698 0.00 0.00 0.00 0
138699 0.00 0.00 0.00 0
138700 0.00 0.00 0.00 0
138701 0.00 0.00 0.00 0
138702 0.00 0.00 0.00 0
138703 0.00 0.00 0.00 0
138704 0.00 0.00 0.00 0
138705 0.00 0.00 0.00 0
138706 0.00 0.00 0.00 0
138707 0.00 0.00 0.00 0
138708 0.00 0.00 0.00 0
138709 0.00 0.00 0.00 0
138710 0.00 0.00 0.00 0
138711 0.00 0.00 0.00 0
138712 0.00 0.00 0.00 0
138713 0.00 0.00 0.00 0
138714 0.00 0.00 0.00 0
138715 0.00 0.00 0.00 0
138716 0.00 0.00 0.00 0
138717 0.00 0.00 0.00 0
138718 0.00 0.00 0.00 0
138719 0.00 0.00 0.00 0
138720 0.00 0.00 0.00 0
138721 0.00 0.00 0.00 0
138722 0.00 0.00 0.00 0
138723 0.00 0.00 0.00 0
138724 0.00 0.00 0.00 0
138725 0.00 0.00 0.00 0
138726 0.00 0.00 0.00 0
138727 0.00 0.00 0.00 0
138728 0.00 0.00 0.00 0
138729 0.00 0.00 0.00 0
138730 0.00 0.00 0.00 0
138731 0.00 0.00 0.00 0
138732 0.00 0.00 0.00 0
138733 0.00 0.00 0.00 0
138734 0.00 0.00 0.00 0
138735 0.00 0.00 0.00 0
138736 0.00 0.00 0.00 0
138737 0.00 0.00 0.00 0
138738 0.00 0.00 0.00 0
138739 0.00 0.00 0.00 0
138740 0.00 0.00 0.00 0
138741 0.00 0.00 0.00 0
138742 0.00 0.00 0.00 0
138743 0.00 0.00 0.00 0
138744 0.00 0.00 0.00 0
138745 0.00 0.00 0.00 0
138746 0.00 0.00 0.00 0
138747 0.00 0.00 0.00 0
138748 0.00 0.00 0.00 0
142215 0.00 0.00 0.00 0
142216 0.00 0.00 0.00 0
142217 0.00 0.00 0.00 0
142218 0.00 0.00 0.00 0
142219 0.00 0.00 0.00 0
142220 0.00 0.00 0.00 0
142221 0.00 0.00 0.00 0
142222 0.00 0.00 0.00 0
142223 0.00 0.00 0.00 0
142224 0.00 0.00 0.00 0
142225 0.00 0.00 0.00 0
142226 0.00 0.00 0.00 0
142227 0.00 0.00 0.00 0
142228 0.00 0.00 0.00 0
142229 0.00 0.00 0.00 0
142230 0.00 0.00 0.00 0
142231 0.00 0.00 0.00 0
142232 0.00 0.00 0.00 0
142233 0.00 0.00 0.00 0
142234 0.00 0.00 0.00 0
142235 0.00 0.00 0.00 0
142236 0.00 0.00 0.00 0
142237 0.00 0.00 0.00 0
142238 0.00 0.00 0.00 0
142239 0.00 0.00 0.00 0
142240 0.00 0.00 0.00 0
142241 0.00 0.00 0.00 0
142242 0.00 0.00 0.00 0
142243 0.00 0.00 0.00 0
142244 0.00 0.00 0.00 0
142245 0.00 0.00 0.00 0
142246 0.00 0.00 0.00 0
142247 0.00 0.00 0.00 0
142248 0.00 0.00 0.00 0
142249 0.00 0.00 0.00 0
142250 0.00 0.00 0.00 0
142251 0.00 0.00 0.00 0
142252 0.00 0.00 0.00 0
142253 0.00 0.00 0.00 0
142254 0.00 0.00 0.00 0
142255 0.00 0.00 0.00 0
142256 0.00 0.00 0.00 0
142257 0.00 0.00 0.00 0
142258 0.00 0.00 0.00 0
142259 0.00 0.00 0.00 0
142260 0.00 0.00 0.00 0
142261 0.00 0.00 0.00 0
142262 0.00 0.00 0.00 0
142263 0.00 0.00 0.00 0
142264 0.00 0.00 0.00 0
142265 0.00 0.00 0.00 0
142266 0.00 0.00 0.00 0
142267 0.00 0.00 0.00 0
142268 0.00 0.00 0.00 0
142269 0.00 0.00 0.00 0
142270 0.00 0.00 0.00 0
142271 0.00 0.00 0.00 0
142272 0.00 0.00 0.00 0
142273 0.00 0.00 0.00 0
142274 0.00 0.00 0.00 0
142275 0.00 0.00 0.00 0
142276 0.00 0.00 0.00 0
142277 0.00 0.00 0.00 0
142278 0.00 0.00 0.00 0
142279 0.00 0.00 0.00 0
142280 0.00 0.00 0.00 0
142281 0.00 0.00 0.00 0
142282 0.00 0.00 0.00 0
142283 0.00 0.00 0.00 0
142284 0.00 0.00 0.00 0
142285 0.00 0.00 0.00 0
142286 0.00 0.00 0.00 0
142287 0.00 0.00 0.00 0
142288 0.00 0.00 0.00 0
142289 0.00 0.00 0.00 0
142326 0.00 0.00 0.00 0
142327 0.00 0.00 0.00 0
142328 0.00 0.00 0.00 0
142329 0.00 0.00 0.00 0
142330 0.00 0.00 0.00 0
142331 0.00 0.00 0.00 0
142332 0.00 0.00 0.00 0
142333 0.00 0.00 0.00 0
142334 0.00 0.00 0.00 0
142335 0.00 0.00 0.00 0
142336 0.00 0.00 0.00 0
142337 0.00 0.00 0.00 0
142339 0.00 0.00 0.00 0
142340 0.00 0.00 0.00 0
142341 0.00 0.00 0.00 0
146887 0.00 0.00 0.00 0
146888 0.00 0.00 0.00 0
146889 0.00 0.00 0.00 0
146890 0.00 0.00 0.00 0
146891 0.00 0.00 0.00 0
146892 0.00 0.00 0.00 0
146893 0.00 0.00 0.00 0
146894 0.00 0.00 0.00 0
146895 0.00 0.00 0.00 0
146896 0.00 0.00 0.00 0
146897 0.00 0.00 0.00 0
146898 0.00 0.00 0.00 0
146899 0.00 0.00 0.00 0
146900 0.00 0.00 0.00 0
146901 0.00 0.00 0.00 0
146902 0.00 0.00 0.00 0
146903 0.00 0.00 0.00 0
146904 0.00 0.00 0.00 0
146905 0.00 0.00 0.00 0
146906 0.00 0.00 0.00 0
146907 0.00 0.00 0.00 0
146908 0.00 0.00 0.00 0
146909 0.00 0.00 0.00 0
146910 0.00 0.00 0.00 0
146911 0.00 0.00 0.00 0
146912 0.00 0.00 0.00 0
146913 0.00 0.00 0.00 0
146921 0.00 0.00 0.00 0
146922 0.00 0.00 0.00 0
146925 0.00 0.00 0.00 0
146926 0.00 0.00 0.00 0
146927 0.00 0.00 0.00 0
146928 0.00 0.00 0.00 0
146929 0.00 0.00 0.00 0
146930 0.00 0.00 0.00 0
146931 0.00 0.00 0.00 0
146932 0.00 0.00 0.00 0
146933 0.00 0.00 0.00 0
146934 0.00 0.00 0.00 0
146935 0.00 0.00 0.00 0
146936 0.00 0.00 0.00 0
146937 0.00 0.00 0.00 0
146938 0.00 0.00 0.00 0
146939 0.00 0.00 0.00 0
146993 0.00 0.00 0.00 0
146994 0.00 0.00 0.00 0
147002 0.00 0.00 0.00 0
147003 0.00 0.00 0.00 0
147007 0.00 0.00 0.00 0
147008 0.00 0.00 0.00 0
147010 0.00 0.00 0.00 0
147011 0.00 0.00 0.00 0
147012 0.00 0.00 0.00 0
147013 0.00 0.00 0.00 0
147014 0.00 0.00 0.00 0
147015 0.00 0.00 0.00 0
147016 0.00 0.00 0.00 0
147017 0.00 0.00 0.00 0
147018 0.00 0.00 0.00 0
147019 0.00 0.00 0.00 0
147020 0.00 0.00 0.00 0
147021 0.00 0.00 0.00 0
147022 0.00 0.00 0.00 0
147023 0.00 0.00 0.00 0
147024 0.00 0.00 0.00 0
147025 0.00 0.00 0.00 0
147026 0.00 0.00 0.00 0
147027 0.00 0.00 0.00 0
147028 0.00 0.00 0.00 0
147029 0.00 0.00 0.00 0
147030 0.00 0.00 0.00 0
147031 0.00 0.00 0.00 0
147032 0.00 0.00 0.00 0
147033 0.00 0.00 0.00 0
147034 0.00 0.00 0.00 0
147035 0.00 0.00 0.00 0
147036 0.00 0.00 0.00 0
147037 0.00 0.00 0.00 0
147038 0.00 0.00 0.00 0
147039 0.00 0.00 0.00 0
147040 0.00 0.00 0.00 0
147122 0.00 0.00 0.00 0
147123 0.00 0.00 0.00 0
147124 0.00 0.00 0.00 0
147125 0.00 0.00 0.00 0
147126 0.00 0.00 0.00 0
147127 0.00 0.00 0.00 0
147128 0.00 0.00 0.00 0
147129 0.00 0.00 0.00 0
147130 0.00 0.00 0.00 0
147131 0.00 0.00 0.00 0
147159 0.00 0.00 0.00 0
147160 0.00 0.00 0.00 0
147161 0.00 0.00 0.00 0
147162 0.00 0.00 0.00 0
147163 0.00 0.00 0.00 0
147164 0.00 0.00 0.00 0
147165 0.00 0.00 0.00 0
147166 0.00 0.00 0.00 0
147167 0.00 0.00 0.00 0
147168 0.00 0.00 0.00 0
147169 0.00 0.00 0.00 0
147170 0.00 0.00 0.00 0
147171 0.00 0.00 0.00 0
147172 0.00 0.00 0.00 0
147173 0.00 0.00 0.00 0
147174 0.00 0.00 0.00 0
147175 0.00 0.00 0.00 0
147176 0.00 0.00 0.00 0
147177 0.00 0.00 0.00 0
147178 0.00 0.00 0.00 0
147179 0.00 0.00 0.00 0
147180 0.00 0.00 0.00 0
147181 0.00 0.00 0.00 0
147182 0.00 0.00 0.00 0
147183 0.00 0.00 0.00 0
147184 0.00 0.00 0.00 0
147185 0.00 0.00 0.00 0
147186 0.00 0.00 0.00 0
147187 0.00 0.00 0.00 0
147188 0.00 0.00 0.00 0
147189 0.00 0.00 0.00 0
147190 0.00 0.00 0.00 0
147191 0.00 0.00 0.00 0
147192 0.00 0.00 0.00 0
147193 0.00 0.00 0.00 0
147194 0.00 0.00 0.00 0
147195 0.00 0.00 0.00 0
147196 0.00 0.00 0.00 0
147197 0.00 0.00 0.00 0
147198 0.00 0.00 0.00 0
147199 0.00 0.00 0.00 0
147200 0.00 0.00 0.00 0
147201 0.00 0.00 0.00 0
147202 0.00 0.00 0.00 0
147203 0.00 0.00 0.00 0
147204 0.00 0.00 0.00 0
147205 0.00 0.00 0.00 0
147206 0.00 0.00 0.00 0
147207 0.00 0.00 0.00 0
147208 0.00 0.00 0.00 0
147209 0.00 0.00 0.00 0
147210 0.00 0.00 0.00 0
147211 0.00 0.00 0.00 0
147212 0.00 0.00 0.00 0
147213 0.00 0.00 0.00 0
147214 0.00 0.00 0.00 0
147215 0.00 0.00 0.00 0
147216 0.00 0.00 0.00 0
147217 0.00 0.00 0.00 0
147218 0.00 0.00 0.00 0
147219 0.00 0.00 0.00 0
147220 0.00 0.00 0.00 0
147221 0.00 0.00 0.00 0
147222 0.00 0.00 0.00 0
147223 0.00 0.00 0.00 0
147224 0.00 0.00 0.00 0
147225 0.00 0.00 0.00 0
147226 0.00 0.00 0.00 0
147227 0.00 0.00 0.00 0
147228 0.00 0.00 0.00 0
147229 0.00 0.00 0.00 0
147230 0.00 0.00 0.00 0
147231 0.00 0.00 0.00 0
147232 0.00 0.00 0.00 0
147233 0.00 0.00 0.00 0
147234 0.00 0.00 0.00 0
147235 0.00 0.00 0.00 0
147236 0.00 0.00 0.00 0
147237 0.00 0.00 0.00 0
147238 0.00 0.00 0.00 0
147239 0.00 0.00 0.00 0
147240 0.00 0.00 0.00 0
147241 0.00 0.00 0.00 0
147242 0.00 0.00 0.00 0
147243 0.00 0.00 0.00 0
147244 0.00 0.00 0.00 0
147245 0.00 0.00 0.00 0
147246 0.00 0.00 0.00 0
147247 0.00 0.00 0.00 0
147248 0.00 0.00 0.00 0
147249 0.00 0.00 0.00 0
147250 0.00 0.00 0.00 0
147251 0.00 0.00 0.00 0
147252 0.00 0.00 0.00 0
147253 0.00 0.00 0.00 0
147254 0.00 0.00 0.00 0
147255 0.00 0.00 0.00 0
147256 0.00 0.00 0.00 0
147257 0.00 0.00 0.00 0
147258 0.00 0.00 0.00 0
147259 0.00 0.00 0.00 0
147260 0.00 0.00 0.00 0
147261 0.00 0.00 0.00 0
147262 0.00 0.00 0.00 0
147263 0.00 0.00 0.00 0
147264 0.00 0.00 0.00 0
147265 0.00 0.00 0.00 0
147266 0.00 0.00 0.00 0
147267 0.00 0.00 0.00 0
147268 0.00 0.00 0.00 0
147269 0.00 0.00 0.00 0
147270 0.00 0.00 0.00 0
147271 0.00 0.00 0.00 0
147272 0.00 0.00 0.00 0
147273 0.00 0.00 0.00 0
157604 0.00 0.00 0.00 0
157605 0.00 0.00 0.00 0
157606 0.00 0.00 0.00 0
157607 0.00 0.00 0.00 0
157608 0.00 0.00 0.00 0
157609 0.00 0.00 0.00 0
157610 0.00 0.00 0.00 0
157611 0.00 0.00 0.00 0
157612 0.00 0.00 0.00 0
157613 0.00 0.00 0.00 0
157614 0.00 0.00 0.00 0
157615 0.00 0.00 0.00 0
157616 0.00 0.00 0.00 0
157617 0.00 0.00 0.00 0
157618 0.00 0.00 0.00 0
157619 0.00 0.00 0.00 0
157620 0.00 0.00 0.00 0
157621 0.00 0.00 0.00 0
157622 0.00 0.00 0.00 0
157623 0.00 0.00 0.00 0
157624 0.00 0.00 0.00 0
157625 0.00 0.00 0.00 0
157626 0.00 0.00 0.00 0
157627 0.00 0.00 0.00 0
157628 0.00 0.00 0.00 0
157629 0.00 0.00 0.00 0
157630 0.00 0.00 0.00 0
157631 0.00 0.00 0.00 0
157632 0.00 0.00 0.00 0
157633 0.00 0.00 0.00 0
157634 0.00 0.00 0.00 0
157635 0.00 0.00 0.00 0
157636 0.00 0.00 0.00 0
157637 0.00 0.00 0.00 0
157638 0.00 0.00 0.00 0
157639 0.00 0.00 0.00 0
157640 0.00 0.00 0.00 0
157641 0.00 0.00 0.00 0
157642 0.00 0.00 0.00 0
157643 0.00 0.00 0.00 0
157644 0.00 0.00 0.00 0
157645 0.00 0.00 0.00 0
157646 0.00 0.00 0.00 0
157647 0.00 0.00 0.00 0
157648 0.00 0.00 0.00 0
157649 0.00 0.00 0.00 0
157655 0.00 0.00 0.00 0
157656 0.00 0.00 0.00 0
157657 0.00 0.00 0.00 0
157658 0.00 0.00 0.00 0
157659 0.00 0.00 0.00 0
157660 0.00 0.00 0.00 0
157661 0.00 0.00 0.00 0
157662 0.00 0.00 0.00 0
157663 0.00 0.00 0.00 0
157664 0.00 0.00 0.00 0
157665 0.00 0.00 0.00 0
157667 0.00 0.00 0.00 0
157668 0.00 0.00 0.00 0
