# G_postcentral
3246
2 0.00 0.00 0.00 0
17 0.00 0.00 0.00 0
107 0.00 0.00 0.00 0
108 0.00 0.00 0.00 0
238 0.00 0.00 0.00 0
239 0.00 0.00 0.00 0
372 0.00 0.00 0.00 0
478 0.00 0.00 0.00 0
484 0.00 0.00 0.00 0
485 0.00 0.00 0.00 0
486 0.00 0.00 0.00 0
487 0.00 0.00 0.00 0
489 0.00 0.00 0.00 0
707 0.00 0.00 0.00 0
709 0.00 0.00 0.00 0
717 0.00 0.00 0.00 0
718 0.00 0.00 0.00 0
719 0.00 0.00 0.00 0
720 0.00 0.00 0.00 0
1045 0.00 0.00 0.00 0
1046 0.00 0.00 0.00 0
1047 0.00 0.00 0.00 0
1060 0.00 0.00 0.00 0
1063 0.00 0.00 0.00 0
1064 0.00 0.00 0.00 0
1065 0.00 0.00 0.00 0
1066 0.00 0.00 0.00 0
1070 0.00 0.00 0.00 0
1071 0.00 0.00 0.00 0
1072 0.00 0.00 0.00 0
1073 0.00 0.00 0.00 0
1074 0.00 0.00 0.00 0
1282 0.00 0.00 0.00 0
1580 0.00 0.00 0.00 0
1581 0.00 0.00 0.00 0
1582 0.00 0.00 0.00 0
1583 0.00 0.00 0.00 0
1823 0.00 0.00 0.00 0
1824 0.00 0.00 0.00 0
2080 0.00 0.00 0.00 0
2097 0.00 0.00 0.00 0
2098 0.00 0.00 0.00 0
2099 0.00 0.00 0.00 0
2100 0.00 0.00 0.00 0
2101 0.00 0.00 0.00 0
2103 0.00 0.00 0.00 0
2104 0.00 0.00 0.00 0
2110 0.00 0.00 0.00 0
2112 0.00 0.00 0.00 0
2113 0.00 0.00 0.00 0
2114 0.00 0.00 0.00 0
2151 0.00 0.00 0.00 0
2373 0.00 0.00 0.00 0
2594 0.00 0.00 0.00 0
2596 0.00 0.00 0.00 0
2627 0.00 0.00 0.00 0
2628 0.00 0.00 0.00 0
2629 0.00 0.00 0.00 0
2637 0.00 0.00 0.00 0
2638 0.00 0.00 0.00 0
2639 0.00 0.00 0.00 0
2640 0.00 0.00 0.00 0
2966 0.00 0.00 0.00 0
2967 0.00 0.00 0.00 0
2983 0.00 0.00 0.00 0
2984 0.00 0.00 0.00 0
2985 0.00 0.00 0.00 0
2986 0.00 0.00 0.00 0
2990 0.00 0.00 0.00 0
2991 0.00 0.00 0.00 0
2992 0.00 0.00 0.00 0
2993 0.00 0.00 0.00 0
2994 0.00 0.00 0.00 0
2996 0.00 0.00 0.00 0
3590 0.00 0.00 0.00 0
3591 0.00 0.00 0.00 0
3592 0.00 0.00 0.00 0
3593 0.00 0.00 0.00 0
3594 0.00 0.00 0.00 0
3595 0.00 0.00 0.00 0
3596 0.00 0.00 0.00 0
4570 0.00 0.00 0.00 0
4571 0.00 0.00 0.00 0
4572 0.00 0.00 0.00 0
4573 0.00 0.00 0.00 0
4574 0.00 0.00 0.00 0
4614 0.00 0.00 0.00 0
4615 0.00 0.00 0.00 0
4616 0.00 0.00 0.00 0
4617 0.00 0.00 0.00 0
4618 0.00 0.00 0.00 0
4619 0.00 0.00 0.00 0
4620 0.00 0.00 0.00 0
4621 0.00 0.00 0.00 0
4625 0.00 0.00 0.00 0
4626 0.00 0.00 0.00 0
4627 0.00 0.00 0.00 0
4628 0.00 0.00 0.00 0
4629 0.00 0.00 0.00 0
4630 0.00 0.00 0.00 0
4631 0.00 0.00 0.00 0
4632 0.00 0.00 0.00 0
4633 0.00 0.00 0.00 0
4648 0.00 0.00 0.00 0
4649 0.00 0.00 0.00 0
4650 0.00 0.00 0.00 0
4651 0.00 0.00 0.00 0
4652 0.00 0.00 0.00 0
4653 0.00 0.00 0.00 0
4654 0.00 0.00 0.00 0
4656 0.00 0.00 0.00 0
4667 0.00 0.00 0.00 0
4746 0.00 0.00 0.00 0
4814 0.00 0.00 0.00 0
5287 0.00 0.00 0.00 0
5288 0.00 0.00 0.00 0
5289 0.00 0.00 0.00 0
5899 0.00 0.00 0.00 0
5900 0.00 0.00 0.00 0
5901 0.00 0.00 0.00 0
5902 0.00 0.00 0.00 0
5903 0.00 0.00 0.00 0
5904 0.00 0.00 0.00 0
6487 0.00 0.00 0.00 0
6488 0.00 0.00 0.00 0
6489 0.00 0.00 0.00 0
6490 0.00 0.00 0.00 0
6491 0.00 0.00 0.00 0
6521 0.00 0.00 0.00 0
6522 0.00 0.00 0.00 0
6523 0.00 0.00 0.00 0
6524 0.00 0.00 0.00 0
6525 0.00 0.00 0.00 0
6526 0.00 0.00 0.00 0
6532 0.00 0.00 0.00 0
6533 0.00 0.00 0.00 0
6534 0.00 0.00 0.00 0
6535 0.00 0.00 0.00 0
6536 0.00 0.00 0.00 0
6537 0.00 0.00 0.00 0
6538 0.00 0.00 0.00 0
6539 0.00 0.00 0.00 0
6916 0.00 0.00 0.00 0
6917 0.00 0.00 0.00 0
6918 0.00 0.00 0.00 0
7487 0.00 0.00 0.00 0
7488 0.00 0.00 0.00 0
7523 0.00 0.00 0.00 0
7524 0.00 0.00 0.00 0
7525 0.00 0.00 0.00 0
7526 0.00 0.00 0.00 0
7527 0.00 0.00 0.00 0
7528 0.00 0.00 0.00 0
7529 0.00 0.00 0.00 0
7530 0.00 0.00 0.00 0
7531 0.00 0.00 0.00 0
7532 0.00 0.00 0.00 0
8099 0.00 0.00 0.00 0
8100 0.00 0.00 0.00 0
8101 0.00 0.00 0.00 0
8102 0.00 0.00 0.00 0
8154 0.00 0.00 0.00 0
8806 0.00 0.00 0.00 0
8807 0.00 0.00 0.00 0
8809 0.00 0.00 0.00 0
8815 0.00 0.00 0.00 0
8816 0.00 0.00 0.00 0
8817 0.00 0.00 0.00 0
8859 0.00 0.00 0.00 0
8860 0.00 0.00 0.00 0
8861 0.00 0.00 0.00 0
8862 0.00 0.00 0.00 0
8863 0.00 0.00 0.00 0
8864 0.00 0.00 0.00 0
8865 0.00 0.00 0.00 0
8866 0.00 0.00 0.00 0
8867 0.00 0.00 0.00 0
8868 0.00 0.00 0.00 0
8872 0.00 0.00 0.00 0
8874 0.00 0.00 0.00 0
8875 0.00 0.00 0.00 0
8876 0.00 0.00 0.00 0
8877 0.00 0.00 0.00 0
8882 0.00 0.00 0.00 0
8896 0.00 0.00 0.00 0
8900 0.00 0.00 0.00 0
8901 0.00 0.00 0.00 0
8902 0.00 0.00 0.00 0
8903 0.00 0.00 0.00 0
8904 0.00 0.00 0.00 0
8905 0.00 0.00 0.00 0
8906 0.00 0.00 0.00 0
8907 0.00 0.00 0.00 0
8908 0.00 0.00 0.00 0
8909 0.00 0.00 0.00 0
8910 0.00 0.00 0.00 0
8924 0.00 0.00 0.00 0
9019 0.00 0.00 0.00 0
9020 0.00 0.00 0.00 0
9021 0.00 0.00 0.00 0
9103 0.00 0.00 0.00 0
9675 0.00 0.00 0.00 0
9676 0.00 0.00 0.00 0
9679 0.00 0.00 0.00 0
10274 0.00 0.00 0.00 0
10275 0.00 0.00 0.00 0
10276 0.00 0.00 0.00 0
10307 0.00 0.00 0.00 0
10308 0.00 0.00 0.00 0
10309 0.00 0.00 0.00 0
10317 0.00 0.00 0.00 0
10318 0.00 0.00 0.00 0
10319 0.00 0.00 0.00 0
10320 0.00 0.00 0.00 0
10646 0.00 0.00 0.00 0
10647 0.00 0.00 0.00 0
10662 0.00 0.00 0.00 0
10663 0.00 0.00 0.00 0
10664 0.00 0.00 0.00 0
10665 0.00 0.00 0.00 0
10666 0.00 0.00 0.00 0
10670 0.00 0.00 0.00 0
10671 0.00 0.00 0.00 0
10672 0.00 0.00 0.00 0
10673 0.00 0.00 0.00 0
10674 0.00 0.00 0.00 0
10675 0.00 0.00 0.00 0
10676 0.00 0.00 0.00 0
11270 0.00 0.00 0.00 0
11271 0.00 0.00 0.00 0
11272 0.00 0.00 0.00 0
11273 0.00 0.00 0.00 0
11274 0.00 0.00 0.00 0
11275 0.00 0.00 0.00 0
11276 0.00 0.00 0.00 0
12250 0.00 0.00 0.00 0
12251 0.00 0.00 0.00 0
12252 0.00 0.00 0.00 0
12253 0.00 0.00 0.00 0
12254 0.00 0.00 0.00 0
12295 0.00 0.00 0.00 0
12297 0.00 0.00 0.00 0
12298 0.00 0.00 0.00 0
12299 0.00 0.00 0.00 0
12300 0.00 0.00 0.00 0
12301 0.00 0.00 0.00 0
12305 0.00 0.00 0.00 0
12306 0.00 0.00 0.00 0
12307 0.00 0.00 0.00 0
12308 0.00 0.00 0.00 0
12309 0.00 0.00 0.00 0
12310 0.00 0.00 0.00 0
12311 0.00 0.00 0.00 0
12312 0.00 0.00 0.00 0
12313 0.00 0.00 0.00 0
12314 0.00 0.00 0.00 0
12327 0.00 0.00 0.00 0
12328 0.00 0.00 0.00 0
12329 0.00 0.00 0.00 0
12330 0.00 0.00 0.00 0
12331 0.00 0.00 0.00 0
12332 0.00 0.00 0.00 0
12333 0.00 0.00 0.00 0
12334 0.00 0.00 0.00 0
12493 0.00 0.00 0.00 0
12967 0.00 0.00 0.00 0
12968 0.00 0.00 0.00 0
12969 0.00 0.00 0.00 0
13637 0.00 0.00 0.00 0
13639 0.00 0.00 0.00 0
13640 0.00 0.00 0.00 0
13641 0.00 0.00 0.00 0
13642 0.00 0.00 0.00 0
13669 0.00 0.00 0.00 0
13670 0.00 0.00 0.00 0
13671 0.00 0.00 0.00 0
13672 0.00 0.00 0.00 0
13673 0.00 0.00 0.00 0
13674 0.00 0.00 0.00 0
13675 0.00 0.00 0.00 0
13676 0.00 0.00 0.00 0
13677 0.00 0.00 0.00 0
13678 0.00 0.00 0.00 0
13679 0.00 0.00 0.00 0
13680 0.00 0.00 0.00 0
14650 0.00 0.00 0.00 0
14651 0.00 0.00 0.00 0
14652 0.00 0.00 0.00 0
14653 0.00 0.00 0.00 0
14654 0.00 0.00 0.00 0
14655 0.00 0.00 0.00 0
14656 0.00 0.00 0.00 0
14657 0.00 0.00 0.00 0
14705 0.00 0.00 0.00 0
14706 0.00 0.00 0.00 0
14707 0.00 0.00 0.00 0
14708 0.00 0.00 0.00 0
14709 0.00 0.00 0.00 0
14710 0.00 0.00 0.00 0
14711 0.00 0.00 0.00 0
14712 0.00 0.00 0.00 0
14713 0.00 0.00 0.00 0
14714 0.00 0.00 0.00 0
14715 0.00 0.00 0.00 0
14716 0.00 0.00 0.00 0
14725 0.00 0.00 0.00 0
14726 0.00 0.00 0.00 0
14727 0.00 0.00 0.00 0
14728 0.00 0.00 0.00 0
14729 0.00 0.00 0.00 0
14730 0.00 0.00 0.00 0
14731 0.00 0.00 0.00 0
14732 0.00 0.00 0.00 0
14733 0.00 0.00 0.00 0
14734 0.00 0.00 0.00 0
14735 0.00 0.00 0.00 0
14736 0.00 0.00 0.00 0
14737 0.00 0.00 0.00 0
14738 0.00 0.00 0.00 0
15367 0.00 0.00 0.00 0
15368 0.00 0.00 0.00 0
15369 0.00 0.00 0.00 0
16451 0.00 0.00 0.00 0
16525 0.00 0.00 0.00 0
16527 0.00 0.00 0.00 0
16528 0.00 0.00 0.00 0
16529 0.00 0.00 0.00 0
16530 0.00 0.00 0.00 0
16531 0.00 0.00 0.00 0
16532 0.00 0.00 0.00 0
16533 0.00 0.00 0.00 0
16534 0.00 0.00 0.00 0
16535 0.00 0.00 0.00 0
16536 0.00 0.00 0.00 0
16537 0.00 0.00 0.00 0
16538 0.00 0.00 0.00 0
16539 0.00 0.00 0.00 0
16540 0.00 0.00 0.00 0
16541 0.00 0.00 0.00 0
16542 0.00 0.00 0.00 0
16543 0.00 0.00 0.00 0
16544 0.00 0.00 0.00 0
16545 0.00 0.00 0.00 0
16546 0.00 0.00 0.00 0
16547 0.00 0.00 0.00 0
16548 0.00 0.00 0.00 0
16549 0.00 0.00 0.00 0
17777 0.00 0.00 0.00 0
17778 0.00 0.00 0.00 0
17779 0.00 0.00 0.00 0
17909 0.00 0.00 0.00 0
17910 0.00 0.00 0.00 0
19465 0.00 0.00 0.00 0
19466 0.00 0.00 0.00 0
19467 0.00 0.00 0.00 0
19468 0.00 0.00 0.00 0
19469 0.00 0.00 0.00 0
19470 0.00 0.00 0.00 0
19471 0.00 0.00 0.00 0
19472 0.00 0.00 0.00 0
19473 0.00 0.00 0.00 0
19474 0.00 0.00 0.00 0
19475 0.00 0.00 0.00 0
19477 0.00 0.00 0.00 0
19488 0.00 0.00 0.00 0
19489 0.00 0.00 0.00 0
19490 0.00 0.00 0.00 0
19492 0.00 0.00 0.00 0
19493 0.00 0.00 0.00 0
19494 0.00 0.00 0.00 0
19495 0.00 0.00 0.00 0
19599 0.00 0.00 0.00 0
19600 0.00 0.00 0.00 0
19601 0.00 0.00 0.00 0
19602 0.00 0.00 0.00 0
19603 0.00 0.00 0.00 0
19604 0.00 0.00 0.00 0
19605 0.00 0.00 0.00 0
19606 0.00 0.00 0.00 0
19608 0.00 0.00 0.00 0
19609 0.00 0.00 0.00 0
19610 0.00 0.00 0.00 0
19611 0.00 0.00 0.00 0
19612 0.00 0.00 0.00 0
19613 0.00 0.00 0.00 0
19614 0.00 0.00 0.00 0
19615 0.00 0.00 0.00 0
19616 0.00 0.00 0.00 0
19617 0.00 0.00 0.00 0
19618 0.00 0.00 0.00 0
19619 0.00 0.00 0.00 0
19620 0.00 0.00 0.00 0
19621 0.00 0.00 0.00 0
19633 0.00 0.00 0.00 0
19634 0.00 0.00 0.00 0
19635 0.00 0.00 0.00 0
19636 0.00 0.00 0.00 0
19637 0.00 0.00 0.00 0
19638 0.00 0.00 0.00 0
19639 0.00 0.00 0.00 0
19640 0.00 0.00 0.00 0
19641 0.00 0.00 0.00 0
19642 0.00 0.00 0.00 0
19643 0.00 0.00 0.00 0
19644 0.00 0.00 0.00 0
19646 0.00 0.00 0.00 0
19652 0.00 0.00 0.00 0
19653 0.00 0.00 0.00 0
19654 0.00 0.00 0.00 0
19688 0.00 0.00 0.00 0
19689 0.00 0.00 0.00 0
19698 0.00 0.00 0.00 0
19699 0.00 0.00 0.00 0
19700 0.00 0.00 0.00 0
19701 0.00 0.00 0.00 0
19702 0.00 0.00 0.00 0
19703 0.00 0.00 0.00 0
19704 0.00 0.00 0.00 0
19705 0.00 0.00 0.00 0
19706 0.00 0.00 0.00 0
19707 0.00 0.00 0.00 0
19708 0.00 0.00 0.00 0
19709 0.00 0.00 0.00 0
19710 0.00 0.00 0.00 0
19711 0.00 0.00 0.00 0
19712 0.00 0.00 0.00 0
19713 0.00 0.00 0.00 0
19714 0.00 0.00 0.00 0
19715 0.00 0.00 0.00 0
19716 0.00 0.00 0.00 0
19717 0.00 0.00 0.00 0
19718 0.00 0.00 0.00 0
19719 0.00 0.00 0.00 0
19720 0.00 0.00 0.00 0
19721 0.00 0.00 0.00 0
19722 0.00 0.00 0.00 0
19724 0.00 0.00 0.00 0
19725 0.00 0.00 0.00 0
19726 0.00 0.00 0.00 0
19757 0.00 0.00 0.00 0
19758 0.00 0.00 0.00 0
19759 0.00 0.00 0.00 0
19998 0.00 0.00 0.00 0
19999 0.00 0.00 0.00 0
20000 0.00 0.00 0.00 0
20001 0.00 0.00 0.00 0
20200 0.00 0.00 0.00 0
20201 0.00 0.00 0.00 0
20202 0.00 0.00 0.00 0
20203 0.00 0.00 0.00 0
20204 0.00 0.00 0.00 0
21622 0.00 0.00 0.00 0
21623 0.00 0.00 0.00 0
21624 0.00 0.00 0.00 0
21625 0.00 0.00 0.00 0
21626 0.00 0.00 0.00 0
21627 0.00 0.00 0.00 0
21628 0.00 0.00 0.00 0
21629 0.00 0.00 0.00 0
23102 0.00 0.00 0.00 0
23159 0.00 0.00 0.00 0
23160 0.00 0.00 0.00 0
23161 0.00 0.00 0.00 0
23162 0.00 0.00 0.00 0
23163 0.00 0.00 0.00 0
23177 0.00 0.00 0.00 0
23178 0.00 0.00 0.00 0
23179 0.00 0.00 0.00 0
23180 0.00 0.00 0.00 0
23181 0.00 0.00 0.00 0
23182 0.00 0.00 0.00 0
23183 0.00 0.00 0.00 0
23184 0.00 0.00 0.00 0
23767 0.00 0.00 0.00 0
23768 0.00 0.00 0.00 0
23769 0.00 0.00 0.00 0
23770 0.00 0.00 0.00 0
23771 0.00 0.00 0.00 0
23800 0.00 0.00 0.00 0
23801 0.00 0.00 0.00 0
23802 0.00 0.00 0.00 0
23803 0.00 0.00 0.00 0
23804 0.00 0.00 0.00 0
23805 0.00 0.00 0.00 0
23806 0.00 0.00 0.00 0
23812 0.00 0.00 0.00 0
23813 0.00 0.00 0.00 0
23814 0.00 0.00 0.00 0
23815 0.00 0.00 0.00 0
23816 0.00 0.00 0.00 0
23817 0.00 0.00 0.00 0
23818 0.00 0.00 0.00 0
23819 0.00 0.00 0.00 0
23820 0.00 0.00 0.00 0
23821 0.00 0.00 0.00 0
23822 0.00 0.00 0.00 0
24892 0.00 0.00 0.00 0
24893 0.00 0.00 0.00 0
24894 0.00 0.00 0.00 0
24895 0.00 0.00 0.00 0
24896 0.00 0.00 0.00 0
24897 0.00 0.00 0.00 0
24898 0.00 0.00 0.00 0
24899 0.00 0.00 0.00 0
24900 0.00 0.00 0.00 0
24901 0.00 0.00 0.00 0
24902 0.00 0.00 0.00 0
24903 0.00 0.00 0.00 0
24904 0.00 0.00 0.00 0
24905 0.00 0.00 0.00 0
24906 0.00 0.00 0.00 0
26656 0.00 0.00 0.00 0
26657 0.00 0.00 0.00 0
26658 0.00 0.00 0.00 0
26659 0.00 0.00 0.00 0
26660 0.00 0.00 0.00 0
26661 0.00 0.00 0.00 0
26662 0.00 0.00 0.00 0
26663 0.00 0.00 0.00 0
26664 0.00 0.00 0.00 0
26736 0.00 0.00 0.00 0
26737 0.00 0.00 0.00 0
26738 0.00 0.00 0.00 0
26739 0.00 0.00 0.00 0
26740 0.00 0.00 0.00 0
26741 0.00 0.00 0.00 0
26742 0.00 0.00 0.00 0
26743 0.00 0.00 0.00 0
26744 0.00 0.00 0.00 0
26745 0.00 0.00 0.00 0
26746 0.00 0.00 0.00 0
26747 0.00 0.00 0.00 0
26748 0.00 0.00 0.00 0
26749 0.00 0.00 0.00 0
26755 0.00 0.00 0.00 0
26756 0.00 0.00 0.00 0
26757 0.00 0.00 0.00 0
26758 0.00 0.00 0.00 0
26759 0.00 0.00 0.00 0
26760 0.00 0.00 0.00 0
26761 0.00 0.00 0.00 0
26762 0.00 0.00 0.00 0
26763 0.00 0.00 0.00 0
26764 0.00 0.00 0.00 0
26765 0.00 0.00 0.00 0
26766 0.00 0.00 0.00 0
26767 0.00 0.00 0.00 0
26768 0.00 0.00 0.00 0
26769 0.00 0.00 0.00 0
26770 0.00 0.00 0.00 0
26771 0.00 0.00 0.00 0
26790 0.00 0.00 0.00 0
26796 0.00 0.00 0.00 0
26797 0.00 0.00 0.00 0
26798 0.00 0.00 0.00 0
26799 0.00 0.00 0.00 0
26800 0.00 0.00 0.00 0
26801 0.00 0.00 0.00 0
26802 0.00 0.00 0.00 0
26803 0.00 0.00 0.00 0
26804 0.00 0.00 0.00 0
26805 0.00 0.00 0.00 0
26806 0.00 0.00 0.00 0
26807 0.00 0.00 0.00 0
26808 0.00 0.00 0.00 0
26809 0.00 0.00 0.00 0
26810 0.00 0.00 0.00 0
26831 0.00 0.00 0.00 0
26832 0.00 0.00 0.00 0
26976 0.00 0.00 0.00 0
27096 0.00 0.00 0.00 0
27097 0.00 0.00 0.00 0
27098 0.00 0.00 0.00 0
27949 0.00 0.00 0.00 0
27950 0.00 0.00 0.00 0
27951 0.00 0.00 0.00 0
27952 0.00 0.00 0.00 0
27953 0.00 0.00 0.00 0
27955 0.00 0.00 0.00 0
29080 0.00 0.00 0.00 0
29121 0.00 0.00 0.00 0
29122 0.00 0.00 0.00 0
29123 0.00 0.00 0.00 0
29124 0.00 0.00 0.00 0
29125 0.00 0.00 0.00 0
29126 0.00 0.00 0.00 0
29127 0.00 0.00 0.00 0
29128 0.00 0.00 0.00 0
29129 0.00 0.00 0.00 0
29130 0.00 0.00 0.00 0
29131 0.00 0.00 0.00 0
29132 0.00 0.00 0.00 0
29133 0.00 0.00 0.00 0
29134 0.00 0.00 0.00 0
29135 0.00 0.00 0.00 0
30493 0.00 0.00 0.00 0
30494 0.00 0.00 0.00 0
30495 0.00 0.00 0.00 0
30496 0.00 0.00 0.00 0
30497 0.00 0.00 0.00 0
30498 0.00 0.00 0.00 0
30499 0.00 0.00 0.00 0
30500 0.00 0.00 0.00 0
30501 0.00 0.00 0.00 0
30502 0.00 0.00 0.00 0
30503 0.00 0.00 0.00 0
30564 0.00 0.00 0.00 0
30565 0.00 0.00 0.00 0
30571 0.00 0.00 0.00 0
30572 0.00 0.00 0.00 0
30573 0.00 0.00 0.00 0
30574 0.00 0.00 0.00 0
30575 0.00 0.00 0.00 0
30576 0.00 0.00 0.00 0
30577 0.00 0.00 0.00 0
30578 0.00 0.00 0.00 0
30579 0.00 0.00 0.00 0
30580 0.00 0.00 0.00 0
30581 0.00 0.00 0.00 0
30582 0.00 0.00 0.00 0
30583 0.00 0.00 0.00 0
30584 0.00 0.00 0.00 0
30585 0.00 0.00 0.00 0
30586 0.00 0.00 0.00 0
30598 0.00 0.00 0.00 0
30599 0.00 0.00 0.00 0
30600 0.00 0.00 0.00 0
30601 0.00 0.00 0.00 0
30602 0.00 0.00 0.00 0
30603 0.00 0.00 0.00 0
30604 0.00 0.00 0.00 0
30605 0.00 0.00 0.00 0
30606 0.00 0.00 0.00 0
30607 0.00 0.00 0.00 0
30608 0.00 0.00 0.00 0
30609 0.00 0.00 0.00 0
30610 0.00 0.00 0.00 0
30611 0.00 0.00 0.00 0
30612 0.00 0.00 0.00 0
30613 0.00 0.00 0.00 0
30614 0.00 0.00 0.00 0
30615 0.00 0.00 0.00 0
30616 0.00 0.00 0.00 0
31498 0.00 0.00 0.00 0
31499 0.00 0.00 0.00 0
31500 0.00 0.00 0.00 0
31501 0.00 0.00 0.00 0
32933 0.00 0.00 0.00 0
32934 0.00 0.00 0.00 0
32935 0.00 0.00 0.00 0
33016 0.00 0.00 0.00 0
33027 0.00 0.00 0.00 0
33031 0.00 0.00 0.00 0
33032 0.00 0.00 0.00 0
33034 0.00 0.00 0.00 0
33035 0.00 0.00 0.00 0
33036 0.00 0.00 0.00 0
33037 0.00 0.00 0.00 0
33038 0.00 0.00 0.00 0
33039 0.00 0.00 0.00 0
33040 0.00 0.00 0.00 0
33041 0.00 0.00 0.00 0
33042 0.00 0.00 0.00 0
33043 0.00 0.00 0.00 0
33044 0.00 0.00 0.00 0
33045 0.00 0.00 0.00 0
33046 0.00 0.00 0.00 0
33047 0.00 0.00 0.00 0
33048 0.00 0.00 0.00 0
33049 0.00 0.00 0.00 0
33050 0.00 0.00 0.00 0
33051 0.00 0.00 0.00 0
33052 0.00 0.00 0.00 0
33053 0.00 0.00 0.00 0
33054 0.00 0.00 0.00 0
33056 0.00 0.00 0.00 0
33057 0.00 0.00 0.00 0
33058 0.00 0.00 0.00 0
33059 0.00 0.00 0.00 0
33060 0.00 0.00 0.00 0
33061 0.00 0.00 0.00 0
33062 0.00 0.00 0.00 0
34607 0.00 0.00 0.00 0
34608 0.00 0.00 0.00 0
34609 0.00 0.00 0.00 0
34610 0.00 0.00 0.00 0
34611 0.00 0.00 0.00 0
34613 0.00 0.00 0.00 0
34614 0.00 0.00 0.00 0
34615 0.00 0.00 0.00 0
34616 0.00 0.00 0.00 0
34768 0.00 0.00 0.00 0
34769 0.00 0.00 0.00 0
34770 0.00 0.00 0.00 0
36664 0.00 0.00 0.00 0
36665 0.00 0.00 0.00 0
36666 0.00 0.00 0.00 0
36667 0.00 0.00 0.00 0
36668 0.00 0.00 0.00 0
36669 0.00 0.00 0.00 0
36670 0.00 0.00 0.00 0
36673 0.00 0.00 0.00 0
36674 0.00 0.00 0.00 0
36675 0.00 0.00 0.00 0
36676 0.00 0.00 0.00 0
36677 0.00 0.00 0.00 0
36678 0.00 0.00 0.00 0
36691 0.00 0.00 0.00 0
36692 0.00 0.00 0.00 0
36693 0.00 0.00 0.00 0
36694 0.00 0.00 0.00 0
36695 0.00 0.00 0.00 0
36696 0.00 0.00 0.00 0
36697 0.00 0.00 0.00 0
36698 0.00 0.00 0.00 0
36699 0.00 0.00 0.00 0
36705 0.00 0.00 0.00 0
36706 0.00 0.00 0.00 0
36707 0.00 0.00 0.00 0
36825 0.00 0.00 0.00 0
36826 0.00 0.00 0.00 0
36827 0.00 0.00 0.00 0
36828 0.00 0.00 0.00 0
36829 0.00 0.00 0.00 0
36830 0.00 0.00 0.00 0
36831 0.00 0.00 0.00 0
36832 0.00 0.00 0.00 0
36833 0.00 0.00 0.00 0
36834 0.00 0.00 0.00 0
36835 0.00 0.00 0.00 0
36836 0.00 0.00 0.00 0
36837 0.00 0.00 0.00 0
36838 0.00 0.00 0.00 0
36839 0.00 0.00 0.00 0
36840 0.00 0.00 0.00 0
36841 0.00 0.00 0.00 0
36842 0.00 0.00 0.00 0
36843 0.00 0.00 0.00 0
36844 0.00 0.00 0.00 0
36845 0.00 0.00 0.00 0
36846 0.00 0.00 0.00 0
36847 0.00 0.00 0.00 0
36848 0.00 0.00 0.00 0
36849 0.00 0.00 0.00 0
36850 0.00 0.00 0.00 0
36862 0.00 0.00 0.00 0
36866 0.00 0.00 0.00 0
36867 0.00 0.00 0.00 0
36869 0.00 0.00 0.00 0
36870 0.00 0.00 0.00 0
36871 0.00 0.00 0.00 0
36872 0.00 0.00 0.00 0
36873 0.00 0.00 0.00 0
36874 0.00 0.00 0.00 0
36875 0.00 0.00 0.00 0
36876 0.00 0.00 0.00 0
36877 0.00 0.00 0.00 0
36878 0.00 0.00 0.00 0
36890 0.00 0.00 0.00 0
36891 0.00 0.00 0.00 0
36892 0.00 0.00 0.00 0
36893 0.00 0.00 0.00 0
36894 0.00 0.00 0.00 0
36933 0.00 0.00 0.00 0
36934 0.00 0.00 0.00 0
36944 0.00 0.00 0.00 0
36945 0.00 0.00 0.00 0
36947 0.00 0.00 0.00 0
36948 0.00 0.00 0.00 0
36954 0.00 0.00 0.00 0
36955 0.00 0.00 0.00 0
36956 0.00 0.00 0.00 0
36957 0.00 0.00 0.00 0
36958 0.00 0.00 0.00 0
36959 0.00 0.00 0.00 0
36960 0.00 0.00 0.00 0
36961 0.00 0.00 0.00 0
36962 0.00 0.00 0.00 0
36963 0.00 0.00 0.00 0
36964 0.00 0.00 0.00 0
36965 0.00 0.00 0.00 0
36966 0.00 0.00 0.00 0
36967 0.00 0.00 0.00 0
36968 0.00 0.00 0.00 0
36969 0.00 0.00 0.00 0
36970 0.00 0.00 0.00 0
36971 0.00 0.00 0.00 0
36972 0.00 0.00 0.00 0
36973 0.00 0.00 0.00 0
36974 0.00 0.00 0.00 0
36975 0.00 0.00 0.00 0
36976 0.00 0.00 0.00 0
36977 0.00 0.00 0.00 0
36978 0.00 0.00 0.00 0
36979 0.00 0.00 0.00 0
37016 0.00 0.00 0.00 0
37017 0.00 0.00 0.00 0
37019 0.00 0.00 0.00 0
37304 0.00 0.00 0.00 0
37305 0.00 0.00 0.00 0
37306 0.00 0.00 0.00 0
37307 0.00 0.00 0.00 0
37308 0.00 0.00 0.00 0
37309 0.00 0.00 0.00 0
37310 0.00 0.00 0.00 0
37311 0.00 0.00 0.00 0
37552 0.00 0.00 0.00 0
37553 0.00 0.00 0.00 0
37554 0.00 0.00 0.00 0
37555 0.00 0.00 0.00 0
39261 0.00 0.00 0.00 0
39262 0.00 0.00 0.00 0
39263 0.00 0.00 0.00 0
39264 0.00 0.00 0.00 0
39265 0.00 0.00 0.00 0
39270 0.00 0.00 0.00 0
39271 0.00 0.00 0.00 0
39272 0.00 0.00 0.00 0
39275 0.00 0.00 0.00 0
39276 0.00 0.00 0.00 0
40994 0.00 0.00 0.00 0
40995 0.00 0.00 0.00 0
40996 0.00 0.00 0.00 0
41027 0.00 0.00 0.00 0
41028 0.00 0.00 0.00 0
41029 0.00 0.00 0.00 0
41037 0.00 0.00 0.00 0
41038 0.00 0.00 0.00 0
41039 0.00 0.00 0.00 0
41040 0.00 0.00 0.00 0
41382 0.00 0.00 0.00 0
41383 0.00 0.00 0.00 0
41384 0.00 0.00 0.00 0
41385 0.00 0.00 0.00 0
41386 0.00 0.00 0.00 0
41390 0.00 0.00 0.00 0
41391 0.00 0.00 0.00 0
41392 0.00 0.00 0.00 0
41393 0.00 0.00 0.00 0
41394 0.00 0.00 0.00 0
41395 0.00 0.00 0.00 0
41396 0.00 0.00 0.00 0
41990 0.00 0.00 0.00 0
41991 0.00 0.00 0.00 0
41992 0.00 0.00 0.00 0
41993 0.00 0.00 0.00 0
41994 0.00 0.00 0.00 0
41995 0.00 0.00 0.00 0
41996 0.00 0.00 0.00 0
42970 0.00 0.00 0.00 0
42971 0.00 0.00 0.00 0
42972 0.00 0.00 0.00 0
42973 0.00 0.00 0.00 0
42974 0.00 0.00 0.00 0
42975 0.00 0.00 0.00 0
43017 0.00 0.00 0.00 0
43018 0.00 0.00 0.00 0
43019 0.00 0.00 0.00 0
43020 0.00 0.00 0.00 0
43021 0.00 0.00 0.00 0
43025 0.00 0.00 0.00 0
43026 0.00 0.00 0.00 0
43027 0.00 0.00 0.00 0
43028 0.00 0.00 0.00 0
43029 0.00 0.00 0.00 0
43030 0.00 0.00 0.00 0
43031 0.00 0.00 0.00 0
43032 0.00 0.00 0.00 0
43033 0.00 0.00 0.00 0
43034 0.00 0.00 0.00 0
43035 0.00 0.00 0.00 0
43036 0.00 0.00 0.00 0
43045 0.00 0.00 0.00 0
43047 0.00 0.00 0.00 0
43048 0.00 0.00 0.00 0
43049 0.00 0.00 0.00 0
43050 0.00 0.00 0.00 0
43051 0.00 0.00 0.00 0
43052 0.00 0.00 0.00 0
43053 0.00 0.00 0.00 0
43054 0.00 0.00 0.00 0
43687 0.00 0.00 0.00 0
43688 0.00 0.00 0.00 0
43689 0.00 0.00 0.00 0
44357 0.00 0.00 0.00 0
44358 0.00 0.00 0.00 0
44359 0.00 0.00 0.00 0
44360 0.00 0.00 0.00 0
44361 0.00 0.00 0.00 0
44362 0.00 0.00 0.00 0
44364 0.00 0.00 0.00 0
44387 0.00 0.00 0.00 0
44388 0.00 0.00 0.00 0
44389 0.00 0.00 0.00 0
44390 0.00 0.00 0.00 0
44391 0.00 0.00 0.00 0
44392 0.00 0.00 0.00 0
44393 0.00 0.00 0.00 0
44394 0.00 0.00 0.00 0
44395 0.00 0.00 0.00 0
44396 0.00 0.00 0.00 0
44397 0.00 0.00 0.00 0
44398 0.00 0.00 0.00 0
44399 0.00 0.00 0.00 0
44400 0.00 0.00 0.00 0
45370 0.00 0.00 0.00 0
45371 0.00 0.00 0.00 0
45372 0.00 0.00 0.00 0
45373 0.00 0.00 0.00 0
45374 0.00 0.00 0.00 0
45375 0.00 0.00 0.00 0
45376 0.00 0.00 0.00 0
45377 0.00 0.00 0.00 0
45425 0.00 0.00 0.00 0
45426 0.00 0.00 0.00 0
45427 0.00 0.00 0.00 0
45428 0.00 0.00 0.00 0
45429 0.00 0.00 0.00 0
45430 0.00 0.00 0.00 0
45431 0.00 0.00 0.00 0
45432 0.00 0.00 0.00 0
45433 0.00 0.00 0.00 0
45434 0.00 0.00 0.00 0
45435 0.00 0.00 0.00 0
45436 0.00 0.00 0.00 0
45445 0.00 0.00 0.00 0
45446 0.00 0.00 0.00 0
45447 0.00 0.00 0.00 0
45448 0.00 0.00 0.00 0
45449 0.00 0.00 0.00 0
45450 0.00 0.00 0.00 0
45451 0.00 0.00 0.00 0
45452 0.00 0.00 0.00 0
45453 0.00 0.00 0.00 0
45454 0.00 0.00 0.00 0
45455 0.00 0.00 0.00 0
45456 0.00 0.00 0.00 0
45457 0.00 0.00 0.00 0
45458 0.00 0.00 0.00 0
45459 0.00 0.00 0.00 0
45461 0.00 0.00 0.00 0
46087 0.00 0.00 0.00 0
46088 0.00 0.00 0.00 0
46089 0.00 0.00 0.00 0
47171 0.00 0.00 0.00 0
47245 0.00 0.00 0.00 0
47246 0.00 0.00 0.00 0
47247 0.00 0.00 0.00 0
47248 0.00 0.00 0.00 0
47249 0.00 0.00 0.00 0
47250 0.00 0.00 0.00 0
47251 0.00 0.00 0.00 0
47252 0.00 0.00 0.00 0
47253 0.00 0.00 0.00 0
47254 0.00 0.00 0.00 0
47255 0.00 0.00 0.00 0
47256 0.00 0.00 0.00 0
47257 0.00 0.00 0.00 0
47258 0.00 0.00 0.00 0
47259 0.00 0.00 0.00 0
47260 0.00 0.00 0.00 0
47261 0.00 0.00 0.00 0
47262 0.00 0.00 0.00 0
47263 0.00 0.00 0.00 0
47264 0.00 0.00 0.00 0
47265 0.00 0.00 0.00 0
47266 0.00 0.00 0.00 0
47267 0.00 0.00 0.00 0
47268 0.00 0.00 0.00 0
47269 0.00 0.00 0.00 0
48497 0.00 0.00 0.00 0
48498 0.00 0.00 0.00 0
48499 0.00 0.00 0.00 0
48629 0.00 0.00 0.00 0
48630 0.00 0.00 0.00 0
50185 0.00 0.00 0.00 0
50186 0.00 0.00 0.00 0
50187 0.00 0.00 0.00 0
50188 0.00 0.00 0.00 0
50189 0.00 0.00 0.00 0
50190 0.00 0.00 0.00 0
50191 0.00 0.00 0.00 0
50192 0.00 0.00 0.00 0
50193 0.00 0.00 0.00 0
50194 0.00 0.00 0.00 0
50195 0.00 0.00 0.00 0
50209 0.00 0.00 0.00 0
50212 0.00 0.00 0.00 0
50214 0.00 0.00 0.00 0
50215 0.00 0.00 0.00 0
50319 0.00 0.00 0.00 0
50320 0.00 0.00 0.00 0
50321 0.00 0.00 0.00 0
50322 0.00 0.00 0.00 0
50323 0.00 0.00 0.00 0
50324 0.00 0.00 0.00 0
50325 0.00 0.00 0.00 0
50326 0.00 0.00 0.00 0
50327 0.00 0.00 0.00 0
50328 0.00 0.00 0.00 0
50329 0.00 0.00 0.00 0
50330 0.00 0.00 0.00 0
50331 0.00 0.00 0.00 0
50332 0.00 0.00 0.00 0
50333 0.00 0.00 0.00 0
50334 0.00 0.00 0.00 0
50335 0.00 0.00 0.00 0
50336 0.00 0.00 0.00 0
50337 0.00 0.00 0.00 0
50338 0.00 0.00 0.00 0
50339 0.00 0.00 0.00 0
50340 0.00 0.00 0.00 0
50341 0.00 0.00 0.00 0
50353 0.00 0.00 0.00 0
50354 0.00 0.00 0.00 0
50355 0.00 0.00 0.00 0
50356 0.00 0.00 0.00 0
50357 0.00 0.00 0.00 0
50358 0.00 0.00 0.00 0
50359 0.00 0.00 0.00 0
50360 0.00 0.00 0.00 0
50361 0.00 0.00 0.00 0
50362 0.00 0.00 0.00 0
50363 0.00 0.00 0.00 0
50364 0.00 0.00 0.00 0
50365 0.00 0.00 0.00 0
50366 0.00 0.00 0.00 0
50372 0.00 0.00 0.00 0
50373 0.00 0.00 0.00 0
50374 0.00 0.00 0.00 0
50409 0.00 0.00 0.00 0
50418 0.00 0.00 0.00 0
50419 0.00 0.00 0.00 0
50420 0.00 0.00 0.00 0
50421 0.00 0.00 0.00 0
50422 0.00 0.00 0.00 0
50423 0.00 0.00 0.00 0
50424 0.00 0.00 0.00 0
50425 0.00 0.00 0.00 0
50426 0.00 0.00 0.00 0
50427 0.00 0.00 0.00 0
50428 0.00 0.00 0.00 0
50429 0.00 0.00 0.00 0
50430 0.00 0.00 0.00 0
50431 0.00 0.00 0.00 0
50432 0.00 0.00 0.00 0
50433 0.00 0.00 0.00 0
50434 0.00 0.00 0.00 0
50435 0.00 0.00 0.00 0
50436 0.00 0.00 0.00 0
50437 0.00 0.00 0.00 0
50438 0.00 0.00 0.00 0
50439 0.00 0.00 0.00 0
50440 0.00 0.00 0.00 0
50441 0.00 0.00 0.00 0
50442 0.00 0.00 0.00 0
50477 0.00 0.00 0.00 0
50478 0.00 0.00 0.00 0
50479 0.00 0.00 0.00 0
50718 0.00 0.00 0.00 0
50719 0.00 0.00 0.00 0
50720 0.00 0.00 0.00 0
50721 0.00 0.00 0.00 0
50920 0.00 0.00 0.00 0
50921 0.00 0.00 0.00 0
50922 0.00 0.00 0.00 0
50923 0.00 0.00 0.00 0
50924 0.00 0.00 0.00 0
52342 0.00 0.00 0.00 0
52343 0.00 0.00 0.00 0
52344 0.00 0.00 0.00 0
52345 0.00 0.00 0.00 0
52346 0.00 0.00 0.00 0
52347 0.00 0.00 0.00 0
52348 0.00 0.00 0.00 0
52349 0.00 0.00 0.00 0
53864 0.00 0.00 0.00 0
53867 0.00 0.00 0.00 0
53869 0.00 0.00 0.00 0
53871 0.00 0.00 0.00 0
53957 0.00 0.00 0.00 0
53958 0.00 0.00 0.00 0
53959 0.00 0.00 0.00 0
53960 0.00 0.00 0.00 0
53961 0.00 0.00 0.00 0
53962 0.00 0.00 0.00 0
53963 0.00 0.00 0.00 0
53964 0.00 0.00 0.00 0
53987 0.00 0.00 0.00 0
53988 0.00 0.00 0.00 0
53989 0.00 0.00 0.00 0
53990 0.00 0.00 0.00 0
53991 0.00 0.00 0.00 0
53992 0.00 0.00 0.00 0
53993 0.00 0.00 0.00 0
53994 0.00 0.00 0.00 0
53995 0.00 0.00 0.00 0
53996 0.00 0.00 0.00 0
53997 0.00 0.00 0.00 0
53998 0.00 0.00 0.00 0
53999 0.00 0.00 0.00 0
54000 0.00 0.00 0.00 0
54970 0.00 0.00 0.00 0
54971 0.00 0.00 0.00 0
54972 0.00 0.00 0.00 0
54973 0.00 0.00 0.00 0
54974 0.00 0.00 0.00 0
54975 0.00 0.00 0.00 0
54976 0.00 0.00 0.00 0
54977 0.00 0.00 0.00 0
55024 0.00 0.00 0.00 0
55025 0.00 0.00 0.00 0
55026 0.00 0.00 0.00 0
55027 0.00 0.00 0.00 0
55028 0.00 0.00 0.00 0
55029 0.00 0.00 0.00 0
55030 0.00 0.00 0.00 0
55031 0.00 0.00 0.00 0
55032 0.00 0.00 0.00 0
55033 0.00 0.00 0.00 0
55034 0.00 0.00 0.00 0
55035 0.00 0.00 0.00 0
55036 0.00 0.00 0.00 0
55045 0.00 0.00 0.00 0
55046 0.00 0.00 0.00 0
55047 0.00 0.00 0.00 0
55048 0.00 0.00 0.00 0
55049 0.00 0.00 0.00 0
55050 0.00 0.00 0.00 0
55051 0.00 0.00 0.00 0
55052 0.00 0.00 0.00 0
55053 0.00 0.00 0.00 0
55054 0.00 0.00 0.00 0
55055 0.00 0.00 0.00 0
55056 0.00 0.00 0.00 0
55057 0.00 0.00 0.00 0
55058 0.00 0.00 0.00 0
55059 0.00 0.00 0.00 0
55060 0.00 0.00 0.00 0
55061 0.00 0.00 0.00 0
55062 0.00 0.00 0.00 0
55063 0.00 0.00 0.00 0
55064 0.00 0.00 0.00 0
55066 0.00 0.00 0.00 0
56845 0.00 0.00 0.00 0
56846 0.00 0.00 0.00 0
56847 0.00 0.00 0.00 0
56848 0.00 0.00 0.00 0
56849 0.00 0.00 0.00 0
56850 0.00 0.00 0.00 0
56851 0.00 0.00 0.00 0
56852 0.00 0.00 0.00 0
56853 0.00 0.00 0.00 0
56854 0.00 0.00 0.00 0
56855 0.00 0.00 0.00 0
56856 0.00 0.00 0.00 0
56857 0.00 0.00 0.00 0
56858 0.00 0.00 0.00 0
56859 0.00 0.00 0.00 0
56860 0.00 0.00 0.00 0
56861 0.00 0.00 0.00 0
56862 0.00 0.00 0.00 0
56863 0.00 0.00 0.00 0
56864 0.00 0.00 0.00 0
56865 0.00 0.00 0.00 0
56866 0.00 0.00 0.00 0
56867 0.00 0.00 0.00 0
56868 0.00 0.00 0.00 0
59785 0.00 0.00 0.00 0
59786 0.00 0.00 0.00 0
59787 0.00 0.00 0.00 0
59788 0.00 0.00 0.00 0
59789 0.00 0.00 0.00 0
59790 0.00 0.00 0.00 0
59791 0.00 0.00 0.00 0
59792 0.00 0.00 0.00 0
59793 0.00 0.00 0.00 0
59794 0.00 0.00 0.00 0
59795 0.00 0.00 0.00 0
59796 0.00 0.00 0.00 0
59797 0.00 0.00 0.00 0
59919 0.00 0.00 0.00 0
59920 0.00 0.00 0.00 0
59921 0.00 0.00 0.00 0
59922 0.00 0.00 0.00 0
59923 0.00 0.00 0.00 0
59924 0.00 0.00 0.00 0
59925 0.00 0.00 0.00 0
59926 0.00 0.00 0.00 0
59927 0.00 0.00 0.00 0
59928 0.00 0.00 0.00 0
59929 0.00 0.00 0.00 0
59930 0.00 0.00 0.00 0
59931 0.00 0.00 0.00 0
59932 0.00 0.00 0.00 0
59933 0.00 0.00 0.00 0
59934 0.00 0.00 0.00 0
59935 0.00 0.00 0.00 0
59936 0.00 0.00 0.00 0
59937 0.00 0.00 0.00 0
59938 0.00 0.00 0.00 0
59939 0.00 0.00 0.00 0
59940 0.00 0.00 0.00 0
59941 0.00 0.00 0.00 0
59950 0.00 0.00 0.00 0
59951 0.00 0.00 0.00 0
59952 0.00 0.00 0.00 0
59953 0.00 0.00 0.00 0
59954 0.00 0.00 0.00 0
59955 0.00 0.00 0.00 0
59956 0.00 0.00 0.00 0
59957 0.00 0.00 0.00 0
59958 0.00 0.00 0.00 0
59959 0.00 0.00 0.00 0
59960 0.00 0.00 0.00 0
59961 0.00 0.00 0.00 0
59962 0.00 0.00 0.00 0
59963 0.00 0.00 0.00 0
59964 0.00 0.00 0.00 0
59965 0.00 0.00 0.00 0
59966 0.00 0.00 0.00 0
59967 0.00 0.00 0.00 0
59968 0.00 0.00 0.00 0
59969 0.00 0.00 0.00 0
59970 0.00 0.00 0.00 0
59971 0.00 0.00 0.00 0
59972 0.00 0.00 0.00 0
59973 0.00 0.00 0.00 0
59974 0.00 0.00 0.00 0
59975 0.00 0.00 0.00 0
59976 0.00 0.00 0.00 0
60018 0.00 0.00 0.00 0
60019 0.00 0.00 0.00 0
60020 0.00 0.00 0.00 0
60021 0.00 0.00 0.00 0
60022 0.00 0.00 0.00 0
60023 0.00 0.00 0.00 0
60024 0.00 0.00 0.00 0
60025 0.00 0.00 0.00 0
60026 0.00 0.00 0.00 0
60027 0.00 0.00 0.00 0
60028 0.00 0.00 0.00 0
60029 0.00 0.00 0.00 0
60030 0.00 0.00 0.00 0
60031 0.00 0.00 0.00 0
60032 0.00 0.00 0.00 0
60033 0.00 0.00 0.00 0
60034 0.00 0.00 0.00 0
60035 0.00 0.00 0.00 0
60036 0.00 0.00 0.00 0
60037 0.00 0.00 0.00 0
60038 0.00 0.00 0.00 0
60039 0.00 0.00 0.00 0
60040 0.00 0.00 0.00 0
60041 0.00 0.00 0.00 0
60077 0.00 0.00 0.00 0
60078 0.00 0.00 0.00 0
60079 0.00 0.00 0.00 0
60320 0.00 0.00 0.00 0
60321 0.00 0.00 0.00 0
60520 0.00 0.00 0.00 0
60521 0.00 0.00 0.00 0
60522 0.00 0.00 0.00 0
60523 0.00 0.00 0.00 0
60524 0.00 0.00 0.00 0
61942 0.00 0.00 0.00 0
61943 0.00 0.00 0.00 0
61944 0.00 0.00 0.00 0
61945 0.00 0.00 0.00 0
61946 0.00 0.00 0.00 0
61947 0.00 0.00 0.00 0
61948 0.00 0.00 0.00 0
61949 0.00 0.00 0.00 0
63955 0.00 0.00 0.00 0
63956 0.00 0.00 0.00 0
63957 0.00 0.00 0.00 0
63959 0.00 0.00 0.00 0
64040 0.00 0.00 0.00 0
64042 0.00 0.00 0.00 0
64043 0.00 0.00 0.00 0
64044 0.00 0.00 0.00 0
64045 0.00 0.00 0.00 0
64046 0.00 0.00 0.00 0
64047 0.00 0.00 0.00 0
64048 0.00 0.00 0.00 0
64049 0.00 0.00 0.00 0
64050 0.00 0.00 0.00 0
64051 0.00 0.00 0.00 0
64052 0.00 0.00 0.00 0
64053 0.00 0.00 0.00 0
64054 0.00 0.00 0.00 0
64055 0.00 0.00 0.00 0
64056 0.00 0.00 0.00 0
64057 0.00 0.00 0.00 0
64058 0.00 0.00 0.00 0
64059 0.00 0.00 0.00 0
64060 0.00 0.00 0.00 0
64061 0.00 0.00 0.00 0
64062 0.00 0.00 0.00 0
64063 0.00 0.00 0.00 0
64064 0.00 0.00 0.00 0
64065 0.00 0.00 0.00 0
64066 0.00 0.00 0.00 0
64067 0.00 0.00 0.00 0
64068 0.00 0.00 0.00 0
64069 0.00 0.00 0.00 0
64070 0.00 0.00 0.00 0
64071 0.00 0.00 0.00 0
64072 0.00 0.00 0.00 0
64073 0.00 0.00 0.00 0
64074 0.00 0.00 0.00 0
64075 0.00 0.00 0.00 0
64076 0.00 0.00 0.00 0
64077 0.00 0.00 0.00 0
64078 0.00 0.00 0.00 0
66985 0.00 0.00 0.00 0
66986 0.00 0.00 0.00 0
66987 0.00 0.00 0.00 0
66988 0.00 0.00 0.00 0
66989 0.00 0.00 0.00 0
66990 0.00 0.00 0.00 0
66991 0.00 0.00 0.00 0
66992 0.00 0.00 0.00 0
66993 0.00 0.00 0.00 0
66994 0.00 0.00 0.00 0
66995 0.00 0.00 0.00 0
66996 0.00 0.00 0.00 0
66997 0.00 0.00 0.00 0
66998 0.00 0.00 0.00 0
66999 0.00 0.00 0.00 0
67000 0.00 0.00 0.00 0
67001 0.00 0.00 0.00 0
67002 0.00 0.00 0.00 0
67003 0.00 0.00 0.00 0
67004 0.00 0.00 0.00 0
67005 0.00 0.00 0.00 0
67006 0.00 0.00 0.00 0
67007 0.00 0.00 0.00 0
67140 0.00 0.00 0.00 0
67150 0.00 0.00 0.00 0
67152 0.00 0.00 0.00 0
67153 0.00 0.00 0.00 0
67154 0.00 0.00 0.00 0
67155 0.00 0.00 0.00 0
67156 0.00 0.00 0.00 0
67157 0.00 0.00 0.00 0
67158 0.00 0.00 0.00 0
67159 0.00 0.00 0.00 0
67160 0.00 0.00 0.00 0
67161 0.00 0.00 0.00 0
67162 0.00 0.00 0.00 0
67163 0.00 0.00 0.00 0
67164 0.00 0.00 0.00 0
67165 0.00 0.00 0.00 0
67166 0.00 0.00 0.00 0
67167 0.00 0.00 0.00 0
67168 0.00 0.00 0.00 0
67169 0.00 0.00 0.00 0
67170 0.00 0.00 0.00 0
67171 0.00 0.00 0.00 0
67172 0.00 0.00 0.00 0
67173 0.00 0.00 0.00 0
67174 0.00 0.00 0.00 0
67175 0.00 0.00 0.00 0
67176 0.00 0.00 0.00 0
67177 0.00 0.00 0.00 0
67178 0.00 0.00 0.00 0
67179 0.00 0.00 0.00 0
67180 0.00 0.00 0.00 0
67181 0.00 0.00 0.00 0
67182 0.00 0.00 0.00 0
67183 0.00 0.00 0.00 0
67184 0.00 0.00 0.00 0
67185 0.00 0.00 0.00 0
67186 0.00 0.00 0.00 0
67210 0.00 0.00 0.00 0
67211 0.00 0.00 0.00 0
67212 0.00 0.00 0.00 0
67213 0.00 0.00 0.00 0
67214 0.00 0.00 0.00 0
67215 0.00 0.00 0.00 0
67216 0.00 0.00 0.00 0
67217 0.00 0.00 0.00 0
67218 0.00 0.00 0.00 0
67219 0.00 0.00 0.00 0
67220 0.00 0.00 0.00 0
67221 0.00 0.00 0.00 0
67222 0.00 0.00 0.00 0
67223 0.00 0.00 0.00 0
67224 0.00 0.00 0.00 0
67225 0.00 0.00 0.00 0
67226 0.00 0.00 0.00 0
67227 0.00 0.00 0.00 0
67228 0.00 0.00 0.00 0
67229 0.00 0.00 0.00 0
67230 0.00 0.00 0.00 0
67231 0.00 0.00 0.00 0
67232 0.00 0.00 0.00 0
67233 0.00 0.00 0.00 0
67234 0.00 0.00 0.00 0
67235 0.00 0.00 0.00 0
67236 0.00 0.00 0.00 0
67237 0.00 0.00 0.00 0
67238 0.00 0.00 0.00 0
67239 0.00 0.00 0.00 0
67240 0.00 0.00 0.00 0
67241 0.00 0.00 0.00 0
67242 0.00 0.00 0.00 0
67243 0.00 0.00 0.00 0
67244 0.00 0.00 0.00 0
67245 0.00 0.00 0.00 0
67246 0.00 0.00 0.00 0
67247 0.00 0.00 0.00 0
67248 0.00 0.00 0.00 0
67249 0.00 0.00 0.00 0
69142 0.00 0.00 0.00 0
69143 0.00 0.00 0.00 0
69144 0.00 0.00 0.00 0
69145 0.00 0.00 0.00 0
69146 0.00 0.00 0.00 0
69147 0.00 0.00 0.00 0
72387 0.00 0.00 0.00 0
72388 0.00 0.00 0.00 0
72389 0.00 0.00 0.00 0
72390 0.00 0.00 0.00 0
72391 0.00 0.00 0.00 0
72585 0.00 0.00 0.00 0
72618 0.00 0.00 0.00 0
72619 0.00 0.00 0.00 0
72620 0.00 0.00 0.00 0
72621 0.00 0.00 0.00 0
72622 0.00 0.00 0.00 0
72623 0.00 0.00 0.00 0
72625 0.00 0.00 0.00 0
72627 0.00 0.00 0.00 0
72628 0.00 0.00 0.00 0
72629 0.00 0.00 0.00 0
72630 0.00 0.00 0.00 0
72631 0.00 0.00 0.00 0
72632 0.00 0.00 0.00 0
72633 0.00 0.00 0.00 0
72634 0.00 0.00 0.00 0
72635 0.00 0.00 0.00 0
72636 0.00 0.00 0.00 0
72637 0.00 0.00 0.00 0
72638 0.00 0.00 0.00 0
72639 0.00 0.00 0.00 0
72640 0.00 0.00 0.00 0
72641 0.00 0.00 0.00 0
72642 0.00 0.00 0.00 0
72643 0.00 0.00 0.00 0
72644 0.00 0.00 0.00 0
72645 0.00 0.00 0.00 0
72646 0.00 0.00 0.00 0
72647 0.00 0.00 0.00 0
72648 0.00 0.00 0.00 0
72649 0.00 0.00 0.00 0
72650 0.00 0.00 0.00 0
72651 0.00 0.00 0.00 0
72652 0.00 0.00 0.00 0
72653 0.00 0.00 0.00 0
72654 0.00 0.00 0.00 0
72655 0.00 0.00 0.00 0
72656 0.00 0.00 0.00 0
72657 0.00 0.00 0.00 0
72658 0.00 0.00 0.00 0
72659 0.00 0.00 0.00 0
72660 0.00 0.00 0.00 0
72661 0.00 0.00 0.00 0
72662 0.00 0.00 0.00 0
72663 0.00 0.00 0.00 0
72664 0.00 0.00 0.00 0
72665 0.00 0.00 0.00 0
72666 0.00 0.00 0.00 0
72667 0.00 0.00 0.00 0
72668 0.00 0.00 0.00 0
72669 0.00 0.00 0.00 0
72670 0.00 0.00 0.00 0
72671 0.00 0.00 0.00 0
72672 0.00 0.00 0.00 0
72673 0.00 0.00 0.00 0
72674 0.00 0.00 0.00 0
72677 0.00 0.00 0.00 0
72678 0.00 0.00 0.00 0
72679 0.00 0.00 0.00 0
72680 0.00 0.00 0.00 0
72681 0.00 0.00 0.00 0
72682 0.00 0.00 0.00 0
72683 0.00 0.00 0.00 0
72684 0.00 0.00 0.00 0
72686 0.00 0.00 0.00 0
72690 0.00 0.00 0.00 0
72691 0.00 0.00 0.00 0
72692 0.00 0.00 0.00 0
72693 0.00 0.00 0.00 0
76367 0.00 0.00 0.00 0
76368 0.00 0.00 0.00 0
76369 0.00 0.00 0.00 0
76370 0.00 0.00 0.00 0
76371 0.00 0.00 0.00 0
76372 0.00 0.00 0.00 0
76373 0.00 0.00 0.00 0
76374 0.00 0.00 0.00 0
76380 0.00 0.00 0.00 0
76381 0.00 0.00 0.00 0
76382 0.00 0.00 0.00 0
76383 0.00 0.00 0.00 0
76384 0.00 0.00 0.00 0
76760 0.00 0.00 0.00 0
76762 0.00 0.00 0.00 0
76763 0.00 0.00 0.00 0
76764 0.00 0.00 0.00 0
76765 0.00 0.00 0.00 0
76766 0.00 0.00 0.00 0
76767 0.00 0.00 0.00 0
76768 0.00 0.00 0.00 0
76769 0.00 0.00 0.00 0
76770 0.00 0.00 0.00 0
81430 0.00 0.00 0.00 0
81431 0.00 0.00 0.00 0
81432 0.00 0.00 0.00 0
81433 0.00 0.00 0.00 0
81434 0.00 0.00 0.00 0
81435 0.00 0.00 0.00 0
81436 0.00 0.00 0.00 0
81437 0.00 0.00 0.00 0
81438 0.00 0.00 0.00 0
81439 0.00 0.00 0.00 0
81440 0.00 0.00 0.00 0
81441 0.00 0.00 0.00 0
81442 0.00 0.00 0.00 0
81443 0.00 0.00 0.00 0
81444 0.00 0.00 0.00 0
81445 0.00 0.00 0.00 0
81446 0.00 0.00 0.00 0
81447 0.00 0.00 0.00 0
81453 0.00 0.00 0.00 0
81454 0.00 0.00 0.00 0
81455 0.00 0.00 0.00 0
81456 0.00 0.00 0.00 0
81457 0.00 0.00 0.00 0
81458 0.00 0.00 0.00 0
81459 0.00 0.00 0.00 0
81460 0.00 0.00 0.00 0
81461 0.00 0.00 0.00 0
81462 0.00 0.00 0.00 0
81463 0.00 0.00 0.00 0
81465 0.00 0.00 0.00 0
81467 0.00 0.00 0.00 0
81498 0.00 0.00 0.00 0
81499 0.00 0.00 0.00 0
81500 0.00 0.00 0.00 0
81501 0.00 0.00 0.00 0
81502 0.00 0.00 0.00 0
81503 0.00 0.00 0.00 0
81504 0.00 0.00 0.00 0
81505 0.00 0.00 0.00 0
81508 0.00 0.00 0.00 0
81509 0.00 0.00 0.00 0
81510 0.00 0.00 0.00 0
81511 0.00 0.00 0.00 0
81512 0.00 0.00 0.00 0
81513 0.00 0.00 0.00 0
81514 0.00 0.00 0.00 0
81515 0.00 0.00 0.00 0
81516 0.00 0.00 0.00 0
81517 0.00 0.00 0.00 0
81518 0.00 0.00 0.00 0
81519 0.00 0.00 0.00 0
81520 0.00 0.00 0.00 0
81536 0.00 0.00 0.00 0
81537 0.00 0.00 0.00 0
81538 0.00 0.00 0.00 0
81540 0.00 0.00 0.00 0
81834 0.00 0.00 0.00 0
81835 0.00 0.00 0.00 0
81836 0.00 0.00 0.00 0
81837 0.00 0.00 0.00 0
81838 0.00 0.00 0.00 0
81839 0.00 0.00 0.00 0
81840 0.00 0.00 0.00 0
81841 0.00 0.00 0.00 0
81842 0.00 0.00 0.00 0
81843 0.00 0.00 0.00 0
81844 0.00 0.00 0.00 0
81845 0.00 0.00 0.00 0
81846 0.00 0.00 0.00 0
81847 0.00 0.00 0.00 0
81848 0.00 0.00 0.00 0
81849 0.00 0.00 0.00 0
81850 0.00 0.00 0.00 0
81851 0.00 0.00 0.00 0
81852 0.00 0.00 0.00 0
81853 0.00 0.00 0.00 0
81854 0.00 0.00 0.00 0
81855 0.00 0.00 0.00 0
81856 0.00 0.00 0.00 0
81860 0.00 0.00 0.00 0
81861 0.00 0.00 0.00 0
81862 0.00 0.00 0.00 0
81863 0.00 0.00 0.00 0
81864 0.00 0.00 0.00 0
81865 0.00 0.00 0.00 0
81866 0.00 0.00 0.00 0
81867 0.00 0.00 0.00 0
81868 0.00 0.00 0.00 0
81869 0.00 0.00 0.00 0
81870 0.00 0.00 0.00 0
81871 0.00 0.00 0.00 0
81872 0.00 0.00 0.00 0
81873 0.00 0.00 0.00 0
81874 0.00 0.00 0.00 0
81875 0.00 0.00 0.00 0
81876 0.00 0.00 0.00 0
81877 0.00 0.00 0.00 0
81878 0.00 0.00 0.00 0
81879 0.00 0.00 0.00 0
81880 0.00 0.00 0.00 0
81881 0.00 0.00 0.00 0
81882 0.00 0.00 0.00 0
81883 0.00 0.00 0.00 0
81884 0.00 0.00 0.00 0
81885 0.00 0.00 0.00 0
81886 0.00 0.00 0.00 0
81887 0.00 0.00 0.00 0
81888 0.00 0.00 0.00 0
81889 0.00 0.00 0.00 0
81890 0.00 0.00 0.00 0
81891 0.00 0.00 0.00 0
81892 0.00 0.00 0.00 0
81893 0.00 0.00 0.00 0
81894 0.00 0.00 0.00 0
81922 0.00 0.00 0.00 0
81923 0.00 0.00 0.00 0
81924 0.00 0.00 0.00 0
81933 0.00 0.00 0.00 0
81934 0.00 0.00 0.00 0
81935 0.00 0.00 0.00 0
81936 0.00 0.00 0.00 0
81937 0.00 0.00 0.00 0
81938 0.00 0.00 0.00 0
81940 0.00 0.00 0.00 0
81941 0.00 0.00 0.00 0
81942 0.00 0.00 0.00 0
81943 0.00 0.00 0.00 0
81944 0.00 0.00 0.00 0
81945 0.00 0.00 0.00 0
81946 0.00 0.00 0.00 0
81947 0.00 0.00 0.00 0
81948 0.00 0.00 0.00 0
81949 0.00 0.00 0.00 0
81950 0.00 0.00 0.00 0
81951 0.00 0.00 0.00 0
81952 0.00 0.00 0.00 0
81953 0.00 0.00 0.00 0
81954 0.00 0.00 0.00 0
81955 0.00 0.00 0.00 0
81956 0.00 0.00 0.00 0
81957 0.00 0.00 0.00 0
81958 0.00 0.00 0.00 0
81959 0.00 0.00 0.00 0
81960 0.00 0.00 0.00 0
81961 0.00 0.00 0.00 0
81962 0.00 0.00 0.00 0
81963 0.00 0.00 0.00 0
81964 0.00 0.00 0.00 0
81977 0.00 0.00 0.00 0
81978 0.00 0.00 0.00 0
81979 0.00 0.00 0.00 0
81992 0.00 0.00 0.00 0
81993 0.00 0.00 0.00 0
81994 0.00 0.00 0.00 0
81995 0.00 0.00 0.00 0
81996 0.00 0.00 0.00 0
81997 0.00 0.00 0.00 0
81998 0.00 0.00 0.00 0
81999 0.00 0.00 0.00 0
82000 0.00 0.00 0.00 0
82001 0.00 0.00 0.00 0
82002 0.00 0.00 0.00 0
82100 0.00 0.00 0.00 0
82101 0.00 0.00 0.00 0
82102 0.00 0.00 0.00 0
82103 0.00 0.00 0.00 0
82104 0.00 0.00 0.00 0
82128 0.00 0.00 0.00 0
82129 0.00 0.00 0.00 0
82130 0.00 0.00 0.00 0
82131 0.00 0.00 0.00 0
82132 0.00 0.00 0.00 0
82133 0.00 0.00 0.00 0
82134 0.00 0.00 0.00 0
82135 0.00 0.00 0.00 0
82136 0.00 0.00 0.00 0
82137 0.00 0.00 0.00 0
82138 0.00 0.00 0.00 0
82139 0.00 0.00 0.00 0
82140 0.00 0.00 0.00 0
82141 0.00 0.00 0.00 0
82142 0.00 0.00 0.00 0
82143 0.00 0.00 0.00 0
82145 0.00 0.00 0.00 0
82146 0.00 0.00 0.00 0
82147 0.00 0.00 0.00 0
82148 0.00 0.00 0.00 0
82152 0.00 0.00 0.00 0
82153 0.00 0.00 0.00 0
82154 0.00 0.00 0.00 0
82155 0.00 0.00 0.00 0
82156 0.00 0.00 0.00 0
82157 0.00 0.00 0.00 0
82158 0.00 0.00 0.00 0
82159 0.00 0.00 0.00 0
82160 0.00 0.00 0.00 0
82161 0.00 0.00 0.00 0
82162 0.00 0.00 0.00 0
82163 0.00 0.00 0.00 0
82164 0.00 0.00 0.00 0
82165 0.00 0.00 0.00 0
82166 0.00 0.00 0.00 0
82167 0.00 0.00 0.00 0
82168 0.00 0.00 0.00 0
82169 0.00 0.00 0.00 0
82170 0.00 0.00 0.00 0
82171 0.00 0.00 0.00 0
82172 0.00 0.00 0.00 0
82173 0.00 0.00 0.00 0
82174 0.00 0.00 0.00 0
82175 0.00 0.00 0.00 0
82176 0.00 0.00 0.00 0
82177 0.00 0.00 0.00 0
82178 0.00 0.00 0.00 0
82179 0.00 0.00 0.00 0
82180 0.00 0.00 0.00 0
82181 0.00 0.00 0.00 0
82182 0.00 0.00 0.00 0
82183 0.00 0.00 0.00 0
82184 0.00 0.00 0.00 0
82185 0.00 0.00 0.00 0
82186 0.00 0.00 0.00 0
82187 0.00 0.00 0.00 0
82188 0.00 0.00 0.00 0
82189 0.00 0.00 0.00 0
82190 0.00 0.00 0.00 0
82191 0.00 0.00 0.00 0
82192 0.00 0.00 0.00 0
82193 0.00 0.00 0.00 0
82194 0.00 0.00 0.00 0
82195 0.00 0.00 0.00 0
82196 0.00 0.00 0.00 0
82197 0.00 0.00 0.00 0
82198 0.00 0.00 0.00 0
82199 0.00 0.00 0.00 0
82200 0.00 0.00 0.00 0
82201 0.00 0.00 0.00 0
82202 0.00 0.00 0.00 0
82203 0.00 0.00 0.00 0
82204 0.00 0.00 0.00 0
82205 0.00 0.00 0.00 0
82206 0.00 0.00 0.00 0
82207 0.00 0.00 0.00 0
82208 0.00 0.00 0.00 0
82209 0.00 0.00 0.00 0
82210 0.00 0.00 0.00 0
82211 0.00 0.00 0.00 0
82212 0.00 0.00 0.00 0
82213 0.00 0.00 0.00 0
82214 0.00 0.00 0.00 0
82215 0.00 0.00 0.00 0
82216 0.00 0.00 0.00 0
82217 0.00 0.00 0.00 0
82307 0.00 0.00 0.00 0
82308 0.00 0.00 0.00 0
82309 0.00 0.00 0.00 0
82310 0.00 0.00 0.00 0
82311 0.00 0.00 0.00 0
82312 0.00 0.00 0.00 0
82316 0.00 0.00 0.00 0
83030 0.00 0.00 0.00 0
83031 0.00 0.00 0.00 0
83032 0.00 0.00 0.00 0
83035 0.00 0.00 0.00 0
83036 0.00 0.00 0.00 0
83037 0.00 0.00 0.00 0
83038 0.00 0.00 0.00 0
83039 0.00 0.00 0.00 0
83040 0.00 0.00 0.00 0
83041 0.00 0.00 0.00 0
83042 0.00 0.00 0.00 0
83043 0.00 0.00 0.00 0
83044 0.00 0.00 0.00 0
83045 0.00 0.00 0.00 0
83046 0.00 0.00 0.00 0
83643 0.00 0.00 0.00 0
83644 0.00 0.00 0.00 0
83645 0.00 0.00 0.00 0
83646 0.00 0.00 0.00 0
83647 0.00 0.00 0.00 0
83648 0.00 0.00 0.00 0
83649 0.00 0.00 0.00 0
83650 0.00 0.00 0.00 0
83651 0.00 0.00 0.00 0
83652 0.00 0.00 0.00 0
83653 0.00 0.00 0.00 0
83654 0.00 0.00 0.00 0
87907 0.00 0.00 0.00 0
87908 0.00 0.00 0.00 0
87909 0.00 0.00 0.00 0
87910 0.00 0.00 0.00 0
87911 0.00 0.00 0.00 0
87912 0.00 0.00 0.00 0
87913 0.00 0.00 0.00 0
87914 0.00 0.00 0.00 0
87915 0.00 0.00 0.00 0
87916 0.00 0.00 0.00 0
87917 0.00 0.00 0.00 0
87918 0.00 0.00 0.00 0
87919 0.00 0.00 0.00 0
87920 0.00 0.00 0.00 0
87921 0.00 0.00 0.00 0
87922 0.00 0.00 0.00 0
87923 0.00 0.00 0.00 0
87924 0.00 0.00 0.00 0
87925 0.00 0.00 0.00 0
87930 0.00 0.00 0.00 0
87931 0.00 0.00 0.00 0
87932 0.00 0.00 0.00 0
87934 0.00 0.00 0.00 0
87935 0.00 0.00 0.00 0
87936 0.00 0.00 0.00 0
87937 0.00 0.00 0.00 0
87944 0.00 0.00 0.00 0
87945 0.00 0.00 0.00 0
87946 0.00 0.00 0.00 0
87947 0.00 0.00 0.00 0
92222 0.00 0.00 0.00 0
92223 0.00 0.00 0.00 0
92224 0.00 0.00 0.00 0
92225 0.00 0.00 0.00 0
92226 0.00 0.00 0.00 0
92279 0.00 0.00 0.00 0
92280 0.00 0.00 0.00 0
92281 0.00 0.00 0.00 0
92282 0.00 0.00 0.00 0
92283 0.00 0.00 0.00 0
92297 0.00 0.00 0.00 0
92298 0.00 0.00 0.00 0
92299 0.00 0.00 0.00 0
92300 0.00 0.00 0.00 0
92301 0.00 0.00 0.00 0
92302 0.00 0.00 0.00 0
92303 0.00 0.00 0.00 0
92304 0.00 0.00 0.00 0
92888 0.00 0.00 0.00 0
92890 0.00 0.00 0.00 0
92891 0.00 0.00 0.00 0
92918 0.00 0.00 0.00 0
92919 0.00 0.00 0.00 0
92920 0.00 0.00 0.00 0
92921 0.00 0.00 0.00 0
92922 0.00 0.00 0.00 0
92923 0.00 0.00 0.00 0
92924 0.00 0.00 0.00 0
92925 0.00 0.00 0.00 0
92926 0.00 0.00 0.00 0
92932 0.00 0.00 0.00 0
92933 0.00 0.00 0.00 0
92934 0.00 0.00 0.00 0
92935 0.00 0.00 0.00 0
92936 0.00 0.00 0.00 0
92937 0.00 0.00 0.00 0
92938 0.00 0.00 0.00 0
92939 0.00 0.00 0.00 0
92940 0.00 0.00 0.00 0
92941 0.00 0.00 0.00 0
92942 0.00 0.00 0.00 0
92943 0.00 0.00 0.00 0
92944 0.00 0.00 0.00 0
94012 0.00 0.00 0.00 0
94013 0.00 0.00 0.00 0
94014 0.00 0.00 0.00 0
94015 0.00 0.00 0.00 0
94016 0.00 0.00 0.00 0
94017 0.00 0.00 0.00 0
94018 0.00 0.00 0.00 0
94019 0.00 0.00 0.00 0
94020 0.00 0.00 0.00 0
94021 0.00 0.00 0.00 0
94022 0.00 0.00 0.00 0
94023 0.00 0.00 0.00 0
94024 0.00 0.00 0.00 0
95776 0.00 0.00 0.00 0
95777 0.00 0.00 0.00 0
95778 0.00 0.00 0.00 0
95779 0.00 0.00 0.00 0
95780 0.00 0.00 0.00 0
95781 0.00 0.00 0.00 0
95782 0.00 0.00 0.00 0
95783 0.00 0.00 0.00 0
95784 0.00 0.00 0.00 0
95857 0.00 0.00 0.00 0
95859 0.00 0.00 0.00 0
95860 0.00 0.00 0.00 0
95861 0.00 0.00 0.00 0
95862 0.00 0.00 0.00 0
95863 0.00 0.00 0.00 0
95864 0.00 0.00 0.00 0
95865 0.00 0.00 0.00 0
95866 0.00 0.00 0.00 0
95867 0.00 0.00 0.00 0
95868 0.00 0.00 0.00 0
95869 0.00 0.00 0.00 0
95875 0.00 0.00 0.00 0
95876 0.00 0.00 0.00 0
95877 0.00 0.00 0.00 0
95878 0.00 0.00 0.00 0
95879 0.00 0.00 0.00 0
95880 0.00 0.00 0.00 0
95881 0.00 0.00 0.00 0
95882 0.00 0.00 0.00 0
95883 0.00 0.00 0.00 0
95884 0.00 0.00 0.00 0
95885 0.00 0.00 0.00 0
95886 0.00 0.00 0.00 0
95887 0.00 0.00 0.00 0
95888 0.00 0.00 0.00 0
95889 0.00 0.00 0.00 0
95890 0.00 0.00 0.00 0
95891 0.00 0.00 0.00 0
95915 0.00 0.00 0.00 0
95916 0.00 0.00 0.00 0
95917 0.00 0.00 0.00 0
95918 0.00 0.00 0.00 0
95919 0.00 0.00 0.00 0
95920 0.00 0.00 0.00 0
95921 0.00 0.00 0.00 0
95922 0.00 0.00 0.00 0
95923 0.00 0.00 0.00 0
95924 0.00 0.00 0.00 0
95925 0.00 0.00 0.00 0
95926 0.00 0.00 0.00 0
95927 0.00 0.00 0.00 0
95928 0.00 0.00 0.00 0
97069 0.00 0.00 0.00 0
97070 0.00 0.00 0.00 0
97071 0.00 0.00 0.00 0
97072 0.00 0.00 0.00 0
97073 0.00 0.00 0.00 0
98273 0.00 0.00 0.00 0
98278 0.00 0.00 0.00 0
98279 0.00 0.00 0.00 0
98280 0.00 0.00 0.00 0
98281 0.00 0.00 0.00 0
98330 0.00 0.00 0.00 0
98331 0.00 0.00 0.00 0
98332 0.00 0.00 0.00 0
98333 0.00 0.00 0.00 0
98334 0.00 0.00 0.00 0
98335 0.00 0.00 0.00 0
98336 0.00 0.00 0.00 0
98337 0.00 0.00 0.00 0
98338 0.00 0.00 0.00 0
98339 0.00 0.00 0.00 0
98340 0.00 0.00 0.00 0
98341 0.00 0.00 0.00 0
98342 0.00 0.00 0.00 0
98343 0.00 0.00 0.00 0
98344 0.00 0.00 0.00 0
98345 0.00 0.00 0.00 0
98346 0.00 0.00 0.00 0
98347 0.00 0.00 0.00 0
98348 0.00 0.00 0.00 0
98349 0.00 0.00 0.00 0
98350 0.00 0.00 0.00 0
98351 0.00 0.00 0.00 0
98352 0.00 0.00 0.00 0
100096 0.00 0.00 0.00 0
100097 0.00 0.00 0.00 0
100098 0.00 0.00 0.00 0
100099 0.00 0.00 0.00 0
100100 0.00 0.00 0.00 0
100101 0.00 0.00 0.00 0
100102 0.00 0.00 0.00 0
100103 0.00 0.00 0.00 0
100104 0.00 0.00 0.00 0
100105 0.00 0.00 0.00 0
100106 0.00 0.00 0.00 0
100107 0.00 0.00 0.00 0
100108 0.00 0.00 0.00 0
100109 0.00 0.00 0.00 0
100195 0.00 0.00 0.00 0
100196 0.00 0.00 0.00 0
100197 0.00 0.00 0.00 0
100198 0.00 0.00 0.00 0
100199 0.00 0.00 0.00 0
100200 0.00 0.00 0.00 0
100201 0.00 0.00 0.00 0
100202 0.00 0.00 0.00 0
100203 0.00 0.00 0.00 0
100204 0.00 0.00 0.00 0
100205 0.00 0.00 0.00 0
100206 0.00 0.00 0.00 0
100207 0.00 0.00 0.00 0
100208 0.00 0.00 0.00 0
100209 0.00 0.00 0.00 0
100210 0.00 0.00 0.00 0
100211 0.00 0.00 0.00 0
100212 0.00 0.00 0.00 0
100213 0.00 0.00 0.00 0
100214 0.00 0.00 0.00 0
100215 0.00 0.00 0.00 0
100216 0.00 0.00 0.00 0
100231 0.00 0.00 0.00 0
100232 0.00 0.00 0.00 0
100233 0.00 0.00 0.00 0
100234 0.00 0.00 0.00 0
100235 0.00 0.00 0.00 0
100236 0.00 0.00 0.00 0
100237 0.00 0.00 0.00 0
100238 0.00 0.00 0.00 0
100239 0.00 0.00 0.00 0
100240 0.00 0.00 0.00 0
100241 0.00 0.00 0.00 0
100242 0.00 0.00 0.00 0
100243 0.00 0.00 0.00 0
100244 0.00 0.00 0.00 0
100245 0.00 0.00 0.00 0
100246 0.00 0.00 0.00 0
100247 0.00 0.00 0.00 0
100248 0.00 0.00 0.00 0
100249 0.00 0.00 0.00 0
100250 0.00 0.00 0.00 0
100251 0.00 0.00 0.00 0
100252 0.00 0.00 0.00 0
100253 0.00 0.00 0.00 0
100254 0.00 0.00 0.00 0
100255 0.00 0.00 0.00 0
101389 0.00 0.00 0.00 0
101390 0.00 0.00 0.00 0
101391 0.00 0.00 0.00 0
101392 0.00 0.00 0.00 0
101393 0.00 0.00 0.00 0
103337 0.00 0.00 0.00 0
103338 0.00 0.00 0.00 0
103339 0.00 0.00 0.00 0
103340 0.00 0.00 0.00 0
103474 0.00 0.00 0.00 0
103475 0.00 0.00 0.00 0
103476 0.00 0.00 0.00 0
103477 0.00 0.00 0.00 0
103478 0.00 0.00 0.00 0
103479 0.00 0.00 0.00 0
103480 0.00 0.00 0.00 0
103481 0.00 0.00 0.00 0
103482 0.00 0.00 0.00 0
103483 0.00 0.00 0.00 0
103484 0.00 0.00 0.00 0
103485 0.00 0.00 0.00 0
103486 0.00 0.00 0.00 0
103487 0.00 0.00 0.00 0
103488 0.00 0.00 0.00 0
103489 0.00 0.00 0.00 0
103490 0.00 0.00 0.00 0
103491 0.00 0.00 0.00 0
103492 0.00 0.00 0.00 0
103493 0.00 0.00 0.00 0
103494 0.00 0.00 0.00 0
103495 0.00 0.00 0.00 0
103496 0.00 0.00 0.00 0
103497 0.00 0.00 0.00 0
103498 0.00 0.00 0.00 0
103499 0.00 0.00 0.00 0
103500 0.00 0.00 0.00 0
103501 0.00 0.00 0.00 0
103502 0.00 0.00 0.00 0
103503 0.00 0.00 0.00 0
103504 0.00 0.00 0.00 0
103505 0.00 0.00 0.00 0
103506 0.00 0.00 0.00 0
103507 0.00 0.00 0.00 0
103508 0.00 0.00 0.00 0
103509 0.00 0.00 0.00 0
103510 0.00 0.00 0.00 0
103511 0.00 0.00 0.00 0
103512 0.00 0.00 0.00 0
103513 0.00 0.00 0.00 0
103514 0.00 0.00 0.00 0
103515 0.00 0.00 0.00 0
105725 0.00 0.00 0.00 0
105726 0.00 0.00 0.00 0
105727 0.00 0.00 0.00 0
105728 0.00 0.00 0.00 0
105729 0.00 0.00 0.00 0
105963 0.00 0.00 0.00 0
105964 0.00 0.00 0.00 0
105965 0.00 0.00 0.00 0
105966 0.00 0.00 0.00 0
108763 0.00 0.00 0.00 0
108764 0.00 0.00 0.00 0
108765 0.00 0.00 0.00 0
108766 0.00 0.00 0.00 0
108767 0.00 0.00 0.00 0
108768 0.00 0.00 0.00 0
108769 0.00 0.00 0.00 0
108770 0.00 0.00 0.00 0
108771 0.00 0.00 0.00 0
108772 0.00 0.00 0.00 0
108773 0.00 0.00 0.00 0
108774 0.00 0.00 0.00 0
108775 0.00 0.00 0.00 0
108777 0.00 0.00 0.00 0
108778 0.00 0.00 0.00 0
108779 0.00 0.00 0.00 0
108780 0.00 0.00 0.00 0
108781 0.00 0.00 0.00 0
108783 0.00 0.00 0.00 0
108804 0.00 0.00 0.00 0
108805 0.00 0.00 0.00 0
108806 0.00 0.00 0.00 0
108807 0.00 0.00 0.00 0
108808 0.00 0.00 0.00 0
108810 0.00 0.00 0.00 0
108811 0.00 0.00 0.00 0
108812 0.00 0.00 0.00 0
108813 0.00 0.00 0.00 0
108814 0.00 0.00 0.00 0
108815 0.00 0.00 0.00 0
108816 0.00 0.00 0.00 0
108817 0.00 0.00 0.00 0
109005 0.00 0.00 0.00 0
109006 0.00 0.00 0.00 0
109007 0.00 0.00 0.00 0
109008 0.00 0.00 0.00 0
109009 0.00 0.00 0.00 0
109010 0.00 0.00 0.00 0
109011 0.00 0.00 0.00 0
109012 0.00 0.00 0.00 0
109013 0.00 0.00 0.00 0
109014 0.00 0.00 0.00 0
109015 0.00 0.00 0.00 0
109016 0.00 0.00 0.00 0
109017 0.00 0.00 0.00 0
109018 0.00 0.00 0.00 0
109022 0.00 0.00 0.00 0
109023 0.00 0.00 0.00 0
109024 0.00 0.00 0.00 0
109025 0.00 0.00 0.00 0
109026 0.00 0.00 0.00 0
109027 0.00 0.00 0.00 0
109028 0.00 0.00 0.00 0
109029 0.00 0.00 0.00 0
109030 0.00 0.00 0.00 0
109031 0.00 0.00 0.00 0
109032 0.00 0.00 0.00 0
109033 0.00 0.00 0.00 0
109034 0.00 0.00 0.00 0
109035 0.00 0.00 0.00 0
109036 0.00 0.00 0.00 0
109037 0.00 0.00 0.00 0
109038 0.00 0.00 0.00 0
109039 0.00 0.00 0.00 0
109040 0.00 0.00 0.00 0
109041 0.00 0.00 0.00 0
109042 0.00 0.00 0.00 0
109043 0.00 0.00 0.00 0
109044 0.00 0.00 0.00 0
109045 0.00 0.00 0.00 0
109065 0.00 0.00 0.00 0
109066 0.00 0.00 0.00 0
109067 0.00 0.00 0.00 0
109068 0.00 0.00 0.00 0
109069 0.00 0.00 0.00 0
109070 0.00 0.00 0.00 0
109071 0.00 0.00 0.00 0
109072 0.00 0.00 0.00 0
109073 0.00 0.00 0.00 0
109074 0.00 0.00 0.00 0
109075 0.00 0.00 0.00 0
109076 0.00 0.00 0.00 0
109077 0.00 0.00 0.00 0
109078 0.00 0.00 0.00 0
109079 0.00 0.00 0.00 0
109080 0.00 0.00 0.00 0
109081 0.00 0.00 0.00 0
109082 0.00 0.00 0.00 0
109083 0.00 0.00 0.00 0
109084 0.00 0.00 0.00 0
109085 0.00 0.00 0.00 0
109091 0.00 0.00 0.00 0
109100 0.00 0.00 0.00 0
109101 0.00 0.00 0.00 0
109102 0.00 0.00 0.00 0
109103 0.00 0.00 0.00 0
109104 0.00 0.00 0.00 0
109166 0.00 0.00 0.00 0
109167 0.00 0.00 0.00 0
109182 0.00 0.00 0.00 0
109183 0.00 0.00 0.00 0
109184 0.00 0.00 0.00 0
109185 0.00 0.00 0.00 0
109186 0.00 0.00 0.00 0
109187 0.00 0.00 0.00 0
109188 0.00 0.00 0.00 0
109189 0.00 0.00 0.00 0
109190 0.00 0.00 0.00 0
109191 0.00 0.00 0.00 0
109192 0.00 0.00 0.00 0
109193 0.00 0.00 0.00 0
109194 0.00 0.00 0.00 0
109195 0.00 0.00 0.00 0
109196 0.00 0.00 0.00 0
109197 0.00 0.00 0.00 0
109198 0.00 0.00 0.00 0
109199 0.00 0.00 0.00 0
109200 0.00 0.00 0.00 0
109201 0.00 0.00 0.00 0
109202 0.00 0.00 0.00 0
109203 0.00 0.00 0.00 0
109204 0.00 0.00 0.00 0
109205 0.00 0.00 0.00 0
109206 0.00 0.00 0.00 0
109207 0.00 0.00 0.00 0
109208 0.00 0.00 0.00 0
109209 0.00 0.00 0.00 0
109210 0.00 0.00 0.00 0
109211 0.00 0.00 0.00 0
109212 0.00 0.00 0.00 0
109213 0.00 0.00 0.00 0
109214 0.00 0.00 0.00 0
109215 0.00 0.00 0.00 0
109216 0.00 0.00 0.00 0
109217 0.00 0.00 0.00 0
109218 0.00 0.00 0.00 0
109219 0.00 0.00 0.00 0
109220 0.00 0.00 0.00 0
109221 0.00 0.00 0.00 0
109222 0.00 0.00 0.00 0
109223 0.00 0.00 0.00 0
109224 0.00 0.00 0.00 0
109225 0.00 0.00 0.00 0
109226 0.00 0.00 0.00 0
109228 0.00 0.00 0.00 0
109229 0.00 0.00 0.00 0
109230 0.00 0.00 0.00 0
109231 0.00 0.00 0.00 0
109232 0.00 0.00 0.00 0
109233 0.00 0.00 0.00 0
109234 0.00 0.00 0.00 0
109289 0.00 0.00 0.00 0
109290 0.00 0.00 0.00 0
109291 0.00 0.00 0.00 0
109292 0.00 0.00 0.00 0
109293 0.00 0.00 0.00 0
109724 0.00 0.00 0.00 0
109725 0.00 0.00 0.00 0
109726 0.00 0.00 0.00 0
109727 0.00 0.00 0.00 0
109728 0.00 0.00 0.00 0
109729 0.00 0.00 0.00 0
109730 0.00 0.00 0.00 0
109731 0.00 0.00 0.00 0
110088 0.00 0.00 0.00 0
110089 0.00 0.00 0.00 0
110090 0.00 0.00 0.00 0
110091 0.00 0.00 0.00 0
110092 0.00 0.00 0.00 0
110093 0.00 0.00 0.00 0
110094 0.00 0.00 0.00 0
110095 0.00 0.00 0.00 0
110096 0.00 0.00 0.00 0
112648 0.00 0.00 0.00 0
112649 0.00 0.00 0.00 0
112650 0.00 0.00 0.00 0
112651 0.00 0.00 0.00 0
112652 0.00 0.00 0.00 0
112653 0.00 0.00 0.00 0
112654 0.00 0.00 0.00 0
112655 0.00 0.00 0.00 0
112656 0.00 0.00 0.00 0
112657 0.00 0.00 0.00 0
112658 0.00 0.00 0.00 0
112659 0.00 0.00 0.00 0
112660 0.00 0.00 0.00 0
112661 0.00 0.00 0.00 0
112662 0.00 0.00 0.00 0
112663 0.00 0.00 0.00 0
115475 0.00 0.00 0.00 0
115476 0.00 0.00 0.00 0
115477 0.00 0.00 0.00 0
115478 0.00 0.00 0.00 0
115479 0.00 0.00 0.00 0
115480 0.00 0.00 0.00 0
115481 0.00 0.00 0.00 0
115482 0.00 0.00 0.00 0
115483 0.00 0.00 0.00 0
115484 0.00 0.00 0.00 0
115485 0.00 0.00 0.00 0
115517 0.00 0.00 0.00 0
115518 0.00 0.00 0.00 0
115519 0.00 0.00 0.00 0
115520 0.00 0.00 0.00 0
115521 0.00 0.00 0.00 0
115522 0.00 0.00 0.00 0
115523 0.00 0.00 0.00 0
115524 0.00 0.00 0.00 0
115525 0.00 0.00 0.00 0
115526 0.00 0.00 0.00 0
115527 0.00 0.00 0.00 0
115528 0.00 0.00 0.00 0
115529 0.00 0.00 0.00 0
115530 0.00 0.00 0.00 0
115531 0.00 0.00 0.00 0
115532 0.00 0.00 0.00 0
115533 0.00 0.00 0.00 0
115534 0.00 0.00 0.00 0
115535 0.00 0.00 0.00 0
115536 0.00 0.00 0.00 0
116893 0.00 0.00 0.00 0
116894 0.00 0.00 0.00 0
116895 0.00 0.00 0.00 0
116896 0.00 0.00 0.00 0
116897 0.00 0.00 0.00 0
116898 0.00 0.00 0.00 0
116899 0.00 0.00 0.00 0
116900 0.00 0.00 0.00 0
116901 0.00 0.00 0.00 0
116902 0.00 0.00 0.00 0
116903 0.00 0.00 0.00 0
116970 0.00 0.00 0.00 0
116971 0.00 0.00 0.00 0
116972 0.00 0.00 0.00 0
116973 0.00 0.00 0.00 0
116974 0.00 0.00 0.00 0
116975 0.00 0.00 0.00 0
116976 0.00 0.00 0.00 0
116977 0.00 0.00 0.00 0
116978 0.00 0.00 0.00 0
116979 0.00 0.00 0.00 0
116980 0.00 0.00 0.00 0
116981 0.00 0.00 0.00 0
116982 0.00 0.00 0.00 0
116983 0.00 0.00 0.00 0
116984 0.00 0.00 0.00 0
116985 0.00 0.00 0.00 0
116986 0.00 0.00 0.00 0
116998 0.00 0.00 0.00 0
116999 0.00 0.00 0.00 0
117000 0.00 0.00 0.00 0
117001 0.00 0.00 0.00 0
117002 0.00 0.00 0.00 0
117003 0.00 0.00 0.00 0
117004 0.00 0.00 0.00 0
117005 0.00 0.00 0.00 0
117006 0.00 0.00 0.00 0
117007 0.00 0.00 0.00 0
117008 0.00 0.00 0.00 0
117009 0.00 0.00 0.00 0
117010 0.00 0.00 0.00 0
117011 0.00 0.00 0.00 0
117012 0.00 0.00 0.00 0
117013 0.00 0.00 0.00 0
117014 0.00 0.00 0.00 0
117015 0.00 0.00 0.00 0
117016 0.00 0.00 0.00 0
117017 0.00 0.00 0.00 0
117018 0.00 0.00 0.00 0
117019 0.00 0.00 0.00 0
117020 0.00 0.00 0.00 0
117021 0.00 0.00 0.00 0
117023 0.00 0.00 0.00 0
117024 0.00 0.00 0.00 0
119518 0.00 0.00 0.00 0
119519 0.00 0.00 0.00 0
119520 0.00 0.00 0.00 0
119521 0.00 0.00 0.00 0
119522 0.00 0.00 0.00 0
119523 0.00 0.00 0.00 0
119524 0.00 0.00 0.00 0
119525 0.00 0.00 0.00 0
119526 0.00 0.00 0.00 0
119527 0.00 0.00 0.00 0
119528 0.00 0.00 0.00 0
119529 0.00 0.00 0.00 0
119530 0.00 0.00 0.00 0
119531 0.00 0.00 0.00 0
119532 0.00 0.00 0.00 0
119533 0.00 0.00 0.00 0
119534 0.00 0.00 0.00 0
119535 0.00 0.00 0.00 0
119536 0.00 0.00 0.00 0
119537 0.00 0.00 0.00 0
119538 0.00 0.00 0.00 0
119539 0.00 0.00 0.00 0
119540 0.00 0.00 0.00 0
119541 0.00 0.00 0.00 0
119542 0.00 0.00 0.00 0
119543 0.00 0.00 0.00 0
119544 0.00 0.00 0.00 0
119545 0.00 0.00 0.00 0
119546 0.00 0.00 0.00 0
119547 0.00 0.00 0.00 0
119548 0.00 0.00 0.00 0
119549 0.00 0.00 0.00 0
119550 0.00 0.00 0.00 0
119551 0.00 0.00 0.00 0
123634 0.00 0.00 0.00 0
123635 0.00 0.00 0.00 0
123636 0.00 0.00 0.00 0
123637 0.00 0.00 0.00 0
123638 0.00 0.00 0.00 0
123639 0.00 0.00 0.00 0
123640 0.00 0.00 0.00 0
123641 0.00 0.00 0.00 0
123642 0.00 0.00 0.00 0
123643 0.00 0.00 0.00 0
123644 0.00 0.00 0.00 0
123645 0.00 0.00 0.00 0
123646 0.00 0.00 0.00 0
123647 0.00 0.00 0.00 0
123648 0.00 0.00 0.00 0
123649 0.00 0.00 0.00 0
123650 0.00 0.00 0.00 0
123651 0.00 0.00 0.00 0
123652 0.00 0.00 0.00 0
123822 0.00 0.00 0.00 0
123823 0.00 0.00 0.00 0
123824 0.00 0.00 0.00 0
123825 0.00 0.00 0.00 0
123826 0.00 0.00 0.00 0
123827 0.00 0.00 0.00 0
123828 0.00 0.00 0.00 0
123829 0.00 0.00 0.00 0
123830 0.00 0.00 0.00 0
123831 0.00 0.00 0.00 0
123832 0.00 0.00 0.00 0
123833 0.00 0.00 0.00 0
123834 0.00 0.00 0.00 0
123835 0.00 0.00 0.00 0
123836 0.00 0.00 0.00 0
123837 0.00 0.00 0.00 0
123838 0.00 0.00 0.00 0
123839 0.00 0.00 0.00 0
123840 0.00 0.00 0.00 0
123841 0.00 0.00 0.00 0
123842 0.00 0.00 0.00 0
123843 0.00 0.00 0.00 0
123844 0.00 0.00 0.00 0
123845 0.00 0.00 0.00 0
123846 0.00 0.00 0.00 0
123847 0.00 0.00 0.00 0
123848 0.00 0.00 0.00 0
123849 0.00 0.00 0.00 0
123850 0.00 0.00 0.00 0
123851 0.00 0.00 0.00 0
123852 0.00 0.00 0.00 0
123853 0.00 0.00 0.00 0
123865 0.00 0.00 0.00 0
123866 0.00 0.00 0.00 0
123867 0.00 0.00 0.00 0
123868 0.00 0.00 0.00 0
123869 0.00 0.00 0.00 0
123870 0.00 0.00 0.00 0
123871 0.00 0.00 0.00 0
123872 0.00 0.00 0.00 0
123873 0.00 0.00 0.00 0
123874 0.00 0.00 0.00 0
123875 0.00 0.00 0.00 0
123876 0.00 0.00 0.00 0
123877 0.00 0.00 0.00 0
123878 0.00 0.00 0.00 0
123879 0.00 0.00 0.00 0
123880 0.00 0.00 0.00 0
123881 0.00 0.00 0.00 0
123882 0.00 0.00 0.00 0
123883 0.00 0.00 0.00 0
123884 0.00 0.00 0.00 0
123885 0.00 0.00 0.00 0
123886 0.00 0.00 0.00 0
123887 0.00 0.00 0.00 0
123888 0.00 0.00 0.00 0
123889 0.00 0.00 0.00 0
123890 0.00 0.00 0.00 0
123891 0.00 0.00 0.00 0
123892 0.00 0.00 0.00 0
123893 0.00 0.00 0.00 0
123894 0.00 0.00 0.00 0
123895 0.00 0.00 0.00 0
123896 0.00 0.00 0.00 0
123897 0.00 0.00 0.00 0
123898 0.00 0.00 0.00 0
123899 0.00 0.00 0.00 0
123900 0.00 0.00 0.00 0
123901 0.00 0.00 0.00 0
123902 0.00 0.00 0.00 0
123903 0.00 0.00 0.00 0
123948 0.00 0.00 0.00 0
123960 0.00 0.00 0.00 0
123961 0.00 0.00 0.00 0
123962 0.00 0.00 0.00 0
123963 0.00 0.00 0.00 0
123964 0.00 0.00 0.00 0
123965 0.00 0.00 0.00 0
123966 0.00 0.00 0.00 0
123967 0.00 0.00 0.00 0
123968 0.00 0.00 0.00 0
123969 0.00 0.00 0.00 0
123970 0.00 0.00 0.00 0
123971 0.00 0.00 0.00 0
123972 0.00 0.00 0.00 0
123973 0.00 0.00 0.00 0
123974 0.00 0.00 0.00 0
123975 0.00 0.00 0.00 0
123976 0.00 0.00 0.00 0
123977 0.00 0.00 0.00 0
123978 0.00 0.00 0.00 0
123979 0.00 0.00 0.00 0
123980 0.00 0.00 0.00 0
123981 0.00 0.00 0.00 0
123982 0.00 0.00 0.00 0
123983 0.00 0.00 0.00 0
123984 0.00 0.00 0.00 0
123985 0.00 0.00 0.00 0
123986 0.00 0.00 0.00 0
123987 0.00 0.00 0.00 0
123988 0.00 0.00 0.00 0
123989 0.00 0.00 0.00 0
123990 0.00 0.00 0.00 0
123991 0.00 0.00 0.00 0
123992 0.00 0.00 0.00 0
123993 0.00 0.00 0.00 0
123994 0.00 0.00 0.00 0
124043 0.00 0.00 0.00 0
124044 0.00 0.00 0.00 0
124045 0.00 0.00 0.00 0
124046 0.00 0.00 0.00 0
124384 0.00 0.00 0.00 0
124385 0.00 0.00 0.00 0
124386 0.00 0.00 0.00 0
124664 0.00 0.00 0.00 0
124665 0.00 0.00 0.00 0
124666 0.00 0.00 0.00 0
124667 0.00 0.00 0.00 0
124668 0.00 0.00 0.00 0
124669 0.00 0.00 0.00 0
124670 0.00 0.00 0.00 0
126655 0.00 0.00 0.00 0
126656 0.00 0.00 0.00 0
126657 0.00 0.00 0.00 0
126658 0.00 0.00 0.00 0
126659 0.00 0.00 0.00 0
126660 0.00 0.00 0.00 0
126661 0.00 0.00 0.00 0
126662 0.00 0.00 0.00 0
126663 0.00 0.00 0.00 0
126664 0.00 0.00 0.00 0
126665 0.00 0.00 0.00 0
129394 0.00 0.00 0.00 0
129395 0.00 0.00 0.00 0
129397 0.00 0.00 0.00 0
129505 0.00 0.00 0.00 0
129506 0.00 0.00 0.00 0
129507 0.00 0.00 0.00 0
129508 0.00 0.00 0.00 0
129509 0.00 0.00 0.00 0
129510 0.00 0.00 0.00 0
129511 0.00 0.00 0.00 0
129512 0.00 0.00 0.00 0
129513 0.00 0.00 0.00 0
129514 0.00 0.00 0.00 0
129515 0.00 0.00 0.00 0
129516 0.00 0.00 0.00 0
129517 0.00 0.00 0.00 0
129518 0.00 0.00 0.00 0
129519 0.00 0.00 0.00 0
129520 0.00 0.00 0.00 0
129521 0.00 0.00 0.00 0
129522 0.00 0.00 0.00 0
129523 0.00 0.00 0.00 0
129524 0.00 0.00 0.00 0
129525 0.00 0.00 0.00 0
129526 0.00 0.00 0.00 0
129527 0.00 0.00 0.00 0
129528 0.00 0.00 0.00 0
129529 0.00 0.00 0.00 0
129530 0.00 0.00 0.00 0
129531 0.00 0.00 0.00 0
129532 0.00 0.00 0.00 0
129533 0.00 0.00 0.00 0
129534 0.00 0.00 0.00 0
129535 0.00 0.00 0.00 0
129536 0.00 0.00 0.00 0
129537 0.00 0.00 0.00 0
129538 0.00 0.00 0.00 0
129539 0.00 0.00 0.00 0
129540 0.00 0.00 0.00 0
129541 0.00 0.00 0.00 0
129542 0.00 0.00 0.00 0
129543 0.00 0.00 0.00 0
129544 0.00 0.00 0.00 0
129545 0.00 0.00 0.00 0
129546 0.00 0.00 0.00 0
129547 0.00 0.00 0.00 0
129548 0.00 0.00 0.00 0
129549 0.00 0.00 0.00 0
133231 0.00 0.00 0.00 0
133232 0.00 0.00 0.00 0
133233 0.00 0.00 0.00 0
133234 0.00 0.00 0.00 0
133235 0.00 0.00 0.00 0
133236 0.00 0.00 0.00 0
133237 0.00 0.00 0.00 0
133238 0.00 0.00 0.00 0
133239 0.00 0.00 0.00 0
133240 0.00 0.00 0.00 0
133241 0.00 0.00 0.00 0
133242 0.00 0.00 0.00 0
133243 0.00 0.00 0.00 0
133244 0.00 0.00 0.00 0
133245 0.00 0.00 0.00 0
133246 0.00 0.00 0.00 0
133247 0.00 0.00 0.00 0
133248 0.00 0.00 0.00 0
133249 0.00 0.00 0.00 0
133250 0.00 0.00 0.00 0
133251 0.00 0.00 0.00 0
133252 0.00 0.00 0.00 0
133253 0.00 0.00 0.00 0
133254 0.00 0.00 0.00 0
133255 0.00 0.00 0.00 0
133256 0.00 0.00 0.00 0
133257 0.00 0.00 0.00 0
133258 0.00 0.00 0.00 0
133259 0.00 0.00 0.00 0
133422 0.00 0.00 0.00 0
133423 0.00 0.00 0.00 0
133425 0.00 0.00 0.00 0
133426 0.00 0.00 0.00 0
133427 0.00 0.00 0.00 0
133428 0.00 0.00 0.00 0
133429 0.00 0.00 0.00 0
133444 0.00 0.00 0.00 0
133445 0.00 0.00 0.00 0
133448 0.00 0.00 0.00 0
133449 0.00 0.00 0.00 0
133450 0.00 0.00 0.00 0
133451 0.00 0.00 0.00 0
133452 0.00 0.00 0.00 0
133453 0.00 0.00 0.00 0
133454 0.00 0.00 0.00 0
133455 0.00 0.00 0.00 0
133456 0.00 0.00 0.00 0
133457 0.00 0.00 0.00 0
133458 0.00 0.00 0.00 0
133459 0.00 0.00 0.00 0
133460 0.00 0.00 0.00 0
133461 0.00 0.00 0.00 0
133462 0.00 0.00 0.00 0
133463 0.00 0.00 0.00 0
133464 0.00 0.00 0.00 0
133465 0.00 0.00 0.00 0
133466 0.00 0.00 0.00 0
133467 0.00 0.00 0.00 0
133468 0.00 0.00 0.00 0
133469 0.00 0.00 0.00 0
133470 0.00 0.00 0.00 0
133471 0.00 0.00 0.00 0
133472 0.00 0.00 0.00 0
133473 0.00 0.00 0.00 0
133474 0.00 0.00 0.00 0
133475 0.00 0.00 0.00 0
133476 0.00 0.00 0.00 0
133477 0.00 0.00 0.00 0
133478 0.00 0.00 0.00 0
133479 0.00 0.00 0.00 0
133480 0.00 0.00 0.00 0
133481 0.00 0.00 0.00 0
133482 0.00 0.00 0.00 0
133483 0.00 0.00 0.00 0
133484 0.00 0.00 0.00 0
133485 0.00 0.00 0.00 0
133486 0.00 0.00 0.00 0
133516 0.00 0.00 0.00 0
133517 0.00 0.00 0.00 0
133518 0.00 0.00 0.00 0
133519 0.00 0.00 0.00 0
133520 0.00 0.00 0.00 0
133521 0.00 0.00 0.00 0
133522 0.00 0.00 0.00 0
133523 0.00 0.00 0.00 0
133524 0.00 0.00 0.00 0
133525 0.00 0.00 0.00 0
133526 0.00 0.00 0.00 0
133527 0.00 0.00 0.00 0
133528 0.00 0.00 0.00 0
133529 0.00 0.00 0.00 0
133530 0.00 0.00 0.00 0
133531 0.00 0.00 0.00 0
133532 0.00 0.00 0.00 0
133533 0.00 0.00 0.00 0
133534 0.00 0.00 0.00 0
133535 0.00 0.00 0.00 0
133536 0.00 0.00 0.00 0
133537 0.00 0.00 0.00 0
133538 0.00 0.00 0.00 0
133539 0.00 0.00 0.00 0
133540 0.00 0.00 0.00 0
133541 0.00 0.00 0.00 0
133542 0.00 0.00 0.00 0
133543 0.00 0.00 0.00 0
133544 0.00 0.00 0.00 0
133545 0.00 0.00 0.00 0
133546 0.00 0.00 0.00 0
133547 0.00 0.00 0.00 0
133548 0.00 0.00 0.00 0
133549 0.00 0.00 0.00 0
133550 0.00 0.00 0.00 0
133551 0.00 0.00 0.00 0
133552 0.00 0.00 0.00 0
133553 0.00 0.00 0.00 0
133554 0.00 0.00 0.00 0
133555 0.00 0.00 0.00 0
133556 0.00 0.00 0.00 0
133557 0.00 0.00 0.00 0
133558 0.00 0.00 0.00 0
133559 0.00 0.00 0.00 0
133560 0.00 0.00 0.00 0
133561 0.00 0.00 0.00 0
133562 0.00 0.00 0.00 0
133563 0.00 0.00 0.00 0
133564 0.00 0.00 0.00 0
133565 0.00 0.00 0.00 0
133567 0.00 0.00 0.00 0
135964 0.00 0.00 0.00 0
135965 0.00 0.00 0.00 0
135966 0.00 0.00 0.00 0
135967 0.00 0.00 0.00 0
135968 0.00 0.00 0.00 0
135969 0.00 0.00 0.00 0
135970 0.00 0.00 0.00 0
135971 0.00 0.00 0.00 0
139993 0.00 0.00 0.00 0
139994 0.00 0.00 0.00 0
139995 0.00 0.00 0.00 0
139996 0.00 0.00 0.00 0
139997 0.00 0.00 0.00 0
139998 0.00 0.00 0.00 0
140234 0.00 0.00 0.00 0
140235 0.00 0.00 0.00 0
140236 0.00 0.00 0.00 0
140265 0.00 0.00 0.00 0
140275 0.00 0.00 0.00 0
140276 0.00 0.00 0.00 0
140277 0.00 0.00 0.00 0
140278 0.00 0.00 0.00 0
140279 0.00 0.00 0.00 0
140287 0.00 0.00 0.00 0
140288 0.00 0.00 0.00 0
140289 0.00 0.00 0.00 0
140290 0.00 0.00 0.00 0
140291 0.00 0.00 0.00 0
140292 0.00 0.00 0.00 0
140293 0.00 0.00 0.00 0
140294 0.00 0.00 0.00 0
140295 0.00 0.00 0.00 0
140296 0.00 0.00 0.00 0
140297 0.00 0.00 0.00 0
140298 0.00 0.00 0.00 0
140299 0.00 0.00 0.00 0
140300 0.00 0.00 0.00 0
140301 0.00 0.00 0.00 0
140302 0.00 0.00 0.00 0
140303 0.00 0.00 0.00 0
140304 0.00 0.00 0.00 0
140305 0.00 0.00 0.00 0
140306 0.00 0.00 0.00 0
140307 0.00 0.00 0.00 0
140308 0.00 0.00 0.00 0
140309 0.00 0.00 0.00 0
140310 0.00 0.00 0.00 0
140311 0.00 0.00 0.00 0
140312 0.00 0.00 0.00 0
140313 0.00 0.00 0.00 0
140314 0.00 0.00 0.00 0
140315 0.00 0.00 0.00 0
140316 0.00 0.00 0.00 0
140317 0.00 0.00 0.00 0
140318 0.00 0.00 0.00 0
140319 0.00 0.00 0.00 0
140320 0.00 0.00 0.00 0
140321 0.00 0.00 0.00 0
140322 0.00 0.00 0.00 0
140323 0.00 0.00 0.00 0
140324 0.00 0.00 0.00 0
140325 0.00 0.00 0.00 0
140326 0.00 0.00 0.00 0
140327 0.00 0.00 0.00 0
140328 0.00 0.00 0.00 0
140329 0.00 0.00 0.00 0
140330 0.00 0.00 0.00 0
140331 0.00 0.00 0.00 0
140332 0.00 0.00 0.00 0
140333 0.00 0.00 0.00 0
140334 0.00 0.00 0.00 0
140335 0.00 0.00 0.00 0
140336 0.00 0.00 0.00 0
140337 0.00 0.00 0.00 0
140338 0.00 0.00 0.00 0
140339 0.00 0.00 0.00 0
140340 0.00 0.00 0.00 0
140341 0.00 0.00 0.00 0
140342 0.00 0.00 0.00 0
140343 0.00 0.00 0.00 0
140344 0.00 0.00 0.00 0
140348 0.00 0.00 0.00 0
140349 0.00 0.00 0.00 0
140350 0.00 0.00 0.00 0
140351 0.00 0.00 0.00 0
140352 0.00 0.00 0.00 0
140353 0.00 0.00 0.00 0
140354 0.00 0.00 0.00 0
140355 0.00 0.00 0.00 0
140356 0.00 0.00 0.00 0
140357 0.00 0.00 0.00 0
140358 0.00 0.00 0.00 0
140359 0.00 0.00 0.00 0
140361 0.00 0.00 0.00 0
140362 0.00 0.00 0.00 0
140363 0.00 0.00 0.00 0
140364 0.00 0.00 0.00 0
140365 0.00 0.00 0.00 0
140366 0.00 0.00 0.00 0
140367 0.00 0.00 0.00 0
140368 0.00 0.00 0.00 0
144851 0.00 0.00 0.00 0
144852 0.00 0.00 0.00 0
144853 0.00 0.00 0.00 0
144854 0.00 0.00 0.00 0
144855 0.00 0.00 0.00 0
144856 0.00 0.00 0.00 0
144857 0.00 0.00 0.00 0
144858 0.00 0.00 0.00 0
144859 0.00 0.00 0.00 0
144860 0.00 0.00 0.00 0
144861 0.00 0.00 0.00 0
144863 0.00 0.00 0.00 0
144864 0.00 0.00 0.00 0
144866 0.00 0.00 0.00 0
144867 0.00 0.00 0.00 0
144868 0.00 0.00 0.00 0
144869 0.00 0.00 0.00 0
144870 0.00 0.00 0.00 0
144871 0.00 0.00 0.00 0
144872 0.00 0.00 0.00 0
144873 0.00 0.00 0.00 0
144874 0.00 0.00 0.00 0
144875 0.00 0.00 0.00 0
144876 0.00 0.00 0.00 0
144877 0.00 0.00 0.00 0
144878 0.00 0.00 0.00 0
144879 0.00 0.00 0.00 0
144906 0.00 0.00 0.00 0
144907 0.00 0.00 0.00 0
144908 0.00 0.00 0.00 0
145321 0.00 0.00 0.00 0
145329 0.00 0.00 0.00 0
145330 0.00 0.00 0.00 0
145331 0.00 0.00 0.00 0
145332 0.00 0.00 0.00 0
145333 0.00 0.00 0.00 0
145334 0.00 0.00 0.00 0
145335 0.00 0.00 0.00 0
145336 0.00 0.00 0.00 0
145337 0.00 0.00 0.00 0
145338 0.00 0.00 0.00 0
150958 0.00 0.00 0.00 0
150959 0.00 0.00 0.00 0
150960 0.00 0.00 0.00 0
150961 0.00 0.00 0.00 0
150962 0.00 0.00 0.00 0
150963 0.00 0.00 0.00 0
150964 0.00 0.00 0.00 0
150965 0.00 0.00 0.00 0
150966 0.00 0.00 0.00 0
150967 0.00 0.00 0.00 0
150968 0.00 0.00 0.00 0
150969 0.00 0.00 0.00 0
150970 0.00 0.00 0.00 0
150971 0.00 0.00 0.00 0
150972 0.00 0.00 0.00 0
150973 0.00 0.00 0.00 0
150974 0.00 0.00 0.00 0
150975 0.00 0.00 0.00 0
150976 0.00 0.00 0.00 0
150977 0.00 0.00 0.00 0
150979 0.00 0.00 0.00 0
150985 0.00 0.00 0.00 0
150986 0.00 0.00 0.00 0
150987 0.00 0.00 0.00 0
150988 0.00 0.00 0.00 0
150989 0.00 0.00 0.00 0
150990 0.00 0.00 0.00 0
150991 0.00 0.00 0.00 0
150992 0.00 0.00 0.00 0
150993 0.00 0.00 0.00 0
150994 0.00 0.00 0.00 0
150995 0.00 0.00 0.00 0
150996 0.00 0.00 0.00 0
150997 0.00 0.00 0.00 0
150998 0.00 0.00 0.00 0
150999 0.00 0.00 0.00 0
151000 0.00 0.00 0.00 0
151001 0.00 0.00 0.00 0
151002 0.00 0.00 0.00 0
151003 0.00 0.00 0.00 0
151039 0.00 0.00 0.00 0
151040 0.00 0.00 0.00 0
151041 0.00 0.00 0.00 0
151042 0.00 0.00 0.00 0
151043 0.00 0.00 0.00 0
151044 0.00 0.00 0.00 0
151045 0.00 0.00 0.00 0
151046 0.00 0.00 0.00 0
151047 0.00 0.00 0.00 0
151049 0.00 0.00 0.00 0
151050 0.00 0.00 0.00 0
151051 0.00 0.00 0.00 0
151052 0.00 0.00 0.00 0
151053 0.00 0.00 0.00 0
151054 0.00 0.00 0.00 0
151055 0.00 0.00 0.00 0
151056 0.00 0.00 0.00 0
151057 0.00 0.00 0.00 0
151058 0.00 0.00 0.00 0
151059 0.00 0.00 0.00 0
151060 0.00 0.00 0.00 0
151061 0.00 0.00 0.00 0
151062 0.00 0.00 0.00 0
151063 0.00 0.00 0.00 0
151064 0.00 0.00 0.00 0
151065 0.00 0.00 0.00 0
151084 0.00 0.00 0.00 0
151085 0.00 0.00 0.00 0
151086 0.00 0.00 0.00 0
151087 0.00 0.00 0.00 0
151088 0.00 0.00 0.00 0
151089 0.00 0.00 0.00 0
151090 0.00 0.00 0.00 0
151091 0.00 0.00 0.00 0
151092 0.00 0.00 0.00 0
151443 0.00 0.00 0.00 0
151444 0.00 0.00 0.00 0
151445 0.00 0.00 0.00 0
151446 0.00 0.00 0.00 0
151447 0.00 0.00 0.00 0
151448 0.00 0.00 0.00 0
151449 0.00 0.00 0.00 0
151450 0.00 0.00 0.00 0
151451 0.00 0.00 0.00 0
151452 0.00 0.00 0.00 0
151453 0.00 0.00 0.00 0
151454 0.00 0.00 0.00 0
151455 0.00 0.00 0.00 0
151456 0.00 0.00 0.00 0
151457 0.00 0.00 0.00 0
151458 0.00 0.00 0.00 0
151459 0.00 0.00 0.00 0
151460 0.00 0.00 0.00 0
151461 0.00 0.00 0.00 0
151462 0.00 0.00 0.00 0
151463 0.00 0.00 0.00 0
151464 0.00 0.00 0.00 0
151465 0.00 0.00 0.00 0
151466 0.00 0.00 0.00 0
151467 0.00 0.00 0.00 0
151468 0.00 0.00 0.00 0
151469 0.00 0.00 0.00 0
151470 0.00 0.00 0.00 0
151471 0.00 0.00 0.00 0
151473 0.00 0.00 0.00 0
151474 0.00 0.00 0.00 0
151475 0.00 0.00 0.00 0
151476 0.00 0.00 0.00 0
151477 0.00 0.00 0.00 0
151478 0.00 0.00 0.00 0
151479 0.00 0.00 0.00 0
151480 0.00 0.00 0.00 0
151481 0.00 0.00 0.00 0
151482 0.00 0.00 0.00 0
151483 0.00 0.00 0.00 0
151484 0.00 0.00 0.00 0
151485 0.00 0.00 0.00 0
151486 0.00 0.00 0.00 0
151487 0.00 0.00 0.00 0
151488 0.00 0.00 0.00 0
151489 0.00 0.00 0.00 0
151490 0.00 0.00 0.00 0
151491 0.00 0.00 0.00 0
151492 0.00 0.00 0.00 0
151493 0.00 0.00 0.00 0
151494 0.00 0.00 0.00 0
151495 0.00 0.00 0.00 0
151496 0.00 0.00 0.00 0
151497 0.00 0.00 0.00 0
151498 0.00 0.00 0.00 0
151499 0.00 0.00 0.00 0
151500 0.00 0.00 0.00 0
151501 0.00 0.00 0.00 0
151502 0.00 0.00 0.00 0
151503 0.00 0.00 0.00 0
151504 0.00 0.00 0.00 0
151505 0.00 0.00 0.00 0
151506 0.00 0.00 0.00 0
151507 0.00 0.00 0.00 0
151508 0.00 0.00 0.00 0
151509 0.00 0.00 0.00 0
151510 0.00 0.00 0.00 0
151511 0.00 0.00 0.00 0
151512 0.00 0.00 0.00 0
151513 0.00 0.00 0.00 0
151514 0.00 0.00 0.00 0
151515 0.00 0.00 0.00 0
151516 0.00 0.00 0.00 0
151550 0.00 0.00 0.00 0
151551 0.00 0.00 0.00 0
151552 0.00 0.00 0.00 0
151562 0.00 0.00 0.00 0
151563 0.00 0.00 0.00 0
151564 0.00 0.00 0.00 0
151565 0.00 0.00 0.00 0
151566 0.00 0.00 0.00 0
151567 0.00 0.00 0.00 0
151572 0.00 0.00 0.00 0
151573 0.00 0.00 0.00 0
151574 0.00 0.00 0.00 0
151575 0.00 0.00 0.00 0
151576 0.00 0.00 0.00 0
151577 0.00 0.00 0.00 0
151578 0.00 0.00 0.00 0
151579 0.00 0.00 0.00 0
151580 0.00 0.00 0.00 0
151581 0.00 0.00 0.00 0
151582 0.00 0.00 0.00 0
151583 0.00 0.00 0.00 0
151584 0.00 0.00 0.00 0
151585 0.00 0.00 0.00 0
151586 0.00 0.00 0.00 0
151587 0.00 0.00 0.00 0
151588 0.00 0.00 0.00 0
151589 0.00 0.00 0.00 0
151590 0.00 0.00 0.00 0
151591 0.00 0.00 0.00 0
151592 0.00 0.00 0.00 0
151593 0.00 0.00 0.00 0
151594 0.00 0.00 0.00 0
151595 0.00 0.00 0.00 0
151596 0.00 0.00 0.00 0
151597 0.00 0.00 0.00 0
151598 0.00 0.00 0.00 0
151599 0.00 0.00 0.00 0
151601 0.00 0.00 0.00 0
151616 0.00 0.00 0.00 0
151617 0.00 0.00 0.00 0
151634 0.00 0.00 0.00 0
151635 0.00 0.00 0.00 0
151636 0.00 0.00 0.00 0
151637 0.00 0.00 0.00 0
151638 0.00 0.00 0.00 0
151639 0.00 0.00 0.00 0
151640 0.00 0.00 0.00 0
151641 0.00 0.00 0.00 0
151643 0.00 0.00 0.00 0
151644 0.00 0.00 0.00 0
151645 0.00 0.00 0.00 0
151646 0.00 0.00 0.00 0
151647 0.00 0.00 0.00 0
151648 0.00 0.00 0.00 0
151649 0.00 0.00 0.00 0
151766 0.00 0.00 0.00 0
151767 0.00 0.00 0.00 0
151768 0.00 0.00 0.00 0
151796 0.00 0.00 0.00 0
151797 0.00 0.00 0.00 0
151798 0.00 0.00 0.00 0
151799 0.00 0.00 0.00 0
151800 0.00 0.00 0.00 0
151801 0.00 0.00 0.00 0
151805 0.00 0.00 0.00 0
151806 0.00 0.00 0.00 0
151807 0.00 0.00 0.00 0
151808 0.00 0.00 0.00 0
151809 0.00 0.00 0.00 0
151810 0.00 0.00 0.00 0
151811 0.00 0.00 0.00 0
151817 0.00 0.00 0.00 0
151826 0.00 0.00 0.00 0
151827 0.00 0.00 0.00 0
151828 0.00 0.00 0.00 0
151829 0.00 0.00 0.00 0
151830 0.00 0.00 0.00 0
151831 0.00 0.00 0.00 0
151832 0.00 0.00 0.00 0
151833 0.00 0.00 0.00 0
151834 0.00 0.00 0.00 0
151835 0.00 0.00 0.00 0
151836 0.00 0.00 0.00 0
151837 0.00 0.00 0.00 0
151838 0.00 0.00 0.00 0
151839 0.00 0.00 0.00 0
151840 0.00 0.00 0.00 0
151841 0.00 0.00 0.00 0
151842 0.00 0.00 0.00 0
151843 0.00 0.00 0.00 0
151844 0.00 0.00 0.00 0
151845 0.00 0.00 0.00 0
151846 0.00 0.00 0.00 0
151847 0.00 0.00 0.00 0
151848 0.00 0.00 0.00 0
151849 0.00 0.00 0.00 0
151850 0.00 0.00 0.00 0
151851 0.00 0.00 0.00 0
151852 0.00 0.00 0.00 0
151853 0.00 0.00 0.00 0
151854 0.00 0.00 0.00 0
151855 0.00 0.00 0.00 0
151856 0.00 0.00 0.00 0
151857 0.00 0.00 0.00 0
151858 0.00 0.00 0.00 0
151859 0.00 0.00 0.00 0
151860 0.00 0.00 0.00 0
151861 0.00 0.00 0.00 0
151862 0.00 0.00 0.00 0
151863 0.00 0.00 0.00 0
151864 0.00 0.00 0.00 0
151865 0.00 0.00 0.00 0
151866 0.00 0.00 0.00 0
151867 0.00 0.00 0.00 0
151868 0.00 0.00 0.00 0
151869 0.00 0.00 0.00 0
151870 0.00 0.00 0.00 0
151871 0.00 0.00 0.00 0
151872 0.00 0.00 0.00 0
151873 0.00 0.00 0.00 0
151874 0.00 0.00 0.00 0
151875 0.00 0.00 0.00 0
151876 0.00 0.00 0.00 0
151877 0.00 0.00 0.00 0
151878 0.00 0.00 0.00 0
151879 0.00 0.00 0.00 0
151880 0.00 0.00 0.00 0
151881 0.00 0.00 0.00 0
151882 0.00 0.00 0.00 0
151883 0.00 0.00 0.00 0
151884 0.00 0.00 0.00 0
151885 0.00 0.00 0.00 0
151886 0.00 0.00 0.00 0
151887 0.00 0.00 0.00 0
151888 0.00 0.00 0.00 0
151889 0.00 0.00 0.00 0
151890 0.00 0.00 0.00 0
151891 0.00 0.00 0.00 0
151892 0.00 0.00 0.00 0
151893 0.00 0.00 0.00 0
151894 0.00 0.00 0.00 0
151895 0.00 0.00 0.00 0
151896 0.00 0.00 0.00 0
151897 0.00 0.00 0.00 0
151898 0.00 0.00 0.00 0
151899 0.00 0.00 0.00 0
151900 0.00 0.00 0.00 0
151901 0.00 0.00 0.00 0
151902 0.00 0.00 0.00 0
151903 0.00 0.00 0.00 0
151904 0.00 0.00 0.00 0
152012 0.00 0.00 0.00 0
152013 0.00 0.00 0.00 0
152014 0.00 0.00 0.00 0
152015 0.00 0.00 0.00 0
152016 0.00 0.00 0.00 0
152017 0.00 0.00 0.00 0
152021 0.00 0.00 0.00 0
152022 0.00 0.00 0.00 0
152023 0.00 0.00 0.00 0
152880 0.00 0.00 0.00 0
152881 0.00 0.00 0.00 0
152882 0.00 0.00 0.00 0
152883 0.00 0.00 0.00 0
152886 0.00 0.00 0.00 0
152887 0.00 0.00 0.00 0
152888 0.00 0.00 0.00 0
152889 0.00 0.00 0.00 0
152890 0.00 0.00 0.00 0
152891 0.00 0.00 0.00 0
152892 0.00 0.00 0.00 0
152893 0.00 0.00 0.00 0
152894 0.00 0.00 0.00 0
152895 0.00 0.00 0.00 0
152896 0.00 0.00 0.00 0
152897 0.00 0.00 0.00 0
152898 0.00 0.00 0.00 0
152899 0.00 0.00 0.00 0
152900 0.00 0.00 0.00 0
152901 0.00 0.00 0.00 0
153618 0.00 0.00 0.00 0
153619 0.00 0.00 0.00 0
153621 0.00 0.00 0.00 0
153622 0.00 0.00 0.00 0
153623 0.00 0.00 0.00 0
153624 0.00 0.00 0.00 0
153625 0.00 0.00 0.00 0
153626 0.00 0.00 0.00 0
153627 0.00 0.00 0.00 0
153628 0.00 0.00 0.00 0
153629 0.00 0.00 0.00 0
153630 0.00 0.00 0.00 0
153631 0.00 0.00 0.00 0
158739 0.00 0.00 0.00 0
158740 0.00 0.00 0.00 0
158741 0.00 0.00 0.00 0
158742 0.00 0.00 0.00 0
158743 0.00 0.00 0.00 0
158744 0.00 0.00 0.00 0
158745 0.00 0.00 0.00 0
158746 0.00 0.00 0.00 0
158748 0.00 0.00 0.00 0
158749 0.00 0.00 0.00 0
158750 0.00 0.00 0.00 0
158751 0.00 0.00 0.00 0
158752 0.00 0.00 0.00 0
158753 0.00 0.00 0.00 0
158754 0.00 0.00 0.00 0
158760 0.00 0.00 0.00 0
158766 0.00 0.00 0.00 0
158767 0.00 0.00 0.00 0
158768 0.00 0.00 0.00 0
158769 0.00 0.00 0.00 0
158770 0.00 0.00 0.00 0
158771 0.00 0.00 0.00 0
158772 0.00 0.00 0.00 0
158773 0.00 0.00 0.00 0
158774 0.00 0.00 0.00 0
158781 0.00 0.00 0.00 0
158782 0.00 0.00 0.00 0
158783 0.00 0.00 0.00 0
158784 0.00 0.00 0.00 0
158785 0.00 0.00 0.00 0
158786 0.00 0.00 0.00 0
