# G_postcentral
3571
15 0.00 0.00 0.00 0
17 0.00 0.00 0.00 0
48 0.00 0.00 0.00 0
100 0.00 0.00 0.00 0
222 0.00 0.00 0.00 0
230 0.00 0.00 0.00 0
367 0.00 0.00 0.00 0
368 0.00 0.00 0.00 0
371 0.00 0.00 0.00 0
372 0.00 0.00 0.00 0
374 0.00 0.00 0.00 0
468 0.00 0.00 0.00 0
469 0.00 0.00 0.00 0
470 0.00 0.00 0.00 0
471 0.00 0.00 0.00 0
702 0.00 0.00 0.00 0
710 0.00 0.00 0.00 0
711 0.00 0.00 0.00 0
717 0.00 0.00 0.00 0
718 0.00 0.00 0.00 0
719 0.00 0.00 0.00 0
851 0.00 0.00 0.00 0
858 0.00 0.00 0.00 0
863 0.00 0.00 0.00 0
1024 0.00 0.00 0.00 0
1027 0.00 0.00 0.00 0
1028 0.00 0.00 0.00 0
1029 0.00 0.00 0.00 0
1030 0.00 0.00 0.00 0
1031 0.00 0.00 0.00 0
1032 0.00 0.00 0.00 0
1045 0.00 0.00 0.00 0
1047 0.00 0.00 0.00 0
1564 0.00 0.00 0.00 0
1565 0.00 0.00 0.00 0
1566 0.00 0.00 0.00 0
1813 0.00 0.00 0.00 0
1814 0.00 0.00 0.00 0
1815 0.00 0.00 0.00 0
1816 0.00 0.00 0.00 0
1823 0.00 0.00 0.00 0
1824 0.00 0.00 0.00 0
1825 0.00 0.00 0.00 0
1826 0.00 0.00 0.00 0
1827 0.00 0.00 0.00 0
1830 0.00 0.00 0.00 0
1831 0.00 0.00 0.00 0
1832 0.00 0.00 0.00 0
2052 0.00 0.00 0.00 0
2053 0.00 0.00 0.00 0
2054 0.00 0.00 0.00 0
2056 0.00 0.00 0.00 0
2061 0.00 0.00 0.00 0
2062 0.00 0.00 0.00 0
2065 0.00 0.00 0.00 0
2620 0.00 0.00 0.00 0
2621 0.00 0.00 0.00 0
2622 0.00 0.00 0.00 0
2630 0.00 0.00 0.00 0
2631 0.00 0.00 0.00 0
2632 0.00 0.00 0.00 0
2637 0.00 0.00 0.00 0
2638 0.00 0.00 0.00 0
2639 0.00 0.00 0.00 0
2640 0.00 0.00 0.00 0
2944 0.00 0.00 0.00 0
2947 0.00 0.00 0.00 0
2948 0.00 0.00 0.00 0
2949 0.00 0.00 0.00 0
2950 0.00 0.00 0.00 0
2951 0.00 0.00 0.00 0
2952 0.00 0.00 0.00 0
2965 0.00 0.00 0.00 0
2966 0.00 0.00 0.00 0
2967 0.00 0.00 0.00 0
3565 0.00 0.00 0.00 0
3566 0.00 0.00 0.00 0
3567 0.00 0.00 0.00 0
3985 0.00 0.00 0.00 0
3986 0.00 0.00 0.00 0
3987 0.00 0.00 0.00 0
3989 0.00 0.00 0.00 0
4007 0.00 0.00 0.00 0
4008 0.00 0.00 0.00 0
4009 0.00 0.00 0.00 0
4010 0.00 0.00 0.00 0
4011 0.00 0.00 0.00 0
4012 0.00 0.00 0.00 0
4013 0.00 0.00 0.00 0
4014 0.00 0.00 0.00 0
4021 0.00 0.00 0.00 0
4022 0.00 0.00 0.00 0
4023 0.00 0.00 0.00 0
4024 0.00 0.00 0.00 0
4025 0.00 0.00 0.00 0
4026 0.00 0.00 0.00 0
4027 0.00 0.00 0.00 0
4028 0.00 0.00 0.00 0
4050 0.00 0.00 0.00 0
4503 0.00 0.00 0.00 0
4504 0.00 0.00 0.00 0
4505 0.00 0.00 0.00 0
4506 0.00 0.00 0.00 0
4507 0.00 0.00 0.00 0
4508 0.00 0.00 0.00 0
4509 0.00 0.00 0.00 0
4510 0.00 0.00 0.00 0
4514 0.00 0.00 0.00 0
4515 0.00 0.00 0.00 0
4516 0.00 0.00 0.00 0
4517 0.00 0.00 0.00 0
4518 0.00 0.00 0.00 0
4521 0.00 0.00 0.00 0
4522 0.00 0.00 0.00 0
4523 0.00 0.00 0.00 0
4525 0.00 0.00 0.00 0
4526 0.00 0.00 0.00 0
4527 0.00 0.00 0.00 0
4528 0.00 0.00 0.00 0
4529 0.00 0.00 0.00 0
4530 0.00 0.00 0.00 0
4532 0.00 0.00 0.00 0
4538 0.00 0.00 0.00 0
4570 0.00 0.00 0.00 0
4578 0.00 0.00 0.00 0
4579 0.00 0.00 0.00 0
4580 0.00 0.00 0.00 0
5870 0.00 0.00 0.00 0
5884 0.00 0.00 0.00 0
5885 0.00 0.00 0.00 0
5886 0.00 0.00 0.00 0
5887 0.00 0.00 0.00 0
5897 0.00 0.00 0.00 0
5898 0.00 0.00 0.00 0
5899 0.00 0.00 0.00 0
5900 0.00 0.00 0.00 0
5901 0.00 0.00 0.00 0
5903 0.00 0.00 0.00 0
6136 0.00 0.00 0.00 0
6137 0.00 0.00 0.00 0
6159 0.00 0.00 0.00 0
6161 0.00 0.00 0.00 0
6447 0.00 0.00 0.00 0
6448 0.00 0.00 0.00 0
6449 0.00 0.00 0.00 0
6450 0.00 0.00 0.00 0
6451 0.00 0.00 0.00 0
6454 0.00 0.00 0.00 0
6455 0.00 0.00 0.00 0
6456 0.00 0.00 0.00 0
6457 0.00 0.00 0.00 0
6458 0.00 0.00 0.00 0
6459 0.00 0.00 0.00 0
6460 0.00 0.00 0.00 0
6461 0.00 0.00 0.00 0
6462 0.00 0.00 0.00 0
6463 0.00 0.00 0.00 0
6464 0.00 0.00 0.00 0
6487 0.00 0.00 0.00 0
6489 0.00 0.00 0.00 0
7486 0.00 0.00 0.00 0
7487 0.00 0.00 0.00 0
7488 0.00 0.00 0.00 0
7489 0.00 0.00 0.00 0
7490 0.00 0.00 0.00 0
7491 0.00 0.00 0.00 0
7492 0.00 0.00 0.00 0
7522 0.00 0.00 0.00 0
8071 0.00 0.00 0.00 0
8072 0.00 0.00 0.00 0
8073 0.00 0.00 0.00 0
8074 0.00 0.00 0.00 0
8075 0.00 0.00 0.00 0
8076 0.00 0.00 0.00 0
8077 0.00 0.00 0.00 0
8078 0.00 0.00 0.00 0
8099 0.00 0.00 0.00 0
8100 0.00 0.00 0.00 0
8101 0.00 0.00 0.00 0
8102 0.00 0.00 0.00 0
8103 0.00 0.00 0.00 0
8104 0.00 0.00 0.00 0
8105 0.00 0.00 0.00 0
8106 0.00 0.00 0.00 0
8107 0.00 0.00 0.00 0
8108 0.00 0.00 0.00 0
8109 0.00 0.00 0.00 0
8116 0.00 0.00 0.00 0
8117 0.00 0.00 0.00 0
8118 0.00 0.00 0.00 0
8119 0.00 0.00 0.00 0
8120 0.00 0.00 0.00 0
8121 0.00 0.00 0.00 0
8122 0.00 0.00 0.00 0
8123 0.00 0.00 0.00 0
8124 0.00 0.00 0.00 0
8125 0.00 0.00 0.00 0
8126 0.00 0.00 0.00 0
8153 0.00 0.00 0.00 0
8154 0.00 0.00 0.00 0
8724 0.00 0.00 0.00 0
8725 0.00 0.00 0.00 0
8726 0.00 0.00 0.00 0
8727 0.00 0.00 0.00 0
8728 0.00 0.00 0.00 0
8729 0.00 0.00 0.00 0
8730 0.00 0.00 0.00 0
8731 0.00 0.00 0.00 0
8735 0.00 0.00 0.00 0
8736 0.00 0.00 0.00 0
8737 0.00 0.00 0.00 0
8738 0.00 0.00 0.00 0
8739 0.00 0.00 0.00 0
8745 0.00 0.00 0.00 0
8753 0.00 0.00 0.00 0
8754 0.00 0.00 0.00 0
8761 0.00 0.00 0.00 0
8762 0.00 0.00 0.00 0
8764 0.00 0.00 0.00 0
8765 0.00 0.00 0.00 0
8766 0.00 0.00 0.00 0
8815 0.00 0.00 0.00 0
10300 0.00 0.00 0.00 0
10301 0.00 0.00 0.00 0
10302 0.00 0.00 0.00 0
10310 0.00 0.00 0.00 0
10311 0.00 0.00 0.00 0
10312 0.00 0.00 0.00 0
10313 0.00 0.00 0.00 0
10317 0.00 0.00 0.00 0
10318 0.00 0.00 0.00 0
10319 0.00 0.00 0.00 0
10320 0.00 0.00 0.00 0
10627 0.00 0.00 0.00 0
10628 0.00 0.00 0.00 0
10629 0.00 0.00 0.00 0
10630 0.00 0.00 0.00 0
10631 0.00 0.00 0.00 0
10632 0.00 0.00 0.00 0
10645 0.00 0.00 0.00 0
10646 0.00 0.00 0.00 0
10647 0.00 0.00 0.00 0
11245 0.00 0.00 0.00 0
11246 0.00 0.00 0.00 0
11247 0.00 0.00 0.00 0
11665 0.00 0.00 0.00 0
11666 0.00 0.00 0.00 0
11667 0.00 0.00 0.00 0
11687 0.00 0.00 0.00 0
11688 0.00 0.00 0.00 0
11689 0.00 0.00 0.00 0
11690 0.00 0.00 0.00 0
11691 0.00 0.00 0.00 0
11692 0.00 0.00 0.00 0
11693 0.00 0.00 0.00 0
11694 0.00 0.00 0.00 0
11702 0.00 0.00 0.00 0
11703 0.00 0.00 0.00 0
11704 0.00 0.00 0.00 0
11705 0.00 0.00 0.00 0
11706 0.00 0.00 0.00 0
11707 0.00 0.00 0.00 0
11708 0.00 0.00 0.00 0
11730 0.00 0.00 0.00 0
12183 0.00 0.00 0.00 0
12184 0.00 0.00 0.00 0
12185 0.00 0.00 0.00 0
12186 0.00 0.00 0.00 0
12187 0.00 0.00 0.00 0
12188 0.00 0.00 0.00 0
12189 0.00 0.00 0.00 0
12190 0.00 0.00 0.00 0
12194 0.00 0.00 0.00 0
12195 0.00 0.00 0.00 0
12196 0.00 0.00 0.00 0
12197 0.00 0.00 0.00 0
12198 0.00 0.00 0.00 0
12199 0.00 0.00 0.00 0
12200 0.00 0.00 0.00 0
12201 0.00 0.00 0.00 0
12202 0.00 0.00 0.00 0
12203 0.00 0.00 0.00 0
12204 0.00 0.00 0.00 0
12205 0.00 0.00 0.00 0
12206 0.00 0.00 0.00 0
12207 0.00 0.00 0.00 0
12208 0.00 0.00 0.00 0
12209 0.00 0.00 0.00 0
12210 0.00 0.00 0.00 0
12211 0.00 0.00 0.00 0
12212 0.00 0.00 0.00 0
12250 0.00 0.00 0.00 0
12252 0.00 0.00 0.00 0
12258 0.00 0.00 0.00 0
12259 0.00 0.00 0.00 0
12260 0.00 0.00 0.00 0
13618 0.00 0.00 0.00 0
13619 0.00 0.00 0.00 0
13620 0.00 0.00 0.00 0
13621 0.00 0.00 0.00 0
13622 0.00 0.00 0.00 0
13645 0.00 0.00 0.00 0
13646 0.00 0.00 0.00 0
13647 0.00 0.00 0.00 0
13648 0.00 0.00 0.00 0
13649 0.00 0.00 0.00 0
13650 0.00 0.00 0.00 0
13667 0.00 0.00 0.00 0
13668 0.00 0.00 0.00 0
13669 0.00 0.00 0.00 0
13670 0.00 0.00 0.00 0
13671 0.00 0.00 0.00 0
13672 0.00 0.00 0.00 0
13673 0.00 0.00 0.00 0
13674 0.00 0.00 0.00 0
13675 0.00 0.00 0.00 0
13676 0.00 0.00 0.00 0
13678 0.00 0.00 0.00 0
14108 0.00 0.00 0.00 0
14583 0.00 0.00 0.00 0
14584 0.00 0.00 0.00 0
14585 0.00 0.00 0.00 0
14587 0.00 0.00 0.00 0
14588 0.00 0.00 0.00 0
14589 0.00 0.00 0.00 0
14590 0.00 0.00 0.00 0
14594 0.00 0.00 0.00 0
14595 0.00 0.00 0.00 0
14596 0.00 0.00 0.00 0
14597 0.00 0.00 0.00 0
14598 0.00 0.00 0.00 0
14599 0.00 0.00 0.00 0
14600 0.00 0.00 0.00 0
14601 0.00 0.00 0.00 0
14602 0.00 0.00 0.00 0
14603 0.00 0.00 0.00 0
14604 0.00 0.00 0.00 0
14605 0.00 0.00 0.00 0
14606 0.00 0.00 0.00 0
14607 0.00 0.00 0.00 0
14608 0.00 0.00 0.00 0
14609 0.00 0.00 0.00 0
14610 0.00 0.00 0.00 0
14611 0.00 0.00 0.00 0
14612 0.00 0.00 0.00 0
14650 0.00 0.00 0.00 0
14651 0.00 0.00 0.00 0
14652 0.00 0.00 0.00 0
14653 0.00 0.00 0.00 0
14654 0.00 0.00 0.00 0
14655 0.00 0.00 0.00 0
14657 0.00 0.00 0.00 0
16450 0.00 0.00 0.00 0
16451 0.00 0.00 0.00 0
16452 0.00 0.00 0.00 0
16453 0.00 0.00 0.00 0
16454 0.00 0.00 0.00 0
16455 0.00 0.00 0.00 0
16456 0.00 0.00 0.00 0
16457 0.00 0.00 0.00 0
16458 0.00 0.00 0.00 0
16459 0.00 0.00 0.00 0
16460 0.00 0.00 0.00 0
16462 0.00 0.00 0.00 0
16525 0.00 0.00 0.00 0
16526 0.00 0.00 0.00 0
16527 0.00 0.00 0.00 0
17710 0.00 0.00 0.00 0
17711 0.00 0.00 0.00 0
17712 0.00 0.00 0.00 0
17713 0.00 0.00 0.00 0
17714 0.00 0.00 0.00 0
17715 0.00 0.00 0.00 0
17716 0.00 0.00 0.00 0
17717 0.00 0.00 0.00 0
17718 0.00 0.00 0.00 0
17719 0.00 0.00 0.00 0
17720 0.00 0.00 0.00 0
17721 0.00 0.00 0.00 0
17722 0.00 0.00 0.00 0
17723 0.00 0.00 0.00 0
17724 0.00 0.00 0.00 0
17725 0.00 0.00 0.00 0
17726 0.00 0.00 0.00 0
17727 0.00 0.00 0.00 0
17777 0.00 0.00 0.00 0
17778 0.00 0.00 0.00 0
17779 0.00 0.00 0.00 0
17780 0.00 0.00 0.00 0
17781 0.00 0.00 0.00 0
17782 0.00 0.00 0.00 0
17783 0.00 0.00 0.00 0
17784 0.00 0.00 0.00 0
17785 0.00 0.00 0.00 0
17786 0.00 0.00 0.00 0
17787 0.00 0.00 0.00 0
17788 0.00 0.00 0.00 0
17789 0.00 0.00 0.00 0
17790 0.00 0.00 0.00 0
17791 0.00 0.00 0.00 0
17792 0.00 0.00 0.00 0
17793 0.00 0.00 0.00 0
17794 0.00 0.00 0.00 0
17795 0.00 0.00 0.00 0
17796 0.00 0.00 0.00 0
17797 0.00 0.00 0.00 0
17798 0.00 0.00 0.00 0
17799 0.00 0.00 0.00 0
17816 0.00 0.00 0.00 0
17817 0.00 0.00 0.00 0
17818 0.00 0.00 0.00 0
17819 0.00 0.00 0.00 0
17820 0.00 0.00 0.00 0
17821 0.00 0.00 0.00 0
17822 0.00 0.00 0.00 0
17823 0.00 0.00 0.00 0
17824 0.00 0.00 0.00 0
17825 0.00 0.00 0.00 0
17826 0.00 0.00 0.00 0
17827 0.00 0.00 0.00 0
17828 0.00 0.00 0.00 0
17829 0.00 0.00 0.00 0
17830 0.00 0.00 0.00 0
17831 0.00 0.00 0.00 0
17832 0.00 0.00 0.00 0
17833 0.00 0.00 0.00 0
17834 0.00 0.00 0.00 0
17835 0.00 0.00 0.00 0
17836 0.00 0.00 0.00 0
17837 0.00 0.00 0.00 0
17838 0.00 0.00 0.00 0
17839 0.00 0.00 0.00 0
17840 0.00 0.00 0.00 0
17841 0.00 0.00 0.00 0
17842 0.00 0.00 0.00 0
17843 0.00 0.00 0.00 0
17905 0.00 0.00 0.00 0
17906 0.00 0.00 0.00 0
17907 0.00 0.00 0.00 0
17908 0.00 0.00 0.00 0
17909 0.00 0.00 0.00 0
17910 0.00 0.00 0.00 0
19263 0.00 0.00 0.00 0
19264 0.00 0.00 0.00 0
19265 0.00 0.00 0.00 0
19266 0.00 0.00 0.00 0
19267 0.00 0.00 0.00 0
19268 0.00 0.00 0.00 0
19269 0.00 0.00 0.00 0
19270 0.00 0.00 0.00 0
19271 0.00 0.00 0.00 0
19272 0.00 0.00 0.00 0
19273 0.00 0.00 0.00 0
19274 0.00 0.00 0.00 0
19275 0.00 0.00 0.00 0
19276 0.00 0.00 0.00 0
19277 0.00 0.00 0.00 0
19278 0.00 0.00 0.00 0
19279 0.00 0.00 0.00 0
19280 0.00 0.00 0.00 0
19281 0.00 0.00 0.00 0
19282 0.00 0.00 0.00 0
19283 0.00 0.00 0.00 0
19284 0.00 0.00 0.00 0
19285 0.00 0.00 0.00 0
19292 0.00 0.00 0.00 0
19293 0.00 0.00 0.00 0
19294 0.00 0.00 0.00 0
19295 0.00 0.00 0.00 0
19296 0.00 0.00 0.00 0
19297 0.00 0.00 0.00 0
19298 0.00 0.00 0.00 0
19299 0.00 0.00 0.00 0
19300 0.00 0.00 0.00 0
19301 0.00 0.00 0.00 0
19302 0.00 0.00 0.00 0
19303 0.00 0.00 0.00 0
19304 0.00 0.00 0.00 0
19305 0.00 0.00 0.00 0
19316 0.00 0.00 0.00 0
19317 0.00 0.00 0.00 0
19318 0.00 0.00 0.00 0
19333 0.00 0.00 0.00 0
19334 0.00 0.00 0.00 0
19335 0.00 0.00 0.00 0
19337 0.00 0.00 0.00 0
19338 0.00 0.00 0.00 0
19339 0.00 0.00 0.00 0
19340 0.00 0.00 0.00 0
19341 0.00 0.00 0.00 0
19342 0.00 0.00 0.00 0
19343 0.00 0.00 0.00 0
19358 0.00 0.00 0.00 0
19359 0.00 0.00 0.00 0
19360 0.00 0.00 0.00 0
19364 0.00 0.00 0.00 0
19366 0.00 0.00 0.00 0
19367 0.00 0.00 0.00 0
19368 0.00 0.00 0.00 0
19369 0.00 0.00 0.00 0
19370 0.00 0.00 0.00 0
19465 0.00 0.00 0.00 0
19488 0.00 0.00 0.00 0
19489 0.00 0.00 0.00 0
19490 0.00 0.00 0.00 0
19491 0.00 0.00 0.00 0
23146 0.00 0.00 0.00 0
23148 0.00 0.00 0.00 0
23149 0.00 0.00 0.00 0
23150 0.00 0.00 0.00 0
23164 0.00 0.00 0.00 0
23165 0.00 0.00 0.00 0
23166 0.00 0.00 0.00 0
23167 0.00 0.00 0.00 0
23168 0.00 0.00 0.00 0
23170 0.00 0.00 0.00 0
23171 0.00 0.00 0.00 0
23177 0.00 0.00 0.00 0
23178 0.00 0.00 0.00 0
23179 0.00 0.00 0.00 0
23180 0.00 0.00 0.00 0
23181 0.00 0.00 0.00 0
23182 0.00 0.00 0.00 0
23183 0.00 0.00 0.00 0
23184 0.00 0.00 0.00 0
23728 0.00 0.00 0.00 0
23734 0.00 0.00 0.00 0
23735 0.00 0.00 0.00 0
23736 0.00 0.00 0.00 0
23737 0.00 0.00 0.00 0
23738 0.00 0.00 0.00 0
23739 0.00 0.00 0.00 0
23740 0.00 0.00 0.00 0
23741 0.00 0.00 0.00 0
23742 0.00 0.00 0.00 0
23743 0.00 0.00 0.00 0
23744 0.00 0.00 0.00 0
23767 0.00 0.00 0.00 0
23768 0.00 0.00 0.00 0
23769 0.00 0.00 0.00 0
23770 0.00 0.00 0.00 0
23771 0.00 0.00 0.00 0
24847 0.00 0.00 0.00 0
24848 0.00 0.00 0.00 0
24849 0.00 0.00 0.00 0
24850 0.00 0.00 0.00 0
24851 0.00 0.00 0.00 0
24852 0.00 0.00 0.00 0
24853 0.00 0.00 0.00 0
24891 0.00 0.00 0.00 0
24905 0.00 0.00 0.00 0
25603 0.00 0.00 0.00 0
25604 0.00 0.00 0.00 0
25605 0.00 0.00 0.00 0
25606 0.00 0.00 0.00 0
25607 0.00 0.00 0.00 0
25609 0.00 0.00 0.00 0
25643 0.00 0.00 0.00 0
25644 0.00 0.00 0.00 0
25645 0.00 0.00 0.00 0
25646 0.00 0.00 0.00 0
25647 0.00 0.00 0.00 0
25648 0.00 0.00 0.00 0
25649 0.00 0.00 0.00 0
25650 0.00 0.00 0.00 0
25651 0.00 0.00 0.00 0
25652 0.00 0.00 0.00 0
25653 0.00 0.00 0.00 0
25654 0.00 0.00 0.00 0
25655 0.00 0.00 0.00 0
25656 0.00 0.00 0.00 0
25667 0.00 0.00 0.00 0
25668 0.00 0.00 0.00 0
25669 0.00 0.00 0.00 0
25670 0.00 0.00 0.00 0
25671 0.00 0.00 0.00 0
25672 0.00 0.00 0.00 0
25673 0.00 0.00 0.00 0
25674 0.00 0.00 0.00 0
25675 0.00 0.00 0.00 0
25676 0.00 0.00 0.00 0
25677 0.00 0.00 0.00 0
25678 0.00 0.00 0.00 0
25679 0.00 0.00 0.00 0
25680 0.00 0.00 0.00 0
25681 0.00 0.00 0.00 0
25682 0.00 0.00 0.00 0
25720 0.00 0.00 0.00 0
25721 0.00 0.00 0.00 0
25722 0.00 0.00 0.00 0
26535 0.00 0.00 0.00 0
26536 0.00 0.00 0.00 0
26537 0.00 0.00 0.00 0
26538 0.00 0.00 0.00 0
26539 0.00 0.00 0.00 0
26540 0.00 0.00 0.00 0
26541 0.00 0.00 0.00 0
26542 0.00 0.00 0.00 0
26543 0.00 0.00 0.00 0
26544 0.00 0.00 0.00 0
26545 0.00 0.00 0.00 0
26546 0.00 0.00 0.00 0
26547 0.00 0.00 0.00 0
26548 0.00 0.00 0.00 0
26554 0.00 0.00 0.00 0
26555 0.00 0.00 0.00 0
26556 0.00 0.00 0.00 0
26557 0.00 0.00 0.00 0
26558 0.00 0.00 0.00 0
26559 0.00 0.00 0.00 0
26560 0.00 0.00 0.00 0
26561 0.00 0.00 0.00 0
26567 0.00 0.00 0.00 0
26568 0.00 0.00 0.00 0
26569 0.00 0.00 0.00 0
26570 0.00 0.00 0.00 0
26574 0.00 0.00 0.00 0
26575 0.00 0.00 0.00 0
26576 0.00 0.00 0.00 0
26577 0.00 0.00 0.00 0
26578 0.00 0.00 0.00 0
26579 0.00 0.00 0.00 0
26580 0.00 0.00 0.00 0
26581 0.00 0.00 0.00 0
26582 0.00 0.00 0.00 0
26583 0.00 0.00 0.00 0
26584 0.00 0.00 0.00 0
26586 0.00 0.00 0.00 0
26587 0.00 0.00 0.00 0
26588 0.00 0.00 0.00 0
26598 0.00 0.00 0.00 0
26656 0.00 0.00 0.00 0
26670 0.00 0.00 0.00 0
26671 0.00 0.00 0.00 0
26672 0.00 0.00 0.00 0
26673 0.00 0.00 0.00 0
29054 0.00 0.00 0.00 0
29086 0.00 0.00 0.00 0
29087 0.00 0.00 0.00 0
29088 0.00 0.00 0.00 0
29089 0.00 0.00 0.00 0
29090 0.00 0.00 0.00 0
29091 0.00 0.00 0.00 0
29092 0.00 0.00 0.00 0
29093 0.00 0.00 0.00 0
29117 0.00 0.00 0.00 0
29118 0.00 0.00 0.00 0
29119 0.00 0.00 0.00 0
29120 0.00 0.00 0.00 0
29121 0.00 0.00 0.00 0
29122 0.00 0.00 0.00 0
29123 0.00 0.00 0.00 0
29124 0.00 0.00 0.00 0
29125 0.00 0.00 0.00 0
29126 0.00 0.00 0.00 0
29132 0.00 0.00 0.00 0
29133 0.00 0.00 0.00 0
29134 0.00 0.00 0.00 0
29674 0.00 0.00 0.00 0
29675 0.00 0.00 0.00 0
29676 0.00 0.00 0.00 0
29677 0.00 0.00 0.00 0
29727 0.00 0.00 0.00 0
29729 0.00 0.00 0.00 0
29730 0.00 0.00 0.00 0
29733 0.00 0.00 0.00 0
29734 0.00 0.00 0.00 0
29735 0.00 0.00 0.00 0
30399 0.00 0.00 0.00 0
30400 0.00 0.00 0.00 0
30401 0.00 0.00 0.00 0
30402 0.00 0.00 0.00 0
30403 0.00 0.00 0.00 0
30404 0.00 0.00 0.00 0
30405 0.00 0.00 0.00 0
30406 0.00 0.00 0.00 0
30407 0.00 0.00 0.00 0
30408 0.00 0.00 0.00 0
30409 0.00 0.00 0.00 0
30414 0.00 0.00 0.00 0
30415 0.00 0.00 0.00 0
30416 0.00 0.00 0.00 0
30417 0.00 0.00 0.00 0
30418 0.00 0.00 0.00 0
30419 0.00 0.00 0.00 0
30420 0.00 0.00 0.00 0
30421 0.00 0.00 0.00 0
30422 0.00 0.00 0.00 0
30423 0.00 0.00 0.00 0
30424 0.00 0.00 0.00 0
30425 0.00 0.00 0.00 0
30426 0.00 0.00 0.00 0
30427 0.00 0.00 0.00 0
30428 0.00 0.00 0.00 0
30429 0.00 0.00 0.00 0
30430 0.00 0.00 0.00 0
30431 0.00 0.00 0.00 0
30432 0.00 0.00 0.00 0
30433 0.00 0.00 0.00 0
30434 0.00 0.00 0.00 0
30435 0.00 0.00 0.00 0
30436 0.00 0.00 0.00 0
30437 0.00 0.00 0.00 0
30438 0.00 0.00 0.00 0
30439 0.00 0.00 0.00 0
30440 0.00 0.00 0.00 0
30493 0.00 0.00 0.00 0
30494 0.00 0.00 0.00 0
30495 0.00 0.00 0.00 0
30498 0.00 0.00 0.00 0
32932 0.00 0.00 0.00 0
32933 0.00 0.00 0.00 0
32934 0.00 0.00 0.00 0
32935 0.00 0.00 0.00 0
32936 0.00 0.00 0.00 0
32937 0.00 0.00 0.00 0
32938 0.00 0.00 0.00 0
32939 0.00 0.00 0.00 0
32940 0.00 0.00 0.00 0
32941 0.00 0.00 0.00 0
32942 0.00 0.00 0.00 0
32943 0.00 0.00 0.00 0
32944 0.00 0.00 0.00 0
32945 0.00 0.00 0.00 0
32946 0.00 0.00 0.00 0
32947 0.00 0.00 0.00 0
32948 0.00 0.00 0.00 0
32949 0.00 0.00 0.00 0
32950 0.00 0.00 0.00 0
33028 0.00 0.00 0.00 0
33029 0.00 0.00 0.00 0
33030 0.00 0.00 0.00 0
34525 0.00 0.00 0.00 0
34526 0.00 0.00 0.00 0
34527 0.00 0.00 0.00 0
34528 0.00 0.00 0.00 0
34529 0.00 0.00 0.00 0
34530 0.00 0.00 0.00 0
34531 0.00 0.00 0.00 0
34532 0.00 0.00 0.00 0
34533 0.00 0.00 0.00 0
34534 0.00 0.00 0.00 0
34535 0.00 0.00 0.00 0
34536 0.00 0.00 0.00 0
34537 0.00 0.00 0.00 0
34538 0.00 0.00 0.00 0
34539 0.00 0.00 0.00 0
34540 0.00 0.00 0.00 0
34541 0.00 0.00 0.00 0
34542 0.00 0.00 0.00 0
34543 0.00 0.00 0.00 0
34544 0.00 0.00 0.00 0
34545 0.00 0.00 0.00 0
34546 0.00 0.00 0.00 0
34607 0.00 0.00 0.00 0
34608 0.00 0.00 0.00 0
34609 0.00 0.00 0.00 0
34610 0.00 0.00 0.00 0
34611 0.00 0.00 0.00 0
34612 0.00 0.00 0.00 0
34613 0.00 0.00 0.00 0
34614 0.00 0.00 0.00 0
34615 0.00 0.00 0.00 0
34616 0.00 0.00 0.00 0
34617 0.00 0.00 0.00 0
34618 0.00 0.00 0.00 0
34619 0.00 0.00 0.00 0
34620 0.00 0.00 0.00 0
34621 0.00 0.00 0.00 0
34622 0.00 0.00 0.00 0
34623 0.00 0.00 0.00 0
34624 0.00 0.00 0.00 0
34625 0.00 0.00 0.00 0
34626 0.00 0.00 0.00 0
34627 0.00 0.00 0.00 0
34628 0.00 0.00 0.00 0
34629 0.00 0.00 0.00 0
34630 0.00 0.00 0.00 0
34631 0.00 0.00 0.00 0
34632 0.00 0.00 0.00 0
34633 0.00 0.00 0.00 0
34634 0.00 0.00 0.00 0
34635 0.00 0.00 0.00 0
34654 0.00 0.00 0.00 0
34655 0.00 0.00 0.00 0
34656 0.00 0.00 0.00 0
34657 0.00 0.00 0.00 0
34658 0.00 0.00 0.00 0
34659 0.00 0.00 0.00 0
34660 0.00 0.00 0.00 0
34661 0.00 0.00 0.00 0
34662 0.00 0.00 0.00 0
34663 0.00 0.00 0.00 0
34664 0.00 0.00 0.00 0
34665 0.00 0.00 0.00 0
34666 0.00 0.00 0.00 0
34667 0.00 0.00 0.00 0
34668 0.00 0.00 0.00 0
34669 0.00 0.00 0.00 0
34670 0.00 0.00 0.00 0
34671 0.00 0.00 0.00 0
34672 0.00 0.00 0.00 0
34673 0.00 0.00 0.00 0
34674 0.00 0.00 0.00 0
34675 0.00 0.00 0.00 0
34676 0.00 0.00 0.00 0
34677 0.00 0.00 0.00 0
34678 0.00 0.00 0.00 0
34679 0.00 0.00 0.00 0
34680 0.00 0.00 0.00 0
34681 0.00 0.00 0.00 0
34682 0.00 0.00 0.00 0
34683 0.00 0.00 0.00 0
34684 0.00 0.00 0.00 0
34685 0.00 0.00 0.00 0
34686 0.00 0.00 0.00 0
34687 0.00 0.00 0.00 0
34688 0.00 0.00 0.00 0
34763 0.00 0.00 0.00 0
34764 0.00 0.00 0.00 0
34765 0.00 0.00 0.00 0
34766 0.00 0.00 0.00 0
34767 0.00 0.00 0.00 0
34768 0.00 0.00 0.00 0
34769 0.00 0.00 0.00 0
34770 0.00 0.00 0.00 0
36420 0.00 0.00 0.00 0
36421 0.00 0.00 0.00 0
36422 0.00 0.00 0.00 0
36423 0.00 0.00 0.00 0
36424 0.00 0.00 0.00 0
36425 0.00 0.00 0.00 0
36426 0.00 0.00 0.00 0
36427 0.00 0.00 0.00 0
36428 0.00 0.00 0.00 0
36429 0.00 0.00 0.00 0
36430 0.00 0.00 0.00 0
36431 0.00 0.00 0.00 0
36432 0.00 0.00 0.00 0
36433 0.00 0.00 0.00 0
36434 0.00 0.00 0.00 0
36435 0.00 0.00 0.00 0
36436 0.00 0.00 0.00 0
36437 0.00 0.00 0.00 0
36438 0.00 0.00 0.00 0
36439 0.00 0.00 0.00 0
36440 0.00 0.00 0.00 0
36441 0.00 0.00 0.00 0
36442 0.00 0.00 0.00 0
36443 0.00 0.00 0.00 0
36453 0.00 0.00 0.00 0
36454 0.00 0.00 0.00 0
36455 0.00 0.00 0.00 0
36459 0.00 0.00 0.00 0
36460 0.00 0.00 0.00 0
36461 0.00 0.00 0.00 0
36462 0.00 0.00 0.00 0
36463 0.00 0.00 0.00 0
36464 0.00 0.00 0.00 0
36465 0.00 0.00 0.00 0
36466 0.00 0.00 0.00 0
36467 0.00 0.00 0.00 0
36468 0.00 0.00 0.00 0
36469 0.00 0.00 0.00 0
36470 0.00 0.00 0.00 0
36471 0.00 0.00 0.00 0
36483 0.00 0.00 0.00 0
36484 0.00 0.00 0.00 0
36486 0.00 0.00 0.00 0
36504 0.00 0.00 0.00 0
36510 0.00 0.00 0.00 0
36511 0.00 0.00 0.00 0
36512 0.00 0.00 0.00 0
36513 0.00 0.00 0.00 0
36514 0.00 0.00 0.00 0
36516 0.00 0.00 0.00 0
36517 0.00 0.00 0.00 0
36529 0.00 0.00 0.00 0
36530 0.00 0.00 0.00 0
36533 0.00 0.00 0.00 0
36534 0.00 0.00 0.00 0
36535 0.00 0.00 0.00 0
36536 0.00 0.00 0.00 0
36543 0.00 0.00 0.00 0
36544 0.00 0.00 0.00 0
36545 0.00 0.00 0.00 0
36546 0.00 0.00 0.00 0
36547 0.00 0.00 0.00 0
36691 0.00 0.00 0.00 0
36692 0.00 0.00 0.00 0
36693 0.00 0.00 0.00 0
36694 0.00 0.00 0.00 0
36695 0.00 0.00 0.00 0
36696 0.00 0.00 0.00 0
41020 0.00 0.00 0.00 0
41021 0.00 0.00 0.00 0
41022 0.00 0.00 0.00 0
41027 0.00 0.00 0.00 0
41029 0.00 0.00 0.00 0
41030 0.00 0.00 0.00 0
41031 0.00 0.00 0.00 0
41032 0.00 0.00 0.00 0
41033 0.00 0.00 0.00 0
41037 0.00 0.00 0.00 0
41038 0.00 0.00 0.00 0
41039 0.00 0.00 0.00 0
41040 0.00 0.00 0.00 0
41347 0.00 0.00 0.00 0
41348 0.00 0.00 0.00 0
41349 0.00 0.00 0.00 0
41350 0.00 0.00 0.00 0
41351 0.00 0.00 0.00 0
41352 0.00 0.00 0.00 0
41365 0.00 0.00 0.00 0
41366 0.00 0.00 0.00 0
41367 0.00 0.00 0.00 0
41942 0.00 0.00 0.00 0
41965 0.00 0.00 0.00 0
41966 0.00 0.00 0.00 0
41967 0.00 0.00 0.00 0
42385 0.00 0.00 0.00 0
42386 0.00 0.00 0.00 0
42387 0.00 0.00 0.00 0
42407 0.00 0.00 0.00 0
42408 0.00 0.00 0.00 0
42409 0.00 0.00 0.00 0
42410 0.00 0.00 0.00 0
42411 0.00 0.00 0.00 0
42412 0.00 0.00 0.00 0
42413 0.00 0.00 0.00 0
42414 0.00 0.00 0.00 0
42422 0.00 0.00 0.00 0
42423 0.00 0.00 0.00 0
42424 0.00 0.00 0.00 0
42425 0.00 0.00 0.00 0
42426 0.00 0.00 0.00 0
42427 0.00 0.00 0.00 0
42428 0.00 0.00 0.00 0
42449 0.00 0.00 0.00 0
42450 0.00 0.00 0.00 0
42903 0.00 0.00 0.00 0
42904 0.00 0.00 0.00 0
42905 0.00 0.00 0.00 0
42906 0.00 0.00 0.00 0
42907 0.00 0.00 0.00 0
42908 0.00 0.00 0.00 0
42909 0.00 0.00 0.00 0
42910 0.00 0.00 0.00 0
42914 0.00 0.00 0.00 0
42915 0.00 0.00 0.00 0
42916 0.00 0.00 0.00 0
42917 0.00 0.00 0.00 0
42918 0.00 0.00 0.00 0
42919 0.00 0.00 0.00 0
42920 0.00 0.00 0.00 0
42921 0.00 0.00 0.00 0
42922 0.00 0.00 0.00 0
42923 0.00 0.00 0.00 0
42924 0.00 0.00 0.00 0
42925 0.00 0.00 0.00 0
42926 0.00 0.00 0.00 0
42927 0.00 0.00 0.00 0
42928 0.00 0.00 0.00 0
42929 0.00 0.00 0.00 0
42930 0.00 0.00 0.00 0
42931 0.00 0.00 0.00 0
42932 0.00 0.00 0.00 0
42970 0.00 0.00 0.00 0
42971 0.00 0.00 0.00 0
42972 0.00 0.00 0.00 0
42979 0.00 0.00 0.00 0
44338 0.00 0.00 0.00 0
44339 0.00 0.00 0.00 0
44340 0.00 0.00 0.00 0
44341 0.00 0.00 0.00 0
44342 0.00 0.00 0.00 0
44365 0.00 0.00 0.00 0
44366 0.00 0.00 0.00 0
44367 0.00 0.00 0.00 0
44368 0.00 0.00 0.00 0
44369 0.00 0.00 0.00 0
44370 0.00 0.00 0.00 0
44387 0.00 0.00 0.00 0
44388 0.00 0.00 0.00 0
44389 0.00 0.00 0.00 0
44390 0.00 0.00 0.00 0
44391 0.00 0.00 0.00 0
44392 0.00 0.00 0.00 0
44393 0.00 0.00 0.00 0
44394 0.00 0.00 0.00 0
44395 0.00 0.00 0.00 0
44396 0.00 0.00 0.00 0
45303 0.00 0.00 0.00 0
45304 0.00 0.00 0.00 0
45305 0.00 0.00 0.00 0
45307 0.00 0.00 0.00 0
45308 0.00 0.00 0.00 0
45309 0.00 0.00 0.00 0
45310 0.00 0.00 0.00 0
45314 0.00 0.00 0.00 0
45315 0.00 0.00 0.00 0
45316 0.00 0.00 0.00 0
45317 0.00 0.00 0.00 0
45318 0.00 0.00 0.00 0
45319 0.00 0.00 0.00 0
45320 0.00 0.00 0.00 0
45321 0.00 0.00 0.00 0
45322 0.00 0.00 0.00 0
45323 0.00 0.00 0.00 0
45324 0.00 0.00 0.00 0
45325 0.00 0.00 0.00 0
45326 0.00 0.00 0.00 0
45327 0.00 0.00 0.00 0
45328 0.00 0.00 0.00 0
45329 0.00 0.00 0.00 0
45330 0.00 0.00 0.00 0
45331 0.00 0.00 0.00 0
45332 0.00 0.00 0.00 0
45370 0.00 0.00 0.00 0
45371 0.00 0.00 0.00 0
45372 0.00 0.00 0.00 0
45373 0.00 0.00 0.00 0
45374 0.00 0.00 0.00 0
45375 0.00 0.00 0.00 0
45376 0.00 0.00 0.00 0
45377 0.00 0.00 0.00 0
47170 0.00 0.00 0.00 0
47171 0.00 0.00 0.00 0
47172 0.00 0.00 0.00 0
47173 0.00 0.00 0.00 0
47174 0.00 0.00 0.00 0
47175 0.00 0.00 0.00 0
47176 0.00 0.00 0.00 0
47177 0.00 0.00 0.00 0
47178 0.00 0.00 0.00 0
47179 0.00 0.00 0.00 0
47180 0.00 0.00 0.00 0
47245 0.00 0.00 0.00 0
47246 0.00 0.00 0.00 0
47247 0.00 0.00 0.00 0
48430 0.00 0.00 0.00 0
48431 0.00 0.00 0.00 0
48432 0.00 0.00 0.00 0
48433 0.00 0.00 0.00 0
48434 0.00 0.00 0.00 0
48435 0.00 0.00 0.00 0
48436 0.00 0.00 0.00 0
48437 0.00 0.00 0.00 0
48438 0.00 0.00 0.00 0
48439 0.00 0.00 0.00 0
48440 0.00 0.00 0.00 0
48441 0.00 0.00 0.00 0
48442 0.00 0.00 0.00 0
48443 0.00 0.00 0.00 0
48444 0.00 0.00 0.00 0
48445 0.00 0.00 0.00 0
48446 0.00 0.00 0.00 0
48447 0.00 0.00 0.00 0
48497 0.00 0.00 0.00 0
48498 0.00 0.00 0.00 0
48499 0.00 0.00 0.00 0
48500 0.00 0.00 0.00 0
48501 0.00 0.00 0.00 0
48502 0.00 0.00 0.00 0
48503 0.00 0.00 0.00 0
48504 0.00 0.00 0.00 0
48505 0.00 0.00 0.00 0
48506 0.00 0.00 0.00 0
48507 0.00 0.00 0.00 0
48508 0.00 0.00 0.00 0
48509 0.00 0.00 0.00 0
48510 0.00 0.00 0.00 0
48511 0.00 0.00 0.00 0
48512 0.00 0.00 0.00 0
48513 0.00 0.00 0.00 0
48514 0.00 0.00 0.00 0
48515 0.00 0.00 0.00 0
48516 0.00 0.00 0.00 0
48517 0.00 0.00 0.00 0
48518 0.00 0.00 0.00 0
48519 0.00 0.00 0.00 0
48538 0.00 0.00 0.00 0
48539 0.00 0.00 0.00 0
48540 0.00 0.00 0.00 0
48541 0.00 0.00 0.00 0
48542 0.00 0.00 0.00 0
48543 0.00 0.00 0.00 0
48544 0.00 0.00 0.00 0
48545 0.00 0.00 0.00 0
48546 0.00 0.00 0.00 0
48547 0.00 0.00 0.00 0
48548 0.00 0.00 0.00 0
48549 0.00 0.00 0.00 0
48550 0.00 0.00 0.00 0
48551 0.00 0.00 0.00 0
48552 0.00 0.00 0.00 0
48553 0.00 0.00 0.00 0
48554 0.00 0.00 0.00 0
48555 0.00 0.00 0.00 0
48556 0.00 0.00 0.00 0
48557 0.00 0.00 0.00 0
48558 0.00 0.00 0.00 0
48559 0.00 0.00 0.00 0
48560 0.00 0.00 0.00 0
48561 0.00 0.00 0.00 0
48562 0.00 0.00 0.00 0
48563 0.00 0.00 0.00 0
48627 0.00 0.00 0.00 0
48628 0.00 0.00 0.00 0
48629 0.00 0.00 0.00 0
48630 0.00 0.00 0.00 0
49983 0.00 0.00 0.00 0
49984 0.00 0.00 0.00 0
49985 0.00 0.00 0.00 0
49986 0.00 0.00 0.00 0
49987 0.00 0.00 0.00 0
49988 0.00 0.00 0.00 0
49989 0.00 0.00 0.00 0
49990 0.00 0.00 0.00 0
49991 0.00 0.00 0.00 0
49992 0.00 0.00 0.00 0
49993 0.00 0.00 0.00 0
49994 0.00 0.00 0.00 0
49995 0.00 0.00 0.00 0
49996 0.00 0.00 0.00 0
49997 0.00 0.00 0.00 0
49998 0.00 0.00 0.00 0
49999 0.00 0.00 0.00 0
50000 0.00 0.00 0.00 0
50001 0.00 0.00 0.00 0
50002 0.00 0.00 0.00 0
50003 0.00 0.00 0.00 0
50004 0.00 0.00 0.00 0
50005 0.00 0.00 0.00 0
50014 0.00 0.00 0.00 0
50015 0.00 0.00 0.00 0
50016 0.00 0.00 0.00 0
50017 0.00 0.00 0.00 0
50018 0.00 0.00 0.00 0
50019 0.00 0.00 0.00 0
50020 0.00 0.00 0.00 0
50021 0.00 0.00 0.00 0
50022 0.00 0.00 0.00 0
50023 0.00 0.00 0.00 0
50024 0.00 0.00 0.00 0
50025 0.00 0.00 0.00 0
50036 0.00 0.00 0.00 0
50037 0.00 0.00 0.00 0
50038 0.00 0.00 0.00 0
50053 0.00 0.00 0.00 0
50054 0.00 0.00 0.00 0
50055 0.00 0.00 0.00 0
50056 0.00 0.00 0.00 0
50057 0.00 0.00 0.00 0
50058 0.00 0.00 0.00 0
50059 0.00 0.00 0.00 0
50060 0.00 0.00 0.00 0
50061 0.00 0.00 0.00 0
50063 0.00 0.00 0.00 0
50064 0.00 0.00 0.00 0
50065 0.00 0.00 0.00 0
50067 0.00 0.00 0.00 0
50079 0.00 0.00 0.00 0
50084 0.00 0.00 0.00 0
50085 0.00 0.00 0.00 0
50086 0.00 0.00 0.00 0
50087 0.00 0.00 0.00 0
50088 0.00 0.00 0.00 0
50089 0.00 0.00 0.00 0
50090 0.00 0.00 0.00 0
50185 0.00 0.00 0.00 0
50186 0.00 0.00 0.00 0
50187 0.00 0.00 0.00 0
50208 0.00 0.00 0.00 0
50209 0.00 0.00 0.00 0
50210 0.00 0.00 0.00 0
53935 0.00 0.00 0.00 0
53936 0.00 0.00 0.00 0
53937 0.00 0.00 0.00 0
53938 0.00 0.00 0.00 0
53939 0.00 0.00 0.00 0
53940 0.00 0.00 0.00 0
53941 0.00 0.00 0.00 0
53942 0.00 0.00 0.00 0
53965 0.00 0.00 0.00 0
53966 0.00 0.00 0.00 0
53967 0.00 0.00 0.00 0
53968 0.00 0.00 0.00 0
53969 0.00 0.00 0.00 0
53970 0.00 0.00 0.00 0
53971 0.00 0.00 0.00 0
53972 0.00 0.00 0.00 0
53973 0.00 0.00 0.00 0
53974 0.00 0.00 0.00 0
53975 0.00 0.00 0.00 0
53976 0.00 0.00 0.00 0
53977 0.00 0.00 0.00 0
53978 0.00 0.00 0.00 0
53987 0.00 0.00 0.00 0
53988 0.00 0.00 0.00 0
53989 0.00 0.00 0.00 0
53990 0.00 0.00 0.00 0
53991 0.00 0.00 0.00 0
53992 0.00 0.00 0.00 0
53993 0.00 0.00 0.00 0
53994 0.00 0.00 0.00 0
53995 0.00 0.00 0.00 0
53996 0.00 0.00 0.00 0
53997 0.00 0.00 0.00 0
53998 0.00 0.00 0.00 0
54914 0.00 0.00 0.00 0
54915 0.00 0.00 0.00 0
54916 0.00 0.00 0.00 0
54917 0.00 0.00 0.00 0
54918 0.00 0.00 0.00 0
54919 0.00 0.00 0.00 0
54920 0.00 0.00 0.00 0
54921 0.00 0.00 0.00 0
54922 0.00 0.00 0.00 0
54923 0.00 0.00 0.00 0
54924 0.00 0.00 0.00 0
54925 0.00 0.00 0.00 0
54926 0.00 0.00 0.00 0
54927 0.00 0.00 0.00 0
54928 0.00 0.00 0.00 0
54929 0.00 0.00 0.00 0
54930 0.00 0.00 0.00 0
54931 0.00 0.00 0.00 0
54932 0.00 0.00 0.00 0
54970 0.00 0.00 0.00 0
54971 0.00 0.00 0.00 0
54972 0.00 0.00 0.00 0
54973 0.00 0.00 0.00 0
54974 0.00 0.00 0.00 0
54975 0.00 0.00 0.00 0
54976 0.00 0.00 0.00 0
54977 0.00 0.00 0.00 0
56770 0.00 0.00 0.00 0
56771 0.00 0.00 0.00 0
56772 0.00 0.00 0.00 0
56773 0.00 0.00 0.00 0
56774 0.00 0.00 0.00 0
56775 0.00 0.00 0.00 0
56776 0.00 0.00 0.00 0
56777 0.00 0.00 0.00 0
58030 0.00 0.00 0.00 0
58031 0.00 0.00 0.00 0
58032 0.00 0.00 0.00 0
58033 0.00 0.00 0.00 0
58034 0.00 0.00 0.00 0
58035 0.00 0.00 0.00 0
58036 0.00 0.00 0.00 0
58037 0.00 0.00 0.00 0
58097 0.00 0.00 0.00 0
58098 0.00 0.00 0.00 0
58099 0.00 0.00 0.00 0
58100 0.00 0.00 0.00 0
58101 0.00 0.00 0.00 0
58102 0.00 0.00 0.00 0
58103 0.00 0.00 0.00 0
58104 0.00 0.00 0.00 0
58105 0.00 0.00 0.00 0
58106 0.00 0.00 0.00 0
58107 0.00 0.00 0.00 0
58108 0.00 0.00 0.00 0
58109 0.00 0.00 0.00 0
58110 0.00 0.00 0.00 0
58111 0.00 0.00 0.00 0
58112 0.00 0.00 0.00 0
58113 0.00 0.00 0.00 0
58114 0.00 0.00 0.00 0
58115 0.00 0.00 0.00 0
58116 0.00 0.00 0.00 0
58117 0.00 0.00 0.00 0
58118 0.00 0.00 0.00 0
58119 0.00 0.00 0.00 0
58138 0.00 0.00 0.00 0
58139 0.00 0.00 0.00 0
58140 0.00 0.00 0.00 0
58141 0.00 0.00 0.00 0
58142 0.00 0.00 0.00 0
58143 0.00 0.00 0.00 0
58144 0.00 0.00 0.00 0
58145 0.00 0.00 0.00 0
58146 0.00 0.00 0.00 0
58147 0.00 0.00 0.00 0
58148 0.00 0.00 0.00 0
58149 0.00 0.00 0.00 0
58150 0.00 0.00 0.00 0
58151 0.00 0.00 0.00 0
58152 0.00 0.00 0.00 0
58153 0.00 0.00 0.00 0
58154 0.00 0.00 0.00 0
58155 0.00 0.00 0.00 0
58156 0.00 0.00 0.00 0
58157 0.00 0.00 0.00 0
58158 0.00 0.00 0.00 0
58159 0.00 0.00 0.00 0
58160 0.00 0.00 0.00 0
58161 0.00 0.00 0.00 0
58162 0.00 0.00 0.00 0
58163 0.00 0.00 0.00 0
58225 0.00 0.00 0.00 0
58226 0.00 0.00 0.00 0
58227 0.00 0.00 0.00 0
58228 0.00 0.00 0.00 0
58229 0.00 0.00 0.00 0
58230 0.00 0.00 0.00 0
59583 0.00 0.00 0.00 0
59584 0.00 0.00 0.00 0
59585 0.00 0.00 0.00 0
59586 0.00 0.00 0.00 0
59587 0.00 0.00 0.00 0
59588 0.00 0.00 0.00 0
59589 0.00 0.00 0.00 0
59590 0.00 0.00 0.00 0
59591 0.00 0.00 0.00 0
59592 0.00 0.00 0.00 0
59593 0.00 0.00 0.00 0
59594 0.00 0.00 0.00 0
59595 0.00 0.00 0.00 0
59596 0.00 0.00 0.00 0
59597 0.00 0.00 0.00 0
59598 0.00 0.00 0.00 0
59599 0.00 0.00 0.00 0
59600 0.00 0.00 0.00 0
59601 0.00 0.00 0.00 0
59602 0.00 0.00 0.00 0
59603 0.00 0.00 0.00 0
59604 0.00 0.00 0.00 0
59605 0.00 0.00 0.00 0
59614 0.00 0.00 0.00 0
59615 0.00 0.00 0.00 0
59616 0.00 0.00 0.00 0
59617 0.00 0.00 0.00 0
59618 0.00 0.00 0.00 0
59619 0.00 0.00 0.00 0
59620 0.00 0.00 0.00 0
59621 0.00 0.00 0.00 0
59622 0.00 0.00 0.00 0
59623 0.00 0.00 0.00 0
59624 0.00 0.00 0.00 0
59625 0.00 0.00 0.00 0
59626 0.00 0.00 0.00 0
59627 0.00 0.00 0.00 0
59628 0.00 0.00 0.00 0
59631 0.00 0.00 0.00 0
59636 0.00 0.00 0.00 0
59637 0.00 0.00 0.00 0
59638 0.00 0.00 0.00 0
59639 0.00 0.00 0.00 0
59640 0.00 0.00 0.00 0
59641 0.00 0.00 0.00 0
59642 0.00 0.00 0.00 0
59643 0.00 0.00 0.00 0
59645 0.00 0.00 0.00 0
59646 0.00 0.00 0.00 0
59647 0.00 0.00 0.00 0
59648 0.00 0.00 0.00 0
59649 0.00 0.00 0.00 0
59650 0.00 0.00 0.00 0
59651 0.00 0.00 0.00 0
59652 0.00 0.00 0.00 0
59653 0.00 0.00 0.00 0
59654 0.00 0.00 0.00 0
59655 0.00 0.00 0.00 0
59656 0.00 0.00 0.00 0
59657 0.00 0.00 0.00 0
59658 0.00 0.00 0.00 0
59659 0.00 0.00 0.00 0
59660 0.00 0.00 0.00 0
59661 0.00 0.00 0.00 0
59662 0.00 0.00 0.00 0
59663 0.00 0.00 0.00 0
59664 0.00 0.00 0.00 0
59665 0.00 0.00 0.00 0
59666 0.00 0.00 0.00 0
59667 0.00 0.00 0.00 0
59668 0.00 0.00 0.00 0
59669 0.00 0.00 0.00 0
59670 0.00 0.00 0.00 0
59671 0.00 0.00 0.00 0
59672 0.00 0.00 0.00 0
59684 0.00 0.00 0.00 0
59686 0.00 0.00 0.00 0
59687 0.00 0.00 0.00 0
59688 0.00 0.00 0.00 0
59689 0.00 0.00 0.00 0
59690 0.00 0.00 0.00 0
59785 0.00 0.00 0.00 0
59786 0.00 0.00 0.00 0
59787 0.00 0.00 0.00 0
59808 0.00 0.00 0.00 0
59809 0.00 0.00 0.00 0
59810 0.00 0.00 0.00 0
59811 0.00 0.00 0.00 0
59812 0.00 0.00 0.00 0
59813 0.00 0.00 0.00 0
59814 0.00 0.00 0.00 0
63888 0.00 0.00 0.00 0
63891 0.00 0.00 0.00 0
63898 0.00 0.00 0.00 0
63899 0.00 0.00 0.00 0
63900 0.00 0.00 0.00 0
63901 0.00 0.00 0.00 0
63902 0.00 0.00 0.00 0
63970 0.00 0.00 0.00 0
63971 0.00 0.00 0.00 0
63972 0.00 0.00 0.00 0
63973 0.00 0.00 0.00 0
63974 0.00 0.00 0.00 0
63975 0.00 0.00 0.00 0
63976 0.00 0.00 0.00 0
63977 0.00 0.00 0.00 0
63978 0.00 0.00 0.00 0
63979 0.00 0.00 0.00 0
63980 0.00 0.00 0.00 0
63981 0.00 0.00 0.00 0
63982 0.00 0.00 0.00 0
63983 0.00 0.00 0.00 0
63984 0.00 0.00 0.00 0
63985 0.00 0.00 0.00 0
63986 0.00 0.00 0.00 0
63987 0.00 0.00 0.00 0
64037 0.00 0.00 0.00 0
64038 0.00 0.00 0.00 0
64039 0.00 0.00 0.00 0
64040 0.00 0.00 0.00 0
64041 0.00 0.00 0.00 0
64042 0.00 0.00 0.00 0
64043 0.00 0.00 0.00 0
64044 0.00 0.00 0.00 0
64045 0.00 0.00 0.00 0
64046 0.00 0.00 0.00 0
64047 0.00 0.00 0.00 0
64048 0.00 0.00 0.00 0
64049 0.00 0.00 0.00 0
64050 0.00 0.00 0.00 0
64051 0.00 0.00 0.00 0
64052 0.00 0.00 0.00 0
64053 0.00 0.00 0.00 0
64054 0.00 0.00 0.00 0
64055 0.00 0.00 0.00 0
64056 0.00 0.00 0.00 0
64057 0.00 0.00 0.00 0
64058 0.00 0.00 0.00 0
64059 0.00 0.00 0.00 0
64061 0.00 0.00 0.00 0
64062 0.00 0.00 0.00 0
64063 0.00 0.00 0.00 0
64067 0.00 0.00 0.00 0
64068 0.00 0.00 0.00 0
64069 0.00 0.00 0.00 0
64070 0.00 0.00 0.00 0
64071 0.00 0.00 0.00 0
64072 0.00 0.00 0.00 0
64073 0.00 0.00 0.00 0
64075 0.00 0.00 0.00 0
65230 0.00 0.00 0.00 0
65231 0.00 0.00 0.00 0
65232 0.00 0.00 0.00 0
65234 0.00 0.00 0.00 0
65347 0.00 0.00 0.00 0
65348 0.00 0.00 0.00 0
65349 0.00 0.00 0.00 0
65356 0.00 0.00 0.00 0
65357 0.00 0.00 0.00 0
65358 0.00 0.00 0.00 0
65359 0.00 0.00 0.00 0
65360 0.00 0.00 0.00 0
65361 0.00 0.00 0.00 0
65362 0.00 0.00 0.00 0
65363 0.00 0.00 0.00 0
66783 0.00 0.00 0.00 0
66784 0.00 0.00 0.00 0
66785 0.00 0.00 0.00 0
66786 0.00 0.00 0.00 0
66787 0.00 0.00 0.00 0
66788 0.00 0.00 0.00 0
66789 0.00 0.00 0.00 0
66790 0.00 0.00 0.00 0
66791 0.00 0.00 0.00 0
66792 0.00 0.00 0.00 0
66793 0.00 0.00 0.00 0
66794 0.00 0.00 0.00 0
66795 0.00 0.00 0.00 0
66796 0.00 0.00 0.00 0
66797 0.00 0.00 0.00 0
66798 0.00 0.00 0.00 0
66799 0.00 0.00 0.00 0
66800 0.00 0.00 0.00 0
66801 0.00 0.00 0.00 0
66802 0.00 0.00 0.00 0
66803 0.00 0.00 0.00 0
66804 0.00 0.00 0.00 0
66805 0.00 0.00 0.00 0
66812 0.00 0.00 0.00 0
66813 0.00 0.00 0.00 0
66814 0.00 0.00 0.00 0
66815 0.00 0.00 0.00 0
66816 0.00 0.00 0.00 0
66817 0.00 0.00 0.00 0
66818 0.00 0.00 0.00 0
66819 0.00 0.00 0.00 0
66820 0.00 0.00 0.00 0
66821 0.00 0.00 0.00 0
66822 0.00 0.00 0.00 0
66823 0.00 0.00 0.00 0
66824 0.00 0.00 0.00 0
66825 0.00 0.00 0.00 0
66826 0.00 0.00 0.00 0
66827 0.00 0.00 0.00 0
66828 0.00 0.00 0.00 0
66829 0.00 0.00 0.00 0
66830 0.00 0.00 0.00 0
66831 0.00 0.00 0.00 0
66832 0.00 0.00 0.00 0
66833 0.00 0.00 0.00 0
66834 0.00 0.00 0.00 0
66835 0.00 0.00 0.00 0
66836 0.00 0.00 0.00 0
66837 0.00 0.00 0.00 0
66838 0.00 0.00 0.00 0
66839 0.00 0.00 0.00 0
66840 0.00 0.00 0.00 0
66841 0.00 0.00 0.00 0
66842 0.00 0.00 0.00 0
66843 0.00 0.00 0.00 0
66844 0.00 0.00 0.00 0
66845 0.00 0.00 0.00 0
66846 0.00 0.00 0.00 0
66847 0.00 0.00 0.00 0
66848 0.00 0.00 0.00 0
66849 0.00 0.00 0.00 0
66850 0.00 0.00 0.00 0
66851 0.00 0.00 0.00 0
66852 0.00 0.00 0.00 0
66853 0.00 0.00 0.00 0
66854 0.00 0.00 0.00 0
66855 0.00 0.00 0.00 0
66856 0.00 0.00 0.00 0
66857 0.00 0.00 0.00 0
66858 0.00 0.00 0.00 0
66859 0.00 0.00 0.00 0
66860 0.00 0.00 0.00 0
66861 0.00 0.00 0.00 0
66862 0.00 0.00 0.00 0
66863 0.00 0.00 0.00 0
66864 0.00 0.00 0.00 0
66865 0.00 0.00 0.00 0
66866 0.00 0.00 0.00 0
66867 0.00 0.00 0.00 0
66868 0.00 0.00 0.00 0
66869 0.00 0.00 0.00 0
66870 0.00 0.00 0.00 0
66871 0.00 0.00 0.00 0
66872 0.00 0.00 0.00 0
66985 0.00 0.00 0.00 0
66986 0.00 0.00 0.00 0
66987 0.00 0.00 0.00 0
66988 0.00 0.00 0.00 0
66989 0.00 0.00 0.00 0
66993 0.00 0.00 0.00 0
66994 0.00 0.00 0.00 0
66995 0.00 0.00 0.00 0
72385 0.00 0.00 0.00 0
72386 0.00 0.00 0.00 0
72387 0.00 0.00 0.00 0
72388 0.00 0.00 0.00 0
72389 0.00 0.00 0.00 0
72390 0.00 0.00 0.00 0
72391 0.00 0.00 0.00 0
72392 0.00 0.00 0.00 0
72393 0.00 0.00 0.00 0
72394 0.00 0.00 0.00 0
72395 0.00 0.00 0.00 0
72396 0.00 0.00 0.00 0
72397 0.00 0.00 0.00 0
72398 0.00 0.00 0.00 0
72399 0.00 0.00 0.00 0
72400 0.00 0.00 0.00 0
72401 0.00 0.00 0.00 0
72402 0.00 0.00 0.00 0
72403 0.00 0.00 0.00 0
72404 0.00 0.00 0.00 0
72405 0.00 0.00 0.00 0
72406 0.00 0.00 0.00 0
72407 0.00 0.00 0.00 0
72408 0.00 0.00 0.00 0
72409 0.00 0.00 0.00 0
72410 0.00 0.00 0.00 0
72411 0.00 0.00 0.00 0
72412 0.00 0.00 0.00 0
72413 0.00 0.00 0.00 0
72414 0.00 0.00 0.00 0
72415 0.00 0.00 0.00 0
72416 0.00 0.00 0.00 0
72417 0.00 0.00 0.00 0
72418 0.00 0.00 0.00 0
72419 0.00 0.00 0.00 0
72420 0.00 0.00 0.00 0
72421 0.00 0.00 0.00 0
72422 0.00 0.00 0.00 0
72423 0.00 0.00 0.00 0
72424 0.00 0.00 0.00 0
72425 0.00 0.00 0.00 0
72427 0.00 0.00 0.00 0
72610 0.00 0.00 0.00 0
72611 0.00 0.00 0.00 0
72612 0.00 0.00 0.00 0
72613 0.00 0.00 0.00 0
72614 0.00 0.00 0.00 0
72615 0.00 0.00 0.00 0
72616 0.00 0.00 0.00 0
72617 0.00 0.00 0.00 0
76165 0.00 0.00 0.00 0
76166 0.00 0.00 0.00 0
76167 0.00 0.00 0.00 0
76168 0.00 0.00 0.00 0
76169 0.00 0.00 0.00 0
76170 0.00 0.00 0.00 0
76171 0.00 0.00 0.00 0
76172 0.00 0.00 0.00 0
76173 0.00 0.00 0.00 0
76174 0.00 0.00 0.00 0
76175 0.00 0.00 0.00 0
76176 0.00 0.00 0.00 0
76177 0.00 0.00 0.00 0
76178 0.00 0.00 0.00 0
76179 0.00 0.00 0.00 0
76180 0.00 0.00 0.00 0
76181 0.00 0.00 0.00 0
76182 0.00 0.00 0.00 0
76183 0.00 0.00 0.00 0
76184 0.00 0.00 0.00 0
76185 0.00 0.00 0.00 0
76186 0.00 0.00 0.00 0
76187 0.00 0.00 0.00 0
76188 0.00 0.00 0.00 0
76189 0.00 0.00 0.00 0
76190 0.00 0.00 0.00 0
76191 0.00 0.00 0.00 0
76192 0.00 0.00 0.00 0
76193 0.00 0.00 0.00 0
76194 0.00 0.00 0.00 0
76195 0.00 0.00 0.00 0
76196 0.00 0.00 0.00 0
76197 0.00 0.00 0.00 0
76198 0.00 0.00 0.00 0
76199 0.00 0.00 0.00 0
76200 0.00 0.00 0.00 0
76201 0.00 0.00 0.00 0
76202 0.00 0.00 0.00 0
76203 0.00 0.00 0.00 0
76204 0.00 0.00 0.00 0
76205 0.00 0.00 0.00 0
76206 0.00 0.00 0.00 0
76207 0.00 0.00 0.00 0
76208 0.00 0.00 0.00 0
76209 0.00 0.00 0.00 0
76210 0.00 0.00 0.00 0
76211 0.00 0.00 0.00 0
76212 0.00 0.00 0.00 0
76213 0.00 0.00 0.00 0
76214 0.00 0.00 0.00 0
76215 0.00 0.00 0.00 0
76216 0.00 0.00 0.00 0
76367 0.00 0.00 0.00 0
76368 0.00 0.00 0.00 0
76369 0.00 0.00 0.00 0
76370 0.00 0.00 0.00 0
76371 0.00 0.00 0.00 0
76372 0.00 0.00 0.00 0
76373 0.00 0.00 0.00 0
76374 0.00 0.00 0.00 0
76375 0.00 0.00 0.00 0
76376 0.00 0.00 0.00 0
76377 0.00 0.00 0.00 0
76378 0.00 0.00 0.00 0
76379 0.00 0.00 0.00 0
76380 0.00 0.00 0.00 0
76381 0.00 0.00 0.00 0
76382 0.00 0.00 0.00 0
76383 0.00 0.00 0.00 0
76384 0.00 0.00 0.00 0
76385 0.00 0.00 0.00 0
76386 0.00 0.00 0.00 0
76387 0.00 0.00 0.00 0
76388 0.00 0.00 0.00 0
76389 0.00 0.00 0.00 0
76391 0.00 0.00 0.00 0
76392 0.00 0.00 0.00 0
76393 0.00 0.00 0.00 0
76394 0.00 0.00 0.00 0
76395 0.00 0.00 0.00 0
76396 0.00 0.00 0.00 0
76397 0.00 0.00 0.00 0
76398 0.00 0.00 0.00 0
76399 0.00 0.00 0.00 0
76400 0.00 0.00 0.00 0
76401 0.00 0.00 0.00 0
76402 0.00 0.00 0.00 0
76403 0.00 0.00 0.00 0
76404 0.00 0.00 0.00 0
76405 0.00 0.00 0.00 0
76406 0.00 0.00 0.00 0
76407 0.00 0.00 0.00 0
76408 0.00 0.00 0.00 0
76409 0.00 0.00 0.00 0
76410 0.00 0.00 0.00 0
76411 0.00 0.00 0.00 0
76412 0.00 0.00 0.00 0
76413 0.00 0.00 0.00 0
76414 0.00 0.00 0.00 0
76415 0.00 0.00 0.00 0
76416 0.00 0.00 0.00 0
76417 0.00 0.00 0.00 0
76418 0.00 0.00 0.00 0
76419 0.00 0.00 0.00 0
76420 0.00 0.00 0.00 0
76421 0.00 0.00 0.00 0
76422 0.00 0.00 0.00 0
76423 0.00 0.00 0.00 0
76424 0.00 0.00 0.00 0
76425 0.00 0.00 0.00 0
76426 0.00 0.00 0.00 0
76427 0.00 0.00 0.00 0
76428 0.00 0.00 0.00 0
76429 0.00 0.00 0.00 0
76430 0.00 0.00 0.00 0
76431 0.00 0.00 0.00 0
76432 0.00 0.00 0.00 0
76433 0.00 0.00 0.00 0
76434 0.00 0.00 0.00 0
76481 0.00 0.00 0.00 0
76482 0.00 0.00 0.00 0
76483 0.00 0.00 0.00 0
76484 0.00 0.00 0.00 0
76485 0.00 0.00 0.00 0
76486 0.00 0.00 0.00 0
76487 0.00 0.00 0.00 0
76488 0.00 0.00 0.00 0
76489 0.00 0.00 0.00 0
76490 0.00 0.00 0.00 0
76491 0.00 0.00 0.00 0
76492 0.00 0.00 0.00 0
76493 0.00 0.00 0.00 0
76494 0.00 0.00 0.00 0
76495 0.00 0.00 0.00 0
76496 0.00 0.00 0.00 0
76497 0.00 0.00 0.00 0
76498 0.00 0.00 0.00 0
76499 0.00 0.00 0.00 0
76500 0.00 0.00 0.00 0
76501 0.00 0.00 0.00 0
76502 0.00 0.00 0.00 0
76503 0.00 0.00 0.00 0
76504 0.00 0.00 0.00 0
76505 0.00 0.00 0.00 0
76506 0.00 0.00 0.00 0
76507 0.00 0.00 0.00 0
76508 0.00 0.00 0.00 0
76509 0.00 0.00 0.00 0
76510 0.00 0.00 0.00 0
76511 0.00 0.00 0.00 0
76512 0.00 0.00 0.00 0
76513 0.00 0.00 0.00 0
76514 0.00 0.00 0.00 0
76515 0.00 0.00 0.00 0
76516 0.00 0.00 0.00 0
76517 0.00 0.00 0.00 0
76518 0.00 0.00 0.00 0
76519 0.00 0.00 0.00 0
76520 0.00 0.00 0.00 0
76521 0.00 0.00 0.00 0
76522 0.00 0.00 0.00 0
76523 0.00 0.00 0.00 0
76524 0.00 0.00 0.00 0
76525 0.00 0.00 0.00 0
76526 0.00 0.00 0.00 0
76527 0.00 0.00 0.00 0
76528 0.00 0.00 0.00 0
76529 0.00 0.00 0.00 0
76530 0.00 0.00 0.00 0
76531 0.00 0.00 0.00 0
76532 0.00 0.00 0.00 0
76533 0.00 0.00 0.00 0
76534 0.00 0.00 0.00 0
76535 0.00 0.00 0.00 0
76536 0.00 0.00 0.00 0
76537 0.00 0.00 0.00 0
76538 0.00 0.00 0.00 0
76539 0.00 0.00 0.00 0
76540 0.00 0.00 0.00 0
76541 0.00 0.00 0.00 0
76542 0.00 0.00 0.00 0
76543 0.00 0.00 0.00 0
76544 0.00 0.00 0.00 0
76545 0.00 0.00 0.00 0
76546 0.00 0.00 0.00 0
76547 0.00 0.00 0.00 0
76548 0.00 0.00 0.00 0
76549 0.00 0.00 0.00 0
76550 0.00 0.00 0.00 0
76551 0.00 0.00 0.00 0
76552 0.00 0.00 0.00 0
76553 0.00 0.00 0.00 0
76554 0.00 0.00 0.00 0
76555 0.00 0.00 0.00 0
76556 0.00 0.00 0.00 0
76557 0.00 0.00 0.00 0
76558 0.00 0.00 0.00 0
76559 0.00 0.00 0.00 0
76560 0.00 0.00 0.00 0
76561 0.00 0.00 0.00 0
76562 0.00 0.00 0.00 0
76563 0.00 0.00 0.00 0
76564 0.00 0.00 0.00 0
76565 0.00 0.00 0.00 0
76566 0.00 0.00 0.00 0
76567 0.00 0.00 0.00 0
76568 0.00 0.00 0.00 0
76751 0.00 0.00 0.00 0
76752 0.00 0.00 0.00 0
76753 0.00 0.00 0.00 0
76754 0.00 0.00 0.00 0
76755 0.00 0.00 0.00 0
76756 0.00 0.00 0.00 0
76757 0.00 0.00 0.00 0
76758 0.00 0.00 0.00 0
76759 0.00 0.00 0.00 0
76760 0.00 0.00 0.00 0
76761 0.00 0.00 0.00 0
76762 0.00 0.00 0.00 0
76763 0.00 0.00 0.00 0
76764 0.00 0.00 0.00 0
76765 0.00 0.00 0.00 0
76766 0.00 0.00 0.00 0
76767 0.00 0.00 0.00 0
76768 0.00 0.00 0.00 0
76769 0.00 0.00 0.00 0
76770 0.00 0.00 0.00 0
80823 0.00 0.00 0.00 0
80824 0.00 0.00 0.00 0
80825 0.00 0.00 0.00 0
80826 0.00 0.00 0.00 0
80827 0.00 0.00 0.00 0
80828 0.00 0.00 0.00 0
80829 0.00 0.00 0.00 0
80830 0.00 0.00 0.00 0
80831 0.00 0.00 0.00 0
80832 0.00 0.00 0.00 0
80833 0.00 0.00 0.00 0
80834 0.00 0.00 0.00 0
80835 0.00 0.00 0.00 0
80836 0.00 0.00 0.00 0
80837 0.00 0.00 0.00 0
80838 0.00 0.00 0.00 0
80839 0.00 0.00 0.00 0
80840 0.00 0.00 0.00 0
80841 0.00 0.00 0.00 0
80842 0.00 0.00 0.00 0
80843 0.00 0.00 0.00 0
80844 0.00 0.00 0.00 0
80845 0.00 0.00 0.00 0
80846 0.00 0.00 0.00 0
80847 0.00 0.00 0.00 0
80848 0.00 0.00 0.00 0
80849 0.00 0.00 0.00 0
80850 0.00 0.00 0.00 0
80851 0.00 0.00 0.00 0
80852 0.00 0.00 0.00 0
80853 0.00 0.00 0.00 0
80854 0.00 0.00 0.00 0
80855 0.00 0.00 0.00 0
80856 0.00 0.00 0.00 0
80857 0.00 0.00 0.00 0
80858 0.00 0.00 0.00 0
80859 0.00 0.00 0.00 0
80860 0.00 0.00 0.00 0
80861 0.00 0.00 0.00 0
80862 0.00 0.00 0.00 0
80863 0.00 0.00 0.00 0
80864 0.00 0.00 0.00 0
80865 0.00 0.00 0.00 0
80866 0.00 0.00 0.00 0
80867 0.00 0.00 0.00 0
80868 0.00 0.00 0.00 0
80869 0.00 0.00 0.00 0
80870 0.00 0.00 0.00 0
80871 0.00 0.00 0.00 0
80872 0.00 0.00 0.00 0
80873 0.00 0.00 0.00 0
80874 0.00 0.00 0.00 0
80875 0.00 0.00 0.00 0
80876 0.00 0.00 0.00 0
80877 0.00 0.00 0.00 0
80878 0.00 0.00 0.00 0
80879 0.00 0.00 0.00 0
80880 0.00 0.00 0.00 0
80881 0.00 0.00 0.00 0
80882 0.00 0.00 0.00 0
80883 0.00 0.00 0.00 0
80884 0.00 0.00 0.00 0
80885 0.00 0.00 0.00 0
80907 0.00 0.00 0.00 0
80908 0.00 0.00 0.00 0
80909 0.00 0.00 0.00 0
80910 0.00 0.00 0.00 0
80911 0.00 0.00 0.00 0
80912 0.00 0.00 0.00 0
80913 0.00 0.00 0.00 0
80917 0.00 0.00 0.00 0
80919 0.00 0.00 0.00 0
80921 0.00 0.00 0.00 0
80922 0.00 0.00 0.00 0
80923 0.00 0.00 0.00 0
80924 0.00 0.00 0.00 0
80925 0.00 0.00 0.00 0
80926 0.00 0.00 0.00 0
80927 0.00 0.00 0.00 0
80928 0.00 0.00 0.00 0
80929 0.00 0.00 0.00 0
80930 0.00 0.00 0.00 0
80931 0.00 0.00 0.00 0
80932 0.00 0.00 0.00 0
80933 0.00 0.00 0.00 0
80934 0.00 0.00 0.00 0
80935 0.00 0.00 0.00 0
80936 0.00 0.00 0.00 0
80937 0.00 0.00 0.00 0
80938 0.00 0.00 0.00 0
80939 0.00 0.00 0.00 0
80940 0.00 0.00 0.00 0
80941 0.00 0.00 0.00 0
80942 0.00 0.00 0.00 0
80943 0.00 0.00 0.00 0
80944 0.00 0.00 0.00 0
80945 0.00 0.00 0.00 0
80946 0.00 0.00 0.00 0
80947 0.00 0.00 0.00 0
80948 0.00 0.00 0.00 0
80949 0.00 0.00 0.00 0
80950 0.00 0.00 0.00 0
80951 0.00 0.00 0.00 0
80952 0.00 0.00 0.00 0
80981 0.00 0.00 0.00 0
80982 0.00 0.00 0.00 0
80983 0.00 0.00 0.00 0
80984 0.00 0.00 0.00 0
80985 0.00 0.00 0.00 0
80986 0.00 0.00 0.00 0
80989 0.00 0.00 0.00 0
80990 0.00 0.00 0.00 0
80991 0.00 0.00 0.00 0
81033 0.00 0.00 0.00 0
81034 0.00 0.00 0.00 0
81035 0.00 0.00 0.00 0
81048 0.00 0.00 0.00 0
81049 0.00 0.00 0.00 0
81050 0.00 0.00 0.00 0
81051 0.00 0.00 0.00 0
81052 0.00 0.00 0.00 0
81053 0.00 0.00 0.00 0
81054 0.00 0.00 0.00 0
81055 0.00 0.00 0.00 0
81056 0.00 0.00 0.00 0
81057 0.00 0.00 0.00 0
81058 0.00 0.00 0.00 0
81059 0.00 0.00 0.00 0
81060 0.00 0.00 0.00 0
81062 0.00 0.00 0.00 0
81099 0.00 0.00 0.00 0
81100 0.00 0.00 0.00 0
81106 0.00 0.00 0.00 0
81107 0.00 0.00 0.00 0
81108 0.00 0.00 0.00 0
81109 0.00 0.00 0.00 0
81110 0.00 0.00 0.00 0
81111 0.00 0.00 0.00 0
81112 0.00 0.00 0.00 0
81113 0.00 0.00 0.00 0
81114 0.00 0.00 0.00 0
81115 0.00 0.00 0.00 0
81127 0.00 0.00 0.00 0
81132 0.00 0.00 0.00 0
81133 0.00 0.00 0.00 0
81134 0.00 0.00 0.00 0
81135 0.00 0.00 0.00 0
81136 0.00 0.00 0.00 0
81137 0.00 0.00 0.00 0
81138 0.00 0.00 0.00 0
81139 0.00 0.00 0.00 0
81140 0.00 0.00 0.00 0
81141 0.00 0.00 0.00 0
81142 0.00 0.00 0.00 0
81143 0.00 0.00 0.00 0
81144 0.00 0.00 0.00 0
81430 0.00 0.00 0.00 0
81431 0.00 0.00 0.00 0
81432 0.00 0.00 0.00 0
81498 0.00 0.00 0.00 0
81499 0.00 0.00 0.00 0
81500 0.00 0.00 0.00 0
81501 0.00 0.00 0.00 0
81502 0.00 0.00 0.00 0
81503 0.00 0.00 0.00 0
81504 0.00 0.00 0.00 0
81505 0.00 0.00 0.00 0
81506 0.00 0.00 0.00 0
81507 0.00 0.00 0.00 0
81508 0.00 0.00 0.00 0
81512 0.00 0.00 0.00 0
81513 0.00 0.00 0.00 0
81514 0.00 0.00 0.00 0
92266 0.00 0.00 0.00 0
92267 0.00 0.00 0.00 0
92268 0.00 0.00 0.00 0
92269 0.00 0.00 0.00 0
92270 0.00 0.00 0.00 0
92284 0.00 0.00 0.00 0
92285 0.00 0.00 0.00 0
92286 0.00 0.00 0.00 0
92287 0.00 0.00 0.00 0
92288 0.00 0.00 0.00 0
92289 0.00 0.00 0.00 0
92290 0.00 0.00 0.00 0
92291 0.00 0.00 0.00 0
92297 0.00 0.00 0.00 0
92298 0.00 0.00 0.00 0
92299 0.00 0.00 0.00 0
92300 0.00 0.00 0.00 0
92301 0.00 0.00 0.00 0
92302 0.00 0.00 0.00 0
92303 0.00 0.00 0.00 0
92304 0.00 0.00 0.00 0
92855 0.00 0.00 0.00 0
92856 0.00 0.00 0.00 0
92857 0.00 0.00 0.00 0
92858 0.00 0.00 0.00 0
92859 0.00 0.00 0.00 0
92860 0.00 0.00 0.00 0
92861 0.00 0.00 0.00 0
92862 0.00 0.00 0.00 0
92863 0.00 0.00 0.00 0
92864 0.00 0.00 0.00 0
92887 0.00 0.00 0.00 0
92888 0.00 0.00 0.00 0
92889 0.00 0.00 0.00 0
92890 0.00 0.00 0.00 0
92891 0.00 0.00 0.00 0
93967 0.00 0.00 0.00 0
93968 0.00 0.00 0.00 0
93969 0.00 0.00 0.00 0
93970 0.00 0.00 0.00 0
93971 0.00 0.00 0.00 0
94723 0.00 0.00 0.00 0
94724 0.00 0.00 0.00 0
94725 0.00 0.00 0.00 0
94726 0.00 0.00 0.00 0
94727 0.00 0.00 0.00 0
94763 0.00 0.00 0.00 0
94764 0.00 0.00 0.00 0
94765 0.00 0.00 0.00 0
94766 0.00 0.00 0.00 0
94767 0.00 0.00 0.00 0
94768 0.00 0.00 0.00 0
94769 0.00 0.00 0.00 0
94770 0.00 0.00 0.00 0
94771 0.00 0.00 0.00 0
94772 0.00 0.00 0.00 0
94773 0.00 0.00 0.00 0
94774 0.00 0.00 0.00 0
94775 0.00 0.00 0.00 0
94776 0.00 0.00 0.00 0
94790 0.00 0.00 0.00 0
94791 0.00 0.00 0.00 0
94792 0.00 0.00 0.00 0
94793 0.00 0.00 0.00 0
94794 0.00 0.00 0.00 0
94795 0.00 0.00 0.00 0
94796 0.00 0.00 0.00 0
94797 0.00 0.00 0.00 0
94798 0.00 0.00 0.00 0
94799 0.00 0.00 0.00 0
94800 0.00 0.00 0.00 0
94801 0.00 0.00 0.00 0
94802 0.00 0.00 0.00 0
94840 0.00 0.00 0.00 0
94841 0.00 0.00 0.00 0
94842 0.00 0.00 0.00 0
95655 0.00 0.00 0.00 0
95656 0.00 0.00 0.00 0
95657 0.00 0.00 0.00 0
95658 0.00 0.00 0.00 0
95659 0.00 0.00 0.00 0
95660 0.00 0.00 0.00 0
95661 0.00 0.00 0.00 0
95662 0.00 0.00 0.00 0
95663 0.00 0.00 0.00 0
95664 0.00 0.00 0.00 0
95665 0.00 0.00 0.00 0
95666 0.00 0.00 0.00 0
95667 0.00 0.00 0.00 0
95668 0.00 0.00 0.00 0
95674 0.00 0.00 0.00 0
95675 0.00 0.00 0.00 0
95676 0.00 0.00 0.00 0
95677 0.00 0.00 0.00 0
95678 0.00 0.00 0.00 0
95679 0.00 0.00 0.00 0
95680 0.00 0.00 0.00 0
95681 0.00 0.00 0.00 0
95682 0.00 0.00 0.00 0
95683 0.00 0.00 0.00 0
95684 0.00 0.00 0.00 0
95685 0.00 0.00 0.00 0
95686 0.00 0.00 0.00 0
95687 0.00 0.00 0.00 0
95688 0.00 0.00 0.00 0
95689 0.00 0.00 0.00 0
95690 0.00 0.00 0.00 0
95691 0.00 0.00 0.00 0
95692 0.00 0.00 0.00 0
95693 0.00 0.00 0.00 0
95694 0.00 0.00 0.00 0
95695 0.00 0.00 0.00 0
95696 0.00 0.00 0.00 0
95697 0.00 0.00 0.00 0
95698 0.00 0.00 0.00 0
95699 0.00 0.00 0.00 0
95700 0.00 0.00 0.00 0
95701 0.00 0.00 0.00 0
95702 0.00 0.00 0.00 0
95703 0.00 0.00 0.00 0
95704 0.00 0.00 0.00 0
95705 0.00 0.00 0.00 0
95706 0.00 0.00 0.00 0
95707 0.00 0.00 0.00 0
95708 0.00 0.00 0.00 0
95718 0.00 0.00 0.00 0
95719 0.00 0.00 0.00 0
95776 0.00 0.00 0.00 0
95777 0.00 0.00 0.00 0
95778 0.00 0.00 0.00 0
95779 0.00 0.00 0.00 0
95790 0.00 0.00 0.00 0
95791 0.00 0.00 0.00 0
95792 0.00 0.00 0.00 0
95793 0.00 0.00 0.00 0
95794 0.00 0.00 0.00 0
98238 0.00 0.00 0.00 0
98239 0.00 0.00 0.00 0
98240 0.00 0.00 0.00 0
98241 0.00 0.00 0.00 0
98242 0.00 0.00 0.00 0
98243 0.00 0.00 0.00 0
98244 0.00 0.00 0.00 0
98245 0.00 0.00 0.00 0
98246 0.00 0.00 0.00 0
98287 0.00 0.00 0.00 0
98288 0.00 0.00 0.00 0
98289 0.00 0.00 0.00 0
98290 0.00 0.00 0.00 0
98291 0.00 0.00 0.00 0
98292 0.00 0.00 0.00 0
98293 0.00 0.00 0.00 0
98294 0.00 0.00 0.00 0
98295 0.00 0.00 0.00 0
98296 0.00 0.00 0.00 0
98327 0.00 0.00 0.00 0
98328 0.00 0.00 0.00 0
98329 0.00 0.00 0.00 0
98330 0.00 0.00 0.00 0
98331 0.00 0.00 0.00 0
98332 0.00 0.00 0.00 0
98333 0.00 0.00 0.00 0
98334 0.00 0.00 0.00 0
98335 0.00 0.00 0.00 0
98336 0.00 0.00 0.00 0
98337 0.00 0.00 0.00 0
98338 0.00 0.00 0.00 0
98339 0.00 0.00 0.00 0
98340 0.00 0.00 0.00 0
98341 0.00 0.00 0.00 0
98342 0.00 0.00 0.00 0
98343 0.00 0.00 0.00 0
98344 0.00 0.00 0.00 0
98345 0.00 0.00 0.00 0
98346 0.00 0.00 0.00 0
99043 0.00 0.00 0.00 0
99044 0.00 0.00 0.00 0
99120 0.00 0.00 0.00 0
99975 0.00 0.00 0.00 0
99976 0.00 0.00 0.00 0
99977 0.00 0.00 0.00 0
99978 0.00 0.00 0.00 0
99979 0.00 0.00 0.00 0
99981 0.00 0.00 0.00 0
99982 0.00 0.00 0.00 0
99983 0.00 0.00 0.00 0
99984 0.00 0.00 0.00 0
99985 0.00 0.00 0.00 0
99986 0.00 0.00 0.00 0
99987 0.00 0.00 0.00 0
99988 0.00 0.00 0.00 0
99994 0.00 0.00 0.00 0
99995 0.00 0.00 0.00 0
99996 0.00 0.00 0.00 0
99997 0.00 0.00 0.00 0
99998 0.00 0.00 0.00 0
99999 0.00 0.00 0.00 0
100000 0.00 0.00 0.00 0
100001 0.00 0.00 0.00 0
100002 0.00 0.00 0.00 0
100003 0.00 0.00 0.00 0
100004 0.00 0.00 0.00 0
100005 0.00 0.00 0.00 0
100006 0.00 0.00 0.00 0
100007 0.00 0.00 0.00 0
100008 0.00 0.00 0.00 0
100009 0.00 0.00 0.00 0
100010 0.00 0.00 0.00 0
100011 0.00 0.00 0.00 0
100012 0.00 0.00 0.00 0
100013 0.00 0.00 0.00 0
100014 0.00 0.00 0.00 0
100015 0.00 0.00 0.00 0
100016 0.00 0.00 0.00 0
100017 0.00 0.00 0.00 0
100018 0.00 0.00 0.00 0
100019 0.00 0.00 0.00 0
100020 0.00 0.00 0.00 0
100021 0.00 0.00 0.00 0
100022 0.00 0.00 0.00 0
100023 0.00 0.00 0.00 0
100024 0.00 0.00 0.00 0
100025 0.00 0.00 0.00 0
100026 0.00 0.00 0.00 0
100027 0.00 0.00 0.00 0
100028 0.00 0.00 0.00 0
100096 0.00 0.00 0.00 0
100097 0.00 0.00 0.00 0
100098 0.00 0.00 0.00 0
100099 0.00 0.00 0.00 0
100100 0.00 0.00 0.00 0
100101 0.00 0.00 0.00 0
100102 0.00 0.00 0.00 0
100103 0.00 0.00 0.00 0
100104 0.00 0.00 0.00 0
100107 0.00 0.00 0.00 0
100108 0.00 0.00 0.00 0
100109 0.00 0.00 0.00 0
103336 0.00 0.00 0.00 0
103337 0.00 0.00 0.00 0
103338 0.00 0.00 0.00 0
103339 0.00 0.00 0.00 0
103340 0.00 0.00 0.00 0
103341 0.00 0.00 0.00 0
103342 0.00 0.00 0.00 0
103343 0.00 0.00 0.00 0
103344 0.00 0.00 0.00 0
103345 0.00 0.00 0.00 0
103346 0.00 0.00 0.00 0
103347 0.00 0.00 0.00 0
103348 0.00 0.00 0.00 0
103349 0.00 0.00 0.00 0
103350 0.00 0.00 0.00 0
103351 0.00 0.00 0.00 0
103352 0.00 0.00 0.00 0
103353 0.00 0.00 0.00 0
103354 0.00 0.00 0.00 0
103356 0.00 0.00 0.00 0
103357 0.00 0.00 0.00 0
103358 0.00 0.00 0.00 0
103359 0.00 0.00 0.00 0
103360 0.00 0.00 0.00 0
103471 0.00 0.00 0.00 0
103472 0.00 0.00 0.00 0
103473 0.00 0.00 0.00 0
103474 0.00 0.00 0.00 0
103475 0.00 0.00 0.00 0
105604 0.00 0.00 0.00 0
105605 0.00 0.00 0.00 0
105606 0.00 0.00 0.00 0
105607 0.00 0.00 0.00 0
105608 0.00 0.00 0.00 0
105609 0.00 0.00 0.00 0
105610 0.00 0.00 0.00 0
105611 0.00 0.00 0.00 0
105612 0.00 0.00 0.00 0
105613 0.00 0.00 0.00 0
105614 0.00 0.00 0.00 0
105615 0.00 0.00 0.00 0
105616 0.00 0.00 0.00 0
105617 0.00 0.00 0.00 0
105618 0.00 0.00 0.00 0
105619 0.00 0.00 0.00 0
105620 0.00 0.00 0.00 0
105621 0.00 0.00 0.00 0
105622 0.00 0.00 0.00 0
105623 0.00 0.00 0.00 0
105624 0.00 0.00 0.00 0
105625 0.00 0.00 0.00 0
105626 0.00 0.00 0.00 0
105627 0.00 0.00 0.00 0
105628 0.00 0.00 0.00 0
105629 0.00 0.00 0.00 0
105630 0.00 0.00 0.00 0
105631 0.00 0.00 0.00 0
105632 0.00 0.00 0.00 0
105633 0.00 0.00 0.00 0
105634 0.00 0.00 0.00 0
105635 0.00 0.00 0.00 0
105725 0.00 0.00 0.00 0
105726 0.00 0.00 0.00 0
105727 0.00 0.00 0.00 0
105728 0.00 0.00 0.00 0
105729 0.00 0.00 0.00 0
105730 0.00 0.00 0.00 0
105731 0.00 0.00 0.00 0
105732 0.00 0.00 0.00 0
105733 0.00 0.00 0.00 0
105734 0.00 0.00 0.00 0
105735 0.00 0.00 0.00 0
105736 0.00 0.00 0.00 0
105737 0.00 0.00 0.00 0
105738 0.00 0.00 0.00 0
105739 0.00 0.00 0.00 0
105740 0.00 0.00 0.00 0
105741 0.00 0.00 0.00 0
105742 0.00 0.00 0.00 0
105743 0.00 0.00 0.00 0
105744 0.00 0.00 0.00 0
105745 0.00 0.00 0.00 0
105746 0.00 0.00 0.00 0
105747 0.00 0.00 0.00 0
105748 0.00 0.00 0.00 0
105749 0.00 0.00 0.00 0
105750 0.00 0.00 0.00 0
105751 0.00 0.00 0.00 0
105752 0.00 0.00 0.00 0
105753 0.00 0.00 0.00 0
105754 0.00 0.00 0.00 0
105755 0.00 0.00 0.00 0
105756 0.00 0.00 0.00 0
105757 0.00 0.00 0.00 0
105758 0.00 0.00 0.00 0
105759 0.00 0.00 0.00 0
105760 0.00 0.00 0.00 0
105761 0.00 0.00 0.00 0
105762 0.00 0.00 0.00 0
105763 0.00 0.00 0.00 0
105764 0.00 0.00 0.00 0
105765 0.00 0.00 0.00 0
105794 0.00 0.00 0.00 0
105796 0.00 0.00 0.00 0
105797 0.00 0.00 0.00 0
105798 0.00 0.00 0.00 0
105799 0.00 0.00 0.00 0
105800 0.00 0.00 0.00 0
105801 0.00 0.00 0.00 0
105802 0.00 0.00 0.00 0
105803 0.00 0.00 0.00 0
105804 0.00 0.00 0.00 0
105805 0.00 0.00 0.00 0
105806 0.00 0.00 0.00 0
105807 0.00 0.00 0.00 0
105808 0.00 0.00 0.00 0
105809 0.00 0.00 0.00 0
105810 0.00 0.00 0.00 0
105811 0.00 0.00 0.00 0
105812 0.00 0.00 0.00 0
105813 0.00 0.00 0.00 0
105814 0.00 0.00 0.00 0
105815 0.00 0.00 0.00 0
105816 0.00 0.00 0.00 0
105817 0.00 0.00 0.00 0
105818 0.00 0.00 0.00 0
105819 0.00 0.00 0.00 0
105820 0.00 0.00 0.00 0
105821 0.00 0.00 0.00 0
105822 0.00 0.00 0.00 0
105823 0.00 0.00 0.00 0
105824 0.00 0.00 0.00 0
105825 0.00 0.00 0.00 0
105826 0.00 0.00 0.00 0
105827 0.00 0.00 0.00 0
105828 0.00 0.00 0.00 0
105829 0.00 0.00 0.00 0
105830 0.00 0.00 0.00 0
105831 0.00 0.00 0.00 0
105832 0.00 0.00 0.00 0
105833 0.00 0.00 0.00 0
105834 0.00 0.00 0.00 0
105835 0.00 0.00 0.00 0
105836 0.00 0.00 0.00 0
105837 0.00 0.00 0.00 0
105838 0.00 0.00 0.00 0
105839 0.00 0.00 0.00 0
105840 0.00 0.00 0.00 0
105841 0.00 0.00 0.00 0
105842 0.00 0.00 0.00 0
105843 0.00 0.00 0.00 0
105844 0.00 0.00 0.00 0
105845 0.00 0.00 0.00 0
105955 0.00 0.00 0.00 0
105957 0.00 0.00 0.00 0
105958 0.00 0.00 0.00 0
105959 0.00 0.00 0.00 0
105960 0.00 0.00 0.00 0
105961 0.00 0.00 0.00 0
105962 0.00 0.00 0.00 0
105963 0.00 0.00 0.00 0
105964 0.00 0.00 0.00 0
105965 0.00 0.00 0.00 0
105966 0.00 0.00 0.00 0
108399 0.00 0.00 0.00 0
108400 0.00 0.00 0.00 0
108401 0.00 0.00 0.00 0
108402 0.00 0.00 0.00 0
108403 0.00 0.00 0.00 0
108404 0.00 0.00 0.00 0
108405 0.00 0.00 0.00 0
108406 0.00 0.00 0.00 0
108407 0.00 0.00 0.00 0
108408 0.00 0.00 0.00 0
108409 0.00 0.00 0.00 0
108410 0.00 0.00 0.00 0
108411 0.00 0.00 0.00 0
108412 0.00 0.00 0.00 0
108413 0.00 0.00 0.00 0
108414 0.00 0.00 0.00 0
108415 0.00 0.00 0.00 0
108416 0.00 0.00 0.00 0
108417 0.00 0.00 0.00 0
108418 0.00 0.00 0.00 0
108419 0.00 0.00 0.00 0
108420 0.00 0.00 0.00 0
108421 0.00 0.00 0.00 0
108422 0.00 0.00 0.00 0
108423 0.00 0.00 0.00 0
108424 0.00 0.00 0.00 0
108425 0.00 0.00 0.00 0
108426 0.00 0.00 0.00 0
108427 0.00 0.00 0.00 0
108428 0.00 0.00 0.00 0
108429 0.00 0.00 0.00 0
108430 0.00 0.00 0.00 0
108431 0.00 0.00 0.00 0
108432 0.00 0.00 0.00 0
108433 0.00 0.00 0.00 0
108434 0.00 0.00 0.00 0
108435 0.00 0.00 0.00 0
108436 0.00 0.00 0.00 0
108437 0.00 0.00 0.00 0
108438 0.00 0.00 0.00 0
108439 0.00 0.00 0.00 0
108452 0.00 0.00 0.00 0
108453 0.00 0.00 0.00 0
108456 0.00 0.00 0.00 0
108457 0.00 0.00 0.00 0
108458 0.00 0.00 0.00 0
108459 0.00 0.00 0.00 0
108460 0.00 0.00 0.00 0
108461 0.00 0.00 0.00 0
108462 0.00 0.00 0.00 0
108463 0.00 0.00 0.00 0
108464 0.00 0.00 0.00 0
108465 0.00 0.00 0.00 0
108466 0.00 0.00 0.00 0
108467 0.00 0.00 0.00 0
108468 0.00 0.00 0.00 0
108469 0.00 0.00 0.00 0
108470 0.00 0.00 0.00 0
108471 0.00 0.00 0.00 0
108472 0.00 0.00 0.00 0
108473 0.00 0.00 0.00 0
108474 0.00 0.00 0.00 0
108475 0.00 0.00 0.00 0
108494 0.00 0.00 0.00 0
108495 0.00 0.00 0.00 0
108496 0.00 0.00 0.00 0
108497 0.00 0.00 0.00 0
108498 0.00 0.00 0.00 0
108499 0.00 0.00 0.00 0
108500 0.00 0.00 0.00 0
108525 0.00 0.00 0.00 0
108526 0.00 0.00 0.00 0
108527 0.00 0.00 0.00 0
108528 0.00 0.00 0.00 0
108532 0.00 0.00 0.00 0
108533 0.00 0.00 0.00 0
108534 0.00 0.00 0.00 0
108535 0.00 0.00 0.00 0
108536 0.00 0.00 0.00 0
108537 0.00 0.00 0.00 0
108538 0.00 0.00 0.00 0
108539 0.00 0.00 0.00 0
108540 0.00 0.00 0.00 0
108541 0.00 0.00 0.00 0
108542 0.00 0.00 0.00 0
108545 0.00 0.00 0.00 0
108570 0.00 0.00 0.00 0
108571 0.00 0.00 0.00 0
108572 0.00 0.00 0.00 0
108573 0.00 0.00 0.00 0
108574 0.00 0.00 0.00 0
108583 0.00 0.00 0.00 0
108584 0.00 0.00 0.00 0
108585 0.00 0.00 0.00 0
108586 0.00 0.00 0.00 0
108587 0.00 0.00 0.00 0
108588 0.00 0.00 0.00 0
108589 0.00 0.00 0.00 0
108590 0.00 0.00 0.00 0
108591 0.00 0.00 0.00 0
108592 0.00 0.00 0.00 0
108763 0.00 0.00 0.00 0
108764 0.00 0.00 0.00 0
108765 0.00 0.00 0.00 0
108804 0.00 0.00 0.00 0
108805 0.00 0.00 0.00 0
108806 0.00 0.00 0.00 0
108807 0.00 0.00 0.00 0
108808 0.00 0.00 0.00 0
108809 0.00 0.00 0.00 0
108810 0.00 0.00 0.00 0
108811 0.00 0.00 0.00 0
115447 0.00 0.00 0.00 0
115448 0.00 0.00 0.00 0
115449 0.00 0.00 0.00 0
115450 0.00 0.00 0.00 0
115451 0.00 0.00 0.00 0
115452 0.00 0.00 0.00 0
115453 0.00 0.00 0.00 0
115454 0.00 0.00 0.00 0
115486 0.00 0.00 0.00 0
115487 0.00 0.00 0.00 0
115488 0.00 0.00 0.00 0
115489 0.00 0.00 0.00 0
115490 0.00 0.00 0.00 0
115491 0.00 0.00 0.00 0
115492 0.00 0.00 0.00 0
115493 0.00 0.00 0.00 0
115494 0.00 0.00 0.00 0
115495 0.00 0.00 0.00 0
115496 0.00 0.00 0.00 0
115501 0.00 0.00 0.00 0
115502 0.00 0.00 0.00 0
115517 0.00 0.00 0.00 0
115518 0.00 0.00 0.00 0
115519 0.00 0.00 0.00 0
115520 0.00 0.00 0.00 0
115521 0.00 0.00 0.00 0
115522 0.00 0.00 0.00 0
115523 0.00 0.00 0.00 0
115524 0.00 0.00 0.00 0
115525 0.00 0.00 0.00 0
115526 0.00 0.00 0.00 0
115527 0.00 0.00 0.00 0
115528 0.00 0.00 0.00 0
115529 0.00 0.00 0.00 0
115530 0.00 0.00 0.00 0
115531 0.00 0.00 0.00 0
115532 0.00 0.00 0.00 0
115533 0.00 0.00 0.00 0
115534 0.00 0.00 0.00 0
115535 0.00 0.00 0.00 0
116800 0.00 0.00 0.00 0
116814 0.00 0.00 0.00 0
116815 0.00 0.00 0.00 0
116816 0.00 0.00 0.00 0
116817 0.00 0.00 0.00 0
116818 0.00 0.00 0.00 0
116819 0.00 0.00 0.00 0
116820 0.00 0.00 0.00 0
116821 0.00 0.00 0.00 0
116822 0.00 0.00 0.00 0
116823 0.00 0.00 0.00 0
116824 0.00 0.00 0.00 0
116825 0.00 0.00 0.00 0
116826 0.00 0.00 0.00 0
116827 0.00 0.00 0.00 0
116828 0.00 0.00 0.00 0
116829 0.00 0.00 0.00 0
116830 0.00 0.00 0.00 0
116831 0.00 0.00 0.00 0
116832 0.00 0.00 0.00 0
116833 0.00 0.00 0.00 0
116834 0.00 0.00 0.00 0
116835 0.00 0.00 0.00 0
116836 0.00 0.00 0.00 0
116837 0.00 0.00 0.00 0
116838 0.00 0.00 0.00 0
116839 0.00 0.00 0.00 0
116840 0.00 0.00 0.00 0
116893 0.00 0.00 0.00 0
116894 0.00 0.00 0.00 0
116895 0.00 0.00 0.00 0
116896 0.00 0.00 0.00 0
116897 0.00 0.00 0.00 0
116898 0.00 0.00 0.00 0
116899 0.00 0.00 0.00 0
116900 0.00 0.00 0.00 0
116901 0.00 0.00 0.00 0
116902 0.00 0.00 0.00 0
116903 0.00 0.00 0.00 0
119413 0.00 0.00 0.00 0
119414 0.00 0.00 0.00 0
119415 0.00 0.00 0.00 0
119416 0.00 0.00 0.00 0
119417 0.00 0.00 0.00 0
119418 0.00 0.00 0.00 0
119419 0.00 0.00 0.00 0
119420 0.00 0.00 0.00 0
119421 0.00 0.00 0.00 0
119422 0.00 0.00 0.00 0
119423 0.00 0.00 0.00 0
119424 0.00 0.00 0.00 0
119425 0.00 0.00 0.00 0
119426 0.00 0.00 0.00 0
119517 0.00 0.00 0.00 0
119518 0.00 0.00 0.00 0
119519 0.00 0.00 0.00 0
119549 0.00 0.00 0.00 0
119551 0.00 0.00 0.00 0
121177 0.00 0.00 0.00 0
121178 0.00 0.00 0.00 0
121179 0.00 0.00 0.00 0
121180 0.00 0.00 0.00 0
121181 0.00 0.00 0.00 0
121182 0.00 0.00 0.00 0
121183 0.00 0.00 0.00 0
121184 0.00 0.00 0.00 0
121185 0.00 0.00 0.00 0
121186 0.00 0.00 0.00 0
121187 0.00 0.00 0.00 0
121189 0.00 0.00 0.00 0
121190 0.00 0.00 0.00 0
121191 0.00 0.00 0.00 0
121271 0.00 0.00 0.00 0
121272 0.00 0.00 0.00 0
121273 0.00 0.00 0.00 0
121274 0.00 0.00 0.00 0
121275 0.00 0.00 0.00 0
121276 0.00 0.00 0.00 0
121277 0.00 0.00 0.00 0
121278 0.00 0.00 0.00 0
121279 0.00 0.00 0.00 0
121280 0.00 0.00 0.00 0
121281 0.00 0.00 0.00 0
121282 0.00 0.00 0.00 0
121283 0.00 0.00 0.00 0
121284 0.00 0.00 0.00 0
121285 0.00 0.00 0.00 0
121286 0.00 0.00 0.00 0
121287 0.00 0.00 0.00 0
121288 0.00 0.00 0.00 0
121289 0.00 0.00 0.00 0
121290 0.00 0.00 0.00 0
121291 0.00 0.00 0.00 0
121292 0.00 0.00 0.00 0
121293 0.00 0.00 0.00 0
121294 0.00 0.00 0.00 0
121295 0.00 0.00 0.00 0
121296 0.00 0.00 0.00 0
121297 0.00 0.00 0.00 0
121298 0.00 0.00 0.00 0
121299 0.00 0.00 0.00 0
121300 0.00 0.00 0.00 0
121301 0.00 0.00 0.00 0
121302 0.00 0.00 0.00 0
121327 0.00 0.00 0.00 0
121328 0.00 0.00 0.00 0
121329 0.00 0.00 0.00 0
121330 0.00 0.00 0.00 0
121331 0.00 0.00 0.00 0
121332 0.00 0.00 0.00 0
121333 0.00 0.00 0.00 0
121334 0.00 0.00 0.00 0
121335 0.00 0.00 0.00 0
121336 0.00 0.00 0.00 0
121337 0.00 0.00 0.00 0
121338 0.00 0.00 0.00 0
121339 0.00 0.00 0.00 0
121340 0.00 0.00 0.00 0
121341 0.00 0.00 0.00 0
121342 0.00 0.00 0.00 0
121343 0.00 0.00 0.00 0
121344 0.00 0.00 0.00 0
121345 0.00 0.00 0.00 0
121346 0.00 0.00 0.00 0
121347 0.00 0.00 0.00 0
121348 0.00 0.00 0.00 0
121349 0.00 0.00 0.00 0
121350 0.00 0.00 0.00 0
121351 0.00 0.00 0.00 0
121352 0.00 0.00 0.00 0
121353 0.00 0.00 0.00 0
121354 0.00 0.00 0.00 0
121355 0.00 0.00 0.00 0
121356 0.00 0.00 0.00 0
121357 0.00 0.00 0.00 0
121358 0.00 0.00 0.00 0
121359 0.00 0.00 0.00 0
121360 0.00 0.00 0.00 0
121361 0.00 0.00 0.00 0
121362 0.00 0.00 0.00 0
121363 0.00 0.00 0.00 0
121364 0.00 0.00 0.00 0
121450 0.00 0.00 0.00 0
121451 0.00 0.00 0.00 0
121452 0.00 0.00 0.00 0
121453 0.00 0.00 0.00 0
121454 0.00 0.00 0.00 0
121455 0.00 0.00 0.00 0
121456 0.00 0.00 0.00 0
121457 0.00 0.00 0.00 0
121458 0.00 0.00 0.00 0
123351 0.00 0.00 0.00 0
123352 0.00 0.00 0.00 0
123353 0.00 0.00 0.00 0
123354 0.00 0.00 0.00 0
123355 0.00 0.00 0.00 0
123356 0.00 0.00 0.00 0
123357 0.00 0.00 0.00 0
123358 0.00 0.00 0.00 0
123359 0.00 0.00 0.00 0
123360 0.00 0.00 0.00 0
123361 0.00 0.00 0.00 0
123362 0.00 0.00 0.00 0
123363 0.00 0.00 0.00 0
123364 0.00 0.00 0.00 0
123365 0.00 0.00 0.00 0
123366 0.00 0.00 0.00 0
123367 0.00 0.00 0.00 0
123368 0.00 0.00 0.00 0
123369 0.00 0.00 0.00 0
123370 0.00 0.00 0.00 0
123371 0.00 0.00 0.00 0
123372 0.00 0.00 0.00 0
123373 0.00 0.00 0.00 0
123374 0.00 0.00 0.00 0
123375 0.00 0.00 0.00 0
123376 0.00 0.00 0.00 0
123377 0.00 0.00 0.00 0
123378 0.00 0.00 0.00 0
123379 0.00 0.00 0.00 0
123380 0.00 0.00 0.00 0
123381 0.00 0.00 0.00 0
123382 0.00 0.00 0.00 0
123394 0.00 0.00 0.00 0
123395 0.00 0.00 0.00 0
123396 0.00 0.00 0.00 0
123397 0.00 0.00 0.00 0
123398 0.00 0.00 0.00 0
123399 0.00 0.00 0.00 0
123400 0.00 0.00 0.00 0
123401 0.00 0.00 0.00 0
123402 0.00 0.00 0.00 0
123403 0.00 0.00 0.00 0
123404 0.00 0.00 0.00 0
123405 0.00 0.00 0.00 0
123406 0.00 0.00 0.00 0
123407 0.00 0.00 0.00 0
123408 0.00 0.00 0.00 0
123409 0.00 0.00 0.00 0
123410 0.00 0.00 0.00 0
123411 0.00 0.00 0.00 0
123412 0.00 0.00 0.00 0
123413 0.00 0.00 0.00 0
123425 0.00 0.00 0.00 0
123426 0.00 0.00 0.00 0
123427 0.00 0.00 0.00 0
123428 0.00 0.00 0.00 0
123429 0.00 0.00 0.00 0
123430 0.00 0.00 0.00 0
123431 0.00 0.00 0.00 0
123432 0.00 0.00 0.00 0
123433 0.00 0.00 0.00 0
123440 0.00 0.00 0.00 0
123441 0.00 0.00 0.00 0
123446 0.00 0.00 0.00 0
123447 0.00 0.00 0.00 0
123448 0.00 0.00 0.00 0
123449 0.00 0.00 0.00 0
123450 0.00 0.00 0.00 0
123451 0.00 0.00 0.00 0
123452 0.00 0.00 0.00 0
123453 0.00 0.00 0.00 0
123454 0.00 0.00 0.00 0
123455 0.00 0.00 0.00 0
123456 0.00 0.00 0.00 0
123457 0.00 0.00 0.00 0
123458 0.00 0.00 0.00 0
123459 0.00 0.00 0.00 0
123460 0.00 0.00 0.00 0
123461 0.00 0.00 0.00 0
123462 0.00 0.00 0.00 0
123463 0.00 0.00 0.00 0
123464 0.00 0.00 0.00 0
123465 0.00 0.00 0.00 0
123466 0.00 0.00 0.00 0
123467 0.00 0.00 0.00 0
123468 0.00 0.00 0.00 0
123471 0.00 0.00 0.00 0
123472 0.00 0.00 0.00 0
123497 0.00 0.00 0.00 0
123498 0.00 0.00 0.00 0
123499 0.00 0.00 0.00 0
123500 0.00 0.00 0.00 0
123634 0.00 0.00 0.00 0
123635 0.00 0.00 0.00 0
123636 0.00 0.00 0.00 0
123666 0.00 0.00 0.00 0
123667 0.00 0.00 0.00 0
123668 0.00 0.00 0.00 0
123669 0.00 0.00 0.00 0
123670 0.00 0.00 0.00 0
123671 0.00 0.00 0.00 0
123672 0.00 0.00 0.00 0
123673 0.00 0.00 0.00 0
123674 0.00 0.00 0.00 0
129325 0.00 0.00 0.00 0
129326 0.00 0.00 0.00 0
129412 0.00 0.00 0.00 0
129413 0.00 0.00 0.00 0
129414 0.00 0.00 0.00 0
129415 0.00 0.00 0.00 0
129416 0.00 0.00 0.00 0
129417 0.00 0.00 0.00 0
129418 0.00 0.00 0.00 0
129419 0.00 0.00 0.00 0
129420 0.00 0.00 0.00 0
129421 0.00 0.00 0.00 0
129422 0.00 0.00 0.00 0
129423 0.00 0.00 0.00 0
129424 0.00 0.00 0.00 0
129425 0.00 0.00 0.00 0
129426 0.00 0.00 0.00 0
129427 0.00 0.00 0.00 0
129428 0.00 0.00 0.00 0
129429 0.00 0.00 0.00 0
129430 0.00 0.00 0.00 0
129431 0.00 0.00 0.00 0
129432 0.00 0.00 0.00 0
129499 0.00 0.00 0.00 0
129500 0.00 0.00 0.00 0
129501 0.00 0.00 0.00 0
129502 0.00 0.00 0.00 0
129503 0.00 0.00 0.00 0
129504 0.00 0.00 0.00 0
129505 0.00 0.00 0.00 0
129506 0.00 0.00 0.00 0
129507 0.00 0.00 0.00 0
129508 0.00 0.00 0.00 0
129509 0.00 0.00 0.00 0
129510 0.00 0.00 0.00 0
129511 0.00 0.00 0.00 0
129512 0.00 0.00 0.00 0
129513 0.00 0.00 0.00 0
129514 0.00 0.00 0.00 0
129515 0.00 0.00 0.00 0
129516 0.00 0.00 0.00 0
129517 0.00 0.00 0.00 0
129518 0.00 0.00 0.00 0
129520 0.00 0.00 0.00 0
129521 0.00 0.00 0.00 0
129530 0.00 0.00 0.00 0
129536 0.00 0.00 0.00 0
129537 0.00 0.00 0.00 0
129538 0.00 0.00 0.00 0
129539 0.00 0.00 0.00 0
129540 0.00 0.00 0.00 0
129541 0.00 0.00 0.00 0
129544 0.00 0.00 0.00 0
129545 0.00 0.00 0.00 0
131008 0.00 0.00 0.00 0
131009 0.00 0.00 0.00 0
131010 0.00 0.00 0.00 0
131011 0.00 0.00 0.00 0
131012 0.00 0.00 0.00 0
131013 0.00 0.00 0.00 0
131014 0.00 0.00 0.00 0
131015 0.00 0.00 0.00 0
131016 0.00 0.00 0.00 0
131017 0.00 0.00 0.00 0
131094 0.00 0.00 0.00 0
131151 0.00 0.00 0.00 0
131157 0.00 0.00 0.00 0
131158 0.00 0.00 0.00 0
131159 0.00 0.00 0.00 0
131160 0.00 0.00 0.00 0
131167 0.00 0.00 0.00 0
131168 0.00 0.00 0.00 0
131169 0.00 0.00 0.00 0
131170 0.00 0.00 0.00 0
131171 0.00 0.00 0.00 0
131172 0.00 0.00 0.00 0
131173 0.00 0.00 0.00 0
131174 0.00 0.00 0.00 0
131175 0.00 0.00 0.00 0
131176 0.00 0.00 0.00 0
131177 0.00 0.00 0.00 0
132975 0.00 0.00 0.00 0
132976 0.00 0.00 0.00 0
132977 0.00 0.00 0.00 0
132978 0.00 0.00 0.00 0
132979 0.00 0.00 0.00 0
132980 0.00 0.00 0.00 0
132981 0.00 0.00 0.00 0
132982 0.00 0.00 0.00 0
132983 0.00 0.00 0.00 0
132984 0.00 0.00 0.00 0
132985 0.00 0.00 0.00 0
132986 0.00 0.00 0.00 0
132987 0.00 0.00 0.00 0
132988 0.00 0.00 0.00 0
132989 0.00 0.00 0.00 0
132990 0.00 0.00 0.00 0
132991 0.00 0.00 0.00 0
132992 0.00 0.00 0.00 0
132993 0.00 0.00 0.00 0
132994 0.00 0.00 0.00 0
132995 0.00 0.00 0.00 0
132996 0.00 0.00 0.00 0
132997 0.00 0.00 0.00 0
132998 0.00 0.00 0.00 0
132999 0.00 0.00 0.00 0
133000 0.00 0.00 0.00 0
133001 0.00 0.00 0.00 0
133002 0.00 0.00 0.00 0
133003 0.00 0.00 0.00 0
133012 0.00 0.00 0.00 0
133013 0.00 0.00 0.00 0
133014 0.00 0.00 0.00 0
133016 0.00 0.00 0.00 0
133017 0.00 0.00 0.00 0
133018 0.00 0.00 0.00 0
133019 0.00 0.00 0.00 0
133020 0.00 0.00 0.00 0
133021 0.00 0.00 0.00 0
133022 0.00 0.00 0.00 0
133023 0.00 0.00 0.00 0
133024 0.00 0.00 0.00 0
133025 0.00 0.00 0.00 0
133026 0.00 0.00 0.00 0
133027 0.00 0.00 0.00 0
133028 0.00 0.00 0.00 0
133029 0.00 0.00 0.00 0
133030 0.00 0.00 0.00 0
133031 0.00 0.00 0.00 0
133032 0.00 0.00 0.00 0
133033 0.00 0.00 0.00 0
133034 0.00 0.00 0.00 0
133035 0.00 0.00 0.00 0
133036 0.00 0.00 0.00 0
133037 0.00 0.00 0.00 0
133038 0.00 0.00 0.00 0
133039 0.00 0.00 0.00 0
133040 0.00 0.00 0.00 0
133041 0.00 0.00 0.00 0
133042 0.00 0.00 0.00 0
133043 0.00 0.00 0.00 0
133044 0.00 0.00 0.00 0
133045 0.00 0.00 0.00 0
133046 0.00 0.00 0.00 0
133047 0.00 0.00 0.00 0
133048 0.00 0.00 0.00 0
133049 0.00 0.00 0.00 0
133050 0.00 0.00 0.00 0
133051 0.00 0.00 0.00 0
133052 0.00 0.00 0.00 0
133053 0.00 0.00 0.00 0
133054 0.00 0.00 0.00 0
133055 0.00 0.00 0.00 0
133056 0.00 0.00 0.00 0
133057 0.00 0.00 0.00 0
133058 0.00 0.00 0.00 0
133059 0.00 0.00 0.00 0
133060 0.00 0.00 0.00 0
133061 0.00 0.00 0.00 0
133062 0.00 0.00 0.00 0
133063 0.00 0.00 0.00 0
133064 0.00 0.00 0.00 0
133065 0.00 0.00 0.00 0
133066 0.00 0.00 0.00 0
133067 0.00 0.00 0.00 0
133068 0.00 0.00 0.00 0
133069 0.00 0.00 0.00 0
133070 0.00 0.00 0.00 0
133071 0.00 0.00 0.00 0
133072 0.00 0.00 0.00 0
133073 0.00 0.00 0.00 0
133074 0.00 0.00 0.00 0
133075 0.00 0.00 0.00 0
133076 0.00 0.00 0.00 0
133077 0.00 0.00 0.00 0
133078 0.00 0.00 0.00 0
133079 0.00 0.00 0.00 0
133080 0.00 0.00 0.00 0
133081 0.00 0.00 0.00 0
133082 0.00 0.00 0.00 0
133083 0.00 0.00 0.00 0
133084 0.00 0.00 0.00 0
133085 0.00 0.00 0.00 0
133086 0.00 0.00 0.00 0
133087 0.00 0.00 0.00 0
133088 0.00 0.00 0.00 0
133231 0.00 0.00 0.00 0
133232 0.00 0.00 0.00 0
133233 0.00 0.00 0.00 0
133234 0.00 0.00 0.00 0
133236 0.00 0.00 0.00 0
133242 0.00 0.00 0.00 0
133243 0.00 0.00 0.00 0
133244 0.00 0.00 0.00 0
133245 0.00 0.00 0.00 0
133246 0.00 0.00 0.00 0
139990 0.00 0.00 0.00 0
139991 0.00 0.00 0.00 0
139992 0.00 0.00 0.00 0
139993 0.00 0.00 0.00 0
139994 0.00 0.00 0.00 0
139995 0.00 0.00 0.00 0
139996 0.00 0.00 0.00 0
139997 0.00 0.00 0.00 0
139998 0.00 0.00 0.00 0
139999 0.00 0.00 0.00 0
140000 0.00 0.00 0.00 0
140001 0.00 0.00 0.00 0
140002 0.00 0.00 0.00 0
140003 0.00 0.00 0.00 0
140004 0.00 0.00 0.00 0
140005 0.00 0.00 0.00 0
140006 0.00 0.00 0.00 0
140007 0.00 0.00 0.00 0
140008 0.00 0.00 0.00 0
140009 0.00 0.00 0.00 0
140010 0.00 0.00 0.00 0
140011 0.00 0.00 0.00 0
140012 0.00 0.00 0.00 0
140013 0.00 0.00 0.00 0
140014 0.00 0.00 0.00 0
140015 0.00 0.00 0.00 0
140016 0.00 0.00 0.00 0
140017 0.00 0.00 0.00 0
140019 0.00 0.00 0.00 0
140020 0.00 0.00 0.00 0
140021 0.00 0.00 0.00 0
140022 0.00 0.00 0.00 0
140023 0.00 0.00 0.00 0
140024 0.00 0.00 0.00 0
140025 0.00 0.00 0.00 0
140026 0.00 0.00 0.00 0
140027 0.00 0.00 0.00 0
140028 0.00 0.00 0.00 0
140029 0.00 0.00 0.00 0
140030 0.00 0.00 0.00 0
140031 0.00 0.00 0.00 0
140032 0.00 0.00 0.00 0
140033 0.00 0.00 0.00 0
140034 0.00 0.00 0.00 0
140035 0.00 0.00 0.00 0
140036 0.00 0.00 0.00 0
140037 0.00 0.00 0.00 0
140038 0.00 0.00 0.00 0
140039 0.00 0.00 0.00 0
140040 0.00 0.00 0.00 0
140041 0.00 0.00 0.00 0
140042 0.00 0.00 0.00 0
140043 0.00 0.00 0.00 0
140269 0.00 0.00 0.00 0
140270 0.00 0.00 0.00 0
140271 0.00 0.00 0.00 0
140272 0.00 0.00 0.00 0
140273 0.00 0.00 0.00 0
144607 0.00 0.00 0.00 0
144608 0.00 0.00 0.00 0
144609 0.00 0.00 0.00 0
144610 0.00 0.00 0.00 0
144611 0.00 0.00 0.00 0
144612 0.00 0.00 0.00 0
144613 0.00 0.00 0.00 0
144614 0.00 0.00 0.00 0
144615 0.00 0.00 0.00 0
144616 0.00 0.00 0.00 0
144617 0.00 0.00 0.00 0
144618 0.00 0.00 0.00 0
144619 0.00 0.00 0.00 0
144620 0.00 0.00 0.00 0
144621 0.00 0.00 0.00 0
144622 0.00 0.00 0.00 0
144623 0.00 0.00 0.00 0
144624 0.00 0.00 0.00 0
144625 0.00 0.00 0.00 0
144626 0.00 0.00 0.00 0
144627 0.00 0.00 0.00 0
144628 0.00 0.00 0.00 0
144629 0.00 0.00 0.00 0
144630 0.00 0.00 0.00 0
144631 0.00 0.00 0.00 0
144632 0.00 0.00 0.00 0
144633 0.00 0.00 0.00 0
144634 0.00 0.00 0.00 0
144635 0.00 0.00 0.00 0
144636 0.00 0.00 0.00 0
144637 0.00 0.00 0.00 0
144638 0.00 0.00 0.00 0
144639 0.00 0.00 0.00 0
144640 0.00 0.00 0.00 0
144641 0.00 0.00 0.00 0
144642 0.00 0.00 0.00 0
144643 0.00 0.00 0.00 0
144644 0.00 0.00 0.00 0
144645 0.00 0.00 0.00 0
144646 0.00 0.00 0.00 0
144647 0.00 0.00 0.00 0
144648 0.00 0.00 0.00 0
144649 0.00 0.00 0.00 0
144650 0.00 0.00 0.00 0
144651 0.00 0.00 0.00 0
144652 0.00 0.00 0.00 0
144653 0.00 0.00 0.00 0
144654 0.00 0.00 0.00 0
144655 0.00 0.00 0.00 0
144656 0.00 0.00 0.00 0
144657 0.00 0.00 0.00 0
144658 0.00 0.00 0.00 0
144659 0.00 0.00 0.00 0
144660 0.00 0.00 0.00 0
144661 0.00 0.00 0.00 0
144662 0.00 0.00 0.00 0
144663 0.00 0.00 0.00 0
144664 0.00 0.00 0.00 0
144665 0.00 0.00 0.00 0
144666 0.00 0.00 0.00 0
144667 0.00 0.00 0.00 0
144668 0.00 0.00 0.00 0
144669 0.00 0.00 0.00 0
144670 0.00 0.00 0.00 0
144851 0.00 0.00 0.00 0
144852 0.00 0.00 0.00 0
144853 0.00 0.00 0.00 0
144854 0.00 0.00 0.00 0
144855 0.00 0.00 0.00 0
144856 0.00 0.00 0.00 0
144857 0.00 0.00 0.00 0
144858 0.00 0.00 0.00 0
144859 0.00 0.00 0.00 0
144860 0.00 0.00 0.00 0
144861 0.00 0.00 0.00 0
144862 0.00 0.00 0.00 0
144863 0.00 0.00 0.00 0
144864 0.00 0.00 0.00 0
144865 0.00 0.00 0.00 0
144866 0.00 0.00 0.00 0
144867 0.00 0.00 0.00 0
144868 0.00 0.00 0.00 0
144869 0.00 0.00 0.00 0
144870 0.00 0.00 0.00 0
144871 0.00 0.00 0.00 0
144872 0.00 0.00 0.00 0
144873 0.00 0.00 0.00 0
144874 0.00 0.00 0.00 0
144875 0.00 0.00 0.00 0
144876 0.00 0.00 0.00 0
144877 0.00 0.00 0.00 0
144878 0.00 0.00 0.00 0
144879 0.00 0.00 0.00 0
144880 0.00 0.00 0.00 0
144881 0.00 0.00 0.00 0
144882 0.00 0.00 0.00 0
144883 0.00 0.00 0.00 0
144884 0.00 0.00 0.00 0
144885 0.00 0.00 0.00 0
144886 0.00 0.00 0.00 0
144887 0.00 0.00 0.00 0
144888 0.00 0.00 0.00 0
144889 0.00 0.00 0.00 0
144890 0.00 0.00 0.00 0
144891 0.00 0.00 0.00 0
144892 0.00 0.00 0.00 0
144893 0.00 0.00 0.00 0
144894 0.00 0.00 0.00 0
144895 0.00 0.00 0.00 0
144896 0.00 0.00 0.00 0
144897 0.00 0.00 0.00 0
144898 0.00 0.00 0.00 0
144899 0.00 0.00 0.00 0
144900 0.00 0.00 0.00 0
144901 0.00 0.00 0.00 0
144902 0.00 0.00 0.00 0
144903 0.00 0.00 0.00 0
144904 0.00 0.00 0.00 0
144905 0.00 0.00 0.00 0
144906 0.00 0.00 0.00 0
144907 0.00 0.00 0.00 0
144908 0.00 0.00 0.00 0
144909 0.00 0.00 0.00 0
144910 0.00 0.00 0.00 0
144911 0.00 0.00 0.00 0
144912 0.00 0.00 0.00 0
144913 0.00 0.00 0.00 0
144914 0.00 0.00 0.00 0
144915 0.00 0.00 0.00 0
144916 0.00 0.00 0.00 0
144917 0.00 0.00 0.00 0
144918 0.00 0.00 0.00 0
144919 0.00 0.00 0.00 0
144920 0.00 0.00 0.00 0
144921 0.00 0.00 0.00 0
144922 0.00 0.00 0.00 0
144923 0.00 0.00 0.00 0
144924 0.00 0.00 0.00 0
144925 0.00 0.00 0.00 0
144926 0.00 0.00 0.00 0
144927 0.00 0.00 0.00 0
144928 0.00 0.00 0.00 0
144929 0.00 0.00 0.00 0
144930 0.00 0.00 0.00 0
144931 0.00 0.00 0.00 0
144932 0.00 0.00 0.00 0
144933 0.00 0.00 0.00 0
144988 0.00 0.00 0.00 0
144989 0.00 0.00 0.00 0
144990 0.00 0.00 0.00 0
144991 0.00 0.00 0.00 0
144992 0.00 0.00 0.00 0
144993 0.00 0.00 0.00 0
144994 0.00 0.00 0.00 0
144995 0.00 0.00 0.00 0
144996 0.00 0.00 0.00 0
144997 0.00 0.00 0.00 0
144998 0.00 0.00 0.00 0
144999 0.00 0.00 0.00 0
145000 0.00 0.00 0.00 0
145001 0.00 0.00 0.00 0
145002 0.00 0.00 0.00 0
145003 0.00 0.00 0.00 0
145004 0.00 0.00 0.00 0
145005 0.00 0.00 0.00 0
145006 0.00 0.00 0.00 0
145007 0.00 0.00 0.00 0
145008 0.00 0.00 0.00 0
145009 0.00 0.00 0.00 0
145010 0.00 0.00 0.00 0
145011 0.00 0.00 0.00 0
145012 0.00 0.00 0.00 0
145013 0.00 0.00 0.00 0
145014 0.00 0.00 0.00 0
145015 0.00 0.00 0.00 0
145016 0.00 0.00 0.00 0
145017 0.00 0.00 0.00 0
145018 0.00 0.00 0.00 0
145019 0.00 0.00 0.00 0
145020 0.00 0.00 0.00 0
145021 0.00 0.00 0.00 0
145022 0.00 0.00 0.00 0
145023 0.00 0.00 0.00 0
145024 0.00 0.00 0.00 0
145025 0.00 0.00 0.00 0
145026 0.00 0.00 0.00 0
145027 0.00 0.00 0.00 0
145028 0.00 0.00 0.00 0
145029 0.00 0.00 0.00 0
145030 0.00 0.00 0.00 0
145031 0.00 0.00 0.00 0
145032 0.00 0.00 0.00 0
145033 0.00 0.00 0.00 0
145034 0.00 0.00 0.00 0
145035 0.00 0.00 0.00 0
145036 0.00 0.00 0.00 0
145037 0.00 0.00 0.00 0
145038 0.00 0.00 0.00 0
145039 0.00 0.00 0.00 0
145040 0.00 0.00 0.00 0
145041 0.00 0.00 0.00 0
145042 0.00 0.00 0.00 0
145043 0.00 0.00 0.00 0
145044 0.00 0.00 0.00 0
145045 0.00 0.00 0.00 0
145046 0.00 0.00 0.00 0
145047 0.00 0.00 0.00 0
145048 0.00 0.00 0.00 0
145049 0.00 0.00 0.00 0
145050 0.00 0.00 0.00 0
145051 0.00 0.00 0.00 0
145052 0.00 0.00 0.00 0
145053 0.00 0.00 0.00 0
145054 0.00 0.00 0.00 0
145055 0.00 0.00 0.00 0
145056 0.00 0.00 0.00 0
145057 0.00 0.00 0.00 0
145058 0.00 0.00 0.00 0
145059 0.00 0.00 0.00 0
145060 0.00 0.00 0.00 0
145061 0.00 0.00 0.00 0
145062 0.00 0.00 0.00 0
145063 0.00 0.00 0.00 0
145064 0.00 0.00 0.00 0
145065 0.00 0.00 0.00 0
145066 0.00 0.00 0.00 0
145067 0.00 0.00 0.00 0
145068 0.00 0.00 0.00 0
145069 0.00 0.00 0.00 0
145070 0.00 0.00 0.00 0
145071 0.00 0.00 0.00 0
145072 0.00 0.00 0.00 0
145073 0.00 0.00 0.00 0
145074 0.00 0.00 0.00 0
145075 0.00 0.00 0.00 0
145076 0.00 0.00 0.00 0
145077 0.00 0.00 0.00 0
145078 0.00 0.00 0.00 0
145079 0.00 0.00 0.00 0
145080 0.00 0.00 0.00 0
145081 0.00 0.00 0.00 0
145082 0.00 0.00 0.00 0
145083 0.00 0.00 0.00 0
145084 0.00 0.00 0.00 0
145085 0.00 0.00 0.00 0
145086 0.00 0.00 0.00 0
145087 0.00 0.00 0.00 0
145088 0.00 0.00 0.00 0
145089 0.00 0.00 0.00 0
145090 0.00 0.00 0.00 0
145091 0.00 0.00 0.00 0
145092 0.00 0.00 0.00 0
145093 0.00 0.00 0.00 0
145094 0.00 0.00 0.00 0
145314 0.00 0.00 0.00 0
145315 0.00 0.00 0.00 0
145316 0.00 0.00 0.00 0
145317 0.00 0.00 0.00 0
145318 0.00 0.00 0.00 0
145319 0.00 0.00 0.00 0
145320 0.00 0.00 0.00 0
145321 0.00 0.00 0.00 0
145322 0.00 0.00 0.00 0
145323 0.00 0.00 0.00 0
145324 0.00 0.00 0.00 0
145325 0.00 0.00 0.00 0
145326 0.00 0.00 0.00 0
145327 0.00 0.00 0.00 0
145328 0.00 0.00 0.00 0
145329 0.00 0.00 0.00 0
145330 0.00 0.00 0.00 0
145331 0.00 0.00 0.00 0
145332 0.00 0.00 0.00 0
145333 0.00 0.00 0.00 0
145334 0.00 0.00 0.00 0
145335 0.00 0.00 0.00 0
145336 0.00 0.00 0.00 0
145337 0.00 0.00 0.00 0
145338 0.00 0.00 0.00 0
150228 0.00 0.00 0.00 0
150229 0.00 0.00 0.00 0
150230 0.00 0.00 0.00 0
150231 0.00 0.00 0.00 0
150232 0.00 0.00 0.00 0
150233 0.00 0.00 0.00 0
150234 0.00 0.00 0.00 0
150235 0.00 0.00 0.00 0
150236 0.00 0.00 0.00 0
150237 0.00 0.00 0.00 0
150238 0.00 0.00 0.00 0
150239 0.00 0.00 0.00 0
150240 0.00 0.00 0.00 0
150241 0.00 0.00 0.00 0
150242 0.00 0.00 0.00 0
150243 0.00 0.00 0.00 0
150244 0.00 0.00 0.00 0
150245 0.00 0.00 0.00 0
150246 0.00 0.00 0.00 0
150247 0.00 0.00 0.00 0
150248 0.00 0.00 0.00 0
150249 0.00 0.00 0.00 0
150250 0.00 0.00 0.00 0
150251 0.00 0.00 0.00 0
150252 0.00 0.00 0.00 0
150253 0.00 0.00 0.00 0
150254 0.00 0.00 0.00 0
150255 0.00 0.00 0.00 0
150256 0.00 0.00 0.00 0
150257 0.00 0.00 0.00 0
150258 0.00 0.00 0.00 0
150259 0.00 0.00 0.00 0
150260 0.00 0.00 0.00 0
150261 0.00 0.00 0.00 0
150262 0.00 0.00 0.00 0
150263 0.00 0.00 0.00 0
150264 0.00 0.00 0.00 0
150265 0.00 0.00 0.00 0
150266 0.00 0.00 0.00 0
150267 0.00 0.00 0.00 0
150268 0.00 0.00 0.00 0
150269 0.00 0.00 0.00 0
150270 0.00 0.00 0.00 0
150271 0.00 0.00 0.00 0
150272 0.00 0.00 0.00 0
150273 0.00 0.00 0.00 0
150274 0.00 0.00 0.00 0
150275 0.00 0.00 0.00 0
150276 0.00 0.00 0.00 0
150277 0.00 0.00 0.00 0
150278 0.00 0.00 0.00 0
150279 0.00 0.00 0.00 0
150280 0.00 0.00 0.00 0
150281 0.00 0.00 0.00 0
150282 0.00 0.00 0.00 0
150283 0.00 0.00 0.00 0
150284 0.00 0.00 0.00 0
150285 0.00 0.00 0.00 0
150286 0.00 0.00 0.00 0
150287 0.00 0.00 0.00 0
150288 0.00 0.00 0.00 0
150289 0.00 0.00 0.00 0
150290 0.00 0.00 0.00 0
150291 0.00 0.00 0.00 0
150292 0.00 0.00 0.00 0
150293 0.00 0.00 0.00 0
150294 0.00 0.00 0.00 0
150295 0.00 0.00 0.00 0
150296 0.00 0.00 0.00 0
150297 0.00 0.00 0.00 0
150298 0.00 0.00 0.00 0
150299 0.00 0.00 0.00 0
150300 0.00 0.00 0.00 0
150303 0.00 0.00 0.00 0
150327 0.00 0.00 0.00 0
150328 0.00 0.00 0.00 0
150329 0.00 0.00 0.00 0
150330 0.00 0.00 0.00 0
150331 0.00 0.00 0.00 0
150332 0.00 0.00 0.00 0
150333 0.00 0.00 0.00 0
150334 0.00 0.00 0.00 0
150335 0.00 0.00 0.00 0
150345 0.00 0.00 0.00 0
150346 0.00 0.00 0.00 0
150347 0.00 0.00 0.00 0
150348 0.00 0.00 0.00 0
150349 0.00 0.00 0.00 0
150350 0.00 0.00 0.00 0
150351 0.00 0.00 0.00 0
150352 0.00 0.00 0.00 0
150354 0.00 0.00 0.00 0
150355 0.00 0.00 0.00 0
150356 0.00 0.00 0.00 0
150357 0.00 0.00 0.00 0
150358 0.00 0.00 0.00 0
150359 0.00 0.00 0.00 0
150360 0.00 0.00 0.00 0
150361 0.00 0.00 0.00 0
150362 0.00 0.00 0.00 0
150363 0.00 0.00 0.00 0
150364 0.00 0.00 0.00 0
150365 0.00 0.00 0.00 0
150366 0.00 0.00 0.00 0
150367 0.00 0.00 0.00 0
150368 0.00 0.00 0.00 0
150369 0.00 0.00 0.00 0
150370 0.00 0.00 0.00 0
150371 0.00 0.00 0.00 0
150372 0.00 0.00 0.00 0
150373 0.00 0.00 0.00 0
150374 0.00 0.00 0.00 0
150375 0.00 0.00 0.00 0
150376 0.00 0.00 0.00 0
150377 0.00 0.00 0.00 0
150378 0.00 0.00 0.00 0
150379 0.00 0.00 0.00 0
150380 0.00 0.00 0.00 0
150381 0.00 0.00 0.00 0
150382 0.00 0.00 0.00 0
150383 0.00 0.00 0.00 0
150417 0.00 0.00 0.00 0
150418 0.00 0.00 0.00 0
150419 0.00 0.00 0.00 0
150420 0.00 0.00 0.00 0
150421 0.00 0.00 0.00 0
150426 0.00 0.00 0.00 0
150427 0.00 0.00 0.00 0
150428 0.00 0.00 0.00 0
150482 0.00 0.00 0.00 0
150483 0.00 0.00 0.00 0
150484 0.00 0.00 0.00 0
150485 0.00 0.00 0.00 0
150498 0.00 0.00 0.00 0
150499 0.00 0.00 0.00 0
150500 0.00 0.00 0.00 0
150501 0.00 0.00 0.00 0
150502 0.00 0.00 0.00 0
150503 0.00 0.00 0.00 0
150504 0.00 0.00 0.00 0
150505 0.00 0.00 0.00 0
150506 0.00 0.00 0.00 0
150507 0.00 0.00 0.00 0
150508 0.00 0.00 0.00 0
150509 0.00 0.00 0.00 0
150510 0.00 0.00 0.00 0
150511 0.00 0.00 0.00 0
150512 0.00 0.00 0.00 0
150513 0.00 0.00 0.00 0
150514 0.00 0.00 0.00 0
150515 0.00 0.00 0.00 0
150516 0.00 0.00 0.00 0
150517 0.00 0.00 0.00 0
150518 0.00 0.00 0.00 0
150521 0.00 0.00 0.00 0
150553 0.00 0.00 0.00 0
150554 0.00 0.00 0.00 0
150556 0.00 0.00 0.00 0
150557 0.00 0.00 0.00 0
150558 0.00 0.00 0.00 0
150559 0.00 0.00 0.00 0
150560 0.00 0.00 0.00 0
150567 0.00 0.00 0.00 0
150568 0.00 0.00 0.00 0
150569 0.00 0.00 0.00 0
150570 0.00 0.00 0.00 0
150571 0.00 0.00 0.00 0
150572 0.00 0.00 0.00 0
150573 0.00 0.00 0.00 0
150574 0.00 0.00 0.00 0
150575 0.00 0.00 0.00 0
150576 0.00 0.00 0.00 0
150577 0.00 0.00 0.00 0
150578 0.00 0.00 0.00 0
150597 0.00 0.00 0.00 0
150598 0.00 0.00 0.00 0
150599 0.00 0.00 0.00 0
150600 0.00 0.00 0.00 0
150601 0.00 0.00 0.00 0
150602 0.00 0.00 0.00 0
150603 0.00 0.00 0.00 0
150604 0.00 0.00 0.00 0
150605 0.00 0.00 0.00 0
150606 0.00 0.00 0.00 0
150607 0.00 0.00 0.00 0
150608 0.00 0.00 0.00 0
150609 0.00 0.00 0.00 0
150610 0.00 0.00 0.00 0
150611 0.00 0.00 0.00 0
150612 0.00 0.00 0.00 0
150615 0.00 0.00 0.00 0
150616 0.00 0.00 0.00 0
150958 0.00 0.00 0.00 0
150985 0.00 0.00 0.00 0
151039 0.00 0.00 0.00 0
151040 0.00 0.00 0.00 0
151041 0.00 0.00 0.00 0
151042 0.00 0.00 0.00 0
151043 0.00 0.00 0.00 0
151044 0.00 0.00 0.00 0
151045 0.00 0.00 0.00 0
151046 0.00 0.00 0.00 0
151047 0.00 0.00 0.00 0
151048 0.00 0.00 0.00 0
151049 0.00 0.00 0.00 0
151050 0.00 0.00 0.00 0
151051 0.00 0.00 0.00 0
151052 0.00 0.00 0.00 0
151053 0.00 0.00 0.00 0
151054 0.00 0.00 0.00 0
151055 0.00 0.00 0.00 0
151056 0.00 0.00 0.00 0
151057 0.00 0.00 0.00 0
151058 0.00 0.00 0.00 0
