# G_precuneus
3899
64 0.00 0.00 0.00 0
67 0.00 0.00 0.00 0
104 0.00 0.00 0.00 0
185 0.00 0.00 0.00 0
187 0.00 0.00 0.00 0
188 0.00 0.00 0.00 0
233 0.00 0.00 0.00 0
287 0.00 0.00 0.00 0
407 0.00 0.00 0.00 0
411 0.00 0.00 0.00 0
412 0.00 0.00 0.00 0
464 0.00 0.00 0.00 0
481 0.00 0.00 0.00 0
482 0.00 0.00 0.00 0
664 0.00 0.00 0.00 0
665 0.00 0.00 0.00 0
668 0.00 0.00 0.00 0
767 0.00 0.00 0.00 0
769 0.00 0.00 0.00 0
770 0.00 0.00 0.00 0
771 0.00 0.00 0.00 0
914 0.00 0.00 0.00 0
916 0.00 0.00 0.00 0
918 0.00 0.00 0.00 0
922 0.00 0.00 0.00 0
923 0.00 0.00 0.00 0
924 0.00 0.00 0.00 0
925 0.00 0.00 0.00 0
926 0.00 0.00 0.00 0
927 0.00 0.00 0.00 0
928 0.00 0.00 0.00 0
1053 0.00 0.00 0.00 0
1054 0.00 0.00 0.00 0
1056 0.00 0.00 0.00 0
1193 0.00 0.00 0.00 0
1484 0.00 0.00 0.00 0
1485 0.00 0.00 0.00 0
1489 0.00 0.00 0.00 0
1490 0.00 0.00 0.00 0
1491 0.00 0.00 0.00 0
1492 0.00 0.00 0.00 0
1569 0.00 0.00 0.00 0
1669 0.00 0.00 0.00 0
1676 0.00 0.00 0.00 0
1909 0.00 0.00 0.00 0
1910 0.00 0.00 0.00 0
1911 0.00 0.00 0.00 0
1912 0.00 0.00 0.00 0
1913 0.00 0.00 0.00 0
1918 0.00 0.00 0.00 0
1919 0.00 0.00 0.00 0
1920 0.00 0.00 0.00 0
1921 0.00 0.00 0.00 0
1922 0.00 0.00 0.00 0
1923 0.00 0.00 0.00 0
2041 0.00 0.00 0.00 0
2091 0.00 0.00 0.00 0
2092 0.00 0.00 0.00 0
2093 0.00 0.00 0.00 0
2094 0.00 0.00 0.00 0
2095 0.00 0.00 0.00 0
2096 0.00 0.00 0.00 0
2266 0.00 0.00 0.00 0
2687 0.00 0.00 0.00 0
2688 0.00 0.00 0.00 0
2689 0.00 0.00 0.00 0
2690 0.00 0.00 0.00 0
2834 0.00 0.00 0.00 0
2835 0.00 0.00 0.00 0
2836 0.00 0.00 0.00 0
2842 0.00 0.00 0.00 0
2843 0.00 0.00 0.00 0
2844 0.00 0.00 0.00 0
2845 0.00 0.00 0.00 0
2846 0.00 0.00 0.00 0
2847 0.00 0.00 0.00 0
2848 0.00 0.00 0.00 0
2968 0.00 0.00 0.00 0
3438 0.00 0.00 0.00 0
3442 0.00 0.00 0.00 0
3443 0.00 0.00 0.00 0
3444 0.00 0.00 0.00 0
3445 0.00 0.00 0.00 0
3446 0.00 0.00 0.00 0
3448 0.00 0.00 0.00 0
3742 0.00 0.00 0.00 0
3744 0.00 0.00 0.00 0
3752 0.00 0.00 0.00 0
3753 0.00 0.00 0.00 0
4192 0.00 0.00 0.00 0
4193 0.00 0.00 0.00 0
4194 0.00 0.00 0.00 0
4195 0.00 0.00 0.00 0
4196 0.00 0.00 0.00 0
4197 0.00 0.00 0.00 0
4198 0.00 0.00 0.00 0
4199 0.00 0.00 0.00 0
4200 0.00 0.00 0.00 0
4201 0.00 0.00 0.00 0
4210 0.00 0.00 0.00 0
4211 0.00 0.00 0.00 0
4212 0.00 0.00 0.00 0
4213 0.00 0.00 0.00 0
4214 0.00 0.00 0.00 0
4215 0.00 0.00 0.00 0
4216 0.00 0.00 0.00 0
4217 0.00 0.00 0.00 0
4218 0.00 0.00 0.00 0
4219 0.00 0.00 0.00 0
4220 0.00 0.00 0.00 0
4221 0.00 0.00 0.00 0
4222 0.00 0.00 0.00 0
4223 0.00 0.00 0.00 0
4224 0.00 0.00 0.00 0
4225 0.00 0.00 0.00 0
4480 0.00 0.00 0.00 0
4481 0.00 0.00 0.00 0
4595 0.00 0.00 0.00 0
4596 0.00 0.00 0.00 0
4597 0.00 0.00 0.00 0
4599 0.00 0.00 0.00 0
4600 0.00 0.00 0.00 0
4601 0.00 0.00 0.00 0
4602 0.00 0.00 0.00 0
4603 0.00 0.00 0.00 0
4604 0.00 0.00 0.00 0
4605 0.00 0.00 0.00 0
4606 0.00 0.00 0.00 0
4607 0.00 0.00 0.00 0
4608 0.00 0.00 0.00 0
4609 0.00 0.00 0.00 0
4611 0.00 0.00 0.00 0
4612 0.00 0.00 0.00 0
4613 0.00 0.00 0.00 0
5017 0.00 0.00 0.00 0
5019 0.00 0.00 0.00 0
5804 0.00 0.00 0.00 0
5805 0.00 0.00 0.00 0
5806 0.00 0.00 0.00 0
5807 0.00 0.00 0.00 0
5809 0.00 0.00 0.00 0
5810 0.00 0.00 0.00 0
5812 0.00 0.00 0.00 0
5989 0.00 0.00 0.00 0
5990 0.00 0.00 0.00 0
5991 0.00 0.00 0.00 0
5992 0.00 0.00 0.00 0
5995 0.00 0.00 0.00 0
5996 0.00 0.00 0.00 0
6254 0.00 0.00 0.00 0
6256 0.00 0.00 0.00 0
6257 0.00 0.00 0.00 0
6258 0.00 0.00 0.00 0
6260 0.00 0.00 0.00 0
6264 0.00 0.00 0.00 0
6268 0.00 0.00 0.00 0
6269 0.00 0.00 0.00 0
6270 0.00 0.00 0.00 0
6271 0.00 0.00 0.00 0
6272 0.00 0.00 0.00 0
6273 0.00 0.00 0.00 0
6274 0.00 0.00 0.00 0
6275 0.00 0.00 0.00 0
6276 0.00 0.00 0.00 0
6277 0.00 0.00 0.00 0
6278 0.00 0.00 0.00 0
6279 0.00 0.00 0.00 0
6280 0.00 0.00 0.00 0
6504 0.00 0.00 0.00 0
6506 0.00 0.00 0.00 0
6509 0.00 0.00 0.00 0
6510 0.00 0.00 0.00 0
6755 0.00 0.00 0.00 0
6757 0.00 0.00 0.00 0
6758 0.00 0.00 0.00 0
7304 0.00 0.00 0.00 0
7305 0.00 0.00 0.00 0
7306 0.00 0.00 0.00 0
7307 0.00 0.00 0.00 0
7309 0.00 0.00 0.00 0
7315 0.00 0.00 0.00 0
7316 0.00 0.00 0.00 0
7317 0.00 0.00 0.00 0
7318 0.00 0.00 0.00 0
7319 0.00 0.00 0.00 0
7320 0.00 0.00 0.00 0
7321 0.00 0.00 0.00 0
7322 0.00 0.00 0.00 0
7323 0.00 0.00 0.00 0
7324 0.00 0.00 0.00 0
7496 0.00 0.00 0.00 0
7497 0.00 0.00 0.00 0
7498 0.00 0.00 0.00 0
7499 0.00 0.00 0.00 0
7500 0.00 0.00 0.00 0
8335 0.00 0.00 0.00 0
8336 0.00 0.00 0.00 0
8337 0.00 0.00 0.00 0
8338 0.00 0.00 0.00 0
8339 0.00 0.00 0.00 0
8340 0.00 0.00 0.00 0
8341 0.00 0.00 0.00 0
8342 0.00 0.00 0.00 0
8344 0.00 0.00 0.00 0
8345 0.00 0.00 0.00 0
8346 0.00 0.00 0.00 0
8347 0.00 0.00 0.00 0
8348 0.00 0.00 0.00 0
8349 0.00 0.00 0.00 0
8350 0.00 0.00 0.00 0
8361 0.00 0.00 0.00 0
8364 0.00 0.00 0.00 0
8365 0.00 0.00 0.00 0
8366 0.00 0.00 0.00 0
8367 0.00 0.00 0.00 0
8368 0.00 0.00 0.00 0
8369 0.00 0.00 0.00 0
8370 0.00 0.00 0.00 0
8371 0.00 0.00 0.00 0
8373 0.00 0.00 0.00 0
8376 0.00 0.00 0.00 0
8695 0.00 0.00 0.00 0
8697 0.00 0.00 0.00 0
8698 0.00 0.00 0.00 0
8836 0.00 0.00 0.00 0
8838 0.00 0.00 0.00 0
8840 0.00 0.00 0.00 0
8841 0.00 0.00 0.00 0
8842 0.00 0.00 0.00 0
8843 0.00 0.00 0.00 0
8844 0.00 0.00 0.00 0
8845 0.00 0.00 0.00 0
8846 0.00 0.00 0.00 0
8847 0.00 0.00 0.00 0
8848 0.00 0.00 0.00 0
8849 0.00 0.00 0.00 0
8850 0.00 0.00 0.00 0
8851 0.00 0.00 0.00 0
8852 0.00 0.00 0.00 0
8853 0.00 0.00 0.00 0
8854 0.00 0.00 0.00 0
8855 0.00 0.00 0.00 0
8856 0.00 0.00 0.00 0
8857 0.00 0.00 0.00 0
8858 0.00 0.00 0.00 0
9359 0.00 0.00 0.00 0
10367 0.00 0.00 0.00 0
10368 0.00 0.00 0.00 0
10369 0.00 0.00 0.00 0
10370 0.00 0.00 0.00 0
10514 0.00 0.00 0.00 0
10515 0.00 0.00 0.00 0
10516 0.00 0.00 0.00 0
10522 0.00 0.00 0.00 0
10523 0.00 0.00 0.00 0
10524 0.00 0.00 0.00 0
10525 0.00 0.00 0.00 0
10526 0.00 0.00 0.00 0
10527 0.00 0.00 0.00 0
10528 0.00 0.00 0.00 0
10648 0.00 0.00 0.00 0
10654 0.00 0.00 0.00 0
11122 0.00 0.00 0.00 0
11123 0.00 0.00 0.00 0
11124 0.00 0.00 0.00 0
11125 0.00 0.00 0.00 0
11126 0.00 0.00 0.00 0
11422 0.00 0.00 0.00 0
11423 0.00 0.00 0.00 0
11424 0.00 0.00 0.00 0
11432 0.00 0.00 0.00 0
11433 0.00 0.00 0.00 0
11872 0.00 0.00 0.00 0
11873 0.00 0.00 0.00 0
11874 0.00 0.00 0.00 0
11875 0.00 0.00 0.00 0
11876 0.00 0.00 0.00 0
11877 0.00 0.00 0.00 0
11878 0.00 0.00 0.00 0
11879 0.00 0.00 0.00 0
11880 0.00 0.00 0.00 0
11881 0.00 0.00 0.00 0
11890 0.00 0.00 0.00 0
11891 0.00 0.00 0.00 0
11892 0.00 0.00 0.00 0
11893 0.00 0.00 0.00 0
11894 0.00 0.00 0.00 0
11895 0.00 0.00 0.00 0
11896 0.00 0.00 0.00 0
11897 0.00 0.00 0.00 0
11898 0.00 0.00 0.00 0
11899 0.00 0.00 0.00 0
11900 0.00 0.00 0.00 0
11901 0.00 0.00 0.00 0
11902 0.00 0.00 0.00 0
11903 0.00 0.00 0.00 0
11904 0.00 0.00 0.00 0
12275 0.00 0.00 0.00 0
12276 0.00 0.00 0.00 0
12277 0.00 0.00 0.00 0
12278 0.00 0.00 0.00 0
12279 0.00 0.00 0.00 0
12280 0.00 0.00 0.00 0
12281 0.00 0.00 0.00 0
12282 0.00 0.00 0.00 0
12283 0.00 0.00 0.00 0
12284 0.00 0.00 0.00 0
12285 0.00 0.00 0.00 0
12286 0.00 0.00 0.00 0
12287 0.00 0.00 0.00 0
12288 0.00 0.00 0.00 0
12289 0.00 0.00 0.00 0
12293 0.00 0.00 0.00 0
12697 0.00 0.00 0.00 0
12698 0.00 0.00 0.00 0
12699 0.00 0.00 0.00 0
13514 0.00 0.00 0.00 0
13515 0.00 0.00 0.00 0
13516 0.00 0.00 0.00 0
13526 0.00 0.00 0.00 0
13527 0.00 0.00 0.00 0
13528 0.00 0.00 0.00 0
13822 0.00 0.00 0.00 0
13823 0.00 0.00 0.00 0
13824 0.00 0.00 0.00 0
13825 0.00 0.00 0.00 0
13826 0.00 0.00 0.00 0
13827 0.00 0.00 0.00 0
13828 0.00 0.00 0.00 0
13829 0.00 0.00 0.00 0
13830 0.00 0.00 0.00 0
13831 0.00 0.00 0.00 0
13832 0.00 0.00 0.00 0
13833 0.00 0.00 0.00 0
13834 0.00 0.00 0.00 0
13835 0.00 0.00 0.00 0
13836 0.00 0.00 0.00 0
14264 0.00 0.00 0.00 0
14265 0.00 0.00 0.00 0
14266 0.00 0.00 0.00 0
14267 0.00 0.00 0.00 0
14268 0.00 0.00 0.00 0
14269 0.00 0.00 0.00 0
14270 0.00 0.00 0.00 0
14271 0.00 0.00 0.00 0
14287 0.00 0.00 0.00 0
14288 0.00 0.00 0.00 0
14289 0.00 0.00 0.00 0
14290 0.00 0.00 0.00 0
14291 0.00 0.00 0.00 0
14292 0.00 0.00 0.00 0
14293 0.00 0.00 0.00 0
14294 0.00 0.00 0.00 0
14295 0.00 0.00 0.00 0
14296 0.00 0.00 0.00 0
14297 0.00 0.00 0.00 0
14298 0.00 0.00 0.00 0
14299 0.00 0.00 0.00 0
14300 0.00 0.00 0.00 0
14301 0.00 0.00 0.00 0
14302 0.00 0.00 0.00 0
14303 0.00 0.00 0.00 0
14304 0.00 0.00 0.00 0
14305 0.00 0.00 0.00 0
14306 0.00 0.00 0.00 0
14307 0.00 0.00 0.00 0
14308 0.00 0.00 0.00 0
14679 0.00 0.00 0.00 0
14686 0.00 0.00 0.00 0
15103 0.00 0.00 0.00 0
15104 0.00 0.00 0.00 0
16064 0.00 0.00 0.00 0
16065 0.00 0.00 0.00 0
16066 0.00 0.00 0.00 0
16068 0.00 0.00 0.00 0
16072 0.00 0.00 0.00 0
16073 0.00 0.00 0.00 0
16074 0.00 0.00 0.00 0
16076 0.00 0.00 0.00 0
16087 0.00 0.00 0.00 0
16088 0.00 0.00 0.00 0
16089 0.00 0.00 0.00 0
16090 0.00 0.00 0.00 0
16091 0.00 0.00 0.00 0
16092 0.00 0.00 0.00 0
16093 0.00 0.00 0.00 0
16094 0.00 0.00 0.00 0
16095 0.00 0.00 0.00 0
16096 0.00 0.00 0.00 0
16097 0.00 0.00 0.00 0
16098 0.00 0.00 0.00 0
16099 0.00 0.00 0.00 0
16100 0.00 0.00 0.00 0
16101 0.00 0.00 0.00 0
16102 0.00 0.00 0.00 0
16103 0.00 0.00 0.00 0
16104 0.00 0.00 0.00 0
16105 0.00 0.00 0.00 0
16106 0.00 0.00 0.00 0
16107 0.00 0.00 0.00 0
16108 0.00 0.00 0.00 0
16471 0.00 0.00 0.00 0
16472 0.00 0.00 0.00 0
16473 0.00 0.00 0.00 0
16478 0.00 0.00 0.00 0
16987 0.00 0.00 0.00 0
16995 0.00 0.00 0.00 0
17017 0.00 0.00 0.00 0
17020 0.00 0.00 0.00 0
18337 0.00 0.00 0.00 0
18338 0.00 0.00 0.00 0
18339 0.00 0.00 0.00 0
18340 0.00 0.00 0.00 0
18341 0.00 0.00 0.00 0
18342 0.00 0.00 0.00 0
18343 0.00 0.00 0.00 0
18344 0.00 0.00 0.00 0
18345 0.00 0.00 0.00 0
18346 0.00 0.00 0.00 0
18347 0.00 0.00 0.00 0
18348 0.00 0.00 0.00 0
18349 0.00 0.00 0.00 0
18350 0.00 0.00 0.00 0
18351 0.00 0.00 0.00 0
18352 0.00 0.00 0.00 0
18353 0.00 0.00 0.00 0
18354 0.00 0.00 0.00 0
18355 0.00 0.00 0.00 0
18356 0.00 0.00 0.00 0
18357 0.00 0.00 0.00 0
18359 0.00 0.00 0.00 0
18360 0.00 0.00 0.00 0
18361 0.00 0.00 0.00 0
18362 0.00 0.00 0.00 0
18363 0.00 0.00 0.00 0
18364 0.00 0.00 0.00 0
18365 0.00 0.00 0.00 0
18366 0.00 0.00 0.00 0
18368 0.00 0.00 0.00 0
18369 0.00 0.00 0.00 0
18371 0.00 0.00 0.00 0
18372 0.00 0.00 0.00 0
18373 0.00 0.00 0.00 0
18374 0.00 0.00 0.00 0
18375 0.00 0.00 0.00 0
18376 0.00 0.00 0.00 0
18390 0.00 0.00 0.00 0
18392 0.00 0.00 0.00 0
18393 0.00 0.00 0.00 0
18394 0.00 0.00 0.00 0
18400 0.00 0.00 0.00 0
18402 0.00 0.00 0.00 0
18404 0.00 0.00 0.00 0
18405 0.00 0.00 0.00 0
18406 0.00 0.00 0.00 0
18407 0.00 0.00 0.00 0
18408 0.00 0.00 0.00 0
18409 0.00 0.00 0.00 0
18410 0.00 0.00 0.00 0
18411 0.00 0.00 0.00 0
18412 0.00 0.00 0.00 0
18413 0.00 0.00 0.00 0
18414 0.00 0.00 0.00 0
18415 0.00 0.00 0.00 0
18416 0.00 0.00 0.00 0
18417 0.00 0.00 0.00 0
18418 0.00 0.00 0.00 0
18419 0.00 0.00 0.00 0
18420 0.00 0.00 0.00 0
18421 0.00 0.00 0.00 0
18422 0.00 0.00 0.00 0
18423 0.00 0.00 0.00 0
18424 0.00 0.00 0.00 0
18425 0.00 0.00 0.00 0
18429 0.00 0.00 0.00 0
18430 0.00 0.00 0.00 0
18431 0.00 0.00 0.00 0
18435 0.00 0.00 0.00 0
18436 0.00 0.00 0.00 0
18437 0.00 0.00 0.00 0
18439 0.00 0.00 0.00 0
19195 0.00 0.00 0.00 0
19196 0.00 0.00 0.00 0
19197 0.00 0.00 0.00 0
19199 0.00 0.00 0.00 0
19201 0.00 0.00 0.00 0
19542 0.00 0.00 0.00 0
19543 0.00 0.00 0.00 0
19544 0.00 0.00 0.00 0
19545 0.00 0.00 0.00 0
19548 0.00 0.00 0.00 0
19550 0.00 0.00 0.00 0
19552 0.00 0.00 0.00 0
19553 0.00 0.00 0.00 0
19554 0.00 0.00 0.00 0
19555 0.00 0.00 0.00 0
19556 0.00 0.00 0.00 0
19557 0.00 0.00 0.00 0
19558 0.00 0.00 0.00 0
19559 0.00 0.00 0.00 0
19560 0.00 0.00 0.00 0
19561 0.00 0.00 0.00 0
19562 0.00 0.00 0.00 0
19563 0.00 0.00 0.00 0
19564 0.00 0.00 0.00 0
19565 0.00 0.00 0.00 0
19566 0.00 0.00 0.00 0
19567 0.00 0.00 0.00 0
19568 0.00 0.00 0.00 0
19569 0.00 0.00 0.00 0
19570 0.00 0.00 0.00 0
19571 0.00 0.00 0.00 0
19572 0.00 0.00 0.00 0
19573 0.00 0.00 0.00 0
19574 0.00 0.00 0.00 0
19575 0.00 0.00 0.00 0
19576 0.00 0.00 0.00 0
19577 0.00 0.00 0.00 0
19578 0.00 0.00 0.00 0
19579 0.00 0.00 0.00 0
19580 0.00 0.00 0.00 0
19581 0.00 0.00 0.00 0
19582 0.00 0.00 0.00 0
19583 0.00 0.00 0.00 0
19584 0.00 0.00 0.00 0
19585 0.00 0.00 0.00 0
19586 0.00 0.00 0.00 0
19587 0.00 0.00 0.00 0
19588 0.00 0.00 0.00 0
19589 0.00 0.00 0.00 0
19590 0.00 0.00 0.00 0
19591 0.00 0.00 0.00 0
19592 0.00 0.00 0.00 0
19593 0.00 0.00 0.00 0
19594 0.00 0.00 0.00 0
19595 0.00 0.00 0.00 0
19596 0.00 0.00 0.00 0
19597 0.00 0.00 0.00 0
19598 0.00 0.00 0.00 0
20820 0.00 0.00 0.00 0
20821 0.00 0.00 0.00 0
20838 0.00 0.00 0.00 0
20840 0.00 0.00 0.00 0
20841 0.00 0.00 0.00 0
20842 0.00 0.00 0.00 0
23269 0.00 0.00 0.00 0
23270 0.00 0.00 0.00 0
23271 0.00 0.00 0.00 0
23272 0.00 0.00 0.00 0
23273 0.00 0.00 0.00 0
23274 0.00 0.00 0.00 0
23275 0.00 0.00 0.00 0
23276 0.00 0.00 0.00 0
23277 0.00 0.00 0.00 0
23534 0.00 0.00 0.00 0
23535 0.00 0.00 0.00 0
23536 0.00 0.00 0.00 0
23537 0.00 0.00 0.00 0
23538 0.00 0.00 0.00 0
23548 0.00 0.00 0.00 0
23549 0.00 0.00 0.00 0
23550 0.00 0.00 0.00 0
23551 0.00 0.00 0.00 0
23552 0.00 0.00 0.00 0
23553 0.00 0.00 0.00 0
23554 0.00 0.00 0.00 0
23555 0.00 0.00 0.00 0
23556 0.00 0.00 0.00 0
23557 0.00 0.00 0.00 0
23558 0.00 0.00 0.00 0
23559 0.00 0.00 0.00 0
23560 0.00 0.00 0.00 0
23772 0.00 0.00 0.00 0
23784 0.00 0.00 0.00 0
24614 0.00 0.00 0.00 0
24615 0.00 0.00 0.00 0
24619 0.00 0.00 0.00 0
24620 0.00 0.00 0.00 0
24628 0.00 0.00 0.00 0
24629 0.00 0.00 0.00 0
24630 0.00 0.00 0.00 0
24631 0.00 0.00 0.00 0
24632 0.00 0.00 0.00 0
24633 0.00 0.00 0.00 0
24634 0.00 0.00 0.00 0
24635 0.00 0.00 0.00 0
24636 0.00 0.00 0.00 0
24638 0.00 0.00 0.00 0
25168 0.00 0.00 0.00 0
25170 0.00 0.00 0.00 0
25186 0.00 0.00 0.00 0
25187 0.00 0.00 0.00 0
25188 0.00 0.00 0.00 0
25189 0.00 0.00 0.00 0
25190 0.00 0.00 0.00 0
25978 0.00 0.00 0.00 0
25979 0.00 0.00 0.00 0
25980 0.00 0.00 0.00 0
25981 0.00 0.00 0.00 0
25982 0.00 0.00 0.00 0
25983 0.00 0.00 0.00 0
25984 0.00 0.00 0.00 0
25985 0.00 0.00 0.00 0
25986 0.00 0.00 0.00 0
25987 0.00 0.00 0.00 0
25988 0.00 0.00 0.00 0
25989 0.00 0.00 0.00 0
25990 0.00 0.00 0.00 0
25991 0.00 0.00 0.00 0
25992 0.00 0.00 0.00 0
25993 0.00 0.00 0.00 0
25994 0.00 0.00 0.00 0
25995 0.00 0.00 0.00 0
26010 0.00 0.00 0.00 0
26011 0.00 0.00 0.00 0
26012 0.00 0.00 0.00 0
26013 0.00 0.00 0.00 0
26014 0.00 0.00 0.00 0
26015 0.00 0.00 0.00 0
26016 0.00 0.00 0.00 0
26017 0.00 0.00 0.00 0
26018 0.00 0.00 0.00 0
26019 0.00 0.00 0.00 0
26020 0.00 0.00 0.00 0
26021 0.00 0.00 0.00 0
26022 0.00 0.00 0.00 0
26023 0.00 0.00 0.00 0
26024 0.00 0.00 0.00 0
26025 0.00 0.00 0.00 0
26026 0.00 0.00 0.00 0
26027 0.00 0.00 0.00 0
26028 0.00 0.00 0.00 0
26029 0.00 0.00 0.00 0
26030 0.00 0.00 0.00 0
26031 0.00 0.00 0.00 0
26032 0.00 0.00 0.00 0
26033 0.00 0.00 0.00 0
26034 0.00 0.00 0.00 0
26035 0.00 0.00 0.00 0
26036 0.00 0.00 0.00 0
26037 0.00 0.00 0.00 0
26038 0.00 0.00 0.00 0
26039 0.00 0.00 0.00 0
26494 0.00 0.00 0.00 0
26495 0.00 0.00 0.00 0
26496 0.00 0.00 0.00 0
26701 0.00 0.00 0.00 0
26702 0.00 0.00 0.00 0
26703 0.00 0.00 0.00 0
26704 0.00 0.00 0.00 0
26705 0.00 0.00 0.00 0
26707 0.00 0.00 0.00 0
26708 0.00 0.00 0.00 0
26709 0.00 0.00 0.00 0
26710 0.00 0.00 0.00 0
26711 0.00 0.00 0.00 0
26712 0.00 0.00 0.00 0
26713 0.00 0.00 0.00 0
26714 0.00 0.00 0.00 0
26715 0.00 0.00 0.00 0
26716 0.00 0.00 0.00 0
26717 0.00 0.00 0.00 0
26718 0.00 0.00 0.00 0
26719 0.00 0.00 0.00 0
26720 0.00 0.00 0.00 0
26721 0.00 0.00 0.00 0
26722 0.00 0.00 0.00 0
26723 0.00 0.00 0.00 0
26724 0.00 0.00 0.00 0
26725 0.00 0.00 0.00 0
26726 0.00 0.00 0.00 0
26727 0.00 0.00 0.00 0
26731 0.00 0.00 0.00 0
26732 0.00 0.00 0.00 0
26733 0.00 0.00 0.00 0
26734 0.00 0.00 0.00 0
26735 0.00 0.00 0.00 0
27463 0.00 0.00 0.00 0
27468 0.00 0.00 0.00 0
27480 0.00 0.00 0.00 0
27481 0.00 0.00 0.00 0
28904 0.00 0.00 0.00 0
28906 0.00 0.00 0.00 0
28907 0.00 0.00 0.00 0
28908 0.00 0.00 0.00 0
28909 0.00 0.00 0.00 0
28910 0.00 0.00 0.00 0
28911 0.00 0.00 0.00 0
28915 0.00 0.00 0.00 0
28916 0.00 0.00 0.00 0
28917 0.00 0.00 0.00 0
28918 0.00 0.00 0.00 0
28919 0.00 0.00 0.00 0
28921 0.00 0.00 0.00 0
28922 0.00 0.00 0.00 0
28923 0.00 0.00 0.00 0
28924 0.00 0.00 0.00 0
29335 0.00 0.00 0.00 0
29336 0.00 0.00 0.00 0
29337 0.00 0.00 0.00 0
29338 0.00 0.00 0.00 0
29339 0.00 0.00 0.00 0
29340 0.00 0.00 0.00 0
29341 0.00 0.00 0.00 0
29342 0.00 0.00 0.00 0
29348 0.00 0.00 0.00 0
29349 0.00 0.00 0.00 0
29350 0.00 0.00 0.00 0
29351 0.00 0.00 0.00 0
29352 0.00 0.00 0.00 0
29353 0.00 0.00 0.00 0
29354 0.00 0.00 0.00 0
29959 0.00 0.00 0.00 0
29960 0.00 0.00 0.00 0
29964 0.00 0.00 0.00 0
29966 0.00 0.00 0.00 0
29969 0.00 0.00 0.00 0
29972 0.00 0.00 0.00 0
29973 0.00 0.00 0.00 0
29974 0.00 0.00 0.00 0
29975 0.00 0.00 0.00 0
29976 0.00 0.00 0.00 0
29988 0.00 0.00 0.00 0
29989 0.00 0.00 0.00 0
29990 0.00 0.00 0.00 0
29991 0.00 0.00 0.00 0
29992 0.00 0.00 0.00 0
29993 0.00 0.00 0.00 0
29994 0.00 0.00 0.00 0
29995 0.00 0.00 0.00 0
29996 0.00 0.00 0.00 0
29997 0.00 0.00 0.00 0
29998 0.00 0.00 0.00 0
29999 0.00 0.00 0.00 0
30000 0.00 0.00 0.00 0
30001 0.00 0.00 0.00 0
30002 0.00 0.00 0.00 0
30003 0.00 0.00 0.00 0
30004 0.00 0.00 0.00 0
30005 0.00 0.00 0.00 0
30006 0.00 0.00 0.00 0
30007 0.00 0.00 0.00 0
30008 0.00 0.00 0.00 0
30009 0.00 0.00 0.00 0
30010 0.00 0.00 0.00 0
30011 0.00 0.00 0.00 0
30012 0.00 0.00 0.00 0
30013 0.00 0.00 0.00 0
30014 0.00 0.00 0.00 0
30015 0.00 0.00 0.00 0
30016 0.00 0.00 0.00 0
30533 0.00 0.00 0.00 0
30534 0.00 0.00 0.00 0
30535 0.00 0.00 0.00 0
30536 0.00 0.00 0.00 0
30537 0.00 0.00 0.00 0
30538 0.00 0.00 0.00 0
30539 0.00 0.00 0.00 0
30542 0.00 0.00 0.00 0
30543 0.00 0.00 0.00 0
30544 0.00 0.00 0.00 0
30545 0.00 0.00 0.00 0
30546 0.00 0.00 0.00 0
30547 0.00 0.00 0.00 0
31121 0.00 0.00 0.00 0
31122 0.00 0.00 0.00 0
31123 0.00 0.00 0.00 0
31124 0.00 0.00 0.00 0
31126 0.00 0.00 0.00 0
31127 0.00 0.00 0.00 0
31128 0.00 0.00 0.00 0
31129 0.00 0.00 0.00 0
31130 0.00 0.00 0.00 0
32444 0.00 0.00 0.00 0
32445 0.00 0.00 0.00 0
32446 0.00 0.00 0.00 0
32447 0.00 0.00 0.00 0
32448 0.00 0.00 0.00 0
32449 0.00 0.00 0.00 0
32450 0.00 0.00 0.00 0
32451 0.00 0.00 0.00 0
32452 0.00 0.00 0.00 0
32453 0.00 0.00 0.00 0
32455 0.00 0.00 0.00 0
32456 0.00 0.00 0.00 0
32458 0.00 0.00 0.00 0
32473 0.00 0.00 0.00 0
32474 0.00 0.00 0.00 0
32475 0.00 0.00 0.00 0
32476 0.00 0.00 0.00 0
32477 0.00 0.00 0.00 0
32478 0.00 0.00 0.00 0
32479 0.00 0.00 0.00 0
32480 0.00 0.00 0.00 0
32481 0.00 0.00 0.00 0
32482 0.00 0.00 0.00 0
32483 0.00 0.00 0.00 0
32484 0.00 0.00 0.00 0
32485 0.00 0.00 0.00 0
32486 0.00 0.00 0.00 0
32487 0.00 0.00 0.00 0
32488 0.00 0.00 0.00 0
32489 0.00 0.00 0.00 0
32490 0.00 0.00 0.00 0
32491 0.00 0.00 0.00 0
32492 0.00 0.00 0.00 0
32493 0.00 0.00 0.00 0
32494 0.00 0.00 0.00 0
32495 0.00 0.00 0.00 0
32496 0.00 0.00 0.00 0
32497 0.00 0.00 0.00 0
32498 0.00 0.00 0.00 0
32499 0.00 0.00 0.00 0
32500 0.00 0.00 0.00 0
32958 0.00 0.00 0.00 0
32959 0.00 0.00 0.00 0
32960 0.00 0.00 0.00 0
32961 0.00 0.00 0.00 0
32962 0.00 0.00 0.00 0
32963 0.00 0.00 0.00 0
32964 0.00 0.00 0.00 0
32966 0.00 0.00 0.00 0
32967 0.00 0.00 0.00 0
32968 0.00 0.00 0.00 0
32969 0.00 0.00 0.00 0
32970 0.00 0.00 0.00 0
32979 0.00 0.00 0.00 0
33624 0.00 0.00 0.00 0
35293 0.00 0.00 0.00 0
35294 0.00 0.00 0.00 0
35295 0.00 0.00 0.00 0
35296 0.00 0.00 0.00 0
35297 0.00 0.00 0.00 0
35298 0.00 0.00 0.00 0
35299 0.00 0.00 0.00 0
35300 0.00 0.00 0.00 0
35301 0.00 0.00 0.00 0
35302 0.00 0.00 0.00 0
35303 0.00 0.00 0.00 0
35304 0.00 0.00 0.00 0
35305 0.00 0.00 0.00 0
35306 0.00 0.00 0.00 0
35307 0.00 0.00 0.00 0
35308 0.00 0.00 0.00 0
35309 0.00 0.00 0.00 0
35310 0.00 0.00 0.00 0
35311 0.00 0.00 0.00 0
35312 0.00 0.00 0.00 0
35314 0.00 0.00 0.00 0
35315 0.00 0.00 0.00 0
35321 0.00 0.00 0.00 0
35322 0.00 0.00 0.00 0
35323 0.00 0.00 0.00 0
35324 0.00 0.00 0.00 0
35325 0.00 0.00 0.00 0
35326 0.00 0.00 0.00 0
35327 0.00 0.00 0.00 0
35328 0.00 0.00 0.00 0
35329 0.00 0.00 0.00 0
35330 0.00 0.00 0.00 0
35331 0.00 0.00 0.00 0
35332 0.00 0.00 0.00 0
35333 0.00 0.00 0.00 0
35334 0.00 0.00 0.00 0
35335 0.00 0.00 0.00 0
35336 0.00 0.00 0.00 0
35337 0.00 0.00 0.00 0
35338 0.00 0.00 0.00 0
35339 0.00 0.00 0.00 0
35340 0.00 0.00 0.00 0
35343 0.00 0.00 0.00 0
35344 0.00 0.00 0.00 0
35361 0.00 0.00 0.00 0
35376 0.00 0.00 0.00 0
35377 0.00 0.00 0.00 0
35378 0.00 0.00 0.00 0
35379 0.00 0.00 0.00 0
35380 0.00 0.00 0.00 0
35381 0.00 0.00 0.00 0
35382 0.00 0.00 0.00 0
35383 0.00 0.00 0.00 0
35384 0.00 0.00 0.00 0
35385 0.00 0.00 0.00 0
35386 0.00 0.00 0.00 0
35387 0.00 0.00 0.00 0
35388 0.00 0.00 0.00 0
35389 0.00 0.00 0.00 0
35390 0.00 0.00 0.00 0
35391 0.00 0.00 0.00 0
35392 0.00 0.00 0.00 0
35393 0.00 0.00 0.00 0
35394 0.00 0.00 0.00 0
35395 0.00 0.00 0.00 0
35396 0.00 0.00 0.00 0
35397 0.00 0.00 0.00 0
35398 0.00 0.00 0.00 0
35399 0.00 0.00 0.00 0
35406 0.00 0.00 0.00 0
35412 0.00 0.00 0.00 0
35413 0.00 0.00 0.00 0
35414 0.00 0.00 0.00 0
35415 0.00 0.00 0.00 0
36340 0.00 0.00 0.00 0
36341 0.00 0.00 0.00 0
36342 0.00 0.00 0.00 0
36343 0.00 0.00 0.00 0
36344 0.00 0.00 0.00 0
36345 0.00 0.00 0.00 0
36346 0.00 0.00 0.00 0
36347 0.00 0.00 0.00 0
36757 0.00 0.00 0.00 0
36763 0.00 0.00 0.00 0
36764 0.00 0.00 0.00 0
36765 0.00 0.00 0.00 0
36767 0.00 0.00 0.00 0
36768 0.00 0.00 0.00 0
36769 0.00 0.00 0.00 0
36770 0.00 0.00 0.00 0
36771 0.00 0.00 0.00 0
36772 0.00 0.00 0.00 0
36773 0.00 0.00 0.00 0
36774 0.00 0.00 0.00 0
36775 0.00 0.00 0.00 0
36776 0.00 0.00 0.00 0
36777 0.00 0.00 0.00 0
36778 0.00 0.00 0.00 0
36779 0.00 0.00 0.00 0
36780 0.00 0.00 0.00 0
36781 0.00 0.00 0.00 0
36782 0.00 0.00 0.00 0
36783 0.00 0.00 0.00 0
36784 0.00 0.00 0.00 0
36785 0.00 0.00 0.00 0
36786 0.00 0.00 0.00 0
36787 0.00 0.00 0.00 0
36788 0.00 0.00 0.00 0
36789 0.00 0.00 0.00 0
36790 0.00 0.00 0.00 0
36791 0.00 0.00 0.00 0
36792 0.00 0.00 0.00 0
36793 0.00 0.00 0.00 0
36794 0.00 0.00 0.00 0
36795 0.00 0.00 0.00 0
36796 0.00 0.00 0.00 0
36797 0.00 0.00 0.00 0
36798 0.00 0.00 0.00 0
36799 0.00 0.00 0.00 0
36800 0.00 0.00 0.00 0
36801 0.00 0.00 0.00 0
36802 0.00 0.00 0.00 0
36803 0.00 0.00 0.00 0
36804 0.00 0.00 0.00 0
36805 0.00 0.00 0.00 0
36806 0.00 0.00 0.00 0
36807 0.00 0.00 0.00 0
36808 0.00 0.00 0.00 0
36809 0.00 0.00 0.00 0
36810 0.00 0.00 0.00 0
36811 0.00 0.00 0.00 0
36812 0.00 0.00 0.00 0
36813 0.00 0.00 0.00 0
36814 0.00 0.00 0.00 0
36815 0.00 0.00 0.00 0
36816 0.00 0.00 0.00 0
36817 0.00 0.00 0.00 0
36818 0.00 0.00 0.00 0
36819 0.00 0.00 0.00 0
36820 0.00 0.00 0.00 0
36821 0.00 0.00 0.00 0
36822 0.00 0.00 0.00 0
36823 0.00 0.00 0.00 0
38296 0.00 0.00 0.00 0
38320 0.00 0.00 0.00 0
38321 0.00 0.00 0.00 0
41088 0.00 0.00 0.00 0
41090 0.00 0.00 0.00 0
41234 0.00 0.00 0.00 0
41235 0.00 0.00 0.00 0
41236 0.00 0.00 0.00 0
41242 0.00 0.00 0.00 0
41243 0.00 0.00 0.00 0
41244 0.00 0.00 0.00 0
41245 0.00 0.00 0.00 0
41246 0.00 0.00 0.00 0
41247 0.00 0.00 0.00 0
41248 0.00 0.00 0.00 0
41368 0.00 0.00 0.00 0
41369 0.00 0.00 0.00 0
41370 0.00 0.00 0.00 0
41372 0.00 0.00 0.00 0
41373 0.00 0.00 0.00 0
41374 0.00 0.00 0.00 0
41842 0.00 0.00 0.00 0
41843 0.00 0.00 0.00 0
41844 0.00 0.00 0.00 0
41845 0.00 0.00 0.00 0
42142 0.00 0.00 0.00 0
42143 0.00 0.00 0.00 0
42144 0.00 0.00 0.00 0
42592 0.00 0.00 0.00 0
42593 0.00 0.00 0.00 0
42594 0.00 0.00 0.00 0
42595 0.00 0.00 0.00 0
42596 0.00 0.00 0.00 0
42597 0.00 0.00 0.00 0
42598 0.00 0.00 0.00 0
42599 0.00 0.00 0.00 0
42600 0.00 0.00 0.00 0
42601 0.00 0.00 0.00 0
42610 0.00 0.00 0.00 0
42611 0.00 0.00 0.00 0
42612 0.00 0.00 0.00 0
42613 0.00 0.00 0.00 0
42614 0.00 0.00 0.00 0
42615 0.00 0.00 0.00 0
42616 0.00 0.00 0.00 0
42617 0.00 0.00 0.00 0
42618 0.00 0.00 0.00 0
42619 0.00 0.00 0.00 0
42620 0.00 0.00 0.00 0
42621 0.00 0.00 0.00 0
42622 0.00 0.00 0.00 0
42623 0.00 0.00 0.00 0
42624 0.00 0.00 0.00 0
42995 0.00 0.00 0.00 0
42996 0.00 0.00 0.00 0
42997 0.00 0.00 0.00 0
42998 0.00 0.00 0.00 0
42999 0.00 0.00 0.00 0
43000 0.00 0.00 0.00 0
43001 0.00 0.00 0.00 0
43002 0.00 0.00 0.00 0
43003 0.00 0.00 0.00 0
43004 0.00 0.00 0.00 0
43005 0.00 0.00 0.00 0
43006 0.00 0.00 0.00 0
43007 0.00 0.00 0.00 0
43008 0.00 0.00 0.00 0
43009 0.00 0.00 0.00 0
43417 0.00 0.00 0.00 0
43418 0.00 0.00 0.00 0
43419 0.00 0.00 0.00 0
44234 0.00 0.00 0.00 0
44235 0.00 0.00 0.00 0
44236 0.00 0.00 0.00 0
44245 0.00 0.00 0.00 0
44246 0.00 0.00 0.00 0
44247 0.00 0.00 0.00 0
44248 0.00 0.00 0.00 0
44542 0.00 0.00 0.00 0
44543 0.00 0.00 0.00 0
44544 0.00 0.00 0.00 0
44545 0.00 0.00 0.00 0
44546 0.00 0.00 0.00 0
44547 0.00 0.00 0.00 0
44548 0.00 0.00 0.00 0
44549 0.00 0.00 0.00 0
44550 0.00 0.00 0.00 0
44551 0.00 0.00 0.00 0
44552 0.00 0.00 0.00 0
44553 0.00 0.00 0.00 0
44554 0.00 0.00 0.00 0
44555 0.00 0.00 0.00 0
44556 0.00 0.00 0.00 0
44984 0.00 0.00 0.00 0
44985 0.00 0.00 0.00 0
44986 0.00 0.00 0.00 0
44987 0.00 0.00 0.00 0
44988 0.00 0.00 0.00 0
44989 0.00 0.00 0.00 0
44990 0.00 0.00 0.00 0
44991 0.00 0.00 0.00 0
45007 0.00 0.00 0.00 0
45008 0.00 0.00 0.00 0
45009 0.00 0.00 0.00 0
45010 0.00 0.00 0.00 0
45011 0.00 0.00 0.00 0
45012 0.00 0.00 0.00 0
45013 0.00 0.00 0.00 0
45014 0.00 0.00 0.00 0
45015 0.00 0.00 0.00 0
45016 0.00 0.00 0.00 0
45017 0.00 0.00 0.00 0
45018 0.00 0.00 0.00 0
45019 0.00 0.00 0.00 0
45020 0.00 0.00 0.00 0
45021 0.00 0.00 0.00 0
45022 0.00 0.00 0.00 0
45023 0.00 0.00 0.00 0
45024 0.00 0.00 0.00 0
45025 0.00 0.00 0.00 0
45026 0.00 0.00 0.00 0
45027 0.00 0.00 0.00 0
45028 0.00 0.00 0.00 0
45399 0.00 0.00 0.00 0
45823 0.00 0.00 0.00 0
46784 0.00 0.00 0.00 0
46785 0.00 0.00 0.00 0
46786 0.00 0.00 0.00 0
46792 0.00 0.00 0.00 0
46793 0.00 0.00 0.00 0
46794 0.00 0.00 0.00 0
46807 0.00 0.00 0.00 0
46808 0.00 0.00 0.00 0
46809 0.00 0.00 0.00 0
46810 0.00 0.00 0.00 0
46811 0.00 0.00 0.00 0
46812 0.00 0.00 0.00 0
46813 0.00 0.00 0.00 0
46814 0.00 0.00 0.00 0
46815 0.00 0.00 0.00 0
46816 0.00 0.00 0.00 0
46817 0.00 0.00 0.00 0
46818 0.00 0.00 0.00 0
46819 0.00 0.00 0.00 0
46820 0.00 0.00 0.00 0
46821 0.00 0.00 0.00 0
46822 0.00 0.00 0.00 0
46823 0.00 0.00 0.00 0
46824 0.00 0.00 0.00 0
46825 0.00 0.00 0.00 0
46826 0.00 0.00 0.00 0
46827 0.00 0.00 0.00 0
46828 0.00 0.00 0.00 0
47707 0.00 0.00 0.00 0
47709 0.00 0.00 0.00 0
47715 0.00 0.00 0.00 0
47737 0.00 0.00 0.00 0
47739 0.00 0.00 0.00 0
47740 0.00 0.00 0.00 0
47742 0.00 0.00 0.00 0
47745 0.00 0.00 0.00 0
47746 0.00 0.00 0.00 0
49057 0.00 0.00 0.00 0
49058 0.00 0.00 0.00 0
49059 0.00 0.00 0.00 0
49060 0.00 0.00 0.00 0
49061 0.00 0.00 0.00 0
49062 0.00 0.00 0.00 0
49063 0.00 0.00 0.00 0
49064 0.00 0.00 0.00 0
49065 0.00 0.00 0.00 0
49066 0.00 0.00 0.00 0
49067 0.00 0.00 0.00 0
49068 0.00 0.00 0.00 0
49069 0.00 0.00 0.00 0
49070 0.00 0.00 0.00 0
49071 0.00 0.00 0.00 0
49072 0.00 0.00 0.00 0
49073 0.00 0.00 0.00 0
49074 0.00 0.00 0.00 0
49075 0.00 0.00 0.00 0
49076 0.00 0.00 0.00 0
49077 0.00 0.00 0.00 0
49078 0.00 0.00 0.00 0
49079 0.00 0.00 0.00 0
49080 0.00 0.00 0.00 0
49081 0.00 0.00 0.00 0
49082 0.00 0.00 0.00 0
49083 0.00 0.00 0.00 0
49084 0.00 0.00 0.00 0
49085 0.00 0.00 0.00 0
49086 0.00 0.00 0.00 0
49088 0.00 0.00 0.00 0
49091 0.00 0.00 0.00 0
49092 0.00 0.00 0.00 0
49093 0.00 0.00 0.00 0
49094 0.00 0.00 0.00 0
49095 0.00 0.00 0.00 0
49096 0.00 0.00 0.00 0
49110 0.00 0.00 0.00 0
49111 0.00 0.00 0.00 0
49112 0.00 0.00 0.00 0
49113 0.00 0.00 0.00 0
49114 0.00 0.00 0.00 0
49120 0.00 0.00 0.00 0
49121 0.00 0.00 0.00 0
49122 0.00 0.00 0.00 0
49123 0.00 0.00 0.00 0
49124 0.00 0.00 0.00 0
49125 0.00 0.00 0.00 0
49126 0.00 0.00 0.00 0
49127 0.00 0.00 0.00 0
49128 0.00 0.00 0.00 0
49129 0.00 0.00 0.00 0
49130 0.00 0.00 0.00 0
49131 0.00 0.00 0.00 0
49132 0.00 0.00 0.00 0
49133 0.00 0.00 0.00 0
49134 0.00 0.00 0.00 0
49135 0.00 0.00 0.00 0
49136 0.00 0.00 0.00 0
49137 0.00 0.00 0.00 0
49138 0.00 0.00 0.00 0
49139 0.00 0.00 0.00 0
49140 0.00 0.00 0.00 0
49141 0.00 0.00 0.00 0
49142 0.00 0.00 0.00 0
49143 0.00 0.00 0.00 0
49144 0.00 0.00 0.00 0
49145 0.00 0.00 0.00 0
49146 0.00 0.00 0.00 0
49147 0.00 0.00 0.00 0
49149 0.00 0.00 0.00 0
49150 0.00 0.00 0.00 0
49151 0.00 0.00 0.00 0
49152 0.00 0.00 0.00 0
49155 0.00 0.00 0.00 0
49156 0.00 0.00 0.00 0
49157 0.00 0.00 0.00 0
49915 0.00 0.00 0.00 0
49916 0.00 0.00 0.00 0
49917 0.00 0.00 0.00 0
50262 0.00 0.00 0.00 0
50264 0.00 0.00 0.00 0
50270 0.00 0.00 0.00 0
50271 0.00 0.00 0.00 0
50272 0.00 0.00 0.00 0
50273 0.00 0.00 0.00 0
50274 0.00 0.00 0.00 0
50275 0.00 0.00 0.00 0
50276 0.00 0.00 0.00 0
50277 0.00 0.00 0.00 0
50278 0.00 0.00 0.00 0
50279 0.00 0.00 0.00 0
50280 0.00 0.00 0.00 0
50281 0.00 0.00 0.00 0
50282 0.00 0.00 0.00 0
50283 0.00 0.00 0.00 0
50284 0.00 0.00 0.00 0
50285 0.00 0.00 0.00 0
50286 0.00 0.00 0.00 0
50287 0.00 0.00 0.00 0
50288 0.00 0.00 0.00 0
50289 0.00 0.00 0.00 0
50290 0.00 0.00 0.00 0
50291 0.00 0.00 0.00 0
50292 0.00 0.00 0.00 0
50293 0.00 0.00 0.00 0
50294 0.00 0.00 0.00 0
50295 0.00 0.00 0.00 0
50296 0.00 0.00 0.00 0
50297 0.00 0.00 0.00 0
50298 0.00 0.00 0.00 0
50299 0.00 0.00 0.00 0
50300 0.00 0.00 0.00 0
50301 0.00 0.00 0.00 0
50302 0.00 0.00 0.00 0
50303 0.00 0.00 0.00 0
50304 0.00 0.00 0.00 0
50305 0.00 0.00 0.00 0
50306 0.00 0.00 0.00 0
50307 0.00 0.00 0.00 0
50308 0.00 0.00 0.00 0
50309 0.00 0.00 0.00 0
50310 0.00 0.00 0.00 0
50311 0.00 0.00 0.00 0
50312 0.00 0.00 0.00 0
50313 0.00 0.00 0.00 0
50314 0.00 0.00 0.00 0
50315 0.00 0.00 0.00 0
50316 0.00 0.00 0.00 0
50317 0.00 0.00 0.00 0
50318 0.00 0.00 0.00 0
51540 0.00 0.00 0.00 0
51541 0.00 0.00 0.00 0
51542 0.00 0.00 0.00 0
51558 0.00 0.00 0.00 0
51559 0.00 0.00 0.00 0
51560 0.00 0.00 0.00 0
51561 0.00 0.00 0.00 0
51562 0.00 0.00 0.00 0
54142 0.00 0.00 0.00 0
54143 0.00 0.00 0.00 0
54144 0.00 0.00 0.00 0
54145 0.00 0.00 0.00 0
54146 0.00 0.00 0.00 0
54147 0.00 0.00 0.00 0
54148 0.00 0.00 0.00 0
54149 0.00 0.00 0.00 0
54150 0.00 0.00 0.00 0
54151 0.00 0.00 0.00 0
54152 0.00 0.00 0.00 0
54153 0.00 0.00 0.00 0
54154 0.00 0.00 0.00 0
54155 0.00 0.00 0.00 0
54584 0.00 0.00 0.00 0
54585 0.00 0.00 0.00 0
54586 0.00 0.00 0.00 0
54587 0.00 0.00 0.00 0
54588 0.00 0.00 0.00 0
54589 0.00 0.00 0.00 0
54590 0.00 0.00 0.00 0
54591 0.00 0.00 0.00 0
54607 0.00 0.00 0.00 0
54608 0.00 0.00 0.00 0
54609 0.00 0.00 0.00 0
54610 0.00 0.00 0.00 0
54611 0.00 0.00 0.00 0
54612 0.00 0.00 0.00 0
54613 0.00 0.00 0.00 0
54614 0.00 0.00 0.00 0
54615 0.00 0.00 0.00 0
54616 0.00 0.00 0.00 0
54617 0.00 0.00 0.00 0
54618 0.00 0.00 0.00 0
54619 0.00 0.00 0.00 0
54620 0.00 0.00 0.00 0
54621 0.00 0.00 0.00 0
54622 0.00 0.00 0.00 0
54623 0.00 0.00 0.00 0
54624 0.00 0.00 0.00 0
54625 0.00 0.00 0.00 0
54626 0.00 0.00 0.00 0
54627 0.00 0.00 0.00 0
54628 0.00 0.00 0.00 0
54978 0.00 0.00 0.00 0
54980 0.00 0.00 0.00 0
56385 0.00 0.00 0.00 0
56393 0.00 0.00 0.00 0
56407 0.00 0.00 0.00 0
56408 0.00 0.00 0.00 0
56409 0.00 0.00 0.00 0
56410 0.00 0.00 0.00 0
56411 0.00 0.00 0.00 0
56412 0.00 0.00 0.00 0
56413 0.00 0.00 0.00 0
56414 0.00 0.00 0.00 0
56415 0.00 0.00 0.00 0
56416 0.00 0.00 0.00 0
56417 0.00 0.00 0.00 0
56419 0.00 0.00 0.00 0
56428 0.00 0.00 0.00 0
57307 0.00 0.00 0.00 0
57308 0.00 0.00 0.00 0
57309 0.00 0.00 0.00 0
57310 0.00 0.00 0.00 0
57311 0.00 0.00 0.00 0
57337 0.00 0.00 0.00 0
57338 0.00 0.00 0.00 0
57339 0.00 0.00 0.00 0
57341 0.00 0.00 0.00 0
57342 0.00 0.00 0.00 0
57343 0.00 0.00 0.00 0
58657 0.00 0.00 0.00 0
58658 0.00 0.00 0.00 0
58659 0.00 0.00 0.00 0
58660 0.00 0.00 0.00 0
58661 0.00 0.00 0.00 0
58662 0.00 0.00 0.00 0
58663 0.00 0.00 0.00 0
58664 0.00 0.00 0.00 0
58665 0.00 0.00 0.00 0
58666 0.00 0.00 0.00 0
58667 0.00 0.00 0.00 0
58668 0.00 0.00 0.00 0
58669 0.00 0.00 0.00 0
58670 0.00 0.00 0.00 0
58671 0.00 0.00 0.00 0
58672 0.00 0.00 0.00 0
58673 0.00 0.00 0.00 0
58674 0.00 0.00 0.00 0
58675 0.00 0.00 0.00 0
58676 0.00 0.00 0.00 0
58677 0.00 0.00 0.00 0
58678 0.00 0.00 0.00 0
58679 0.00 0.00 0.00 0
58680 0.00 0.00 0.00 0
58681 0.00 0.00 0.00 0
58682 0.00 0.00 0.00 0
58683 0.00 0.00 0.00 0
58684 0.00 0.00 0.00 0
58685 0.00 0.00 0.00 0
58686 0.00 0.00 0.00 0
58710 0.00 0.00 0.00 0
58711 0.00 0.00 0.00 0
58712 0.00 0.00 0.00 0
58713 0.00 0.00 0.00 0
58714 0.00 0.00 0.00 0
58715 0.00 0.00 0.00 0
58716 0.00 0.00 0.00 0
58717 0.00 0.00 0.00 0
58718 0.00 0.00 0.00 0
58719 0.00 0.00 0.00 0
58720 0.00 0.00 0.00 0
58721 0.00 0.00 0.00 0
58722 0.00 0.00 0.00 0
58723 0.00 0.00 0.00 0
58724 0.00 0.00 0.00 0
58725 0.00 0.00 0.00 0
58726 0.00 0.00 0.00 0
58727 0.00 0.00 0.00 0
58728 0.00 0.00 0.00 0
58729 0.00 0.00 0.00 0
58730 0.00 0.00 0.00 0
58731 0.00 0.00 0.00 0
58732 0.00 0.00 0.00 0
58733 0.00 0.00 0.00 0
58734 0.00 0.00 0.00 0
58735 0.00 0.00 0.00 0
58736 0.00 0.00 0.00 0
58737 0.00 0.00 0.00 0
58738 0.00 0.00 0.00 0
58739 0.00 0.00 0.00 0
58740 0.00 0.00 0.00 0
58741 0.00 0.00 0.00 0
58742 0.00 0.00 0.00 0
58743 0.00 0.00 0.00 0
58744 0.00 0.00 0.00 0
58745 0.00 0.00 0.00 0
58746 0.00 0.00 0.00 0
58747 0.00 0.00 0.00 0
58748 0.00 0.00 0.00 0
58749 0.00 0.00 0.00 0
58750 0.00 0.00 0.00 0
58751 0.00 0.00 0.00 0
58752 0.00 0.00 0.00 0
58753 0.00 0.00 0.00 0
58754 0.00 0.00 0.00 0
58755 0.00 0.00 0.00 0
58756 0.00 0.00 0.00 0
58757 0.00 0.00 0.00 0
59515 0.00 0.00 0.00 0
59516 0.00 0.00 0.00 0
59517 0.00 0.00 0.00 0
59860 0.00 0.00 0.00 0
59861 0.00 0.00 0.00 0
59862 0.00 0.00 0.00 0
59863 0.00 0.00 0.00 0
59864 0.00 0.00 0.00 0
59865 0.00 0.00 0.00 0
59866 0.00 0.00 0.00 0
59867 0.00 0.00 0.00 0
59868 0.00 0.00 0.00 0
59869 0.00 0.00 0.00 0
59870 0.00 0.00 0.00 0
59871 0.00 0.00 0.00 0
59872 0.00 0.00 0.00 0
59873 0.00 0.00 0.00 0
59874 0.00 0.00 0.00 0
59875 0.00 0.00 0.00 0
59876 0.00 0.00 0.00 0
59877 0.00 0.00 0.00 0
59878 0.00 0.00 0.00 0
59879 0.00 0.00 0.00 0
59880 0.00 0.00 0.00 0
59881 0.00 0.00 0.00 0
59882 0.00 0.00 0.00 0
59883 0.00 0.00 0.00 0
59884 0.00 0.00 0.00 0
59885 0.00 0.00 0.00 0
59886 0.00 0.00 0.00 0
59887 0.00 0.00 0.00 0
59888 0.00 0.00 0.00 0
59889 0.00 0.00 0.00 0
59890 0.00 0.00 0.00 0
59891 0.00 0.00 0.00 0
59892 0.00 0.00 0.00 0
59893 0.00 0.00 0.00 0
59894 0.00 0.00 0.00 0
59895 0.00 0.00 0.00 0
59896 0.00 0.00 0.00 0
59897 0.00 0.00 0.00 0
59898 0.00 0.00 0.00 0
59899 0.00 0.00 0.00 0
59900 0.00 0.00 0.00 0
59901 0.00 0.00 0.00 0
59902 0.00 0.00 0.00 0
59903 0.00 0.00 0.00 0
59904 0.00 0.00 0.00 0
59910 0.00 0.00 0.00 0
59911 0.00 0.00 0.00 0
59912 0.00 0.00 0.00 0
59913 0.00 0.00 0.00 0
59914 0.00 0.00 0.00 0
59915 0.00 0.00 0.00 0
59916 0.00 0.00 0.00 0
59917 0.00 0.00 0.00 0
59918 0.00 0.00 0.00 0
61132 0.00 0.00 0.00 0
61133 0.00 0.00 0.00 0
61134 0.00 0.00 0.00 0
61135 0.00 0.00 0.00 0
61136 0.00 0.00 0.00 0
61140 0.00 0.00 0.00 0
61158 0.00 0.00 0.00 0
61160 0.00 0.00 0.00 0
61161 0.00 0.00 0.00 0
61162 0.00 0.00 0.00 0
63584 0.00 0.00 0.00 0
63585 0.00 0.00 0.00 0
63586 0.00 0.00 0.00 0
63587 0.00 0.00 0.00 0
63588 0.00 0.00 0.00 0
63589 0.00 0.00 0.00 0
63590 0.00 0.00 0.00 0
63591 0.00 0.00 0.00 0
63595 0.00 0.00 0.00 0
63596 0.00 0.00 0.00 0
63597 0.00 0.00 0.00 0
63598 0.00 0.00 0.00 0
63599 0.00 0.00 0.00 0
63600 0.00 0.00 0.00 0
63601 0.00 0.00 0.00 0
63607 0.00 0.00 0.00 0
63608 0.00 0.00 0.00 0
63609 0.00 0.00 0.00 0
63613 0.00 0.00 0.00 0
63618 0.00 0.00 0.00 0
63619 0.00 0.00 0.00 0
63620 0.00 0.00 0.00 0
63621 0.00 0.00 0.00 0
63622 0.00 0.00 0.00 0
63623 0.00 0.00 0.00 0
63624 0.00 0.00 0.00 0
63625 0.00 0.00 0.00 0
63626 0.00 0.00 0.00 0
63627 0.00 0.00 0.00 0
63628 0.00 0.00 0.00 0
64507 0.00 0.00 0.00 0
64508 0.00 0.00 0.00 0
64509 0.00 0.00 0.00 0
64510 0.00 0.00 0.00 0
64511 0.00 0.00 0.00 0
64512 0.00 0.00 0.00 0
64513 0.00 0.00 0.00 0
64514 0.00 0.00 0.00 0
64515 0.00 0.00 0.00 0
64516 0.00 0.00 0.00 0
64517 0.00 0.00 0.00 0
64518 0.00 0.00 0.00 0
64519 0.00 0.00 0.00 0
64520 0.00 0.00 0.00 0
64521 0.00 0.00 0.00 0
64522 0.00 0.00 0.00 0
64524 0.00 0.00 0.00 0
64525 0.00 0.00 0.00 0
64532 0.00 0.00 0.00 0
64533 0.00 0.00 0.00 0
64534 0.00 0.00 0.00 0
64535 0.00 0.00 0.00 0
64536 0.00 0.00 0.00 0
64537 0.00 0.00 0.00 0
64538 0.00 0.00 0.00 0
64539 0.00 0.00 0.00 0
64540 0.00 0.00 0.00 0
64541 0.00 0.00 0.00 0
64542 0.00 0.00 0.00 0
64543 0.00 0.00 0.00 0
64544 0.00 0.00 0.00 0
64545 0.00 0.00 0.00 0
64546 0.00 0.00 0.00 0
64547 0.00 0.00 0.00 0
64548 0.00 0.00 0.00 0
64549 0.00 0.00 0.00 0
64550 0.00 0.00 0.00 0
65837 0.00 0.00 0.00 0
65838 0.00 0.00 0.00 0
65839 0.00 0.00 0.00 0
65841 0.00 0.00 0.00 0
65842 0.00 0.00 0.00 0
65843 0.00 0.00 0.00 0
65844 0.00 0.00 0.00 0
65845 0.00 0.00 0.00 0
65846 0.00 0.00 0.00 0
65847 0.00 0.00 0.00 0
65848 0.00 0.00 0.00 0
65849 0.00 0.00 0.00 0
65852 0.00 0.00 0.00 0
65853 0.00 0.00 0.00 0
65854 0.00 0.00 0.00 0
65856 0.00 0.00 0.00 0
65863 0.00 0.00 0.00 0
65873 0.00 0.00 0.00 0
65876 0.00 0.00 0.00 0
65877 0.00 0.00 0.00 0
65878 0.00 0.00 0.00 0
65879 0.00 0.00 0.00 0
65880 0.00 0.00 0.00 0
65902 0.00 0.00 0.00 0
65903 0.00 0.00 0.00 0
65904 0.00 0.00 0.00 0
65905 0.00 0.00 0.00 0
65906 0.00 0.00 0.00 0
65907 0.00 0.00 0.00 0
65908 0.00 0.00 0.00 0
65909 0.00 0.00 0.00 0
65910 0.00 0.00 0.00 0
65911 0.00 0.00 0.00 0
65912 0.00 0.00 0.00 0
65913 0.00 0.00 0.00 0
65914 0.00 0.00 0.00 0
65915 0.00 0.00 0.00 0
65916 0.00 0.00 0.00 0
65917 0.00 0.00 0.00 0
65918 0.00 0.00 0.00 0
65919 0.00 0.00 0.00 0
65920 0.00 0.00 0.00 0
65921 0.00 0.00 0.00 0
65922 0.00 0.00 0.00 0
65923 0.00 0.00 0.00 0
65924 0.00 0.00 0.00 0
65925 0.00 0.00 0.00 0
65926 0.00 0.00 0.00 0
65927 0.00 0.00 0.00 0
65928 0.00 0.00 0.00 0
65929 0.00 0.00 0.00 0
65930 0.00 0.00 0.00 0
65931 0.00 0.00 0.00 0
65932 0.00 0.00 0.00 0
65933 0.00 0.00 0.00 0
65934 0.00 0.00 0.00 0
65935 0.00 0.00 0.00 0
65936 0.00 0.00 0.00 0
65937 0.00 0.00 0.00 0
65938 0.00 0.00 0.00 0
65939 0.00 0.00 0.00 0
65940 0.00 0.00 0.00 0
65941 0.00 0.00 0.00 0
65942 0.00 0.00 0.00 0
65943 0.00 0.00 0.00 0
65944 0.00 0.00 0.00 0
65945 0.00 0.00 0.00 0
65946 0.00 0.00 0.00 0
65947 0.00 0.00 0.00 0
65948 0.00 0.00 0.00 0
65949 0.00 0.00 0.00 0
65950 0.00 0.00 0.00 0
65951 0.00 0.00 0.00 0
65952 0.00 0.00 0.00 0
65953 0.00 0.00 0.00 0
65954 0.00 0.00 0.00 0
65955 0.00 0.00 0.00 0
65956 0.00 0.00 0.00 0
65957 0.00 0.00 0.00 0
65958 0.00 0.00 0.00 0
65959 0.00 0.00 0.00 0
65960 0.00 0.00 0.00 0
65961 0.00 0.00 0.00 0
65962 0.00 0.00 0.00 0
65963 0.00 0.00 0.00 0
65964 0.00 0.00 0.00 0
65965 0.00 0.00 0.00 0
65966 0.00 0.00 0.00 0
65967 0.00 0.00 0.00 0
67070 0.00 0.00 0.00 0
67071 0.00 0.00 0.00 0
67072 0.00 0.00 0.00 0
67073 0.00 0.00 0.00 0
67074 0.00 0.00 0.00 0
67075 0.00 0.00 0.00 0
67076 0.00 0.00 0.00 0
67077 0.00 0.00 0.00 0
67079 0.00 0.00 0.00 0
67080 0.00 0.00 0.00 0
67081 0.00 0.00 0.00 0
67082 0.00 0.00 0.00 0
67089 0.00 0.00 0.00 0
67090 0.00 0.00 0.00 0
67091 0.00 0.00 0.00 0
67092 0.00 0.00 0.00 0
67093 0.00 0.00 0.00 0
67094 0.00 0.00 0.00 0
67095 0.00 0.00 0.00 0
67096 0.00 0.00 0.00 0
67097 0.00 0.00 0.00 0
67098 0.00 0.00 0.00 0
67099 0.00 0.00 0.00 0
68336 0.00 0.00 0.00 0
68337 0.00 0.00 0.00 0
68338 0.00 0.00 0.00 0
68339 0.00 0.00 0.00 0
68345 0.00 0.00 0.00 0
68346 0.00 0.00 0.00 0
68347 0.00 0.00 0.00 0
68348 0.00 0.00 0.00 0
68349 0.00 0.00 0.00 0
68350 0.00 0.00 0.00 0
68351 0.00 0.00 0.00 0
68352 0.00 0.00 0.00 0
68353 0.00 0.00 0.00 0
68354 0.00 0.00 0.00 0
71234 0.00 0.00 0.00 0
71235 0.00 0.00 0.00 0
71236 0.00 0.00 0.00 0
71237 0.00 0.00 0.00 0
71238 0.00 0.00 0.00 0
71239 0.00 0.00 0.00 0
71240 0.00 0.00 0.00 0
71241 0.00 0.00 0.00 0
71242 0.00 0.00 0.00 0
71243 0.00 0.00 0.00 0
71244 0.00 0.00 0.00 0
71245 0.00 0.00 0.00 0
71246 0.00 0.00 0.00 0
71247 0.00 0.00 0.00 0
71248 0.00 0.00 0.00 0
71249 0.00 0.00 0.00 0
71250 0.00 0.00 0.00 0
71251 0.00 0.00 0.00 0
71257 0.00 0.00 0.00 0
71259 0.00 0.00 0.00 0
71260 0.00 0.00 0.00 0
71261 0.00 0.00 0.00 0
71262 0.00 0.00 0.00 0
71263 0.00 0.00 0.00 0
71264 0.00 0.00 0.00 0
71265 0.00 0.00 0.00 0
71266 0.00 0.00 0.00 0
71267 0.00 0.00 0.00 0
71268 0.00 0.00 0.00 0
71269 0.00 0.00 0.00 0
71302 0.00 0.00 0.00 0
71303 0.00 0.00 0.00 0
71304 0.00 0.00 0.00 0
71305 0.00 0.00 0.00 0
71306 0.00 0.00 0.00 0
71307 0.00 0.00 0.00 0
71308 0.00 0.00 0.00 0
71309 0.00 0.00 0.00 0
71310 0.00 0.00 0.00 0
71311 0.00 0.00 0.00 0
71312 0.00 0.00 0.00 0
71313 0.00 0.00 0.00 0
71314 0.00 0.00 0.00 0
71315 0.00 0.00 0.00 0
71316 0.00 0.00 0.00 0
71317 0.00 0.00 0.00 0
71318 0.00 0.00 0.00 0
71319 0.00 0.00 0.00 0
71320 0.00 0.00 0.00 0
71321 0.00 0.00 0.00 0
71322 0.00 0.00 0.00 0
71323 0.00 0.00 0.00 0
71324 0.00 0.00 0.00 0
71325 0.00 0.00 0.00 0
71326 0.00 0.00 0.00 0
71327 0.00 0.00 0.00 0
71328 0.00 0.00 0.00 0
71329 0.00 0.00 0.00 0
71330 0.00 0.00 0.00 0
71331 0.00 0.00 0.00 0
71332 0.00 0.00 0.00 0
71333 0.00 0.00 0.00 0
71334 0.00 0.00 0.00 0
71335 0.00 0.00 0.00 0
71336 0.00 0.00 0.00 0
71337 0.00 0.00 0.00 0
71338 0.00 0.00 0.00 0
71339 0.00 0.00 0.00 0
71340 0.00 0.00 0.00 0
71341 0.00 0.00 0.00 0
71342 0.00 0.00 0.00 0
71343 0.00 0.00 0.00 0
71344 0.00 0.00 0.00 0
71345 0.00 0.00 0.00 0
71346 0.00 0.00 0.00 0
71347 0.00 0.00 0.00 0
71348 0.00 0.00 0.00 0
71349 0.00 0.00 0.00 0
71350 0.00 0.00 0.00 0
71351 0.00 0.00 0.00 0
71352 0.00 0.00 0.00 0
71353 0.00 0.00 0.00 0
71354 0.00 0.00 0.00 0
71355 0.00 0.00 0.00 0
71356 0.00 0.00 0.00 0
71357 0.00 0.00 0.00 0
71358 0.00 0.00 0.00 0
71359 0.00 0.00 0.00 0
71360 0.00 0.00 0.00 0
71361 0.00 0.00 0.00 0
71362 0.00 0.00 0.00 0
71363 0.00 0.00 0.00 0
71364 0.00 0.00 0.00 0
71365 0.00 0.00 0.00 0
71366 0.00 0.00 0.00 0
71367 0.00 0.00 0.00 0
71368 0.00 0.00 0.00 0
72448 0.00 0.00 0.00 0
72449 0.00 0.00 0.00 0
72450 0.00 0.00 0.00 0
72451 0.00 0.00 0.00 0
72452 0.00 0.00 0.00 0
72453 0.00 0.00 0.00 0
72454 0.00 0.00 0.00 0
72455 0.00 0.00 0.00 0
72456 0.00 0.00 0.00 0
72457 0.00 0.00 0.00 0
72458 0.00 0.00 0.00 0
72459 0.00 0.00 0.00 0
72463 0.00 0.00 0.00 0
72464 0.00 0.00 0.00 0
72465 0.00 0.00 0.00 0
72466 0.00 0.00 0.00 0
72467 0.00 0.00 0.00 0
72468 0.00 0.00 0.00 0
72469 0.00 0.00 0.00 0
72470 0.00 0.00 0.00 0
72471 0.00 0.00 0.00 0
72472 0.00 0.00 0.00 0
72473 0.00 0.00 0.00 0
72474 0.00 0.00 0.00 0
74025 0.00 0.00 0.00 0
74026 0.00 0.00 0.00 0
74027 0.00 0.00 0.00 0
74100 0.00 0.00 0.00 0
74101 0.00 0.00 0.00 0
74102 0.00 0.00 0.00 0
78052 0.00 0.00 0.00 0
78053 0.00 0.00 0.00 0
78054 0.00 0.00 0.00 0
78055 0.00 0.00 0.00 0
78056 0.00 0.00 0.00 0
78057 0.00 0.00 0.00 0
78058 0.00 0.00 0.00 0
78059 0.00 0.00 0.00 0
78060 0.00 0.00 0.00 0
78061 0.00 0.00 0.00 0
78062 0.00 0.00 0.00 0
78063 0.00 0.00 0.00 0
78064 0.00 0.00 0.00 0
78065 0.00 0.00 0.00 0
78066 0.00 0.00 0.00 0
78067 0.00 0.00 0.00 0
78068 0.00 0.00 0.00 0
78069 0.00 0.00 0.00 0
78070 0.00 0.00 0.00 0
78071 0.00 0.00 0.00 0
78072 0.00 0.00 0.00 0
78073 0.00 0.00 0.00 0
78074 0.00 0.00 0.00 0
78075 0.00 0.00 0.00 0
78076 0.00 0.00 0.00 0
78077 0.00 0.00 0.00 0
78078 0.00 0.00 0.00 0
78079 0.00 0.00 0.00 0
78080 0.00 0.00 0.00 0
78081 0.00 0.00 0.00 0
78082 0.00 0.00 0.00 0
78083 0.00 0.00 0.00 0
78084 0.00 0.00 0.00 0
78085 0.00 0.00 0.00 0
78086 0.00 0.00 0.00 0
78087 0.00 0.00 0.00 0
78088 0.00 0.00 0.00 0
78089 0.00 0.00 0.00 0
78090 0.00 0.00 0.00 0
78091 0.00 0.00 0.00 0
78092 0.00 0.00 0.00 0
78093 0.00 0.00 0.00 0
78094 0.00 0.00 0.00 0
78095 0.00 0.00 0.00 0
78096 0.00 0.00 0.00 0
78097 0.00 0.00 0.00 0
78098 0.00 0.00 0.00 0
78099 0.00 0.00 0.00 0
78100 0.00 0.00 0.00 0
78101 0.00 0.00 0.00 0
78102 0.00 0.00 0.00 0
78105 0.00 0.00 0.00 0
78106 0.00 0.00 0.00 0
78107 0.00 0.00 0.00 0
78108 0.00 0.00 0.00 0
78109 0.00 0.00 0.00 0
78110 0.00 0.00 0.00 0
78122 0.00 0.00 0.00 0
78123 0.00 0.00 0.00 0
78124 0.00 0.00 0.00 0
78125 0.00 0.00 0.00 0
78126 0.00 0.00 0.00 0
78127 0.00 0.00 0.00 0
78128 0.00 0.00 0.00 0
78129 0.00 0.00 0.00 0
78130 0.00 0.00 0.00 0
78131 0.00 0.00 0.00 0
78132 0.00 0.00 0.00 0
78133 0.00 0.00 0.00 0
78134 0.00 0.00 0.00 0
78135 0.00 0.00 0.00 0
78136 0.00 0.00 0.00 0
78137 0.00 0.00 0.00 0
78138 0.00 0.00 0.00 0
78139 0.00 0.00 0.00 0
78140 0.00 0.00 0.00 0
78141 0.00 0.00 0.00 0
78142 0.00 0.00 0.00 0
78143 0.00 0.00 0.00 0
78144 0.00 0.00 0.00 0
78145 0.00 0.00 0.00 0
78146 0.00 0.00 0.00 0
78147 0.00 0.00 0.00 0
78148 0.00 0.00 0.00 0
78149 0.00 0.00 0.00 0
78152 0.00 0.00 0.00 0
78153 0.00 0.00 0.00 0
78154 0.00 0.00 0.00 0
78155 0.00 0.00 0.00 0
78156 0.00 0.00 0.00 0
78157 0.00 0.00 0.00 0
78158 0.00 0.00 0.00 0
78159 0.00 0.00 0.00 0
78160 0.00 0.00 0.00 0
78161 0.00 0.00 0.00 0
78162 0.00 0.00 0.00 0
78163 0.00 0.00 0.00 0
78164 0.00 0.00 0.00 0
78165 0.00 0.00 0.00 0
78166 0.00 0.00 0.00 0
78167 0.00 0.00 0.00 0
78168 0.00 0.00 0.00 0
78169 0.00 0.00 0.00 0
78170 0.00 0.00 0.00 0
78171 0.00 0.00 0.00 0
78178 0.00 0.00 0.00 0
78180 0.00 0.00 0.00 0
78218 0.00 0.00 0.00 0
78219 0.00 0.00 0.00 0
78220 0.00 0.00 0.00 0
78240 0.00 0.00 0.00 0
78242 0.00 0.00 0.00 0
78255 0.00 0.00 0.00 0
78256 0.00 0.00 0.00 0
78257 0.00 0.00 0.00 0
78258 0.00 0.00 0.00 0
78259 0.00 0.00 0.00 0
78260 0.00 0.00 0.00 0
78261 0.00 0.00 0.00 0
78262 0.00 0.00 0.00 0
78263 0.00 0.00 0.00 0
78264 0.00 0.00 0.00 0
78265 0.00 0.00 0.00 0
78266 0.00 0.00 0.00 0
78267 0.00 0.00 0.00 0
78268 0.00 0.00 0.00 0
78269 0.00 0.00 0.00 0
78270 0.00 0.00 0.00 0
78271 0.00 0.00 0.00 0
78272 0.00 0.00 0.00 0
78273 0.00 0.00 0.00 0
78274 0.00 0.00 0.00 0
78275 0.00 0.00 0.00 0
78276 0.00 0.00 0.00 0
78277 0.00 0.00 0.00 0
78278 0.00 0.00 0.00 0
78279 0.00 0.00 0.00 0
78280 0.00 0.00 0.00 0
78281 0.00 0.00 0.00 0
78282 0.00 0.00 0.00 0
78283 0.00 0.00 0.00 0
78284 0.00 0.00 0.00 0
78285 0.00 0.00 0.00 0
78286 0.00 0.00 0.00 0
78287 0.00 0.00 0.00 0
78288 0.00 0.00 0.00 0
78289 0.00 0.00 0.00 0
78290 0.00 0.00 0.00 0
78291 0.00 0.00 0.00 0
78292 0.00 0.00 0.00 0
78293 0.00 0.00 0.00 0
78294 0.00 0.00 0.00 0
78295 0.00 0.00 0.00 0
78296 0.00 0.00 0.00 0
78297 0.00 0.00 0.00 0
78298 0.00 0.00 0.00 0
78299 0.00 0.00 0.00 0
78300 0.00 0.00 0.00 0
78301 0.00 0.00 0.00 0
78302 0.00 0.00 0.00 0
78303 0.00 0.00 0.00 0
78304 0.00 0.00 0.00 0
78305 0.00 0.00 0.00 0
78306 0.00 0.00 0.00 0
78307 0.00 0.00 0.00 0
78308 0.00 0.00 0.00 0
78309 0.00 0.00 0.00 0
78310 0.00 0.00 0.00 0
78311 0.00 0.00 0.00 0
78312 0.00 0.00 0.00 0
78313 0.00 0.00 0.00 0
78314 0.00 0.00 0.00 0
78315 0.00 0.00 0.00 0
78316 0.00 0.00 0.00 0
78317 0.00 0.00 0.00 0
78329 0.00 0.00 0.00 0
78330 0.00 0.00 0.00 0
78331 0.00 0.00 0.00 0
78332 0.00 0.00 0.00 0
78333 0.00 0.00 0.00 0
78334 0.00 0.00 0.00 0
78345 0.00 0.00 0.00 0
78346 0.00 0.00 0.00 0
78347 0.00 0.00 0.00 0
78348 0.00 0.00 0.00 0
78349 0.00 0.00 0.00 0
78350 0.00 0.00 0.00 0
78351 0.00 0.00 0.00 0
78352 0.00 0.00 0.00 0
78353 0.00 0.00 0.00 0
78354 0.00 0.00 0.00 0
78355 0.00 0.00 0.00 0
78356 0.00 0.00 0.00 0
78357 0.00 0.00 0.00 0
80622 0.00 0.00 0.00 0
80623 0.00 0.00 0.00 0
80624 0.00 0.00 0.00 0
80625 0.00 0.00 0.00 0
80626 0.00 0.00 0.00 0
80627 0.00 0.00 0.00 0
80628 0.00 0.00 0.00 0
80629 0.00 0.00 0.00 0
80630 0.00 0.00 0.00 0
80631 0.00 0.00 0.00 0
80632 0.00 0.00 0.00 0
80633 0.00 0.00 0.00 0
80634 0.00 0.00 0.00 0
80635 0.00 0.00 0.00 0
80636 0.00 0.00 0.00 0
80637 0.00 0.00 0.00 0
80639 0.00 0.00 0.00 0
80640 0.00 0.00 0.00 0
80641 0.00 0.00 0.00 0
81663 0.00 0.00 0.00 0
81664 0.00 0.00 0.00 0
81665 0.00 0.00 0.00 0
81679 0.00 0.00 0.00 0
81681 0.00 0.00 0.00 0
81688 0.00 0.00 0.00 0
81689 0.00 0.00 0.00 0
81690 0.00 0.00 0.00 0
81691 0.00 0.00 0.00 0
81692 0.00 0.00 0.00 0
81693 0.00 0.00 0.00 0
81694 0.00 0.00 0.00 0
81695 0.00 0.00 0.00 0
81696 0.00 0.00 0.00 0
81697 0.00 0.00 0.00 0
81698 0.00 0.00 0.00 0
81699 0.00 0.00 0.00 0
81700 0.00 0.00 0.00 0
81701 0.00 0.00 0.00 0
81702 0.00 0.00 0.00 0
81703 0.00 0.00 0.00 0
81704 0.00 0.00 0.00 0
81705 0.00 0.00 0.00 0
81706 0.00 0.00 0.00 0
81707 0.00 0.00 0.00 0
81708 0.00 0.00 0.00 0
81709 0.00 0.00 0.00 0
81710 0.00 0.00 0.00 0
81711 0.00 0.00 0.00 0
81712 0.00 0.00 0.00 0
81713 0.00 0.00 0.00 0
81714 0.00 0.00 0.00 0
81715 0.00 0.00 0.00 0
81716 0.00 0.00 0.00 0
81717 0.00 0.00 0.00 0
81718 0.00 0.00 0.00 0
81719 0.00 0.00 0.00 0
81720 0.00 0.00 0.00 0
81721 0.00 0.00 0.00 0
81722 0.00 0.00 0.00 0
81723 0.00 0.00 0.00 0
81724 0.00 0.00 0.00 0
81725 0.00 0.00 0.00 0
81726 0.00 0.00 0.00 0
81727 0.00 0.00 0.00 0
81728 0.00 0.00 0.00 0
81729 0.00 0.00 0.00 0
81730 0.00 0.00 0.00 0
81731 0.00 0.00 0.00 0
81732 0.00 0.00 0.00 0
81733 0.00 0.00 0.00 0
81734 0.00 0.00 0.00 0
81735 0.00 0.00 0.00 0
81736 0.00 0.00 0.00 0
81737 0.00 0.00 0.00 0
81738 0.00 0.00 0.00 0
81739 0.00 0.00 0.00 0
81740 0.00 0.00 0.00 0
81741 0.00 0.00 0.00 0
81742 0.00 0.00 0.00 0
81743 0.00 0.00 0.00 0
81744 0.00 0.00 0.00 0
81745 0.00 0.00 0.00 0
81746 0.00 0.00 0.00 0
81747 0.00 0.00 0.00 0
81748 0.00 0.00 0.00 0
81749 0.00 0.00 0.00 0
81750 0.00 0.00 0.00 0
81751 0.00 0.00 0.00 0
81752 0.00 0.00 0.00 0
81753 0.00 0.00 0.00 0
81754 0.00 0.00 0.00 0
81755 0.00 0.00 0.00 0
81756 0.00 0.00 0.00 0
81757 0.00 0.00 0.00 0
81758 0.00 0.00 0.00 0
81759 0.00 0.00 0.00 0
81760 0.00 0.00 0.00 0
81761 0.00 0.00 0.00 0
81762 0.00 0.00 0.00 0
81763 0.00 0.00 0.00 0
81764 0.00 0.00 0.00 0
81765 0.00 0.00 0.00 0
81766 0.00 0.00 0.00 0
81767 0.00 0.00 0.00 0
81768 0.00 0.00 0.00 0
81769 0.00 0.00 0.00 0
81770 0.00 0.00 0.00 0
81771 0.00 0.00 0.00 0
81772 0.00 0.00 0.00 0
81773 0.00 0.00 0.00 0
81774 0.00 0.00 0.00 0
81775 0.00 0.00 0.00 0
81776 0.00 0.00 0.00 0
81777 0.00 0.00 0.00 0
81778 0.00 0.00 0.00 0
81779 0.00 0.00 0.00 0
81780 0.00 0.00 0.00 0
81781 0.00 0.00 0.00 0
81782 0.00 0.00 0.00 0
81783 0.00 0.00 0.00 0
81784 0.00 0.00 0.00 0
81785 0.00 0.00 0.00 0
81786 0.00 0.00 0.00 0
81787 0.00 0.00 0.00 0
81788 0.00 0.00 0.00 0
81789 0.00 0.00 0.00 0
81790 0.00 0.00 0.00 0
81791 0.00 0.00 0.00 0
81792 0.00 0.00 0.00 0
81793 0.00 0.00 0.00 0
81794 0.00 0.00 0.00 0
81795 0.00 0.00 0.00 0
81796 0.00 0.00 0.00 0
81797 0.00 0.00 0.00 0
81799 0.00 0.00 0.00 0
81800 0.00 0.00 0.00 0
81801 0.00 0.00 0.00 0
81802 0.00 0.00 0.00 0
81803 0.00 0.00 0.00 0
81804 0.00 0.00 0.00 0
81805 0.00 0.00 0.00 0
81806 0.00 0.00 0.00 0
81807 0.00 0.00 0.00 0
81808 0.00 0.00 0.00 0
81809 0.00 0.00 0.00 0
81810 0.00 0.00 0.00 0
81811 0.00 0.00 0.00 0
81812 0.00 0.00 0.00 0
81813 0.00 0.00 0.00 0
81814 0.00 0.00 0.00 0
81815 0.00 0.00 0.00 0
81816 0.00 0.00 0.00 0
81817 0.00 0.00 0.00 0
81818 0.00 0.00 0.00 0
81819 0.00 0.00 0.00 0
81820 0.00 0.00 0.00 0
81821 0.00 0.00 0.00 0
81822 0.00 0.00 0.00 0
81823 0.00 0.00 0.00 0
81824 0.00 0.00 0.00 0
81825 0.00 0.00 0.00 0
81826 0.00 0.00 0.00 0
81827 0.00 0.00 0.00 0
81828 0.00 0.00 0.00 0
81829 0.00 0.00 0.00 0
81830 0.00 0.00 0.00 0
81831 0.00 0.00 0.00 0
85500 0.00 0.00 0.00 0
85501 0.00 0.00 0.00 0
85502 0.00 0.00 0.00 0
85556 0.00 0.00 0.00 0
85561 0.00 0.00 0.00 0
85562 0.00 0.00 0.00 0
85563 0.00 0.00 0.00 0
85564 0.00 0.00 0.00 0
85565 0.00 0.00 0.00 0
85566 0.00 0.00 0.00 0
92389 0.00 0.00 0.00 0
92390 0.00 0.00 0.00 0
92391 0.00 0.00 0.00 0
92392 0.00 0.00 0.00 0
92393 0.00 0.00 0.00 0
92394 0.00 0.00 0.00 0
92395 0.00 0.00 0.00 0
92396 0.00 0.00 0.00 0
92654 0.00 0.00 0.00 0
92655 0.00 0.00 0.00 0
92656 0.00 0.00 0.00 0
92657 0.00 0.00 0.00 0
92658 0.00 0.00 0.00 0
92668 0.00 0.00 0.00 0
92669 0.00 0.00 0.00 0
92670 0.00 0.00 0.00 0
92671 0.00 0.00 0.00 0
92672 0.00 0.00 0.00 0
92673 0.00 0.00 0.00 0
92674 0.00 0.00 0.00 0
92675 0.00 0.00 0.00 0
92676 0.00 0.00 0.00 0
92677 0.00 0.00 0.00 0
92678 0.00 0.00 0.00 0
92679 0.00 0.00 0.00 0
92680 0.00 0.00 0.00 0
92892 0.00 0.00 0.00 0
92893 0.00 0.00 0.00 0
92894 0.00 0.00 0.00 0
92903 0.00 0.00 0.00 0
92904 0.00 0.00 0.00 0
93748 0.00 0.00 0.00 0
93749 0.00 0.00 0.00 0
93750 0.00 0.00 0.00 0
93751 0.00 0.00 0.00 0
93752 0.00 0.00 0.00 0
93753 0.00 0.00 0.00 0
93754 0.00 0.00 0.00 0
93755 0.00 0.00 0.00 0
94288 0.00 0.00 0.00 0
94289 0.00 0.00 0.00 0
94290 0.00 0.00 0.00 0
94291 0.00 0.00 0.00 0
94292 0.00 0.00 0.00 0
94306 0.00 0.00 0.00 0
94307 0.00 0.00 0.00 0
94308 0.00 0.00 0.00 0
95098 0.00 0.00 0.00 0
95099 0.00 0.00 0.00 0
95100 0.00 0.00 0.00 0
95101 0.00 0.00 0.00 0
95102 0.00 0.00 0.00 0
95103 0.00 0.00 0.00 0
95104 0.00 0.00 0.00 0
95105 0.00 0.00 0.00 0
95106 0.00 0.00 0.00 0
95107 0.00 0.00 0.00 0
95108 0.00 0.00 0.00 0
95109 0.00 0.00 0.00 0
95110 0.00 0.00 0.00 0
95111 0.00 0.00 0.00 0
95112 0.00 0.00 0.00 0
95113 0.00 0.00 0.00 0
95114 0.00 0.00 0.00 0
95115 0.00 0.00 0.00 0
95130 0.00 0.00 0.00 0
95131 0.00 0.00 0.00 0
95132 0.00 0.00 0.00 0
95133 0.00 0.00 0.00 0
95134 0.00 0.00 0.00 0
95135 0.00 0.00 0.00 0
95136 0.00 0.00 0.00 0
95137 0.00 0.00 0.00 0
95138 0.00 0.00 0.00 0
95139 0.00 0.00 0.00 0
95140 0.00 0.00 0.00 0
95141 0.00 0.00 0.00 0
95142 0.00 0.00 0.00 0
95143 0.00 0.00 0.00 0
95144 0.00 0.00 0.00 0
95145 0.00 0.00 0.00 0
95146 0.00 0.00 0.00 0
95147 0.00 0.00 0.00 0
95148 0.00 0.00 0.00 0
95149 0.00 0.00 0.00 0
95150 0.00 0.00 0.00 0
95151 0.00 0.00 0.00 0
95152 0.00 0.00 0.00 0
95153 0.00 0.00 0.00 0
95154 0.00 0.00 0.00 0
95155 0.00 0.00 0.00 0
95156 0.00 0.00 0.00 0
95614 0.00 0.00 0.00 0
95615 0.00 0.00 0.00 0
95821 0.00 0.00 0.00 0
95822 0.00 0.00 0.00 0
95823 0.00 0.00 0.00 0
95824 0.00 0.00 0.00 0
95825 0.00 0.00 0.00 0
95826 0.00 0.00 0.00 0
95827 0.00 0.00 0.00 0
95828 0.00 0.00 0.00 0
95829 0.00 0.00 0.00 0
95830 0.00 0.00 0.00 0
95831 0.00 0.00 0.00 0
95832 0.00 0.00 0.00 0
95833 0.00 0.00 0.00 0
95834 0.00 0.00 0.00 0
95835 0.00 0.00 0.00 0
95836 0.00 0.00 0.00 0
95837 0.00 0.00 0.00 0
95838 0.00 0.00 0.00 0
95839 0.00 0.00 0.00 0
95840 0.00 0.00 0.00 0
95841 0.00 0.00 0.00 0
95842 0.00 0.00 0.00 0
95843 0.00 0.00 0.00 0
95844 0.00 0.00 0.00 0
95845 0.00 0.00 0.00 0
95846 0.00 0.00 0.00 0
95847 0.00 0.00 0.00 0
95853 0.00 0.00 0.00 0
95854 0.00 0.00 0.00 0
95855 0.00 0.00 0.00 0
96583 0.00 0.00 0.00 0
96584 0.00 0.00 0.00 0
96585 0.00 0.00 0.00 0
96586 0.00 0.00 0.00 0
96587 0.00 0.00 0.00 0
98054 0.00 0.00 0.00 0
98055 0.00 0.00 0.00 0
98056 0.00 0.00 0.00 0
98057 0.00 0.00 0.00 0
98058 0.00 0.00 0.00 0
98075 0.00 0.00 0.00 0
98076 0.00 0.00 0.00 0
98077 0.00 0.00 0.00 0
98078 0.00 0.00 0.00 0
98079 0.00 0.00 0.00 0
98080 0.00 0.00 0.00 0
98608 0.00 0.00 0.00 0
98609 0.00 0.00 0.00 0
98610 0.00 0.00 0.00 0
98611 0.00 0.00 0.00 0
98612 0.00 0.00 0.00 0
98613 0.00 0.00 0.00 0
98614 0.00 0.00 0.00 0
98615 0.00 0.00 0.00 0
98616 0.00 0.00 0.00 0
98617 0.00 0.00 0.00 0
98618 0.00 0.00 0.00 0
98619 0.00 0.00 0.00 0
98620 0.00 0.00 0.00 0
98621 0.00 0.00 0.00 0
98623 0.00 0.00 0.00 0
98624 0.00 0.00 0.00 0
98625 0.00 0.00 0.00 0
98626 0.00 0.00 0.00 0
98627 0.00 0.00 0.00 0
98628 0.00 0.00 0.00 0
98629 0.00 0.00 0.00 0
98630 0.00 0.00 0.00 0
98631 0.00 0.00 0.00 0
98632 0.00 0.00 0.00 0
98633 0.00 0.00 0.00 0
98634 0.00 0.00 0.00 0
99404 0.00 0.00 0.00 0
99405 0.00 0.00 0.00 0
99406 0.00 0.00 0.00 0
99407 0.00 0.00 0.00 0
99408 0.00 0.00 0.00 0
99409 0.00 0.00 0.00 0
99410 0.00 0.00 0.00 0
99411 0.00 0.00 0.00 0
99412 0.00 0.00 0.00 0
99413 0.00 0.00 0.00 0
99414 0.00 0.00 0.00 0
99415 0.00 0.00 0.00 0
99416 0.00 0.00 0.00 0
99417 0.00 0.00 0.00 0
99445 0.00 0.00 0.00 0
99446 0.00 0.00 0.00 0
99447 0.00 0.00 0.00 0
99448 0.00 0.00 0.00 0
99449 0.00 0.00 0.00 0
99450 0.00 0.00 0.00 0
99451 0.00 0.00 0.00 0
99452 0.00 0.00 0.00 0
99453 0.00 0.00 0.00 0
99454 0.00 0.00 0.00 0
99455 0.00 0.00 0.00 0
99456 0.00 0.00 0.00 0
99457 0.00 0.00 0.00 0
99458 0.00 0.00 0.00 0
99459 0.00 0.00 0.00 0
99460 0.00 0.00 0.00 0
99461 0.00 0.00 0.00 0
99462 0.00 0.00 0.00 0
99463 0.00 0.00 0.00 0
99464 0.00 0.00 0.00 0
99465 0.00 0.00 0.00 0
99466 0.00 0.00 0.00 0
99467 0.00 0.00 0.00 0
99468 0.00 0.00 0.00 0
99469 0.00 0.00 0.00 0
99470 0.00 0.00 0.00 0
99471 0.00 0.00 0.00 0
99472 0.00 0.00 0.00 0
99473 0.00 0.00 0.00 0
99474 0.00 0.00 0.00 0
99475 0.00 0.00 0.00 0
99476 0.00 0.00 0.00 0
99477 0.00 0.00 0.00 0
99478 0.00 0.00 0.00 0
99479 0.00 0.00 0.00 0
99480 0.00 0.00 0.00 0
99481 0.00 0.00 0.00 0
99482 0.00 0.00 0.00 0
99483 0.00 0.00 0.00 0
99484 0.00 0.00 0.00 0
100148 0.00 0.00 0.00 0
100149 0.00 0.00 0.00 0
100160 0.00 0.00 0.00 0
100913 0.00 0.00 0.00 0
100914 0.00 0.00 0.00 0
100915 0.00 0.00 0.00 0
100916 0.00 0.00 0.00 0
102644 0.00 0.00 0.00 0
102645 0.00 0.00 0.00 0
102646 0.00 0.00 0.00 0
102647 0.00 0.00 0.00 0
102648 0.00 0.00 0.00 0
102650 0.00 0.00 0.00 0
102653 0.00 0.00 0.00 0
102654 0.00 0.00 0.00 0
102658 0.00 0.00 0.00 0
102659 0.00 0.00 0.00 0
102660 0.00 0.00 0.00 0
102661 0.00 0.00 0.00 0
102662 0.00 0.00 0.00 0
102664 0.00 0.00 0.00 0
102685 0.00 0.00 0.00 0
102686 0.00 0.00 0.00 0
102687 0.00 0.00 0.00 0
102688 0.00 0.00 0.00 0
102689 0.00 0.00 0.00 0
102690 0.00 0.00 0.00 0
102691 0.00 0.00 0.00 0
102692 0.00 0.00 0.00 0
102693 0.00 0.00 0.00 0
102694 0.00 0.00 0.00 0
102695 0.00 0.00 0.00 0
102696 0.00 0.00 0.00 0
102697 0.00 0.00 0.00 0
102698 0.00 0.00 0.00 0
102699 0.00 0.00 0.00 0
102700 0.00 0.00 0.00 0
102701 0.00 0.00 0.00 0
102702 0.00 0.00 0.00 0
102703 0.00 0.00 0.00 0
102704 0.00 0.00 0.00 0
102705 0.00 0.00 0.00 0
102706 0.00 0.00 0.00 0
102707 0.00 0.00 0.00 0
102708 0.00 0.00 0.00 0
102709 0.00 0.00 0.00 0
102710 0.00 0.00 0.00 0
102711 0.00 0.00 0.00 0
102712 0.00 0.00 0.00 0
102713 0.00 0.00 0.00 0
102714 0.00 0.00 0.00 0
102715 0.00 0.00 0.00 0
102716 0.00 0.00 0.00 0
102717 0.00 0.00 0.00 0
102718 0.00 0.00 0.00 0
102719 0.00 0.00 0.00 0
102720 0.00 0.00 0.00 0
102721 0.00 0.00 0.00 0
102722 0.00 0.00 0.00 0
102723 0.00 0.00 0.00 0
102724 0.00 0.00 0.00 0
103373 0.00 0.00 0.00 0
103374 0.00 0.00 0.00 0
103375 0.00 0.00 0.00 0
103376 0.00 0.00 0.00 0
103377 0.00 0.00 0.00 0
103378 0.00 0.00 0.00 0
103386 0.00 0.00 0.00 0
104319 0.00 0.00 0.00 0
104320 0.00 0.00 0.00 0
104321 0.00 0.00 0.00 0
104364 0.00 0.00 0.00 0
104365 0.00 0.00 0.00 0
104366 0.00 0.00 0.00 0
106735 0.00 0.00 0.00 0
106736 0.00 0.00 0.00 0
106737 0.00 0.00 0.00 0
106738 0.00 0.00 0.00 0
106739 0.00 0.00 0.00 0
106740 0.00 0.00 0.00 0
106741 0.00 0.00 0.00 0
106742 0.00 0.00 0.00 0
106743 0.00 0.00 0.00 0
106744 0.00 0.00 0.00 0
106745 0.00 0.00 0.00 0
106746 0.00 0.00 0.00 0
106747 0.00 0.00 0.00 0
106748 0.00 0.00 0.00 0
106749 0.00 0.00 0.00 0
106750 0.00 0.00 0.00 0
106751 0.00 0.00 0.00 0
106752 0.00 0.00 0.00 0
106753 0.00 0.00 0.00 0
106754 0.00 0.00 0.00 0
106755 0.00 0.00 0.00 0
106756 0.00 0.00 0.00 0
106757 0.00 0.00 0.00 0
106758 0.00 0.00 0.00 0
106759 0.00 0.00 0.00 0
106760 0.00 0.00 0.00 0
106761 0.00 0.00 0.00 0
106762 0.00 0.00 0.00 0
106763 0.00 0.00 0.00 0
106764 0.00 0.00 0.00 0
106765 0.00 0.00 0.00 0
106766 0.00 0.00 0.00 0
106767 0.00 0.00 0.00 0
106768 0.00 0.00 0.00 0
106769 0.00 0.00 0.00 0
106770 0.00 0.00 0.00 0
106771 0.00 0.00 0.00 0
106772 0.00 0.00 0.00 0
106773 0.00 0.00 0.00 0
106774 0.00 0.00 0.00 0
106775 0.00 0.00 0.00 0
106776 0.00 0.00 0.00 0
106777 0.00 0.00 0.00 0
106778 0.00 0.00 0.00 0
106779 0.00 0.00 0.00 0
106780 0.00 0.00 0.00 0
106781 0.00 0.00 0.00 0
106782 0.00 0.00 0.00 0
106783 0.00 0.00 0.00 0
106784 0.00 0.00 0.00 0
106785 0.00 0.00 0.00 0
106786 0.00 0.00 0.00 0
106787 0.00 0.00 0.00 0
106788 0.00 0.00 0.00 0
106789 0.00 0.00 0.00 0
106790 0.00 0.00 0.00 0
106791 0.00 0.00 0.00 0
106792 0.00 0.00 0.00 0
106793 0.00 0.00 0.00 0
106795 0.00 0.00 0.00 0
106796 0.00 0.00 0.00 0
106797 0.00 0.00 0.00 0
106798 0.00 0.00 0.00 0
106799 0.00 0.00 0.00 0
106800 0.00 0.00 0.00 0
106801 0.00 0.00 0.00 0
106802 0.00 0.00 0.00 0
106803 0.00 0.00 0.00 0
106804 0.00 0.00 0.00 0
106805 0.00 0.00 0.00 0
106806 0.00 0.00 0.00 0
106830 0.00 0.00 0.00 0
106835 0.00 0.00 0.00 0
106836 0.00 0.00 0.00 0
106837 0.00 0.00 0.00 0
106838 0.00 0.00 0.00 0
106847 0.00 0.00 0.00 0
106848 0.00 0.00 0.00 0
106849 0.00 0.00 0.00 0
106850 0.00 0.00 0.00 0
106855 0.00 0.00 0.00 0
106856 0.00 0.00 0.00 0
106857 0.00 0.00 0.00 0
106858 0.00 0.00 0.00 0
106859 0.00 0.00 0.00 0
106860 0.00 0.00 0.00 0
106861 0.00 0.00 0.00 0
106862 0.00 0.00 0.00 0
106863 0.00 0.00 0.00 0
106864 0.00 0.00 0.00 0
106865 0.00 0.00 0.00 0
106866 0.00 0.00 0.00 0
106867 0.00 0.00 0.00 0
106868 0.00 0.00 0.00 0
106869 0.00 0.00 0.00 0
106870 0.00 0.00 0.00 0
106871 0.00 0.00 0.00 0
106872 0.00 0.00 0.00 0
106873 0.00 0.00 0.00 0
106874 0.00 0.00 0.00 0
106875 0.00 0.00 0.00 0
106876 0.00 0.00 0.00 0
106877 0.00 0.00 0.00 0
106878 0.00 0.00 0.00 0
106879 0.00 0.00 0.00 0
106880 0.00 0.00 0.00 0
106881 0.00 0.00 0.00 0
106882 0.00 0.00 0.00 0
106883 0.00 0.00 0.00 0
106884 0.00 0.00 0.00 0
106885 0.00 0.00 0.00 0
106886 0.00 0.00 0.00 0
106887 0.00 0.00 0.00 0
106888 0.00 0.00 0.00 0
106889 0.00 0.00 0.00 0
106890 0.00 0.00 0.00 0
106891 0.00 0.00 0.00 0
106892 0.00 0.00 0.00 0
106893 0.00 0.00 0.00 0
106894 0.00 0.00 0.00 0
106895 0.00 0.00 0.00 0
106896 0.00 0.00 0.00 0
106901 0.00 0.00 0.00 0
106902 0.00 0.00 0.00 0
106903 0.00 0.00 0.00 0
106904 0.00 0.00 0.00 0
106905 0.00 0.00 0.00 0
106911 0.00 0.00 0.00 0
106912 0.00 0.00 0.00 0
106913 0.00 0.00 0.00 0
106914 0.00 0.00 0.00 0
106915 0.00 0.00 0.00 0
106916 0.00 0.00 0.00 0
106917 0.00 0.00 0.00 0
106918 0.00 0.00 0.00 0
106919 0.00 0.00 0.00 0
108277 0.00 0.00 0.00 0
108278 0.00 0.00 0.00 0
108279 0.00 0.00 0.00 0
108280 0.00 0.00 0.00 0
108281 0.00 0.00 0.00 0
108282 0.00 0.00 0.00 0
108283 0.00 0.00 0.00 0
108284 0.00 0.00 0.00 0
108285 0.00 0.00 0.00 0
108286 0.00 0.00 0.00 0
108287 0.00 0.00 0.00 0
108901 0.00 0.00 0.00 0
108902 0.00 0.00 0.00 0
108903 0.00 0.00 0.00 0
108904 0.00 0.00 0.00 0
108906 0.00 0.00 0.00 0
108907 0.00 0.00 0.00 0
108909 0.00 0.00 0.00 0
108912 0.00 0.00 0.00 0
108913 0.00 0.00 0.00 0
108914 0.00 0.00 0.00 0
108916 0.00 0.00 0.00 0
108918 0.00 0.00 0.00 0
108919 0.00 0.00 0.00 0
108920 0.00 0.00 0.00 0
108921 0.00 0.00 0.00 0
108922 0.00 0.00 0.00 0
108923 0.00 0.00 0.00 0
108924 0.00 0.00 0.00 0
108925 0.00 0.00 0.00 0
108926 0.00 0.00 0.00 0
108927 0.00 0.00 0.00 0
108928 0.00 0.00 0.00 0
108929 0.00 0.00 0.00 0
108930 0.00 0.00 0.00 0
108931 0.00 0.00 0.00 0
108932 0.00 0.00 0.00 0
108933 0.00 0.00 0.00 0
108934 0.00 0.00 0.00 0
108935 0.00 0.00 0.00 0
108936 0.00 0.00 0.00 0
108937 0.00 0.00 0.00 0
108938 0.00 0.00 0.00 0
108939 0.00 0.00 0.00 0
108940 0.00 0.00 0.00 0
108941 0.00 0.00 0.00 0
108942 0.00 0.00 0.00 0
108943 0.00 0.00 0.00 0
108944 0.00 0.00 0.00 0
108945 0.00 0.00 0.00 0
108946 0.00 0.00 0.00 0
108947 0.00 0.00 0.00 0
108948 0.00 0.00 0.00 0
108949 0.00 0.00 0.00 0
108950 0.00 0.00 0.00 0
108951 0.00 0.00 0.00 0
108952 0.00 0.00 0.00 0
108953 0.00 0.00 0.00 0
108954 0.00 0.00 0.00 0
108955 0.00 0.00 0.00 0
108956 0.00 0.00 0.00 0
108957 0.00 0.00 0.00 0
108958 0.00 0.00 0.00 0
108959 0.00 0.00 0.00 0
108960 0.00 0.00 0.00 0
108961 0.00 0.00 0.00 0
108962 0.00 0.00 0.00 0
108963 0.00 0.00 0.00 0
108964 0.00 0.00 0.00 0
108965 0.00 0.00 0.00 0
108966 0.00 0.00 0.00 0
108967 0.00 0.00 0.00 0
108968 0.00 0.00 0.00 0
108969 0.00 0.00 0.00 0
108970 0.00 0.00 0.00 0
108971 0.00 0.00 0.00 0
108972 0.00 0.00 0.00 0
108973 0.00 0.00 0.00 0
108974 0.00 0.00 0.00 0
108975 0.00 0.00 0.00 0
108976 0.00 0.00 0.00 0
108977 0.00 0.00 0.00 0
108978 0.00 0.00 0.00 0
108979 0.00 0.00 0.00 0
108980 0.00 0.00 0.00 0
108981 0.00 0.00 0.00 0
108982 0.00 0.00 0.00 0
108983 0.00 0.00 0.00 0
108984 0.00 0.00 0.00 0
108985 0.00 0.00 0.00 0
108986 0.00 0.00 0.00 0
108987 0.00 0.00 0.00 0
108988 0.00 0.00 0.00 0
108989 0.00 0.00 0.00 0
108990 0.00 0.00 0.00 0
108991 0.00 0.00 0.00 0
108992 0.00 0.00 0.00 0
108993 0.00 0.00 0.00 0
108994 0.00 0.00 0.00 0
108995 0.00 0.00 0.00 0
108996 0.00 0.00 0.00 0
108997 0.00 0.00 0.00 0
108998 0.00 0.00 0.00 0
108999 0.00 0.00 0.00 0
109000 0.00 0.00 0.00 0
109001 0.00 0.00 0.00 0
109002 0.00 0.00 0.00 0
109003 0.00 0.00 0.00 0
109004 0.00 0.00 0.00 0
111204 0.00 0.00 0.00 0
111205 0.00 0.00 0.00 0
111206 0.00 0.00 0.00 0
111207 0.00 0.00 0.00 0
111238 0.00 0.00 0.00 0
111239 0.00 0.00 0.00 0
111240 0.00 0.00 0.00 0
111241 0.00 0.00 0.00 0
111242 0.00 0.00 0.00 0
111243 0.00 0.00 0.00 0
111244 0.00 0.00 0.00 0
115304 0.00 0.00 0.00 0
115305 0.00 0.00 0.00 0
115735 0.00 0.00 0.00 0
115736 0.00 0.00 0.00 0
115737 0.00 0.00 0.00 0
115738 0.00 0.00 0.00 0
115739 0.00 0.00 0.00 0
115740 0.00 0.00 0.00 0
115741 0.00 0.00 0.00 0
115742 0.00 0.00 0.00 0
115743 0.00 0.00 0.00 0
115744 0.00 0.00 0.00 0
115745 0.00 0.00 0.00 0
115746 0.00 0.00 0.00 0
115747 0.00 0.00 0.00 0
115748 0.00 0.00 0.00 0
115749 0.00 0.00 0.00 0
115750 0.00 0.00 0.00 0
115751 0.00 0.00 0.00 0
115752 0.00 0.00 0.00 0
115753 0.00 0.00 0.00 0
115754 0.00 0.00 0.00 0
115755 0.00 0.00 0.00 0
116354 0.00 0.00 0.00 0
116355 0.00 0.00 0.00 0
116356 0.00 0.00 0.00 0
116357 0.00 0.00 0.00 0
116358 0.00 0.00 0.00 0
116359 0.00 0.00 0.00 0
116360 0.00 0.00 0.00 0
116361 0.00 0.00 0.00 0
116362 0.00 0.00 0.00 0
116363 0.00 0.00 0.00 0
116364 0.00 0.00 0.00 0
116386 0.00 0.00 0.00 0
116387 0.00 0.00 0.00 0
116388 0.00 0.00 0.00 0
116389 0.00 0.00 0.00 0
116390 0.00 0.00 0.00 0
116391 0.00 0.00 0.00 0
116392 0.00 0.00 0.00 0
116393 0.00 0.00 0.00 0
116394 0.00 0.00 0.00 0
116395 0.00 0.00 0.00 0
116396 0.00 0.00 0.00 0
116397 0.00 0.00 0.00 0
116398 0.00 0.00 0.00 0
116399 0.00 0.00 0.00 0
116400 0.00 0.00 0.00 0
116401 0.00 0.00 0.00 0
116402 0.00 0.00 0.00 0
116403 0.00 0.00 0.00 0
116404 0.00 0.00 0.00 0
116405 0.00 0.00 0.00 0
116406 0.00 0.00 0.00 0
116407 0.00 0.00 0.00 0
116408 0.00 0.00 0.00 0
116409 0.00 0.00 0.00 0
116410 0.00 0.00 0.00 0
116411 0.00 0.00 0.00 0
116412 0.00 0.00 0.00 0
116413 0.00 0.00 0.00 0
116414 0.00 0.00 0.00 0
116415 0.00 0.00 0.00 0
116416 0.00 0.00 0.00 0
116933 0.00 0.00 0.00 0
116934 0.00 0.00 0.00 0
118874 0.00 0.00 0.00 0
118875 0.00 0.00 0.00 0
118876 0.00 0.00 0.00 0
118877 0.00 0.00 0.00 0
118885 0.00 0.00 0.00 0
118886 0.00 0.00 0.00 0
118887 0.00 0.00 0.00 0
118888 0.00 0.00 0.00 0
118889 0.00 0.00 0.00 0
118906 0.00 0.00 0.00 0
118907 0.00 0.00 0.00 0
118908 0.00 0.00 0.00 0
118909 0.00 0.00 0.00 0
118910 0.00 0.00 0.00 0
118911 0.00 0.00 0.00 0
118912 0.00 0.00 0.00 0
118913 0.00 0.00 0.00 0
118914 0.00 0.00 0.00 0
118915 0.00 0.00 0.00 0
118916 0.00 0.00 0.00 0
118917 0.00 0.00 0.00 0
118918 0.00 0.00 0.00 0
118919 0.00 0.00 0.00 0
118920 0.00 0.00 0.00 0
118921 0.00 0.00 0.00 0
118922 0.00 0.00 0.00 0
118923 0.00 0.00 0.00 0
118924 0.00 0.00 0.00 0
118925 0.00 0.00 0.00 0
118926 0.00 0.00 0.00 0
118927 0.00 0.00 0.00 0
118928 0.00 0.00 0.00 0
118931 0.00 0.00 0.00 0
118934 0.00 0.00 0.00 0
118935 0.00 0.00 0.00 0
118936 0.00 0.00 0.00 0
120166 0.00 0.00 0.00 0
120167 0.00 0.00 0.00 0
120168 0.00 0.00 0.00 0
120169 0.00 0.00 0.00 0
120170 0.00 0.00 0.00 0
120171 0.00 0.00 0.00 0
120172 0.00 0.00 0.00 0
120208 0.00 0.00 0.00 0
120209 0.00 0.00 0.00 0
120210 0.00 0.00 0.00 0
120211 0.00 0.00 0.00 0
120212 0.00 0.00 0.00 0
120213 0.00 0.00 0.00 0
120214 0.00 0.00 0.00 0
120215 0.00 0.00 0.00 0
120216 0.00 0.00 0.00 0
120217 0.00 0.00 0.00 0
120218 0.00 0.00 0.00 0
120219 0.00 0.00 0.00 0
122056 0.00 0.00 0.00 0
122057 0.00 0.00 0.00 0
122058 0.00 0.00 0.00 0
122059 0.00 0.00 0.00 0
122060 0.00 0.00 0.00 0
122061 0.00 0.00 0.00 0
122062 0.00 0.00 0.00 0
122063 0.00 0.00 0.00 0
122064 0.00 0.00 0.00 0
122065 0.00 0.00 0.00 0
122066 0.00 0.00 0.00 0
122067 0.00 0.00 0.00 0
122068 0.00 0.00 0.00 0
122069 0.00 0.00 0.00 0
122070 0.00 0.00 0.00 0
122071 0.00 0.00 0.00 0
122072 0.00 0.00 0.00 0
122073 0.00 0.00 0.00 0
122074 0.00 0.00 0.00 0
122075 0.00 0.00 0.00 0
122076 0.00 0.00 0.00 0
122077 0.00 0.00 0.00 0
122078 0.00 0.00 0.00 0
122079 0.00 0.00 0.00 0
122080 0.00 0.00 0.00 0
122081 0.00 0.00 0.00 0
122082 0.00 0.00 0.00 0
122083 0.00 0.00 0.00 0
122084 0.00 0.00 0.00 0
122085 0.00 0.00 0.00 0
122086 0.00 0.00 0.00 0
122087 0.00 0.00 0.00 0
122088 0.00 0.00 0.00 0
122089 0.00 0.00 0.00 0
122090 0.00 0.00 0.00 0
122091 0.00 0.00 0.00 0
122092 0.00 0.00 0.00 0
122093 0.00 0.00 0.00 0
122094 0.00 0.00 0.00 0
122095 0.00 0.00 0.00 0
122096 0.00 0.00 0.00 0
122097 0.00 0.00 0.00 0
122130 0.00 0.00 0.00 0
122131 0.00 0.00 0.00 0
122132 0.00 0.00 0.00 0
122133 0.00 0.00 0.00 0
122134 0.00 0.00 0.00 0
122135 0.00 0.00 0.00 0
122136 0.00 0.00 0.00 0
122137 0.00 0.00 0.00 0
122138 0.00 0.00 0.00 0
122139 0.00 0.00 0.00 0
122140 0.00 0.00 0.00 0
122141 0.00 0.00 0.00 0
122142 0.00 0.00 0.00 0
122143 0.00 0.00 0.00 0
122144 0.00 0.00 0.00 0
122145 0.00 0.00 0.00 0
122146 0.00 0.00 0.00 0
122147 0.00 0.00 0.00 0
122148 0.00 0.00 0.00 0
122149 0.00 0.00 0.00 0
122150 0.00 0.00 0.00 0
122151 0.00 0.00 0.00 0
122152 0.00 0.00 0.00 0
122153 0.00 0.00 0.00 0
122154 0.00 0.00 0.00 0
122155 0.00 0.00 0.00 0
122156 0.00 0.00 0.00 0
122157 0.00 0.00 0.00 0
122158 0.00 0.00 0.00 0
122159 0.00 0.00 0.00 0
122160 0.00 0.00 0.00 0
122161 0.00 0.00 0.00 0
122162 0.00 0.00 0.00 0
122163 0.00 0.00 0.00 0
122164 0.00 0.00 0.00 0
122165 0.00 0.00 0.00 0
122166 0.00 0.00 0.00 0
122167 0.00 0.00 0.00 0
122168 0.00 0.00 0.00 0
122169 0.00 0.00 0.00 0
122170 0.00 0.00 0.00 0
122171 0.00 0.00 0.00 0
122172 0.00 0.00 0.00 0
122173 0.00 0.00 0.00 0
122174 0.00 0.00 0.00 0
122175 0.00 0.00 0.00 0
122176 0.00 0.00 0.00 0
122177 0.00 0.00 0.00 0
122178 0.00 0.00 0.00 0
122179 0.00 0.00 0.00 0
122180 0.00 0.00 0.00 0
122181 0.00 0.00 0.00 0
122182 0.00 0.00 0.00 0
122183 0.00 0.00 0.00 0
122184 0.00 0.00 0.00 0
122185 0.00 0.00 0.00 0
122186 0.00 0.00 0.00 0
122187 0.00 0.00 0.00 0
122188 0.00 0.00 0.00 0
122189 0.00 0.00 0.00 0
122190 0.00 0.00 0.00 0
122191 0.00 0.00 0.00 0
122192 0.00 0.00 0.00 0
122193 0.00 0.00 0.00 0
122194 0.00 0.00 0.00 0
122195 0.00 0.00 0.00 0
122196 0.00 0.00 0.00 0
123256 0.00 0.00 0.00 0
123257 0.00 0.00 0.00 0
123258 0.00 0.00 0.00 0
123259 0.00 0.00 0.00 0
123260 0.00 0.00 0.00 0
123261 0.00 0.00 0.00 0
123262 0.00 0.00 0.00 0
123263 0.00 0.00 0.00 0
123739 0.00 0.00 0.00 0
123740 0.00 0.00 0.00 0
123741 0.00 0.00 0.00 0
123742 0.00 0.00 0.00 0
123743 0.00 0.00 0.00 0
123744 0.00 0.00 0.00 0
123745 0.00 0.00 0.00 0
123746 0.00 0.00 0.00 0
123747 0.00 0.00 0.00 0
123748 0.00 0.00 0.00 0
123749 0.00 0.00 0.00 0
123751 0.00 0.00 0.00 0
123752 0.00 0.00 0.00 0
123753 0.00 0.00 0.00 0
123754 0.00 0.00 0.00 0
123755 0.00 0.00 0.00 0
123756 0.00 0.00 0.00 0
123757 0.00 0.00 0.00 0
123758 0.00 0.00 0.00 0
123759 0.00 0.00 0.00 0
123760 0.00 0.00 0.00 0
123761 0.00 0.00 0.00 0
123762 0.00 0.00 0.00 0
123763 0.00 0.00 0.00 0
123764 0.00 0.00 0.00 0
123765 0.00 0.00 0.00 0
123766 0.00 0.00 0.00 0
123767 0.00 0.00 0.00 0
123768 0.00 0.00 0.00 0
123769 0.00 0.00 0.00 0
123770 0.00 0.00 0.00 0
123771 0.00 0.00 0.00 0
123772 0.00 0.00 0.00 0
123773 0.00 0.00 0.00 0
123774 0.00 0.00 0.00 0
123775 0.00 0.00 0.00 0
123776 0.00 0.00 0.00 0
123777 0.00 0.00 0.00 0
123778 0.00 0.00 0.00 0
123779 0.00 0.00 0.00 0
123780 0.00 0.00 0.00 0
123781 0.00 0.00 0.00 0
123782 0.00 0.00 0.00 0
123783 0.00 0.00 0.00 0
123784 0.00 0.00 0.00 0
123785 0.00 0.00 0.00 0
123786 0.00 0.00 0.00 0
123787 0.00 0.00 0.00 0
123788 0.00 0.00 0.00 0
123789 0.00 0.00 0.00 0
123790 0.00 0.00 0.00 0
123791 0.00 0.00 0.00 0
123792 0.00 0.00 0.00 0
123793 0.00 0.00 0.00 0
123794 0.00 0.00 0.00 0
123795 0.00 0.00 0.00 0
123796 0.00 0.00 0.00 0
123797 0.00 0.00 0.00 0
123798 0.00 0.00 0.00 0
123799 0.00 0.00 0.00 0
123800 0.00 0.00 0.00 0
123801 0.00 0.00 0.00 0
123809 0.00 0.00 0.00 0
123810 0.00 0.00 0.00 0
123811 0.00 0.00 0.00 0
123812 0.00 0.00 0.00 0
123813 0.00 0.00 0.00 0
123814 0.00 0.00 0.00 0
123815 0.00 0.00 0.00 0
123816 0.00 0.00 0.00 0
123817 0.00 0.00 0.00 0
123818 0.00 0.00 0.00 0
123819 0.00 0.00 0.00 0
123820 0.00 0.00 0.00 0
123821 0.00 0.00 0.00 0
125521 0.00 0.00 0.00 0
125526 0.00 0.00 0.00 0
125532 0.00 0.00 0.00 0
125561 0.00 0.00 0.00 0
125562 0.00 0.00 0.00 0
125563 0.00 0.00 0.00 0
128924 0.00 0.00 0.00 0
128926 0.00 0.00 0.00 0
128927 0.00 0.00 0.00 0
128928 0.00 0.00 0.00 0
128929 0.00 0.00 0.00 0
128930 0.00 0.00 0.00 0
128931 0.00 0.00 0.00 0
128932 0.00 0.00 0.00 0
128933 0.00 0.00 0.00 0
128934 0.00 0.00 0.00 0
128935 0.00 0.00 0.00 0
128936 0.00 0.00 0.00 0
128937 0.00 0.00 0.00 0
128938 0.00 0.00 0.00 0
128939 0.00 0.00 0.00 0
128940 0.00 0.00 0.00 0
128941 0.00 0.00 0.00 0
128942 0.00 0.00 0.00 0
128943 0.00 0.00 0.00 0
128944 0.00 0.00 0.00 0
128945 0.00 0.00 0.00 0
128953 0.00 0.00 0.00 0
128954 0.00 0.00 0.00 0
128955 0.00 0.00 0.00 0
128956 0.00 0.00 0.00 0
128957 0.00 0.00 0.00 0
128959 0.00 0.00 0.00 0
128960 0.00 0.00 0.00 0
128961 0.00 0.00 0.00 0
128962 0.00 0.00 0.00 0
128963 0.00 0.00 0.00 0
128970 0.00 0.00 0.00 0
128971 0.00 0.00 0.00 0
128972 0.00 0.00 0.00 0
128973 0.00 0.00 0.00 0
128974 0.00 0.00 0.00 0
128975 0.00 0.00 0.00 0
128976 0.00 0.00 0.00 0
128977 0.00 0.00 0.00 0
128978 0.00 0.00 0.00 0
128979 0.00 0.00 0.00 0
128980 0.00 0.00 0.00 0
130093 0.00 0.00 0.00 0
130094 0.00 0.00 0.00 0
130095 0.00 0.00 0.00 0
130096 0.00 0.00 0.00 0
130097 0.00 0.00 0.00 0
130098 0.00 0.00 0.00 0
130099 0.00 0.00 0.00 0
130100 0.00 0.00 0.00 0
130101 0.00 0.00 0.00 0
130102 0.00 0.00 0.00 0
130103 0.00 0.00 0.00 0
130104 0.00 0.00 0.00 0
130105 0.00 0.00 0.00 0
130106 0.00 0.00 0.00 0
130107 0.00 0.00 0.00 0
130108 0.00 0.00 0.00 0
130109 0.00 0.00 0.00 0
130110 0.00 0.00 0.00 0
130111 0.00 0.00 0.00 0
130129 0.00 0.00 0.00 0
130130 0.00 0.00 0.00 0
130131 0.00 0.00 0.00 0
130132 0.00 0.00 0.00 0
130133 0.00 0.00 0.00 0
130134 0.00 0.00 0.00 0
130135 0.00 0.00 0.00 0
130136 0.00 0.00 0.00 0
130137 0.00 0.00 0.00 0
130138 0.00 0.00 0.00 0
130139 0.00 0.00 0.00 0
130140 0.00 0.00 0.00 0
130141 0.00 0.00 0.00 0
130142 0.00 0.00 0.00 0
130143 0.00 0.00 0.00 0
130144 0.00 0.00 0.00 0
130145 0.00 0.00 0.00 0
130146 0.00 0.00 0.00 0
130147 0.00 0.00 0.00 0
130148 0.00 0.00 0.00 0
131779 0.00 0.00 0.00 0
131785 0.00 0.00 0.00 0
131786 0.00 0.00 0.00 0
131787 0.00 0.00 0.00 0
131788 0.00 0.00 0.00 0
131789 0.00 0.00 0.00 0
131790 0.00 0.00 0.00 0
131791 0.00 0.00 0.00 0
131804 0.00 0.00 0.00 0
131807 0.00 0.00 0.00 0
131810 0.00 0.00 0.00 0
131811 0.00 0.00 0.00 0
131812 0.00 0.00 0.00 0
131813 0.00 0.00 0.00 0
131821 0.00 0.00 0.00 0
131822 0.00 0.00 0.00 0
131823 0.00 0.00 0.00 0
131824 0.00 0.00 0.00 0
131825 0.00 0.00 0.00 0
131827 0.00 0.00 0.00 0
131828 0.00 0.00 0.00 0
131829 0.00 0.00 0.00 0
131830 0.00 0.00 0.00 0
131831 0.00 0.00 0.00 0
131832 0.00 0.00 0.00 0
131833 0.00 0.00 0.00 0
131834 0.00 0.00 0.00 0
131835 0.00 0.00 0.00 0
131863 0.00 0.00 0.00 0
131864 0.00 0.00 0.00 0
131865 0.00 0.00 0.00 0
131866 0.00 0.00 0.00 0
131867 0.00 0.00 0.00 0
131868 0.00 0.00 0.00 0
131869 0.00 0.00 0.00 0
131870 0.00 0.00 0.00 0
131871 0.00 0.00 0.00 0
131872 0.00 0.00 0.00 0
131873 0.00 0.00 0.00 0
131874 0.00 0.00 0.00 0
131875 0.00 0.00 0.00 0
131876 0.00 0.00 0.00 0
131877 0.00 0.00 0.00 0
131878 0.00 0.00 0.00 0
131879 0.00 0.00 0.00 0
131880 0.00 0.00 0.00 0
131881 0.00 0.00 0.00 0
131882 0.00 0.00 0.00 0
131883 0.00 0.00 0.00 0
131884 0.00 0.00 0.00 0
131885 0.00 0.00 0.00 0
131886 0.00 0.00 0.00 0
131887 0.00 0.00 0.00 0
131888 0.00 0.00 0.00 0
131889 0.00 0.00 0.00 0
131890 0.00 0.00 0.00 0
131891 0.00 0.00 0.00 0
131892 0.00 0.00 0.00 0
131893 0.00 0.00 0.00 0
131894 0.00 0.00 0.00 0
131895 0.00 0.00 0.00 0
131896 0.00 0.00 0.00 0
131897 0.00 0.00 0.00 0
131898 0.00 0.00 0.00 0
131899 0.00 0.00 0.00 0
131900 0.00 0.00 0.00 0
131901 0.00 0.00 0.00 0
131902 0.00 0.00 0.00 0
131903 0.00 0.00 0.00 0
131904 0.00 0.00 0.00 0
131905 0.00 0.00 0.00 0
131906 0.00 0.00 0.00 0
131907 0.00 0.00 0.00 0
131908 0.00 0.00 0.00 0
131909 0.00 0.00 0.00 0
131910 0.00 0.00 0.00 0
131911 0.00 0.00 0.00 0
131912 0.00 0.00 0.00 0
131913 0.00 0.00 0.00 0
131914 0.00 0.00 0.00 0
131915 0.00 0.00 0.00 0
131916 0.00 0.00 0.00 0
131917 0.00 0.00 0.00 0
131918 0.00 0.00 0.00 0
131919 0.00 0.00 0.00 0
131920 0.00 0.00 0.00 0
131921 0.00 0.00 0.00 0
131922 0.00 0.00 0.00 0
131923 0.00 0.00 0.00 0
131924 0.00 0.00 0.00 0
131925 0.00 0.00 0.00 0
131926 0.00 0.00 0.00 0
131927 0.00 0.00 0.00 0
131928 0.00 0.00 0.00 0
131929 0.00 0.00 0.00 0
131930 0.00 0.00 0.00 0
131931 0.00 0.00 0.00 0
131932 0.00 0.00 0.00 0
131933 0.00 0.00 0.00 0
131934 0.00 0.00 0.00 0
131935 0.00 0.00 0.00 0
131936 0.00 0.00 0.00 0
131937 0.00 0.00 0.00 0
131938 0.00 0.00 0.00 0
131939 0.00 0.00 0.00 0
131940 0.00 0.00 0.00 0
131941 0.00 0.00 0.00 0
131942 0.00 0.00 0.00 0
133337 0.00 0.00 0.00 0
133338 0.00 0.00 0.00 0
133340 0.00 0.00 0.00 0
133341 0.00 0.00 0.00 0
133342 0.00 0.00 0.00 0
133343 0.00 0.00 0.00 0
133344 0.00 0.00 0.00 0
133345 0.00 0.00 0.00 0
133346 0.00 0.00 0.00 0
133347 0.00 0.00 0.00 0
133348 0.00 0.00 0.00 0
133349 0.00 0.00 0.00 0
133350 0.00 0.00 0.00 0
133351 0.00 0.00 0.00 0
133352 0.00 0.00 0.00 0
133353 0.00 0.00 0.00 0
133354 0.00 0.00 0.00 0
133355 0.00 0.00 0.00 0
133362 0.00 0.00 0.00 0
133363 0.00 0.00 0.00 0
133364 0.00 0.00 0.00 0
133365 0.00 0.00 0.00 0
133366 0.00 0.00 0.00 0
133367 0.00 0.00 0.00 0
133368 0.00 0.00 0.00 0
133369 0.00 0.00 0.00 0
133370 0.00 0.00 0.00 0
133371 0.00 0.00 0.00 0
133372 0.00 0.00 0.00 0
133373 0.00 0.00 0.00 0
133374 0.00 0.00 0.00 0
133375 0.00 0.00 0.00 0
133376 0.00 0.00 0.00 0
133377 0.00 0.00 0.00 0
133378 0.00 0.00 0.00 0
133379 0.00 0.00 0.00 0
133380 0.00 0.00 0.00 0
134938 0.00 0.00 0.00 0
134939 0.00 0.00 0.00 0
134940 0.00 0.00 0.00 0
134941 0.00 0.00 0.00 0
134942 0.00 0.00 0.00 0
134944 0.00 0.00 0.00 0
134945 0.00 0.00 0.00 0
134946 0.00 0.00 0.00 0
134947 0.00 0.00 0.00 0
134948 0.00 0.00 0.00 0
134955 0.00 0.00 0.00 0
134956 0.00 0.00 0.00 0
134957 0.00 0.00 0.00 0
134958 0.00 0.00 0.00 0
134959 0.00 0.00 0.00 0
134960 0.00 0.00 0.00 0
134961 0.00 0.00 0.00 0
134962 0.00 0.00 0.00 0
134963 0.00 0.00 0.00 0
134964 0.00 0.00 0.00 0
134965 0.00 0.00 0.00 0
138584 0.00 0.00 0.00 0
138585 0.00 0.00 0.00 0
138586 0.00 0.00 0.00 0
138587 0.00 0.00 0.00 0
138588 0.00 0.00 0.00 0
138589 0.00 0.00 0.00 0
138590 0.00 0.00 0.00 0
138591 0.00 0.00 0.00 0
138592 0.00 0.00 0.00 0
138593 0.00 0.00 0.00 0
138594 0.00 0.00 0.00 0
138595 0.00 0.00 0.00 0
138596 0.00 0.00 0.00 0
138597 0.00 0.00 0.00 0
138598 0.00 0.00 0.00 0
138599 0.00 0.00 0.00 0
138600 0.00 0.00 0.00 0
138601 0.00 0.00 0.00 0
138602 0.00 0.00 0.00 0
138603 0.00 0.00 0.00 0
138604 0.00 0.00 0.00 0
138605 0.00 0.00 0.00 0
138606 0.00 0.00 0.00 0
138607 0.00 0.00 0.00 0
138608 0.00 0.00 0.00 0
138609 0.00 0.00 0.00 0
138610 0.00 0.00 0.00 0
138616 0.00 0.00 0.00 0
138617 0.00 0.00 0.00 0
138622 0.00 0.00 0.00 0
138623 0.00 0.00 0.00 0
138624 0.00 0.00 0.00 0
138625 0.00 0.00 0.00 0
138626 0.00 0.00 0.00 0
138627 0.00 0.00 0.00 0
138667 0.00 0.00 0.00 0
138668 0.00 0.00 0.00 0
138669 0.00 0.00 0.00 0
138670 0.00 0.00 0.00 0
138671 0.00 0.00 0.00 0
138672 0.00 0.00 0.00 0
138673 0.00 0.00 0.00 0
138674 0.00 0.00 0.00 0
138675 0.00 0.00 0.00 0
138676 0.00 0.00 0.00 0
138677 0.00 0.00 0.00 0
138678 0.00 0.00 0.00 0
138679 0.00 0.00 0.00 0
138680 0.00 0.00 0.00 0
138681 0.00 0.00 0.00 0
138682 0.00 0.00 0.00 0
138683 0.00 0.00 0.00 0
138684 0.00 0.00 0.00 0
138685 0.00 0.00 0.00 0
138686 0.00 0.00 0.00 0
138687 0.00 0.00 0.00 0
138688 0.00 0.00 0.00 0
138689 0.00 0.00 0.00 0
138690 0.00 0.00 0.00 0
138691 0.00 0.00 0.00 0
138692 0.00 0.00 0.00 0
138693 0.00 0.00 0.00 0
138694 0.00 0.00 0.00 0
138695 0.00 0.00 0.00 0
138696 0.00 0.00 0.00 0
138697 0.00 0.00 0.00 0
138698 0.00 0.00 0.00 0
138699 0.00 0.00 0.00 0
138700 0.00 0.00 0.00 0
138701 0.00 0.00 0.00 0
138702 0.00 0.00 0.00 0
138703 0.00 0.00 0.00 0
138704 0.00 0.00 0.00 0
138705 0.00 0.00 0.00 0
138706 0.00 0.00 0.00 0
138707 0.00 0.00 0.00 0
138708 0.00 0.00 0.00 0
138709 0.00 0.00 0.00 0
138710 0.00 0.00 0.00 0
138711 0.00 0.00 0.00 0
138712 0.00 0.00 0.00 0
138713 0.00 0.00 0.00 0
138714 0.00 0.00 0.00 0
138715 0.00 0.00 0.00 0
138716 0.00 0.00 0.00 0
138717 0.00 0.00 0.00 0
138718 0.00 0.00 0.00 0
138719 0.00 0.00 0.00 0
138720 0.00 0.00 0.00 0
138721 0.00 0.00 0.00 0
138722 0.00 0.00 0.00 0
138723 0.00 0.00 0.00 0
138724 0.00 0.00 0.00 0
138725 0.00 0.00 0.00 0
138726 0.00 0.00 0.00 0
138727 0.00 0.00 0.00 0
138728 0.00 0.00 0.00 0
138729 0.00 0.00 0.00 0
138730 0.00 0.00 0.00 0
138731 0.00 0.00 0.00 0
138732 0.00 0.00 0.00 0
138733 0.00 0.00 0.00 0
138734 0.00 0.00 0.00 0
138735 0.00 0.00 0.00 0
138736 0.00 0.00 0.00 0
138737 0.00 0.00 0.00 0
138738 0.00 0.00 0.00 0
138739 0.00 0.00 0.00 0
138740 0.00 0.00 0.00 0
138741 0.00 0.00 0.00 0
138742 0.00 0.00 0.00 0
138743 0.00 0.00 0.00 0
138744 0.00 0.00 0.00 0
138745 0.00 0.00 0.00 0
138746 0.00 0.00 0.00 0
138747 0.00 0.00 0.00 0
138748 0.00 0.00 0.00 0
140065 0.00 0.00 0.00 0
140066 0.00 0.00 0.00 0
140067 0.00 0.00 0.00 0
140068 0.00 0.00 0.00 0
140069 0.00 0.00 0.00 0
140070 0.00 0.00 0.00 0
140071 0.00 0.00 0.00 0
140072 0.00 0.00 0.00 0
140073 0.00 0.00 0.00 0
140074 0.00 0.00 0.00 0
140075 0.00 0.00 0.00 0
140076 0.00 0.00 0.00 0
140077 0.00 0.00 0.00 0
140078 0.00 0.00 0.00 0
140079 0.00 0.00 0.00 0
140080 0.00 0.00 0.00 0
140081 0.00 0.00 0.00 0
140082 0.00 0.00 0.00 0
140088 0.00 0.00 0.00 0
140089 0.00 0.00 0.00 0
140090 0.00 0.00 0.00 0
140091 0.00 0.00 0.00 0
140092 0.00 0.00 0.00 0
140093 0.00 0.00 0.00 0
140094 0.00 0.00 0.00 0
140095 0.00 0.00 0.00 0
140096 0.00 0.00 0.00 0
140097 0.00 0.00 0.00 0
140098 0.00 0.00 0.00 0
140099 0.00 0.00 0.00 0
140100 0.00 0.00 0.00 0
140125 0.00 0.00 0.00 0
140126 0.00 0.00 0.00 0
140127 0.00 0.00 0.00 0
140128 0.00 0.00 0.00 0
141996 0.00 0.00 0.00 0
141997 0.00 0.00 0.00 0
141998 0.00 0.00 0.00 0
141999 0.00 0.00 0.00 0
142000 0.00 0.00 0.00 0
142087 0.00 0.00 0.00 0
142114 0.00 0.00 0.00 0
146887 0.00 0.00 0.00 0
146888 0.00 0.00 0.00 0
146889 0.00 0.00 0.00 0
146890 0.00 0.00 0.00 0
146891 0.00 0.00 0.00 0
146892 0.00 0.00 0.00 0
146893 0.00 0.00 0.00 0
146894 0.00 0.00 0.00 0
146895 0.00 0.00 0.00 0
146896 0.00 0.00 0.00 0
146897 0.00 0.00 0.00 0
146898 0.00 0.00 0.00 0
146899 0.00 0.00 0.00 0
146900 0.00 0.00 0.00 0
146901 0.00 0.00 0.00 0
146902 0.00 0.00 0.00 0
146903 0.00 0.00 0.00 0
146904 0.00 0.00 0.00 0
146905 0.00 0.00 0.00 0
146906 0.00 0.00 0.00 0
146907 0.00 0.00 0.00 0
146908 0.00 0.00 0.00 0
146909 0.00 0.00 0.00 0
146910 0.00 0.00 0.00 0
146911 0.00 0.00 0.00 0
146912 0.00 0.00 0.00 0
146913 0.00 0.00 0.00 0
146914 0.00 0.00 0.00 0
146915 0.00 0.00 0.00 0
146916 0.00 0.00 0.00 0
146917 0.00 0.00 0.00 0
146918 0.00 0.00 0.00 0
146919 0.00 0.00 0.00 0
146920 0.00 0.00 0.00 0
146921 0.00 0.00 0.00 0
146922 0.00 0.00 0.00 0
146923 0.00 0.00 0.00 0
146924 0.00 0.00 0.00 0
146925 0.00 0.00 0.00 0
146926 0.00 0.00 0.00 0
146927 0.00 0.00 0.00 0
146928 0.00 0.00 0.00 0
146929 0.00 0.00 0.00 0
146930 0.00 0.00 0.00 0
146931 0.00 0.00 0.00 0
146932 0.00 0.00 0.00 0
146933 0.00 0.00 0.00 0
146934 0.00 0.00 0.00 0
146935 0.00 0.00 0.00 0
146936 0.00 0.00 0.00 0
146937 0.00 0.00 0.00 0
146938 0.00 0.00 0.00 0
146939 0.00 0.00 0.00 0
146940 0.00 0.00 0.00 0
146944 0.00 0.00 0.00 0
146945 0.00 0.00 0.00 0
146950 0.00 0.00 0.00 0
146951 0.00 0.00 0.00 0
146952 0.00 0.00 0.00 0
146953 0.00 0.00 0.00 0
146954 0.00 0.00 0.00 0
146955 0.00 0.00 0.00 0
146971 0.00 0.00 0.00 0
146972 0.00 0.00 0.00 0
146974 0.00 0.00 0.00 0
146975 0.00 0.00 0.00 0
146976 0.00 0.00 0.00 0
146977 0.00 0.00 0.00 0
146978 0.00 0.00 0.00 0
146979 0.00 0.00 0.00 0
146980 0.00 0.00 0.00 0
146981 0.00 0.00 0.00 0
146982 0.00 0.00 0.00 0
146983 0.00 0.00 0.00 0
146984 0.00 0.00 0.00 0
146985 0.00 0.00 0.00 0
146986 0.00 0.00 0.00 0
146987 0.00 0.00 0.00 0
146988 0.00 0.00 0.00 0
146989 0.00 0.00 0.00 0
146990 0.00 0.00 0.00 0
146991 0.00 0.00 0.00 0
146992 0.00 0.00 0.00 0
146993 0.00 0.00 0.00 0
146994 0.00 0.00 0.00 0
146995 0.00 0.00 0.00 0
146996 0.00 0.00 0.00 0
146997 0.00 0.00 0.00 0
146998 0.00 0.00 0.00 0
146999 0.00 0.00 0.00 0
147000 0.00 0.00 0.00 0
147001 0.00 0.00 0.00 0
147002 0.00 0.00 0.00 0
147003 0.00 0.00 0.00 0
147005 0.00 0.00 0.00 0
147006 0.00 0.00 0.00 0
147007 0.00 0.00 0.00 0
147008 0.00 0.00 0.00 0
147009 0.00 0.00 0.00 0
147010 0.00 0.00 0.00 0
147011 0.00 0.00 0.00 0
147012 0.00 0.00 0.00 0
147013 0.00 0.00 0.00 0
147014 0.00 0.00 0.00 0
147015 0.00 0.00 0.00 0
147016 0.00 0.00 0.00 0
147017 0.00 0.00 0.00 0
147018 0.00 0.00 0.00 0
147019 0.00 0.00 0.00 0
147020 0.00 0.00 0.00 0
147021 0.00 0.00 0.00 0
147022 0.00 0.00 0.00 0
147023 0.00 0.00 0.00 0
147024 0.00 0.00 0.00 0
147025 0.00 0.00 0.00 0
147026 0.00 0.00 0.00 0
147027 0.00 0.00 0.00 0
147028 0.00 0.00 0.00 0
147029 0.00 0.00 0.00 0
147030 0.00 0.00 0.00 0
147031 0.00 0.00 0.00 0
147032 0.00 0.00 0.00 0
147033 0.00 0.00 0.00 0
147036 0.00 0.00 0.00 0
147037 0.00 0.00 0.00 0
147038 0.00 0.00 0.00 0
147039 0.00 0.00 0.00 0
147040 0.00 0.00 0.00 0
147041 0.00 0.00 0.00 0
147042 0.00 0.00 0.00 0
147045 0.00 0.00 0.00 0
147046 0.00 0.00 0.00 0
147087 0.00 0.00 0.00 0
147088 0.00 0.00 0.00 0
147090 0.00 0.00 0.00 0
147116 0.00 0.00 0.00 0
147132 0.00 0.00 0.00 0
147133 0.00 0.00 0.00 0
147134 0.00 0.00 0.00 0
147135 0.00 0.00 0.00 0
147136 0.00 0.00 0.00 0
147137 0.00 0.00 0.00 0
147138 0.00 0.00 0.00 0
147139 0.00 0.00 0.00 0
147140 0.00 0.00 0.00 0
147141 0.00 0.00 0.00 0
147142 0.00 0.00 0.00 0
147143 0.00 0.00 0.00 0
147144 0.00 0.00 0.00 0
147145 0.00 0.00 0.00 0
147146 0.00 0.00 0.00 0
147147 0.00 0.00 0.00 0
147148 0.00 0.00 0.00 0
147149 0.00 0.00 0.00 0
147150 0.00 0.00 0.00 0
147151 0.00 0.00 0.00 0
147152 0.00 0.00 0.00 0
147153 0.00 0.00 0.00 0
147154 0.00 0.00 0.00 0
147155 0.00 0.00 0.00 0
147156 0.00 0.00 0.00 0
147157 0.00 0.00 0.00 0
147158 0.00 0.00 0.00 0
147159 0.00 0.00 0.00 0
147160 0.00 0.00 0.00 0
147161 0.00 0.00 0.00 0
147162 0.00 0.00 0.00 0
147163 0.00 0.00 0.00 0
147164 0.00 0.00 0.00 0
147165 0.00 0.00 0.00 0
147166 0.00 0.00 0.00 0
147167 0.00 0.00 0.00 0
147168 0.00 0.00 0.00 0
147169 0.00 0.00 0.00 0
147170 0.00 0.00 0.00 0
147171 0.00 0.00 0.00 0
147172 0.00 0.00 0.00 0
147173 0.00 0.00 0.00 0
147174 0.00 0.00 0.00 0
147175 0.00 0.00 0.00 0
147176 0.00 0.00 0.00 0
147177 0.00 0.00 0.00 0
147178 0.00 0.00 0.00 0
147179 0.00 0.00 0.00 0
147180 0.00 0.00 0.00 0
147181 0.00 0.00 0.00 0
147182 0.00 0.00 0.00 0
147183 0.00 0.00 0.00 0
147184 0.00 0.00 0.00 0
147185 0.00 0.00 0.00 0
147186 0.00 0.00 0.00 0
147187 0.00 0.00 0.00 0
147188 0.00 0.00 0.00 0
147189 0.00 0.00 0.00 0
147190 0.00 0.00 0.00 0
147191 0.00 0.00 0.00 0
147192 0.00 0.00 0.00 0
147193 0.00 0.00 0.00 0
147194 0.00 0.00 0.00 0
147195 0.00 0.00 0.00 0
147196 0.00 0.00 0.00 0
147197 0.00 0.00 0.00 0
147198 0.00 0.00 0.00 0
147199 0.00 0.00 0.00 0
147200 0.00 0.00 0.00 0
147201 0.00 0.00 0.00 0
147202 0.00 0.00 0.00 0
147203 0.00 0.00 0.00 0
147204 0.00 0.00 0.00 0
147205 0.00 0.00 0.00 0
147222 0.00 0.00 0.00 0
147223 0.00 0.00 0.00 0
147224 0.00 0.00 0.00 0
147225 0.00 0.00 0.00 0
147226 0.00 0.00 0.00 0
147227 0.00 0.00 0.00 0
147240 0.00 0.00 0.00 0
147241 0.00 0.00 0.00 0
147242 0.00 0.00 0.00 0
147243 0.00 0.00 0.00 0
147244 0.00 0.00 0.00 0
147245 0.00 0.00 0.00 0
147246 0.00 0.00 0.00 0
147247 0.00 0.00 0.00 0
147248 0.00 0.00 0.00 0
147249 0.00 0.00 0.00 0
147250 0.00 0.00 0.00 0
147251 0.00 0.00 0.00 0
147252 0.00 0.00 0.00 0
147253 0.00 0.00 0.00 0
147254 0.00 0.00 0.00 0
149988 0.00 0.00 0.00 0
149992 0.00 0.00 0.00 0
149993 0.00 0.00 0.00 0
149994 0.00 0.00 0.00 0
149995 0.00 0.00 0.00 0
149996 0.00 0.00 0.00 0
149997 0.00 0.00 0.00 0
149998 0.00 0.00 0.00 0
149999 0.00 0.00 0.00 0
150000 0.00 0.00 0.00 0
150001 0.00 0.00 0.00 0
150002 0.00 0.00 0.00 0
150003 0.00 0.00 0.00 0
150004 0.00 0.00 0.00 0
150005 0.00 0.00 0.00 0
150006 0.00 0.00 0.00 0
150007 0.00 0.00 0.00 0
150008 0.00 0.00 0.00 0
150009 0.00 0.00 0.00 0
150010 0.00 0.00 0.00 0
150011 0.00 0.00 0.00 0
150037 0.00 0.00 0.00 0
150038 0.00 0.00 0.00 0
151237 0.00 0.00 0.00 0
151238 0.00 0.00 0.00 0
151239 0.00 0.00 0.00 0
151257 0.00 0.00 0.00 0
151258 0.00 0.00 0.00 0
151259 0.00 0.00 0.00 0
151260 0.00 0.00 0.00 0
151261 0.00 0.00 0.00 0
151262 0.00 0.00 0.00 0
151263 0.00 0.00 0.00 0
151270 0.00 0.00 0.00 0
151271 0.00 0.00 0.00 0
151272 0.00 0.00 0.00 0
151273 0.00 0.00 0.00 0
151274 0.00 0.00 0.00 0
151275 0.00 0.00 0.00 0
151276 0.00 0.00 0.00 0
151277 0.00 0.00 0.00 0
151278 0.00 0.00 0.00 0
151279 0.00 0.00 0.00 0
151280 0.00 0.00 0.00 0
151281 0.00 0.00 0.00 0
151282 0.00 0.00 0.00 0
151283 0.00 0.00 0.00 0
151284 0.00 0.00 0.00 0
151285 0.00 0.00 0.00 0
151286 0.00 0.00 0.00 0
151287 0.00 0.00 0.00 0
151288 0.00 0.00 0.00 0
151289 0.00 0.00 0.00 0
151290 0.00 0.00 0.00 0
151291 0.00 0.00 0.00 0
151292 0.00 0.00 0.00 0
151293 0.00 0.00 0.00 0
151294 0.00 0.00 0.00 0
151295 0.00 0.00 0.00 0
151296 0.00 0.00 0.00 0
151297 0.00 0.00 0.00 0
151298 0.00 0.00 0.00 0
151299 0.00 0.00 0.00 0
151300 0.00 0.00 0.00 0
151301 0.00 0.00 0.00 0
151302 0.00 0.00 0.00 0
151303 0.00 0.00 0.00 0
151304 0.00 0.00 0.00 0
151305 0.00 0.00 0.00 0
151306 0.00 0.00 0.00 0
151307 0.00 0.00 0.00 0
151308 0.00 0.00 0.00 0
151309 0.00 0.00 0.00 0
151310 0.00 0.00 0.00 0
151311 0.00 0.00 0.00 0
151312 0.00 0.00 0.00 0
151313 0.00 0.00 0.00 0
151314 0.00 0.00 0.00 0
151315 0.00 0.00 0.00 0
151316 0.00 0.00 0.00 0
151317 0.00 0.00 0.00 0
151318 0.00 0.00 0.00 0
151319 0.00 0.00 0.00 0
151320 0.00 0.00 0.00 0
151321 0.00 0.00 0.00 0
151322 0.00 0.00 0.00 0
151323 0.00 0.00 0.00 0
151324 0.00 0.00 0.00 0
151325 0.00 0.00 0.00 0
151326 0.00 0.00 0.00 0
151327 0.00 0.00 0.00 0
151328 0.00 0.00 0.00 0
151329 0.00 0.00 0.00 0
151330 0.00 0.00 0.00 0
151331 0.00 0.00 0.00 0
151332 0.00 0.00 0.00 0
151333 0.00 0.00 0.00 0
151334 0.00 0.00 0.00 0
151335 0.00 0.00 0.00 0
151336 0.00 0.00 0.00 0
151337 0.00 0.00 0.00 0
151338 0.00 0.00 0.00 0
151339 0.00 0.00 0.00 0
151340 0.00 0.00 0.00 0
151341 0.00 0.00 0.00 0
151342 0.00 0.00 0.00 0
151343 0.00 0.00 0.00 0
151344 0.00 0.00 0.00 0
151345 0.00 0.00 0.00 0
151346 0.00 0.00 0.00 0
151347 0.00 0.00 0.00 0
151348 0.00 0.00 0.00 0
151349 0.00 0.00 0.00 0
151350 0.00 0.00 0.00 0
151351 0.00 0.00 0.00 0
151352 0.00 0.00 0.00 0
151353 0.00 0.00 0.00 0
151354 0.00 0.00 0.00 0
151355 0.00 0.00 0.00 0
151356 0.00 0.00 0.00 0
151357 0.00 0.00 0.00 0
151358 0.00 0.00 0.00 0
151359 0.00 0.00 0.00 0
151360 0.00 0.00 0.00 0
151361 0.00 0.00 0.00 0
151362 0.00 0.00 0.00 0
151363 0.00 0.00 0.00 0
151364 0.00 0.00 0.00 0
151365 0.00 0.00 0.00 0
151366 0.00 0.00 0.00 0
151367 0.00 0.00 0.00 0
151368 0.00 0.00 0.00 0
151369 0.00 0.00 0.00 0
151370 0.00 0.00 0.00 0
151371 0.00 0.00 0.00 0
151372 0.00 0.00 0.00 0
151373 0.00 0.00 0.00 0
151374 0.00 0.00 0.00 0
151375 0.00 0.00 0.00 0
151376 0.00 0.00 0.00 0
151377 0.00 0.00 0.00 0
151378 0.00 0.00 0.00 0
151379 0.00 0.00 0.00 0
151380 0.00 0.00 0.00 0
151381 0.00 0.00 0.00 0
151382 0.00 0.00 0.00 0
151383 0.00 0.00 0.00 0
151384 0.00 0.00 0.00 0
151385 0.00 0.00 0.00 0
151386 0.00 0.00 0.00 0
151387 0.00 0.00 0.00 0
151388 0.00 0.00 0.00 0
151389 0.00 0.00 0.00 0
151390 0.00 0.00 0.00 0
151391 0.00 0.00 0.00 0
151392 0.00 0.00 0.00 0
151393 0.00 0.00 0.00 0
151394 0.00 0.00 0.00 0
151395 0.00 0.00 0.00 0
151396 0.00 0.00 0.00 0
151397 0.00 0.00 0.00 0
151398 0.00 0.00 0.00 0
151399 0.00 0.00 0.00 0
151400 0.00 0.00 0.00 0
151401 0.00 0.00 0.00 0
151402 0.00 0.00 0.00 0
151403 0.00 0.00 0.00 0
151404 0.00 0.00 0.00 0
151405 0.00 0.00 0.00 0
151406 0.00 0.00 0.00 0
151407 0.00 0.00 0.00 0
151408 0.00 0.00 0.00 0
151409 0.00 0.00 0.00 0
151410 0.00 0.00 0.00 0
151411 0.00 0.00 0.00 0
151412 0.00 0.00 0.00 0
151413 0.00 0.00 0.00 0
151414 0.00 0.00 0.00 0
151415 0.00 0.00 0.00 0
151416 0.00 0.00 0.00 0
151417 0.00 0.00 0.00 0
151418 0.00 0.00 0.00 0
151419 0.00 0.00 0.00 0
151420 0.00 0.00 0.00 0
151421 0.00 0.00 0.00 0
151422 0.00 0.00 0.00 0
151423 0.00 0.00 0.00 0
151426 0.00 0.00 0.00 0
151427 0.00 0.00 0.00 0
151428 0.00 0.00 0.00 0
151429 0.00 0.00 0.00 0
151430 0.00 0.00 0.00 0
151431 0.00 0.00 0.00 0
151432 0.00 0.00 0.00 0
151433 0.00 0.00 0.00 0
151438 0.00 0.00 0.00 0
151439 0.00 0.00 0.00 0
155848 0.00 0.00 0.00 0
155849 0.00 0.00 0.00 0
155850 0.00 0.00 0.00 0
155851 0.00 0.00 0.00 0
155920 0.00 0.00 0.00 0
155921 0.00 0.00 0.00 0
155922 0.00 0.00 0.00 0
155923 0.00 0.00 0.00 0
155924 0.00 0.00 0.00 0
155925 0.00 0.00 0.00 0
155926 0.00 0.00 0.00 0
155937 0.00 0.00 0.00 0
155946 0.00 0.00 0.00 0
155947 0.00 0.00 0.00 0
156315 0.00 0.00 0.00 0
