# G_precentral
3763
45 0.00 0.00 0.00 0
49 0.00 0.00 0.00 0
111 0.00 0.00 0.00 0
165 0.00 0.00 0.00 0
167 0.00 0.00 0.00 0
168 0.00 0.00 0.00 0
170 0.00 0.00 0.00 0
243 0.00 0.00 0.00 0
244 0.00 0.00 0.00 0
245 0.00 0.00 0.00 0
246 0.00 0.00 0.00 0
253 0.00 0.00 0.00 0
375 0.00 0.00 0.00 0
377 0.00 0.00 0.00 0
499 0.00 0.00 0.00 0
645 0.00 0.00 0.00 0
647 0.00 0.00 0.00 0
648 0.00 0.00 0.00 0
650 0.00 0.00 0.00 0
723 0.00 0.00 0.00 0
724 0.00 0.00 0.00 0
852 0.00 0.00 0.00 0
860 0.00 0.00 0.00 0
861 0.00 0.00 0.00 0
862 0.00 0.00 0.00 0
864 0.00 0.00 0.00 0
866 0.00 0.00 0.00 0
867 0.00 0.00 0.00 0
868 0.00 0.00 0.00 0
875 0.00 0.00 0.00 0
876 0.00 0.00 0.00 0
1091 0.00 0.00 0.00 0
1097 0.00 0.00 0.00 0
1120 0.00 0.00 0.00 0
1447 0.00 0.00 0.00 0
1448 0.00 0.00 0.00 0
1451 0.00 0.00 0.00 0
1453 0.00 0.00 0.00 0
1454 0.00 0.00 0.00 0
1455 0.00 0.00 0.00 0
1456 0.00 0.00 0.00 0
1457 0.00 0.00 0.00 0
1458 0.00 0.00 0.00 0
1591 0.00 0.00 0.00 0
1592 0.00 0.00 0.00 0
1593 0.00 0.00 0.00 0
1594 0.00 0.00 0.00 0
1595 0.00 0.00 0.00 0
1609 0.00 0.00 0.00 0
1610 0.00 0.00 0.00 0
1838 0.00 0.00 0.00 0
1839 0.00 0.00 0.00 0
1850 0.00 0.00 0.00 0
1851 0.00 0.00 0.00 0
2144 0.00 0.00 0.00 0
2145 0.00 0.00 0.00 0
2146 0.00 0.00 0.00 0
2147 0.00 0.00 0.00 0
2148 0.00 0.00 0.00 0
2567 0.00 0.00 0.00 0
2568 0.00 0.00 0.00 0
2570 0.00 0.00 0.00 0
2644 0.00 0.00 0.00 0
2770 0.00 0.00 0.00 0
2772 0.00 0.00 0.00 0
2780 0.00 0.00 0.00 0
2781 0.00 0.00 0.00 0
2782 0.00 0.00 0.00 0
2783 0.00 0.00 0.00 0
2784 0.00 0.00 0.00 0
2785 0.00 0.00 0.00 0
2786 0.00 0.00 0.00 0
2793 0.00 0.00 0.00 0
2794 0.00 0.00 0.00 0
2795 0.00 0.00 0.00 0
2796 0.00 0.00 0.00 0
3011 0.00 0.00 0.00 0
3017 0.00 0.00 0.00 0
3040 0.00 0.00 0.00 0
3041 0.00 0.00 0.00 0
3042 0.00 0.00 0.00 0
3044 0.00 0.00 0.00 0
3370 0.00 0.00 0.00 0
3371 0.00 0.00 0.00 0
3372 0.00 0.00 0.00 0
3377 0.00 0.00 0.00 0
3378 0.00 0.00 0.00 0
3379 0.00 0.00 0.00 0
3380 0.00 0.00 0.00 0
3381 0.00 0.00 0.00 0
3382 0.00 0.00 0.00 0
3383 0.00 0.00 0.00 0
3384 0.00 0.00 0.00 0
3385 0.00 0.00 0.00 0
3386 0.00 0.00 0.00 0
3387 0.00 0.00 0.00 0
3388 0.00 0.00 0.00 0
3389 0.00 0.00 0.00 0
3390 0.00 0.00 0.00 0
3610 0.00 0.00 0.00 0
3611 0.00 0.00 0.00 0
3612 0.00 0.00 0.00 0
3613 0.00 0.00 0.00 0
3614 0.00 0.00 0.00 0
3615 0.00 0.00 0.00 0
3616 0.00 0.00 0.00 0
3617 0.00 0.00 0.00 0
3643 0.00 0.00 0.00 0
3644 0.00 0.00 0.00 0
4018 0.00 0.00 0.00 0
4037 0.00 0.00 0.00 0
4038 0.00 0.00 0.00 0
4039 0.00 0.00 0.00 0
4041 0.00 0.00 0.00 0
4043 0.00 0.00 0.00 0
4068 0.00 0.00 0.00 0
4069 0.00 0.00 0.00 0
4070 0.00 0.00 0.00 0
4071 0.00 0.00 0.00 0
4711 0.00 0.00 0.00 0
4713 0.00 0.00 0.00 0
4728 0.00 0.00 0.00 0
4730 0.00 0.00 0.00 0
4731 0.00 0.00 0.00 0
4732 0.00 0.00 0.00 0
4733 0.00 0.00 0.00 0
4734 0.00 0.00 0.00 0
4735 0.00 0.00 0.00 0
4737 0.00 0.00 0.00 0
4738 0.00 0.00 0.00 0
4739 0.00 0.00 0.00 0
5767 0.00 0.00 0.00 0
5768 0.00 0.00 0.00 0
5769 0.00 0.00 0.00 0
5771 0.00 0.00 0.00 0
5772 0.00 0.00 0.00 0
5773 0.00 0.00 0.00 0
5774 0.00 0.00 0.00 0
5776 0.00 0.00 0.00 0
5777 0.00 0.00 0.00 0
5778 0.00 0.00 0.00 0
5909 0.00 0.00 0.00 0
5910 0.00 0.00 0.00 0
5911 0.00 0.00 0.00 0
5912 0.00 0.00 0.00 0
5913 0.00 0.00 0.00 0
5914 0.00 0.00 0.00 0
6154 0.00 0.00 0.00 0
6155 0.00 0.00 0.00 0
6156 0.00 0.00 0.00 0
6157 0.00 0.00 0.00 0
6158 0.00 0.00 0.00 0
6159 0.00 0.00 0.00 0
6160 0.00 0.00 0.00 0
6162 0.00 0.00 0.00 0
6164 0.00 0.00 0.00 0
6165 0.00 0.00 0.00 0
6166 0.00 0.00 0.00 0
6167 0.00 0.00 0.00 0
6168 0.00 0.00 0.00 0
6169 0.00 0.00 0.00 0
6182 0.00 0.00 0.00 0
6183 0.00 0.00 0.00 0
6184 0.00 0.00 0.00 0
6185 0.00 0.00 0.00 0
6186 0.00 0.00 0.00 0
6571 0.00 0.00 0.00 0
6572 0.00 0.00 0.00 0
6583 0.00 0.00 0.00 0
6585 0.00 0.00 0.00 0
6624 0.00 0.00 0.00 0
7213 0.00 0.00 0.00 0
7214 0.00 0.00 0.00 0
7215 0.00 0.00 0.00 0
7226 0.00 0.00 0.00 0
7227 0.00 0.00 0.00 0
7228 0.00 0.00 0.00 0
7229 0.00 0.00 0.00 0
7230 0.00 0.00 0.00 0
7231 0.00 0.00 0.00 0
7232 0.00 0.00 0.00 0
7233 0.00 0.00 0.00 0
7234 0.00 0.00 0.00 0
7235 0.00 0.00 0.00 0
7236 0.00 0.00 0.00 0
7237 0.00 0.00 0.00 0
7238 0.00 0.00 0.00 0
7239 0.00 0.00 0.00 0
7240 0.00 0.00 0.00 0
7241 0.00 0.00 0.00 0
7242 0.00 0.00 0.00 0
7251 0.00 0.00 0.00 0
7550 0.00 0.00 0.00 0
7551 0.00 0.00 0.00 0
7552 0.00 0.00 0.00 0
7553 0.00 0.00 0.00 0
7554 0.00 0.00 0.00 0
7555 0.00 0.00 0.00 0
7556 0.00 0.00 0.00 0
7557 0.00 0.00 0.00 0
7558 0.00 0.00 0.00 0
7559 0.00 0.00 0.00 0
7560 0.00 0.00 0.00 0
7561 0.00 0.00 0.00 0
7562 0.00 0.00 0.00 0
7591 0.00 0.00 0.00 0
7592 0.00 0.00 0.00 0
7595 0.00 0.00 0.00 0
7596 0.00 0.00 0.00 0
7597 0.00 0.00 0.00 0
7598 0.00 0.00 0.00 0
8082 0.00 0.00 0.00 0
8083 0.00 0.00 0.00 0
8138 0.00 0.00 0.00 0
8139 0.00 0.00 0.00 0
8140 0.00 0.00 0.00 0
8141 0.00 0.00 0.00 0
8142 0.00 0.00 0.00 0
8143 0.00 0.00 0.00 0
8144 0.00 0.00 0.00 0
8176 0.00 0.00 0.00 0
8177 0.00 0.00 0.00 0
8178 0.00 0.00 0.00 0
8179 0.00 0.00 0.00 0
8180 0.00 0.00 0.00 0
8181 0.00 0.00 0.00 0
9001 0.00 0.00 0.00 0
9002 0.00 0.00 0.00 0
9003 0.00 0.00 0.00 0
9004 0.00 0.00 0.00 0
9005 0.00 0.00 0.00 0
9006 0.00 0.00 0.00 0
9007 0.00 0.00 0.00 0
9008 0.00 0.00 0.00 0
9009 0.00 0.00 0.00 0
9010 0.00 0.00 0.00 0
9011 0.00 0.00 0.00 0
9012 0.00 0.00 0.00 0
9013 0.00 0.00 0.00 0
10248 0.00 0.00 0.00 0
10450 0.00 0.00 0.00 0
10451 0.00 0.00 0.00 0
10452 0.00 0.00 0.00 0
10460 0.00 0.00 0.00 0
10461 0.00 0.00 0.00 0
10462 0.00 0.00 0.00 0
10463 0.00 0.00 0.00 0
10464 0.00 0.00 0.00 0
10465 0.00 0.00 0.00 0
10466 0.00 0.00 0.00 0
10473 0.00 0.00 0.00 0
10474 0.00 0.00 0.00 0
10475 0.00 0.00 0.00 0
10476 0.00 0.00 0.00 0
10691 0.00 0.00 0.00 0
10697 0.00 0.00 0.00 0
10720 0.00 0.00 0.00 0
10721 0.00 0.00 0.00 0
10722 0.00 0.00 0.00 0
10723 0.00 0.00 0.00 0
10724 0.00 0.00 0.00 0
11050 0.00 0.00 0.00 0
11051 0.00 0.00 0.00 0
11052 0.00 0.00 0.00 0
11057 0.00 0.00 0.00 0
11058 0.00 0.00 0.00 0
11059 0.00 0.00 0.00 0
11060 0.00 0.00 0.00 0
11061 0.00 0.00 0.00 0
11062 0.00 0.00 0.00 0
11063 0.00 0.00 0.00 0
11065 0.00 0.00 0.00 0
11066 0.00 0.00 0.00 0
11067 0.00 0.00 0.00 0
11068 0.00 0.00 0.00 0
11069 0.00 0.00 0.00 0
11070 0.00 0.00 0.00 0
11290 0.00 0.00 0.00 0
11291 0.00 0.00 0.00 0
11292 0.00 0.00 0.00 0
11293 0.00 0.00 0.00 0
11294 0.00 0.00 0.00 0
11295 0.00 0.00 0.00 0
11296 0.00 0.00 0.00 0
11297 0.00 0.00 0.00 0
11695 0.00 0.00 0.00 0
11712 0.00 0.00 0.00 0
11716 0.00 0.00 0.00 0
11717 0.00 0.00 0.00 0
11718 0.00 0.00 0.00 0
11719 0.00 0.00 0.00 0
11748 0.00 0.00 0.00 0
11749 0.00 0.00 0.00 0
11750 0.00 0.00 0.00 0
11751 0.00 0.00 0.00 0
12391 0.00 0.00 0.00 0
12392 0.00 0.00 0.00 0
12393 0.00 0.00 0.00 0
12408 0.00 0.00 0.00 0
12409 0.00 0.00 0.00 0
12410 0.00 0.00 0.00 0
12411 0.00 0.00 0.00 0
12412 0.00 0.00 0.00 0
12413 0.00 0.00 0.00 0
12414 0.00 0.00 0.00 0
12415 0.00 0.00 0.00 0
12480 0.00 0.00 0.00 0
13450 0.00 0.00 0.00 0
13451 0.00 0.00 0.00 0
13452 0.00 0.00 0.00 0
13457 0.00 0.00 0.00 0
13458 0.00 0.00 0.00 0
13459 0.00 0.00 0.00 0
13460 0.00 0.00 0.00 0
13461 0.00 0.00 0.00 0
13462 0.00 0.00 0.00 0
13463 0.00 0.00 0.00 0
13467 0.00 0.00 0.00 0
13468 0.00 0.00 0.00 0
13469 0.00 0.00 0.00 0
13470 0.00 0.00 0.00 0
13688 0.00 0.00 0.00 0
13689 0.00 0.00 0.00 0
13690 0.00 0.00 0.00 0
13691 0.00 0.00 0.00 0
13692 0.00 0.00 0.00 0
13693 0.00 0.00 0.00 0
13694 0.00 0.00 0.00 0
13695 0.00 0.00 0.00 0
13696 0.00 0.00 0.00 0
14095 0.00 0.00 0.00 0
14096 0.00 0.00 0.00 0
14097 0.00 0.00 0.00 0
14098 0.00 0.00 0.00 0
14099 0.00 0.00 0.00 0
14100 0.00 0.00 0.00 0
14101 0.00 0.00 0.00 0
14102 0.00 0.00 0.00 0
14103 0.00 0.00 0.00 0
14104 0.00 0.00 0.00 0
14105 0.00 0.00 0.00 0
14106 0.00 0.00 0.00 0
14109 0.00 0.00 0.00 0
14110 0.00 0.00 0.00 0
14111 0.00 0.00 0.00 0
14112 0.00 0.00 0.00 0
14113 0.00 0.00 0.00 0
14114 0.00 0.00 0.00 0
14115 0.00 0.00 0.00 0
14116 0.00 0.00 0.00 0
14117 0.00 0.00 0.00 0
14118 0.00 0.00 0.00 0
14119 0.00 0.00 0.00 0
14141 0.00 0.00 0.00 0
14142 0.00 0.00 0.00 0
14143 0.00 0.00 0.00 0
14144 0.00 0.00 0.00 0
14145 0.00 0.00 0.00 0
14146 0.00 0.00 0.00 0
14147 0.00 0.00 0.00 0
14148 0.00 0.00 0.00 0
14149 0.00 0.00 0.00 0
14150 0.00 0.00 0.00 0
14151 0.00 0.00 0.00 0
14791 0.00 0.00 0.00 0
14792 0.00 0.00 0.00 0
14811 0.00 0.00 0.00 0
14812 0.00 0.00 0.00 0
14880 0.00 0.00 0.00 0
14881 0.00 0.00 0.00 0
14882 0.00 0.00 0.00 0
15865 0.00 0.00 0.00 0
15866 0.00 0.00 0.00 0
15867 0.00 0.00 0.00 0
15890 0.00 0.00 0.00 0
15891 0.00 0.00 0.00 0
15892 0.00 0.00 0.00 0
15893 0.00 0.00 0.00 0
15894 0.00 0.00 0.00 0
15895 0.00 0.00 0.00 0
15896 0.00 0.00 0.00 0
15897 0.00 0.00 0.00 0
15898 0.00 0.00 0.00 0
15899 0.00 0.00 0.00 0
15900 0.00 0.00 0.00 0
15901 0.00 0.00 0.00 0
15902 0.00 0.00 0.00 0
15903 0.00 0.00 0.00 0
15904 0.00 0.00 0.00 0
15905 0.00 0.00 0.00 0
15906 0.00 0.00 0.00 0
15907 0.00 0.00 0.00 0
15908 0.00 0.00 0.00 0
15909 0.00 0.00 0.00 0
15910 0.00 0.00 0.00 0
15911 0.00 0.00 0.00 0
15912 0.00 0.00 0.00 0
15913 0.00 0.00 0.00 0
15914 0.00 0.00 0.00 0
15915 0.00 0.00 0.00 0
15916 0.00 0.00 0.00 0
15917 0.00 0.00 0.00 0
15918 0.00 0.00 0.00 0
15919 0.00 0.00 0.00 0
15920 0.00 0.00 0.00 0
15921 0.00 0.00 0.00 0
15922 0.00 0.00 0.00 0
15923 0.00 0.00 0.00 0
15924 0.00 0.00 0.00 0
15925 0.00 0.00 0.00 0
15926 0.00 0.00 0.00 0
15927 0.00 0.00 0.00 0
15928 0.00 0.00 0.00 0
15929 0.00 0.00 0.00 0
15948 0.00 0.00 0.00 0
15949 0.00 0.00 0.00 0
15950 0.00 0.00 0.00 0
15951 0.00 0.00 0.00 0
16586 0.00 0.00 0.00 0
16588 0.00 0.00 0.00 0
16589 0.00 0.00 0.00 0
16590 0.00 0.00 0.00 0
16591 0.00 0.00 0.00 0
16592 0.00 0.00 0.00 0
16593 0.00 0.00 0.00 0
16594 0.00 0.00 0.00 0
16595 0.00 0.00 0.00 0
16596 0.00 0.00 0.00 0
16597 0.00 0.00 0.00 0
16598 0.00 0.00 0.00 0
16599 0.00 0.00 0.00 0
16600 0.00 0.00 0.00 0
16601 0.00 0.00 0.00 0
16602 0.00 0.00 0.00 0
16603 0.00 0.00 0.00 0
16604 0.00 0.00 0.00 0
16605 0.00 0.00 0.00 0
16606 0.00 0.00 0.00 0
16607 0.00 0.00 0.00 0
16608 0.00 0.00 0.00 0
16609 0.00 0.00 0.00 0
16610 0.00 0.00 0.00 0
16611 0.00 0.00 0.00 0
16612 0.00 0.00 0.00 0
16613 0.00 0.00 0.00 0
16614 0.00 0.00 0.00 0
16676 0.00 0.00 0.00 0
16677 0.00 0.00 0.00 0
16678 0.00 0.00 0.00 0
16686 0.00 0.00 0.00 0
16687 0.00 0.00 0.00 0
16688 0.00 0.00 0.00 0
16689 0.00 0.00 0.00 0
16690 0.00 0.00 0.00 0
16691 0.00 0.00 0.00 0
16692 0.00 0.00 0.00 0
16693 0.00 0.00 0.00 0
16694 0.00 0.00 0.00 0
17733 0.00 0.00 0.00 0
17734 0.00 0.00 0.00 0
17735 0.00 0.00 0.00 0
17737 0.00 0.00 0.00 0
17808 0.00 0.00 0.00 0
17809 0.00 0.00 0.00 0
17867 0.00 0.00 0.00 0
17868 0.00 0.00 0.00 0
17869 0.00 0.00 0.00 0
17870 0.00 0.00 0.00 0
17871 0.00 0.00 0.00 0
17872 0.00 0.00 0.00 0
17873 0.00 0.00 0.00 0
17874 0.00 0.00 0.00 0
17875 0.00 0.00 0.00 0
17876 0.00 0.00 0.00 0
17877 0.00 0.00 0.00 0
17878 0.00 0.00 0.00 0
17879 0.00 0.00 0.00 0
17880 0.00 0.00 0.00 0
17881 0.00 0.00 0.00 0
17882 0.00 0.00 0.00 0
17883 0.00 0.00 0.00 0
17884 0.00 0.00 0.00 0
17962 0.00 0.00 0.00 0
17963 0.00 0.00 0.00 0
17964 0.00 0.00 0.00 0
17965 0.00 0.00 0.00 0
17966 0.00 0.00 0.00 0
17967 0.00 0.00 0.00 0
17968 0.00 0.00 0.00 0
17969 0.00 0.00 0.00 0
17970 0.00 0.00 0.00 0
17971 0.00 0.00 0.00 0
17972 0.00 0.00 0.00 0
17974 0.00 0.00 0.00 0
19894 0.00 0.00 0.00 0
19895 0.00 0.00 0.00 0
19946 0.00 0.00 0.00 0
19950 0.00 0.00 0.00 0
19951 0.00 0.00 0.00 0
19952 0.00 0.00 0.00 0
19953 0.00 0.00 0.00 0
19954 0.00 0.00 0.00 0
19955 0.00 0.00 0.00 0
19956 0.00 0.00 0.00 0
19957 0.00 0.00 0.00 0
19958 0.00 0.00 0.00 0
19959 0.00 0.00 0.00 0
19960 0.00 0.00 0.00 0
19961 0.00 0.00 0.00 0
19962 0.00 0.00 0.00 0
19963 0.00 0.00 0.00 0
19964 0.00 0.00 0.00 0
19965 0.00 0.00 0.00 0
19967 0.00 0.00 0.00 0
19968 0.00 0.00 0.00 0
19969 0.00 0.00 0.00 0
19970 0.00 0.00 0.00 0
19971 0.00 0.00 0.00 0
19972 0.00 0.00 0.00 0
19973 0.00 0.00 0.00 0
19974 0.00 0.00 0.00 0
19975 0.00 0.00 0.00 0
19976 0.00 0.00 0.00 0
19977 0.00 0.00 0.00 0
19978 0.00 0.00 0.00 0
19979 0.00 0.00 0.00 0
19980 0.00 0.00 0.00 0
19981 0.00 0.00 0.00 0
19982 0.00 0.00 0.00 0
23047 0.00 0.00 0.00 0
23048 0.00 0.00 0.00 0
23051 0.00 0.00 0.00 0
23052 0.00 0.00 0.00 0
23053 0.00 0.00 0.00 0
23054 0.00 0.00 0.00 0
23058 0.00 0.00 0.00 0
23189 0.00 0.00 0.00 0
23190 0.00 0.00 0.00 0
23191 0.00 0.00 0.00 0
23416 0.00 0.00 0.00 0
23419 0.00 0.00 0.00 0
23434 0.00 0.00 0.00 0
23435 0.00 0.00 0.00 0
23436 0.00 0.00 0.00 0
23437 0.00 0.00 0.00 0
23438 0.00 0.00 0.00 0
23439 0.00 0.00 0.00 0
23440 0.00 0.00 0.00 0
23441 0.00 0.00 0.00 0
23442 0.00 0.00 0.00 0
23443 0.00 0.00 0.00 0
23444 0.00 0.00 0.00 0
23445 0.00 0.00 0.00 0
23446 0.00 0.00 0.00 0
23459 0.00 0.00 0.00 0
23460 0.00 0.00 0.00 0
23461 0.00 0.00 0.00 0
23462 0.00 0.00 0.00 0
23463 0.00 0.00 0.00 0
23464 0.00 0.00 0.00 0
23465 0.00 0.00 0.00 0
23466 0.00 0.00 0.00 0
23851 0.00 0.00 0.00 0
23904 0.00 0.00 0.00 0
23905 0.00 0.00 0.00 0
23906 0.00 0.00 0.00 0
23907 0.00 0.00 0.00 0
23908 0.00 0.00 0.00 0
23910 0.00 0.00 0.00 0
23911 0.00 0.00 0.00 0
23912 0.00 0.00 0.00 0
24496 0.00 0.00 0.00 0
24497 0.00 0.00 0.00 0
24498 0.00 0.00 0.00 0
24499 0.00 0.00 0.00 0
24509 0.00 0.00 0.00 0
24510 0.00 0.00 0.00 0
24511 0.00 0.00 0.00 0
24512 0.00 0.00 0.00 0
24513 0.00 0.00 0.00 0
24514 0.00 0.00 0.00 0
24515 0.00 0.00 0.00 0
24516 0.00 0.00 0.00 0
24517 0.00 0.00 0.00 0
24518 0.00 0.00 0.00 0
24519 0.00 0.00 0.00 0
24520 0.00 0.00 0.00 0
24521 0.00 0.00 0.00 0
24522 0.00 0.00 0.00 0
24523 0.00 0.00 0.00 0
24524 0.00 0.00 0.00 0
24525 0.00 0.00 0.00 0
24526 0.00 0.00 0.00 0
24527 0.00 0.00 0.00 0
24528 0.00 0.00 0.00 0
24529 0.00 0.00 0.00 0
24530 0.00 0.00 0.00 0
24531 0.00 0.00 0.00 0
24532 0.00 0.00 0.00 0
24533 0.00 0.00 0.00 0
24534 0.00 0.00 0.00 0
24546 0.00 0.00 0.00 0
24929 0.00 0.00 0.00 0
24930 0.00 0.00 0.00 0
24931 0.00 0.00 0.00 0
24932 0.00 0.00 0.00 0
24933 0.00 0.00 0.00 0
24934 0.00 0.00 0.00 0
24935 0.00 0.00 0.00 0
24936 0.00 0.00 0.00 0
24937 0.00 0.00 0.00 0
24938 0.00 0.00 0.00 0
24939 0.00 0.00 0.00 0
24940 0.00 0.00 0.00 0
24941 0.00 0.00 0.00 0
24942 0.00 0.00 0.00 0
24943 0.00 0.00 0.00 0
24989 0.00 0.00 0.00 0
24991 0.00 0.00 0.00 0
24992 0.00 0.00 0.00 0
25662 0.00 0.00 0.00 0
25697 0.00 0.00 0.00 0
25698 0.00 0.00 0.00 0
25699 0.00 0.00 0.00 0
25700 0.00 0.00 0.00 0
25701 0.00 0.00 0.00 0
25702 0.00 0.00 0.00 0
25703 0.00 0.00 0.00 0
25704 0.00 0.00 0.00 0
25705 0.00 0.00 0.00 0
25706 0.00 0.00 0.00 0
25707 0.00 0.00 0.00 0
25754 0.00 0.00 0.00 0
25755 0.00 0.00 0.00 0
25756 0.00 0.00 0.00 0
25757 0.00 0.00 0.00 0
25758 0.00 0.00 0.00 0
25759 0.00 0.00 0.00 0
25760 0.00 0.00 0.00 0
25761 0.00 0.00 0.00 0
26911 0.00 0.00 0.00 0
26944 0.00 0.00 0.00 0
26945 0.00 0.00 0.00 0
26946 0.00 0.00 0.00 0
26947 0.00 0.00 0.00 0
26948 0.00 0.00 0.00 0
26949 0.00 0.00 0.00 0
26950 0.00 0.00 0.00 0
26951 0.00 0.00 0.00 0
26952 0.00 0.00 0.00 0
26953 0.00 0.00 0.00 0
26954 0.00 0.00 0.00 0
26955 0.00 0.00 0.00 0
26957 0.00 0.00 0.00 0
26959 0.00 0.00 0.00 0
26960 0.00 0.00 0.00 0
26961 0.00 0.00 0.00 0
26962 0.00 0.00 0.00 0
26963 0.00 0.00 0.00 0
26964 0.00 0.00 0.00 0
28813 0.00 0.00 0.00 0
28814 0.00 0.00 0.00 0
28815 0.00 0.00 0.00 0
28816 0.00 0.00 0.00 0
28817 0.00 0.00 0.00 0
28823 0.00 0.00 0.00 0
28824 0.00 0.00 0.00 0
28825 0.00 0.00 0.00 0
28826 0.00 0.00 0.00 0
28827 0.00 0.00 0.00 0
28828 0.00 0.00 0.00 0
28829 0.00 0.00 0.00 0
28830 0.00 0.00 0.00 0
28831 0.00 0.00 0.00 0
28832 0.00 0.00 0.00 0
28834 0.00 0.00 0.00 0
28835 0.00 0.00 0.00 0
28836 0.00 0.00 0.00 0
28837 0.00 0.00 0.00 0
28838 0.00 0.00 0.00 0
28839 0.00 0.00 0.00 0
28840 0.00 0.00 0.00 0
28841 0.00 0.00 0.00 0
28842 0.00 0.00 0.00 0
29147 0.00 0.00 0.00 0
29148 0.00 0.00 0.00 0
29149 0.00 0.00 0.00 0
29150 0.00 0.00 0.00 0
29151 0.00 0.00 0.00 0
29152 0.00 0.00 0.00 0
29153 0.00 0.00 0.00 0
29154 0.00 0.00 0.00 0
29155 0.00 0.00 0.00 0
29156 0.00 0.00 0.00 0
29157 0.00 0.00 0.00 0
29158 0.00 0.00 0.00 0
29159 0.00 0.00 0.00 0
29160 0.00 0.00 0.00 0
29716 0.00 0.00 0.00 0
29717 0.00 0.00 0.00 0
29718 0.00 0.00 0.00 0
29719 0.00 0.00 0.00 0
29720 0.00 0.00 0.00 0
29721 0.00 0.00 0.00 0
29722 0.00 0.00 0.00 0
29723 0.00 0.00 0.00 0
29724 0.00 0.00 0.00 0
29725 0.00 0.00 0.00 0
29726 0.00 0.00 0.00 0
29727 0.00 0.00 0.00 0
29728 0.00 0.00 0.00 0
29729 0.00 0.00 0.00 0
29731 0.00 0.00 0.00 0
29736 0.00 0.00 0.00 0
29738 0.00 0.00 0.00 0
29739 0.00 0.00 0.00 0
29740 0.00 0.00 0.00 0
29741 0.00 0.00 0.00 0
29742 0.00 0.00 0.00 0
29745 0.00 0.00 0.00 0
29746 0.00 0.00 0.00 0
29747 0.00 0.00 0.00 0
29748 0.00 0.00 0.00 0
29749 0.00 0.00 0.00 0
29750 0.00 0.00 0.00 0
29751 0.00 0.00 0.00 0
29754 0.00 0.00 0.00 0
29788 0.00 0.00 0.00 0
29789 0.00 0.00 0.00 0
29790 0.00 0.00 0.00 0
29791 0.00 0.00 0.00 0
29792 0.00 0.00 0.00 0
29793 0.00 0.00 0.00 0
29794 0.00 0.00 0.00 0
29795 0.00 0.00 0.00 0
29796 0.00 0.00 0.00 0
30691 0.00 0.00 0.00 0
30692 0.00 0.00 0.00 0
30693 0.00 0.00 0.00 0
30720 0.00 0.00 0.00 0
30721 0.00 0.00 0.00 0
30723 0.00 0.00 0.00 0
30816 0.00 0.00 0.00 0
30818 0.00 0.00 0.00 0
32191 0.00 0.00 0.00 0
32192 0.00 0.00 0.00 0
32193 0.00 0.00 0.00 0
32194 0.00 0.00 0.00 0
32195 0.00 0.00 0.00 0
32196 0.00 0.00 0.00 0
32202 0.00 0.00 0.00 0
32224 0.00 0.00 0.00 0
32228 0.00 0.00 0.00 0
32229 0.00 0.00 0.00 0
32230 0.00 0.00 0.00 0
32231 0.00 0.00 0.00 0
32232 0.00 0.00 0.00 0
32233 0.00 0.00 0.00 0
32234 0.00 0.00 0.00 0
32235 0.00 0.00 0.00 0
32236 0.00 0.00 0.00 0
32237 0.00 0.00 0.00 0
32238 0.00 0.00 0.00 0
32239 0.00 0.00 0.00 0
32240 0.00 0.00 0.00 0
32241 0.00 0.00 0.00 0
32242 0.00 0.00 0.00 0
32243 0.00 0.00 0.00 0
32244 0.00 0.00 0.00 0
32245 0.00 0.00 0.00 0
32246 0.00 0.00 0.00 0
32247 0.00 0.00 0.00 0
32248 0.00 0.00 0.00 0
32249 0.00 0.00 0.00 0
32250 0.00 0.00 0.00 0
32251 0.00 0.00 0.00 0
32252 0.00 0.00 0.00 0
32253 0.00 0.00 0.00 0
32254 0.00 0.00 0.00 0
32255 0.00 0.00 0.00 0
32256 0.00 0.00 0.00 0
32257 0.00 0.00 0.00 0
32258 0.00 0.00 0.00 0
32259 0.00 0.00 0.00 0
32260 0.00 0.00 0.00 0
32261 0.00 0.00 0.00 0
32262 0.00 0.00 0.00 0
32263 0.00 0.00 0.00 0
32264 0.00 0.00 0.00 0
32265 0.00 0.00 0.00 0
32266 0.00 0.00 0.00 0
32267 0.00 0.00 0.00 0
32268 0.00 0.00 0.00 0
32269 0.00 0.00 0.00 0
32270 0.00 0.00 0.00 0
32271 0.00 0.00 0.00 0
32272 0.00 0.00 0.00 0
32299 0.00 0.00 0.00 0
32300 0.00 0.00 0.00 0
32301 0.00 0.00 0.00 0
33108 0.00 0.00 0.00 0
33109 0.00 0.00 0.00 0
33110 0.00 0.00 0.00 0
33111 0.00 0.00 0.00 0
33112 0.00 0.00 0.00 0
33113 0.00 0.00 0.00 0
33114 0.00 0.00 0.00 0
33115 0.00 0.00 0.00 0
33116 0.00 0.00 0.00 0
33117 0.00 0.00 0.00 0
33118 0.00 0.00 0.00 0
33119 0.00 0.00 0.00 0
33120 0.00 0.00 0.00 0
33121 0.00 0.00 0.00 0
33122 0.00 0.00 0.00 0
33123 0.00 0.00 0.00 0
33124 0.00 0.00 0.00 0
33125 0.00 0.00 0.00 0
33126 0.00 0.00 0.00 0
33127 0.00 0.00 0.00 0
33128 0.00 0.00 0.00 0
33129 0.00 0.00 0.00 0
33130 0.00 0.00 0.00 0
33131 0.00 0.00 0.00 0
33132 0.00 0.00 0.00 0
33133 0.00 0.00 0.00 0
33134 0.00 0.00 0.00 0
33135 0.00 0.00 0.00 0
33136 0.00 0.00 0.00 0
33137 0.00 0.00 0.00 0
33138 0.00 0.00 0.00 0
33139 0.00 0.00 0.00 0
33140 0.00 0.00 0.00 0
33141 0.00 0.00 0.00 0
33142 0.00 0.00 0.00 0
33145 0.00 0.00 0.00 0
33146 0.00 0.00 0.00 0
33147 0.00 0.00 0.00 0
33148 0.00 0.00 0.00 0
33219 0.00 0.00 0.00 0
33220 0.00 0.00 0.00 0
33223 0.00 0.00 0.00 0
33224 0.00 0.00 0.00 0
33232 0.00 0.00 0.00 0
33233 0.00 0.00 0.00 0
33234 0.00 0.00 0.00 0
33235 0.00 0.00 0.00 0
33236 0.00 0.00 0.00 0
33237 0.00 0.00 0.00 0
33238 0.00 0.00 0.00 0
33239 0.00 0.00 0.00 0
33240 0.00 0.00 0.00 0
33241 0.00 0.00 0.00 0
33242 0.00 0.00 0.00 0
34554 0.00 0.00 0.00 0
34557 0.00 0.00 0.00 0
34558 0.00 0.00 0.00 0
34559 0.00 0.00 0.00 0
34645 0.00 0.00 0.00 0
34718 0.00 0.00 0.00 0
34719 0.00 0.00 0.00 0
34720 0.00 0.00 0.00 0
34721 0.00 0.00 0.00 0
34722 0.00 0.00 0.00 0
34723 0.00 0.00 0.00 0
34724 0.00 0.00 0.00 0
34725 0.00 0.00 0.00 0
34726 0.00 0.00 0.00 0
34727 0.00 0.00 0.00 0
34728 0.00 0.00 0.00 0
34729 0.00 0.00 0.00 0
34730 0.00 0.00 0.00 0
34731 0.00 0.00 0.00 0
34732 0.00 0.00 0.00 0
34733 0.00 0.00 0.00 0
34734 0.00 0.00 0.00 0
34735 0.00 0.00 0.00 0
34736 0.00 0.00 0.00 0
34737 0.00 0.00 0.00 0
34738 0.00 0.00 0.00 0
34739 0.00 0.00 0.00 0
34740 0.00 0.00 0.00 0
34834 0.00 0.00 0.00 0
34835 0.00 0.00 0.00 0
34836 0.00 0.00 0.00 0
34837 0.00 0.00 0.00 0
34838 0.00 0.00 0.00 0
34839 0.00 0.00 0.00 0
34840 0.00 0.00 0.00 0
34841 0.00 0.00 0.00 0
34842 0.00 0.00 0.00 0
34843 0.00 0.00 0.00 0
34844 0.00 0.00 0.00 0
34845 0.00 0.00 0.00 0
34846 0.00 0.00 0.00 0
34847 0.00 0.00 0.00 0
34848 0.00 0.00 0.00 0
34849 0.00 0.00 0.00 0
37186 0.00 0.00 0.00 0
37250 0.00 0.00 0.00 0
37251 0.00 0.00 0.00 0
37252 0.00 0.00 0.00 0
37253 0.00 0.00 0.00 0
37254 0.00 0.00 0.00 0
37255 0.00 0.00 0.00 0
37256 0.00 0.00 0.00 0
37257 0.00 0.00 0.00 0
37258 0.00 0.00 0.00 0
37259 0.00 0.00 0.00 0
37260 0.00 0.00 0.00 0
37261 0.00 0.00 0.00 0
37262 0.00 0.00 0.00 0
37263 0.00 0.00 0.00 0
37264 0.00 0.00 0.00 0
37265 0.00 0.00 0.00 0
37266 0.00 0.00 0.00 0
37267 0.00 0.00 0.00 0
37268 0.00 0.00 0.00 0
37269 0.00 0.00 0.00 0
37270 0.00 0.00 0.00 0
37271 0.00 0.00 0.00 0
37272 0.00 0.00 0.00 0
37273 0.00 0.00 0.00 0
37274 0.00 0.00 0.00 0
37275 0.00 0.00 0.00 0
37276 0.00 0.00 0.00 0
37277 0.00 0.00 0.00 0
37278 0.00 0.00 0.00 0
37279 0.00 0.00 0.00 0
37280 0.00 0.00 0.00 0
37281 0.00 0.00 0.00 0
37282 0.00 0.00 0.00 0
37283 0.00 0.00 0.00 0
37284 0.00 0.00 0.00 0
37285 0.00 0.00 0.00 0
37286 0.00 0.00 0.00 0
37287 0.00 0.00 0.00 0
41170 0.00 0.00 0.00 0
41171 0.00 0.00 0.00 0
41172 0.00 0.00 0.00 0
41180 0.00 0.00 0.00 0
41181 0.00 0.00 0.00 0
41182 0.00 0.00 0.00 0
41183 0.00 0.00 0.00 0
41184 0.00 0.00 0.00 0
41185 0.00 0.00 0.00 0
41186 0.00 0.00 0.00 0
41193 0.00 0.00 0.00 0
41194 0.00 0.00 0.00 0
41195 0.00 0.00 0.00 0
41196 0.00 0.00 0.00 0
41417 0.00 0.00 0.00 0
41440 0.00 0.00 0.00 0
41441 0.00 0.00 0.00 0
41442 0.00 0.00 0.00 0
41443 0.00 0.00 0.00 0
41444 0.00 0.00 0.00 0
41770 0.00 0.00 0.00 0
41771 0.00 0.00 0.00 0
41772 0.00 0.00 0.00 0
41777 0.00 0.00 0.00 0
41778 0.00 0.00 0.00 0
41779 0.00 0.00 0.00 0
41780 0.00 0.00 0.00 0
41781 0.00 0.00 0.00 0
41782 0.00 0.00 0.00 0
41783 0.00 0.00 0.00 0
41787 0.00 0.00 0.00 0
41788 0.00 0.00 0.00 0
41789 0.00 0.00 0.00 0
41790 0.00 0.00 0.00 0
42008 0.00 0.00 0.00 0
42009 0.00 0.00 0.00 0
42010 0.00 0.00 0.00 0
42011 0.00 0.00 0.00 0
42012 0.00 0.00 0.00 0
42013 0.00 0.00 0.00 0
42014 0.00 0.00 0.00 0
42015 0.00 0.00 0.00 0
42016 0.00 0.00 0.00 0
42017 0.00 0.00 0.00 0
42415 0.00 0.00 0.00 0
42417 0.00 0.00 0.00 0
42429 0.00 0.00 0.00 0
42432 0.00 0.00 0.00 0
42436 0.00 0.00 0.00 0
42437 0.00 0.00 0.00 0
42438 0.00 0.00 0.00 0
42439 0.00 0.00 0.00 0
42468 0.00 0.00 0.00 0
42469 0.00 0.00 0.00 0
42470 0.00 0.00 0.00 0
42471 0.00 0.00 0.00 0
43111 0.00 0.00 0.00 0
43112 0.00 0.00 0.00 0
43113 0.00 0.00 0.00 0
43128 0.00 0.00 0.00 0
43129 0.00 0.00 0.00 0
43130 0.00 0.00 0.00 0
43131 0.00 0.00 0.00 0
43132 0.00 0.00 0.00 0
43133 0.00 0.00 0.00 0
43134 0.00 0.00 0.00 0
43135 0.00 0.00 0.00 0
43200 0.00 0.00 0.00 0
44170 0.00 0.00 0.00 0
44171 0.00 0.00 0.00 0
44172 0.00 0.00 0.00 0
44177 0.00 0.00 0.00 0
44178 0.00 0.00 0.00 0
44179 0.00 0.00 0.00 0
44180 0.00 0.00 0.00 0
44181 0.00 0.00 0.00 0
44182 0.00 0.00 0.00 0
44183 0.00 0.00 0.00 0
44187 0.00 0.00 0.00 0
44188 0.00 0.00 0.00 0
44189 0.00 0.00 0.00 0
44190 0.00 0.00 0.00 0
44408 0.00 0.00 0.00 0
44409 0.00 0.00 0.00 0
44410 0.00 0.00 0.00 0
44411 0.00 0.00 0.00 0
44412 0.00 0.00 0.00 0
44413 0.00 0.00 0.00 0
44414 0.00 0.00 0.00 0
44415 0.00 0.00 0.00 0
44416 0.00 0.00 0.00 0
44792 0.00 0.00 0.00 0
44815 0.00 0.00 0.00 0
44816 0.00 0.00 0.00 0
44817 0.00 0.00 0.00 0
44818 0.00 0.00 0.00 0
44819 0.00 0.00 0.00 0
44820 0.00 0.00 0.00 0
44821 0.00 0.00 0.00 0
44822 0.00 0.00 0.00 0
44823 0.00 0.00 0.00 0
44824 0.00 0.00 0.00 0
44825 0.00 0.00 0.00 0
44826 0.00 0.00 0.00 0
44829 0.00 0.00 0.00 0
44830 0.00 0.00 0.00 0
44831 0.00 0.00 0.00 0
44832 0.00 0.00 0.00 0
44833 0.00 0.00 0.00 0
44834 0.00 0.00 0.00 0
44835 0.00 0.00 0.00 0
44836 0.00 0.00 0.00 0
44837 0.00 0.00 0.00 0
44838 0.00 0.00 0.00 0
44839 0.00 0.00 0.00 0
44861 0.00 0.00 0.00 0
44862 0.00 0.00 0.00 0
44863 0.00 0.00 0.00 0
44864 0.00 0.00 0.00 0
44865 0.00 0.00 0.00 0
44866 0.00 0.00 0.00 0
44867 0.00 0.00 0.00 0
44868 0.00 0.00 0.00 0
44869 0.00 0.00 0.00 0
44870 0.00 0.00 0.00 0
44871 0.00 0.00 0.00 0
45511 0.00 0.00 0.00 0
45512 0.00 0.00 0.00 0
45513 0.00 0.00 0.00 0
45531 0.00 0.00 0.00 0
45532 0.00 0.00 0.00 0
45600 0.00 0.00 0.00 0
45601 0.00 0.00 0.00 0
45602 0.00 0.00 0.00 0
46585 0.00 0.00 0.00 0
46586 0.00 0.00 0.00 0
46587 0.00 0.00 0.00 0
46607 0.00 0.00 0.00 0
46609 0.00 0.00 0.00 0
46610 0.00 0.00 0.00 0
46611 0.00 0.00 0.00 0
46612 0.00 0.00 0.00 0
46613 0.00 0.00 0.00 0
46614 0.00 0.00 0.00 0
46615 0.00 0.00 0.00 0
46616 0.00 0.00 0.00 0
46617 0.00 0.00 0.00 0
46618 0.00 0.00 0.00 0
46619 0.00 0.00 0.00 0
46620 0.00 0.00 0.00 0
46621 0.00 0.00 0.00 0
46622 0.00 0.00 0.00 0
46623 0.00 0.00 0.00 0
46624 0.00 0.00 0.00 0
46625 0.00 0.00 0.00 0
46626 0.00 0.00 0.00 0
46627 0.00 0.00 0.00 0
46628 0.00 0.00 0.00 0
46629 0.00 0.00 0.00 0
46630 0.00 0.00 0.00 0
46631 0.00 0.00 0.00 0
46632 0.00 0.00 0.00 0
46633 0.00 0.00 0.00 0
46634 0.00 0.00 0.00 0
46635 0.00 0.00 0.00 0
46636 0.00 0.00 0.00 0
46637 0.00 0.00 0.00 0
46638 0.00 0.00 0.00 0
46639 0.00 0.00 0.00 0
46640 0.00 0.00 0.00 0
46641 0.00 0.00 0.00 0
46642 0.00 0.00 0.00 0
46643 0.00 0.00 0.00 0
46644 0.00 0.00 0.00 0
46645 0.00 0.00 0.00 0
46646 0.00 0.00 0.00 0
46647 0.00 0.00 0.00 0
46648 0.00 0.00 0.00 0
46649 0.00 0.00 0.00 0
46650 0.00 0.00 0.00 0
46668 0.00 0.00 0.00 0
46669 0.00 0.00 0.00 0
46670 0.00 0.00 0.00 0
46671 0.00 0.00 0.00 0
47306 0.00 0.00 0.00 0
47307 0.00 0.00 0.00 0
47308 0.00 0.00 0.00 0
47309 0.00 0.00 0.00 0
47310 0.00 0.00 0.00 0
47311 0.00 0.00 0.00 0
47312 0.00 0.00 0.00 0
47313 0.00 0.00 0.00 0
47314 0.00 0.00 0.00 0
47315 0.00 0.00 0.00 0
47316 0.00 0.00 0.00 0
47317 0.00 0.00 0.00 0
47318 0.00 0.00 0.00 0
47319 0.00 0.00 0.00 0
47320 0.00 0.00 0.00 0
47321 0.00 0.00 0.00 0
47322 0.00 0.00 0.00 0
47323 0.00 0.00 0.00 0
47324 0.00 0.00 0.00 0
47325 0.00 0.00 0.00 0
47326 0.00 0.00 0.00 0
47327 0.00 0.00 0.00 0
47328 0.00 0.00 0.00 0
47329 0.00 0.00 0.00 0
47330 0.00 0.00 0.00 0
47331 0.00 0.00 0.00 0
47332 0.00 0.00 0.00 0
47398 0.00 0.00 0.00 0
47405 0.00 0.00 0.00 0
47406 0.00 0.00 0.00 0
47407 0.00 0.00 0.00 0
47408 0.00 0.00 0.00 0
47409 0.00 0.00 0.00 0
47410 0.00 0.00 0.00 0
47411 0.00 0.00 0.00 0
47412 0.00 0.00 0.00 0
47413 0.00 0.00 0.00 0
47414 0.00 0.00 0.00 0
48453 0.00 0.00 0.00 0
48454 0.00 0.00 0.00 0
48455 0.00 0.00 0.00 0
48528 0.00 0.00 0.00 0
48529 0.00 0.00 0.00 0
48530 0.00 0.00 0.00 0
48587 0.00 0.00 0.00 0
48588 0.00 0.00 0.00 0
48589 0.00 0.00 0.00 0
48590 0.00 0.00 0.00 0
48591 0.00 0.00 0.00 0
48592 0.00 0.00 0.00 0
48593 0.00 0.00 0.00 0
48594 0.00 0.00 0.00 0
48595 0.00 0.00 0.00 0
48596 0.00 0.00 0.00 0
48597 0.00 0.00 0.00 0
48598 0.00 0.00 0.00 0
48599 0.00 0.00 0.00 0
48600 0.00 0.00 0.00 0
48601 0.00 0.00 0.00 0
48602 0.00 0.00 0.00 0
48603 0.00 0.00 0.00 0
48604 0.00 0.00 0.00 0
48681 0.00 0.00 0.00 0
48682 0.00 0.00 0.00 0
48683 0.00 0.00 0.00 0
48684 0.00 0.00 0.00 0
48685 0.00 0.00 0.00 0
48686 0.00 0.00 0.00 0
48687 0.00 0.00 0.00 0
48688 0.00 0.00 0.00 0
48689 0.00 0.00 0.00 0
48690 0.00 0.00 0.00 0
48691 0.00 0.00 0.00 0
48692 0.00 0.00 0.00 0
50666 0.00 0.00 0.00 0
50667 0.00 0.00 0.00 0
50668 0.00 0.00 0.00 0
50669 0.00 0.00 0.00 0
50670 0.00 0.00 0.00 0
50671 0.00 0.00 0.00 0
50672 0.00 0.00 0.00 0
50673 0.00 0.00 0.00 0
50674 0.00 0.00 0.00 0
50675 0.00 0.00 0.00 0
50676 0.00 0.00 0.00 0
50677 0.00 0.00 0.00 0
50678 0.00 0.00 0.00 0
50679 0.00 0.00 0.00 0
50680 0.00 0.00 0.00 0
50681 0.00 0.00 0.00 0
50682 0.00 0.00 0.00 0
50683 0.00 0.00 0.00 0
50684 0.00 0.00 0.00 0
50685 0.00 0.00 0.00 0
50687 0.00 0.00 0.00 0
50689 0.00 0.00 0.00 0
50690 0.00 0.00 0.00 0
50691 0.00 0.00 0.00 0
50692 0.00 0.00 0.00 0
50693 0.00 0.00 0.00 0
50694 0.00 0.00 0.00 0
50695 0.00 0.00 0.00 0
50696 0.00 0.00 0.00 0
50697 0.00 0.00 0.00 0
50698 0.00 0.00 0.00 0
50699 0.00 0.00 0.00 0
50700 0.00 0.00 0.00 0
50701 0.00 0.00 0.00 0
50702 0.00 0.00 0.00 0
53770 0.00 0.00 0.00 0
53771 0.00 0.00 0.00 0
53777 0.00 0.00 0.00 0
53778 0.00 0.00 0.00 0
53779 0.00 0.00 0.00 0
53780 0.00 0.00 0.00 0
53781 0.00 0.00 0.00 0
53782 0.00 0.00 0.00 0
53783 0.00 0.00 0.00 0
53787 0.00 0.00 0.00 0
53788 0.00 0.00 0.00 0
53789 0.00 0.00 0.00 0
53790 0.00 0.00 0.00 0
54008 0.00 0.00 0.00 0
54009 0.00 0.00 0.00 0
54385 0.00 0.00 0.00 0
54388 0.00 0.00 0.00 0
54389 0.00 0.00 0.00 0
54390 0.00 0.00 0.00 0
54415 0.00 0.00 0.00 0
54416 0.00 0.00 0.00 0
54417 0.00 0.00 0.00 0
54418 0.00 0.00 0.00 0
54419 0.00 0.00 0.00 0
54420 0.00 0.00 0.00 0
54421 0.00 0.00 0.00 0
54422 0.00 0.00 0.00 0
54423 0.00 0.00 0.00 0
54424 0.00 0.00 0.00 0
54425 0.00 0.00 0.00 0
54426 0.00 0.00 0.00 0
54427 0.00 0.00 0.00 0
54428 0.00 0.00 0.00 0
54429 0.00 0.00 0.00 0
54430 0.00 0.00 0.00 0
54431 0.00 0.00 0.00 0
54432 0.00 0.00 0.00 0
54433 0.00 0.00 0.00 0
54434 0.00 0.00 0.00 0
54435 0.00 0.00 0.00 0
54436 0.00 0.00 0.00 0
54458 0.00 0.00 0.00 0
54459 0.00 0.00 0.00 0
54460 0.00 0.00 0.00 0
54461 0.00 0.00 0.00 0
54462 0.00 0.00 0.00 0
54463 0.00 0.00 0.00 0
54464 0.00 0.00 0.00 0
54465 0.00 0.00 0.00 0
54466 0.00 0.00 0.00 0
54467 0.00 0.00 0.00 0
54468 0.00 0.00 0.00 0
54469 0.00 0.00 0.00 0
54470 0.00 0.00 0.00 0
54471 0.00 0.00 0.00 0
55111 0.00 0.00 0.00 0
55200 0.00 0.00 0.00 0
55201 0.00 0.00 0.00 0
55202 0.00 0.00 0.00 0
55203 0.00 0.00 0.00 0
55204 0.00 0.00 0.00 0
55205 0.00 0.00 0.00 0
55206 0.00 0.00 0.00 0
55207 0.00 0.00 0.00 0
55208 0.00 0.00 0.00 0
55209 0.00 0.00 0.00 0
55210 0.00 0.00 0.00 0
55211 0.00 0.00 0.00 0
55212 0.00 0.00 0.00 0
55213 0.00 0.00 0.00 0
55214 0.00 0.00 0.00 0
56185 0.00 0.00 0.00 0
56186 0.00 0.00 0.00 0
56187 0.00 0.00 0.00 0
56188 0.00 0.00 0.00 0
56189 0.00 0.00 0.00 0
56190 0.00 0.00 0.00 0
56191 0.00 0.00 0.00 0
56192 0.00 0.00 0.00 0
56207 0.00 0.00 0.00 0
56208 0.00 0.00 0.00 0
56209 0.00 0.00 0.00 0
56210 0.00 0.00 0.00 0
56211 0.00 0.00 0.00 0
56212 0.00 0.00 0.00 0
56213 0.00 0.00 0.00 0
56214 0.00 0.00 0.00 0
56215 0.00 0.00 0.00 0
56216 0.00 0.00 0.00 0
56217 0.00 0.00 0.00 0
56218 0.00 0.00 0.00 0
56219 0.00 0.00 0.00 0
56220 0.00 0.00 0.00 0
56221 0.00 0.00 0.00 0
56222 0.00 0.00 0.00 0
56223 0.00 0.00 0.00 0
56224 0.00 0.00 0.00 0
56225 0.00 0.00 0.00 0
56226 0.00 0.00 0.00 0
56227 0.00 0.00 0.00 0
56228 0.00 0.00 0.00 0
56229 0.00 0.00 0.00 0
56230 0.00 0.00 0.00 0
56231 0.00 0.00 0.00 0
56232 0.00 0.00 0.00 0
56233 0.00 0.00 0.00 0
56234 0.00 0.00 0.00 0
56235 0.00 0.00 0.00 0
56236 0.00 0.00 0.00 0
56237 0.00 0.00 0.00 0
56238 0.00 0.00 0.00 0
56239 0.00 0.00 0.00 0
56240 0.00 0.00 0.00 0
56241 0.00 0.00 0.00 0
56242 0.00 0.00 0.00 0
56243 0.00 0.00 0.00 0
56244 0.00 0.00 0.00 0
56245 0.00 0.00 0.00 0
56246 0.00 0.00 0.00 0
56247 0.00 0.00 0.00 0
56248 0.00 0.00 0.00 0
56249 0.00 0.00 0.00 0
56250 0.00 0.00 0.00 0
56270 0.00 0.00 0.00 0
56271 0.00 0.00 0.00 0
56906 0.00 0.00 0.00 0
56907 0.00 0.00 0.00 0
56908 0.00 0.00 0.00 0
56909 0.00 0.00 0.00 0
56910 0.00 0.00 0.00 0
56911 0.00 0.00 0.00 0
56912 0.00 0.00 0.00 0
56913 0.00 0.00 0.00 0
56914 0.00 0.00 0.00 0
56915 0.00 0.00 0.00 0
56916 0.00 0.00 0.00 0
56917 0.00 0.00 0.00 0
56918 0.00 0.00 0.00 0
56919 0.00 0.00 0.00 0
56920 0.00 0.00 0.00 0
56921 0.00 0.00 0.00 0
56922 0.00 0.00 0.00 0
56923 0.00 0.00 0.00 0
56924 0.00 0.00 0.00 0
56925 0.00 0.00 0.00 0
56926 0.00 0.00 0.00 0
56927 0.00 0.00 0.00 0
56928 0.00 0.00 0.00 0
56929 0.00 0.00 0.00 0
56930 0.00 0.00 0.00 0
56931 0.00 0.00 0.00 0
56932 0.00 0.00 0.00 0
57012 0.00 0.00 0.00 0
57013 0.00 0.00 0.00 0
57014 0.00 0.00 0.00 0
58128 0.00 0.00 0.00 0
58129 0.00 0.00 0.00 0
58187 0.00 0.00 0.00 0
58188 0.00 0.00 0.00 0
58189 0.00 0.00 0.00 0
58190 0.00 0.00 0.00 0
58191 0.00 0.00 0.00 0
58192 0.00 0.00 0.00 0
58193 0.00 0.00 0.00 0
58194 0.00 0.00 0.00 0
58196 0.00 0.00 0.00 0
58199 0.00 0.00 0.00 0
58200 0.00 0.00 0.00 0
58201 0.00 0.00 0.00 0
58202 0.00 0.00 0.00 0
58203 0.00 0.00 0.00 0
58283 0.00 0.00 0.00 0
58284 0.00 0.00 0.00 0
58285 0.00 0.00 0.00 0
58286 0.00 0.00 0.00 0
58287 0.00 0.00 0.00 0
58288 0.00 0.00 0.00 0
58289 0.00 0.00 0.00 0
58290 0.00 0.00 0.00 0
58291 0.00 0.00 0.00 0
58292 0.00 0.00 0.00 0
58293 0.00 0.00 0.00 0
58294 0.00 0.00 0.00 0
58295 0.00 0.00 0.00 0
60211 0.00 0.00 0.00 0
60212 0.00 0.00 0.00 0
60213 0.00 0.00 0.00 0
60214 0.00 0.00 0.00 0
60216 0.00 0.00 0.00 0
60263 0.00 0.00 0.00 0
60265 0.00 0.00 0.00 0
60266 0.00 0.00 0.00 0
60267 0.00 0.00 0.00 0
60268 0.00 0.00 0.00 0
60269 0.00 0.00 0.00 0
60270 0.00 0.00 0.00 0
60271 0.00 0.00 0.00 0
60272 0.00 0.00 0.00 0
60273 0.00 0.00 0.00 0
60274 0.00 0.00 0.00 0
60275 0.00 0.00 0.00 0
60276 0.00 0.00 0.00 0
60277 0.00 0.00 0.00 0
60278 0.00 0.00 0.00 0
60279 0.00 0.00 0.00 0
60280 0.00 0.00 0.00 0
60281 0.00 0.00 0.00 0
60282 0.00 0.00 0.00 0
60283 0.00 0.00 0.00 0
60284 0.00 0.00 0.00 0
60285 0.00 0.00 0.00 0
60291 0.00 0.00 0.00 0
60292 0.00 0.00 0.00 0
60293 0.00 0.00 0.00 0
60294 0.00 0.00 0.00 0
60295 0.00 0.00 0.00 0
60297 0.00 0.00 0.00 0
60298 0.00 0.00 0.00 0
60299 0.00 0.00 0.00 0
60300 0.00 0.00 0.00 0
63385 0.00 0.00 0.00 0
63386 0.00 0.00 0.00 0
63387 0.00 0.00 0.00 0
63388 0.00 0.00 0.00 0
63389 0.00 0.00 0.00 0
63390 0.00 0.00 0.00 0
63391 0.00 0.00 0.00 0
63392 0.00 0.00 0.00 0
63394 0.00 0.00 0.00 0
63407 0.00 0.00 0.00 0
63408 0.00 0.00 0.00 0
63409 0.00 0.00 0.00 0
63410 0.00 0.00 0.00 0
63411 0.00 0.00 0.00 0
63412 0.00 0.00 0.00 0
63413 0.00 0.00 0.00 0
63414 0.00 0.00 0.00 0
63415 0.00 0.00 0.00 0
63416 0.00 0.00 0.00 0
63417 0.00 0.00 0.00 0
63418 0.00 0.00 0.00 0
63419 0.00 0.00 0.00 0
63420 0.00 0.00 0.00 0
63421 0.00 0.00 0.00 0
63422 0.00 0.00 0.00 0
63423 0.00 0.00 0.00 0
63424 0.00 0.00 0.00 0
63425 0.00 0.00 0.00 0
63426 0.00 0.00 0.00 0
63427 0.00 0.00 0.00 0
63428 0.00 0.00 0.00 0
63432 0.00 0.00 0.00 0
63433 0.00 0.00 0.00 0
63434 0.00 0.00 0.00 0
63435 0.00 0.00 0.00 0
63436 0.00 0.00 0.00 0
63437 0.00 0.00 0.00 0
63438 0.00 0.00 0.00 0
63439 0.00 0.00 0.00 0
63440 0.00 0.00 0.00 0
63441 0.00 0.00 0.00 0
63442 0.00 0.00 0.00 0
63443 0.00 0.00 0.00 0
63444 0.00 0.00 0.00 0
63445 0.00 0.00 0.00 0
63446 0.00 0.00 0.00 0
63447 0.00 0.00 0.00 0
63448 0.00 0.00 0.00 0
63449 0.00 0.00 0.00 0
63450 0.00 0.00 0.00 0
64103 0.00 0.00 0.00 0
64104 0.00 0.00 0.00 0
64105 0.00 0.00 0.00 0
64106 0.00 0.00 0.00 0
64107 0.00 0.00 0.00 0
64108 0.00 0.00 0.00 0
64109 0.00 0.00 0.00 0
64110 0.00 0.00 0.00 0
64111 0.00 0.00 0.00 0
64112 0.00 0.00 0.00 0
64113 0.00 0.00 0.00 0
64114 0.00 0.00 0.00 0
64115 0.00 0.00 0.00 0
64116 0.00 0.00 0.00 0
64117 0.00 0.00 0.00 0
64118 0.00 0.00 0.00 0
64119 0.00 0.00 0.00 0
64120 0.00 0.00 0.00 0
64121 0.00 0.00 0.00 0
64122 0.00 0.00 0.00 0
64123 0.00 0.00 0.00 0
64124 0.00 0.00 0.00 0
64125 0.00 0.00 0.00 0
64126 0.00 0.00 0.00 0
64127 0.00 0.00 0.00 0
64129 0.00 0.00 0.00 0
65320 0.00 0.00 0.00 0
65321 0.00 0.00 0.00 0
65322 0.00 0.00 0.00 0
65323 0.00 0.00 0.00 0
65324 0.00 0.00 0.00 0
65325 0.00 0.00 0.00 0
65326 0.00 0.00 0.00 0
65327 0.00 0.00 0.00 0
65328 0.00 0.00 0.00 0
65329 0.00 0.00 0.00 0
65330 0.00 0.00 0.00 0
65331 0.00 0.00 0.00 0
65332 0.00 0.00 0.00 0
65333 0.00 0.00 0.00 0
65334 0.00 0.00 0.00 0
65335 0.00 0.00 0.00 0
65336 0.00 0.00 0.00 0
65337 0.00 0.00 0.00 0
65338 0.00 0.00 0.00 0
65339 0.00 0.00 0.00 0
65340 0.00 0.00 0.00 0
65341 0.00 0.00 0.00 0
65342 0.00 0.00 0.00 0
65343 0.00 0.00 0.00 0
65344 0.00 0.00 0.00 0
65345 0.00 0.00 0.00 0
65346 0.00 0.00 0.00 0
65347 0.00 0.00 0.00 0
65348 0.00 0.00 0.00 0
65349 0.00 0.00 0.00 0
65350 0.00 0.00 0.00 0
65351 0.00 0.00 0.00 0
65352 0.00 0.00 0.00 0
65364 0.00 0.00 0.00 0
65365 0.00 0.00 0.00 0
65366 0.00 0.00 0.00 0
65367 0.00 0.00 0.00 0
65368 0.00 0.00 0.00 0
65369 0.00 0.00 0.00 0
65370 0.00 0.00 0.00 0
65371 0.00 0.00 0.00 0
65372 0.00 0.00 0.00 0
65373 0.00 0.00 0.00 0
65374 0.00 0.00 0.00 0
65375 0.00 0.00 0.00 0
65376 0.00 0.00 0.00 0
65377 0.00 0.00 0.00 0
65378 0.00 0.00 0.00 0
65379 0.00 0.00 0.00 0
65381 0.00 0.00 0.00 0
65382 0.00 0.00 0.00 0
65383 0.00 0.00 0.00 0
65384 0.00 0.00 0.00 0
65385 0.00 0.00 0.00 0
65386 0.00 0.00 0.00 0
65387 0.00 0.00 0.00 0
65388 0.00 0.00 0.00 0
65389 0.00 0.00 0.00 0
65390 0.00 0.00 0.00 0
65391 0.00 0.00 0.00 0
65392 0.00 0.00 0.00 0
65393 0.00 0.00 0.00 0
65394 0.00 0.00 0.00 0
65401 0.00 0.00 0.00 0
65461 0.00 0.00 0.00 0
65462 0.00 0.00 0.00 0
65463 0.00 0.00 0.00 0
65464 0.00 0.00 0.00 0
65465 0.00 0.00 0.00 0
65471 0.00 0.00 0.00 0
65472 0.00 0.00 0.00 0
65473 0.00 0.00 0.00 0
65475 0.00 0.00 0.00 0
65476 0.00 0.00 0.00 0
65477 0.00 0.00 0.00 0
65478 0.00 0.00 0.00 0
65479 0.00 0.00 0.00 0
65480 0.00 0.00 0.00 0
65481 0.00 0.00 0.00 0
65482 0.00 0.00 0.00 0
65483 0.00 0.00 0.00 0
65484 0.00 0.00 0.00 0
65485 0.00 0.00 0.00 0
65486 0.00 0.00 0.00 0
65487 0.00 0.00 0.00 0
65488 0.00 0.00 0.00 0
65489 0.00 0.00 0.00 0
65490 0.00 0.00 0.00 0
65491 0.00 0.00 0.00 0
65492 0.00 0.00 0.00 0
65493 0.00 0.00 0.00 0
65494 0.00 0.00 0.00 0
65495 0.00 0.00 0.00 0
65496 0.00 0.00 0.00 0
67411 0.00 0.00 0.00 0
67412 0.00 0.00 0.00 0
67413 0.00 0.00 0.00 0
67473 0.00 0.00 0.00 0
67474 0.00 0.00 0.00 0
67475 0.00 0.00 0.00 0
67476 0.00 0.00 0.00 0
67477 0.00 0.00 0.00 0
67680 0.00 0.00 0.00 0
67681 0.00 0.00 0.00 0
67682 0.00 0.00 0.00 0
67683 0.00 0.00 0.00 0
67684 0.00 0.00 0.00 0
67688 0.00 0.00 0.00 0
67689 0.00 0.00 0.00 0
67690 0.00 0.00 0.00 0
70630 0.00 0.00 0.00 0
70631 0.00 0.00 0.00 0
70632 0.00 0.00 0.00 0
70633 0.00 0.00 0.00 0
70634 0.00 0.00 0.00 0
70635 0.00 0.00 0.00 0
70636 0.00 0.00 0.00 0
70637 0.00 0.00 0.00 0
70638 0.00 0.00 0.00 0
70639 0.00 0.00 0.00 0
70640 0.00 0.00 0.00 0
70653 0.00 0.00 0.00 0
70654 0.00 0.00 0.00 0
70655 0.00 0.00 0.00 0
70705 0.00 0.00 0.00 0
70706 0.00 0.00 0.00 0
70707 0.00 0.00 0.00 0
70708 0.00 0.00 0.00 0
70709 0.00 0.00 0.00 0
70710 0.00 0.00 0.00 0
70714 0.00 0.00 0.00 0
70715 0.00 0.00 0.00 0
70716 0.00 0.00 0.00 0
70717 0.00 0.00 0.00 0
70718 0.00 0.00 0.00 0
70719 0.00 0.00 0.00 0
70720 0.00 0.00 0.00 0
70721 0.00 0.00 0.00 0
70722 0.00 0.00 0.00 0
70723 0.00 0.00 0.00 0
70724 0.00 0.00 0.00 0
70725 0.00 0.00 0.00 0
70726 0.00 0.00 0.00 0
70727 0.00 0.00 0.00 0
70728 0.00 0.00 0.00 0
70729 0.00 0.00 0.00 0
70730 0.00 0.00 0.00 0
70731 0.00 0.00 0.00 0
70732 0.00 0.00 0.00 0
70733 0.00 0.00 0.00 0
70734 0.00 0.00 0.00 0
70735 0.00 0.00 0.00 0
70736 0.00 0.00 0.00 0
70737 0.00 0.00 0.00 0
70738 0.00 0.00 0.00 0
70739 0.00 0.00 0.00 0
70740 0.00 0.00 0.00 0
70741 0.00 0.00 0.00 0
70742 0.00 0.00 0.00 0
70743 0.00 0.00 0.00 0
70744 0.00 0.00 0.00 0
70745 0.00 0.00 0.00 0
70746 0.00 0.00 0.00 0
70747 0.00 0.00 0.00 0
70748 0.00 0.00 0.00 0
70749 0.00 0.00 0.00 0
70750 0.00 0.00 0.00 0
70751 0.00 0.00 0.00 0
70752 0.00 0.00 0.00 0
70753 0.00 0.00 0.00 0
70754 0.00 0.00 0.00 0
70755 0.00 0.00 0.00 0
70756 0.00 0.00 0.00 0
70757 0.00 0.00 0.00 0
70758 0.00 0.00 0.00 0
70759 0.00 0.00 0.00 0
70760 0.00 0.00 0.00 0
70761 0.00 0.00 0.00 0
70762 0.00 0.00 0.00 0
70763 0.00 0.00 0.00 0
70764 0.00 0.00 0.00 0
70765 0.00 0.00 0.00 0
70766 0.00 0.00 0.00 0
70767 0.00 0.00 0.00 0
70768 0.00 0.00 0.00 0
70769 0.00 0.00 0.00 0
70770 0.00 0.00 0.00 0
70771 0.00 0.00 0.00 0
70772 0.00 0.00 0.00 0
70773 0.00 0.00 0.00 0
70774 0.00 0.00 0.00 0
70775 0.00 0.00 0.00 0
70776 0.00 0.00 0.00 0
70777 0.00 0.00 0.00 0
70778 0.00 0.00 0.00 0
70779 0.00 0.00 0.00 0
70780 0.00 0.00 0.00 0
70781 0.00 0.00 0.00 0
70782 0.00 0.00 0.00 0
70783 0.00 0.00 0.00 0
70784 0.00 0.00 0.00 0
70785 0.00 0.00 0.00 0
70786 0.00 0.00 0.00 0
70787 0.00 0.00 0.00 0
70788 0.00 0.00 0.00 0
70789 0.00 0.00 0.00 0
70790 0.00 0.00 0.00 0
70791 0.00 0.00 0.00 0
70792 0.00 0.00 0.00 0
70793 0.00 0.00 0.00 0
70794 0.00 0.00 0.00 0
70795 0.00 0.00 0.00 0
70796 0.00 0.00 0.00 0
70797 0.00 0.00 0.00 0
70798 0.00 0.00 0.00 0
70799 0.00 0.00 0.00 0
70800 0.00 0.00 0.00 0
70801 0.00 0.00 0.00 0
70802 0.00 0.00 0.00 0
70803 0.00 0.00 0.00 0
70804 0.00 0.00 0.00 0
70805 0.00 0.00 0.00 0
70806 0.00 0.00 0.00 0
70807 0.00 0.00 0.00 0
70808 0.00 0.00 0.00 0
70809 0.00 0.00 0.00 0
70810 0.00 0.00 0.00 0
70811 0.00 0.00 0.00 0
70812 0.00 0.00 0.00 0
70813 0.00 0.00 0.00 0
70814 0.00 0.00 0.00 0
70815 0.00 0.00 0.00 0
70816 0.00 0.00 0.00 0
70817 0.00 0.00 0.00 0
70818 0.00 0.00 0.00 0
70819 0.00 0.00 0.00 0
70820 0.00 0.00 0.00 0
70821 0.00 0.00 0.00 0
70822 0.00 0.00 0.00 0
70823 0.00 0.00 0.00 0
70824 0.00 0.00 0.00 0
70825 0.00 0.00 0.00 0
70826 0.00 0.00 0.00 0
70886 0.00 0.00 0.00 0
70888 0.00 0.00 0.00 0
70890 0.00 0.00 0.00 0
70891 0.00 0.00 0.00 0
70892 0.00 0.00 0.00 0
70893 0.00 0.00 0.00 0
70894 0.00 0.00 0.00 0
70895 0.00 0.00 0.00 0
70896 0.00 0.00 0.00 0
72799 0.00 0.00 0.00 0
72801 0.00 0.00 0.00 0
72803 0.00 0.00 0.00 0
72804 0.00 0.00 0.00 0
72805 0.00 0.00 0.00 0
72806 0.00 0.00 0.00 0
72807 0.00 0.00 0.00 0
72808 0.00 0.00 0.00 0
72809 0.00 0.00 0.00 0
72810 0.00 0.00 0.00 0
72811 0.00 0.00 0.00 0
72812 0.00 0.00 0.00 0
72813 0.00 0.00 0.00 0
72814 0.00 0.00 0.00 0
72815 0.00 0.00 0.00 0
72816 0.00 0.00 0.00 0
72817 0.00 0.00 0.00 0
72818 0.00 0.00 0.00 0
72819 0.00 0.00 0.00 0
72820 0.00 0.00 0.00 0
72821 0.00 0.00 0.00 0
72822 0.00 0.00 0.00 0
72823 0.00 0.00 0.00 0
72824 0.00 0.00 0.00 0
72825 0.00 0.00 0.00 0
72826 0.00 0.00 0.00 0
72827 0.00 0.00 0.00 0
72828 0.00 0.00 0.00 0
72829 0.00 0.00 0.00 0
72830 0.00 0.00 0.00 0
72831 0.00 0.00 0.00 0
72832 0.00 0.00 0.00 0
72833 0.00 0.00 0.00 0
72834 0.00 0.00 0.00 0
72835 0.00 0.00 0.00 0
72836 0.00 0.00 0.00 0
72837 0.00 0.00 0.00 0
72838 0.00 0.00 0.00 0
72839 0.00 0.00 0.00 0
72840 0.00 0.00 0.00 0
72841 0.00 0.00 0.00 0
72842 0.00 0.00 0.00 0
72843 0.00 0.00 0.00 0
72844 0.00 0.00 0.00 0
72845 0.00 0.00 0.00 0
72846 0.00 0.00 0.00 0
72847 0.00 0.00 0.00 0
72848 0.00 0.00 0.00 0
72849 0.00 0.00 0.00 0
72850 0.00 0.00 0.00 0
72851 0.00 0.00 0.00 0
72852 0.00 0.00 0.00 0
72853 0.00 0.00 0.00 0
72854 0.00 0.00 0.00 0
72855 0.00 0.00 0.00 0
72856 0.00 0.00 0.00 0
72857 0.00 0.00 0.00 0
72858 0.00 0.00 0.00 0
72859 0.00 0.00 0.00 0
72860 0.00 0.00 0.00 0
72861 0.00 0.00 0.00 0
72862 0.00 0.00 0.00 0
72863 0.00 0.00 0.00 0
72864 0.00 0.00 0.00 0
72865 0.00 0.00 0.00 0
72866 0.00 0.00 0.00 0
72867 0.00 0.00 0.00 0
72868 0.00 0.00 0.00 0
72869 0.00 0.00 0.00 0
72870 0.00 0.00 0.00 0
72871 0.00 0.00 0.00 0
72872 0.00 0.00 0.00 0
72873 0.00 0.00 0.00 0
72874 0.00 0.00 0.00 0
72875 0.00 0.00 0.00 0
72876 0.00 0.00 0.00 0
72877 0.00 0.00 0.00 0
72878 0.00 0.00 0.00 0
72879 0.00 0.00 0.00 0
72880 0.00 0.00 0.00 0
72881 0.00 0.00 0.00 0
72882 0.00 0.00 0.00 0
72883 0.00 0.00 0.00 0
72884 0.00 0.00 0.00 0
72885 0.00 0.00 0.00 0
72892 0.00 0.00 0.00 0
72893 0.00 0.00 0.00 0
72894 0.00 0.00 0.00 0
72895 0.00 0.00 0.00 0
72897 0.00 0.00 0.00 0
72899 0.00 0.00 0.00 0
73068 0.00 0.00 0.00 0
73069 0.00 0.00 0.00 0
73075 0.00 0.00 0.00 0
73076 0.00 0.00 0.00 0
73077 0.00 0.00 0.00 0
73078 0.00 0.00 0.00 0
73079 0.00 0.00 0.00 0
73098 0.00 0.00 0.00 0
73099 0.00 0.00 0.00 0
73100 0.00 0.00 0.00 0
73101 0.00 0.00 0.00 0
73102 0.00 0.00 0.00 0
73103 0.00 0.00 0.00 0
73104 0.00 0.00 0.00 0
73105 0.00 0.00 0.00 0
73106 0.00 0.00 0.00 0
73107 0.00 0.00 0.00 0
73108 0.00 0.00 0.00 0
73109 0.00 0.00 0.00 0
73110 0.00 0.00 0.00 0
73111 0.00 0.00 0.00 0
73112 0.00 0.00 0.00 0
73113 0.00 0.00 0.00 0
73114 0.00 0.00 0.00 0
73115 0.00 0.00 0.00 0
73116 0.00 0.00 0.00 0
73117 0.00 0.00 0.00 0
73118 0.00 0.00 0.00 0
73119 0.00 0.00 0.00 0
73120 0.00 0.00 0.00 0
73121 0.00 0.00 0.00 0
73122 0.00 0.00 0.00 0
73123 0.00 0.00 0.00 0
73124 0.00 0.00 0.00 0
76233 0.00 0.00 0.00 0
76234 0.00 0.00 0.00 0
76235 0.00 0.00 0.00 0
76240 0.00 0.00 0.00 0
76243 0.00 0.00 0.00 0
76244 0.00 0.00 0.00 0
76245 0.00 0.00 0.00 0
76246 0.00 0.00 0.00 0
76247 0.00 0.00 0.00 0
76248 0.00 0.00 0.00 0
76249 0.00 0.00 0.00 0
76458 0.00 0.00 0.00 0
76459 0.00 0.00 0.00 0
76460 0.00 0.00 0.00 0
76525 0.00 0.00 0.00 0
76526 0.00 0.00 0.00 0
76527 0.00 0.00 0.00 0
76637 0.00 0.00 0.00 0
76638 0.00 0.00 0.00 0
76639 0.00 0.00 0.00 0
76640 0.00 0.00 0.00 0
76641 0.00 0.00 0.00 0
76642 0.00 0.00 0.00 0
76643 0.00 0.00 0.00 0
76644 0.00 0.00 0.00 0
76645 0.00 0.00 0.00 0
76646 0.00 0.00 0.00 0
76647 0.00 0.00 0.00 0
76648 0.00 0.00 0.00 0
76649 0.00 0.00 0.00 0
76650 0.00 0.00 0.00 0
76651 0.00 0.00 0.00 0
76652 0.00 0.00 0.00 0
76653 0.00 0.00 0.00 0
76654 0.00 0.00 0.00 0
76655 0.00 0.00 0.00 0
76656 0.00 0.00 0.00 0
76657 0.00 0.00 0.00 0
76658 0.00 0.00 0.00 0
76659 0.00 0.00 0.00 0
76660 0.00 0.00 0.00 0
76661 0.00 0.00 0.00 0
76662 0.00 0.00 0.00 0
76663 0.00 0.00 0.00 0
76664 0.00 0.00 0.00 0
76665 0.00 0.00 0.00 0
76666 0.00 0.00 0.00 0
76667 0.00 0.00 0.00 0
76668 0.00 0.00 0.00 0
76669 0.00 0.00 0.00 0
76670 0.00 0.00 0.00 0
76671 0.00 0.00 0.00 0
76672 0.00 0.00 0.00 0
76673 0.00 0.00 0.00 0
76674 0.00 0.00 0.00 0
76675 0.00 0.00 0.00 0
76676 0.00 0.00 0.00 0
76677 0.00 0.00 0.00 0
76678 0.00 0.00 0.00 0
76679 0.00 0.00 0.00 0
76680 0.00 0.00 0.00 0
76681 0.00 0.00 0.00 0
76682 0.00 0.00 0.00 0
76683 0.00 0.00 0.00 0
76684 0.00 0.00 0.00 0
76685 0.00 0.00 0.00 0
76686 0.00 0.00 0.00 0
76687 0.00 0.00 0.00 0
76688 0.00 0.00 0.00 0
76689 0.00 0.00 0.00 0
76690 0.00 0.00 0.00 0
76691 0.00 0.00 0.00 0
76692 0.00 0.00 0.00 0
76694 0.00 0.00 0.00 0
76695 0.00 0.00 0.00 0
76696 0.00 0.00 0.00 0
76923 0.00 0.00 0.00 0
76925 0.00 0.00 0.00 0
76926 0.00 0.00 0.00 0
76927 0.00 0.00 0.00 0
76928 0.00 0.00 0.00 0
76929 0.00 0.00 0.00 0
76930 0.00 0.00 0.00 0
76931 0.00 0.00 0.00 0
76932 0.00 0.00 0.00 0
76933 0.00 0.00 0.00 0
76934 0.00 0.00 0.00 0
76935 0.00 0.00 0.00 0
76936 0.00 0.00 0.00 0
76937 0.00 0.00 0.00 0
76938 0.00 0.00 0.00 0
76939 0.00 0.00 0.00 0
76940 0.00 0.00 0.00 0
76941 0.00 0.00 0.00 0
76942 0.00 0.00 0.00 0
76943 0.00 0.00 0.00 0
76944 0.00 0.00 0.00 0
76945 0.00 0.00 0.00 0
76946 0.00 0.00 0.00 0
76947 0.00 0.00 0.00 0
76948 0.00 0.00 0.00 0
76949 0.00 0.00 0.00 0
76950 0.00 0.00 0.00 0
76951 0.00 0.00 0.00 0
76952 0.00 0.00 0.00 0
76953 0.00 0.00 0.00 0
76954 0.00 0.00 0.00 0
76955 0.00 0.00 0.00 0
76956 0.00 0.00 0.00 0
76957 0.00 0.00 0.00 0
76958 0.00 0.00 0.00 0
76959 0.00 0.00 0.00 0
76960 0.00 0.00 0.00 0
76961 0.00 0.00 0.00 0
76962 0.00 0.00 0.00 0
76963 0.00 0.00 0.00 0
76964 0.00 0.00 0.00 0
76965 0.00 0.00 0.00 0
76966 0.00 0.00 0.00 0
76967 0.00 0.00 0.00 0
82734 0.00 0.00 0.00 0
82735 0.00 0.00 0.00 0
82736 0.00 0.00 0.00 0
82893 0.00 0.00 0.00 0
82894 0.00 0.00 0.00 0
82895 0.00 0.00 0.00 0
82896 0.00 0.00 0.00 0
82897 0.00 0.00 0.00 0
82898 0.00 0.00 0.00 0
82899 0.00 0.00 0.00 0
82900 0.00 0.00 0.00 0
82901 0.00 0.00 0.00 0
82902 0.00 0.00 0.00 0
82903 0.00 0.00 0.00 0
82904 0.00 0.00 0.00 0
82905 0.00 0.00 0.00 0
82906 0.00 0.00 0.00 0
82907 0.00 0.00 0.00 0
82908 0.00 0.00 0.00 0
82909 0.00 0.00 0.00 0
82910 0.00 0.00 0.00 0
82911 0.00 0.00 0.00 0
82912 0.00 0.00 0.00 0
82913 0.00 0.00 0.00 0
82914 0.00 0.00 0.00 0
82915 0.00 0.00 0.00 0
82916 0.00 0.00 0.00 0
82917 0.00 0.00 0.00 0
82918 0.00 0.00 0.00 0
82919 0.00 0.00 0.00 0
82920 0.00 0.00 0.00 0
82921 0.00 0.00 0.00 0
82922 0.00 0.00 0.00 0
82923 0.00 0.00 0.00 0
82924 0.00 0.00 0.00 0
82925 0.00 0.00 0.00 0
82926 0.00 0.00 0.00 0
82927 0.00 0.00 0.00 0
82928 0.00 0.00 0.00 0
82929 0.00 0.00 0.00 0
82930 0.00 0.00 0.00 0
82931 0.00 0.00 0.00 0
82932 0.00 0.00 0.00 0
82933 0.00 0.00 0.00 0
82934 0.00 0.00 0.00 0
82935 0.00 0.00 0.00 0
82936 0.00 0.00 0.00 0
82937 0.00 0.00 0.00 0
82938 0.00 0.00 0.00 0
82939 0.00 0.00 0.00 0
82940 0.00 0.00 0.00 0
82941 0.00 0.00 0.00 0
82942 0.00 0.00 0.00 0
82943 0.00 0.00 0.00 0
82944 0.00 0.00 0.00 0
82945 0.00 0.00 0.00 0
82946 0.00 0.00 0.00 0
82947 0.00 0.00 0.00 0
82948 0.00 0.00 0.00 0
82949 0.00 0.00 0.00 0
82950 0.00 0.00 0.00 0
82951 0.00 0.00 0.00 0
82952 0.00 0.00 0.00 0
82953 0.00 0.00 0.00 0
82954 0.00 0.00 0.00 0
82955 0.00 0.00 0.00 0
82956 0.00 0.00 0.00 0
82957 0.00 0.00 0.00 0
82958 0.00 0.00 0.00 0
82959 0.00 0.00 0.00 0
82960 0.00 0.00 0.00 0
82961 0.00 0.00 0.00 0
82962 0.00 0.00 0.00 0
82963 0.00 0.00 0.00 0
82964 0.00 0.00 0.00 0
82965 0.00 0.00 0.00 0
82966 0.00 0.00 0.00 0
82967 0.00 0.00 0.00 0
82968 0.00 0.00 0.00 0
82969 0.00 0.00 0.00 0
82970 0.00 0.00 0.00 0
82971 0.00 0.00 0.00 0
82972 0.00 0.00 0.00 0
82973 0.00 0.00 0.00 0
82974 0.00 0.00 0.00 0
82975 0.00 0.00 0.00 0
82976 0.00 0.00 0.00 0
82977 0.00 0.00 0.00 0
82978 0.00 0.00 0.00 0
82979 0.00 0.00 0.00 0
82980 0.00 0.00 0.00 0
82981 0.00 0.00 0.00 0
82982 0.00 0.00 0.00 0
82983 0.00 0.00 0.00 0
82984 0.00 0.00 0.00 0
82985 0.00 0.00 0.00 0
82986 0.00 0.00 0.00 0
82987 0.00 0.00 0.00 0
92171 0.00 0.00 0.00 0
92172 0.00 0.00 0.00 0
92173 0.00 0.00 0.00 0
92536 0.00 0.00 0.00 0
92537 0.00 0.00 0.00 0
92538 0.00 0.00 0.00 0
92539 0.00 0.00 0.00 0
92540 0.00 0.00 0.00 0
92554 0.00 0.00 0.00 0
92555 0.00 0.00 0.00 0
92556 0.00 0.00 0.00 0
92557 0.00 0.00 0.00 0
92558 0.00 0.00 0.00 0
92559 0.00 0.00 0.00 0
92560 0.00 0.00 0.00 0
92561 0.00 0.00 0.00 0
92562 0.00 0.00 0.00 0
92563 0.00 0.00 0.00 0
92564 0.00 0.00 0.00 0
92565 0.00 0.00 0.00 0
92566 0.00 0.00 0.00 0
92579 0.00 0.00 0.00 0
92580 0.00 0.00 0.00 0
92581 0.00 0.00 0.00 0
92582 0.00 0.00 0.00 0
92583 0.00 0.00 0.00 0
92584 0.00 0.00 0.00 0
92585 0.00 0.00 0.00 0
92586 0.00 0.00 0.00 0
92971 0.00 0.00 0.00 0
92983 0.00 0.00 0.00 0
93024 0.00 0.00 0.00 0
93025 0.00 0.00 0.00 0
93026 0.00 0.00 0.00 0
93027 0.00 0.00 0.00 0
93028 0.00 0.00 0.00 0
93029 0.00 0.00 0.00 0
93030 0.00 0.00 0.00 0
93031 0.00 0.00 0.00 0
93032 0.00 0.00 0.00 0
93616 0.00 0.00 0.00 0
93617 0.00 0.00 0.00 0
93618 0.00 0.00 0.00 0
93619 0.00 0.00 0.00 0
93620 0.00 0.00 0.00 0
93629 0.00 0.00 0.00 0
93630 0.00 0.00 0.00 0
93631 0.00 0.00 0.00 0
93632 0.00 0.00 0.00 0
93633 0.00 0.00 0.00 0
93634 0.00 0.00 0.00 0
93635 0.00 0.00 0.00 0
93636 0.00 0.00 0.00 0
93637 0.00 0.00 0.00 0
93638 0.00 0.00 0.00 0
93639 0.00 0.00 0.00 0
93640 0.00 0.00 0.00 0
93641 0.00 0.00 0.00 0
93643 0.00 0.00 0.00 0
93645 0.00 0.00 0.00 0
93646 0.00 0.00 0.00 0
93647 0.00 0.00 0.00 0
93648 0.00 0.00 0.00 0
93649 0.00 0.00 0.00 0
93650 0.00 0.00 0.00 0
93651 0.00 0.00 0.00 0
93652 0.00 0.00 0.00 0
93653 0.00 0.00 0.00 0
93654 0.00 0.00 0.00 0
94049 0.00 0.00 0.00 0
94050 0.00 0.00 0.00 0
94051 0.00 0.00 0.00 0
94052 0.00 0.00 0.00 0
94053 0.00 0.00 0.00 0
94054 0.00 0.00 0.00 0
94055 0.00 0.00 0.00 0
94056 0.00 0.00 0.00 0
94057 0.00 0.00 0.00 0
94058 0.00 0.00 0.00 0
94059 0.00 0.00 0.00 0
94060 0.00 0.00 0.00 0
94061 0.00 0.00 0.00 0
94062 0.00 0.00 0.00 0
94063 0.00 0.00 0.00 0
94782 0.00 0.00 0.00 0
94816 0.00 0.00 0.00 0
94817 0.00 0.00 0.00 0
94818 0.00 0.00 0.00 0
94819 0.00 0.00 0.00 0
94820 0.00 0.00 0.00 0
94821 0.00 0.00 0.00 0
94874 0.00 0.00 0.00 0
94875 0.00 0.00 0.00 0
94876 0.00 0.00 0.00 0
94877 0.00 0.00 0.00 0
94878 0.00 0.00 0.00 0
94879 0.00 0.00 0.00 0
94880 0.00 0.00 0.00 0
94881 0.00 0.00 0.00 0
96031 0.00 0.00 0.00 0
96032 0.00 0.00 0.00 0
96033 0.00 0.00 0.00 0
96034 0.00 0.00 0.00 0
96035 0.00 0.00 0.00 0
96062 0.00 0.00 0.00 0
96063 0.00 0.00 0.00 0
96064 0.00 0.00 0.00 0
96065 0.00 0.00 0.00 0
96066 0.00 0.00 0.00 0
96067 0.00 0.00 0.00 0
96068 0.00 0.00 0.00 0
96069 0.00 0.00 0.00 0
96070 0.00 0.00 0.00 0
96071 0.00 0.00 0.00 0
96072 0.00 0.00 0.00 0
96073 0.00 0.00 0.00 0
96074 0.00 0.00 0.00 0
96075 0.00 0.00 0.00 0
97936 0.00 0.00 0.00 0
97937 0.00 0.00 0.00 0
97938 0.00 0.00 0.00 0
97939 0.00 0.00 0.00 0
97940 0.00 0.00 0.00 0
97949 0.00 0.00 0.00 0
97950 0.00 0.00 0.00 0
97951 0.00 0.00 0.00 0
97952 0.00 0.00 0.00 0
97953 0.00 0.00 0.00 0
97954 0.00 0.00 0.00 0
97955 0.00 0.00 0.00 0
97956 0.00 0.00 0.00 0
97957 0.00 0.00 0.00 0
97958 0.00 0.00 0.00 0
97959 0.00 0.00 0.00 0
97960 0.00 0.00 0.00 0
97961 0.00 0.00 0.00 0
97966 0.00 0.00 0.00 0
97967 0.00 0.00 0.00 0
97968 0.00 0.00 0.00 0
97969 0.00 0.00 0.00 0
97970 0.00 0.00 0.00 0
97971 0.00 0.00 0.00 0
97972 0.00 0.00 0.00 0
97973 0.00 0.00 0.00 0
97974 0.00 0.00 0.00 0
98366 0.00 0.00 0.00 0
98367 0.00 0.00 0.00 0
98368 0.00 0.00 0.00 0
98369 0.00 0.00 0.00 0
98370 0.00 0.00 0.00 0
98371 0.00 0.00 0.00 0
98372 0.00 0.00 0.00 0
98373 0.00 0.00 0.00 0
98374 0.00 0.00 0.00 0
98375 0.00 0.00 0.00 0
98376 0.00 0.00 0.00 0
98377 0.00 0.00 0.00 0
98378 0.00 0.00 0.00 0
98379 0.00 0.00 0.00 0
98380 0.00 0.00 0.00 0
98381 0.00 0.00 0.00 0
98382 0.00 0.00 0.00 0
99097 0.00 0.00 0.00 0
99098 0.00 0.00 0.00 0
99099 0.00 0.00 0.00 0
99100 0.00 0.00 0.00 0
99101 0.00 0.00 0.00 0
99102 0.00 0.00 0.00 0
99103 0.00 0.00 0.00 0
99104 0.00 0.00 0.00 0
99105 0.00 0.00 0.00 0
99106 0.00 0.00 0.00 0
99107 0.00 0.00 0.00 0
99108 0.00 0.00 0.00 0
99109 0.00 0.00 0.00 0
99110 0.00 0.00 0.00 0
99111 0.00 0.00 0.00 0
99112 0.00 0.00 0.00 0
99113 0.00 0.00 0.00 0
99114 0.00 0.00 0.00 0
99115 0.00 0.00 0.00 0
99116 0.00 0.00 0.00 0
99117 0.00 0.00 0.00 0
99118 0.00 0.00 0.00 0
99123 0.00 0.00 0.00 0
99124 0.00 0.00 0.00 0
99125 0.00 0.00 0.00 0
99126 0.00 0.00 0.00 0
99127 0.00 0.00 0.00 0
99128 0.00 0.00 0.00 0
99129 0.00 0.00 0.00 0
99130 0.00 0.00 0.00 0
99131 0.00 0.00 0.00 0
99132 0.00 0.00 0.00 0
99133 0.00 0.00 0.00 0
99134 0.00 0.00 0.00 0
99135 0.00 0.00 0.00 0
99136 0.00 0.00 0.00 0
99137 0.00 0.00 0.00 0
99138 0.00 0.00 0.00 0
99139 0.00 0.00 0.00 0
99140 0.00 0.00 0.00 0
99141 0.00 0.00 0.00 0
99181 0.00 0.00 0.00 0
99182 0.00 0.00 0.00 0
99183 0.00 0.00 0.00 0
99184 0.00 0.00 0.00 0
99185 0.00 0.00 0.00 0
99186 0.00 0.00 0.00 0
99187 0.00 0.00 0.00 0
99188 0.00 0.00 0.00 0
99189 0.00 0.00 0.00 0
99190 0.00 0.00 0.00 0
99191 0.00 0.00 0.00 0
99192 0.00 0.00 0.00 0
99193 0.00 0.00 0.00 0
99194 0.00 0.00 0.00 0
99195 0.00 0.00 0.00 0
99196 0.00 0.00 0.00 0
99197 0.00 0.00 0.00 0
99198 0.00 0.00 0.00 0
99199 0.00 0.00 0.00 0
99200 0.00 0.00 0.00 0
99201 0.00 0.00 0.00 0
100351 0.00 0.00 0.00 0
100352 0.00 0.00 0.00 0
100353 0.00 0.00 0.00 0
100354 0.00 0.00 0.00 0
100388 0.00 0.00 0.00 0
100389 0.00 0.00 0.00 0
100390 0.00 0.00 0.00 0
100512 0.00 0.00 0.00 0
100513 0.00 0.00 0.00 0
100514 0.00 0.00 0.00 0
100515 0.00 0.00 0.00 0
100516 0.00 0.00 0.00 0
102283 0.00 0.00 0.00 0
102284 0.00 0.00 0.00 0
102285 0.00 0.00 0.00 0
102286 0.00 0.00 0.00 0
102287 0.00 0.00 0.00 0
102288 0.00 0.00 0.00 0
102289 0.00 0.00 0.00 0
102297 0.00 0.00 0.00 0
102298 0.00 0.00 0.00 0
102328 0.00 0.00 0.00 0
102329 0.00 0.00 0.00 0
102330 0.00 0.00 0.00 0
102331 0.00 0.00 0.00 0
102332 0.00 0.00 0.00 0
102333 0.00 0.00 0.00 0
102334 0.00 0.00 0.00 0
102335 0.00 0.00 0.00 0
102336 0.00 0.00 0.00 0
102337 0.00 0.00 0.00 0
102338 0.00 0.00 0.00 0
102339 0.00 0.00 0.00 0
102340 0.00 0.00 0.00 0
102341 0.00 0.00 0.00 0
102342 0.00 0.00 0.00 0
102343 0.00 0.00 0.00 0
102344 0.00 0.00 0.00 0
102345 0.00 0.00 0.00 0
102346 0.00 0.00 0.00 0
102347 0.00 0.00 0.00 0
102348 0.00 0.00 0.00 0
102349 0.00 0.00 0.00 0
102350 0.00 0.00 0.00 0
102351 0.00 0.00 0.00 0
102352 0.00 0.00 0.00 0
102353 0.00 0.00 0.00 0
102354 0.00 0.00 0.00 0
102355 0.00 0.00 0.00 0
102356 0.00 0.00 0.00 0
102357 0.00 0.00 0.00 0
102358 0.00 0.00 0.00 0
102359 0.00 0.00 0.00 0
102360 0.00 0.00 0.00 0
102361 0.00 0.00 0.00 0
102362 0.00 0.00 0.00 0
102363 0.00 0.00 0.00 0
102364 0.00 0.00 0.00 0
102365 0.00 0.00 0.00 0
102366 0.00 0.00 0.00 0
102367 0.00 0.00 0.00 0
102368 0.00 0.00 0.00 0
102369 0.00 0.00 0.00 0
102370 0.00 0.00 0.00 0
102371 0.00 0.00 0.00 0
102372 0.00 0.00 0.00 0
102373 0.00 0.00 0.00 0
102374 0.00 0.00 0.00 0
102375 0.00 0.00 0.00 0
102376 0.00 0.00 0.00 0
102377 0.00 0.00 0.00 0
102378 0.00 0.00 0.00 0
102379 0.00 0.00 0.00 0
102380 0.00 0.00 0.00 0
102381 0.00 0.00 0.00 0
102382 0.00 0.00 0.00 0
102383 0.00 0.00 0.00 0
102384 0.00 0.00 0.00 0
102385 0.00 0.00 0.00 0
102386 0.00 0.00 0.00 0
102387 0.00 0.00 0.00 0
102388 0.00 0.00 0.00 0
102389 0.00 0.00 0.00 0
102390 0.00 0.00 0.00 0
102391 0.00 0.00 0.00 0
102392 0.00 0.00 0.00 0
102393 0.00 0.00 0.00 0
102394 0.00 0.00 0.00 0
102395 0.00 0.00 0.00 0
102396 0.00 0.00 0.00 0
102397 0.00 0.00 0.00 0
102398 0.00 0.00 0.00 0
102399 0.00 0.00 0.00 0
102400 0.00 0.00 0.00 0
102401 0.00 0.00 0.00 0
102434 0.00 0.00 0.00 0
102436 0.00 0.00 0.00 0
102437 0.00 0.00 0.00 0
102438 0.00 0.00 0.00 0
102439 0.00 0.00 0.00 0
102440 0.00 0.00 0.00 0
102441 0.00 0.00 0.00 0
103585 0.00 0.00 0.00 0
103586 0.00 0.00 0.00 0
103587 0.00 0.00 0.00 0
103588 0.00 0.00 0.00 0
103589 0.00 0.00 0.00 0
103590 0.00 0.00 0.00 0
103591 0.00 0.00 0.00 0
103592 0.00 0.00 0.00 0
103593 0.00 0.00 0.00 0
103594 0.00 0.00 0.00 0
103595 0.00 0.00 0.00 0
103596 0.00 0.00 0.00 0
103597 0.00 0.00 0.00 0
103598 0.00 0.00 0.00 0
103599 0.00 0.00 0.00 0
103600 0.00 0.00 0.00 0
103601 0.00 0.00 0.00 0
103602 0.00 0.00 0.00 0
103603 0.00 0.00 0.00 0
103604 0.00 0.00 0.00 0
103605 0.00 0.00 0.00 0
103606 0.00 0.00 0.00 0
103607 0.00 0.00 0.00 0
103608 0.00 0.00 0.00 0
103609 0.00 0.00 0.00 0
103610 0.00 0.00 0.00 0
103611 0.00 0.00 0.00 0
103612 0.00 0.00 0.00 0
103613 0.00 0.00 0.00 0
103614 0.00 0.00 0.00 0
103615 0.00 0.00 0.00 0
103616 0.00 0.00 0.00 0
103617 0.00 0.00 0.00 0
103618 0.00 0.00 0.00 0
103619 0.00 0.00 0.00 0
103620 0.00 0.00 0.00 0
103621 0.00 0.00 0.00 0
103622 0.00 0.00 0.00 0
103623 0.00 0.00 0.00 0
103624 0.00 0.00 0.00 0
103625 0.00 0.00 0.00 0
103626 0.00 0.00 0.00 0
103627 0.00 0.00 0.00 0
103628 0.00 0.00 0.00 0
103629 0.00 0.00 0.00 0
103630 0.00 0.00 0.00 0
103631 0.00 0.00 0.00 0
103632 0.00 0.00 0.00 0
103633 0.00 0.00 0.00 0
103746 0.00 0.00 0.00 0
103747 0.00 0.00 0.00 0
103748 0.00 0.00 0.00 0
103749 0.00 0.00 0.00 0
103750 0.00 0.00 0.00 0
103764 0.00 0.00 0.00 0
103765 0.00 0.00 0.00 0
103766 0.00 0.00 0.00 0
103767 0.00 0.00 0.00 0
103768 0.00 0.00 0.00 0
103769 0.00 0.00 0.00 0
103770 0.00 0.00 0.00 0
103771 0.00 0.00 0.00 0
103772 0.00 0.00 0.00 0
103773 0.00 0.00 0.00 0
103774 0.00 0.00 0.00 0
103775 0.00 0.00 0.00 0
103776 0.00 0.00 0.00 0
103777 0.00 0.00 0.00 0
103778 0.00 0.00 0.00 0
105645 0.00 0.00 0.00 0
105646 0.00 0.00 0.00 0
105647 0.00 0.00 0.00 0
105648 0.00 0.00 0.00 0
105649 0.00 0.00 0.00 0
105651 0.00 0.00 0.00 0
105652 0.00 0.00 0.00 0
105653 0.00 0.00 0.00 0
105654 0.00 0.00 0.00 0
105780 0.00 0.00 0.00 0
105781 0.00 0.00 0.00 0
105782 0.00 0.00 0.00 0
105887 0.00 0.00 0.00 0
105888 0.00 0.00 0.00 0
105889 0.00 0.00 0.00 0
105890 0.00 0.00 0.00 0
105891 0.00 0.00 0.00 0
105892 0.00 0.00 0.00 0
105893 0.00 0.00 0.00 0
105894 0.00 0.00 0.00 0
105895 0.00 0.00 0.00 0
105896 0.00 0.00 0.00 0
105897 0.00 0.00 0.00 0
105898 0.00 0.00 0.00 0
105899 0.00 0.00 0.00 0
105900 0.00 0.00 0.00 0
105901 0.00 0.00 0.00 0
105902 0.00 0.00 0.00 0
105903 0.00 0.00 0.00 0
105904 0.00 0.00 0.00 0
105905 0.00 0.00 0.00 0
105906 0.00 0.00 0.00 0
105907 0.00 0.00 0.00 0
105908 0.00 0.00 0.00 0
105909 0.00 0.00 0.00 0
105910 0.00 0.00 0.00 0
105911 0.00 0.00 0.00 0
105912 0.00 0.00 0.00 0
105913 0.00 0.00 0.00 0
105914 0.00 0.00 0.00 0
105915 0.00 0.00 0.00 0
105916 0.00 0.00 0.00 0
105917 0.00 0.00 0.00 0
105918 0.00 0.00 0.00 0
106059 0.00 0.00 0.00 0
106060 0.00 0.00 0.00 0
106061 0.00 0.00 0.00 0
106062 0.00 0.00 0.00 0
106063 0.00 0.00 0.00 0
106064 0.00 0.00 0.00 0
106065 0.00 0.00 0.00 0
106066 0.00 0.00 0.00 0
106067 0.00 0.00 0.00 0
106068 0.00 0.00 0.00 0
106069 0.00 0.00 0.00 0
106070 0.00 0.00 0.00 0
106071 0.00 0.00 0.00 0
106072 0.00 0.00 0.00 0
106073 0.00 0.00 0.00 0
106074 0.00 0.00 0.00 0
106075 0.00 0.00 0.00 0
106076 0.00 0.00 0.00 0
106077 0.00 0.00 0.00 0
106078 0.00 0.00 0.00 0
106079 0.00 0.00 0.00 0
106080 0.00 0.00 0.00 0
106081 0.00 0.00 0.00 0
106082 0.00 0.00 0.00 0
109536 0.00 0.00 0.00 0
109537 0.00 0.00 0.00 0
109538 0.00 0.00 0.00 0
109630 0.00 0.00 0.00 0
109640 0.00 0.00 0.00 0
109641 0.00 0.00 0.00 0
109642 0.00 0.00 0.00 0
109643 0.00 0.00 0.00 0
109644 0.00 0.00 0.00 0
109645 0.00 0.00 0.00 0
109646 0.00 0.00 0.00 0
109647 0.00 0.00 0.00 0
109648 0.00 0.00 0.00 0
109649 0.00 0.00 0.00 0
109650 0.00 0.00 0.00 0
109651 0.00 0.00 0.00 0
109652 0.00 0.00 0.00 0
109653 0.00 0.00 0.00 0
109654 0.00 0.00 0.00 0
109655 0.00 0.00 0.00 0
109656 0.00 0.00 0.00 0
109657 0.00 0.00 0.00 0
109658 0.00 0.00 0.00 0
109659 0.00 0.00 0.00 0
109660 0.00 0.00 0.00 0
109661 0.00 0.00 0.00 0
109662 0.00 0.00 0.00 0
109663 0.00 0.00 0.00 0
109664 0.00 0.00 0.00 0
109665 0.00 0.00 0.00 0
109667 0.00 0.00 0.00 0
109668 0.00 0.00 0.00 0
109669 0.00 0.00 0.00 0
109670 0.00 0.00 0.00 0
109671 0.00 0.00 0.00 0
109672 0.00 0.00 0.00 0
109673 0.00 0.00 0.00 0
109674 0.00 0.00 0.00 0
109675 0.00 0.00 0.00 0
109676 0.00 0.00 0.00 0
109677 0.00 0.00 0.00 0
109678 0.00 0.00 0.00 0
109679 0.00 0.00 0.00 0
109680 0.00 0.00 0.00 0
109681 0.00 0.00 0.00 0
109682 0.00 0.00 0.00 0
109683 0.00 0.00 0.00 0
109684 0.00 0.00 0.00 0
109685 0.00 0.00 0.00 0
109686 0.00 0.00 0.00 0
109687 0.00 0.00 0.00 0
109688 0.00 0.00 0.00 0
109689 0.00 0.00 0.00 0
109690 0.00 0.00 0.00 0
109691 0.00 0.00 0.00 0
109692 0.00 0.00 0.00 0
109693 0.00 0.00 0.00 0
109694 0.00 0.00 0.00 0
109695 0.00 0.00 0.00 0
109696 0.00 0.00 0.00 0
115213 0.00 0.00 0.00 0
115214 0.00 0.00 0.00 0
115215 0.00 0.00 0.00 0
115216 0.00 0.00 0.00 0
115223 0.00 0.00 0.00 0
115224 0.00 0.00 0.00 0
115225 0.00 0.00 0.00 0
115226 0.00 0.00 0.00 0
115227 0.00 0.00 0.00 0
115228 0.00 0.00 0.00 0
115229 0.00 0.00 0.00 0
115230 0.00 0.00 0.00 0
115231 0.00 0.00 0.00 0
115232 0.00 0.00 0.00 0
115237 0.00 0.00 0.00 0
115239 0.00 0.00 0.00 0
115240 0.00 0.00 0.00 0
115241 0.00 0.00 0.00 0
115242 0.00 0.00 0.00 0
115547 0.00 0.00 0.00 0
115548 0.00 0.00 0.00 0
115549 0.00 0.00 0.00 0
115550 0.00 0.00 0.00 0
115551 0.00 0.00 0.00 0
115554 0.00 0.00 0.00 0
115555 0.00 0.00 0.00 0
116074 0.00 0.00 0.00 0
116116 0.00 0.00 0.00 0
116117 0.00 0.00 0.00 0
116118 0.00 0.00 0.00 0
116119 0.00 0.00 0.00 0
116120 0.00 0.00 0.00 0
116121 0.00 0.00 0.00 0
116122 0.00 0.00 0.00 0
116123 0.00 0.00 0.00 0
116124 0.00 0.00 0.00 0
116125 0.00 0.00 0.00 0
116126 0.00 0.00 0.00 0
116127 0.00 0.00 0.00 0
116128 0.00 0.00 0.00 0
116129 0.00 0.00 0.00 0
116130 0.00 0.00 0.00 0
116131 0.00 0.00 0.00 0
116132 0.00 0.00 0.00 0
116133 0.00 0.00 0.00 0
116134 0.00 0.00 0.00 0
116135 0.00 0.00 0.00 0
116136 0.00 0.00 0.00 0
116137 0.00 0.00 0.00 0
116138 0.00 0.00 0.00 0
116139 0.00 0.00 0.00 0
116140 0.00 0.00 0.00 0
116141 0.00 0.00 0.00 0
116142 0.00 0.00 0.00 0
116143 0.00 0.00 0.00 0
116144 0.00 0.00 0.00 0
116145 0.00 0.00 0.00 0
116146 0.00 0.00 0.00 0
116147 0.00 0.00 0.00 0
116148 0.00 0.00 0.00 0
116177 0.00 0.00 0.00 0
116178 0.00 0.00 0.00 0
116179 0.00 0.00 0.00 0
116180 0.00 0.00 0.00 0
116181 0.00 0.00 0.00 0
116182 0.00 0.00 0.00 0
116183 0.00 0.00 0.00 0
116184 0.00 0.00 0.00 0
116185 0.00 0.00 0.00 0
116186 0.00 0.00 0.00 0
116187 0.00 0.00 0.00 0
116188 0.00 0.00 0.00 0
116189 0.00 0.00 0.00 0
116190 0.00 0.00 0.00 0
116191 0.00 0.00 0.00 0
116192 0.00 0.00 0.00 0
116193 0.00 0.00 0.00 0
116194 0.00 0.00 0.00 0
116195 0.00 0.00 0.00 0
116196 0.00 0.00 0.00 0
117091 0.00 0.00 0.00 0
117092 0.00 0.00 0.00 0
117216 0.00 0.00 0.00 0
117217 0.00 0.00 0.00 0
117218 0.00 0.00 0.00 0
117219 0.00 0.00 0.00 0
117220 0.00 0.00 0.00 0
117221 0.00 0.00 0.00 0
117222 0.00 0.00 0.00 0
117223 0.00 0.00 0.00 0
117231 0.00 0.00 0.00 0
117232 0.00 0.00 0.00 0
117233 0.00 0.00 0.00 0
117234 0.00 0.00 0.00 0
117235 0.00 0.00 0.00 0
117236 0.00 0.00 0.00 0
118594 0.00 0.00 0.00 0
118595 0.00 0.00 0.00 0
118596 0.00 0.00 0.00 0
118597 0.00 0.00 0.00 0
118598 0.00 0.00 0.00 0
118599 0.00 0.00 0.00 0
118600 0.00 0.00 0.00 0
118601 0.00 0.00 0.00 0
118602 0.00 0.00 0.00 0
118625 0.00 0.00 0.00 0
118626 0.00 0.00 0.00 0
118627 0.00 0.00 0.00 0
118628 0.00 0.00 0.00 0
118629 0.00 0.00 0.00 0
118630 0.00 0.00 0.00 0
118631 0.00 0.00 0.00 0
118632 0.00 0.00 0.00 0
118633 0.00 0.00 0.00 0
118634 0.00 0.00 0.00 0
118635 0.00 0.00 0.00 0
118636 0.00 0.00 0.00 0
118637 0.00 0.00 0.00 0
118638 0.00 0.00 0.00 0
118639 0.00 0.00 0.00 0
118640 0.00 0.00 0.00 0
118641 0.00 0.00 0.00 0
118642 0.00 0.00 0.00 0
118643 0.00 0.00 0.00 0
118644 0.00 0.00 0.00 0
118645 0.00 0.00 0.00 0
118646 0.00 0.00 0.00 0
118647 0.00 0.00 0.00 0
118648 0.00 0.00 0.00 0
118649 0.00 0.00 0.00 0
118650 0.00 0.00 0.00 0
118651 0.00 0.00 0.00 0
118652 0.00 0.00 0.00 0
118653 0.00 0.00 0.00 0
118654 0.00 0.00 0.00 0
118655 0.00 0.00 0.00 0
118656 0.00 0.00 0.00 0
118657 0.00 0.00 0.00 0
118658 0.00 0.00 0.00 0
118659 0.00 0.00 0.00 0
118660 0.00 0.00 0.00 0
118661 0.00 0.00 0.00 0
118662 0.00 0.00 0.00 0
118663 0.00 0.00 0.00 0
118664 0.00 0.00 0.00 0
118665 0.00 0.00 0.00 0
118666 0.00 0.00 0.00 0
118667 0.00 0.00 0.00 0
118668 0.00 0.00 0.00 0
118669 0.00 0.00 0.00 0
118670 0.00 0.00 0.00 0
118671 0.00 0.00 0.00 0
118672 0.00 0.00 0.00 0
118673 0.00 0.00 0.00 0
118674 0.00 0.00 0.00 0
118675 0.00 0.00 0.00 0
118676 0.00 0.00 0.00 0
118677 0.00 0.00 0.00 0
118678 0.00 0.00 0.00 0
118679 0.00 0.00 0.00 0
118680 0.00 0.00 0.00 0
118681 0.00 0.00 0.00 0
118682 0.00 0.00 0.00 0
118683 0.00 0.00 0.00 0
118684 0.00 0.00 0.00 0
118685 0.00 0.00 0.00 0
118686 0.00 0.00 0.00 0
118715 0.00 0.00 0.00 0
118716 0.00 0.00 0.00 0
119608 0.00 0.00 0.00 0
119609 0.00 0.00 0.00 0
119610 0.00 0.00 0.00 0
119611 0.00 0.00 0.00 0
119612 0.00 0.00 0.00 0
119613 0.00 0.00 0.00 0
119614 0.00 0.00 0.00 0
119615 0.00 0.00 0.00 0
119616 0.00 0.00 0.00 0
119617 0.00 0.00 0.00 0
119618 0.00 0.00 0.00 0
119619 0.00 0.00 0.00 0
119620 0.00 0.00 0.00 0
119621 0.00 0.00 0.00 0
119622 0.00 0.00 0.00 0
119623 0.00 0.00 0.00 0
119624 0.00 0.00 0.00 0
119625 0.00 0.00 0.00 0
119626 0.00 0.00 0.00 0
119627 0.00 0.00 0.00 0
119628 0.00 0.00 0.00 0
119629 0.00 0.00 0.00 0
119630 0.00 0.00 0.00 0
119631 0.00 0.00 0.00 0
119632 0.00 0.00 0.00 0
119633 0.00 0.00 0.00 0
119634 0.00 0.00 0.00 0
119635 0.00 0.00 0.00 0
119636 0.00 0.00 0.00 0
119637 0.00 0.00 0.00 0
119638 0.00 0.00 0.00 0
119639 0.00 0.00 0.00 0
119640 0.00 0.00 0.00 0
119641 0.00 0.00 0.00 0
119747 0.00 0.00 0.00 0
119750 0.00 0.00 0.00 0
119752 0.00 0.00 0.00 0
119753 0.00 0.00 0.00 0
119754 0.00 0.00 0.00 0
119755 0.00 0.00 0.00 0
119756 0.00 0.00 0.00 0
121314 0.00 0.00 0.00 0
121315 0.00 0.00 0.00 0
121316 0.00 0.00 0.00 0
121397 0.00 0.00 0.00 0
121398 0.00 0.00 0.00 0
121399 0.00 0.00 0.00 0
121400 0.00 0.00 0.00 0
121401 0.00 0.00 0.00 0
121402 0.00 0.00 0.00 0
121403 0.00 0.00 0.00 0
121404 0.00 0.00 0.00 0
121405 0.00 0.00 0.00 0
121406 0.00 0.00 0.00 0
121407 0.00 0.00 0.00 0
121408 0.00 0.00 0.00 0
121409 0.00 0.00 0.00 0
121410 0.00 0.00 0.00 0
121411 0.00 0.00 0.00 0
121412 0.00 0.00 0.00 0
121413 0.00 0.00 0.00 0
121414 0.00 0.00 0.00 0
121415 0.00 0.00 0.00 0
121416 0.00 0.00 0.00 0
121417 0.00 0.00 0.00 0
121418 0.00 0.00 0.00 0
121419 0.00 0.00 0.00 0
121420 0.00 0.00 0.00 0
121421 0.00 0.00 0.00 0
121422 0.00 0.00 0.00 0
121532 0.00 0.00 0.00 0
121533 0.00 0.00 0.00 0
121534 0.00 0.00 0.00 0
121535 0.00 0.00 0.00 0
121536 0.00 0.00 0.00 0
121537 0.00 0.00 0.00 0
121538 0.00 0.00 0.00 0
121539 0.00 0.00 0.00 0
121540 0.00 0.00 0.00 0
121541 0.00 0.00 0.00 0
121542 0.00 0.00 0.00 0
121543 0.00 0.00 0.00 0
121544 0.00 0.00 0.00 0
121545 0.00 0.00 0.00 0
121546 0.00 0.00 0.00 0
121547 0.00 0.00 0.00 0
121548 0.00 0.00 0.00 0
121549 0.00 0.00 0.00 0
121550 0.00 0.00 0.00 0
124236 0.00 0.00 0.00 0
124239 0.00 0.00 0.00 0
124308 0.00 0.00 0.00 0
124309 0.00 0.00 0.00 0
124310 0.00 0.00 0.00 0
124311 0.00 0.00 0.00 0
124312 0.00 0.00 0.00 0
124313 0.00 0.00 0.00 0
124314 0.00 0.00 0.00 0
124315 0.00 0.00 0.00 0
124316 0.00 0.00 0.00 0
124317 0.00 0.00 0.00 0
124318 0.00 0.00 0.00 0
124319 0.00 0.00 0.00 0
124320 0.00 0.00 0.00 0
124321 0.00 0.00 0.00 0
124322 0.00 0.00 0.00 0
124323 0.00 0.00 0.00 0
124324 0.00 0.00 0.00 0
124325 0.00 0.00 0.00 0
124326 0.00 0.00 0.00 0
124327 0.00 0.00 0.00 0
124328 0.00 0.00 0.00 0
124329 0.00 0.00 0.00 0
124330 0.00 0.00 0.00 0
124331 0.00 0.00 0.00 0
124332 0.00 0.00 0.00 0
124333 0.00 0.00 0.00 0
124334 0.00 0.00 0.00 0
124335 0.00 0.00 0.00 0
124340 0.00 0.00 0.00 0
124343 0.00 0.00 0.00 0
124344 0.00 0.00 0.00 0
124345 0.00 0.00 0.00 0
124346 0.00 0.00 0.00 0
124347 0.00 0.00 0.00 0
124348 0.00 0.00 0.00 0
124349 0.00 0.00 0.00 0
124350 0.00 0.00 0.00 0
124351 0.00 0.00 0.00 0
124352 0.00 0.00 0.00 0
124353 0.00 0.00 0.00 0
124354 0.00 0.00 0.00 0
124355 0.00 0.00 0.00 0
124356 0.00 0.00 0.00 0
124357 0.00 0.00 0.00 0
124358 0.00 0.00 0.00 0
128671 0.00 0.00 0.00 0
128672 0.00 0.00 0.00 0
128673 0.00 0.00 0.00 0
128674 0.00 0.00 0.00 0
128675 0.00 0.00 0.00 0
128676 0.00 0.00 0.00 0
128677 0.00 0.00 0.00 0
128678 0.00 0.00 0.00 0
128679 0.00 0.00 0.00 0
128680 0.00 0.00 0.00 0
128682 0.00 0.00 0.00 0
128683 0.00 0.00 0.00 0
128684 0.00 0.00 0.00 0
128687 0.00 0.00 0.00 0
128699 0.00 0.00 0.00 0
128700 0.00 0.00 0.00 0
128701 0.00 0.00 0.00 0
128702 0.00 0.00 0.00 0
128703 0.00 0.00 0.00 0
128704 0.00 0.00 0.00 0
128705 0.00 0.00 0.00 0
128706 0.00 0.00 0.00 0
128707 0.00 0.00 0.00 0
128708 0.00 0.00 0.00 0
128709 0.00 0.00 0.00 0
128710 0.00 0.00 0.00 0
128711 0.00 0.00 0.00 0
128712 0.00 0.00 0.00 0
128713 0.00 0.00 0.00 0
128714 0.00 0.00 0.00 0
128715 0.00 0.00 0.00 0
128716 0.00 0.00 0.00 0
128717 0.00 0.00 0.00 0
128718 0.00 0.00 0.00 0
128719 0.00 0.00 0.00 0
128720 0.00 0.00 0.00 0
128721 0.00 0.00 0.00 0
128722 0.00 0.00 0.00 0
128723 0.00 0.00 0.00 0
128724 0.00 0.00 0.00 0
128725 0.00 0.00 0.00 0
128726 0.00 0.00 0.00 0
128730 0.00 0.00 0.00 0
128731 0.00 0.00 0.00 0
128733 0.00 0.00 0.00 0
128734 0.00 0.00 0.00 0
128735 0.00 0.00 0.00 0
128736 0.00 0.00 0.00 0
128737 0.00 0.00 0.00 0
128739 0.00 0.00 0.00 0
128740 0.00 0.00 0.00 0
128741 0.00 0.00 0.00 0
128742 0.00 0.00 0.00 0
128743 0.00 0.00 0.00 0
128744 0.00 0.00 0.00 0
128745 0.00 0.00 0.00 0
128746 0.00 0.00 0.00 0
128747 0.00 0.00 0.00 0
128748 0.00 0.00 0.00 0
128749 0.00 0.00 0.00 0
128750 0.00 0.00 0.00 0
128751 0.00 0.00 0.00 0
128752 0.00 0.00 0.00 0
128753 0.00 0.00 0.00 0
128754 0.00 0.00 0.00 0
129581 0.00 0.00 0.00 0
129582 0.00 0.00 0.00 0
129583 0.00 0.00 0.00 0
129584 0.00 0.00 0.00 0
129585 0.00 0.00 0.00 0
129586 0.00 0.00 0.00 0
129587 0.00 0.00 0.00 0
129588 0.00 0.00 0.00 0
129589 0.00 0.00 0.00 0
129590 0.00 0.00 0.00 0
129591 0.00 0.00 0.00 0
129592 0.00 0.00 0.00 0
129593 0.00 0.00 0.00 0
129594 0.00 0.00 0.00 0
129595 0.00 0.00 0.00 0
129596 0.00 0.00 0.00 0
129597 0.00 0.00 0.00 0
129598 0.00 0.00 0.00 0
129599 0.00 0.00 0.00 0
129600 0.00 0.00 0.00 0
129601 0.00 0.00 0.00 0
129602 0.00 0.00 0.00 0
129603 0.00 0.00 0.00 0
129604 0.00 0.00 0.00 0
129605 0.00 0.00 0.00 0
129606 0.00 0.00 0.00 0
129607 0.00 0.00 0.00 0
129608 0.00 0.00 0.00 0
129609 0.00 0.00 0.00 0
129610 0.00 0.00 0.00 0
129611 0.00 0.00 0.00 0
129612 0.00 0.00 0.00 0
129613 0.00 0.00 0.00 0
129614 0.00 0.00 0.00 0
129615 0.00 0.00 0.00 0
129616 0.00 0.00 0.00 0
129617 0.00 0.00 0.00 0
131122 0.00 0.00 0.00 0
131123 0.00 0.00 0.00 0
131124 0.00 0.00 0.00 0
131125 0.00 0.00 0.00 0
131126 0.00 0.00 0.00 0
131127 0.00 0.00 0.00 0
131128 0.00 0.00 0.00 0
131129 0.00 0.00 0.00 0
131130 0.00 0.00 0.00 0
131131 0.00 0.00 0.00 0
131132 0.00 0.00 0.00 0
131133 0.00 0.00 0.00 0
131134 0.00 0.00 0.00 0
131135 0.00 0.00 0.00 0
131136 0.00 0.00 0.00 0
131137 0.00 0.00 0.00 0
131138 0.00 0.00 0.00 0
131139 0.00 0.00 0.00 0
131140 0.00 0.00 0.00 0
131141 0.00 0.00 0.00 0
131142 0.00 0.00 0.00 0
131143 0.00 0.00 0.00 0
131144 0.00 0.00 0.00 0
131145 0.00 0.00 0.00 0
131146 0.00 0.00 0.00 0
131147 0.00 0.00 0.00 0
131148 0.00 0.00 0.00 0
131149 0.00 0.00 0.00 0
131150 0.00 0.00 0.00 0
131151 0.00 0.00 0.00 0
131152 0.00 0.00 0.00 0
131153 0.00 0.00 0.00 0
131154 0.00 0.00 0.00 0
131155 0.00 0.00 0.00 0
131156 0.00 0.00 0.00 0
131157 0.00 0.00 0.00 0
131158 0.00 0.00 0.00 0
131161 0.00 0.00 0.00 0
131162 0.00 0.00 0.00 0
131163 0.00 0.00 0.00 0
131164 0.00 0.00 0.00 0
131165 0.00 0.00 0.00 0
131166 0.00 0.00 0.00 0
131178 0.00 0.00 0.00 0
131179 0.00 0.00 0.00 0
131180 0.00 0.00 0.00 0
131181 0.00 0.00 0.00 0
131182 0.00 0.00 0.00 0
131183 0.00 0.00 0.00 0
131184 0.00 0.00 0.00 0
131189 0.00 0.00 0.00 0
131190 0.00 0.00 0.00 0
131191 0.00 0.00 0.00 0
131192 0.00 0.00 0.00 0
131193 0.00 0.00 0.00 0
131194 0.00 0.00 0.00 0
131195 0.00 0.00 0.00 0
131201 0.00 0.00 0.00 0
131204 0.00 0.00 0.00 0
131205 0.00 0.00 0.00 0
131206 0.00 0.00 0.00 0
131207 0.00 0.00 0.00 0
131208 0.00 0.00 0.00 0
131209 0.00 0.00 0.00 0
131210 0.00 0.00 0.00 0
131211 0.00 0.00 0.00 0
131212 0.00 0.00 0.00 0
131213 0.00 0.00 0.00 0
131214 0.00 0.00 0.00 0
131215 0.00 0.00 0.00 0
131216 0.00 0.00 0.00 0
131217 0.00 0.00 0.00 0
131218 0.00 0.00 0.00 0
131219 0.00 0.00 0.00 0
131220 0.00 0.00 0.00 0
131223 0.00 0.00 0.00 0
131224 0.00 0.00 0.00 0
131225 0.00 0.00 0.00 0
131226 0.00 0.00 0.00 0
131227 0.00 0.00 0.00 0
131305 0.00 0.00 0.00 0
131321 0.00 0.00 0.00 0
131322 0.00 0.00 0.00 0
131323 0.00 0.00 0.00 0
131324 0.00 0.00 0.00 0
131325 0.00 0.00 0.00 0
131326 0.00 0.00 0.00 0
131327 0.00 0.00 0.00 0
131328 0.00 0.00 0.00 0
131329 0.00 0.00 0.00 0
131330 0.00 0.00 0.00 0
131331 0.00 0.00 0.00 0
131332 0.00 0.00 0.00 0
131333 0.00 0.00 0.00 0
131334 0.00 0.00 0.00 0
131335 0.00 0.00 0.00 0
131336 0.00 0.00 0.00 0
131337 0.00 0.00 0.00 0
131338 0.00 0.00 0.00 0
131339 0.00 0.00 0.00 0
131340 0.00 0.00 0.00 0
131341 0.00 0.00 0.00 0
131342 0.00 0.00 0.00 0
131343 0.00 0.00 0.00 0
131344 0.00 0.00 0.00 0
131345 0.00 0.00 0.00 0
131346 0.00 0.00 0.00 0
133771 0.00 0.00 0.00 0
133772 0.00 0.00 0.00 0
133773 0.00 0.00 0.00 0
133774 0.00 0.00 0.00 0
133775 0.00 0.00 0.00 0
133776 0.00 0.00 0.00 0
133777 0.00 0.00 0.00 0
133849 0.00 0.00 0.00 0
133851 0.00 0.00 0.00 0
133852 0.00 0.00 0.00 0
133853 0.00 0.00 0.00 0
133854 0.00 0.00 0.00 0
133855 0.00 0.00 0.00 0
133856 0.00 0.00 0.00 0
133857 0.00 0.00 0.00 0
133858 0.00 0.00 0.00 0
133859 0.00 0.00 0.00 0
134112 0.00 0.00 0.00 0
134114 0.00 0.00 0.00 0
134117 0.00 0.00 0.00 0
134123 0.00 0.00 0.00 0
134124 0.00 0.00 0.00 0
134125 0.00 0.00 0.00 0
137845 0.00 0.00 0.00 0
137846 0.00 0.00 0.00 0
137847 0.00 0.00 0.00 0
137848 0.00 0.00 0.00 0
137849 0.00 0.00 0.00 0
137850 0.00 0.00 0.00 0
137851 0.00 0.00 0.00 0
137852 0.00 0.00 0.00 0
137853 0.00 0.00 0.00 0
137854 0.00 0.00 0.00 0
137855 0.00 0.00 0.00 0
137856 0.00 0.00 0.00 0
137857 0.00 0.00 0.00 0
137858 0.00 0.00 0.00 0
137859 0.00 0.00 0.00 0
137860 0.00 0.00 0.00 0
137861 0.00 0.00 0.00 0
137874 0.00 0.00 0.00 0
137875 0.00 0.00 0.00 0
137876 0.00 0.00 0.00 0
137877 0.00 0.00 0.00 0
137878 0.00 0.00 0.00 0
137879 0.00 0.00 0.00 0
137938 0.00 0.00 0.00 0
137939 0.00 0.00 0.00 0
137940 0.00 0.00 0.00 0
137941 0.00 0.00 0.00 0
137942 0.00 0.00 0.00 0
137950 0.00 0.00 0.00 0
137951 0.00 0.00 0.00 0
137952 0.00 0.00 0.00 0
137953 0.00 0.00 0.00 0
137954 0.00 0.00 0.00 0
137955 0.00 0.00 0.00 0
137956 0.00 0.00 0.00 0
137957 0.00 0.00 0.00 0
137958 0.00 0.00 0.00 0
137959 0.00 0.00 0.00 0
137960 0.00 0.00 0.00 0
137961 0.00 0.00 0.00 0
137962 0.00 0.00 0.00 0
137963 0.00 0.00 0.00 0
137964 0.00 0.00 0.00 0
137965 0.00 0.00 0.00 0
137966 0.00 0.00 0.00 0
137967 0.00 0.00 0.00 0
137968 0.00 0.00 0.00 0
137969 0.00 0.00 0.00 0
137970 0.00 0.00 0.00 0
137971 0.00 0.00 0.00 0
137972 0.00 0.00 0.00 0
137973 0.00 0.00 0.00 0
137974 0.00 0.00 0.00 0
137975 0.00 0.00 0.00 0
137976 0.00 0.00 0.00 0
137977 0.00 0.00 0.00 0
137978 0.00 0.00 0.00 0
137979 0.00 0.00 0.00 0
137980 0.00 0.00 0.00 0
137981 0.00 0.00 0.00 0
137982 0.00 0.00 0.00 0
137983 0.00 0.00 0.00 0
137984 0.00 0.00 0.00 0
137985 0.00 0.00 0.00 0
137986 0.00 0.00 0.00 0
137987 0.00 0.00 0.00 0
137988 0.00 0.00 0.00 0
137989 0.00 0.00 0.00 0
137990 0.00 0.00 0.00 0
137991 0.00 0.00 0.00 0
137992 0.00 0.00 0.00 0
137993 0.00 0.00 0.00 0
137994 0.00 0.00 0.00 0
137995 0.00 0.00 0.00 0
137996 0.00 0.00 0.00 0
137997 0.00 0.00 0.00 0
137998 0.00 0.00 0.00 0
137999 0.00 0.00 0.00 0
138000 0.00 0.00 0.00 0
138001 0.00 0.00 0.00 0
138002 0.00 0.00 0.00 0
138003 0.00 0.00 0.00 0
138004 0.00 0.00 0.00 0
138005 0.00 0.00 0.00 0
138006 0.00 0.00 0.00 0
138007 0.00 0.00 0.00 0
138008 0.00 0.00 0.00 0
138009 0.00 0.00 0.00 0
138010 0.00 0.00 0.00 0
138011 0.00 0.00 0.00 0
138012 0.00 0.00 0.00 0
138013 0.00 0.00 0.00 0
138014 0.00 0.00 0.00 0
138015 0.00 0.00 0.00 0
138016 0.00 0.00 0.00 0
138017 0.00 0.00 0.00 0
138018 0.00 0.00 0.00 0
138019 0.00 0.00 0.00 0
138020 0.00 0.00 0.00 0
138021 0.00 0.00 0.00 0
138022 0.00 0.00 0.00 0
138023 0.00 0.00 0.00 0
138024 0.00 0.00 0.00 0
138025 0.00 0.00 0.00 0
138026 0.00 0.00 0.00 0
138027 0.00 0.00 0.00 0
138028 0.00 0.00 0.00 0
138029 0.00 0.00 0.00 0
138030 0.00 0.00 0.00 0
138031 0.00 0.00 0.00 0
138032 0.00 0.00 0.00 0
138033 0.00 0.00 0.00 0
138034 0.00 0.00 0.00 0
138035 0.00 0.00 0.00 0
138036 0.00 0.00 0.00 0
138037 0.00 0.00 0.00 0
138038 0.00 0.00 0.00 0
138039 0.00 0.00 0.00 0
138040 0.00 0.00 0.00 0
138041 0.00 0.00 0.00 0
138042 0.00 0.00 0.00 0
138043 0.00 0.00 0.00 0
138044 0.00 0.00 0.00 0
138045 0.00 0.00 0.00 0
138046 0.00 0.00 0.00 0
138047 0.00 0.00 0.00 0
138048 0.00 0.00 0.00 0
138049 0.00 0.00 0.00 0
138050 0.00 0.00 0.00 0
138051 0.00 0.00 0.00 0
138052 0.00 0.00 0.00 0
138053 0.00 0.00 0.00 0
138054 0.00 0.00 0.00 0
138055 0.00 0.00 0.00 0
138056 0.00 0.00 0.00 0
138057 0.00 0.00 0.00 0
138058 0.00 0.00 0.00 0
138059 0.00 0.00 0.00 0
138060 0.00 0.00 0.00 0
138061 0.00 0.00 0.00 0
138062 0.00 0.00 0.00 0
138063 0.00 0.00 0.00 0
138064 0.00 0.00 0.00 0
138065 0.00 0.00 0.00 0
138066 0.00 0.00 0.00 0
138067 0.00 0.00 0.00 0
138068 0.00 0.00 0.00 0
138069 0.00 0.00 0.00 0
138070 0.00 0.00 0.00 0
138071 0.00 0.00 0.00 0
138072 0.00 0.00 0.00 0
138073 0.00 0.00 0.00 0
138074 0.00 0.00 0.00 0
138075 0.00 0.00 0.00 0
138076 0.00 0.00 0.00 0
138077 0.00 0.00 0.00 0
138078 0.00 0.00 0.00 0
138079 0.00 0.00 0.00 0
138080 0.00 0.00 0.00 0
138081 0.00 0.00 0.00 0
138082 0.00 0.00 0.00 0
138083 0.00 0.00 0.00 0
138163 0.00 0.00 0.00 0
138164 0.00 0.00 0.00 0
138165 0.00 0.00 0.00 0
138166 0.00 0.00 0.00 0
138167 0.00 0.00 0.00 0
138168 0.00 0.00 0.00 0
138169 0.00 0.00 0.00 0
138170 0.00 0.00 0.00 0
138171 0.00 0.00 0.00 0
140503 0.00 0.00 0.00 0
140504 0.00 0.00 0.00 0
140505 0.00 0.00 0.00 0
140506 0.00 0.00 0.00 0
140507 0.00 0.00 0.00 0
140508 0.00 0.00 0.00 0
140509 0.00 0.00 0.00 0
140510 0.00 0.00 0.00 0
140511 0.00 0.00 0.00 0
140512 0.00 0.00 0.00 0
140513 0.00 0.00 0.00 0
140514 0.00 0.00 0.00 0
140515 0.00 0.00 0.00 0
140516 0.00 0.00 0.00 0
140517 0.00 0.00 0.00 0
140518 0.00 0.00 0.00 0
140519 0.00 0.00 0.00 0
140520 0.00 0.00 0.00 0
140521 0.00 0.00 0.00 0
140522 0.00 0.00 0.00 0
140523 0.00 0.00 0.00 0
140524 0.00 0.00 0.00 0
140525 0.00 0.00 0.00 0
140526 0.00 0.00 0.00 0
140527 0.00 0.00 0.00 0
140528 0.00 0.00 0.00 0
140529 0.00 0.00 0.00 0
140530 0.00 0.00 0.00 0
140531 0.00 0.00 0.00 0
140532 0.00 0.00 0.00 0
140533 0.00 0.00 0.00 0
140534 0.00 0.00 0.00 0
140535 0.00 0.00 0.00 0
140536 0.00 0.00 0.00 0
140537 0.00 0.00 0.00 0
140538 0.00 0.00 0.00 0
140539 0.00 0.00 0.00 0
140540 0.00 0.00 0.00 0
140541 0.00 0.00 0.00 0
140542 0.00 0.00 0.00 0
140543 0.00 0.00 0.00 0
140544 0.00 0.00 0.00 0
140545 0.00 0.00 0.00 0
140546 0.00 0.00 0.00 0
140547 0.00 0.00 0.00 0
140548 0.00 0.00 0.00 0
140549 0.00 0.00 0.00 0
140550 0.00 0.00 0.00 0
140551 0.00 0.00 0.00 0
140552 0.00 0.00 0.00 0
140553 0.00 0.00 0.00 0
140554 0.00 0.00 0.00 0
140555 0.00 0.00 0.00 0
140556 0.00 0.00 0.00 0
140557 0.00 0.00 0.00 0
140558 0.00 0.00 0.00 0
140559 0.00 0.00 0.00 0
140560 0.00 0.00 0.00 0
140561 0.00 0.00 0.00 0
140562 0.00 0.00 0.00 0
140563 0.00 0.00 0.00 0
140564 0.00 0.00 0.00 0
140565 0.00 0.00 0.00 0
140566 0.00 0.00 0.00 0
140567 0.00 0.00 0.00 0
140568 0.00 0.00 0.00 0
140569 0.00 0.00 0.00 0
140570 0.00 0.00 0.00 0
140571 0.00 0.00 0.00 0
140572 0.00 0.00 0.00 0
140573 0.00 0.00 0.00 0
140574 0.00 0.00 0.00 0
140575 0.00 0.00 0.00 0
140576 0.00 0.00 0.00 0
140577 0.00 0.00 0.00 0
140578 0.00 0.00 0.00 0
140579 0.00 0.00 0.00 0
140580 0.00 0.00 0.00 0
140581 0.00 0.00 0.00 0
140582 0.00 0.00 0.00 0
140583 0.00 0.00 0.00 0
140584 0.00 0.00 0.00 0
140585 0.00 0.00 0.00 0
140586 0.00 0.00 0.00 0
140587 0.00 0.00 0.00 0
140588 0.00 0.00 0.00 0
140589 0.00 0.00 0.00 0
140590 0.00 0.00 0.00 0
140591 0.00 0.00 0.00 0
140592 0.00 0.00 0.00 0
140593 0.00 0.00 0.00 0
140594 0.00 0.00 0.00 0
140595 0.00 0.00 0.00 0
140596 0.00 0.00 0.00 0
140597 0.00 0.00 0.00 0
140598 0.00 0.00 0.00 0
140599 0.00 0.00 0.00 0
140600 0.00 0.00 0.00 0
140601 0.00 0.00 0.00 0
140602 0.00 0.00 0.00 0
140608 0.00 0.00 0.00 0
140609 0.00 0.00 0.00 0
140610 0.00 0.00 0.00 0
140611 0.00 0.00 0.00 0
140612 0.00 0.00 0.00 0
140613 0.00 0.00 0.00 0
140614 0.00 0.00 0.00 0
140615 0.00 0.00 0.00 0
140616 0.00 0.00 0.00 0
140617 0.00 0.00 0.00 0
140618 0.00 0.00 0.00 0
140619 0.00 0.00 0.00 0
140620 0.00 0.00 0.00 0
140826 0.00 0.00 0.00 0
140827 0.00 0.00 0.00 0
140835 0.00 0.00 0.00 0
140838 0.00 0.00 0.00 0
140839 0.00 0.00 0.00 0
140840 0.00 0.00 0.00 0
140864 0.00 0.00 0.00 0
140865 0.00 0.00 0.00 0
140866 0.00 0.00 0.00 0
140867 0.00 0.00 0.00 0
140868 0.00 0.00 0.00 0
140869 0.00 0.00 0.00 0
140870 0.00 0.00 0.00 0
140871 0.00 0.00 0.00 0
140872 0.00 0.00 0.00 0
140873 0.00 0.00 0.00 0
140874 0.00 0.00 0.00 0
140875 0.00 0.00 0.00 0
140876 0.00 0.00 0.00 0
140877 0.00 0.00 0.00 0
140878 0.00 0.00 0.00 0
140879 0.00 0.00 0.00 0
140880 0.00 0.00 0.00 0
140881 0.00 0.00 0.00 0
140882 0.00 0.00 0.00 0
140883 0.00 0.00 0.00 0
140884 0.00 0.00 0.00 0
140885 0.00 0.00 0.00 0
140886 0.00 0.00 0.00 0
140887 0.00 0.00 0.00 0
140888 0.00 0.00 0.00 0
140889 0.00 0.00 0.00 0
140890 0.00 0.00 0.00 0
140891 0.00 0.00 0.00 0
140892 0.00 0.00 0.00 0
140893 0.00 0.00 0.00 0
140894 0.00 0.00 0.00 0
144690 0.00 0.00 0.00 0
144691 0.00 0.00 0.00 0
144692 0.00 0.00 0.00 0
144693 0.00 0.00 0.00 0
144694 0.00 0.00 0.00 0
144700 0.00 0.00 0.00 0
144701 0.00 0.00 0.00 0
144702 0.00 0.00 0.00 0
144703 0.00 0.00 0.00 0
144704 0.00 0.00 0.00 0
144705 0.00 0.00 0.00 0
144706 0.00 0.00 0.00 0
144707 0.00 0.00 0.00 0
144708 0.00 0.00 0.00 0
144961 0.00 0.00 0.00 0
144962 0.00 0.00 0.00 0
144963 0.00 0.00 0.00 0
144964 0.00 0.00 0.00 0
144965 0.00 0.00 0.00 0
144966 0.00 0.00 0.00 0
145042 0.00 0.00 0.00 0
145178 0.00 0.00 0.00 0
145179 0.00 0.00 0.00 0
145180 0.00 0.00 0.00 0
145181 0.00 0.00 0.00 0
145182 0.00 0.00 0.00 0
145183 0.00 0.00 0.00 0
145184 0.00 0.00 0.00 0
145185 0.00 0.00 0.00 0
145186 0.00 0.00 0.00 0
145187 0.00 0.00 0.00 0
145188 0.00 0.00 0.00 0
145189 0.00 0.00 0.00 0
145190 0.00 0.00 0.00 0
145191 0.00 0.00 0.00 0
145192 0.00 0.00 0.00 0
145193 0.00 0.00 0.00 0
145194 0.00 0.00 0.00 0
145195 0.00 0.00 0.00 0
145196 0.00 0.00 0.00 0
145197 0.00 0.00 0.00 0
145198 0.00 0.00 0.00 0
145199 0.00 0.00 0.00 0
145200 0.00 0.00 0.00 0
145201 0.00 0.00 0.00 0
145202 0.00 0.00 0.00 0
145203 0.00 0.00 0.00 0
145204 0.00 0.00 0.00 0
145205 0.00 0.00 0.00 0
145206 0.00 0.00 0.00 0
145207 0.00 0.00 0.00 0
145208 0.00 0.00 0.00 0
145209 0.00 0.00 0.00 0
145210 0.00 0.00 0.00 0
145211 0.00 0.00 0.00 0
145212 0.00 0.00 0.00 0
145213 0.00 0.00 0.00 0
145214 0.00 0.00 0.00 0
145215 0.00 0.00 0.00 0
145216 0.00 0.00 0.00 0
145217 0.00 0.00 0.00 0
145218 0.00 0.00 0.00 0
145219 0.00 0.00 0.00 0
145220 0.00 0.00 0.00 0
145221 0.00 0.00 0.00 0
145222 0.00 0.00 0.00 0
145223 0.00 0.00 0.00 0
145224 0.00 0.00 0.00 0
145225 0.00 0.00 0.00 0
145226 0.00 0.00 0.00 0
145227 0.00 0.00 0.00 0
145228 0.00 0.00 0.00 0
145229 0.00 0.00 0.00 0
145230 0.00 0.00 0.00 0
145231 0.00 0.00 0.00 0
145232 0.00 0.00 0.00 0
145233 0.00 0.00 0.00 0
145234 0.00 0.00 0.00 0
145235 0.00 0.00 0.00 0
145236 0.00 0.00 0.00 0
145237 0.00 0.00 0.00 0
145238 0.00 0.00 0.00 0
145239 0.00 0.00 0.00 0
145240 0.00 0.00 0.00 0
145241 0.00 0.00 0.00 0
145242 0.00 0.00 0.00 0
145243 0.00 0.00 0.00 0
145244 0.00 0.00 0.00 0
145245 0.00 0.00 0.00 0
145246 0.00 0.00 0.00 0
145247 0.00 0.00 0.00 0
145248 0.00 0.00 0.00 0
145527 0.00 0.00 0.00 0
145528 0.00 0.00 0.00 0
145532 0.00 0.00 0.00 0
145533 0.00 0.00 0.00 0
145534 0.00 0.00 0.00 0
145535 0.00 0.00 0.00 0
145536 0.00 0.00 0.00 0
145537 0.00 0.00 0.00 0
145538 0.00 0.00 0.00 0
145539 0.00 0.00 0.00 0
145540 0.00 0.00 0.00 0
145541 0.00 0.00 0.00 0
145542 0.00 0.00 0.00 0
145543 0.00 0.00 0.00 0
145544 0.00 0.00 0.00 0
145545 0.00 0.00 0.00 0
145546 0.00 0.00 0.00 0
145547 0.00 0.00 0.00 0
145548 0.00 0.00 0.00 0
145549 0.00 0.00 0.00 0
145550 0.00 0.00 0.00 0
145551 0.00 0.00 0.00 0
145552 0.00 0.00 0.00 0
145553 0.00 0.00 0.00 0
145554 0.00 0.00 0.00 0
145555 0.00 0.00 0.00 0
145556 0.00 0.00 0.00 0
145557 0.00 0.00 0.00 0
145558 0.00 0.00 0.00 0
145559 0.00 0.00 0.00 0
145560 0.00 0.00 0.00 0
145561 0.00 0.00 0.00 0
145562 0.00 0.00 0.00 0
145563 0.00 0.00 0.00 0
145564 0.00 0.00 0.00 0
145565 0.00 0.00 0.00 0
145566 0.00 0.00 0.00 0
145567 0.00 0.00 0.00 0
145568 0.00 0.00 0.00 0
145569 0.00 0.00 0.00 0
145570 0.00 0.00 0.00 0
145571 0.00 0.00 0.00 0
145572 0.00 0.00 0.00 0
145573 0.00 0.00 0.00 0
145574 0.00 0.00 0.00 0
145575 0.00 0.00 0.00 0
152524 0.00 0.00 0.00 0
152525 0.00 0.00 0.00 0
152526 0.00 0.00 0.00 0
152715 0.00 0.00 0.00 0
152717 0.00 0.00 0.00 0
152718 0.00 0.00 0.00 0
152719 0.00 0.00 0.00 0
152720 0.00 0.00 0.00 0
152721 0.00 0.00 0.00 0
152722 0.00 0.00 0.00 0
152723 0.00 0.00 0.00 0
152724 0.00 0.00 0.00 0
152725 0.00 0.00 0.00 0
152726 0.00 0.00 0.00 0
152727 0.00 0.00 0.00 0
152728 0.00 0.00 0.00 0
152729 0.00 0.00 0.00 0
152730 0.00 0.00 0.00 0
152731 0.00 0.00 0.00 0
152732 0.00 0.00 0.00 0
152733 0.00 0.00 0.00 0
152734 0.00 0.00 0.00 0
152735 0.00 0.00 0.00 0
152736 0.00 0.00 0.00 0
152737 0.00 0.00 0.00 0
152738 0.00 0.00 0.00 0
152739 0.00 0.00 0.00 0
152740 0.00 0.00 0.00 0
152741 0.00 0.00 0.00 0
152742 0.00 0.00 0.00 0
152743 0.00 0.00 0.00 0
152744 0.00 0.00 0.00 0
152745 0.00 0.00 0.00 0
152746 0.00 0.00 0.00 0
152747 0.00 0.00 0.00 0
152748 0.00 0.00 0.00 0
152749 0.00 0.00 0.00 0
152750 0.00 0.00 0.00 0
152751 0.00 0.00 0.00 0
152752 0.00 0.00 0.00 0
152753 0.00 0.00 0.00 0
152754 0.00 0.00 0.00 0
152755 0.00 0.00 0.00 0
152756 0.00 0.00 0.00 0
152757 0.00 0.00 0.00 0
152758 0.00 0.00 0.00 0
152759 0.00 0.00 0.00 0
152760 0.00 0.00 0.00 0
152761 0.00 0.00 0.00 0
152762 0.00 0.00 0.00 0
152763 0.00 0.00 0.00 0
152764 0.00 0.00 0.00 0
152765 0.00 0.00 0.00 0
152766 0.00 0.00 0.00 0
152767 0.00 0.00 0.00 0
152768 0.00 0.00 0.00 0
152769 0.00 0.00 0.00 0
152770 0.00 0.00 0.00 0
152771 0.00 0.00 0.00 0
152772 0.00 0.00 0.00 0
152773 0.00 0.00 0.00 0
152774 0.00 0.00 0.00 0
152775 0.00 0.00 0.00 0
152776 0.00 0.00 0.00 0
152777 0.00 0.00 0.00 0
152778 0.00 0.00 0.00 0
152779 0.00 0.00 0.00 0
152780 0.00 0.00 0.00 0
152781 0.00 0.00 0.00 0
152782 0.00 0.00 0.00 0
152783 0.00 0.00 0.00 0
152784 0.00 0.00 0.00 0
152785 0.00 0.00 0.00 0
152786 0.00 0.00 0.00 0
152787 0.00 0.00 0.00 0
152788 0.00 0.00 0.00 0
152789 0.00 0.00 0.00 0
152790 0.00 0.00 0.00 0
152791 0.00 0.00 0.00 0
152792 0.00 0.00 0.00 0
152793 0.00 0.00 0.00 0
152794 0.00 0.00 0.00 0
152795 0.00 0.00 0.00 0
152796 0.00 0.00 0.00 0
152797 0.00 0.00 0.00 0
152798 0.00 0.00 0.00 0
152799 0.00 0.00 0.00 0
152800 0.00 0.00 0.00 0
152801 0.00 0.00 0.00 0
152802 0.00 0.00 0.00 0
152803 0.00 0.00 0.00 0
152804 0.00 0.00 0.00 0
152805 0.00 0.00 0.00 0
152806 0.00 0.00 0.00 0
152807 0.00 0.00 0.00 0
152808 0.00 0.00 0.00 0
152809 0.00 0.00 0.00 0
152810 0.00 0.00 0.00 0
152811 0.00 0.00 0.00 0
152812 0.00 0.00 0.00 0
152813 0.00 0.00 0.00 0
152814 0.00 0.00 0.00 0
152815 0.00 0.00 0.00 0
152816 0.00 0.00 0.00 0
152817 0.00 0.00 0.00 0
152818 0.00 0.00 0.00 0
152819 0.00 0.00 0.00 0
152820 0.00 0.00 0.00 0
152821 0.00 0.00 0.00 0
152822 0.00 0.00 0.00 0
152823 0.00 0.00 0.00 0
152824 0.00 0.00 0.00 0
152825 0.00 0.00 0.00 0
152826 0.00 0.00 0.00 0
152827 0.00 0.00 0.00 0
152828 0.00 0.00 0.00 0
152829 0.00 0.00 0.00 0
152830 0.00 0.00 0.00 0
152831 0.00 0.00 0.00 0
152832 0.00 0.00 0.00 0
152835 0.00 0.00 0.00 0
152836 0.00 0.00 0.00 0
152837 0.00 0.00 0.00 0
