# G_rectus
1106
77 0.00 0.00 0.00 0
119 0.00 0.00 0.00 0
520 0.00 0.00 0.00 0
952 0.00 0.00 0.00 0
953 0.00 0.00 0.00 0
954 0.00 0.00 0.00 0
1136 0.00 0.00 0.00 0
1140 0.00 0.00 0.00 0
1141 0.00 0.00 0.00 0
1142 0.00 0.00 0.00 0
1508 0.00 0.00 0.00 0
1619 0.00 0.00 0.00 0
1620 0.00 0.00 0.00 0
2201 0.00 0.00 0.00 0
2202 0.00 0.00 0.00 0
2204 0.00 0.00 0.00 0
2872 0.00 0.00 0.00 0
2873 0.00 0.00 0.00 0
2874 0.00 0.00 0.00 0
3056 0.00 0.00 0.00 0
3058 0.00 0.00 0.00 0
3060 0.00 0.00 0.00 0
3061 0.00 0.00 0.00 0
3062 0.00 0.00 0.00 0
4300 0.00 0.00 0.00 0
4301 0.00 0.00 0.00 0
4302 0.00 0.00 0.00 0
4863 0.00 0.00 0.00 0
4864 0.00 0.00 0.00 0
4865 0.00 0.00 0.00 0
4866 0.00 0.00 0.00 0
4867 0.00 0.00 0.00 0
4874 0.00 0.00 0.00 0
6322 0.00 0.00 0.00 0
6323 0.00 0.00 0.00 0
6324 0.00 0.00 0.00 0
6325 0.00 0.00 0.00 0
6326 0.00 0.00 0.00 0
6652 0.00 0.00 0.00 0
6654 0.00 0.00 0.00 0
6662 0.00 0.00 0.00 0
6663 0.00 0.00 0.00 0
6664 0.00 0.00 0.00 0
7357 0.00 0.00 0.00 0
7358 0.00 0.00 0.00 0
7359 0.00 0.00 0.00 0
7617 0.00 0.00 0.00 0
7618 0.00 0.00 0.00 0
7619 0.00 0.00 0.00 0
7620 0.00 0.00 0.00 0
7621 0.00 0.00 0.00 0
8478 0.00 0.00 0.00 0
8479 0.00 0.00 0.00 0
9163 0.00 0.00 0.00 0
9164 0.00 0.00 0.00 0
9165 0.00 0.00 0.00 0
9166 0.00 0.00 0.00 0
9167 0.00 0.00 0.00 0
9168 0.00 0.00 0.00 0
9169 0.00 0.00 0.00 0
9170 0.00 0.00 0.00 0
9171 0.00 0.00 0.00 0
9173 0.00 0.00 0.00 0
9174 0.00 0.00 0.00 0
9175 0.00 0.00 0.00 0
9176 0.00 0.00 0.00 0
9177 0.00 0.00 0.00 0
10552 0.00 0.00 0.00 0
10553 0.00 0.00 0.00 0
10554 0.00 0.00 0.00 0
10736 0.00 0.00 0.00 0
10737 0.00 0.00 0.00 0
10738 0.00 0.00 0.00 0
10739 0.00 0.00 0.00 0
10740 0.00 0.00 0.00 0
10741 0.00 0.00 0.00 0
10742 0.00 0.00 0.00 0
11980 0.00 0.00 0.00 0
11981 0.00 0.00 0.00 0
11982 0.00 0.00 0.00 0
11983 0.00 0.00 0.00 0
12543 0.00 0.00 0.00 0
12544 0.00 0.00 0.00 0
12545 0.00 0.00 0.00 0
12546 0.00 0.00 0.00 0
12547 0.00 0.00 0.00 0
14377 0.00 0.00 0.00 0
14378 0.00 0.00 0.00 0
14379 0.00 0.00 0.00 0
14380 0.00 0.00 0.00 0
14381 0.00 0.00 0.00 0
14382 0.00 0.00 0.00 0
14383 0.00 0.00 0.00 0
14384 0.00 0.00 0.00 0
14926 0.00 0.00 0.00 0
14927 0.00 0.00 0.00 0
14928 0.00 0.00 0.00 0
14942 0.00 0.00 0.00 0
14943 0.00 0.00 0.00 0
14944 0.00 0.00 0.00 0
14945 0.00 0.00 0.00 0
14946 0.00 0.00 0.00 0
14947 0.00 0.00 0.00 0
16178 0.00 0.00 0.00 0
16179 0.00 0.00 0.00 0
16731 0.00 0.00 0.00 0
16732 0.00 0.00 0.00 0
16733 0.00 0.00 0.00 0
16734 0.00 0.00 0.00 0
16735 0.00 0.00 0.00 0
16736 0.00 0.00 0.00 0
16737 0.00 0.00 0.00 0
16738 0.00 0.00 0.00 0
16739 0.00 0.00 0.00 0
16740 0.00 0.00 0.00 0
16741 0.00 0.00 0.00 0
18660 0.00 0.00 0.00 0
18662 0.00 0.00 0.00 0
18675 0.00 0.00 0.00 0
18676 0.00 0.00 0.00 0
18677 0.00 0.00 0.00 0
18679 0.00 0.00 0.00 0
20348 0.00 0.00 0.00 0
20350 0.00 0.00 0.00 0
20351 0.00 0.00 0.00 0
20352 0.00 0.00 0.00 0
20353 0.00 0.00 0.00 0
20354 0.00 0.00 0.00 0
20355 0.00 0.00 0.00 0
20356 0.00 0.00 0.00 0
20357 0.00 0.00 0.00 0
20358 0.00 0.00 0.00 0
20359 0.00 0.00 0.00 0
20360 0.00 0.00 0.00 0
20361 0.00 0.00 0.00 0
20362 0.00 0.00 0.00 0
20363 0.00 0.00 0.00 0
20364 0.00 0.00 0.00 0
20365 0.00 0.00 0.00 0
20367 0.00 0.00 0.00 0
20368 0.00 0.00 0.00 0
20369 0.00 0.00 0.00 0
20370 0.00 0.00 0.00 0
20376 0.00 0.00 0.00 0
20377 0.00 0.00 0.00 0
20378 0.00 0.00 0.00 0
20379 0.00 0.00 0.00 0
20380 0.00 0.00 0.00 0
20382 0.00 0.00 0.00 0
20383 0.00 0.00 0.00 0
20384 0.00 0.00 0.00 0
20385 0.00 0.00 0.00 0
20386 0.00 0.00 0.00 0
23602 0.00 0.00 0.00 0
23603 0.00 0.00 0.00 0
23604 0.00 0.00 0.00 0
23605 0.00 0.00 0.00 0
23606 0.00 0.00 0.00 0
23932 0.00 0.00 0.00 0
23933 0.00 0.00 0.00 0
23934 0.00 0.00 0.00 0
23935 0.00 0.00 0.00 0
23936 0.00 0.00 0.00 0
23938 0.00 0.00 0.00 0
23939 0.00 0.00 0.00 0
23940 0.00 0.00 0.00 0
23941 0.00 0.00 0.00 0
23942 0.00 0.00 0.00 0
23943 0.00 0.00 0.00 0
23944 0.00 0.00 0.00 0
25017 0.00 0.00 0.00 0
26172 0.00 0.00 0.00 0
26173 0.00 0.00 0.00 0
26174 0.00 0.00 0.00 0
26175 0.00 0.00 0.00 0
26176 0.00 0.00 0.00 0
26178 0.00 0.00 0.00 0
27185 0.00 0.00 0.00 0
27186 0.00 0.00 0.00 0
27187 0.00 0.00 0.00 0
27188 0.00 0.00 0.00 0
27189 0.00 0.00 0.00 0
27190 0.00 0.00 0.00 0
27191 0.00 0.00 0.00 0
27192 0.00 0.00 0.00 0
27193 0.00 0.00 0.00 0
27204 0.00 0.00 0.00 0
30112 0.00 0.00 0.00 0
30114 0.00 0.00 0.00 0
30115 0.00 0.00 0.00 0
30116 0.00 0.00 0.00 0
30117 0.00 0.00 0.00 0
30118 0.00 0.00 0.00 0
30119 0.00 0.00 0.00 0
30120 0.00 0.00 0.00 0
30121 0.00 0.00 0.00 0
30122 0.00 0.00 0.00 0
30882 0.00 0.00 0.00 0
30883 0.00 0.00 0.00 0
30885 0.00 0.00 0.00 0
30903 0.00 0.00 0.00 0
30904 0.00 0.00 0.00 0
30905 0.00 0.00 0.00 0
30906 0.00 0.00 0.00 0
30907 0.00 0.00 0.00 0
30908 0.00 0.00 0.00 0
30909 0.00 0.00 0.00 0
30910 0.00 0.00 0.00 0
32587 0.00 0.00 0.00 0
32588 0.00 0.00 0.00 0
32589 0.00 0.00 0.00 0
32590 0.00 0.00 0.00 0
32591 0.00 0.00 0.00 0
32592 0.00 0.00 0.00 0
33282 0.00 0.00 0.00 0
33289 0.00 0.00 0.00 0
33290 0.00 0.00 0.00 0
33291 0.00 0.00 0.00 0
33292 0.00 0.00 0.00 0
33293 0.00 0.00 0.00 0
33294 0.00 0.00 0.00 0
33295 0.00 0.00 0.00 0
33296 0.00 0.00 0.00 0
33297 0.00 0.00 0.00 0
33298 0.00 0.00 0.00 0
33299 0.00 0.00 0.00 0
33300 0.00 0.00 0.00 0
33301 0.00 0.00 0.00 0
33302 0.00 0.00 0.00 0
33303 0.00 0.00 0.00 0
35691 0.00 0.00 0.00 0
35706 0.00 0.00 0.00 0
35707 0.00 0.00 0.00 0
35708 0.00 0.00 0.00 0
35709 0.00 0.00 0.00 0
35710 0.00 0.00 0.00 0
35711 0.00 0.00 0.00 0
35712 0.00 0.00 0.00 0
35713 0.00 0.00 0.00 0
37732 0.00 0.00 0.00 0
37733 0.00 0.00 0.00 0
37735 0.00 0.00 0.00 0
37736 0.00 0.00 0.00 0
37737 0.00 0.00 0.00 0
37738 0.00 0.00 0.00 0
37739 0.00 0.00 0.00 0
37740 0.00 0.00 0.00 0
37741 0.00 0.00 0.00 0
37742 0.00 0.00 0.00 0
37743 0.00 0.00 0.00 0
37744 0.00 0.00 0.00 0
37745 0.00 0.00 0.00 0
37746 0.00 0.00 0.00 0
37747 0.00 0.00 0.00 0
37748 0.00 0.00 0.00 0
37749 0.00 0.00 0.00 0
37750 0.00 0.00 0.00 0
37751 0.00 0.00 0.00 0
37752 0.00 0.00 0.00 0
37753 0.00 0.00 0.00 0
37754 0.00 0.00 0.00 0
37755 0.00 0.00 0.00 0
37761 0.00 0.00 0.00 0
37762 0.00 0.00 0.00 0
37763 0.00 0.00 0.00 0
37764 0.00 0.00 0.00 0
37765 0.00 0.00 0.00 0
37766 0.00 0.00 0.00 0
37767 0.00 0.00 0.00 0
37768 0.00 0.00 0.00 0
37769 0.00 0.00 0.00 0
37770 0.00 0.00 0.00 0
37771 0.00 0.00 0.00 0
37772 0.00 0.00 0.00 0
37773 0.00 0.00 0.00 0
37774 0.00 0.00 0.00 0
37775 0.00 0.00 0.00 0
41272 0.00 0.00 0.00 0
41273 0.00 0.00 0.00 0
41274 0.00 0.00 0.00 0
41456 0.00 0.00 0.00 0
41457 0.00 0.00 0.00 0
41458 0.00 0.00 0.00 0
41459 0.00 0.00 0.00 0
41460 0.00 0.00 0.00 0
41461 0.00 0.00 0.00 0
41462 0.00 0.00 0.00 0
42700 0.00 0.00 0.00 0
42701 0.00 0.00 0.00 0
42702 0.00 0.00 0.00 0
42703 0.00 0.00 0.00 0
43263 0.00 0.00 0.00 0
43264 0.00 0.00 0.00 0
43265 0.00 0.00 0.00 0
43266 0.00 0.00 0.00 0
43267 0.00 0.00 0.00 0
45097 0.00 0.00 0.00 0
45098 0.00 0.00 0.00 0
45099 0.00 0.00 0.00 0
45100 0.00 0.00 0.00 0
45101 0.00 0.00 0.00 0
45102 0.00 0.00 0.00 0
45103 0.00 0.00 0.00 0
45104 0.00 0.00 0.00 0
45646 0.00 0.00 0.00 0
45647 0.00 0.00 0.00 0
45648 0.00 0.00 0.00 0
45656 0.00 0.00 0.00 0
45660 0.00 0.00 0.00 0
45661 0.00 0.00 0.00 0
45662 0.00 0.00 0.00 0
45663 0.00 0.00 0.00 0
45664 0.00 0.00 0.00 0
45665 0.00 0.00 0.00 0
45666 0.00 0.00 0.00 0
45667 0.00 0.00 0.00 0
46898 0.00 0.00 0.00 0
47451 0.00 0.00 0.00 0
47452 0.00 0.00 0.00 0
47453 0.00 0.00 0.00 0
47454 0.00 0.00 0.00 0
47455 0.00 0.00 0.00 0
47456 0.00 0.00 0.00 0
47457 0.00 0.00 0.00 0
47458 0.00 0.00 0.00 0
47459 0.00 0.00 0.00 0
47460 0.00 0.00 0.00 0
47461 0.00 0.00 0.00 0
47462 0.00 0.00 0.00 0
49380 0.00 0.00 0.00 0
49381 0.00 0.00 0.00 0
49382 0.00 0.00 0.00 0
49395 0.00 0.00 0.00 0
49396 0.00 0.00 0.00 0
49397 0.00 0.00 0.00 0
51068 0.00 0.00 0.00 0
51069 0.00 0.00 0.00 0
51070 0.00 0.00 0.00 0
51071 0.00 0.00 0.00 0
51072 0.00 0.00 0.00 0
51073 0.00 0.00 0.00 0
51074 0.00 0.00 0.00 0
51075 0.00 0.00 0.00 0
51076 0.00 0.00 0.00 0
51077 0.00 0.00 0.00 0
51078 0.00 0.00 0.00 0
51079 0.00 0.00 0.00 0
51080 0.00 0.00 0.00 0
51081 0.00 0.00 0.00 0
51082 0.00 0.00 0.00 0
51083 0.00 0.00 0.00 0
51084 0.00 0.00 0.00 0
51085 0.00 0.00 0.00 0
51087 0.00 0.00 0.00 0
51088 0.00 0.00 0.00 0
51089 0.00 0.00 0.00 0
51090 0.00 0.00 0.00 0
51096 0.00 0.00 0.00 0
51097 0.00 0.00 0.00 0
51098 0.00 0.00 0.00 0
51099 0.00 0.00 0.00 0
51100 0.00 0.00 0.00 0
51102 0.00 0.00 0.00 0
51103 0.00 0.00 0.00 0
51104 0.00 0.00 0.00 0
51105 0.00 0.00 0.00 0
51106 0.00 0.00 0.00 0
54697 0.00 0.00 0.00 0
54698 0.00 0.00 0.00 0
54699 0.00 0.00 0.00 0
54700 0.00 0.00 0.00 0
54701 0.00 0.00 0.00 0
54702 0.00 0.00 0.00 0
54703 0.00 0.00 0.00 0
54704 0.00 0.00 0.00 0
55246 0.00 0.00 0.00 0
55247 0.00 0.00 0.00 0
55248 0.00 0.00 0.00 0
55249 0.00 0.00 0.00 0
55250 0.00 0.00 0.00 0
55251 0.00 0.00 0.00 0
55252 0.00 0.00 0.00 0
55253 0.00 0.00 0.00 0
55254 0.00 0.00 0.00 0
55255 0.00 0.00 0.00 0
55256 0.00 0.00 0.00 0
55257 0.00 0.00 0.00 0
55258 0.00 0.00 0.00 0
55259 0.00 0.00 0.00 0
55260 0.00 0.00 0.00 0
55261 0.00 0.00 0.00 0
55262 0.00 0.00 0.00 0
55263 0.00 0.00 0.00 0
55264 0.00 0.00 0.00 0
55265 0.00 0.00 0.00 0
55266 0.00 0.00 0.00 0
55267 0.00 0.00 0.00 0
58980 0.00 0.00 0.00 0
58981 0.00 0.00 0.00 0
58982 0.00 0.00 0.00 0
58983 0.00 0.00 0.00 0
58984 0.00 0.00 0.00 0
58985 0.00 0.00 0.00 0
58986 0.00 0.00 0.00 0
58987 0.00 0.00 0.00 0
58988 0.00 0.00 0.00 0
58989 0.00 0.00 0.00 0
60668 0.00 0.00 0.00 0
60669 0.00 0.00 0.00 0
60670 0.00 0.00 0.00 0
60671 0.00 0.00 0.00 0
60672 0.00 0.00 0.00 0
60673 0.00 0.00 0.00 0
60674 0.00 0.00 0.00 0
60675 0.00 0.00 0.00 0
60676 0.00 0.00 0.00 0
60677 0.00 0.00 0.00 0
60678 0.00 0.00 0.00 0
60679 0.00 0.00 0.00 0
60680 0.00 0.00 0.00 0
60681 0.00 0.00 0.00 0
60682 0.00 0.00 0.00 0
66172 0.00 0.00 0.00 0
66173 0.00 0.00 0.00 0
66174 0.00 0.00 0.00 0
66175 0.00 0.00 0.00 0
66176 0.00 0.00 0.00 0
66177 0.00 0.00 0.00 0
66178 0.00 0.00 0.00 0
66179 0.00 0.00 0.00 0
66180 0.00 0.00 0.00 0
66181 0.00 0.00 0.00 0
66182 0.00 0.00 0.00 0
66183 0.00 0.00 0.00 0
66184 0.00 0.00 0.00 0
66185 0.00 0.00 0.00 0
66186 0.00 0.00 0.00 0
66187 0.00 0.00 0.00 0
66188 0.00 0.00 0.00 0
66189 0.00 0.00 0.00 0
66190 0.00 0.00 0.00 0
66191 0.00 0.00 0.00 0
66192 0.00 0.00 0.00 0
66193 0.00 0.00 0.00 0
66194 0.00 0.00 0.00 0
67816 0.00 0.00 0.00 0
67818 0.00 0.00 0.00 0
67819 0.00 0.00 0.00 0
67820 0.00 0.00 0.00 0
67821 0.00 0.00 0.00 0
67822 0.00 0.00 0.00 0
67823 0.00 0.00 0.00 0
67824 0.00 0.00 0.00 0
67825 0.00 0.00 0.00 0
67863 0.00 0.00 0.00 0
67864 0.00 0.00 0.00 0
67865 0.00 0.00 0.00 0
67866 0.00 0.00 0.00 0
67867 0.00 0.00 0.00 0
67868 0.00 0.00 0.00 0
67869 0.00 0.00 0.00 0
67870 0.00 0.00 0.00 0
67871 0.00 0.00 0.00 0
67872 0.00 0.00 0.00 0
67873 0.00 0.00 0.00 0
67874 0.00 0.00 0.00 0
67875 0.00 0.00 0.00 0
67876 0.00 0.00 0.00 0
67877 0.00 0.00 0.00 0
67878 0.00 0.00 0.00 0
67879 0.00 0.00 0.00 0
67880 0.00 0.00 0.00 0
67881 0.00 0.00 0.00 0
67882 0.00 0.00 0.00 0
71572 0.00 0.00 0.00 0
71573 0.00 0.00 0.00 0
71574 0.00 0.00 0.00 0
71575 0.00 0.00 0.00 0
71576 0.00 0.00 0.00 0
71577 0.00 0.00 0.00 0
71578 0.00 0.00 0.00 0
71579 0.00 0.00 0.00 0
73228 0.00 0.00 0.00 0
73233 0.00 0.00 0.00 0
73234 0.00 0.00 0.00 0
73235 0.00 0.00 0.00 0
73236 0.00 0.00 0.00 0
73237 0.00 0.00 0.00 0
73238 0.00 0.00 0.00 0
73239 0.00 0.00 0.00 0
73240 0.00 0.00 0.00 0
73241 0.00 0.00 0.00 0
73242 0.00 0.00 0.00 0
73243 0.00 0.00 0.00 0
73244 0.00 0.00 0.00 0
73245 0.00 0.00 0.00 0
73246 0.00 0.00 0.00 0
73247 0.00 0.00 0.00 0
73248 0.00 0.00 0.00 0
73249 0.00 0.00 0.00 0
73250 0.00 0.00 0.00 0
73251 0.00 0.00 0.00 0
73252 0.00 0.00 0.00 0
73253 0.00 0.00 0.00 0
73254 0.00 0.00 0.00 0
73255 0.00 0.00 0.00 0
73256 0.00 0.00 0.00 0
73257 0.00 0.00 0.00 0
73258 0.00 0.00 0.00 0
73259 0.00 0.00 0.00 0
73260 0.00 0.00 0.00 0
73261 0.00 0.00 0.00 0
73262 0.00 0.00 0.00 0
73263 0.00 0.00 0.00 0
73264 0.00 0.00 0.00 0
73265 0.00 0.00 0.00 0
73266 0.00 0.00 0.00 0
79020 0.00 0.00 0.00 0
79028 0.00 0.00 0.00 0
79029 0.00 0.00 0.00 0
79030 0.00 0.00 0.00 0
79065 0.00 0.00 0.00 0
79066 0.00 0.00 0.00 0
79067 0.00 0.00 0.00 0
79068 0.00 0.00 0.00 0
79069 0.00 0.00 0.00 0
79070 0.00 0.00 0.00 0
79071 0.00 0.00 0.00 0
79072 0.00 0.00 0.00 0
79076 0.00 0.00 0.00 0
79077 0.00 0.00 0.00 0
79078 0.00 0.00 0.00 0
79079 0.00 0.00 0.00 0
79080 0.00 0.00 0.00 0
79081 0.00 0.00 0.00 0
79082 0.00 0.00 0.00 0
79084 0.00 0.00 0.00 0
79085 0.00 0.00 0.00 0
79086 0.00 0.00 0.00 0
84086 0.00 0.00 0.00 0
84091 0.00 0.00 0.00 0
84092 0.00 0.00 0.00 0
84093 0.00 0.00 0.00 0
84094 0.00 0.00 0.00 0
84095 0.00 0.00 0.00 0
84096 0.00 0.00 0.00 0
84097 0.00 0.00 0.00 0
84098 0.00 0.00 0.00 0
84100 0.00 0.00 0.00 0
84101 0.00 0.00 0.00 0
84102 0.00 0.00 0.00 0
84103 0.00 0.00 0.00 0
84104 0.00 0.00 0.00 0
84105 0.00 0.00 0.00 0
84106 0.00 0.00 0.00 0
84107 0.00 0.00 0.00 0
84108 0.00 0.00 0.00 0
84109 0.00 0.00 0.00 0
84110 0.00 0.00 0.00 0
84111 0.00 0.00 0.00 0
84112 0.00 0.00 0.00 0
84113 0.00 0.00 0.00 0
84114 0.00 0.00 0.00 0
84115 0.00 0.00 0.00 0
84116 0.00 0.00 0.00 0
84117 0.00 0.00 0.00 0
84118 0.00 0.00 0.00 0
84119 0.00 0.00 0.00 0
84120 0.00 0.00 0.00 0
84121 0.00 0.00 0.00 0
84122 0.00 0.00 0.00 0
84123 0.00 0.00 0.00 0
84124 0.00 0.00 0.00 0
84125 0.00 0.00 0.00 0
84126 0.00 0.00 0.00 0
84127 0.00 0.00 0.00 0
84128 0.00 0.00 0.00 0
84129 0.00 0.00 0.00 0
84130 0.00 0.00 0.00 0
84131 0.00 0.00 0.00 0
84132 0.00 0.00 0.00 0
84133 0.00 0.00 0.00 0
84134 0.00 0.00 0.00 0
84135 0.00 0.00 0.00 0
84137 0.00 0.00 0.00 0
84138 0.00 0.00 0.00 0
84139 0.00 0.00 0.00 0
84140 0.00 0.00 0.00 0
84141 0.00 0.00 0.00 0
84142 0.00 0.00 0.00 0
84143 0.00 0.00 0.00 0
84144 0.00 0.00 0.00 0
84145 0.00 0.00 0.00 0
84146 0.00 0.00 0.00 0
84147 0.00 0.00 0.00 0
84148 0.00 0.00 0.00 0
84149 0.00 0.00 0.00 0
84150 0.00 0.00 0.00 0
84166 0.00 0.00 0.00 0
84167 0.00 0.00 0.00 0
84168 0.00 0.00 0.00 0
84169 0.00 0.00 0.00 0
84170 0.00 0.00 0.00 0
84171 0.00 0.00 0.00 0
84172 0.00 0.00 0.00 0
84173 0.00 0.00 0.00 0
84174 0.00 0.00 0.00 0
84175 0.00 0.00 0.00 0
84176 0.00 0.00 0.00 0
84177 0.00 0.00 0.00 0
84178 0.00 0.00 0.00 0
84179 0.00 0.00 0.00 0
84180 0.00 0.00 0.00 0
84181 0.00 0.00 0.00 0
84182 0.00 0.00 0.00 0
84183 0.00 0.00 0.00 0
84184 0.00 0.00 0.00 0
84185 0.00 0.00 0.00 0
84186 0.00 0.00 0.00 0
84187 0.00 0.00 0.00 0
84188 0.00 0.00 0.00 0
84189 0.00 0.00 0.00 0
84190 0.00 0.00 0.00 0
84191 0.00 0.00 0.00 0
84192 0.00 0.00 0.00 0
84193 0.00 0.00 0.00 0
84194 0.00 0.00 0.00 0
84195 0.00 0.00 0.00 0
84196 0.00 0.00 0.00 0
84197 0.00 0.00 0.00 0
84198 0.00 0.00 0.00 0
84199 0.00 0.00 0.00 0
92722 0.00 0.00 0.00 0
92723 0.00 0.00 0.00 0
92724 0.00 0.00 0.00 0
92725 0.00 0.00 0.00 0
92726 0.00 0.00 0.00 0
93052 0.00 0.00 0.00 0
93053 0.00 0.00 0.00 0
93054 0.00 0.00 0.00 0
93055 0.00 0.00 0.00 0
93056 0.00 0.00 0.00 0
93057 0.00 0.00 0.00 0
93058 0.00 0.00 0.00 0
93059 0.00 0.00 0.00 0
93060 0.00 0.00 0.00 0
93061 0.00 0.00 0.00 0
93062 0.00 0.00 0.00 0
93063 0.00 0.00 0.00 0
93064 0.00 0.00 0.00 0
95292 0.00 0.00 0.00 0
95293 0.00 0.00 0.00 0
95294 0.00 0.00 0.00 0
95295 0.00 0.00 0.00 0
95296 0.00 0.00 0.00 0
95297 0.00 0.00 0.00 0
95298 0.00 0.00 0.00 0
96305 0.00 0.00 0.00 0
96306 0.00 0.00 0.00 0
96307 0.00 0.00 0.00 0
96308 0.00 0.00 0.00 0
96309 0.00 0.00 0.00 0
96310 0.00 0.00 0.00 0
96311 0.00 0.00 0.00 0
96312 0.00 0.00 0.00 0
96313 0.00 0.00 0.00 0
99607 0.00 0.00 0.00 0
99608 0.00 0.00 0.00 0
99609 0.00 0.00 0.00 0
99610 0.00 0.00 0.00 0
99611 0.00 0.00 0.00 0
99612 0.00 0.00 0.00 0
99613 0.00 0.00 0.00 0
99614 0.00 0.00 0.00 0
99615 0.00 0.00 0.00 0
99616 0.00 0.00 0.00 0
99617 0.00 0.00 0.00 0
99618 0.00 0.00 0.00 0
99619 0.00 0.00 0.00 0
99620 0.00 0.00 0.00 0
100594 0.00 0.00 0.00 0
100595 0.00 0.00 0.00 0
100596 0.00 0.00 0.00 0
100597 0.00 0.00 0.00 0
100598 0.00 0.00 0.00 0
100623 0.00 0.00 0.00 0
100624 0.00 0.00 0.00 0
100625 0.00 0.00 0.00 0
100626 0.00 0.00 0.00 0
100627 0.00 0.00 0.00 0
100628 0.00 0.00 0.00 0
100629 0.00 0.00 0.00 0
100630 0.00 0.00 0.00 0
100631 0.00 0.00 0.00 0
100632 0.00 0.00 0.00 0
100633 0.00 0.00 0.00 0
102847 0.00 0.00 0.00 0
102848 0.00 0.00 0.00 0
102849 0.00 0.00 0.00 0
102850 0.00 0.00 0.00 0
102851 0.00 0.00 0.00 0
103843 0.00 0.00 0.00 0
103844 0.00 0.00 0.00 0
103845 0.00 0.00 0.00 0
103846 0.00 0.00 0.00 0
103847 0.00 0.00 0.00 0
103848 0.00 0.00 0.00 0
103849 0.00 0.00 0.00 0
103850 0.00 0.00 0.00 0
103851 0.00 0.00 0.00 0
103853 0.00 0.00 0.00 0
103854 0.00 0.00 0.00 0
103855 0.00 0.00 0.00 0
103856 0.00 0.00 0.00 0
103857 0.00 0.00 0.00 0
103858 0.00 0.00 0.00 0
103859 0.00 0.00 0.00 0
103860 0.00 0.00 0.00 0
103861 0.00 0.00 0.00 0
103862 0.00 0.00 0.00 0
103863 0.00 0.00 0.00 0
107316 0.00 0.00 0.00 0
107317 0.00 0.00 0.00 0
107318 0.00 0.00 0.00 0
107319 0.00 0.00 0.00 0
107320 0.00 0.00 0.00 0
107343 0.00 0.00 0.00 0
107344 0.00 0.00 0.00 0
107345 0.00 0.00 0.00 0
107346 0.00 0.00 0.00 0
107347 0.00 0.00 0.00 0
107352 0.00 0.00 0.00 0
107353 0.00 0.00 0.00 0
110354 0.00 0.00 0.00 0
110356 0.00 0.00 0.00 0
110357 0.00 0.00 0.00 0
110358 0.00 0.00 0.00 0
110359 0.00 0.00 0.00 0
110360 0.00 0.00 0.00 0
110361 0.00 0.00 0.00 0
110362 0.00 0.00 0.00 0
110363 0.00 0.00 0.00 0
110364 0.00 0.00 0.00 0
110365 0.00 0.00 0.00 0
110366 0.00 0.00 0.00 0
110367 0.00 0.00 0.00 0
110368 0.00 0.00 0.00 0
110369 0.00 0.00 0.00 0
110370 0.00 0.00 0.00 0
110371 0.00 0.00 0.00 0
110372 0.00 0.00 0.00 0
110373 0.00 0.00 0.00 0
110374 0.00 0.00 0.00 0
110375 0.00 0.00 0.00 0
110376 0.00 0.00 0.00 0
110377 0.00 0.00 0.00 0
110378 0.00 0.00 0.00 0
110379 0.00 0.00 0.00 0
110380 0.00 0.00 0.00 0
110381 0.00 0.00 0.00 0
110382 0.00 0.00 0.00 0
110383 0.00 0.00 0.00 0
110384 0.00 0.00 0.00 0
110385 0.00 0.00 0.00 0
110387 0.00 0.00 0.00 0
110388 0.00 0.00 0.00 0
110389 0.00 0.00 0.00 0
110390 0.00 0.00 0.00 0
110391 0.00 0.00 0.00 0
110392 0.00 0.00 0.00 0
110393 0.00 0.00 0.00 0
110394 0.00 0.00 0.00 0
110404 0.00 0.00 0.00 0
110405 0.00 0.00 0.00 0
110406 0.00 0.00 0.00 0
110407 0.00 0.00 0.00 0
110408 0.00 0.00 0.00 0
110409 0.00 0.00 0.00 0
110410 0.00 0.00 0.00 0
110411 0.00 0.00 0.00 0
110412 0.00 0.00 0.00 0
110414 0.00 0.00 0.00 0
110415 0.00 0.00 0.00 0
110416 0.00 0.00 0.00 0
110417 0.00 0.00 0.00 0
110418 0.00 0.00 0.00 0
110419 0.00 0.00 0.00 0
110420 0.00 0.00 0.00 0
110421 0.00 0.00 0.00 0
110422 0.00 0.00 0.00 0
110423 0.00 0.00 0.00 0
110424 0.00 0.00 0.00 0
116512 0.00 0.00 0.00 0
116513 0.00 0.00 0.00 0
116514 0.00 0.00 0.00 0
116515 0.00 0.00 0.00 0
116516 0.00 0.00 0.00 0
116517 0.00 0.00 0.00 0
116518 0.00 0.00 0.00 0
116519 0.00 0.00 0.00 0
116520 0.00 0.00 0.00 0
116521 0.00 0.00 0.00 0
116522 0.00 0.00 0.00 0
117280 0.00 0.00 0.00 0
117281 0.00 0.00 0.00 0
117282 0.00 0.00 0.00 0
117283 0.00 0.00 0.00 0
117284 0.00 0.00 0.00 0
117285 0.00 0.00 0.00 0
117286 0.00 0.00 0.00 0
117287 0.00 0.00 0.00 0
117288 0.00 0.00 0.00 0
117289 0.00 0.00 0.00 0
117295 0.00 0.00 0.00 0
117296 0.00 0.00 0.00 0
117297 0.00 0.00 0.00 0
117298 0.00 0.00 0.00 0
117299 0.00 0.00 0.00 0
117300 0.00 0.00 0.00 0
117301 0.00 0.00 0.00 0
117302 0.00 0.00 0.00 0
117303 0.00 0.00 0.00 0
117304 0.00 0.00 0.00 0
117305 0.00 0.00 0.00 0
117306 0.00 0.00 0.00 0
117307 0.00 0.00 0.00 0
117308 0.00 0.00 0.00 0
117309 0.00 0.00 0.00 0
117310 0.00 0.00 0.00 0
119809 0.00 0.00 0.00 0
119810 0.00 0.00 0.00 0
119811 0.00 0.00 0.00 0
119812 0.00 0.00 0.00 0
122508 0.00 0.00 0.00 0
122509 0.00 0.00 0.00 0
122510 0.00 0.00 0.00 0
122511 0.00 0.00 0.00 0
122512 0.00 0.00 0.00 0
122513 0.00 0.00 0.00 0
122514 0.00 0.00 0.00 0
122515 0.00 0.00 0.00 0
124871 0.00 0.00 0.00 0
124872 0.00 0.00 0.00 0
124873 0.00 0.00 0.00 0
124874 0.00 0.00 0.00 0
124875 0.00 0.00 0.00 0
124876 0.00 0.00 0.00 0
124877 0.00 0.00 0.00 0
124878 0.00 0.00 0.00 0
124879 0.00 0.00 0.00 0
124880 0.00 0.00 0.00 0
124881 0.00 0.00 0.00 0
124882 0.00 0.00 0.00 0
124883 0.00 0.00 0.00 0
124884 0.00 0.00 0.00 0
124885 0.00 0.00 0.00 0
124886 0.00 0.00 0.00 0
124887 0.00 0.00 0.00 0
124888 0.00 0.00 0.00 0
124889 0.00 0.00 0.00 0
124890 0.00 0.00 0.00 0
124891 0.00 0.00 0.00 0
124914 0.00 0.00 0.00 0
132205 0.00 0.00 0.00 0
132206 0.00 0.00 0.00 0
132207 0.00 0.00 0.00 0
132208 0.00 0.00 0.00 0
132209 0.00 0.00 0.00 0
132210 0.00 0.00 0.00 0
132211 0.00 0.00 0.00 0
132212 0.00 0.00 0.00 0
132213 0.00 0.00 0.00 0
132214 0.00 0.00 0.00 0
132215 0.00 0.00 0.00 0
132216 0.00 0.00 0.00 0
132217 0.00 0.00 0.00 0
132218 0.00 0.00 0.00 0
132219 0.00 0.00 0.00 0
132220 0.00 0.00 0.00 0
132221 0.00 0.00 0.00 0
132222 0.00 0.00 0.00 0
132223 0.00 0.00 0.00 0
132224 0.00 0.00 0.00 0
132225 0.00 0.00 0.00 0
132226 0.00 0.00 0.00 0
132227 0.00 0.00 0.00 0
132228 0.00 0.00 0.00 0
132229 0.00 0.00 0.00 0
132230 0.00 0.00 0.00 0
134289 0.00 0.00 0.00 0
134290 0.00 0.00 0.00 0
134295 0.00 0.00 0.00 0
134296 0.00 0.00 0.00 0
134297 0.00 0.00 0.00 0
134347 0.00 0.00 0.00 0
134348 0.00 0.00 0.00 0
134349 0.00 0.00 0.00 0
134350 0.00 0.00 0.00 0
134351 0.00 0.00 0.00 0
134352 0.00 0.00 0.00 0
134353 0.00 0.00 0.00 0
134354 0.00 0.00 0.00 0
134355 0.00 0.00 0.00 0
134356 0.00 0.00 0.00 0
134357 0.00 0.00 0.00 0
134358 0.00 0.00 0.00 0
134359 0.00 0.00 0.00 0
134360 0.00 0.00 0.00 0
134361 0.00 0.00 0.00 0
134362 0.00 0.00 0.00 0
134363 0.00 0.00 0.00 0
134364 0.00 0.00 0.00 0
134365 0.00 0.00 0.00 0
134366 0.00 0.00 0.00 0
134367 0.00 0.00 0.00 0
134368 0.00 0.00 0.00 0
138997 0.00 0.00 0.00 0
138998 0.00 0.00 0.00 0
138999 0.00 0.00 0.00 0
139000 0.00 0.00 0.00 0
139001 0.00 0.00 0.00 0
139002 0.00 0.00 0.00 0
139003 0.00 0.00 0.00 0
139004 0.00 0.00 0.00 0
139005 0.00 0.00 0.00 0
139006 0.00 0.00 0.00 0
139007 0.00 0.00 0.00 0
139009 0.00 0.00 0.00 0
139010 0.00 0.00 0.00 0
139012 0.00 0.00 0.00 0
139013 0.00 0.00 0.00 0
141027 0.00 0.00 0.00 0
141028 0.00 0.00 0.00 0
141029 0.00 0.00 0.00 0
141030 0.00 0.00 0.00 0
141031 0.00 0.00 0.00 0
141032 0.00 0.00 0.00 0
141035 0.00 0.00 0.00 0
141036 0.00 0.00 0.00 0
141037 0.00 0.00 0.00 0
141038 0.00 0.00 0.00 0
141039 0.00 0.00 0.00 0
141040 0.00 0.00 0.00 0
141041 0.00 0.00 0.00 0
141042 0.00 0.00 0.00 0
141043 0.00 0.00 0.00 0
141044 0.00 0.00 0.00 0
141045 0.00 0.00 0.00 0
141046 0.00 0.00 0.00 0
141047 0.00 0.00 0.00 0
141048 0.00 0.00 0.00 0
141049 0.00 0.00 0.00 0
141050 0.00 0.00 0.00 0
141051 0.00 0.00 0.00 0
141052 0.00 0.00 0.00 0
141053 0.00 0.00 0.00 0
141054 0.00 0.00 0.00 0
141055 0.00 0.00 0.00 0
141056 0.00 0.00 0.00 0
141057 0.00 0.00 0.00 0
141058 0.00 0.00 0.00 0
141059 0.00 0.00 0.00 0
141060 0.00 0.00 0.00 0
141061 0.00 0.00 0.00 0
141062 0.00 0.00 0.00 0
141063 0.00 0.00 0.00 0
141064 0.00 0.00 0.00 0
141065 0.00 0.00 0.00 0
141066 0.00 0.00 0.00 0
141067 0.00 0.00 0.00 0
141068 0.00 0.00 0.00 0
141069 0.00 0.00 0.00 0
148065 0.00 0.00 0.00 0
148066 0.00 0.00 0.00 0
148110 0.00 0.00 0.00 0
148111 0.00 0.00 0.00 0
148112 0.00 0.00 0.00 0
148113 0.00 0.00 0.00 0
148114 0.00 0.00 0.00 0
148115 0.00 0.00 0.00 0
148116 0.00 0.00 0.00 0
148117 0.00 0.00 0.00 0
148118 0.00 0.00 0.00 0
148119 0.00 0.00 0.00 0
148120 0.00 0.00 0.00 0
148121 0.00 0.00 0.00 0
148122 0.00 0.00 0.00 0
148123 0.00 0.00 0.00 0
148124 0.00 0.00 0.00 0
148125 0.00 0.00 0.00 0
148126 0.00 0.00 0.00 0
148127 0.00 0.00 0.00 0
148128 0.00 0.00 0.00 0
148129 0.00 0.00 0.00 0
148130 0.00 0.00 0.00 0
148131 0.00 0.00 0.00 0
148132 0.00 0.00 0.00 0
148133 0.00 0.00 0.00 0
148134 0.00 0.00 0.00 0
148135 0.00 0.00 0.00 0
154156 0.00 0.00 0.00 0
154157 0.00 0.00 0.00 0
154158 0.00 0.00 0.00 0
154159 0.00 0.00 0.00 0
154160 0.00 0.00 0.00 0
154161 0.00 0.00 0.00 0
154162 0.00 0.00 0.00 0
154168 0.00 0.00 0.00 0
154169 0.00 0.00 0.00 0
154174 0.00 0.00 0.00 0
154175 0.00 0.00 0.00 0
154176 0.00 0.00 0.00 0
154177 0.00 0.00 0.00 0
154178 0.00 0.00 0.00 0
154179 0.00 0.00 0.00 0
154180 0.00 0.00 0.00 0
154181 0.00 0.00 0.00 0
154182 0.00 0.00 0.00 0
154183 0.00 0.00 0.00 0
154184 0.00 0.00 0.00 0
154185 0.00 0.00 0.00 0
154186 0.00 0.00 0.00 0
154187 0.00 0.00 0.00 0
154188 0.00 0.00 0.00 0
154189 0.00 0.00 0.00 0
154190 0.00 0.00 0.00 0
154191 0.00 0.00 0.00 0
154192 0.00 0.00 0.00 0
154193 0.00 0.00 0.00 0
154194 0.00 0.00 0.00 0
154195 0.00 0.00 0.00 0
154196 0.00 0.00 0.00 0
154197 0.00 0.00 0.00 0
154198 0.00 0.00 0.00 0
154199 0.00 0.00 0.00 0
154200 0.00 0.00 0.00 0
154201 0.00 0.00 0.00 0
154202 0.00 0.00 0.00 0
154203 0.00 0.00 0.00 0
154204 0.00 0.00 0.00 0
154205 0.00 0.00 0.00 0
154206 0.00 0.00 0.00 0
154207 0.00 0.00 0.00 0
154208 0.00 0.00 0.00 0
154209 0.00 0.00 0.00 0
154210 0.00 0.00 0.00 0
154211 0.00 0.00 0.00 0
154212 0.00 0.00 0.00 0
154213 0.00 0.00 0.00 0
154214 0.00 0.00 0.00 0
154215 0.00 0.00 0.00 0
154216 0.00 0.00 0.00 0
154217 0.00 0.00 0.00 0
154218 0.00 0.00 0.00 0
154219 0.00 0.00 0.00 0
154220 0.00 0.00 0.00 0
154221 0.00 0.00 0.00 0
154222 0.00 0.00 0.00 0
154223 0.00 0.00 0.00 0
154224 0.00 0.00 0.00 0
154225 0.00 0.00 0.00 0
154226 0.00 0.00 0.00 0
154227 0.00 0.00 0.00 0
154245 0.00 0.00 0.00 0
154246 0.00 0.00 0.00 0
154247 0.00 0.00 0.00 0
154248 0.00 0.00 0.00 0
154249 0.00 0.00 0.00 0
154250 0.00 0.00 0.00 0
154251 0.00 0.00 0.00 0
154252 0.00 0.00 0.00 0
154253 0.00 0.00 0.00 0
154254 0.00 0.00 0.00 0
154255 0.00 0.00 0.00 0
154256 0.00 0.00 0.00 0
154257 0.00 0.00 0.00 0
154258 0.00 0.00 0.00 0
154259 0.00 0.00 0.00 0
154260 0.00 0.00 0.00 0
154261 0.00 0.00 0.00 0
154262 0.00 0.00 0.00 0
154263 0.00 0.00 0.00 0
154264 0.00 0.00 0.00 0
154265 0.00 0.00 0.00 0
154266 0.00 0.00 0.00 0
154267 0.00 0.00 0.00 0
154268 0.00 0.00 0.00 0
154269 0.00 0.00 0.00 0
154270 0.00 0.00 0.00 0
154271 0.00 0.00 0.00 0
154272 0.00 0.00 0.00 0
154273 0.00 0.00 0.00 0
154274 0.00 0.00 0.00 0
154275 0.00 0.00 0.00 0
154276 0.00 0.00 0.00 0
154277 0.00 0.00 0.00 0
154278 0.00 0.00 0.00 0
154279 0.00 0.00 0.00 0
154280 0.00 0.00 0.00 0
154281 0.00 0.00 0.00 0
154282 0.00 0.00 0.00 0
154283 0.00 0.00 0.00 0
154284 0.00 0.00 0.00 0
154285 0.00 0.00 0.00 0
154286 0.00 0.00 0.00 0
154287 0.00 0.00 0.00 0
