# G_rectus
942
122 0.00 0.00 0.00 0
200 0.00 0.00 0.00 0
528 0.00 0.00 0.00 0
530 0.00 0.00 0.00 0
540 0.00 0.00 0.00 0
1164 0.00 0.00 0.00 0
1189 0.00 0.00 0.00 0
1190 0.00 0.00 0.00 0
1191 0.00 0.00 0.00 0
1634 0.00 0.00 0.00 0
2228 0.00 0.00 0.00 0
2229 0.00 0.00 0.00 0
2230 0.00 0.00 0.00 0
2231 0.00 0.00 0.00 0
2261 0.00 0.00 0.00 0
2262 0.00 0.00 0.00 0
3108 0.00 0.00 0.00 0
3109 0.00 0.00 0.00 0
3110 0.00 0.00 0.00 0
3111 0.00 0.00 0.00 0
3480 0.00 0.00 0.00 0
4934 0.00 0.00 0.00 0
4936 0.00 0.00 0.00 0
4937 0.00 0.00 0.00 0
4939 0.00 0.00 0.00 0
4940 0.00 0.00 0.00 0
4941 0.00 0.00 0.00 0
4942 0.00 0.00 0.00 0
4943 0.00 0.00 0.00 0
5005 0.00 0.00 0.00 0
5007 0.00 0.00 0.00 0
5009 0.00 0.00 0.00 0
5010 0.00 0.00 0.00 0
5012 0.00 0.00 0.00 0
5013 0.00 0.00 0.00 0
5014 0.00 0.00 0.00 0
6704 0.00 0.00 0.00 0
6748 0.00 0.00 0.00 0
6749 0.00 0.00 0.00 0
6750 0.00 0.00 0.00 0
6751 0.00 0.00 0.00 0
6752 0.00 0.00 0.00 0
6753 0.00 0.00 0.00 0
9248 0.00 0.00 0.00 0
9249 0.00 0.00 0.00 0
9250 0.00 0.00 0.00 0
9251 0.00 0.00 0.00 0
9252 0.00 0.00 0.00 0
9253 0.00 0.00 0.00 0
9254 0.00 0.00 0.00 0
9255 0.00 0.00 0.00 0
9256 0.00 0.00 0.00 0
9257 0.00 0.00 0.00 0
9258 0.00 0.00 0.00 0
9259 0.00 0.00 0.00 0
9260 0.00 0.00 0.00 0
9342 0.00 0.00 0.00 0
9343 0.00 0.00 0.00 0
9344 0.00 0.00 0.00 0
9345 0.00 0.00 0.00 0
9346 0.00 0.00 0.00 0
10787 0.00 0.00 0.00 0
10788 0.00 0.00 0.00 0
10789 0.00 0.00 0.00 0
10790 0.00 0.00 0.00 0
10791 0.00 0.00 0.00 0
11160 0.00 0.00 0.00 0
11162 0.00 0.00 0.00 0
12614 0.00 0.00 0.00 0
12619 0.00 0.00 0.00 0
12620 0.00 0.00 0.00 0
12621 0.00 0.00 0.00 0
12622 0.00 0.00 0.00 0
12623 0.00 0.00 0.00 0
12685 0.00 0.00 0.00 0
12686 0.00 0.00 0.00 0
12687 0.00 0.00 0.00 0
12688 0.00 0.00 0.00 0
12689 0.00 0.00 0.00 0
12690 0.00 0.00 0.00 0
12691 0.00 0.00 0.00 0
12692 0.00 0.00 0.00 0
12693 0.00 0.00 0.00 0
12694 0.00 0.00 0.00 0
15013 0.00 0.00 0.00 0
15014 0.00 0.00 0.00 0
15085 0.00 0.00 0.00 0
15086 0.00 0.00 0.00 0
15087 0.00 0.00 0.00 0
15088 0.00 0.00 0.00 0
15089 0.00 0.00 0.00 0
15090 0.00 0.00 0.00 0
15091 0.00 0.00 0.00 0
15092 0.00 0.00 0.00 0
15093 0.00 0.00 0.00 0
15094 0.00 0.00 0.00 0
15095 0.00 0.00 0.00 0
15096 0.00 0.00 0.00 0
16805 0.00 0.00 0.00 0
20564 0.00 0.00 0.00 0
20567 0.00 0.00 0.00 0
20568 0.00 0.00 0.00 0
20569 0.00 0.00 0.00 0
20570 0.00 0.00 0.00 0
20571 0.00 0.00 0.00 0
20572 0.00 0.00 0.00 0
20574 0.00 0.00 0.00 0
20576 0.00 0.00 0.00 0
20577 0.00 0.00 0.00 0
20578 0.00 0.00 0.00 0
20579 0.00 0.00 0.00 0
20580 0.00 0.00 0.00 0
20581 0.00 0.00 0.00 0
20582 0.00 0.00 0.00 0
20583 0.00 0.00 0.00 0
20584 0.00 0.00 0.00 0
20585 0.00 0.00 0.00 0
20586 0.00 0.00 0.00 0
20587 0.00 0.00 0.00 0
20588 0.00 0.00 0.00 0
20589 0.00 0.00 0.00 0
20590 0.00 0.00 0.00 0
20591 0.00 0.00 0.00 0
20592 0.00 0.00 0.00 0
20593 0.00 0.00 0.00 0
20594 0.00 0.00 0.00 0
20792 0.00 0.00 0.00 0
20793 0.00 0.00 0.00 0
20794 0.00 0.00 0.00 0
20795 0.00 0.00 0.00 0
20796 0.00 0.00 0.00 0
20797 0.00 0.00 0.00 0
20798 0.00 0.00 0.00 0
20799 0.00 0.00 0.00 0
20800 0.00 0.00 0.00 0
20801 0.00 0.00 0.00 0
20802 0.00 0.00 0.00 0
20803 0.00 0.00 0.00 0
20804 0.00 0.00 0.00 0
20805 0.00 0.00 0.00 0
24027 0.00 0.00 0.00 0
24028 0.00 0.00 0.00 0
24029 0.00 0.00 0.00 0
24030 0.00 0.00 0.00 0
24031 0.00 0.00 0.00 0
24032 0.00 0.00 0.00 0
24033 0.00 0.00 0.00 0
27314 0.00 0.00 0.00 0
27316 0.00 0.00 0.00 0
27317 0.00 0.00 0.00 0
27318 0.00 0.00 0.00 0
27319 0.00 0.00 0.00 0
27323 0.00 0.00 0.00 0
27324 0.00 0.00 0.00 0
27325 0.00 0.00 0.00 0
27326 0.00 0.00 0.00 0
27327 0.00 0.00 0.00 0
27328 0.00 0.00 0.00 0
27329 0.00 0.00 0.00 0
27330 0.00 0.00 0.00 0
27331 0.00 0.00 0.00 0
27451 0.00 0.00 0.00 0
27452 0.00 0.00 0.00 0
27453 0.00 0.00 0.00 0
27454 0.00 0.00 0.00 0
27455 0.00 0.00 0.00 0
27456 0.00 0.00 0.00 0
27457 0.00 0.00 0.00 0
27458 0.00 0.00 0.00 0
28968 0.00 0.00 0.00 0
31004 0.00 0.00 0.00 0
31105 0.00 0.00 0.00 0
31107 0.00 0.00 0.00 0
31108 0.00 0.00 0.00 0
31109 0.00 0.00 0.00 0
31110 0.00 0.00 0.00 0
31111 0.00 0.00 0.00 0
31112 0.00 0.00 0.00 0
31113 0.00 0.00 0.00 0
31114 0.00 0.00 0.00 0
31115 0.00 0.00 0.00 0
31116 0.00 0.00 0.00 0
31117 0.00 0.00 0.00 0
31118 0.00 0.00 0.00 0
31119 0.00 0.00 0.00 0
33498 0.00 0.00 0.00 0
37987 0.00 0.00 0.00 0
37988 0.00 0.00 0.00 0
37991 0.00 0.00 0.00 0
37992 0.00 0.00 0.00 0
37993 0.00 0.00 0.00 0
37994 0.00 0.00 0.00 0
37995 0.00 0.00 0.00 0
37996 0.00 0.00 0.00 0
37997 0.00 0.00 0.00 0
37999 0.00 0.00 0.00 0
38000 0.00 0.00 0.00 0
38001 0.00 0.00 0.00 0
38002 0.00 0.00 0.00 0
38003 0.00 0.00 0.00 0
38004 0.00 0.00 0.00 0
38005 0.00 0.00 0.00 0
38006 0.00 0.00 0.00 0
38007 0.00 0.00 0.00 0
38008 0.00 0.00 0.00 0
38009 0.00 0.00 0.00 0
38010 0.00 0.00 0.00 0
38011 0.00 0.00 0.00 0
38012 0.00 0.00 0.00 0
38013 0.00 0.00 0.00 0
38014 0.00 0.00 0.00 0
38015 0.00 0.00 0.00 0
38016 0.00 0.00 0.00 0
38017 0.00 0.00 0.00 0
38018 0.00 0.00 0.00 0
38019 0.00 0.00 0.00 0
38020 0.00 0.00 0.00 0
38021 0.00 0.00 0.00 0
38022 0.00 0.00 0.00 0
38023 0.00 0.00 0.00 0
38024 0.00 0.00 0.00 0
38265 0.00 0.00 0.00 0
38266 0.00 0.00 0.00 0
38267 0.00 0.00 0.00 0
38268 0.00 0.00 0.00 0
38269 0.00 0.00 0.00 0
38270 0.00 0.00 0.00 0
38271 0.00 0.00 0.00 0
38272 0.00 0.00 0.00 0
38273 0.00 0.00 0.00 0
38274 0.00 0.00 0.00 0
38275 0.00 0.00 0.00 0
38276 0.00 0.00 0.00 0
38277 0.00 0.00 0.00 0
38278 0.00 0.00 0.00 0
41507 0.00 0.00 0.00 0
41508 0.00 0.00 0.00 0
41509 0.00 0.00 0.00 0
41510 0.00 0.00 0.00 0
41511 0.00 0.00 0.00 0
41880 0.00 0.00 0.00 0
41881 0.00 0.00 0.00 0
41882 0.00 0.00 0.00 0
43334 0.00 0.00 0.00 0
43341 0.00 0.00 0.00 0
43405 0.00 0.00 0.00 0
43406 0.00 0.00 0.00 0
43407 0.00 0.00 0.00 0
43408 0.00 0.00 0.00 0
43409 0.00 0.00 0.00 0
43410 0.00 0.00 0.00 0
43411 0.00 0.00 0.00 0
43412 0.00 0.00 0.00 0
43413 0.00 0.00 0.00 0
43414 0.00 0.00 0.00 0
43415 0.00 0.00 0.00 0
43416 0.00 0.00 0.00 0
45734 0.00 0.00 0.00 0
45805 0.00 0.00 0.00 0
45806 0.00 0.00 0.00 0
45807 0.00 0.00 0.00 0
45808 0.00 0.00 0.00 0
45809 0.00 0.00 0.00 0
45810 0.00 0.00 0.00 0
45811 0.00 0.00 0.00 0
45812 0.00 0.00 0.00 0
45813 0.00 0.00 0.00 0
45814 0.00 0.00 0.00 0
45815 0.00 0.00 0.00 0
45816 0.00 0.00 0.00 0
47526 0.00 0.00 0.00 0
51280 0.00 0.00 0.00 0
51282 0.00 0.00 0.00 0
51283 0.00 0.00 0.00 0
51284 0.00 0.00 0.00 0
51287 0.00 0.00 0.00 0
51288 0.00 0.00 0.00 0
51289 0.00 0.00 0.00 0
51290 0.00 0.00 0.00 0
51291 0.00 0.00 0.00 0
51292 0.00 0.00 0.00 0
51296 0.00 0.00 0.00 0
51297 0.00 0.00 0.00 0
51298 0.00 0.00 0.00 0
51299 0.00 0.00 0.00 0
51300 0.00 0.00 0.00 0
51301 0.00 0.00 0.00 0
51302 0.00 0.00 0.00 0
51303 0.00 0.00 0.00 0
51304 0.00 0.00 0.00 0
51305 0.00 0.00 0.00 0
51306 0.00 0.00 0.00 0
51307 0.00 0.00 0.00 0
51308 0.00 0.00 0.00 0
51309 0.00 0.00 0.00 0
51310 0.00 0.00 0.00 0
51311 0.00 0.00 0.00 0
51312 0.00 0.00 0.00 0
51313 0.00 0.00 0.00 0
51314 0.00 0.00 0.00 0
51512 0.00 0.00 0.00 0
51513 0.00 0.00 0.00 0
51514 0.00 0.00 0.00 0
51515 0.00 0.00 0.00 0
51516 0.00 0.00 0.00 0
51517 0.00 0.00 0.00 0
51518 0.00 0.00 0.00 0
51519 0.00 0.00 0.00 0
51520 0.00 0.00 0.00 0
51521 0.00 0.00 0.00 0
51522 0.00 0.00 0.00 0
51523 0.00 0.00 0.00 0
51524 0.00 0.00 0.00 0
51525 0.00 0.00 0.00 0
51526 0.00 0.00 0.00 0
55405 0.00 0.00 0.00 0
55406 0.00 0.00 0.00 0
55407 0.00 0.00 0.00 0
55408 0.00 0.00 0.00 0
55409 0.00 0.00 0.00 0
55410 0.00 0.00 0.00 0
55411 0.00 0.00 0.00 0
55412 0.00 0.00 0.00 0
55413 0.00 0.00 0.00 0
55414 0.00 0.00 0.00 0
55415 0.00 0.00 0.00 0
55416 0.00 0.00 0.00 0
56520 0.00 0.00 0.00 0
56523 0.00 0.00 0.00 0
60884 0.00 0.00 0.00 0
60886 0.00 0.00 0.00 0
60888 0.00 0.00 0.00 0
60889 0.00 0.00 0.00 0
60890 0.00 0.00 0.00 0
60891 0.00 0.00 0.00 0
60892 0.00 0.00 0.00 0
60896 0.00 0.00 0.00 0
60897 0.00 0.00 0.00 0
60898 0.00 0.00 0.00 0
60899 0.00 0.00 0.00 0
60900 0.00 0.00 0.00 0
60901 0.00 0.00 0.00 0
60902 0.00 0.00 0.00 0
60903 0.00 0.00 0.00 0
60904 0.00 0.00 0.00 0
60905 0.00 0.00 0.00 0
60906 0.00 0.00 0.00 0
60907 0.00 0.00 0.00 0
60908 0.00 0.00 0.00 0
60909 0.00 0.00 0.00 0
60910 0.00 0.00 0.00 0
60911 0.00 0.00 0.00 0
60912 0.00 0.00 0.00 0
60913 0.00 0.00 0.00 0
61095 0.00 0.00 0.00 0
61096 0.00 0.00 0.00 0
61097 0.00 0.00 0.00 0
61098 0.00 0.00 0.00 0
61099 0.00 0.00 0.00 0
61105 0.00 0.00 0.00 0
61109 0.00 0.00 0.00 0
61110 0.00 0.00 0.00 0
61111 0.00 0.00 0.00 0
61112 0.00 0.00 0.00 0
61113 0.00 0.00 0.00 0
61117 0.00 0.00 0.00 0
61118 0.00 0.00 0.00 0
61119 0.00 0.00 0.00 0
61120 0.00 0.00 0.00 0
61121 0.00 0.00 0.00 0
61122 0.00 0.00 0.00 0
61123 0.00 0.00 0.00 0
61124 0.00 0.00 0.00 0
68080 0.00 0.00 0.00 0
68081 0.00 0.00 0.00 0
68082 0.00 0.00 0.00 0
68084 0.00 0.00 0.00 0
68295 0.00 0.00 0.00 0
68297 0.00 0.00 0.00 0
68298 0.00 0.00 0.00 0
68299 0.00 0.00 0.00 0
68300 0.00 0.00 0.00 0
68302 0.00 0.00 0.00 0
68303 0.00 0.00 0.00 0
68304 0.00 0.00 0.00 0
68305 0.00 0.00 0.00 0
68306 0.00 0.00 0.00 0
68307 0.00 0.00 0.00 0
68308 0.00 0.00 0.00 0
68309 0.00 0.00 0.00 0
68310 0.00 0.00 0.00 0
68311 0.00 0.00 0.00 0
68312 0.00 0.00 0.00 0
68313 0.00 0.00 0.00 0
68314 0.00 0.00 0.00 0
68315 0.00 0.00 0.00 0
68316 0.00 0.00 0.00 0
68317 0.00 0.00 0.00 0
68318 0.00 0.00 0.00 0
68319 0.00 0.00 0.00 0
68320 0.00 0.00 0.00 0
68321 0.00 0.00 0.00 0
68322 0.00 0.00 0.00 0
68323 0.00 0.00 0.00 0
68324 0.00 0.00 0.00 0
68325 0.00 0.00 0.00 0
68326 0.00 0.00 0.00 0
68327 0.00 0.00 0.00 0
68328 0.00 0.00 0.00 0
68329 0.00 0.00 0.00 0
68330 0.00 0.00 0.00 0
68331 0.00 0.00 0.00 0
84730 0.00 0.00 0.00 0
84731 0.00 0.00 0.00 0
84732 0.00 0.00 0.00 0
84733 0.00 0.00 0.00 0
84734 0.00 0.00 0.00 0
84741 0.00 0.00 0.00 0
84742 0.00 0.00 0.00 0
84743 0.00 0.00 0.00 0
84744 0.00 0.00 0.00 0
84745 0.00 0.00 0.00 0
84746 0.00 0.00 0.00 0
84747 0.00 0.00 0.00 0
84748 0.00 0.00 0.00 0
84749 0.00 0.00 0.00 0
84750 0.00 0.00 0.00 0
84751 0.00 0.00 0.00 0
84752 0.00 0.00 0.00 0
84753 0.00 0.00 0.00 0
84754 0.00 0.00 0.00 0
84755 0.00 0.00 0.00 0
84756 0.00 0.00 0.00 0
84757 0.00 0.00 0.00 0
84761 0.00 0.00 0.00 0
84762 0.00 0.00 0.00 0
84763 0.00 0.00 0.00 0
84764 0.00 0.00 0.00 0
84765 0.00 0.00 0.00 0
84766 0.00 0.00 0.00 0
84767 0.00 0.00 0.00 0
84768 0.00 0.00 0.00 0
84769 0.00 0.00 0.00 0
84770 0.00 0.00 0.00 0
84771 0.00 0.00 0.00 0
84772 0.00 0.00 0.00 0
84773 0.00 0.00 0.00 0
84774 0.00 0.00 0.00 0
84775 0.00 0.00 0.00 0
84776 0.00 0.00 0.00 0
84777 0.00 0.00 0.00 0
84778 0.00 0.00 0.00 0
84779 0.00 0.00 0.00 0
84780 0.00 0.00 0.00 0
84781 0.00 0.00 0.00 0
84782 0.00 0.00 0.00 0
84783 0.00 0.00 0.00 0
84784 0.00 0.00 0.00 0
84785 0.00 0.00 0.00 0
84786 0.00 0.00 0.00 0
84787 0.00 0.00 0.00 0
84788 0.00 0.00 0.00 0
84789 0.00 0.00 0.00 0
84790 0.00 0.00 0.00 0
84791 0.00 0.00 0.00 0
84792 0.00 0.00 0.00 0
84793 0.00 0.00 0.00 0
84794 0.00 0.00 0.00 0
84795 0.00 0.00 0.00 0
84796 0.00 0.00 0.00 0
84797 0.00 0.00 0.00 0
84798 0.00 0.00 0.00 0
84799 0.00 0.00 0.00 0
84800 0.00 0.00 0.00 0
84801 0.00 0.00 0.00 0
84802 0.00 0.00 0.00 0
84803 0.00 0.00 0.00 0
84804 0.00 0.00 0.00 0
84805 0.00 0.00 0.00 0
84806 0.00 0.00 0.00 0
84807 0.00 0.00 0.00 0
84808 0.00 0.00 0.00 0
84809 0.00 0.00 0.00 0
84810 0.00 0.00 0.00 0
84811 0.00 0.00 0.00 0
84812 0.00 0.00 0.00 0
84813 0.00 0.00 0.00 0
84814 0.00 0.00 0.00 0
84815 0.00 0.00 0.00 0
84816 0.00 0.00 0.00 0
84817 0.00 0.00 0.00 0
84818 0.00 0.00 0.00 0
84819 0.00 0.00 0.00 0
84820 0.00 0.00 0.00 0
84821 0.00 0.00 0.00 0
84822 0.00 0.00 0.00 0
84823 0.00 0.00 0.00 0
84824 0.00 0.00 0.00 0
85417 0.00 0.00 0.00 0
85419 0.00 0.00 0.00 0
85420 0.00 0.00 0.00 0
85421 0.00 0.00 0.00 0
85422 0.00 0.00 0.00 0
85423 0.00 0.00 0.00 0
85424 0.00 0.00 0.00 0
85425 0.00 0.00 0.00 0
85426 0.00 0.00 0.00 0
85427 0.00 0.00 0.00 0
85428 0.00 0.00 0.00 0
85429 0.00 0.00 0.00 0
85430 0.00 0.00 0.00 0
85431 0.00 0.00 0.00 0
85432 0.00 0.00 0.00 0
85433 0.00 0.00 0.00 0
85434 0.00 0.00 0.00 0
85435 0.00 0.00 0.00 0
85436 0.00 0.00 0.00 0
85437 0.00 0.00 0.00 0
85438 0.00 0.00 0.00 0
85439 0.00 0.00 0.00 0
85440 0.00 0.00 0.00 0
85441 0.00 0.00 0.00 0
85442 0.00 0.00 0.00 0
85443 0.00 0.00 0.00 0
85444 0.00 0.00 0.00 0
85445 0.00 0.00 0.00 0
85446 0.00 0.00 0.00 0
85447 0.00 0.00 0.00 0
85448 0.00 0.00 0.00 0
85449 0.00 0.00 0.00 0
85450 0.00 0.00 0.00 0
85451 0.00 0.00 0.00 0
85452 0.00 0.00 0.00 0
85453 0.00 0.00 0.00 0
85454 0.00 0.00 0.00 0
85455 0.00 0.00 0.00 0
85456 0.00 0.00 0.00 0
93147 0.00 0.00 0.00 0
93148 0.00 0.00 0.00 0
93149 0.00 0.00 0.00 0
93150 0.00 0.00 0.00 0
93151 0.00 0.00 0.00 0
93152 0.00 0.00 0.00 0
93153 0.00 0.00 0.00 0
93816 0.00 0.00 0.00 0
93817 0.00 0.00 0.00 0
93818 0.00 0.00 0.00 0
93819 0.00 0.00 0.00 0
96434 0.00 0.00 0.00 0
96443 0.00 0.00 0.00 0
96444 0.00 0.00 0.00 0
96445 0.00 0.00 0.00 0
96446 0.00 0.00 0.00 0
96447 0.00 0.00 0.00 0
96448 0.00 0.00 0.00 0
96449 0.00 0.00 0.00 0
96450 0.00 0.00 0.00 0
96451 0.00 0.00 0.00 0
96561 0.00 0.00 0.00 0
96562 0.00 0.00 0.00 0
96563 0.00 0.00 0.00 0
96564 0.00 0.00 0.00 0
96565 0.00 0.00 0.00 0
96566 0.00 0.00 0.00 0
96567 0.00 0.00 0.00 0
96568 0.00 0.00 0.00 0
96569 0.00 0.00 0.00 0
96570 0.00 0.00 0.00 0
96571 0.00 0.00 0.00 0
96572 0.00 0.00 0.00 0
96573 0.00 0.00 0.00 0
96574 0.00 0.00 0.00 0
96575 0.00 0.00 0.00 0
96576 0.00 0.00 0.00 0
96577 0.00 0.00 0.00 0
96578 0.00 0.00 0.00 0
96579 0.00 0.00 0.00 0
96580 0.00 0.00 0.00 0
100753 0.00 0.00 0.00 0
100754 0.00 0.00 0.00 0
100881 0.00 0.00 0.00 0
100882 0.00 0.00 0.00 0
100883 0.00 0.00 0.00 0
100884 0.00 0.00 0.00 0
100885 0.00 0.00 0.00 0
100886 0.00 0.00 0.00 0
100887 0.00 0.00 0.00 0
100888 0.00 0.00 0.00 0
100889 0.00 0.00 0.00 0
100890 0.00 0.00 0.00 0
100891 0.00 0.00 0.00 0
100892 0.00 0.00 0.00 0
100893 0.00 0.00 0.00 0
100894 0.00 0.00 0.00 0
100895 0.00 0.00 0.00 0
100896 0.00 0.00 0.00 0
100897 0.00 0.00 0.00 0
100898 0.00 0.00 0.00 0
100899 0.00 0.00 0.00 0
100900 0.00 0.00 0.00 0
100901 0.00 0.00 0.00 0
100902 0.00 0.00 0.00 0
110743 0.00 0.00 0.00 0
110744 0.00 0.00 0.00 0
110749 0.00 0.00 0.00 0
110750 0.00 0.00 0.00 0
110751 0.00 0.00 0.00 0
110752 0.00 0.00 0.00 0
110753 0.00 0.00 0.00 0
110754 0.00 0.00 0.00 0
110755 0.00 0.00 0.00 0
110756 0.00 0.00 0.00 0
110757 0.00 0.00 0.00 0
110758 0.00 0.00 0.00 0
110762 0.00 0.00 0.00 0
110763 0.00 0.00 0.00 0
110764 0.00 0.00 0.00 0
110765 0.00 0.00 0.00 0
110766 0.00 0.00 0.00 0
110767 0.00 0.00 0.00 0
110768 0.00 0.00 0.00 0
110769 0.00 0.00 0.00 0
110770 0.00 0.00 0.00 0
110771 0.00 0.00 0.00 0
110772 0.00 0.00 0.00 0
110773 0.00 0.00 0.00 0
110774 0.00 0.00 0.00 0
110775 0.00 0.00 0.00 0
110776 0.00 0.00 0.00 0
110777 0.00 0.00 0.00 0
110778 0.00 0.00 0.00 0
110779 0.00 0.00 0.00 0
110780 0.00 0.00 0.00 0
110781 0.00 0.00 0.00 0
110782 0.00 0.00 0.00 0
110783 0.00 0.00 0.00 0
110784 0.00 0.00 0.00 0
110785 0.00 0.00 0.00 0
110786 0.00 0.00 0.00 0
110787 0.00 0.00 0.00 0
110788 0.00 0.00 0.00 0
110789 0.00 0.00 0.00 0
110790 0.00 0.00 0.00 0
110791 0.00 0.00 0.00 0
110792 0.00 0.00 0.00 0
110793 0.00 0.00 0.00 0
110794 0.00 0.00 0.00 0
110795 0.00 0.00 0.00 0
110796 0.00 0.00 0.00 0
110797 0.00 0.00 0.00 0
110798 0.00 0.00 0.00 0
111154 0.00 0.00 0.00 0
111155 0.00 0.00 0.00 0
111156 0.00 0.00 0.00 0
111157 0.00 0.00 0.00 0
111158 0.00 0.00 0.00 0
111159 0.00 0.00 0.00 0
111160 0.00 0.00 0.00 0
111161 0.00 0.00 0.00 0
111162 0.00 0.00 0.00 0
111163 0.00 0.00 0.00 0
111164 0.00 0.00 0.00 0
111165 0.00 0.00 0.00 0
111166 0.00 0.00 0.00 0
111167 0.00 0.00 0.00 0
111168 0.00 0.00 0.00 0
111169 0.00 0.00 0.00 0
111170 0.00 0.00 0.00 0
111171 0.00 0.00 0.00 0
111172 0.00 0.00 0.00 0
111173 0.00 0.00 0.00 0
111174 0.00 0.00 0.00 0
111175 0.00 0.00 0.00 0
111176 0.00 0.00 0.00 0
111177 0.00 0.00 0.00 0
111178 0.00 0.00 0.00 0
117404 0.00 0.00 0.00 0
117502 0.00 0.00 0.00 0
117503 0.00 0.00 0.00 0
117504 0.00 0.00 0.00 0
117505 0.00 0.00 0.00 0
117506 0.00 0.00 0.00 0
117507 0.00 0.00 0.00 0
117508 0.00 0.00 0.00 0
117509 0.00 0.00 0.00 0
117510 0.00 0.00 0.00 0
117511 0.00 0.00 0.00 0
117512 0.00 0.00 0.00 0
117513 0.00 0.00 0.00 0
117514 0.00 0.00 0.00 0
117515 0.00 0.00 0.00 0
117516 0.00 0.00 0.00 0
117517 0.00 0.00 0.00 0
117518 0.00 0.00 0.00 0
117519 0.00 0.00 0.00 0
125174 0.00 0.00 0.00 0
125175 0.00 0.00 0.00 0
125176 0.00 0.00 0.00 0
125177 0.00 0.00 0.00 0
125178 0.00 0.00 0.00 0
125179 0.00 0.00 0.00 0
125181 0.00 0.00 0.00 0
125182 0.00 0.00 0.00 0
125183 0.00 0.00 0.00 0
125184 0.00 0.00 0.00 0
125185 0.00 0.00 0.00 0
125190 0.00 0.00 0.00 0
125191 0.00 0.00 0.00 0
125192 0.00 0.00 0.00 0
125193 0.00 0.00 0.00 0
125194 0.00 0.00 0.00 0
125195 0.00 0.00 0.00 0
125196 0.00 0.00 0.00 0
125197 0.00 0.00 0.00 0
125198 0.00 0.00 0.00 0
125199 0.00 0.00 0.00 0
125200 0.00 0.00 0.00 0
125201 0.00 0.00 0.00 0
125202 0.00 0.00 0.00 0
125203 0.00 0.00 0.00 0
125204 0.00 0.00 0.00 0
125205 0.00 0.00 0.00 0
125206 0.00 0.00 0.00 0
125207 0.00 0.00 0.00 0
125208 0.00 0.00 0.00 0
125209 0.00 0.00 0.00 0
125210 0.00 0.00 0.00 0
125211 0.00 0.00 0.00 0
125212 0.00 0.00 0.00 0
125213 0.00 0.00 0.00 0
125214 0.00 0.00 0.00 0
125215 0.00 0.00 0.00 0
125474 0.00 0.00 0.00 0
125492 0.00 0.00 0.00 0
125493 0.00 0.00 0.00 0
125494 0.00 0.00 0.00 0
125495 0.00 0.00 0.00 0
125496 0.00 0.00 0.00 0
125497 0.00 0.00 0.00 0
125498 0.00 0.00 0.00 0
125499 0.00 0.00 0.00 0
125500 0.00 0.00 0.00 0
125501 0.00 0.00 0.00 0
125502 0.00 0.00 0.00 0
125503 0.00 0.00 0.00 0
125504 0.00 0.00 0.00 0
125505 0.00 0.00 0.00 0
125506 0.00 0.00 0.00 0
125507 0.00 0.00 0.00 0
125508 0.00 0.00 0.00 0
125509 0.00 0.00 0.00 0
125510 0.00 0.00 0.00 0
125511 0.00 0.00 0.00 0
129096 0.00 0.00 0.00 0
129097 0.00 0.00 0.00 0
129098 0.00 0.00 0.00 0
134619 0.00 0.00 0.00 0
134620 0.00 0.00 0.00 0
134624 0.00 0.00 0.00 0
134895 0.00 0.00 0.00 0
134902 0.00 0.00 0.00 0
134903 0.00 0.00 0.00 0
134904 0.00 0.00 0.00 0
134905 0.00 0.00 0.00 0
134906 0.00 0.00 0.00 0
134907 0.00 0.00 0.00 0
134908 0.00 0.00 0.00 0
134909 0.00 0.00 0.00 0
134910 0.00 0.00 0.00 0
134911 0.00 0.00 0.00 0
134912 0.00 0.00 0.00 0
134913 0.00 0.00 0.00 0
134914 0.00 0.00 0.00 0
134915 0.00 0.00 0.00 0
134916 0.00 0.00 0.00 0
134917 0.00 0.00 0.00 0
134918 0.00 0.00 0.00 0
134919 0.00 0.00 0.00 0
134920 0.00 0.00 0.00 0
134921 0.00 0.00 0.00 0
134922 0.00 0.00 0.00 0
134923 0.00 0.00 0.00 0
134924 0.00 0.00 0.00 0
134925 0.00 0.00 0.00 0
134926 0.00 0.00 0.00 0
134927 0.00 0.00 0.00 0
134928 0.00 0.00 0.00 0
134929 0.00 0.00 0.00 0
134930 0.00 0.00 0.00 0
134931 0.00 0.00 0.00 0
134932 0.00 0.00 0.00 0
134933 0.00 0.00 0.00 0
134934 0.00 0.00 0.00 0
134935 0.00 0.00 0.00 0
134936 0.00 0.00 0.00 0
134937 0.00 0.00 0.00 0
141317 0.00 0.00 0.00 0
141635 0.00 0.00 0.00 0
141636 0.00 0.00 0.00 0
154926 0.00 0.00 0.00 0
154927 0.00 0.00 0.00 0
154928 0.00 0.00 0.00 0
154936 0.00 0.00 0.00 0
154937 0.00 0.00 0.00 0
154938 0.00 0.00 0.00 0
154939 0.00 0.00 0.00 0
154940 0.00 0.00 0.00 0
154941 0.00 0.00 0.00 0
154942 0.00 0.00 0.00 0
154943 0.00 0.00 0.00 0
154944 0.00 0.00 0.00 0
154945 0.00 0.00 0.00 0
154946 0.00 0.00 0.00 0
154947 0.00 0.00 0.00 0
154948 0.00 0.00 0.00 0
154949 0.00 0.00 0.00 0
154950 0.00 0.00 0.00 0
154951 0.00 0.00 0.00 0
154952 0.00 0.00 0.00 0
154953 0.00 0.00 0.00 0
154954 0.00 0.00 0.00 0
154955 0.00 0.00 0.00 0
154959 0.00 0.00 0.00 0
154960 0.00 0.00 0.00 0
154961 0.00 0.00 0.00 0
154962 0.00 0.00 0.00 0
154963 0.00 0.00 0.00 0
154964 0.00 0.00 0.00 0
154966 0.00 0.00 0.00 0
154967 0.00 0.00 0.00 0
154968 0.00 0.00 0.00 0
154969 0.00 0.00 0.00 0
154970 0.00 0.00 0.00 0
154971 0.00 0.00 0.00 0
154972 0.00 0.00 0.00 0
154973 0.00 0.00 0.00 0
154974 0.00 0.00 0.00 0
154975 0.00 0.00 0.00 0
154976 0.00 0.00 0.00 0
154977 0.00 0.00 0.00 0
154978 0.00 0.00 0.00 0
154979 0.00 0.00 0.00 0
154980 0.00 0.00 0.00 0
154981 0.00 0.00 0.00 0
154982 0.00 0.00 0.00 0
154983 0.00 0.00 0.00 0
154984 0.00 0.00 0.00 0
154985 0.00 0.00 0.00 0
154986 0.00 0.00 0.00 0
154987 0.00 0.00 0.00 0
154988 0.00 0.00 0.00 0
154989 0.00 0.00 0.00 0
154990 0.00 0.00 0.00 0
154991 0.00 0.00 0.00 0
154992 0.00 0.00 0.00 0
154993 0.00 0.00 0.00 0
154994 0.00 0.00 0.00 0
154995 0.00 0.00 0.00 0
154996 0.00 0.00 0.00 0
154997 0.00 0.00 0.00 0
154998 0.00 0.00 0.00 0
154999 0.00 0.00 0.00 0
155000 0.00 0.00 0.00 0
155001 0.00 0.00 0.00 0
155002 0.00 0.00 0.00 0
155003 0.00 0.00 0.00 0
155004 0.00 0.00 0.00 0
155005 0.00 0.00 0.00 0
155006 0.00 0.00 0.00 0
155007 0.00 0.00 0.00 0
155008 0.00 0.00 0.00 0
155009 0.00 0.00 0.00 0
155010 0.00 0.00 0.00 0
155011 0.00 0.00 0.00 0
155012 0.00 0.00 0.00 0
155013 0.00 0.00 0.00 0
155014 0.00 0.00 0.00 0
155015 0.00 0.00 0.00 0
155016 0.00 0.00 0.00 0
155017 0.00 0.00 0.00 0
155018 0.00 0.00 0.00 0
155019 0.00 0.00 0.00 0
155020 0.00 0.00 0.00 0
155021 0.00 0.00 0.00 0
155022 0.00 0.00 0.00 0
155023 0.00 0.00 0.00 0
155024 0.00 0.00 0.00 0
155025 0.00 0.00 0.00 0
155026 0.00 0.00 0.00 0
155027 0.00 0.00 0.00 0
155028 0.00 0.00 0.00 0
155029 0.00 0.00 0.00 0
155030 0.00 0.00 0.00 0
155031 0.00 0.00 0.00 0
155032 0.00 0.00 0.00 0
155033 0.00 0.00 0.00 0
155034 0.00 0.00 0.00 0
155035 0.00 0.00 0.00 0
155036 0.00 0.00 0.00 0
155061 0.00 0.00 0.00 0
155062 0.00 0.00 0.00 0
155063 0.00 0.00 0.00 0
155753 0.00 0.00 0.00 0
155754 0.00 0.00 0.00 0
155759 0.00 0.00 0.00 0
155760 0.00 0.00 0.00 0
155761 0.00 0.00 0.00 0
155762 0.00 0.00 0.00 0
155763 0.00 0.00 0.00 0
155764 0.00 0.00 0.00 0
155765 0.00 0.00 0.00 0
155766 0.00 0.00 0.00 0
155767 0.00 0.00 0.00 0
155768 0.00 0.00 0.00 0
155769 0.00 0.00 0.00 0
155770 0.00 0.00 0.00 0
155771 0.00 0.00 0.00 0
155772 0.00 0.00 0.00 0
155773 0.00 0.00 0.00 0
155774 0.00 0.00 0.00 0
155775 0.00 0.00 0.00 0
155776 0.00 0.00 0.00 0
155777 0.00 0.00 0.00 0
155778 0.00 0.00 0.00 0
155779 0.00 0.00 0.00 0
155780 0.00 0.00 0.00 0
155781 0.00 0.00 0.00 0
155782 0.00 0.00 0.00 0
155783 0.00 0.00 0.00 0
155784 0.00 0.00 0.00 0
155785 0.00 0.00 0.00 0
155786 0.00 0.00 0.00 0
155787 0.00 0.00 0.00 0
155788 0.00 0.00 0.00 0
155789 0.00 0.00 0.00 0
155790 0.00 0.00 0.00 0
155791 0.00 0.00 0.00 0
155792 0.00 0.00 0.00 0
155793 0.00 0.00 0.00 0
155794 0.00 0.00 0.00 0
155795 0.00 0.00 0.00 0
155798 0.00 0.00 0.00 0
