# G_subcallosal
248
275 0.00 0.00 0.00 0
2258 0.00 0.00 0.00 0
2259 0.00 0.00 0.00 0
2260 0.00 0.00 0.00 0
5002 0.00 0.00 0.00 0
5003 0.00 0.00 0.00 0
5004 0.00 0.00 0.00 0
5006 0.00 0.00 0.00 0
5008 0.00 0.00 0.00 0
5011 0.00 0.00 0.00 0
6746 0.00 0.00 0.00 0
7685 0.00 0.00 0.00 0
9335 0.00 0.00 0.00 0
9336 0.00 0.00 0.00 0
12682 0.00 0.00 0.00 0
12683 0.00 0.00 0.00 0
12684 0.00 0.00 0.00 0
16878 0.00 0.00 0.00 0
16880 0.00 0.00 0.00 0
20770 0.00 0.00 0.00 0
20771 0.00 0.00 0.00 0
20774 0.00 0.00 0.00 0
20775 0.00 0.00 0.00 0
20776 0.00 0.00 0.00 0
20777 0.00 0.00 0.00 0
20778 0.00 0.00 0.00 0
20779 0.00 0.00 0.00 0
20780 0.00 0.00 0.00 0
20781 0.00 0.00 0.00 0
20782 0.00 0.00 0.00 0
20784 0.00 0.00 0.00 0
20785 0.00 0.00 0.00 0
20791 0.00 0.00 0.00 0
27436 0.00 0.00 0.00 0
27437 0.00 0.00 0.00 0
27438 0.00 0.00 0.00 0
27439 0.00 0.00 0.00 0
27440 0.00 0.00 0.00 0
27442 0.00 0.00 0.00 0
27443 0.00 0.00 0.00 0
27444 0.00 0.00 0.00 0
27445 0.00 0.00 0.00 0
27446 0.00 0.00 0.00 0
27447 0.00 0.00 0.00 0
27448 0.00 0.00 0.00 0
27449 0.00 0.00 0.00 0
27450 0.00 0.00 0.00 0
31100 0.00 0.00 0.00 0
33477 0.00 0.00 0.00 0
33478 0.00 0.00 0.00 0
33479 0.00 0.00 0.00 0
33480 0.00 0.00 0.00 0
33488 0.00 0.00 0.00 0
38243 0.00 0.00 0.00 0
38244 0.00 0.00 0.00 0
38245 0.00 0.00 0.00 0
38246 0.00 0.00 0.00 0
38247 0.00 0.00 0.00 0
38248 0.00 0.00 0.00 0
38249 0.00 0.00 0.00 0
38255 0.00 0.00 0.00 0
38264 0.00 0.00 0.00 0
43402 0.00 0.00 0.00 0
43403 0.00 0.00 0.00 0
43404 0.00 0.00 0.00 0
51490 0.00 0.00 0.00 0
51491 0.00 0.00 0.00 0
51492 0.00 0.00 0.00 0
51494 0.00 0.00 0.00 0
51495 0.00 0.00 0.00 0
51496 0.00 0.00 0.00 0
51497 0.00 0.00 0.00 0
51498 0.00 0.00 0.00 0
51499 0.00 0.00 0.00 0
51500 0.00 0.00 0.00 0
51501 0.00 0.00 0.00 0
51502 0.00 0.00 0.00 0
51503 0.00 0.00 0.00 0
51504 0.00 0.00 0.00 0
51505 0.00 0.00 0.00 0
51511 0.00 0.00 0.00 0
61087 0.00 0.00 0.00 0
61088 0.00 0.00 0.00 0
61089 0.00 0.00 0.00 0
61090 0.00 0.00 0.00 0
61091 0.00 0.00 0.00 0
61092 0.00 0.00 0.00 0
61093 0.00 0.00 0.00 0
61094 0.00 0.00 0.00 0
61100 0.00 0.00 0.00 0
61101 0.00 0.00 0.00 0
61102 0.00 0.00 0.00 0
61103 0.00 0.00 0.00 0
61104 0.00 0.00 0.00 0
61106 0.00 0.00 0.00 0
61107 0.00 0.00 0.00 0
61108 0.00 0.00 0.00 0
61114 0.00 0.00 0.00 0
61115 0.00 0.00 0.00 0
61116 0.00 0.00 0.00 0
73675 0.00 0.00 0.00 0
73676 0.00 0.00 0.00 0
73677 0.00 0.00 0.00 0
73678 0.00 0.00 0.00 0
73679 0.00 0.00 0.00 0
73680 0.00 0.00 0.00 0
73681 0.00 0.00 0.00 0
73682 0.00 0.00 0.00 0
73683 0.00 0.00 0.00 0
73684 0.00 0.00 0.00 0
73685 0.00 0.00 0.00 0
73686 0.00 0.00 0.00 0
73708 0.00 0.00 0.00 0
85350 0.00 0.00 0.00 0
85352 0.00 0.00 0.00 0
85365 0.00 0.00 0.00 0
85366 0.00 0.00 0.00 0
85367 0.00 0.00 0.00 0
85368 0.00 0.00 0.00 0
85369 0.00 0.00 0.00 0
85370 0.00 0.00 0.00 0
85371 0.00 0.00 0.00 0
85372 0.00 0.00 0.00 0
85373 0.00 0.00 0.00 0
85374 0.00 0.00 0.00 0
85375 0.00 0.00 0.00 0
85376 0.00 0.00 0.00 0
85377 0.00 0.00 0.00 0
85378 0.00 0.00 0.00 0
85379 0.00 0.00 0.00 0
85380 0.00 0.00 0.00 0
85381 0.00 0.00 0.00 0
85382 0.00 0.00 0.00 0
85395 0.00 0.00 0.00 0
85396 0.00 0.00 0.00 0
85397 0.00 0.00 0.00 0
85418 0.00 0.00 0.00 0
96556 0.00 0.00 0.00 0
96557 0.00 0.00 0.00 0
96558 0.00 0.00 0.00 0
96559 0.00 0.00 0.00 0
96560 0.00 0.00 0.00 0
104111 0.00 0.00 0.00 0
104112 0.00 0.00 0.00 0
104113 0.00 0.00 0.00 0
104114 0.00 0.00 0.00 0
111114 0.00 0.00 0.00 0
111115 0.00 0.00 0.00 0
111116 0.00 0.00 0.00 0
111117 0.00 0.00 0.00 0
111123 0.00 0.00 0.00 0
111124 0.00 0.00 0.00 0
111125 0.00 0.00 0.00 0
111126 0.00 0.00 0.00 0
111127 0.00 0.00 0.00 0
111128 0.00 0.00 0.00 0
111129 0.00 0.00 0.00 0
111130 0.00 0.00 0.00 0
111131 0.00 0.00 0.00 0
111132 0.00 0.00 0.00 0
111133 0.00 0.00 0.00 0
111134 0.00 0.00 0.00 0
111135 0.00 0.00 0.00 0
111141 0.00 0.00 0.00 0
111142 0.00 0.00 0.00 0
111143 0.00 0.00 0.00 0
111153 0.00 0.00 0.00 0
125458 0.00 0.00 0.00 0
125459 0.00 0.00 0.00 0
125460 0.00 0.00 0.00 0
125461 0.00 0.00 0.00 0
125462 0.00 0.00 0.00 0
125463 0.00 0.00 0.00 0
125464 0.00 0.00 0.00 0
125465 0.00 0.00 0.00 0
125466 0.00 0.00 0.00 0
125467 0.00 0.00 0.00 0
125468 0.00 0.00 0.00 0
125470 0.00 0.00 0.00 0
125471 0.00 0.00 0.00 0
125472 0.00 0.00 0.00 0
125473 0.00 0.00 0.00 0
125475 0.00 0.00 0.00 0
125476 0.00 0.00 0.00 0
125477 0.00 0.00 0.00 0
125478 0.00 0.00 0.00 0
125479 0.00 0.00 0.00 0
125480 0.00 0.00 0.00 0
125481 0.00 0.00 0.00 0
125482 0.00 0.00 0.00 0
125483 0.00 0.00 0.00 0
125484 0.00 0.00 0.00 0
125485 0.00 0.00 0.00 0
125486 0.00 0.00 0.00 0
125487 0.00 0.00 0.00 0
125488 0.00 0.00 0.00 0
125489 0.00 0.00 0.00 0
125490 0.00 0.00 0.00 0
125491 0.00 0.00 0.00 0
134881 0.00 0.00 0.00 0
134882 0.00 0.00 0.00 0
134883 0.00 0.00 0.00 0
134884 0.00 0.00 0.00 0
134885 0.00 0.00 0.00 0
141569 0.00 0.00 0.00 0
141574 0.00 0.00 0.00 0
141575 0.00 0.00 0.00 0
141576 0.00 0.00 0.00 0
141577 0.00 0.00 0.00 0
141578 0.00 0.00 0.00 0
141579 0.00 0.00 0.00 0
141580 0.00 0.00 0.00 0
141581 0.00 0.00 0.00 0
141582 0.00 0.00 0.00 0
141606 0.00 0.00 0.00 0
141607 0.00 0.00 0.00 0
141608 0.00 0.00 0.00 0
141609 0.00 0.00 0.00 0
155687 0.00 0.00 0.00 0
155688 0.00 0.00 0.00 0
155689 0.00 0.00 0.00 0
155690 0.00 0.00 0.00 0
155691 0.00 0.00 0.00 0
155692 0.00 0.00 0.00 0
155693 0.00 0.00 0.00 0
155694 0.00 0.00 0.00 0
155695 0.00 0.00 0.00 0
155696 0.00 0.00 0.00 0
155697 0.00 0.00 0.00 0
155698 0.00 0.00 0.00 0
155699 0.00 0.00 0.00 0
155700 0.00 0.00 0.00 0
155701 0.00 0.00 0.00 0
155702 0.00 0.00 0.00 0
155703 0.00 0.00 0.00 0
155704 0.00 0.00 0.00 0
155705 0.00 0.00 0.00 0
155706 0.00 0.00 0.00 0
155707 0.00 0.00 0.00 0
155708 0.00 0.00 0.00 0
155709 0.00 0.00 0.00 0
155723 0.00 0.00 0.00 0
155724 0.00 0.00 0.00 0
155726 0.00 0.00 0.00 0
155750 0.00 0.00 0.00 0
155751 0.00 0.00 0.00 0
155752 0.00 0.00 0.00 0
155755 0.00 0.00 0.00 0
