# G_subcallosal
260
197 0.00 0.00 0.00 0
429 0.00 0.00 0.00 0
1509 0.00 0.00 0.00 0
2207 0.00 0.00 0.00 0
3473 0.00 0.00 0.00 0
3474 0.00 0.00 0.00 0
4305 0.00 0.00 0.00 0
4306 0.00 0.00 0.00 0
5827 0.00 0.00 0.00 0
5828 0.00 0.00 0.00 0
7360 0.00 0.00 0.00 0
9182 0.00 0.00 0.00 0
9183 0.00 0.00 0.00 0
9184 0.00 0.00 0.00 0
11152 0.00 0.00 0.00 0
11153 0.00 0.00 0.00 0
11154 0.00 0.00 0.00 0
13552 0.00 0.00 0.00 0
13553 0.00 0.00 0.00 0
16180 0.00 0.00 0.00 0
16181 0.00 0.00 0.00 0
16182 0.00 0.00 0.00 0
16183 0.00 0.00 0.00 0
16186 0.00 0.00 0.00 0
18678 0.00 0.00 0.00 0
18680 0.00 0.00 0.00 0
18681 0.00 0.00 0.00 0
20396 0.00 0.00 0.00 0
20397 0.00 0.00 0.00 0
20398 0.00 0.00 0.00 0
20399 0.00 0.00 0.00 0
20400 0.00 0.00 0.00 0
20401 0.00 0.00 0.00 0
20402 0.00 0.00 0.00 0
24685 0.00 0.00 0.00 0
24686 0.00 0.00 0.00 0
26181 0.00 0.00 0.00 0
26182 0.00 0.00 0.00 0
26183 0.00 0.00 0.00 0
27216 0.00 0.00 0.00 0
27217 0.00 0.00 0.00 0
28957 0.00 0.00 0.00 0
28958 0.00 0.00 0.00 0
28959 0.00 0.00 0.00 0
28960 0.00 0.00 0.00 0
32593 0.00 0.00 0.00 0
32594 0.00 0.00 0.00 0
32595 0.00 0.00 0.00 0
32598 0.00 0.00 0.00 0
32599 0.00 0.00 0.00 0
32600 0.00 0.00 0.00 0
35714 0.00 0.00 0.00 0
37781 0.00 0.00 0.00 0
37782 0.00 0.00 0.00 0
37786 0.00 0.00 0.00 0
37787 0.00 0.00 0.00 0
37789 0.00 0.00 0.00 0
37790 0.00 0.00 0.00 0
37791 0.00 0.00 0.00 0
37792 0.00 0.00 0.00 0
37793 0.00 0.00 0.00 0
37794 0.00 0.00 0.00 0
37795 0.00 0.00 0.00 0
37796 0.00 0.00 0.00 0
41872 0.00 0.00 0.00 0
41873 0.00 0.00 0.00 0
41874 0.00 0.00 0.00 0
42704 0.00 0.00 0.00 0
44273 0.00 0.00 0.00 0
46900 0.00 0.00 0.00 0
46901 0.00 0.00 0.00 0
46902 0.00 0.00 0.00 0
46903 0.00 0.00 0.00 0
46904 0.00 0.00 0.00 0
49399 0.00 0.00 0.00 0
49401 0.00 0.00 0.00 0
51116 0.00 0.00 0.00 0
51117 0.00 0.00 0.00 0
51118 0.00 0.00 0.00 0
51119 0.00 0.00 0.00 0
51120 0.00 0.00 0.00 0
51121 0.00 0.00 0.00 0
51122 0.00 0.00 0.00 0
56500 0.00 0.00 0.00 0
56501 0.00 0.00 0.00 0
56502 0.00 0.00 0.00 0
56503 0.00 0.00 0.00 0
56504 0.00 0.00 0.00 0
58995 0.00 0.00 0.00 0
58996 0.00 0.00 0.00 0
58997 0.00 0.00 0.00 0
63697 0.00 0.00 0.00 0
63698 0.00 0.00 0.00 0
63699 0.00 0.00 0.00 0
63701 0.00 0.00 0.00 0
71580 0.00 0.00 0.00 0
71581 0.00 0.00 0.00 0
71582 0.00 0.00 0.00 0
71583 0.00 0.00 0.00 0
71584 0.00 0.00 0.00 0
71585 0.00 0.00 0.00 0
71586 0.00 0.00 0.00 0
71587 0.00 0.00 0.00 0
71588 0.00 0.00 0.00 0
71589 0.00 0.00 0.00 0
71590 0.00 0.00 0.00 0
71591 0.00 0.00 0.00 0
71595 0.00 0.00 0.00 0
71596 0.00 0.00 0.00 0
71597 0.00 0.00 0.00 0
71599 0.00 0.00 0.00 0
71600 0.00 0.00 0.00 0
71601 0.00 0.00 0.00 0
71602 0.00 0.00 0.00 0
79073 0.00 0.00 0.00 0
79074 0.00 0.00 0.00 0
79075 0.00 0.00 0.00 0
79083 0.00 0.00 0.00 0
84216 0.00 0.00 0.00 0
84217 0.00 0.00 0.00 0
84228 0.00 0.00 0.00 0
84229 0.00 0.00 0.00 0
84230 0.00 0.00 0.00 0
84231 0.00 0.00 0.00 0
84232 0.00 0.00 0.00 0
84233 0.00 0.00 0.00 0
84234 0.00 0.00 0.00 0
84235 0.00 0.00 0.00 0
84236 0.00 0.00 0.00 0
84237 0.00 0.00 0.00 0
84238 0.00 0.00 0.00 0
84239 0.00 0.00 0.00 0
84240 0.00 0.00 0.00 0
84241 0.00 0.00 0.00 0
84242 0.00 0.00 0.00 0
84243 0.00 0.00 0.00 0
84244 0.00 0.00 0.00 0
84245 0.00 0.00 0.00 0
84246 0.00 0.00 0.00 0
84247 0.00 0.00 0.00 0
84248 0.00 0.00 0.00 0
84249 0.00 0.00 0.00 0
84250 0.00 0.00 0.00 0
93802 0.00 0.00 0.00 0
93803 0.00 0.00 0.00 0
93804 0.00 0.00 0.00 0
93805 0.00 0.00 0.00 0
93806 0.00 0.00 0.00 0
98122 0.00 0.00 0.00 0
98123 0.00 0.00 0.00 0
98124 0.00 0.00 0.00 0
98125 0.00 0.00 0.00 0
102852 0.00 0.00 0.00 0
102853 0.00 0.00 0.00 0
102854 0.00 0.00 0.00 0
102855 0.00 0.00 0.00 0
102856 0.00 0.00 0.00 0
102857 0.00 0.00 0.00 0
102858 0.00 0.00 0.00 0
102859 0.00 0.00 0.00 0
102861 0.00 0.00 0.00 0
102862 0.00 0.00 0.00 0
107348 0.00 0.00 0.00 0
107349 0.00 0.00 0.00 0
107350 0.00 0.00 0.00 0
107351 0.00 0.00 0.00 0
107354 0.00 0.00 0.00 0
107355 0.00 0.00 0.00 0
110441 0.00 0.00 0.00 0
110443 0.00 0.00 0.00 0
110444 0.00 0.00 0.00 0
110445 0.00 0.00 0.00 0
110446 0.00 0.00 0.00 0
110447 0.00 0.00 0.00 0
110448 0.00 0.00 0.00 0
110449 0.00 0.00 0.00 0
110450 0.00 0.00 0.00 0
110451 0.00 0.00 0.00 0
110452 0.00 0.00 0.00 0
119036 0.00 0.00 0.00 0
119037 0.00 0.00 0.00 0
119038 0.00 0.00 0.00 0
119039 0.00 0.00 0.00 0
119040 0.00 0.00 0.00 0
119041 0.00 0.00 0.00 0
119042 0.00 0.00 0.00 0
122529 0.00 0.00 0.00 0
122530 0.00 0.00 0.00 0
122531 0.00 0.00 0.00 0
122532 0.00 0.00 0.00 0
122533 0.00 0.00 0.00 0
122534 0.00 0.00 0.00 0
122535 0.00 0.00 0.00 0
122536 0.00 0.00 0.00 0
122537 0.00 0.00 0.00 0
124944 0.00 0.00 0.00 0
124945 0.00 0.00 0.00 0
124946 0.00 0.00 0.00 0
124947 0.00 0.00 0.00 0
129067 0.00 0.00 0.00 0
129068 0.00 0.00 0.00 0
129069 0.00 0.00 0.00 0
129070 0.00 0.00 0.00 0
129071 0.00 0.00 0.00 0
129072 0.00 0.00 0.00 0
129073 0.00 0.00 0.00 0
129074 0.00 0.00 0.00 0
139011 0.00 0.00 0.00 0
139014 0.00 0.00 0.00 0
139015 0.00 0.00 0.00 0
139016 0.00 0.00 0.00 0
139017 0.00 0.00 0.00 0
139018 0.00 0.00 0.00 0
139019 0.00 0.00 0.00 0
139020 0.00 0.00 0.00 0
139021 0.00 0.00 0.00 0
139026 0.00 0.00 0.00 0
139027 0.00 0.00 0.00 0
139028 0.00 0.00 0.00 0
139029 0.00 0.00 0.00 0
139030 0.00 0.00 0.00 0
139031 0.00 0.00 0.00 0
139032 0.00 0.00 0.00 0
139033 0.00 0.00 0.00 0
139034 0.00 0.00 0.00 0
139043 0.00 0.00 0.00 0
148136 0.00 0.00 0.00 0
148162 0.00 0.00 0.00 0
148163 0.00 0.00 0.00 0
154304 0.00 0.00 0.00 0
154305 0.00 0.00 0.00 0
154306 0.00 0.00 0.00 0
154307 0.00 0.00 0.00 0
154308 0.00 0.00 0.00 0
154321 0.00 0.00 0.00 0
154322 0.00 0.00 0.00 0
154323 0.00 0.00 0.00 0
154328 0.00 0.00 0.00 0
154329 0.00 0.00 0.00 0
154330 0.00 0.00 0.00 0
154331 0.00 0.00 0.00 0
154332 0.00 0.00 0.00 0
154333 0.00 0.00 0.00 0
154334 0.00 0.00 0.00 0
154335 0.00 0.00 0.00 0
154336 0.00 0.00 0.00 0
154337 0.00 0.00 0.00 0
154338 0.00 0.00 0.00 0
154339 0.00 0.00 0.00 0
154340 0.00 0.00 0.00 0
154341 0.00 0.00 0.00 0
154342 0.00 0.00 0.00 0
154343 0.00 0.00 0.00 0
154345 0.00 0.00 0.00 0
154346 0.00 0.00 0.00 0
154347 0.00 0.00 0.00 0
154348 0.00 0.00 0.00 0
154349 0.00 0.00 0.00 0
154350 0.00 0.00 0.00 0
154351 0.00 0.00 0.00 0
