# G_temp_sup-Lateral
2493
36 0.00 0.00 0.00 0
38 0.00 0.00 0.00 0
160 0.00 0.00 0.00 0
320 0.00 0.00 0.00 0
325 0.00 0.00 0.00 0
355 0.00 0.00 0.00 0
356 0.00 0.00 0.00 0
431 0.00 0.00 0.00 0
447 0.00 0.00 0.00 0
595 0.00 0.00 0.00 0
635 0.00 0.00 0.00 0
805 0.00 0.00 0.00 0
834 0.00 0.00 0.00 0
835 0.00 0.00 0.00 0
836 0.00 0.00 0.00 0
1320 0.00 0.00 0.00 0
1321 0.00 0.00 0.00 0
1323 0.00 0.00 0.00 0
1324 0.00 0.00 0.00 0
1422 0.00 0.00 0.00 0
1423 0.00 0.00 0.00 0
1424 0.00 0.00 0.00 0
1425 0.00 0.00 0.00 0
1426 0.00 0.00 0.00 0
1728 0.00 0.00 0.00 0
1791 0.00 0.00 0.00 0
1792 0.00 0.00 0.00 0
1966 0.00 0.00 0.00 0
1967 0.00 0.00 0.00 0
2001 0.00 0.00 0.00 0
2002 0.00 0.00 0.00 0
2418 0.00 0.00 0.00 0
2419 0.00 0.00 0.00 0
2420 0.00 0.00 0.00 0
2421 0.00 0.00 0.00 0
2422 0.00 0.00 0.00 0
2423 0.00 0.00 0.00 0
2542 0.00 0.00 0.00 0
2543 0.00 0.00 0.00 0
2544 0.00 0.00 0.00 0
2725 0.00 0.00 0.00 0
2754 0.00 0.00 0.00 0
2755 0.00 0.00 0.00 0
2756 0.00 0.00 0.00 0
3243 0.00 0.00 0.00 0
3244 0.00 0.00 0.00 0
3342 0.00 0.00 0.00 0
3343 0.00 0.00 0.00 0
3344 0.00 0.00 0.00 0
3345 0.00 0.00 0.00 0
3346 0.00 0.00 0.00 0
3942 0.00 0.00 0.00 0
3943 0.00 0.00 0.00 0
3944 0.00 0.00 0.00 0
3945 0.00 0.00 0.00 0
3946 0.00 0.00 0.00 0
4315 0.00 0.00 0.00 0
4316 0.00 0.00 0.00 0
4317 0.00 0.00 0.00 0
4318 0.00 0.00 0.00 0
4319 0.00 0.00 0.00 0
4389 0.00 0.00 0.00 0
4390 0.00 0.00 0.00 0
5399 0.00 0.00 0.00 0
5400 0.00 0.00 0.00 0
5401 0.00 0.00 0.00 0
5402 0.00 0.00 0.00 0
5403 0.00 0.00 0.00 0
5404 0.00 0.00 0.00 0
5405 0.00 0.00 0.00 0
5406 0.00 0.00 0.00 0
5407 0.00 0.00 0.00 0
5408 0.00 0.00 0.00 0
5409 0.00 0.00 0.00 0
5410 0.00 0.00 0.00 0
5411 0.00 0.00 0.00 0
5412 0.00 0.00 0.00 0
5413 0.00 0.00 0.00 0
5705 0.00 0.00 0.00 0
5706 0.00 0.00 0.00 0
5707 0.00 0.00 0.00 0
5709 0.00 0.00 0.00 0
5710 0.00 0.00 0.00 0
5711 0.00 0.00 0.00 0
5712 0.00 0.00 0.00 0
5713 0.00 0.00 0.00 0
5714 0.00 0.00 0.00 0
5715 0.00 0.00 0.00 0
5718 0.00 0.00 0.00 0
6057 0.00 0.00 0.00 0
6058 0.00 0.00 0.00 0
6109 0.00 0.00 0.00 0
6110 0.00 0.00 0.00 0
6111 0.00 0.00 0.00 0
6112 0.00 0.00 0.00 0
6335 0.00 0.00 0.00 0
6378 0.00 0.00 0.00 0
6984 0.00 0.00 0.00 0
6986 0.00 0.00 0.00 0
6987 0.00 0.00 0.00 0
6989 0.00 0.00 0.00 0
6990 0.00 0.00 0.00 0
6991 0.00 0.00 0.00 0
6992 0.00 0.00 0.00 0
7166 0.00 0.00 0.00 0
7167 0.00 0.00 0.00 0
7168 0.00 0.00 0.00 0
7169 0.00 0.00 0.00 0
7170 0.00 0.00 0.00 0
7171 0.00 0.00 0.00 0
7172 0.00 0.00 0.00 0
7173 0.00 0.00 0.00 0
8015 0.00 0.00 0.00 0
8016 0.00 0.00 0.00 0
8017 0.00 0.00 0.00 0
8018 0.00 0.00 0.00 0
8019 0.00 0.00 0.00 0
8020 0.00 0.00 0.00 0
8489 0.00 0.00 0.00 0
8491 0.00 0.00 0.00 0
8492 0.00 0.00 0.00 0
8493 0.00 0.00 0.00 0
8494 0.00 0.00 0.00 0
8495 0.00 0.00 0.00 0
8583 0.00 0.00 0.00 0
8584 0.00 0.00 0.00 0
8585 0.00 0.00 0.00 0
9810 0.00 0.00 0.00 0
9811 0.00 0.00 0.00 0
9812 0.00 0.00 0.00 0
9813 0.00 0.00 0.00 0
9814 0.00 0.00 0.00 0
9815 0.00 0.00 0.00 0
9816 0.00 0.00 0.00 0
9817 0.00 0.00 0.00 0
9818 0.00 0.00 0.00 0
9820 0.00 0.00 0.00 0
9821 0.00 0.00 0.00 0
9822 0.00 0.00 0.00 0
9823 0.00 0.00 0.00 0
9824 0.00 0.00 0.00 0
9825 0.00 0.00 0.00 0
9826 0.00 0.00 0.00 0
9827 0.00 0.00 0.00 0
10181 0.00 0.00 0.00 0
10182 0.00 0.00 0.00 0
10183 0.00 0.00 0.00 0
10184 0.00 0.00 0.00 0
10185 0.00 0.00 0.00 0
10186 0.00 0.00 0.00 0
10187 0.00 0.00 0.00 0
10188 0.00 0.00 0.00 0
10189 0.00 0.00 0.00 0
10190 0.00 0.00 0.00 0
10191 0.00 0.00 0.00 0
10194 0.00 0.00 0.00 0
10405 0.00 0.00 0.00 0
10434 0.00 0.00 0.00 0
10435 0.00 0.00 0.00 0
10436 0.00 0.00 0.00 0
11022 0.00 0.00 0.00 0
11023 0.00 0.00 0.00 0
11024 0.00 0.00 0.00 0
11025 0.00 0.00 0.00 0
11026 0.00 0.00 0.00 0
11535 0.00 0.00 0.00 0
11536 0.00 0.00 0.00 0
11537 0.00 0.00 0.00 0
11622 0.00 0.00 0.00 0
11623 0.00 0.00 0.00 0
11624 0.00 0.00 0.00 0
11625 0.00 0.00 0.00 0
11626 0.00 0.00 0.00 0
11995 0.00 0.00 0.00 0
11996 0.00 0.00 0.00 0
11997 0.00 0.00 0.00 0
11998 0.00 0.00 0.00 0
11999 0.00 0.00 0.00 0
12069 0.00 0.00 0.00 0
12070 0.00 0.00 0.00 0
12071 0.00 0.00 0.00 0
13079 0.00 0.00 0.00 0
13080 0.00 0.00 0.00 0
13081 0.00 0.00 0.00 0
13082 0.00 0.00 0.00 0
13083 0.00 0.00 0.00 0
13084 0.00 0.00 0.00 0
13085 0.00 0.00 0.00 0
13086 0.00 0.00 0.00 0
13087 0.00 0.00 0.00 0
13088 0.00 0.00 0.00 0
13089 0.00 0.00 0.00 0
13090 0.00 0.00 0.00 0
13091 0.00 0.00 0.00 0
13092 0.00 0.00 0.00 0
13093 0.00 0.00 0.00 0
13385 0.00 0.00 0.00 0
13386 0.00 0.00 0.00 0
13387 0.00 0.00 0.00 0
13388 0.00 0.00 0.00 0
13389 0.00 0.00 0.00 0
13390 0.00 0.00 0.00 0
13391 0.00 0.00 0.00 0
13392 0.00 0.00 0.00 0
13393 0.00 0.00 0.00 0
13394 0.00 0.00 0.00 0
13395 0.00 0.00 0.00 0
13935 0.00 0.00 0.00 0
13936 0.00 0.00 0.00 0
13937 0.00 0.00 0.00 0
14021 0.00 0.00 0.00 0
14022 0.00 0.00 0.00 0
14023 0.00 0.00 0.00 0
14024 0.00 0.00 0.00 0
14025 0.00 0.00 0.00 0
14026 0.00 0.00 0.00 0
14469 0.00 0.00 0.00 0
15484 0.00 0.00 0.00 0
15485 0.00 0.00 0.00 0
15486 0.00 0.00 0.00 0
15488 0.00 0.00 0.00 0
15490 0.00 0.00 0.00 0
15491 0.00 0.00 0.00 0
15492 0.00 0.00 0.00 0
15493 0.00 0.00 0.00 0
15494 0.00 0.00 0.00 0
15495 0.00 0.00 0.00 0
15496 0.00 0.00 0.00 0
15782 0.00 0.00 0.00 0
15783 0.00 0.00 0.00 0
15784 0.00 0.00 0.00 0
15785 0.00 0.00 0.00 0
15786 0.00 0.00 0.00 0
15787 0.00 0.00 0.00 0
15788 0.00 0.00 0.00 0
15789 0.00 0.00 0.00 0
15790 0.00 0.00 0.00 0
15791 0.00 0.00 0.00 0
15792 0.00 0.00 0.00 0
15793 0.00 0.00 0.00 0
15794 0.00 0.00 0.00 0
15795 0.00 0.00 0.00 0
17582 0.00 0.00 0.00 0
17583 0.00 0.00 0.00 0
17584 0.00 0.00 0.00 0
17585 0.00 0.00 0.00 0
17586 0.00 0.00 0.00 0
17587 0.00 0.00 0.00 0
17588 0.00 0.00 0.00 0
17589 0.00 0.00 0.00 0
17590 0.00 0.00 0.00 0
17591 0.00 0.00 0.00 0
17592 0.00 0.00 0.00 0
17593 0.00 0.00 0.00 0
17594 0.00 0.00 0.00 0
17595 0.00 0.00 0.00 0
17596 0.00 0.00 0.00 0
18708 0.00 0.00 0.00 0
18709 0.00 0.00 0.00 0
18710 0.00 0.00 0.00 0
18711 0.00 0.00 0.00 0
18712 0.00 0.00 0.00 0
18713 0.00 0.00 0.00 0
18714 0.00 0.00 0.00 0
18715 0.00 0.00 0.00 0
18716 0.00 0.00 0.00 0
18717 0.00 0.00 0.00 0
18718 0.00 0.00 0.00 0
18719 0.00 0.00 0.00 0
18924 0.00 0.00 0.00 0
18925 0.00 0.00 0.00 0
18926 0.00 0.00 0.00 0
18928 0.00 0.00 0.00 0
21955 0.00 0.00 0.00 0
21957 0.00 0.00 0.00 0
21958 0.00 0.00 0.00 0
21959 0.00 0.00 0.00 0
21960 0.00 0.00 0.00 0
21961 0.00 0.00 0.00 0
21962 0.00 0.00 0.00 0
21963 0.00 0.00 0.00 0
21964 0.00 0.00 0.00 0
21965 0.00 0.00 0.00 0
21966 0.00 0.00 0.00 0
21967 0.00 0.00 0.00 0
21968 0.00 0.00 0.00 0
21969 0.00 0.00 0.00 0
21970 0.00 0.00 0.00 0
21971 0.00 0.00 0.00 0
21972 0.00 0.00 0.00 0
21973 0.00 0.00 0.00 0
21974 0.00 0.00 0.00 0
21975 0.00 0.00 0.00 0
21976 0.00 0.00 0.00 0
21977 0.00 0.00 0.00 0
21978 0.00 0.00 0.00 0
21979 0.00 0.00 0.00 0
21980 0.00 0.00 0.00 0
21981 0.00 0.00 0.00 0
21984 0.00 0.00 0.00 0
21985 0.00 0.00 0.00 0
21986 0.00 0.00 0.00 0
21987 0.00 0.00 0.00 0
21988 0.00 0.00 0.00 0
21989 0.00 0.00 0.00 0
21990 0.00 0.00 0.00 0
21991 0.00 0.00 0.00 0
21992 0.00 0.00 0.00 0
21993 0.00 0.00 0.00 0
21994 0.00 0.00 0.00 0
21995 0.00 0.00 0.00 0
21996 0.00 0.00 0.00 0
21997 0.00 0.00 0.00 0
21998 0.00 0.00 0.00 0
21999 0.00 0.00 0.00 0
22000 0.00 0.00 0.00 0
22001 0.00 0.00 0.00 0
22870 0.00 0.00 0.00 0
22871 0.00 0.00 0.00 0
22872 0.00 0.00 0.00 0
22887 0.00 0.00 0.00 0
22888 0.00 0.00 0.00 0
22889 0.00 0.00 0.00 0
22890 0.00 0.00 0.00 0
22891 0.00 0.00 0.00 0
22892 0.00 0.00 0.00 0
22893 0.00 0.00 0.00 0
22894 0.00 0.00 0.00 0
22895 0.00 0.00 0.00 0
22896 0.00 0.00 0.00 0
22897 0.00 0.00 0.00 0
22898 0.00 0.00 0.00 0
22899 0.00 0.00 0.00 0
22900 0.00 0.00 0.00 0
22901 0.00 0.00 0.00 0
22902 0.00 0.00 0.00 0
22903 0.00 0.00 0.00 0
22904 0.00 0.00 0.00 0
22905 0.00 0.00 0.00 0
22906 0.00 0.00 0.00 0
22907 0.00 0.00 0.00 0
22908 0.00 0.00 0.00 0
22909 0.00 0.00 0.00 0
22910 0.00 0.00 0.00 0
22911 0.00 0.00 0.00 0
22912 0.00 0.00 0.00 0
22913 0.00 0.00 0.00 0
22914 0.00 0.00 0.00 0
23337 0.00 0.00 0.00 0
23338 0.00 0.00 0.00 0
23339 0.00 0.00 0.00 0
23388 0.00 0.00 0.00 0
23389 0.00 0.00 0.00 0
23390 0.00 0.00 0.00 0
23391 0.00 0.00 0.00 0
23392 0.00 0.00 0.00 0
24272 0.00 0.00 0.00 0
24273 0.00 0.00 0.00 0
24446 0.00 0.00 0.00 0
24447 0.00 0.00 0.00 0
24448 0.00 0.00 0.00 0
24449 0.00 0.00 0.00 0
24450 0.00 0.00 0.00 0
24451 0.00 0.00 0.00 0
24452 0.00 0.00 0.00 0
24453 0.00 0.00 0.00 0
24454 0.00 0.00 0.00 0
25526 0.00 0.00 0.00 0
25527 0.00 0.00 0.00 0
25528 0.00 0.00 0.00 0
25529 0.00 0.00 0.00 0
25530 0.00 0.00 0.00 0
25531 0.00 0.00 0.00 0
25532 0.00 0.00 0.00 0
25533 0.00 0.00 0.00 0
25534 0.00 0.00 0.00 0
26201 0.00 0.00 0.00 0
26202 0.00 0.00 0.00 0
26203 0.00 0.00 0.00 0
26204 0.00 0.00 0.00 0
26205 0.00 0.00 0.00 0
26206 0.00 0.00 0.00 0
26207 0.00 0.00 0.00 0
26331 0.00 0.00 0.00 0
26332 0.00 0.00 0.00 0
26333 0.00 0.00 0.00 0
26334 0.00 0.00 0.00 0
28151 0.00 0.00 0.00 0
28152 0.00 0.00 0.00 0
28153 0.00 0.00 0.00 0
28154 0.00 0.00 0.00 0
28155 0.00 0.00 0.00 0
28156 0.00 0.00 0.00 0
28157 0.00 0.00 0.00 0
28158 0.00 0.00 0.00 0
28159 0.00 0.00 0.00 0
28160 0.00 0.00 0.00 0
28161 0.00 0.00 0.00 0
28162 0.00 0.00 0.00 0
28163 0.00 0.00 0.00 0
28164 0.00 0.00 0.00 0
28165 0.00 0.00 0.00 0
28166 0.00 0.00 0.00 0
28167 0.00 0.00 0.00 0
28168 0.00 0.00 0.00 0
28169 0.00 0.00 0.00 0
28170 0.00 0.00 0.00 0
28171 0.00 0.00 0.00 0
28172 0.00 0.00 0.00 0
28173 0.00 0.00 0.00 0
28174 0.00 0.00 0.00 0
28175 0.00 0.00 0.00 0
28176 0.00 0.00 0.00 0
28177 0.00 0.00 0.00 0
28699 0.00 0.00 0.00 0
28700 0.00 0.00 0.00 0
28701 0.00 0.00 0.00 0
28702 0.00 0.00 0.00 0
28709 0.00 0.00 0.00 0
28710 0.00 0.00 0.00 0
28711 0.00 0.00 0.00 0
28712 0.00 0.00 0.00 0
28713 0.00 0.00 0.00 0
28714 0.00 0.00 0.00 0
28715 0.00 0.00 0.00 0
28716 0.00 0.00 0.00 0
28717 0.00 0.00 0.00 0
28718 0.00 0.00 0.00 0
28719 0.00 0.00 0.00 0
28720 0.00 0.00 0.00 0
28721 0.00 0.00 0.00 0
28722 0.00 0.00 0.00 0
29493 0.00 0.00 0.00 0
29494 0.00 0.00 0.00 0
29495 0.00 0.00 0.00 0
29496 0.00 0.00 0.00 0
29613 0.00 0.00 0.00 0
29614 0.00 0.00 0.00 0
29615 0.00 0.00 0.00 0
29616 0.00 0.00 0.00 0
29617 0.00 0.00 0.00 0
29618 0.00 0.00 0.00 0
29619 0.00 0.00 0.00 0
29620 0.00 0.00 0.00 0
30142 0.00 0.00 0.00 0
30143 0.00 0.00 0.00 0
30240 0.00 0.00 0.00 0
30241 0.00 0.00 0.00 0
31658 0.00 0.00 0.00 0
31659 0.00 0.00 0.00 0
31661 0.00 0.00 0.00 0
31662 0.00 0.00 0.00 0
31663 0.00 0.00 0.00 0
31664 0.00 0.00 0.00 0
31665 0.00 0.00 0.00 0
31666 0.00 0.00 0.00 0
31667 0.00 0.00 0.00 0
31668 0.00 0.00 0.00 0
31669 0.00 0.00 0.00 0
31670 0.00 0.00 0.00 0
31671 0.00 0.00 0.00 0
31672 0.00 0.00 0.00 0
31673 0.00 0.00 0.00 0
31674 0.00 0.00 0.00 0
31675 0.00 0.00 0.00 0
31676 0.00 0.00 0.00 0
31678 0.00 0.00 0.00 0
32078 0.00 0.00 0.00 0
32079 0.00 0.00 0.00 0
32080 0.00 0.00 0.00 0
32081 0.00 0.00 0.00 0
32082 0.00 0.00 0.00 0
32083 0.00 0.00 0.00 0
32084 0.00 0.00 0.00 0
32085 0.00 0.00 0.00 0
32086 0.00 0.00 0.00 0
32087 0.00 0.00 0.00 0
32088 0.00 0.00 0.00 0
32089 0.00 0.00 0.00 0
32090 0.00 0.00 0.00 0
32091 0.00 0.00 0.00 0
32092 0.00 0.00 0.00 0
32093 0.00 0.00 0.00 0
32094 0.00 0.00 0.00 0
32095 0.00 0.00 0.00 0
32096 0.00 0.00 0.00 0
32097 0.00 0.00 0.00 0
33990 0.00 0.00 0.00 0
33991 0.00 0.00 0.00 0
33992 0.00 0.00 0.00 0
33993 0.00 0.00 0.00 0
34002 0.00 0.00 0.00 0
34366 0.00 0.00 0.00 0
34370 0.00 0.00 0.00 0
34371 0.00 0.00 0.00 0
34372 0.00 0.00 0.00 0
34373 0.00 0.00 0.00 0
34374 0.00 0.00 0.00 0
34375 0.00 0.00 0.00 0
34376 0.00 0.00 0.00 0
34377 0.00 0.00 0.00 0
34378 0.00 0.00 0.00 0
34379 0.00 0.00 0.00 0
34380 0.00 0.00 0.00 0
34381 0.00 0.00 0.00 0
34382 0.00 0.00 0.00 0
34383 0.00 0.00 0.00 0
34384 0.00 0.00 0.00 0
35741 0.00 0.00 0.00 0
35748 0.00 0.00 0.00 0
35749 0.00 0.00 0.00 0
35750 0.00 0.00 0.00 0
35751 0.00 0.00 0.00 0
35752 0.00 0.00 0.00 0
35753 0.00 0.00 0.00 0
35754 0.00 0.00 0.00 0
35755 0.00 0.00 0.00 0
35756 0.00 0.00 0.00 0
35757 0.00 0.00 0.00 0
35758 0.00 0.00 0.00 0
35759 0.00 0.00 0.00 0
36009 0.00 0.00 0.00 0
36010 0.00 0.00 0.00 0
36011 0.00 0.00 0.00 0
36012 0.00 0.00 0.00 0
36013 0.00 0.00 0.00 0
36014 0.00 0.00 0.00 0
36015 0.00 0.00 0.00 0
36016 0.00 0.00 0.00 0
39584 0.00 0.00 0.00 0
39585 0.00 0.00 0.00 0
39665 0.00 0.00 0.00 0
39666 0.00 0.00 0.00 0
39667 0.00 0.00 0.00 0
39668 0.00 0.00 0.00 0
39669 0.00 0.00 0.00 0
39670 0.00 0.00 0.00 0
39671 0.00 0.00 0.00 0
39672 0.00 0.00 0.00 0
39673 0.00 0.00 0.00 0
39674 0.00 0.00 0.00 0
39675 0.00 0.00 0.00 0
39676 0.00 0.00 0.00 0
39677 0.00 0.00 0.00 0
39678 0.00 0.00 0.00 0
39679 0.00 0.00 0.00 0
39680 0.00 0.00 0.00 0
39681 0.00 0.00 0.00 0
39682 0.00 0.00 0.00 0
39683 0.00 0.00 0.00 0
39684 0.00 0.00 0.00 0
39685 0.00 0.00 0.00 0
39686 0.00 0.00 0.00 0
39687 0.00 0.00 0.00 0
39688 0.00 0.00 0.00 0
39689 0.00 0.00 0.00 0
39690 0.00 0.00 0.00 0
39696 0.00 0.00 0.00 0
39697 0.00 0.00 0.00 0
39698 0.00 0.00 0.00 0
39699 0.00 0.00 0.00 0
39700 0.00 0.00 0.00 0
39701 0.00 0.00 0.00 0
39702 0.00 0.00 0.00 0
39703 0.00 0.00 0.00 0
39704 0.00 0.00 0.00 0
39705 0.00 0.00 0.00 0
39706 0.00 0.00 0.00 0
39707 0.00 0.00 0.00 0
39708 0.00 0.00 0.00 0
39709 0.00 0.00 0.00 0
39710 0.00 0.00 0.00 0
39711 0.00 0.00 0.00 0
39712 0.00 0.00 0.00 0
39713 0.00 0.00 0.00 0
39714 0.00 0.00 0.00 0
39715 0.00 0.00 0.00 0
39716 0.00 0.00 0.00 0
39717 0.00 0.00 0.00 0
39718 0.00 0.00 0.00 0
40756 0.00 0.00 0.00 0
40759 0.00 0.00 0.00 0
40780 0.00 0.00 0.00 0
40781 0.00 0.00 0.00 0
40782 0.00 0.00 0.00 0
40783 0.00 0.00 0.00 0
40784 0.00 0.00 0.00 0
40785 0.00 0.00 0.00 0
40786 0.00 0.00 0.00 0
40787 0.00 0.00 0.00 0
40788 0.00 0.00 0.00 0
40789 0.00 0.00 0.00 0
40790 0.00 0.00 0.00 0
40791 0.00 0.00 0.00 0
40792 0.00 0.00 0.00 0
40793 0.00 0.00 0.00 0
40794 0.00 0.00 0.00 0
40795 0.00 0.00 0.00 0
40796 0.00 0.00 0.00 0
40797 0.00 0.00 0.00 0
40798 0.00 0.00 0.00 0
40799 0.00 0.00 0.00 0
40800 0.00 0.00 0.00 0
40801 0.00 0.00 0.00 0
40802 0.00 0.00 0.00 0
40803 0.00 0.00 0.00 0
40804 0.00 0.00 0.00 0
40805 0.00 0.00 0.00 0
40806 0.00 0.00 0.00 0
40807 0.00 0.00 0.00 0
40808 0.00 0.00 0.00 0
40809 0.00 0.00 0.00 0
40817 0.00 0.00 0.00 0
40818 0.00 0.00 0.00 0
40819 0.00 0.00 0.00 0
40820 0.00 0.00 0.00 0
40821 0.00 0.00 0.00 0
40824 0.00 0.00 0.00 0
40825 0.00 0.00 0.00 0
40826 0.00 0.00 0.00 0
40827 0.00 0.00 0.00 0
40879 0.00 0.00 0.00 0
40880 0.00 0.00 0.00 0
41125 0.00 0.00 0.00 0
41154 0.00 0.00 0.00 0
41155 0.00 0.00 0.00 0
41156 0.00 0.00 0.00 0
41742 0.00 0.00 0.00 0
41743 0.00 0.00 0.00 0
41744 0.00 0.00 0.00 0
41745 0.00 0.00 0.00 0
41746 0.00 0.00 0.00 0
42255 0.00 0.00 0.00 0
42256 0.00 0.00 0.00 0
42257 0.00 0.00 0.00 0
42342 0.00 0.00 0.00 0
42343 0.00 0.00 0.00 0
42344 0.00 0.00 0.00 0
42345 0.00 0.00 0.00 0
42346 0.00 0.00 0.00 0
42715 0.00 0.00 0.00 0
42716 0.00 0.00 0.00 0
42717 0.00 0.00 0.00 0
42718 0.00 0.00 0.00 0
42719 0.00 0.00 0.00 0
42789 0.00 0.00 0.00 0
42790 0.00 0.00 0.00 0
42791 0.00 0.00 0.00 0
43800 0.00 0.00 0.00 0
43801 0.00 0.00 0.00 0
43802 0.00 0.00 0.00 0
43803 0.00 0.00 0.00 0
43804 0.00 0.00 0.00 0
43805 0.00 0.00 0.00 0
43806 0.00 0.00 0.00 0
43807 0.00 0.00 0.00 0
43808 0.00 0.00 0.00 0
43809 0.00 0.00 0.00 0
43810 0.00 0.00 0.00 0
43811 0.00 0.00 0.00 0
43812 0.00 0.00 0.00 0
43813 0.00 0.00 0.00 0
44104 0.00 0.00 0.00 0
44105 0.00 0.00 0.00 0
44106 0.00 0.00 0.00 0
44107 0.00 0.00 0.00 0
44108 0.00 0.00 0.00 0
44109 0.00 0.00 0.00 0
44110 0.00 0.00 0.00 0
44111 0.00 0.00 0.00 0
44112 0.00 0.00 0.00 0
44113 0.00 0.00 0.00 0
44114 0.00 0.00 0.00 0
44115 0.00 0.00 0.00 0
44655 0.00 0.00 0.00 0
44656 0.00 0.00 0.00 0
44657 0.00 0.00 0.00 0
44739 0.00 0.00 0.00 0
44740 0.00 0.00 0.00 0
44741 0.00 0.00 0.00 0
44742 0.00 0.00 0.00 0
44743 0.00 0.00 0.00 0
44744 0.00 0.00 0.00 0
44745 0.00 0.00 0.00 0
44746 0.00 0.00 0.00 0
46204 0.00 0.00 0.00 0
46205 0.00 0.00 0.00 0
46206 0.00 0.00 0.00 0
46210 0.00 0.00 0.00 0
46211 0.00 0.00 0.00 0
46212 0.00 0.00 0.00 0
46213 0.00 0.00 0.00 0
46214 0.00 0.00 0.00 0
46215 0.00 0.00 0.00 0
46216 0.00 0.00 0.00 0
46502 0.00 0.00 0.00 0
46503 0.00 0.00 0.00 0
46504 0.00 0.00 0.00 0
46505 0.00 0.00 0.00 0
46506 0.00 0.00 0.00 0
46507 0.00 0.00 0.00 0
46508 0.00 0.00 0.00 0
46509 0.00 0.00 0.00 0
46510 0.00 0.00 0.00 0
46511 0.00 0.00 0.00 0
46512 0.00 0.00 0.00 0
46513 0.00 0.00 0.00 0
46514 0.00 0.00 0.00 0
46515 0.00 0.00 0.00 0
48302 0.00 0.00 0.00 0
48303 0.00 0.00 0.00 0
48304 0.00 0.00 0.00 0
48305 0.00 0.00 0.00 0
48306 0.00 0.00 0.00 0
48307 0.00 0.00 0.00 0
48308 0.00 0.00 0.00 0
48309 0.00 0.00 0.00 0
48310 0.00 0.00 0.00 0
48311 0.00 0.00 0.00 0
48312 0.00 0.00 0.00 0
48313 0.00 0.00 0.00 0
48314 0.00 0.00 0.00 0
48315 0.00 0.00 0.00 0
48316 0.00 0.00 0.00 0
49428 0.00 0.00 0.00 0
49429 0.00 0.00 0.00 0
49430 0.00 0.00 0.00 0
49431 0.00 0.00 0.00 0
49432 0.00 0.00 0.00 0
49433 0.00 0.00 0.00 0
49434 0.00 0.00 0.00 0
49435 0.00 0.00 0.00 0
49436 0.00 0.00 0.00 0
49437 0.00 0.00 0.00 0
49438 0.00 0.00 0.00 0
49439 0.00 0.00 0.00 0
49644 0.00 0.00 0.00 0
49645 0.00 0.00 0.00 0
49646 0.00 0.00 0.00 0
52675 0.00 0.00 0.00 0
52676 0.00 0.00 0.00 0
52677 0.00 0.00 0.00 0
52678 0.00 0.00 0.00 0
52679 0.00 0.00 0.00 0
52680 0.00 0.00 0.00 0
52681 0.00 0.00 0.00 0
52682 0.00 0.00 0.00 0
52683 0.00 0.00 0.00 0
52684 0.00 0.00 0.00 0
52685 0.00 0.00 0.00 0
52686 0.00 0.00 0.00 0
52687 0.00 0.00 0.00 0
52688 0.00 0.00 0.00 0
52689 0.00 0.00 0.00 0
52690 0.00 0.00 0.00 0
52691 0.00 0.00 0.00 0
52692 0.00 0.00 0.00 0
52693 0.00 0.00 0.00 0
52694 0.00 0.00 0.00 0
52695 0.00 0.00 0.00 0
52696 0.00 0.00 0.00 0
52697 0.00 0.00 0.00 0
52698 0.00 0.00 0.00 0
52699 0.00 0.00 0.00 0
52700 0.00 0.00 0.00 0
52701 0.00 0.00 0.00 0
52704 0.00 0.00 0.00 0
52705 0.00 0.00 0.00 0
52706 0.00 0.00 0.00 0
52707 0.00 0.00 0.00 0
52708 0.00 0.00 0.00 0
52709 0.00 0.00 0.00 0
52710 0.00 0.00 0.00 0
52711 0.00 0.00 0.00 0
52712 0.00 0.00 0.00 0
52713 0.00 0.00 0.00 0
52714 0.00 0.00 0.00 0
52715 0.00 0.00 0.00 0
52716 0.00 0.00 0.00 0
52717 0.00 0.00 0.00 0
52718 0.00 0.00 0.00 0
52719 0.00 0.00 0.00 0
53590 0.00 0.00 0.00 0
53591 0.00 0.00 0.00 0
53592 0.00 0.00 0.00 0
53607 0.00 0.00 0.00 0
53608 0.00 0.00 0.00 0
53609 0.00 0.00 0.00 0
53610 0.00 0.00 0.00 0
53611 0.00 0.00 0.00 0
53612 0.00 0.00 0.00 0
53613 0.00 0.00 0.00 0
53614 0.00 0.00 0.00 0
53615 0.00 0.00 0.00 0
53616 0.00 0.00 0.00 0
53617 0.00 0.00 0.00 0
53618 0.00 0.00 0.00 0
53619 0.00 0.00 0.00 0
53620 0.00 0.00 0.00 0
53621 0.00 0.00 0.00 0
53622 0.00 0.00 0.00 0
53623 0.00 0.00 0.00 0
53624 0.00 0.00 0.00 0
53625 0.00 0.00 0.00 0
53626 0.00 0.00 0.00 0
53627 0.00 0.00 0.00 0
53628 0.00 0.00 0.00 0
53629 0.00 0.00 0.00 0
53631 0.00 0.00 0.00 0
53632 0.00 0.00 0.00 0
53633 0.00 0.00 0.00 0
53634 0.00 0.00 0.00 0
54255 0.00 0.00 0.00 0
54256 0.00 0.00 0.00 0
54257 0.00 0.00 0.00 0
54339 0.00 0.00 0.00 0
54340 0.00 0.00 0.00 0
54341 0.00 0.00 0.00 0
54342 0.00 0.00 0.00 0
54343 0.00 0.00 0.00 0
54344 0.00 0.00 0.00 0
54345 0.00 0.00 0.00 0
54346 0.00 0.00 0.00 0
55813 0.00 0.00 0.00 0
55814 0.00 0.00 0.00 0
55815 0.00 0.00 0.00 0
55816 0.00 0.00 0.00 0
56102 0.00 0.00 0.00 0
56103 0.00 0.00 0.00 0
56104 0.00 0.00 0.00 0
56105 0.00 0.00 0.00 0
56106 0.00 0.00 0.00 0
56107 0.00 0.00 0.00 0
56108 0.00 0.00 0.00 0
56109 0.00 0.00 0.00 0
56110 0.00 0.00 0.00 0
56111 0.00 0.00 0.00 0
56112 0.00 0.00 0.00 0
56113 0.00 0.00 0.00 0
56114 0.00 0.00 0.00 0
56115 0.00 0.00 0.00 0
56116 0.00 0.00 0.00 0
57902 0.00 0.00 0.00 0
57903 0.00 0.00 0.00 0
57904 0.00 0.00 0.00 0
57905 0.00 0.00 0.00 0
57906 0.00 0.00 0.00 0
57907 0.00 0.00 0.00 0
57908 0.00 0.00 0.00 0
57909 0.00 0.00 0.00 0
57910 0.00 0.00 0.00 0
57911 0.00 0.00 0.00 0
57912 0.00 0.00 0.00 0
57913 0.00 0.00 0.00 0
57914 0.00 0.00 0.00 0
57915 0.00 0.00 0.00 0
57916 0.00 0.00 0.00 0
59025 0.00 0.00 0.00 0
59026 0.00 0.00 0.00 0
59027 0.00 0.00 0.00 0
59028 0.00 0.00 0.00 0
59029 0.00 0.00 0.00 0
59030 0.00 0.00 0.00 0
59031 0.00 0.00 0.00 0
59032 0.00 0.00 0.00 0
59033 0.00 0.00 0.00 0
59034 0.00 0.00 0.00 0
59035 0.00 0.00 0.00 0
59036 0.00 0.00 0.00 0
59037 0.00 0.00 0.00 0
59038 0.00 0.00 0.00 0
59039 0.00 0.00 0.00 0
59244 0.00 0.00 0.00 0
59245 0.00 0.00 0.00 0
59246 0.00 0.00 0.00 0
59247 0.00 0.00 0.00 0
59248 0.00 0.00 0.00 0
59249 0.00 0.00 0.00 0
62275 0.00 0.00 0.00 0
62277 0.00 0.00 0.00 0
62278 0.00 0.00 0.00 0
62279 0.00 0.00 0.00 0
62280 0.00 0.00 0.00 0
62281 0.00 0.00 0.00 0
62282 0.00 0.00 0.00 0
62283 0.00 0.00 0.00 0
62284 0.00 0.00 0.00 0
62285 0.00 0.00 0.00 0
62286 0.00 0.00 0.00 0
62287 0.00 0.00 0.00 0
62288 0.00 0.00 0.00 0
62289 0.00 0.00 0.00 0
62290 0.00 0.00 0.00 0
62291 0.00 0.00 0.00 0
62292 0.00 0.00 0.00 0
62293 0.00 0.00 0.00 0
62294 0.00 0.00 0.00 0
62295 0.00 0.00 0.00 0
62296 0.00 0.00 0.00 0
62297 0.00 0.00 0.00 0
62298 0.00 0.00 0.00 0
62299 0.00 0.00 0.00 0
62300 0.00 0.00 0.00 0
62301 0.00 0.00 0.00 0
62302 0.00 0.00 0.00 0
62303 0.00 0.00 0.00 0
62304 0.00 0.00 0.00 0
62305 0.00 0.00 0.00 0
62306 0.00 0.00 0.00 0
62307 0.00 0.00 0.00 0
62308 0.00 0.00 0.00 0
62309 0.00 0.00 0.00 0
62310 0.00 0.00 0.00 0
62311 0.00 0.00 0.00 0
62312 0.00 0.00 0.00 0
62313 0.00 0.00 0.00 0
62314 0.00 0.00 0.00 0
62315 0.00 0.00 0.00 0
62316 0.00 0.00 0.00 0
62317 0.00 0.00 0.00 0
62318 0.00 0.00 0.00 0
62319 0.00 0.00 0.00 0
62321 0.00 0.00 0.00 0
63190 0.00 0.00 0.00 0
63191 0.00 0.00 0.00 0
63192 0.00 0.00 0.00 0
63193 0.00 0.00 0.00 0
63194 0.00 0.00 0.00 0
63195 0.00 0.00 0.00 0
63200 0.00 0.00 0.00 0
63202 0.00 0.00 0.00 0
63206 0.00 0.00 0.00 0
63207 0.00 0.00 0.00 0
63208 0.00 0.00 0.00 0
63209 0.00 0.00 0.00 0
63210 0.00 0.00 0.00 0
63211 0.00 0.00 0.00 0
63212 0.00 0.00 0.00 0
63213 0.00 0.00 0.00 0
63214 0.00 0.00 0.00 0
63215 0.00 0.00 0.00 0
63216 0.00 0.00 0.00 0
63217 0.00 0.00 0.00 0
63218 0.00 0.00 0.00 0
63219 0.00 0.00 0.00 0
63220 0.00 0.00 0.00 0
63221 0.00 0.00 0.00 0
63222 0.00 0.00 0.00 0
63223 0.00 0.00 0.00 0
63224 0.00 0.00 0.00 0
63225 0.00 0.00 0.00 0
64845 0.00 0.00 0.00 0
64846 0.00 0.00 0.00 0
64847 0.00 0.00 0.00 0
64848 0.00 0.00 0.00 0
64849 0.00 0.00 0.00 0
64850 0.00 0.00 0.00 0
64853 0.00 0.00 0.00 0
64854 0.00 0.00 0.00 0
65097 0.00 0.00 0.00 0
65098 0.00 0.00 0.00 0
65099 0.00 0.00 0.00 0
65100 0.00 0.00 0.00 0
65101 0.00 0.00 0.00 0
65102 0.00 0.00 0.00 0
65103 0.00 0.00 0.00 0
65104 0.00 0.00 0.00 0
65105 0.00 0.00 0.00 0
65106 0.00 0.00 0.00 0
65107 0.00 0.00 0.00 0
65108 0.00 0.00 0.00 0
65109 0.00 0.00 0.00 0
65110 0.00 0.00 0.00 0
65111 0.00 0.00 0.00 0
65112 0.00 0.00 0.00 0
65113 0.00 0.00 0.00 0
65114 0.00 0.00 0.00 0
65115 0.00 0.00 0.00 0
65116 0.00 0.00 0.00 0
66235 0.00 0.00 0.00 0
66236 0.00 0.00 0.00 0
66237 0.00 0.00 0.00 0
66238 0.00 0.00 0.00 0
66239 0.00 0.00 0.00 0
66444 0.00 0.00 0.00 0
66445 0.00 0.00 0.00 0
69483 0.00 0.00 0.00 0
69484 0.00 0.00 0.00 0
69485 0.00 0.00 0.00 0
69486 0.00 0.00 0.00 0
69490 0.00 0.00 0.00 0
69491 0.00 0.00 0.00 0
69492 0.00 0.00 0.00 0
69493 0.00 0.00 0.00 0
69494 0.00 0.00 0.00 0
69495 0.00 0.00 0.00 0
69496 0.00 0.00 0.00 0
69497 0.00 0.00 0.00 0
69498 0.00 0.00 0.00 0
69499 0.00 0.00 0.00 0
69500 0.00 0.00 0.00 0
69501 0.00 0.00 0.00 0
69503 0.00 0.00 0.00 0
69505 0.00 0.00 0.00 0
69506 0.00 0.00 0.00 0
69507 0.00 0.00 0.00 0
69508 0.00 0.00 0.00 0
69509 0.00 0.00 0.00 0
69510 0.00 0.00 0.00 0
69511 0.00 0.00 0.00 0
69512 0.00 0.00 0.00 0
69513 0.00 0.00 0.00 0
69514 0.00 0.00 0.00 0
69515 0.00 0.00 0.00 0
69516 0.00 0.00 0.00 0
69517 0.00 0.00 0.00 0
69518 0.00 0.00 0.00 0
69519 0.00 0.00 0.00 0
69520 0.00 0.00 0.00 0
69521 0.00 0.00 0.00 0
69522 0.00 0.00 0.00 0
69523 0.00 0.00 0.00 0
69524 0.00 0.00 0.00 0
69525 0.00 0.00 0.00 0
69526 0.00 0.00 0.00 0
69527 0.00 0.00 0.00 0
69528 0.00 0.00 0.00 0
69532 0.00 0.00 0.00 0
69533 0.00 0.00 0.00 0
70382 0.00 0.00 0.00 0
70383 0.00 0.00 0.00 0
70384 0.00 0.00 0.00 0
70385 0.00 0.00 0.00 0
70386 0.00 0.00 0.00 0
70387 0.00 0.00 0.00 0
70388 0.00 0.00 0.00 0
70389 0.00 0.00 0.00 0
70390 0.00 0.00 0.00 0
70391 0.00 0.00 0.00 0
70392 0.00 0.00 0.00 0
70393 0.00 0.00 0.00 0
70394 0.00 0.00 0.00 0
70395 0.00 0.00 0.00 0
70396 0.00 0.00 0.00 0
70397 0.00 0.00 0.00 0
70398 0.00 0.00 0.00 0
70399 0.00 0.00 0.00 0
70400 0.00 0.00 0.00 0
70401 0.00 0.00 0.00 0
70402 0.00 0.00 0.00 0
70403 0.00 0.00 0.00 0
70404 0.00 0.00 0.00 0
70405 0.00 0.00 0.00 0
70406 0.00 0.00 0.00 0
70407 0.00 0.00 0.00 0
70408 0.00 0.00 0.00 0
70409 0.00 0.00 0.00 0
70410 0.00 0.00 0.00 0
70411 0.00 0.00 0.00 0
70412 0.00 0.00 0.00 0
70413 0.00 0.00 0.00 0
70414 0.00 0.00 0.00 0
70415 0.00 0.00 0.00 0
70416 0.00 0.00 0.00 0
70417 0.00 0.00 0.00 0
70418 0.00 0.00 0.00 0
70419 0.00 0.00 0.00 0
70420 0.00 0.00 0.00 0
70421 0.00 0.00 0.00 0
70422 0.00 0.00 0.00 0
70423 0.00 0.00 0.00 0
70424 0.00 0.00 0.00 0
70425 0.00 0.00 0.00 0
74895 0.00 0.00 0.00 0
74900 0.00 0.00 0.00 0
74901 0.00 0.00 0.00 0
75038 0.00 0.00 0.00 0
75039 0.00 0.00 0.00 0
75781 0.00 0.00 0.00 0
75785 0.00 0.00 0.00 0
75789 0.00 0.00 0.00 0
75790 0.00 0.00 0.00 0
75791 0.00 0.00 0.00 0
75792 0.00 0.00 0.00 0
75793 0.00 0.00 0.00 0
75794 0.00 0.00 0.00 0
75795 0.00 0.00 0.00 0
75796 0.00 0.00 0.00 0
75797 0.00 0.00 0.00 0
75798 0.00 0.00 0.00 0
75799 0.00 0.00 0.00 0
75800 0.00 0.00 0.00 0
75801 0.00 0.00 0.00 0
75802 0.00 0.00 0.00 0
75803 0.00 0.00 0.00 0
75804 0.00 0.00 0.00 0
75805 0.00 0.00 0.00 0
75806 0.00 0.00 0.00 0
75807 0.00 0.00 0.00 0
75808 0.00 0.00 0.00 0
75809 0.00 0.00 0.00 0
75810 0.00 0.00 0.00 0
75811 0.00 0.00 0.00 0
75812 0.00 0.00 0.00 0
75813 0.00 0.00 0.00 0
75814 0.00 0.00 0.00 0
75815 0.00 0.00 0.00 0
75816 0.00 0.00 0.00 0
75817 0.00 0.00 0.00 0
75818 0.00 0.00 0.00 0
75819 0.00 0.00 0.00 0
75820 0.00 0.00 0.00 0
75821 0.00 0.00 0.00 0
75822 0.00 0.00 0.00 0
75823 0.00 0.00 0.00 0
75824 0.00 0.00 0.00 0
75825 0.00 0.00 0.00 0
75826 0.00 0.00 0.00 0
79152 0.00 0.00 0.00 0
79153 0.00 0.00 0.00 0
79154 0.00 0.00 0.00 0
79163 0.00 0.00 0.00 0
79165 0.00 0.00 0.00 0
79166 0.00 0.00 0.00 0
79167 0.00 0.00 0.00 0
79168 0.00 0.00 0.00 0
79172 0.00 0.00 0.00 0
79173 0.00 0.00 0.00 0
79174 0.00 0.00 0.00 0
79175 0.00 0.00 0.00 0
79176 0.00 0.00 0.00 0
79177 0.00 0.00 0.00 0
79178 0.00 0.00 0.00 0
79179 0.00 0.00 0.00 0
79180 0.00 0.00 0.00 0
79181 0.00 0.00 0.00 0
79182 0.00 0.00 0.00 0
79183 0.00 0.00 0.00 0
79184 0.00 0.00 0.00 0
79185 0.00 0.00 0.00 0
79186 0.00 0.00 0.00 0
79187 0.00 0.00 0.00 0
79188 0.00 0.00 0.00 0
79189 0.00 0.00 0.00 0
79190 0.00 0.00 0.00 0
79191 0.00 0.00 0.00 0
79192 0.00 0.00 0.00 0
79193 0.00 0.00 0.00 0
79194 0.00 0.00 0.00 0
79195 0.00 0.00 0.00 0
79196 0.00 0.00 0.00 0
79197 0.00 0.00 0.00 0
79198 0.00 0.00 0.00 0
79199 0.00 0.00 0.00 0
79809 0.00 0.00 0.00 0
79810 0.00 0.00 0.00 0
79811 0.00 0.00 0.00 0
79812 0.00 0.00 0.00 0
79813 0.00 0.00 0.00 0
79814 0.00 0.00 0.00 0
79815 0.00 0.00 0.00 0
79816 0.00 0.00 0.00 0
79817 0.00 0.00 0.00 0
79818 0.00 0.00 0.00 0
79819 0.00 0.00 0.00 0
79821 0.00 0.00 0.00 0
79822 0.00 0.00 0.00 0
79823 0.00 0.00 0.00 0
79824 0.00 0.00 0.00 0
88715 0.00 0.00 0.00 0
88716 0.00 0.00 0.00 0
88915 0.00 0.00 0.00 0
88916 0.00 0.00 0.00 0
88917 0.00 0.00 0.00 0
88918 0.00 0.00 0.00 0
88919 0.00 0.00 0.00 0
88920 0.00 0.00 0.00 0
88921 0.00 0.00 0.00 0
88922 0.00 0.00 0.00 0
88923 0.00 0.00 0.00 0
88924 0.00 0.00 0.00 0
88925 0.00 0.00 0.00 0
88926 0.00 0.00 0.00 0
88927 0.00 0.00 0.00 0
88928 0.00 0.00 0.00 0
88929 0.00 0.00 0.00 0
88930 0.00 0.00 0.00 0
88931 0.00 0.00 0.00 0
88932 0.00 0.00 0.00 0
88933 0.00 0.00 0.00 0
88934 0.00 0.00 0.00 0
88935 0.00 0.00 0.00 0
88936 0.00 0.00 0.00 0
88937 0.00 0.00 0.00 0
88938 0.00 0.00 0.00 0
88939 0.00 0.00 0.00 0
88940 0.00 0.00 0.00 0
88941 0.00 0.00 0.00 0
88942 0.00 0.00 0.00 0
88943 0.00 0.00 0.00 0
88944 0.00 0.00 0.00 0
88945 0.00 0.00 0.00 0
88946 0.00 0.00 0.00 0
88947 0.00 0.00 0.00 0
88948 0.00 0.00 0.00 0
88949 0.00 0.00 0.00 0
88950 0.00 0.00 0.00 0
88951 0.00 0.00 0.00 0
88952 0.00 0.00 0.00 0
88953 0.00 0.00 0.00 0
88954 0.00 0.00 0.00 0
88955 0.00 0.00 0.00 0
88956 0.00 0.00 0.00 0
88957 0.00 0.00 0.00 0
88958 0.00 0.00 0.00 0
88959 0.00 0.00 0.00 0
88960 0.00 0.00 0.00 0
88961 0.00 0.00 0.00 0
88962 0.00 0.00 0.00 0
88963 0.00 0.00 0.00 0
88964 0.00 0.00 0.00 0
88965 0.00 0.00 0.00 0
88966 0.00 0.00 0.00 0
88967 0.00 0.00 0.00 0
88968 0.00 0.00 0.00 0
88969 0.00 0.00 0.00 0
88970 0.00 0.00 0.00 0
88971 0.00 0.00 0.00 0
88972 0.00 0.00 0.00 0
88973 0.00 0.00 0.00 0
88974 0.00 0.00 0.00 0
88975 0.00 0.00 0.00 0
88976 0.00 0.00 0.00 0
88977 0.00 0.00 0.00 0
88978 0.00 0.00 0.00 0
88979 0.00 0.00 0.00 0
88981 0.00 0.00 0.00 0
88994 0.00 0.00 0.00 0
88995 0.00 0.00 0.00 0
88996 0.00 0.00 0.00 0
88997 0.00 0.00 0.00 0
88998 0.00 0.00 0.00 0
88999 0.00 0.00 0.00 0
89000 0.00 0.00 0.00 0
89001 0.00 0.00 0.00 0
89002 0.00 0.00 0.00 0
89003 0.00 0.00 0.00 0
89004 0.00 0.00 0.00 0
89005 0.00 0.00 0.00 0
89006 0.00 0.00 0.00 0
89007 0.00 0.00 0.00 0
89008 0.00 0.00 0.00 0
89009 0.00 0.00 0.00 0
89010 0.00 0.00 0.00 0
89011 0.00 0.00 0.00 0
89012 0.00 0.00 0.00 0
89013 0.00 0.00 0.00 0
89014 0.00 0.00 0.00 0
89015 0.00 0.00 0.00 0
89016 0.00 0.00 0.00 0
89017 0.00 0.00 0.00 0
89018 0.00 0.00 0.00 0
89019 0.00 0.00 0.00 0
89020 0.00 0.00 0.00 0
89021 0.00 0.00 0.00 0
89022 0.00 0.00 0.00 0
89023 0.00 0.00 0.00 0
89024 0.00 0.00 0.00 0
89025 0.00 0.00 0.00 0
89026 0.00 0.00 0.00 0
89027 0.00 0.00 0.00 0
89028 0.00 0.00 0.00 0
89029 0.00 0.00 0.00 0
89030 0.00 0.00 0.00 0
89031 0.00 0.00 0.00 0
89032 0.00 0.00 0.00 0
89033 0.00 0.00 0.00 0
89034 0.00 0.00 0.00 0
89035 0.00 0.00 0.00 0
89036 0.00 0.00 0.00 0
89037 0.00 0.00 0.00 0
89038 0.00 0.00 0.00 0
89039 0.00 0.00 0.00 0
89040 0.00 0.00 0.00 0
89041 0.00 0.00 0.00 0
89042 0.00 0.00 0.00 0
89043 0.00 0.00 0.00 0
89044 0.00 0.00 0.00 0
89045 0.00 0.00 0.00 0
89046 0.00 0.00 0.00 0
89047 0.00 0.00 0.00 0
89048 0.00 0.00 0.00 0
89049 0.00 0.00 0.00 0
91645 0.00 0.00 0.00 0
91646 0.00 0.00 0.00 0
91647 0.00 0.00 0.00 0
91653 0.00 0.00 0.00 0
91654 0.00 0.00 0.00 0
91655 0.00 0.00 0.00 0
91699 0.00 0.00 0.00 0
91700 0.00 0.00 0.00 0
91701 0.00 0.00 0.00 0
91702 0.00 0.00 0.00 0
91704 0.00 0.00 0.00 0
91705 0.00 0.00 0.00 0
91706 0.00 0.00 0.00 0
91707 0.00 0.00 0.00 0
91708 0.00 0.00 0.00 0
91709 0.00 0.00 0.00 0
91710 0.00 0.00 0.00 0
91711 0.00 0.00 0.00 0
91712 0.00 0.00 0.00 0
91713 0.00 0.00 0.00 0
91714 0.00 0.00 0.00 0
91715 0.00 0.00 0.00 0
91716 0.00 0.00 0.00 0
91717 0.00 0.00 0.00 0
91718 0.00 0.00 0.00 0
91719 0.00 0.00 0.00 0
91720 0.00 0.00 0.00 0
91721 0.00 0.00 0.00 0
91722 0.00 0.00 0.00 0
91723 0.00 0.00 0.00 0
91724 0.00 0.00 0.00 0
91725 0.00 0.00 0.00 0
91726 0.00 0.00 0.00 0
91727 0.00 0.00 0.00 0
91728 0.00 0.00 0.00 0
91729 0.00 0.00 0.00 0
91730 0.00 0.00 0.00 0
91731 0.00 0.00 0.00 0
91732 0.00 0.00 0.00 0
91733 0.00 0.00 0.00 0
91734 0.00 0.00 0.00 0
91735 0.00 0.00 0.00 0
91736 0.00 0.00 0.00 0
91737 0.00 0.00 0.00 0
91738 0.00 0.00 0.00 0
91739 0.00 0.00 0.00 0
91740 0.00 0.00 0.00 0
91741 0.00 0.00 0.00 0
91742 0.00 0.00 0.00 0
91743 0.00 0.00 0.00 0
91744 0.00 0.00 0.00 0
91745 0.00 0.00 0.00 0
91746 0.00 0.00 0.00 0
91747 0.00 0.00 0.00 0
91748 0.00 0.00 0.00 0
91749 0.00 0.00 0.00 0
91750 0.00 0.00 0.00 0
91751 0.00 0.00 0.00 0
91752 0.00 0.00 0.00 0
91753 0.00 0.00 0.00 0
91754 0.00 0.00 0.00 0
91755 0.00 0.00 0.00 0
91756 0.00 0.00 0.00 0
91757 0.00 0.00 0.00 0
91758 0.00 0.00 0.00 0
91759 0.00 0.00 0.00 0
91760 0.00 0.00 0.00 0
91761 0.00 0.00 0.00 0
91762 0.00 0.00 0.00 0
91763 0.00 0.00 0.00 0
91764 0.00 0.00 0.00 0
91765 0.00 0.00 0.00 0
91766 0.00 0.00 0.00 0
91767 0.00 0.00 0.00 0
91768 0.00 0.00 0.00 0
91769 0.00 0.00 0.00 0
91770 0.00 0.00 0.00 0
91771 0.00 0.00 0.00 0
91772 0.00 0.00 0.00 0
91773 0.00 0.00 0.00 0
91774 0.00 0.00 0.00 0
91775 0.00 0.00 0.00 0
91776 0.00 0.00 0.00 0
91777 0.00 0.00 0.00 0
91778 0.00 0.00 0.00 0
91779 0.00 0.00 0.00 0
91800 0.00 0.00 0.00 0
91801 0.00 0.00 0.00 0
91802 0.00 0.00 0.00 0
91803 0.00 0.00 0.00 0
91804 0.00 0.00 0.00 0
91806 0.00 0.00 0.00 0
91807 0.00 0.00 0.00 0
91808 0.00 0.00 0.00 0
91809 0.00 0.00 0.00 0
91816 0.00 0.00 0.00 0
91817 0.00 0.00 0.00 0
91818 0.00 0.00 0.00 0
91819 0.00 0.00 0.00 0
91823 0.00 0.00 0.00 0
92457 0.00 0.00 0.00 0
92458 0.00 0.00 0.00 0
92459 0.00 0.00 0.00 0
92508 0.00 0.00 0.00 0
92509 0.00 0.00 0.00 0
92510 0.00 0.00 0.00 0
92511 0.00 0.00 0.00 0
92512 0.00 0.00 0.00 0
93391 0.00 0.00 0.00 0
93392 0.00 0.00 0.00 0
93393 0.00 0.00 0.00 0
93394 0.00 0.00 0.00 0
93566 0.00 0.00 0.00 0
93567 0.00 0.00 0.00 0
93568 0.00 0.00 0.00 0
93569 0.00 0.00 0.00 0
93570 0.00 0.00 0.00 0
93571 0.00 0.00 0.00 0
93572 0.00 0.00 0.00 0
93573 0.00 0.00 0.00 0
93574 0.00 0.00 0.00 0
94493 0.00 0.00 0.00 0
94494 0.00 0.00 0.00 0
94646 0.00 0.00 0.00 0
94647 0.00 0.00 0.00 0
94648 0.00 0.00 0.00 0
94649 0.00 0.00 0.00 0
94650 0.00 0.00 0.00 0
94651 0.00 0.00 0.00 0
94652 0.00 0.00 0.00 0
94653 0.00 0.00 0.00 0
94654 0.00 0.00 0.00 0
95319 0.00 0.00 0.00 0
95320 0.00 0.00 0.00 0
95321 0.00 0.00 0.00 0
95322 0.00 0.00 0.00 0
95323 0.00 0.00 0.00 0
95324 0.00 0.00 0.00 0
95325 0.00 0.00 0.00 0
95326 0.00 0.00 0.00 0
95327 0.00 0.00 0.00 0
95451 0.00 0.00 0.00 0
95452 0.00 0.00 0.00 0
95453 0.00 0.00 0.00 0
95454 0.00 0.00 0.00 0
95455 0.00 0.00 0.00 0
97271 0.00 0.00 0.00 0
97272 0.00 0.00 0.00 0
97273 0.00 0.00 0.00 0
97274 0.00 0.00 0.00 0
97275 0.00 0.00 0.00 0
97276 0.00 0.00 0.00 0
97277 0.00 0.00 0.00 0
97278 0.00 0.00 0.00 0
97279 0.00 0.00 0.00 0
97280 0.00 0.00 0.00 0
97281 0.00 0.00 0.00 0
97282 0.00 0.00 0.00 0
97283 0.00 0.00 0.00 0
97284 0.00 0.00 0.00 0
97285 0.00 0.00 0.00 0
97286 0.00 0.00 0.00 0
97287 0.00 0.00 0.00 0
97288 0.00 0.00 0.00 0
97289 0.00 0.00 0.00 0
97290 0.00 0.00 0.00 0
97291 0.00 0.00 0.00 0
97292 0.00 0.00 0.00 0
97293 0.00 0.00 0.00 0
97294 0.00 0.00 0.00 0
97295 0.00 0.00 0.00 0
97296 0.00 0.00 0.00 0
97819 0.00 0.00 0.00 0
97820 0.00 0.00 0.00 0
97821 0.00 0.00 0.00 0
97822 0.00 0.00 0.00 0
97823 0.00 0.00 0.00 0
97824 0.00 0.00 0.00 0
97825 0.00 0.00 0.00 0
97826 0.00 0.00 0.00 0
97827 0.00 0.00 0.00 0
97828 0.00 0.00 0.00 0
97829 0.00 0.00 0.00 0
97830 0.00 0.00 0.00 0
97831 0.00 0.00 0.00 0
97832 0.00 0.00 0.00 0
97833 0.00 0.00 0.00 0
97834 0.00 0.00 0.00 0
97835 0.00 0.00 0.00 0
97836 0.00 0.00 0.00 0
97837 0.00 0.00 0.00 0
97838 0.00 0.00 0.00 0
97839 0.00 0.00 0.00 0
98811 0.00 0.00 0.00 0
98812 0.00 0.00 0.00 0
98813 0.00 0.00 0.00 0
98814 0.00 0.00 0.00 0
98815 0.00 0.00 0.00 0
98964 0.00 0.00 0.00 0
98965 0.00 0.00 0.00 0
98966 0.00 0.00 0.00 0
98967 0.00 0.00 0.00 0
98968 0.00 0.00 0.00 0
98969 0.00 0.00 0.00 0
98970 0.00 0.00 0.00 0
98971 0.00 0.00 0.00 0
98972 0.00 0.00 0.00 0
98973 0.00 0.00 0.00 0
98974 0.00 0.00 0.00 0
99647 0.00 0.00 0.00 0
99771 0.00 0.00 0.00 0
101599 0.00 0.00 0.00 0
101600 0.00 0.00 0.00 0
101601 0.00 0.00 0.00 0
101602 0.00 0.00 0.00 0
101603 0.00 0.00 0.00 0
101604 0.00 0.00 0.00 0
101609 0.00 0.00 0.00 0
101610 0.00 0.00 0.00 0
101611 0.00 0.00 0.00 0
101612 0.00 0.00 0.00 0
101613 0.00 0.00 0.00 0
101614 0.00 0.00 0.00 0
101615 0.00 0.00 0.00 0
101616 0.00 0.00 0.00 0
101617 0.00 0.00 0.00 0
101618 0.00 0.00 0.00 0
101619 0.00 0.00 0.00 0
101620 0.00 0.00 0.00 0
101621 0.00 0.00 0.00 0
101622 0.00 0.00 0.00 0
102134 0.00 0.00 0.00 0
102135 0.00 0.00 0.00 0
102136 0.00 0.00 0.00 0
102137 0.00 0.00 0.00 0
102138 0.00 0.00 0.00 0
102139 0.00 0.00 0.00 0
102140 0.00 0.00 0.00 0
102141 0.00 0.00 0.00 0
102142 0.00 0.00 0.00 0
102143 0.00 0.00 0.00 0
102144 0.00 0.00 0.00 0
102145 0.00 0.00 0.00 0
102146 0.00 0.00 0.00 0
102147 0.00 0.00 0.00 0
102148 0.00 0.00 0.00 0
102149 0.00 0.00 0.00 0
102150 0.00 0.00 0.00 0
102151 0.00 0.00 0.00 0
102152 0.00 0.00 0.00 0
102153 0.00 0.00 0.00 0
102154 0.00 0.00 0.00 0
102155 0.00 0.00 0.00 0
102156 0.00 0.00 0.00 0
102157 0.00 0.00 0.00 0
102158 0.00 0.00 0.00 0
102159 0.00 0.00 0.00 0
105374 0.00 0.00 0.00 0
105375 0.00 0.00 0.00 0
105376 0.00 0.00 0.00 0
105377 0.00 0.00 0.00 0
105378 0.00 0.00 0.00 0
105379 0.00 0.00 0.00 0
105380 0.00 0.00 0.00 0
105381 0.00 0.00 0.00 0
105382 0.00 0.00 0.00 0
105383 0.00 0.00 0.00 0
105384 0.00 0.00 0.00 0
105385 0.00 0.00 0.00 0
105386 0.00 0.00 0.00 0
105387 0.00 0.00 0.00 0
105388 0.00 0.00 0.00 0
105389 0.00 0.00 0.00 0
105390 0.00 0.00 0.00 0
105391 0.00 0.00 0.00 0
105392 0.00 0.00 0.00 0
105393 0.00 0.00 0.00 0
105394 0.00 0.00 0.00 0
105395 0.00 0.00 0.00 0
105396 0.00 0.00 0.00 0
105397 0.00 0.00 0.00 0
105398 0.00 0.00 0.00 0
105399 0.00 0.00 0.00 0
105400 0.00 0.00 0.00 0
107402 0.00 0.00 0.00 0
107403 0.00 0.00 0.00 0
107404 0.00 0.00 0.00 0
107405 0.00 0.00 0.00 0
107406 0.00 0.00 0.00 0
107407 0.00 0.00 0.00 0
107408 0.00 0.00 0.00 0
107409 0.00 0.00 0.00 0
107410 0.00 0.00 0.00 0
107411 0.00 0.00 0.00 0
107412 0.00 0.00 0.00 0
107413 0.00 0.00 0.00 0
107414 0.00 0.00 0.00 0
107415 0.00 0.00 0.00 0
107416 0.00 0.00 0.00 0
107417 0.00 0.00 0.00 0
107418 0.00 0.00 0.00 0
107419 0.00 0.00 0.00 0
107420 0.00 0.00 0.00 0
107421 0.00 0.00 0.00 0
107422 0.00 0.00 0.00 0
107423 0.00 0.00 0.00 0
107790 0.00 0.00 0.00 0
107791 0.00 0.00 0.00 0
107792 0.00 0.00 0.00 0
107793 0.00 0.00 0.00 0
107794 0.00 0.00 0.00 0
107795 0.00 0.00 0.00 0
107796 0.00 0.00 0.00 0
107797 0.00 0.00 0.00 0
113250 0.00 0.00 0.00 0
113251 0.00 0.00 0.00 0
113252 0.00 0.00 0.00 0
113253 0.00 0.00 0.00 0
113254 0.00 0.00 0.00 0
113255 0.00 0.00 0.00 0
113256 0.00 0.00 0.00 0
113257 0.00 0.00 0.00 0
113258 0.00 0.00 0.00 0
113259 0.00 0.00 0.00 0
113260 0.00 0.00 0.00 0
113261 0.00 0.00 0.00 0
113262 0.00 0.00 0.00 0
113263 0.00 0.00 0.00 0
113264 0.00 0.00 0.00 0
113265 0.00 0.00 0.00 0
113266 0.00 0.00 0.00 0
113267 0.00 0.00 0.00 0
113268 0.00 0.00 0.00 0
113269 0.00 0.00 0.00 0
113270 0.00 0.00 0.00 0
113271 0.00 0.00 0.00 0
113272 0.00 0.00 0.00 0
113273 0.00 0.00 0.00 0
113274 0.00 0.00 0.00 0
113275 0.00 0.00 0.00 0
113276 0.00 0.00 0.00 0
113277 0.00 0.00 0.00 0
113278 0.00 0.00 0.00 0
113279 0.00 0.00 0.00 0
113280 0.00 0.00 0.00 0
113281 0.00 0.00 0.00 0
113282 0.00 0.00 0.00 0
113283 0.00 0.00 0.00 0
113284 0.00 0.00 0.00 0
113285 0.00 0.00 0.00 0
113286 0.00 0.00 0.00 0
113287 0.00 0.00 0.00 0
113288 0.00 0.00 0.00 0
113289 0.00 0.00 0.00 0
113290 0.00 0.00 0.00 0
113291 0.00 0.00 0.00 0
113292 0.00 0.00 0.00 0
113293 0.00 0.00 0.00 0
113294 0.00 0.00 0.00 0
113295 0.00 0.00 0.00 0
113300 0.00 0.00 0.00 0
113301 0.00 0.00 0.00 0
113302 0.00 0.00 0.00 0
113303 0.00 0.00 0.00 0
113304 0.00 0.00 0.00 0
113305 0.00 0.00 0.00 0
113306 0.00 0.00 0.00 0
113307 0.00 0.00 0.00 0
113308 0.00 0.00 0.00 0
113309 0.00 0.00 0.00 0
113310 0.00 0.00 0.00 0
113311 0.00 0.00 0.00 0
113312 0.00 0.00 0.00 0
113313 0.00 0.00 0.00 0
113314 0.00 0.00 0.00 0
113315 0.00 0.00 0.00 0
113316 0.00 0.00 0.00 0
113317 0.00 0.00 0.00 0
113318 0.00 0.00 0.00 0
113319 0.00 0.00 0.00 0
113320 0.00 0.00 0.00 0
113321 0.00 0.00 0.00 0
113322 0.00 0.00 0.00 0
113323 0.00 0.00 0.00 0
113324 0.00 0.00 0.00 0
113325 0.00 0.00 0.00 0
113326 0.00 0.00 0.00 0
113327 0.00 0.00 0.00 0
113328 0.00 0.00 0.00 0
113329 0.00 0.00 0.00 0
113330 0.00 0.00 0.00 0
113331 0.00 0.00 0.00 0
114892 0.00 0.00 0.00 0
114893 0.00 0.00 0.00 0
114894 0.00 0.00 0.00 0
114895 0.00 0.00 0.00 0
114923 0.00 0.00 0.00 0
114924 0.00 0.00 0.00 0
114925 0.00 0.00 0.00 0
114926 0.00 0.00 0.00 0
114927 0.00 0.00 0.00 0
114928 0.00 0.00 0.00 0
114929 0.00 0.00 0.00 0
114930 0.00 0.00 0.00 0
114931 0.00 0.00 0.00 0
114932 0.00 0.00 0.00 0
114933 0.00 0.00 0.00 0
114934 0.00 0.00 0.00 0
114935 0.00 0.00 0.00 0
114936 0.00 0.00 0.00 0
114937 0.00 0.00 0.00 0
114938 0.00 0.00 0.00 0
114939 0.00 0.00 0.00 0
114940 0.00 0.00 0.00 0
114941 0.00 0.00 0.00 0
114942 0.00 0.00 0.00 0
114943 0.00 0.00 0.00 0
114944 0.00 0.00 0.00 0
114945 0.00 0.00 0.00 0
114946 0.00 0.00 0.00 0
114947 0.00 0.00 0.00 0
114948 0.00 0.00 0.00 0
114949 0.00 0.00 0.00 0
114950 0.00 0.00 0.00 0
114951 0.00 0.00 0.00 0
114952 0.00 0.00 0.00 0
114953 0.00 0.00 0.00 0
114954 0.00 0.00 0.00 0
114955 0.00 0.00 0.00 0
114956 0.00 0.00 0.00 0
114957 0.00 0.00 0.00 0
114958 0.00 0.00 0.00 0
114959 0.00 0.00 0.00 0
114960 0.00 0.00 0.00 0
114961 0.00 0.00 0.00 0
114962 0.00 0.00 0.00 0
114963 0.00 0.00 0.00 0
114964 0.00 0.00 0.00 0
114965 0.00 0.00 0.00 0
114966 0.00 0.00 0.00 0
114967 0.00 0.00 0.00 0
114968 0.00 0.00 0.00 0
114969 0.00 0.00 0.00 0
114970 0.00 0.00 0.00 0
114971 0.00 0.00 0.00 0
114972 0.00 0.00 0.00 0
115893 0.00 0.00 0.00 0
115894 0.00 0.00 0.00 0
115895 0.00 0.00 0.00 0
115896 0.00 0.00 0.00 0
115898 0.00 0.00 0.00 0
116010 0.00 0.00 0.00 0
116011 0.00 0.00 0.00 0
116012 0.00 0.00 0.00 0
116013 0.00 0.00 0.00 0
116014 0.00 0.00 0.00 0
116015 0.00 0.00 0.00 0
116016 0.00 0.00 0.00 0
116017 0.00 0.00 0.00 0
116018 0.00 0.00 0.00 0
116019 0.00 0.00 0.00 0
116020 0.00 0.00 0.00 0
118070 0.00 0.00 0.00 0
118073 0.00 0.00 0.00 0
118074 0.00 0.00 0.00 0
118075 0.00 0.00 0.00 0
118076 0.00 0.00 0.00 0
118077 0.00 0.00 0.00 0
118078 0.00 0.00 0.00 0
118079 0.00 0.00 0.00 0
118081 0.00 0.00 0.00 0
118478 0.00 0.00 0.00 0
118479 0.00 0.00 0.00 0
118480 0.00 0.00 0.00 0
118481 0.00 0.00 0.00 0
118482 0.00 0.00 0.00 0
118483 0.00 0.00 0.00 0
118484 0.00 0.00 0.00 0
118485 0.00 0.00 0.00 0
118486 0.00 0.00 0.00 0
118487 0.00 0.00 0.00 0
118488 0.00 0.00 0.00 0
118489 0.00 0.00 0.00 0
118490 0.00 0.00 0.00 0
118491 0.00 0.00 0.00 0
118492 0.00 0.00 0.00 0
118493 0.00 0.00 0.00 0
118494 0.00 0.00 0.00 0
118495 0.00 0.00 0.00 0
118496 0.00 0.00 0.00 0
118497 0.00 0.00 0.00 0
118498 0.00 0.00 0.00 0
120998 0.00 0.00 0.00 0
120999 0.00 0.00 0.00 0
121000 0.00 0.00 0.00 0
121001 0.00 0.00 0.00 0
121002 0.00 0.00 0.00 0
121003 0.00 0.00 0.00 0
121004 0.00 0.00 0.00 0
121005 0.00 0.00 0.00 0
121006 0.00 0.00 0.00 0
121007 0.00 0.00 0.00 0
121008 0.00 0.00 0.00 0
121009 0.00 0.00 0.00 0
121010 0.00 0.00 0.00 0
121011 0.00 0.00 0.00 0
121012 0.00 0.00 0.00 0
121013 0.00 0.00 0.00 0
121014 0.00 0.00 0.00 0
121015 0.00 0.00 0.00 0
121016 0.00 0.00 0.00 0
121017 0.00 0.00 0.00 0
121018 0.00 0.00 0.00 0
122574 0.00 0.00 0.00 0
122575 0.00 0.00 0.00 0
122576 0.00 0.00 0.00 0
122577 0.00 0.00 0.00 0
122578 0.00 0.00 0.00 0
122579 0.00 0.00 0.00 0
122580 0.00 0.00 0.00 0
122581 0.00 0.00 0.00 0
122582 0.00 0.00 0.00 0
122583 0.00 0.00 0.00 0
122584 0.00 0.00 0.00 0
122585 0.00 0.00 0.00 0
122586 0.00 0.00 0.00 0
122587 0.00 0.00 0.00 0
122588 0.00 0.00 0.00 0
122589 0.00 0.00 0.00 0
122590 0.00 0.00 0.00 0
122591 0.00 0.00 0.00 0
122877 0.00 0.00 0.00 0
122878 0.00 0.00 0.00 0
122879 0.00 0.00 0.00 0
122880 0.00 0.00 0.00 0
122881 0.00 0.00 0.00 0
122882 0.00 0.00 0.00 0
122883 0.00 0.00 0.00 0
122884 0.00 0.00 0.00 0
127125 0.00 0.00 0.00 0
127126 0.00 0.00 0.00 0
127127 0.00 0.00 0.00 0
127128 0.00 0.00 0.00 0
127129 0.00 0.00 0.00 0
127130 0.00 0.00 0.00 0
127131 0.00 0.00 0.00 0
127132 0.00 0.00 0.00 0
127133 0.00 0.00 0.00 0
127134 0.00 0.00 0.00 0
127135 0.00 0.00 0.00 0
127136 0.00 0.00 0.00 0
127137 0.00 0.00 0.00 0
127138 0.00 0.00 0.00 0
127139 0.00 0.00 0.00 0
127140 0.00 0.00 0.00 0
127141 0.00 0.00 0.00 0
127142 0.00 0.00 0.00 0
127143 0.00 0.00 0.00 0
127144 0.00 0.00 0.00 0
127145 0.00 0.00 0.00 0
127146 0.00 0.00 0.00 0
127147 0.00 0.00 0.00 0
127148 0.00 0.00 0.00 0
127149 0.00 0.00 0.00 0
127150 0.00 0.00 0.00 0
127151 0.00 0.00 0.00 0
127152 0.00 0.00 0.00 0
127153 0.00 0.00 0.00 0
127154 0.00 0.00 0.00 0
127155 0.00 0.00 0.00 0
127156 0.00 0.00 0.00 0
127157 0.00 0.00 0.00 0
127158 0.00 0.00 0.00 0
127159 0.00 0.00 0.00 0
127160 0.00 0.00 0.00 0
127161 0.00 0.00 0.00 0
127162 0.00 0.00 0.00 0
127163 0.00 0.00 0.00 0
127164 0.00 0.00 0.00 0
127165 0.00 0.00 0.00 0
127166 0.00 0.00 0.00 0
127167 0.00 0.00 0.00 0
127168 0.00 0.00 0.00 0
127169 0.00 0.00 0.00 0
127170 0.00 0.00 0.00 0
127171 0.00 0.00 0.00 0
127172 0.00 0.00 0.00 0
127173 0.00 0.00 0.00 0
127174 0.00 0.00 0.00 0
127175 0.00 0.00 0.00 0
127176 0.00 0.00 0.00 0
127177 0.00 0.00 0.00 0
127178 0.00 0.00 0.00 0
127179 0.00 0.00 0.00 0
127180 0.00 0.00 0.00 0
127181 0.00 0.00 0.00 0
127182 0.00 0.00 0.00 0
127183 0.00 0.00 0.00 0
127184 0.00 0.00 0.00 0
127185 0.00 0.00 0.00 0
127186 0.00 0.00 0.00 0
127187 0.00 0.00 0.00 0
127188 0.00 0.00 0.00 0
128401 0.00 0.00 0.00 0
128402 0.00 0.00 0.00 0
128403 0.00 0.00 0.00 0
128404 0.00 0.00 0.00 0
128405 0.00 0.00 0.00 0
128406 0.00 0.00 0.00 0
128407 0.00 0.00 0.00 0
128408 0.00 0.00 0.00 0
128425 0.00 0.00 0.00 0
128426 0.00 0.00 0.00 0
128427 0.00 0.00 0.00 0
128428 0.00 0.00 0.00 0
128429 0.00 0.00 0.00 0
128430 0.00 0.00 0.00 0
128431 0.00 0.00 0.00 0
128432 0.00 0.00 0.00 0
128433 0.00 0.00 0.00 0
128434 0.00 0.00 0.00 0
128435 0.00 0.00 0.00 0
128436 0.00 0.00 0.00 0
128437 0.00 0.00 0.00 0
128438 0.00 0.00 0.00 0
128439 0.00 0.00 0.00 0
128440 0.00 0.00 0.00 0
128441 0.00 0.00 0.00 0
128442 0.00 0.00 0.00 0
128443 0.00 0.00 0.00 0
128444 0.00 0.00 0.00 0
128445 0.00 0.00 0.00 0
128446 0.00 0.00 0.00 0
128447 0.00 0.00 0.00 0
128448 0.00 0.00 0.00 0
128449 0.00 0.00 0.00 0
128450 0.00 0.00 0.00 0
128451 0.00 0.00 0.00 0
128452 0.00 0.00 0.00 0
128453 0.00 0.00 0.00 0
128454 0.00 0.00 0.00 0
128455 0.00 0.00 0.00 0
128456 0.00 0.00 0.00 0
130521 0.00 0.00 0.00 0
130522 0.00 0.00 0.00 0
130523 0.00 0.00 0.00 0
130524 0.00 0.00 0.00 0
130525 0.00 0.00 0.00 0
130526 0.00 0.00 0.00 0
130527 0.00 0.00 0.00 0
130528 0.00 0.00 0.00 0
130532 0.00 0.00 0.00 0
130533 0.00 0.00 0.00 0
130842 0.00 0.00 0.00 0
130843 0.00 0.00 0.00 0
130844 0.00 0.00 0.00 0
130845 0.00 0.00 0.00 0
130846 0.00 0.00 0.00 0
130847 0.00 0.00 0.00 0
130848 0.00 0.00 0.00 0
130849 0.00 0.00 0.00 0
130850 0.00 0.00 0.00 0
130851 0.00 0.00 0.00 0
130852 0.00 0.00 0.00 0
130853 0.00 0.00 0.00 0
130854 0.00 0.00 0.00 0
130855 0.00 0.00 0.00 0
130856 0.00 0.00 0.00 0
130857 0.00 0.00 0.00 0
130858 0.00 0.00 0.00 0
130859 0.00 0.00 0.00 0
130860 0.00 0.00 0.00 0
130861 0.00 0.00 0.00 0
130862 0.00 0.00 0.00 0
130863 0.00 0.00 0.00 0
130864 0.00 0.00 0.00 0
132281 0.00 0.00 0.00 0
132283 0.00 0.00 0.00 0
132284 0.00 0.00 0.00 0
132285 0.00 0.00 0.00 0
132286 0.00 0.00 0.00 0
132287 0.00 0.00 0.00 0
132546 0.00 0.00 0.00 0
132547 0.00 0.00 0.00 0
132548 0.00 0.00 0.00 0
136395 0.00 0.00 0.00 0
136397 0.00 0.00 0.00 0
136398 0.00 0.00 0.00 0
136399 0.00 0.00 0.00 0
136400 0.00 0.00 0.00 0
136401 0.00 0.00 0.00 0
136406 0.00 0.00 0.00 0
136407 0.00 0.00 0.00 0
136408 0.00 0.00 0.00 0
136409 0.00 0.00 0.00 0
136410 0.00 0.00 0.00 0
136411 0.00 0.00 0.00 0
136412 0.00 0.00 0.00 0
136413 0.00 0.00 0.00 0
136414 0.00 0.00 0.00 0
136415 0.00 0.00 0.00 0
136416 0.00 0.00 0.00 0
136417 0.00 0.00 0.00 0
136418 0.00 0.00 0.00 0
136419 0.00 0.00 0.00 0
136420 0.00 0.00 0.00 0
136421 0.00 0.00 0.00 0
136422 0.00 0.00 0.00 0
136423 0.00 0.00 0.00 0
136424 0.00 0.00 0.00 0
136425 0.00 0.00 0.00 0
136426 0.00 0.00 0.00 0
136427 0.00 0.00 0.00 0
136428 0.00 0.00 0.00 0
136429 0.00 0.00 0.00 0
136430 0.00 0.00 0.00 0
136432 0.00 0.00 0.00 0
136433 0.00 0.00 0.00 0
136434 0.00 0.00 0.00 0
136435 0.00 0.00 0.00 0
136436 0.00 0.00 0.00 0
136437 0.00 0.00 0.00 0
136438 0.00 0.00 0.00 0
136439 0.00 0.00 0.00 0
136440 0.00 0.00 0.00 0
136441 0.00 0.00 0.00 0
136442 0.00 0.00 0.00 0
136443 0.00 0.00 0.00 0
136444 0.00 0.00 0.00 0
136445 0.00 0.00 0.00 0
136446 0.00 0.00 0.00 0
136447 0.00 0.00 0.00 0
136448 0.00 0.00 0.00 0
136450 0.00 0.00 0.00 0
136453 0.00 0.00 0.00 0
136454 0.00 0.00 0.00 0
136459 0.00 0.00 0.00 0
136460 0.00 0.00 0.00 0
137534 0.00 0.00 0.00 0
137535 0.00 0.00 0.00 0
137536 0.00 0.00 0.00 0
137537 0.00 0.00 0.00 0
137538 0.00 0.00 0.00 0
137539 0.00 0.00 0.00 0
137540 0.00 0.00 0.00 0
137541 0.00 0.00 0.00 0
137542 0.00 0.00 0.00 0
137543 0.00 0.00 0.00 0
137544 0.00 0.00 0.00 0
137545 0.00 0.00 0.00 0
137546 0.00 0.00 0.00 0
137547 0.00 0.00 0.00 0
137548 0.00 0.00 0.00 0
137549 0.00 0.00 0.00 0
137550 0.00 0.00 0.00 0
137551 0.00 0.00 0.00 0
137552 0.00 0.00 0.00 0
137553 0.00 0.00 0.00 0
137554 0.00 0.00 0.00 0
137555 0.00 0.00 0.00 0
137556 0.00 0.00 0.00 0
137557 0.00 0.00 0.00 0
137558 0.00 0.00 0.00 0
137559 0.00 0.00 0.00 0
137560 0.00 0.00 0.00 0
137561 0.00 0.00 0.00 0
137562 0.00 0.00 0.00 0
137563 0.00 0.00 0.00 0
137564 0.00 0.00 0.00 0
137565 0.00 0.00 0.00 0
137566 0.00 0.00 0.00 0
137567 0.00 0.00 0.00 0
137568 0.00 0.00 0.00 0
137569 0.00 0.00 0.00 0
137570 0.00 0.00 0.00 0
137571 0.00 0.00 0.00 0
137572 0.00 0.00 0.00 0
137573 0.00 0.00 0.00 0
137574 0.00 0.00 0.00 0
137575 0.00 0.00 0.00 0
137576 0.00 0.00 0.00 0
137577 0.00 0.00 0.00 0
137578 0.00 0.00 0.00 0
137579 0.00 0.00 0.00 0
137580 0.00 0.00 0.00 0
137581 0.00 0.00 0.00 0
137582 0.00 0.00 0.00 0
137583 0.00 0.00 0.00 0
137584 0.00 0.00 0.00 0
137585 0.00 0.00 0.00 0
137586 0.00 0.00 0.00 0
137587 0.00 0.00 0.00 0
137588 0.00 0.00 0.00 0
137589 0.00 0.00 0.00 0
143049 0.00 0.00 0.00 0
143057 0.00 0.00 0.00 0
143058 0.00 0.00 0.00 0
143059 0.00 0.00 0.00 0
143060 0.00 0.00 0.00 0
143061 0.00 0.00 0.00 0
143062 0.00 0.00 0.00 0
143063 0.00 0.00 0.00 0
143064 0.00 0.00 0.00 0
143065 0.00 0.00 0.00 0
143066 0.00 0.00 0.00 0
143067 0.00 0.00 0.00 0
143092 0.00 0.00 0.00 0
143093 0.00 0.00 0.00 0
143094 0.00 0.00 0.00 0
143095 0.00 0.00 0.00 0
143234 0.00 0.00 0.00 0
144142 0.00 0.00 0.00 0
144152 0.00 0.00 0.00 0
144153 0.00 0.00 0.00 0
144154 0.00 0.00 0.00 0
144155 0.00 0.00 0.00 0
144156 0.00 0.00 0.00 0
144157 0.00 0.00 0.00 0
144158 0.00 0.00 0.00 0
144159 0.00 0.00 0.00 0
144162 0.00 0.00 0.00 0
144163 0.00 0.00 0.00 0
144164 0.00 0.00 0.00 0
144165 0.00 0.00 0.00 0
144166 0.00 0.00 0.00 0
144167 0.00 0.00 0.00 0
144168 0.00 0.00 0.00 0
144169 0.00 0.00 0.00 0
144170 0.00 0.00 0.00 0
144171 0.00 0.00 0.00 0
144172 0.00 0.00 0.00 0
144173 0.00 0.00 0.00 0
144174 0.00 0.00 0.00 0
144175 0.00 0.00 0.00 0
144176 0.00 0.00 0.00 0
144177 0.00 0.00 0.00 0
144178 0.00 0.00 0.00 0
144179 0.00 0.00 0.00 0
144180 0.00 0.00 0.00 0
144181 0.00 0.00 0.00 0
144182 0.00 0.00 0.00 0
144183 0.00 0.00 0.00 0
144184 0.00 0.00 0.00 0
144185 0.00 0.00 0.00 0
144186 0.00 0.00 0.00 0
144187 0.00 0.00 0.00 0
144188 0.00 0.00 0.00 0
144189 0.00 0.00 0.00 0
144190 0.00 0.00 0.00 0
144191 0.00 0.00 0.00 0
144192 0.00 0.00 0.00 0
144193 0.00 0.00 0.00 0
144194 0.00 0.00 0.00 0
144195 0.00 0.00 0.00 0
144196 0.00 0.00 0.00 0
148215 0.00 0.00 0.00 0
148216 0.00 0.00 0.00 0
148217 0.00 0.00 0.00 0
148230 0.00 0.00 0.00 0
148238 0.00 0.00 0.00 0
148239 0.00 0.00 0.00 0
148240 0.00 0.00 0.00 0
148241 0.00 0.00 0.00 0
148242 0.00 0.00 0.00 0
148243 0.00 0.00 0.00 0
148244 0.00 0.00 0.00 0
148245 0.00 0.00 0.00 0
148246 0.00 0.00 0.00 0
148247 0.00 0.00 0.00 0
148248 0.00 0.00 0.00 0
148249 0.00 0.00 0.00 0
148250 0.00 0.00 0.00 0
148251 0.00 0.00 0.00 0
148252 0.00 0.00 0.00 0
148253 0.00 0.00 0.00 0
148254 0.00 0.00 0.00 0
148255 0.00 0.00 0.00 0
148256 0.00 0.00 0.00 0
148257 0.00 0.00 0.00 0
148258 0.00 0.00 0.00 0
148259 0.00 0.00 0.00 0
148260 0.00 0.00 0.00 0
148261 0.00 0.00 0.00 0
148262 0.00 0.00 0.00 0
148263 0.00 0.00 0.00 0
148264 0.00 0.00 0.00 0
148265 0.00 0.00 0.00 0
148266 0.00 0.00 0.00 0
148267 0.00 0.00 0.00 0
148268 0.00 0.00 0.00 0
148269 0.00 0.00 0.00 0
148270 0.00 0.00 0.00 0
148271 0.00 0.00 0.00 0
149007 0.00 0.00 0.00 0
149008 0.00 0.00 0.00 0
149009 0.00 0.00 0.00 0
149010 0.00 0.00 0.00 0
149011 0.00 0.00 0.00 0
149012 0.00 0.00 0.00 0
149013 0.00 0.00 0.00 0
149014 0.00 0.00 0.00 0
149015 0.00 0.00 0.00 0
149016 0.00 0.00 0.00 0
149017 0.00 0.00 0.00 0
149018 0.00 0.00 0.00 0
149019 0.00 0.00 0.00 0
149020 0.00 0.00 0.00 0
149021 0.00 0.00 0.00 0
149022 0.00 0.00 0.00 0
149023 0.00 0.00 0.00 0
149024 0.00 0.00 0.00 0
149025 0.00 0.00 0.00 0
149026 0.00 0.00 0.00 0
149027 0.00 0.00 0.00 0
149036 0.00 0.00 0.00 0
159703 0.00 0.00 0.00 0
159704 0.00 0.00 0.00 0
159705 0.00 0.00 0.00 0
159708 0.00 0.00 0.00 0
159709 0.00 0.00 0.00 0
159710 0.00 0.00 0.00 0
159711 0.00 0.00 0.00 0
159949 0.00 0.00 0.00 0
159950 0.00 0.00 0.00 0
159951 0.00 0.00 0.00 0
159952 0.00 0.00 0.00 0
159953 0.00 0.00 0.00 0
159954 0.00 0.00 0.00 0
159955 0.00 0.00 0.00 0
159956 0.00 0.00 0.00 0
159957 0.00 0.00 0.00 0
159958 0.00 0.00 0.00 0
159959 0.00 0.00 0.00 0
159960 0.00 0.00 0.00 0
159961 0.00 0.00 0.00 0
159962 0.00 0.00 0.00 0
159963 0.00 0.00 0.00 0
159964 0.00 0.00 0.00 0
159965 0.00 0.00 0.00 0
159966 0.00 0.00 0.00 0
159967 0.00 0.00 0.00 0
159968 0.00 0.00 0.00 0
159969 0.00 0.00 0.00 0
159970 0.00 0.00 0.00 0
159971 0.00 0.00 0.00 0
159972 0.00 0.00 0.00 0
159973 0.00 0.00 0.00 0
159974 0.00 0.00 0.00 0
159975 0.00 0.00 0.00 0
159976 0.00 0.00 0.00 0
159977 0.00 0.00 0.00 0
159978 0.00 0.00 0.00 0
159979 0.00 0.00 0.00 0
159980 0.00 0.00 0.00 0
159981 0.00 0.00 0.00 0
159982 0.00 0.00 0.00 0
159983 0.00 0.00 0.00 0
159984 0.00 0.00 0.00 0
159985 0.00 0.00 0.00 0
159986 0.00 0.00 0.00 0
159987 0.00 0.00 0.00 0
159988 0.00 0.00 0.00 0
159989 0.00 0.00 0.00 0
159990 0.00 0.00 0.00 0
159991 0.00 0.00 0.00 0
159992 0.00 0.00 0.00 0
159993 0.00 0.00 0.00 0
159994 0.00 0.00 0.00 0
159995 0.00 0.00 0.00 0
159996 0.00 0.00 0.00 0
159997 0.00 0.00 0.00 0
159998 0.00 0.00 0.00 0
159999 0.00 0.00 0.00 0
160000 0.00 0.00 0.00 0
160001 0.00 0.00 0.00 0
160002 0.00 0.00 0.00 0
160003 0.00 0.00 0.00 0
160004 0.00 0.00 0.00 0
160005 0.00 0.00 0.00 0
160006 0.00 0.00 0.00 0
160007 0.00 0.00 0.00 0
160008 0.00 0.00 0.00 0
160009 0.00 0.00 0.00 0
160010 0.00 0.00 0.00 0
160011 0.00 0.00 0.00 0
160012 0.00 0.00 0.00 0
160013 0.00 0.00 0.00 0
160014 0.00 0.00 0.00 0
160015 0.00 0.00 0.00 0
160016 0.00 0.00 0.00 0
160017 0.00 0.00 0.00 0
160018 0.00 0.00 0.00 0
160019 0.00 0.00 0.00 0
160020 0.00 0.00 0.00 0
160021 0.00 0.00 0.00 0
160022 0.00 0.00 0.00 0
160023 0.00 0.00 0.00 0
160024 0.00 0.00 0.00 0
160025 0.00 0.00 0.00 0
160044 0.00 0.00 0.00 0
160045 0.00 0.00 0.00 0
160046 0.00 0.00 0.00 0
160047 0.00 0.00 0.00 0
160048 0.00 0.00 0.00 0
160049 0.00 0.00 0.00 0
160050 0.00 0.00 0.00 0
160051 0.00 0.00 0.00 0
160052 0.00 0.00 0.00 0
160053 0.00 0.00 0.00 0
160054 0.00 0.00 0.00 0
160055 0.00 0.00 0.00 0
160056 0.00 0.00 0.00 0
160057 0.00 0.00 0.00 0
160058 0.00 0.00 0.00 0
160059 0.00 0.00 0.00 0
160060 0.00 0.00 0.00 0
160061 0.00 0.00 0.00 0
160062 0.00 0.00 0.00 0
160063 0.00 0.00 0.00 0
160064 0.00 0.00 0.00 0
160065 0.00 0.00 0.00 0
160066 0.00 0.00 0.00 0
160067 0.00 0.00 0.00 0
160068 0.00 0.00 0.00 0
160069 0.00 0.00 0.00 0
160070 0.00 0.00 0.00 0
160071 0.00 0.00 0.00 0
160072 0.00 0.00 0.00 0
160073 0.00 0.00 0.00 0
160074 0.00 0.00 0.00 0
160075 0.00 0.00 0.00 0
160076 0.00 0.00 0.00 0
160077 0.00 0.00 0.00 0
160078 0.00 0.00 0.00 0
160079 0.00 0.00 0.00 0
160080 0.00 0.00 0.00 0
160081 0.00 0.00 0.00 0
160082 0.00 0.00 0.00 0
160083 0.00 0.00 0.00 0
160084 0.00 0.00 0.00 0
160085 0.00 0.00 0.00 0
160086 0.00 0.00 0.00 0
160087 0.00 0.00 0.00 0
160088 0.00 0.00 0.00 0
160089 0.00 0.00 0.00 0
160090 0.00 0.00 0.00 0
160091 0.00 0.00 0.00 0
160092 0.00 0.00 0.00 0
160093 0.00 0.00 0.00 0
160094 0.00 0.00 0.00 0
160095 0.00 0.00 0.00 0
160096 0.00 0.00 0.00 0
160097 0.00 0.00 0.00 0
160098 0.00 0.00 0.00 0
160099 0.00 0.00 0.00 0
160100 0.00 0.00 0.00 0
160101 0.00 0.00 0.00 0
160102 0.00 0.00 0.00 0
160103 0.00 0.00 0.00 0
160104 0.00 0.00 0.00 0
160105 0.00 0.00 0.00 0
160106 0.00 0.00 0.00 0
160107 0.00 0.00 0.00 0
160108 0.00 0.00 0.00 0
160109 0.00 0.00 0.00 0
163222 0.00 0.00 0.00 0
163225 0.00 0.00 0.00 0
163231 0.00 0.00 0.00 0
163232 0.00 0.00 0.00 0
163288 0.00 0.00 0.00 0
163295 0.00 0.00 0.00 0
163296 0.00 0.00 0.00 0
163297 0.00 0.00 0.00 0
163298 0.00 0.00 0.00 0
163299 0.00 0.00 0.00 0
163300 0.00 0.00 0.00 0
163301 0.00 0.00 0.00 0
163302 0.00 0.00 0.00 0
163303 0.00 0.00 0.00 0
163304 0.00 0.00 0.00 0
163305 0.00 0.00 0.00 0
163306 0.00 0.00 0.00 0
163307 0.00 0.00 0.00 0
163308 0.00 0.00 0.00 0
163309 0.00 0.00 0.00 0
163310 0.00 0.00 0.00 0
163311 0.00 0.00 0.00 0
163312 0.00 0.00 0.00 0
163313 0.00 0.00 0.00 0
163314 0.00 0.00 0.00 0
163315 0.00 0.00 0.00 0
163316 0.00 0.00 0.00 0
163317 0.00 0.00 0.00 0
163318 0.00 0.00 0.00 0
163319 0.00 0.00 0.00 0
163320 0.00 0.00 0.00 0
163321 0.00 0.00 0.00 0
163322 0.00 0.00 0.00 0
163323 0.00 0.00 0.00 0
163324 0.00 0.00 0.00 0
163325 0.00 0.00 0.00 0
163326 0.00 0.00 0.00 0
163327 0.00 0.00 0.00 0
163328 0.00 0.00 0.00 0
163329 0.00 0.00 0.00 0
163330 0.00 0.00 0.00 0
163331 0.00 0.00 0.00 0
163332 0.00 0.00 0.00 0
163333 0.00 0.00 0.00 0
163334 0.00 0.00 0.00 0
163335 0.00 0.00 0.00 0
163336 0.00 0.00 0.00 0
163337 0.00 0.00 0.00 0
163338 0.00 0.00 0.00 0
163339 0.00 0.00 0.00 0
163340 0.00 0.00 0.00 0
163341 0.00 0.00 0.00 0
163342 0.00 0.00 0.00 0
163343 0.00 0.00 0.00 0
163344 0.00 0.00 0.00 0
163345 0.00 0.00 0.00 0
163346 0.00 0.00 0.00 0
163347 0.00 0.00 0.00 0
163348 0.00 0.00 0.00 0
163349 0.00 0.00 0.00 0
163350 0.00 0.00 0.00 0
163351 0.00 0.00 0.00 0
163352 0.00 0.00 0.00 0
163353 0.00 0.00 0.00 0
163354 0.00 0.00 0.00 0
163355 0.00 0.00 0.00 0
163356 0.00 0.00 0.00 0
163357 0.00 0.00 0.00 0
163358 0.00 0.00 0.00 0
163359 0.00 0.00 0.00 0
163360 0.00 0.00 0.00 0
163361 0.00 0.00 0.00 0
163362 0.00 0.00 0.00 0
163363 0.00 0.00 0.00 0
163364 0.00 0.00 0.00 0
163365 0.00 0.00 0.00 0
163366 0.00 0.00 0.00 0
163367 0.00 0.00 0.00 0
163368 0.00 0.00 0.00 0
163369 0.00 0.00 0.00 0
163370 0.00 0.00 0.00 0
163371 0.00 0.00 0.00 0
163372 0.00 0.00 0.00 0
163373 0.00 0.00 0.00 0
163374 0.00 0.00 0.00 0
163375 0.00 0.00 0.00 0
163376 0.00 0.00 0.00 0
163377 0.00 0.00 0.00 0
163378 0.00 0.00 0.00 0
163379 0.00 0.00 0.00 0
163380 0.00 0.00 0.00 0
163381 0.00 0.00 0.00 0
163382 0.00 0.00 0.00 0
163383 0.00 0.00 0.00 0
163403 0.00 0.00 0.00 0
163404 0.00 0.00 0.00 0
163406 0.00 0.00 0.00 0
163407 0.00 0.00 0.00 0
163408 0.00 0.00 0.00 0
163409 0.00 0.00 0.00 0
163410 0.00 0.00 0.00 0
163411 0.00 0.00 0.00 0
163412 0.00 0.00 0.00 0
163413 0.00 0.00 0.00 0
163414 0.00 0.00 0.00 0
163415 0.00 0.00 0.00 0
163416 0.00 0.00 0.00 0
163417 0.00 0.00 0.00 0
163418 0.00 0.00 0.00 0
163419 0.00 0.00 0.00 0
163426 0.00 0.00 0.00 0
163427 0.00 0.00 0.00 0
163428 0.00 0.00 0.00 0
163429 0.00 0.00 0.00 0
163430 0.00 0.00 0.00 0
163431 0.00 0.00 0.00 0
163433 0.00 0.00 0.00 0
163434 0.00 0.00 0.00 0
163435 0.00 0.00 0.00 0
163436 0.00 0.00 0.00 0
163437 0.00 0.00 0.00 0
163518 0.00 0.00 0.00 0
163519 0.00 0.00 0.00 0
163520 0.00 0.00 0.00 0
163521 0.00 0.00 0.00 0
163581 0.00 0.00 0.00 0
163590 0.00 0.00 0.00 0
163591 0.00 0.00 0.00 0
163592 0.00 0.00 0.00 0
163593 0.00 0.00 0.00 0
163595 0.00 0.00 0.00 0
163596 0.00 0.00 0.00 0
163597 0.00 0.00 0.00 0
163598 0.00 0.00 0.00 0
163599 0.00 0.00 0.00 0
