# G_temp_sup-Plan_tempo
1351
533 0.00 0.00 0.00 0
542 0.00 0.00 0.00 0
543 0.00 0.00 0.00 0
546 0.00 0.00 0.00 0
547 0.00 0.00 0.00 0
1169 0.00 0.00 0.00 0
1197 0.00 0.00 0.00 0
1198 0.00 0.00 0.00 0
1199 0.00 0.00 0.00 0
1206 0.00 0.00 0.00 0
1207 0.00 0.00 0.00 0
1208 0.00 0.00 0.00 0
1209 0.00 0.00 0.00 0
1211 0.00 0.00 0.00 0
1212 0.00 0.00 0.00 0
2270 0.00 0.00 0.00 0
2271 0.00 0.00 0.00 0
2279 0.00 0.00 0.00 0
2280 0.00 0.00 0.00 0
2284 0.00 0.00 0.00 0
2285 0.00 0.00 0.00 0
3090 0.00 0.00 0.00 0
3118 0.00 0.00 0.00 0
3119 0.00 0.00 0.00 0
3127 0.00 0.00 0.00 0
3128 0.00 0.00 0.00 0
3129 0.00 0.00 0.00 0
3131 0.00 0.00 0.00 0
3133 0.00 0.00 0.00 0
5028 0.00 0.00 0.00 0
5032 0.00 0.00 0.00 0
5034 0.00 0.00 0.00 0
5035 0.00 0.00 0.00 0
5036 0.00 0.00 0.00 0
5037 0.00 0.00 0.00 0
5038 0.00 0.00 0.00 0
5039 0.00 0.00 0.00 0
5058 0.00 0.00 0.00 0
5059 0.00 0.00 0.00 0
5060 0.00 0.00 0.00 0
5061 0.00 0.00 0.00 0
5062 0.00 0.00 0.00 0
5063 0.00 0.00 0.00 0
5064 0.00 0.00 0.00 0
5065 0.00 0.00 0.00 0
5066 0.00 0.00 0.00 0
5071 0.00 0.00 0.00 0
5072 0.00 0.00 0.00 0
5073 0.00 0.00 0.00 0
5074 0.00 0.00 0.00 0
5075 0.00 0.00 0.00 0
6716 0.00 0.00 0.00 0
6717 0.00 0.00 0.00 0
6762 0.00 0.00 0.00 0
6763 0.00 0.00 0.00 0
6764 0.00 0.00 0.00 0
6765 0.00 0.00 0.00 0
6766 0.00 0.00 0.00 0
6767 0.00 0.00 0.00 0
6780 0.00 0.00 0.00 0
6781 0.00 0.00 0.00 0
6782 0.00 0.00 0.00 0
6783 0.00 0.00 0.00 0
6784 0.00 0.00 0.00 0
6785 0.00 0.00 0.00 0
6787 0.00 0.00 0.00 0
6788 0.00 0.00 0.00 0
6789 0.00 0.00 0.00 0
6790 0.00 0.00 0.00 0
6792 0.00 0.00 0.00 0
6793 0.00 0.00 0.00 0
9370 0.00 0.00 0.00 0
9395 0.00 0.00 0.00 0
9396 0.00 0.00 0.00 0
9398 0.00 0.00 0.00 0
9399 0.00 0.00 0.00 0
9400 0.00 0.00 0.00 0
9401 0.00 0.00 0.00 0
9402 0.00 0.00 0.00 0
9406 0.00 0.00 0.00 0
9412 0.00 0.00 0.00 0
9413 0.00 0.00 0.00 0
9414 0.00 0.00 0.00 0
9415 0.00 0.00 0.00 0
9416 0.00 0.00 0.00 0
9417 0.00 0.00 0.00 0
10808 0.00 0.00 0.00 0
12632 0.00 0.00 0.00 0
12708 0.00 0.00 0.00 0
12712 0.00 0.00 0.00 0
12714 0.00 0.00 0.00 0
12715 0.00 0.00 0.00 0
12716 0.00 0.00 0.00 0
12717 0.00 0.00 0.00 0
12718 0.00 0.00 0.00 0
12719 0.00 0.00 0.00 0
12738 0.00 0.00 0.00 0
12739 0.00 0.00 0.00 0
12740 0.00 0.00 0.00 0
12741 0.00 0.00 0.00 0
12742 0.00 0.00 0.00 0
12743 0.00 0.00 0.00 0
12744 0.00 0.00 0.00 0
12745 0.00 0.00 0.00 0
12746 0.00 0.00 0.00 0
12747 0.00 0.00 0.00 0
12749 0.00 0.00 0.00 0
12751 0.00 0.00 0.00 0
12752 0.00 0.00 0.00 0
12753 0.00 0.00 0.00 0
12754 0.00 0.00 0.00 0
15029 0.00 0.00 0.00 0
15031 0.00 0.00 0.00 0
15032 0.00 0.00 0.00 0
15033 0.00 0.00 0.00 0
15034 0.00 0.00 0.00 0
15035 0.00 0.00 0.00 0
15036 0.00 0.00 0.00 0
15108 0.00 0.00 0.00 0
15109 0.00 0.00 0.00 0
15110 0.00 0.00 0.00 0
15111 0.00 0.00 0.00 0
15112 0.00 0.00 0.00 0
15113 0.00 0.00 0.00 0
15114 0.00 0.00 0.00 0
15115 0.00 0.00 0.00 0
15116 0.00 0.00 0.00 0
15117 0.00 0.00 0.00 0
15118 0.00 0.00 0.00 0
15119 0.00 0.00 0.00 0
15138 0.00 0.00 0.00 0
15139 0.00 0.00 0.00 0
15140 0.00 0.00 0.00 0
15141 0.00 0.00 0.00 0
15142 0.00 0.00 0.00 0
15143 0.00 0.00 0.00 0
15144 0.00 0.00 0.00 0
15145 0.00 0.00 0.00 0
15146 0.00 0.00 0.00 0
15147 0.00 0.00 0.00 0
15148 0.00 0.00 0.00 0
15149 0.00 0.00 0.00 0
15153 0.00 0.00 0.00 0
15154 0.00 0.00 0.00 0
15155 0.00 0.00 0.00 0
15156 0.00 0.00 0.00 0
15157 0.00 0.00 0.00 0
15158 0.00 0.00 0.00 0
15159 0.00 0.00 0.00 0
15160 0.00 0.00 0.00 0
15161 0.00 0.00 0.00 0
15162 0.00 0.00 0.00 0
20865 0.00 0.00 0.00 0
20866 0.00 0.00 0.00 0
20867 0.00 0.00 0.00 0
20868 0.00 0.00 0.00 0
20869 0.00 0.00 0.00 0
20870 0.00 0.00 0.00 0
20874 0.00 0.00 0.00 0
20875 0.00 0.00 0.00 0
20876 0.00 0.00 0.00 0
20877 0.00 0.00 0.00 0
20879 0.00 0.00 0.00 0
20930 0.00 0.00 0.00 0
20931 0.00 0.00 0.00 0
20932 0.00 0.00 0.00 0
20935 0.00 0.00 0.00 0
20936 0.00 0.00 0.00 0
20937 0.00 0.00 0.00 0
20938 0.00 0.00 0.00 0
20939 0.00 0.00 0.00 0
20940 0.00 0.00 0.00 0
20941 0.00 0.00 0.00 0
20942 0.00 0.00 0.00 0
20943 0.00 0.00 0.00 0
20944 0.00 0.00 0.00 0
20945 0.00 0.00 0.00 0
20946 0.00 0.00 0.00 0
20947 0.00 0.00 0.00 0
20955 0.00 0.00 0.00 0
20956 0.00 0.00 0.00 0
20957 0.00 0.00 0.00 0
20959 0.00 0.00 0.00 0
20971 0.00 0.00 0.00 0
20972 0.00 0.00 0.00 0
20973 0.00 0.00 0.00 0
20974 0.00 0.00 0.00 0
20975 0.00 0.00 0.00 0
20976 0.00 0.00 0.00 0
20977 0.00 0.00 0.00 0
20978 0.00 0.00 0.00 0
20979 0.00 0.00 0.00 0
20980 0.00 0.00 0.00 0
20981 0.00 0.00 0.00 0
20982 0.00 0.00 0.00 0
20983 0.00 0.00 0.00 0
20984 0.00 0.00 0.00 0
23993 0.00 0.00 0.00 0
23994 0.00 0.00 0.00 0
23996 0.00 0.00 0.00 0
24043 0.00 0.00 0.00 0
24044 0.00 0.00 0.00 0
24045 0.00 0.00 0.00 0
24046 0.00 0.00 0.00 0
24047 0.00 0.00 0.00 0
24060 0.00 0.00 0.00 0
24061 0.00 0.00 0.00 0
24062 0.00 0.00 0.00 0
24063 0.00 0.00 0.00 0
24064 0.00 0.00 0.00 0
24065 0.00 0.00 0.00 0
24070 0.00 0.00 0.00 0
24071 0.00 0.00 0.00 0
24072 0.00 0.00 0.00 0
24073 0.00 0.00 0.00 0
27495 0.00 0.00 0.00 0
27496 0.00 0.00 0.00 0
27497 0.00 0.00 0.00 0
27498 0.00 0.00 0.00 0
27499 0.00 0.00 0.00 0
27500 0.00 0.00 0.00 0
27501 0.00 0.00 0.00 0
27502 0.00 0.00 0.00 0
27503 0.00 0.00 0.00 0
27536 0.00 0.00 0.00 0
27537 0.00 0.00 0.00 0
27538 0.00 0.00 0.00 0
27539 0.00 0.00 0.00 0
27540 0.00 0.00 0.00 0
27541 0.00 0.00 0.00 0
27542 0.00 0.00 0.00 0
27543 0.00 0.00 0.00 0
27544 0.00 0.00 0.00 0
27545 0.00 0.00 0.00 0
27546 0.00 0.00 0.00 0
27548 0.00 0.00 0.00 0
27549 0.00 0.00 0.00 0
27550 0.00 0.00 0.00 0
27551 0.00 0.00 0.00 0
27552 0.00 0.00 0.00 0
27559 0.00 0.00 0.00 0
27560 0.00 0.00 0.00 0
27561 0.00 0.00 0.00 0
27562 0.00 0.00 0.00 0
27563 0.00 0.00 0.00 0
27564 0.00 0.00 0.00 0
27565 0.00 0.00 0.00 0
27566 0.00 0.00 0.00 0
27567 0.00 0.00 0.00 0
31030 0.00 0.00 0.00 0
31031 0.00 0.00 0.00 0
31034 0.00 0.00 0.00 0
31035 0.00 0.00 0.00 0
31139 0.00 0.00 0.00 0
31140 0.00 0.00 0.00 0
31141 0.00 0.00 0.00 0
31142 0.00 0.00 0.00 0
31143 0.00 0.00 0.00 0
31144 0.00 0.00 0.00 0
31145 0.00 0.00 0.00 0
31146 0.00 0.00 0.00 0
31147 0.00 0.00 0.00 0
31148 0.00 0.00 0.00 0
31149 0.00 0.00 0.00 0
31150 0.00 0.00 0.00 0
31151 0.00 0.00 0.00 0
31179 0.00 0.00 0.00 0
31180 0.00 0.00 0.00 0
31181 0.00 0.00 0.00 0
31182 0.00 0.00 0.00 0
31183 0.00 0.00 0.00 0
31184 0.00 0.00 0.00 0
31185 0.00 0.00 0.00 0
31186 0.00 0.00 0.00 0
31187 0.00 0.00 0.00 0
31188 0.00 0.00 0.00 0
31189 0.00 0.00 0.00 0
31190 0.00 0.00 0.00 0
31191 0.00 0.00 0.00 0
31192 0.00 0.00 0.00 0
31193 0.00 0.00 0.00 0
31195 0.00 0.00 0.00 0
31197 0.00 0.00 0.00 0
31198 0.00 0.00 0.00 0
31199 0.00 0.00 0.00 0
31200 0.00 0.00 0.00 0
31201 0.00 0.00 0.00 0
31202 0.00 0.00 0.00 0
31203 0.00 0.00 0.00 0
31204 0.00 0.00 0.00 0
31206 0.00 0.00 0.00 0
31209 0.00 0.00 0.00 0
31210 0.00 0.00 0.00 0
38350 0.00 0.00 0.00 0
38351 0.00 0.00 0.00 0
38352 0.00 0.00 0.00 0
38353 0.00 0.00 0.00 0
38354 0.00 0.00 0.00 0
38362 0.00 0.00 0.00 0
38423 0.00 0.00 0.00 0
38424 0.00 0.00 0.00 0
38427 0.00 0.00 0.00 0
38428 0.00 0.00 0.00 0
38429 0.00 0.00 0.00 0
38430 0.00 0.00 0.00 0
38434 0.00 0.00 0.00 0
38435 0.00 0.00 0.00 0
38436 0.00 0.00 0.00 0
38437 0.00 0.00 0.00 0
38438 0.00 0.00 0.00 0
38439 0.00 0.00 0.00 0
38440 0.00 0.00 0.00 0
38441 0.00 0.00 0.00 0
38442 0.00 0.00 0.00 0
38443 0.00 0.00 0.00 0
38444 0.00 0.00 0.00 0
38445 0.00 0.00 0.00 0
38458 0.00 0.00 0.00 0
38459 0.00 0.00 0.00 0
38460 0.00 0.00 0.00 0
38461 0.00 0.00 0.00 0
38462 0.00 0.00 0.00 0
38477 0.00 0.00 0.00 0
38478 0.00 0.00 0.00 0
38479 0.00 0.00 0.00 0
38480 0.00 0.00 0.00 0
38481 0.00 0.00 0.00 0
38482 0.00 0.00 0.00 0
38483 0.00 0.00 0.00 0
38484 0.00 0.00 0.00 0
38485 0.00 0.00 0.00 0
38486 0.00 0.00 0.00 0
38487 0.00 0.00 0.00 0
38488 0.00 0.00 0.00 0
38489 0.00 0.00 0.00 0
38490 0.00 0.00 0.00 0
38491 0.00 0.00 0.00 0
38492 0.00 0.00 0.00 0
38493 0.00 0.00 0.00 0
43352 0.00 0.00 0.00 0
43428 0.00 0.00 0.00 0
43429 0.00 0.00 0.00 0
43430 0.00 0.00 0.00 0
43432 0.00 0.00 0.00 0
43433 0.00 0.00 0.00 0
43434 0.00 0.00 0.00 0
43435 0.00 0.00 0.00 0
43436 0.00 0.00 0.00 0
43437 0.00 0.00 0.00 0
43438 0.00 0.00 0.00 0
43439 0.00 0.00 0.00 0
43458 0.00 0.00 0.00 0
43459 0.00 0.00 0.00 0
43460 0.00 0.00 0.00 0
43461 0.00 0.00 0.00 0
43462 0.00 0.00 0.00 0
43463 0.00 0.00 0.00 0
43464 0.00 0.00 0.00 0
43465 0.00 0.00 0.00 0
43466 0.00 0.00 0.00 0
43467 0.00 0.00 0.00 0
43468 0.00 0.00 0.00 0
43469 0.00 0.00 0.00 0
43473 0.00 0.00 0.00 0
43474 0.00 0.00 0.00 0
45749 0.00 0.00 0.00 0
45750 0.00 0.00 0.00 0
45751 0.00 0.00 0.00 0
45753 0.00 0.00 0.00 0
45755 0.00 0.00 0.00 0
45828 0.00 0.00 0.00 0
45829 0.00 0.00 0.00 0
45830 0.00 0.00 0.00 0
45831 0.00 0.00 0.00 0
45832 0.00 0.00 0.00 0
45833 0.00 0.00 0.00 0
45834 0.00 0.00 0.00 0
45835 0.00 0.00 0.00 0
45836 0.00 0.00 0.00 0
45837 0.00 0.00 0.00 0
45838 0.00 0.00 0.00 0
45839 0.00 0.00 0.00 0
45858 0.00 0.00 0.00 0
45859 0.00 0.00 0.00 0
45860 0.00 0.00 0.00 0
45861 0.00 0.00 0.00 0
45862 0.00 0.00 0.00 0
45863 0.00 0.00 0.00 0
45864 0.00 0.00 0.00 0
45865 0.00 0.00 0.00 0
45866 0.00 0.00 0.00 0
45867 0.00 0.00 0.00 0
45868 0.00 0.00 0.00 0
45869 0.00 0.00 0.00 0
45873 0.00 0.00 0.00 0
45874 0.00 0.00 0.00 0
45875 0.00 0.00 0.00 0
45876 0.00 0.00 0.00 0
45877 0.00 0.00 0.00 0
45878 0.00 0.00 0.00 0
45879 0.00 0.00 0.00 0
45880 0.00 0.00 0.00 0
45881 0.00 0.00 0.00 0
45882 0.00 0.00 0.00 0
45883 0.00 0.00 0.00 0
51585 0.00 0.00 0.00 0
51586 0.00 0.00 0.00 0
51587 0.00 0.00 0.00 0
51588 0.00 0.00 0.00 0
51589 0.00 0.00 0.00 0
51590 0.00 0.00 0.00 0
51592 0.00 0.00 0.00 0
51593 0.00 0.00 0.00 0
51594 0.00 0.00 0.00 0
51595 0.00 0.00 0.00 0
51596 0.00 0.00 0.00 0
51597 0.00 0.00 0.00 0
51598 0.00 0.00 0.00 0
51599 0.00 0.00 0.00 0
51650 0.00 0.00 0.00 0
51651 0.00 0.00 0.00 0
51652 0.00 0.00 0.00 0
51653 0.00 0.00 0.00 0
51655 0.00 0.00 0.00 0
51656 0.00 0.00 0.00 0
51657 0.00 0.00 0.00 0
51658 0.00 0.00 0.00 0
51659 0.00 0.00 0.00 0
51660 0.00 0.00 0.00 0
51661 0.00 0.00 0.00 0
51662 0.00 0.00 0.00 0
51663 0.00 0.00 0.00 0
51664 0.00 0.00 0.00 0
51665 0.00 0.00 0.00 0
51666 0.00 0.00 0.00 0
51667 0.00 0.00 0.00 0
51668 0.00 0.00 0.00 0
51669 0.00 0.00 0.00 0
51675 0.00 0.00 0.00 0
51676 0.00 0.00 0.00 0
51677 0.00 0.00 0.00 0
51693 0.00 0.00 0.00 0
51694 0.00 0.00 0.00 0
51695 0.00 0.00 0.00 0
51696 0.00 0.00 0.00 0
51697 0.00 0.00 0.00 0
51698 0.00 0.00 0.00 0
51699 0.00 0.00 0.00 0
51700 0.00 0.00 0.00 0
51701 0.00 0.00 0.00 0
51702 0.00 0.00 0.00 0
51703 0.00 0.00 0.00 0
51704 0.00 0.00 0.00 0
51705 0.00 0.00 0.00 0
55353 0.00 0.00 0.00 0
55354 0.00 0.00 0.00 0
55355 0.00 0.00 0.00 0
55431 0.00 0.00 0.00 0
55432 0.00 0.00 0.00 0
55433 0.00 0.00 0.00 0
55434 0.00 0.00 0.00 0
55435 0.00 0.00 0.00 0
55436 0.00 0.00 0.00 0
55437 0.00 0.00 0.00 0
55438 0.00 0.00 0.00 0
55439 0.00 0.00 0.00 0
55460 0.00 0.00 0.00 0
55461 0.00 0.00 0.00 0
55462 0.00 0.00 0.00 0
55463 0.00 0.00 0.00 0
55464 0.00 0.00 0.00 0
55465 0.00 0.00 0.00 0
55466 0.00 0.00 0.00 0
55467 0.00 0.00 0.00 0
55468 0.00 0.00 0.00 0
55469 0.00 0.00 0.00 0
55478 0.00 0.00 0.00 0
55483 0.00 0.00 0.00 0
61185 0.00 0.00 0.00 0
61186 0.00 0.00 0.00 0
61187 0.00 0.00 0.00 0
61188 0.00 0.00 0.00 0
61189 0.00 0.00 0.00 0
61190 0.00 0.00 0.00 0
61191 0.00 0.00 0.00 0
61192 0.00 0.00 0.00 0
61193 0.00 0.00 0.00 0
61194 0.00 0.00 0.00 0
61195 0.00 0.00 0.00 0
61196 0.00 0.00 0.00 0
61197 0.00 0.00 0.00 0
61198 0.00 0.00 0.00 0
61199 0.00 0.00 0.00 0
61253 0.00 0.00 0.00 0
61254 0.00 0.00 0.00 0
61255 0.00 0.00 0.00 0
61256 0.00 0.00 0.00 0
61257 0.00 0.00 0.00 0
61258 0.00 0.00 0.00 0
61259 0.00 0.00 0.00 0
61260 0.00 0.00 0.00 0
61261 0.00 0.00 0.00 0
61262 0.00 0.00 0.00 0
61263 0.00 0.00 0.00 0
61264 0.00 0.00 0.00 0
61265 0.00 0.00 0.00 0
61266 0.00 0.00 0.00 0
61267 0.00 0.00 0.00 0
61268 0.00 0.00 0.00 0
61269 0.00 0.00 0.00 0
61270 0.00 0.00 0.00 0
61271 0.00 0.00 0.00 0
61272 0.00 0.00 0.00 0
61274 0.00 0.00 0.00 0
61275 0.00 0.00 0.00 0
61276 0.00 0.00 0.00 0
61277 0.00 0.00 0.00 0
61278 0.00 0.00 0.00 0
61279 0.00 0.00 0.00 0
61293 0.00 0.00 0.00 0
61294 0.00 0.00 0.00 0
61295 0.00 0.00 0.00 0
61296 0.00 0.00 0.00 0
61297 0.00 0.00 0.00 0
61298 0.00 0.00 0.00 0
61299 0.00 0.00 0.00 0
61300 0.00 0.00 0.00 0
61301 0.00 0.00 0.00 0
61302 0.00 0.00 0.00 0
61303 0.00 0.00 0.00 0
61304 0.00 0.00 0.00 0
61305 0.00 0.00 0.00 0
68137 0.00 0.00 0.00 0
68138 0.00 0.00 0.00 0
68139 0.00 0.00 0.00 0
68140 0.00 0.00 0.00 0
68141 0.00 0.00 0.00 0
68142 0.00 0.00 0.00 0
68144 0.00 0.00 0.00 0
68146 0.00 0.00 0.00 0
68147 0.00 0.00 0.00 0
68148 0.00 0.00 0.00 0
68149 0.00 0.00 0.00 0
68150 0.00 0.00 0.00 0
68151 0.00 0.00 0.00 0
68366 0.00 0.00 0.00 0
68372 0.00 0.00 0.00 0
68373 0.00 0.00 0.00 0
68374 0.00 0.00 0.00 0
68375 0.00 0.00 0.00 0
68376 0.00 0.00 0.00 0
68377 0.00 0.00 0.00 0
68378 0.00 0.00 0.00 0
68379 0.00 0.00 0.00 0
68380 0.00 0.00 0.00 0
68381 0.00 0.00 0.00 0
68382 0.00 0.00 0.00 0
68383 0.00 0.00 0.00 0
68384 0.00 0.00 0.00 0
68385 0.00 0.00 0.00 0
68386 0.00 0.00 0.00 0
68387 0.00 0.00 0.00 0
68388 0.00 0.00 0.00 0
68389 0.00 0.00 0.00 0
68390 0.00 0.00 0.00 0
68391 0.00 0.00 0.00 0
68392 0.00 0.00 0.00 0
68393 0.00 0.00 0.00 0
68394 0.00 0.00 0.00 0
68395 0.00 0.00 0.00 0
68396 0.00 0.00 0.00 0
68397 0.00 0.00 0.00 0
68398 0.00 0.00 0.00 0
68399 0.00 0.00 0.00 0
68456 0.00 0.00 0.00 0
68457 0.00 0.00 0.00 0
68458 0.00 0.00 0.00 0
68459 0.00 0.00 0.00 0
68460 0.00 0.00 0.00 0
68461 0.00 0.00 0.00 0
68462 0.00 0.00 0.00 0
68463 0.00 0.00 0.00 0
68464 0.00 0.00 0.00 0
68465 0.00 0.00 0.00 0
68466 0.00 0.00 0.00 0
68467 0.00 0.00 0.00 0
68468 0.00 0.00 0.00 0
68469 0.00 0.00 0.00 0
68470 0.00 0.00 0.00 0
68471 0.00 0.00 0.00 0
68472 0.00 0.00 0.00 0
68473 0.00 0.00 0.00 0
68474 0.00 0.00 0.00 0
68475 0.00 0.00 0.00 0
68476 0.00 0.00 0.00 0
68477 0.00 0.00 0.00 0
68478 0.00 0.00 0.00 0
68479 0.00 0.00 0.00 0
68480 0.00 0.00 0.00 0
68481 0.00 0.00 0.00 0
68482 0.00 0.00 0.00 0
68483 0.00 0.00 0.00 0
68484 0.00 0.00 0.00 0
68485 0.00 0.00 0.00 0
68486 0.00 0.00 0.00 0
68487 0.00 0.00 0.00 0
68488 0.00 0.00 0.00 0
68489 0.00 0.00 0.00 0
68495 0.00 0.00 0.00 0
68496 0.00 0.00 0.00 0
68497 0.00 0.00 0.00 0
68500 0.00 0.00 0.00 0
68501 0.00 0.00 0.00 0
68502 0.00 0.00 0.00 0
68503 0.00 0.00 0.00 0
68504 0.00 0.00 0.00 0
68505 0.00 0.00 0.00 0
68506 0.00 0.00 0.00 0
68507 0.00 0.00 0.00 0
68508 0.00 0.00 0.00 0
68509 0.00 0.00 0.00 0
68510 0.00 0.00 0.00 0
68511 0.00 0.00 0.00 0
68512 0.00 0.00 0.00 0
68513 0.00 0.00 0.00 0
68514 0.00 0.00 0.00 0
68515 0.00 0.00 0.00 0
68516 0.00 0.00 0.00 0
68517 0.00 0.00 0.00 0
68519 0.00 0.00 0.00 0
68520 0.00 0.00 0.00 0
68521 0.00 0.00 0.00 0
68522 0.00 0.00 0.00 0
68523 0.00 0.00 0.00 0
68524 0.00 0.00 0.00 0
68525 0.00 0.00 0.00 0
68526 0.00 0.00 0.00 0
85635 0.00 0.00 0.00 0
85636 0.00 0.00 0.00 0
85637 0.00 0.00 0.00 0
85638 0.00 0.00 0.00 0
85639 0.00 0.00 0.00 0
85640 0.00 0.00 0.00 0
85641 0.00 0.00 0.00 0
85642 0.00 0.00 0.00 0
85643 0.00 0.00 0.00 0
85644 0.00 0.00 0.00 0
85645 0.00 0.00 0.00 0
85646 0.00 0.00 0.00 0
85647 0.00 0.00 0.00 0
85648 0.00 0.00 0.00 0
85649 0.00 0.00 0.00 0
85665 0.00 0.00 0.00 0
85666 0.00 0.00 0.00 0
85667 0.00 0.00 0.00 0
85819 0.00 0.00 0.00 0
85820 0.00 0.00 0.00 0
85821 0.00 0.00 0.00 0
85822 0.00 0.00 0.00 0
85828 0.00 0.00 0.00 0
85829 0.00 0.00 0.00 0
85830 0.00 0.00 0.00 0
85831 0.00 0.00 0.00 0
85832 0.00 0.00 0.00 0
85833 0.00 0.00 0.00 0
85834 0.00 0.00 0.00 0
85835 0.00 0.00 0.00 0
85836 0.00 0.00 0.00 0
85837 0.00 0.00 0.00 0
85846 0.00 0.00 0.00 0
85847 0.00 0.00 0.00 0
85848 0.00 0.00 0.00 0
85849 0.00 0.00 0.00 0
85850 0.00 0.00 0.00 0
85851 0.00 0.00 0.00 0
85852 0.00 0.00 0.00 0
85853 0.00 0.00 0.00 0
85854 0.00 0.00 0.00 0
85855 0.00 0.00 0.00 0
85856 0.00 0.00 0.00 0
85857 0.00 0.00 0.00 0
85858 0.00 0.00 0.00 0
85859 0.00 0.00 0.00 0
85860 0.00 0.00 0.00 0
85861 0.00 0.00 0.00 0
85862 0.00 0.00 0.00 0
85863 0.00 0.00 0.00 0
85864 0.00 0.00 0.00 0
85865 0.00 0.00 0.00 0
85866 0.00 0.00 0.00 0
85867 0.00 0.00 0.00 0
85868 0.00 0.00 0.00 0
85869 0.00 0.00 0.00 0
85870 0.00 0.00 0.00 0
85871 0.00 0.00 0.00 0
85872 0.00 0.00 0.00 0
85873 0.00 0.00 0.00 0
85874 0.00 0.00 0.00 0
85875 0.00 0.00 0.00 0
85876 0.00 0.00 0.00 0
85877 0.00 0.00 0.00 0
85878 0.00 0.00 0.00 0
85880 0.00 0.00 0.00 0
85884 0.00 0.00 0.00 0
85890 0.00 0.00 0.00 0
85891 0.00 0.00 0.00 0
85892 0.00 0.00 0.00 0
85905 0.00 0.00 0.00 0
85906 0.00 0.00 0.00 0
85907 0.00 0.00 0.00 0
85908 0.00 0.00 0.00 0
85909 0.00 0.00 0.00 0
85910 0.00 0.00 0.00 0
85911 0.00 0.00 0.00 0
85912 0.00 0.00 0.00 0
85913 0.00 0.00 0.00 0
85914 0.00 0.00 0.00 0
85915 0.00 0.00 0.00 0
85917 0.00 0.00 0.00 0
85953 0.00 0.00 0.00 0
85954 0.00 0.00 0.00 0
85955 0.00 0.00 0.00 0
85956 0.00 0.00 0.00 0
85957 0.00 0.00 0.00 0
85958 0.00 0.00 0.00 0
85959 0.00 0.00 0.00 0
85960 0.00 0.00 0.00 0
85961 0.00 0.00 0.00 0
85962 0.00 0.00 0.00 0
85963 0.00 0.00 0.00 0
85964 0.00 0.00 0.00 0
85965 0.00 0.00 0.00 0
85966 0.00 0.00 0.00 0
85967 0.00 0.00 0.00 0
85968 0.00 0.00 0.00 0
85969 0.00 0.00 0.00 0
85970 0.00 0.00 0.00 0
85971 0.00 0.00 0.00 0
85972 0.00 0.00 0.00 0
85973 0.00 0.00 0.00 0
85974 0.00 0.00 0.00 0
85975 0.00 0.00 0.00 0
85976 0.00 0.00 0.00 0
85977 0.00 0.00 0.00 0
85978 0.00 0.00 0.00 0
85979 0.00 0.00 0.00 0
85980 0.00 0.00 0.00 0
85981 0.00 0.00 0.00 0
85982 0.00 0.00 0.00 0
85983 0.00 0.00 0.00 0
85984 0.00 0.00 0.00 0
85985 0.00 0.00 0.00 0
85986 0.00 0.00 0.00 0
85987 0.00 0.00 0.00 0
85988 0.00 0.00 0.00 0
85989 0.00 0.00 0.00 0
85990 0.00 0.00 0.00 0
85991 0.00 0.00 0.00 0
85992 0.00 0.00 0.00 0
85993 0.00 0.00 0.00 0
85994 0.00 0.00 0.00 0
85995 0.00 0.00 0.00 0
93182 0.00 0.00 0.00 0
93183 0.00 0.00 0.00 0
93184 0.00 0.00 0.00 0
93185 0.00 0.00 0.00 0
96602 0.00 0.00 0.00 0
96603 0.00 0.00 0.00 0
96604 0.00 0.00 0.00 0
96605 0.00 0.00 0.00 0
96610 0.00 0.00 0.00 0
96611 0.00 0.00 0.00 0
96612 0.00 0.00 0.00 0
96613 0.00 0.00 0.00 0
96614 0.00 0.00 0.00 0
96615 0.00 0.00 0.00 0
96616 0.00 0.00 0.00 0
96617 0.00 0.00 0.00 0
96618 0.00 0.00 0.00 0
96619 0.00 0.00 0.00 0
96620 0.00 0.00 0.00 0
96621 0.00 0.00 0.00 0
96622 0.00 0.00 0.00 0
96623 0.00 0.00 0.00 0
96656 0.00 0.00 0.00 0
96657 0.00 0.00 0.00 0
96658 0.00 0.00 0.00 0
96659 0.00 0.00 0.00 0
96660 0.00 0.00 0.00 0
96661 0.00 0.00 0.00 0
96662 0.00 0.00 0.00 0
96663 0.00 0.00 0.00 0
96664 0.00 0.00 0.00 0
96665 0.00 0.00 0.00 0
96666 0.00 0.00 0.00 0
96667 0.00 0.00 0.00 0
96668 0.00 0.00 0.00 0
96669 0.00 0.00 0.00 0
96670 0.00 0.00 0.00 0
96671 0.00 0.00 0.00 0
96672 0.00 0.00 0.00 0
96681 0.00 0.00 0.00 0
96682 0.00 0.00 0.00 0
96683 0.00 0.00 0.00 0
96684 0.00 0.00 0.00 0
96685 0.00 0.00 0.00 0
96686 0.00 0.00 0.00 0
96687 0.00 0.00 0.00 0
100784 0.00 0.00 0.00 0
100785 0.00 0.00 0.00 0
100786 0.00 0.00 0.00 0
100787 0.00 0.00 0.00 0
100788 0.00 0.00 0.00 0
100789 0.00 0.00 0.00 0
100790 0.00 0.00 0.00 0
100791 0.00 0.00 0.00 0
100792 0.00 0.00 0.00 0
100793 0.00 0.00 0.00 0
100794 0.00 0.00 0.00 0
100922 0.00 0.00 0.00 0
100924 0.00 0.00 0.00 0
100925 0.00 0.00 0.00 0
100926 0.00 0.00 0.00 0
100927 0.00 0.00 0.00 0
100928 0.00 0.00 0.00 0
100929 0.00 0.00 0.00 0
100930 0.00 0.00 0.00 0
100931 0.00 0.00 0.00 0
100932 0.00 0.00 0.00 0
100933 0.00 0.00 0.00 0
100934 0.00 0.00 0.00 0
100935 0.00 0.00 0.00 0
100936 0.00 0.00 0.00 0
100937 0.00 0.00 0.00 0
100938 0.00 0.00 0.00 0
100939 0.00 0.00 0.00 0
100940 0.00 0.00 0.00 0
100941 0.00 0.00 0.00 0
100942 0.00 0.00 0.00 0
100943 0.00 0.00 0.00 0
100976 0.00 0.00 0.00 0
100977 0.00 0.00 0.00 0
100978 0.00 0.00 0.00 0
100979 0.00 0.00 0.00 0
100980 0.00 0.00 0.00 0
100981 0.00 0.00 0.00 0
100982 0.00 0.00 0.00 0
100983 0.00 0.00 0.00 0
100984 0.00 0.00 0.00 0
100985 0.00 0.00 0.00 0
100986 0.00 0.00 0.00 0
100987 0.00 0.00 0.00 0
100988 0.00 0.00 0.00 0
100989 0.00 0.00 0.00 0
100990 0.00 0.00 0.00 0
100991 0.00 0.00 0.00 0
100992 0.00 0.00 0.00 0
100993 0.00 0.00 0.00 0
100994 0.00 0.00 0.00 0
100995 0.00 0.00 0.00 0
100996 0.00 0.00 0.00 0
100997 0.00 0.00 0.00 0
101003 0.00 0.00 0.00 0
101004 0.00 0.00 0.00 0
101005 0.00 0.00 0.00 0
101006 0.00 0.00 0.00 0
101007 0.00 0.00 0.00 0
101008 0.00 0.00 0.00 0
101009 0.00 0.00 0.00 0
101010 0.00 0.00 0.00 0
101011 0.00 0.00 0.00 0
101012 0.00 0.00 0.00 0
101013 0.00 0.00 0.00 0
101014 0.00 0.00 0.00 0
101015 0.00 0.00 0.00 0
101016 0.00 0.00 0.00 0
101017 0.00 0.00 0.00 0
101018 0.00 0.00 0.00 0
101019 0.00 0.00 0.00 0
101020 0.00 0.00 0.00 0
101022 0.00 0.00 0.00 0
111285 0.00 0.00 0.00 0
111286 0.00 0.00 0.00 0
111287 0.00 0.00 0.00 0
111288 0.00 0.00 0.00 0
111289 0.00 0.00 0.00 0
111290 0.00 0.00 0.00 0
111291 0.00 0.00 0.00 0
111292 0.00 0.00 0.00 0
111293 0.00 0.00 0.00 0
111303 0.00 0.00 0.00 0
111304 0.00 0.00 0.00 0
111305 0.00 0.00 0.00 0
111306 0.00 0.00 0.00 0
111402 0.00 0.00 0.00 0
111403 0.00 0.00 0.00 0
111404 0.00 0.00 0.00 0
111405 0.00 0.00 0.00 0
111406 0.00 0.00 0.00 0
111411 0.00 0.00 0.00 0
111412 0.00 0.00 0.00 0
111413 0.00 0.00 0.00 0
111414 0.00 0.00 0.00 0
111415 0.00 0.00 0.00 0
111416 0.00 0.00 0.00 0
111417 0.00 0.00 0.00 0
111418 0.00 0.00 0.00 0
111419 0.00 0.00 0.00 0
111420 0.00 0.00 0.00 0
111421 0.00 0.00 0.00 0
111422 0.00 0.00 0.00 0
111423 0.00 0.00 0.00 0
111424 0.00 0.00 0.00 0
111425 0.00 0.00 0.00 0
111426 0.00 0.00 0.00 0
111427 0.00 0.00 0.00 0
111428 0.00 0.00 0.00 0
111429 0.00 0.00 0.00 0
111430 0.00 0.00 0.00 0
111431 0.00 0.00 0.00 0
111432 0.00 0.00 0.00 0
111433 0.00 0.00 0.00 0
111434 0.00 0.00 0.00 0
111435 0.00 0.00 0.00 0
111447 0.00 0.00 0.00 0
111448 0.00 0.00 0.00 0
111449 0.00 0.00 0.00 0
111450 0.00 0.00 0.00 0
111451 0.00 0.00 0.00 0
111452 0.00 0.00 0.00 0
111453 0.00 0.00 0.00 0
111477 0.00 0.00 0.00 0
111478 0.00 0.00 0.00 0
111479 0.00 0.00 0.00 0
111480 0.00 0.00 0.00 0
111481 0.00 0.00 0.00 0
111482 0.00 0.00 0.00 0
111483 0.00 0.00 0.00 0
111484 0.00 0.00 0.00 0
111485 0.00 0.00 0.00 0
111486 0.00 0.00 0.00 0
111487 0.00 0.00 0.00 0
111488 0.00 0.00 0.00 0
111489 0.00 0.00 0.00 0
111490 0.00 0.00 0.00 0
111491 0.00 0.00 0.00 0
111492 0.00 0.00 0.00 0
111493 0.00 0.00 0.00 0
111494 0.00 0.00 0.00 0
111495 0.00 0.00 0.00 0
111496 0.00 0.00 0.00 0
111497 0.00 0.00 0.00 0
111498 0.00 0.00 0.00 0
111499 0.00 0.00 0.00 0
111500 0.00 0.00 0.00 0
111501 0.00 0.00 0.00 0
117425 0.00 0.00 0.00 0
117426 0.00 0.00 0.00 0
117427 0.00 0.00 0.00 0
117429 0.00 0.00 0.00 0
117431 0.00 0.00 0.00 0
117432 0.00 0.00 0.00 0
117433 0.00 0.00 0.00 0
117434 0.00 0.00 0.00 0
117539 0.00 0.00 0.00 0
117540 0.00 0.00 0.00 0
117541 0.00 0.00 0.00 0
117542 0.00 0.00 0.00 0
117543 0.00 0.00 0.00 0
117544 0.00 0.00 0.00 0
117545 0.00 0.00 0.00 0
117546 0.00 0.00 0.00 0
117547 0.00 0.00 0.00 0
117548 0.00 0.00 0.00 0
117549 0.00 0.00 0.00 0
117550 0.00 0.00 0.00 0
117551 0.00 0.00 0.00 0
117580 0.00 0.00 0.00 0
117581 0.00 0.00 0.00 0
117582 0.00 0.00 0.00 0
117583 0.00 0.00 0.00 0
117584 0.00 0.00 0.00 0
117585 0.00 0.00 0.00 0
117586 0.00 0.00 0.00 0
117587 0.00 0.00 0.00 0
117588 0.00 0.00 0.00 0
117589 0.00 0.00 0.00 0
117590 0.00 0.00 0.00 0
117591 0.00 0.00 0.00 0
117592 0.00 0.00 0.00 0
117593 0.00 0.00 0.00 0
117601 0.00 0.00 0.00 0
117602 0.00 0.00 0.00 0
117603 0.00 0.00 0.00 0
117604 0.00 0.00 0.00 0
117605 0.00 0.00 0.00 0
117606 0.00 0.00 0.00 0
117607 0.00 0.00 0.00 0
117608 0.00 0.00 0.00 0
117610 0.00 0.00 0.00 0
117611 0.00 0.00 0.00 0
117612 0.00 0.00 0.00 0
117613 0.00 0.00 0.00 0
125595 0.00 0.00 0.00 0
125596 0.00 0.00 0.00 0
125597 0.00 0.00 0.00 0
125598 0.00 0.00 0.00 0
125599 0.00 0.00 0.00 0
125600 0.00 0.00 0.00 0
125601 0.00 0.00 0.00 0
125602 0.00 0.00 0.00 0
125603 0.00 0.00 0.00 0
125604 0.00 0.00 0.00 0
125605 0.00 0.00 0.00 0
125606 0.00 0.00 0.00 0
125607 0.00 0.00 0.00 0
125608 0.00 0.00 0.00 0
125609 0.00 0.00 0.00 0
125610 0.00 0.00 0.00 0
125611 0.00 0.00 0.00 0
125612 0.00 0.00 0.00 0
125613 0.00 0.00 0.00 0
125614 0.00 0.00 0.00 0
125615 0.00 0.00 0.00 0
125690 0.00 0.00 0.00 0
125691 0.00 0.00 0.00 0
125692 0.00 0.00 0.00 0
125693 0.00 0.00 0.00 0
125694 0.00 0.00 0.00 0
125695 0.00 0.00 0.00 0
125696 0.00 0.00 0.00 0
125697 0.00 0.00 0.00 0
125698 0.00 0.00 0.00 0
125699 0.00 0.00 0.00 0
125700 0.00 0.00 0.00 0
125701 0.00 0.00 0.00 0
125702 0.00 0.00 0.00 0
125703 0.00 0.00 0.00 0
125704 0.00 0.00 0.00 0
125705 0.00 0.00 0.00 0
125706 0.00 0.00 0.00 0
125707 0.00 0.00 0.00 0
125708 0.00 0.00 0.00 0
125709 0.00 0.00 0.00 0
125710 0.00 0.00 0.00 0
125711 0.00 0.00 0.00 0
125712 0.00 0.00 0.00 0
125713 0.00 0.00 0.00 0
125714 0.00 0.00 0.00 0
125715 0.00 0.00 0.00 0
125716 0.00 0.00 0.00 0
125717 0.00 0.00 0.00 0
125720 0.00 0.00 0.00 0
125721 0.00 0.00 0.00 0
125722 0.00 0.00 0.00 0
125723 0.00 0.00 0.00 0
125724 0.00 0.00 0.00 0
125725 0.00 0.00 0.00 0
125726 0.00 0.00 0.00 0
125727 0.00 0.00 0.00 0
125728 0.00 0.00 0.00 0
125729 0.00 0.00 0.00 0
125745 0.00 0.00 0.00 0
125746 0.00 0.00 0.00 0
125747 0.00 0.00 0.00 0
125748 0.00 0.00 0.00 0
125749 0.00 0.00 0.00 0
125750 0.00 0.00 0.00 0
125751 0.00 0.00 0.00 0
125752 0.00 0.00 0.00 0
125753 0.00 0.00 0.00 0
125754 0.00 0.00 0.00 0
125755 0.00 0.00 0.00 0
125756 0.00 0.00 0.00 0
125757 0.00 0.00 0.00 0
125758 0.00 0.00 0.00 0
125759 0.00 0.00 0.00 0
125760 0.00 0.00 0.00 0
125761 0.00 0.00 0.00 0
125762 0.00 0.00 0.00 0
125763 0.00 0.00 0.00 0
134692 0.00 0.00 0.00 0
134693 0.00 0.00 0.00 0
134694 0.00 0.00 0.00 0
134695 0.00 0.00 0.00 0
134696 0.00 0.00 0.00 0
134704 0.00 0.00 0.00 0
134705 0.00 0.00 0.00 0
134706 0.00 0.00 0.00 0
134707 0.00 0.00 0.00 0
134708 0.00 0.00 0.00 0
134709 0.00 0.00 0.00 0
134989 0.00 0.00 0.00 0
134990 0.00 0.00 0.00 0
134991 0.00 0.00 0.00 0
134992 0.00 0.00 0.00 0
134993 0.00 0.00 0.00 0
134994 0.00 0.00 0.00 0
134995 0.00 0.00 0.00 0
134996 0.00 0.00 0.00 0
134997 0.00 0.00 0.00 0
134998 0.00 0.00 0.00 0
134999 0.00 0.00 0.00 0
135000 0.00 0.00 0.00 0
135001 0.00 0.00 0.00 0
135002 0.00 0.00 0.00 0
135003 0.00 0.00 0.00 0
135004 0.00 0.00 0.00 0
135005 0.00 0.00 0.00 0
135006 0.00 0.00 0.00 0
135007 0.00 0.00 0.00 0
135008 0.00 0.00 0.00 0
135009 0.00 0.00 0.00 0
135010 0.00 0.00 0.00 0
135011 0.00 0.00 0.00 0
135012 0.00 0.00 0.00 0
135013 0.00 0.00 0.00 0
135014 0.00 0.00 0.00 0
135015 0.00 0.00 0.00 0
135016 0.00 0.00 0.00 0
135017 0.00 0.00 0.00 0
135018 0.00 0.00 0.00 0
135019 0.00 0.00 0.00 0
135020 0.00 0.00 0.00 0
135021 0.00 0.00 0.00 0
135022 0.00 0.00 0.00 0
135023 0.00 0.00 0.00 0
135091 0.00 0.00 0.00 0
135095 0.00 0.00 0.00 0
135096 0.00 0.00 0.00 0
135098 0.00 0.00 0.00 0
135099 0.00 0.00 0.00 0
135100 0.00 0.00 0.00 0
135101 0.00 0.00 0.00 0
135102 0.00 0.00 0.00 0
135103 0.00 0.00 0.00 0
135104 0.00 0.00 0.00 0
135105 0.00 0.00 0.00 0
135106 0.00 0.00 0.00 0
135107 0.00 0.00 0.00 0
135108 0.00 0.00 0.00 0
135109 0.00 0.00 0.00 0
135110 0.00 0.00 0.00 0
135111 0.00 0.00 0.00 0
135112 0.00 0.00 0.00 0
135113 0.00 0.00 0.00 0
135114 0.00 0.00 0.00 0
135115 0.00 0.00 0.00 0
135116 0.00 0.00 0.00 0
135117 0.00 0.00 0.00 0
135118 0.00 0.00 0.00 0
135119 0.00 0.00 0.00 0
135120 0.00 0.00 0.00 0
135121 0.00 0.00 0.00 0
135122 0.00 0.00 0.00 0
135123 0.00 0.00 0.00 0
135124 0.00 0.00 0.00 0
135125 0.00 0.00 0.00 0
135126 0.00 0.00 0.00 0
135127 0.00 0.00 0.00 0
135128 0.00 0.00 0.00 0
135129 0.00 0.00 0.00 0
135130 0.00 0.00 0.00 0
135131 0.00 0.00 0.00 0
135132 0.00 0.00 0.00 0
135133 0.00 0.00 0.00 0
135134 0.00 0.00 0.00 0
135135 0.00 0.00 0.00 0
135136 0.00 0.00 0.00 0
135137 0.00 0.00 0.00 0
135141 0.00 0.00 0.00 0
135142 0.00 0.00 0.00 0
135144 0.00 0.00 0.00 0
135145 0.00 0.00 0.00 0
135146 0.00 0.00 0.00 0
135147 0.00 0.00 0.00 0
135148 0.00 0.00 0.00 0
135151 0.00 0.00 0.00 0
135152 0.00 0.00 0.00 0
135153 0.00 0.00 0.00 0
135154 0.00 0.00 0.00 0
135155 0.00 0.00 0.00 0
135156 0.00 0.00 0.00 0
135157 0.00 0.00 0.00 0
135158 0.00 0.00 0.00 0
135159 0.00 0.00 0.00 0
135160 0.00 0.00 0.00 0
135161 0.00 0.00 0.00 0
135162 0.00 0.00 0.00 0
135163 0.00 0.00 0.00 0
135164 0.00 0.00 0.00 0
135165 0.00 0.00 0.00 0
135171 0.00 0.00 0.00 0
135172 0.00 0.00 0.00 0
135177 0.00 0.00 0.00 0
135178 0.00 0.00 0.00 0
135179 0.00 0.00 0.00 0
135180 0.00 0.00 0.00 0
135181 0.00 0.00 0.00 0
135182 0.00 0.00 0.00 0
135183 0.00 0.00 0.00 0
155197 0.00 0.00 0.00 0
155198 0.00 0.00 0.00 0
155199 0.00 0.00 0.00 0
155200 0.00 0.00 0.00 0
155226 0.00 0.00 0.00 0
155227 0.00 0.00 0.00 0
156010 0.00 0.00 0.00 0
156011 0.00 0.00 0.00 0
156012 0.00 0.00 0.00 0
156013 0.00 0.00 0.00 0
156014 0.00 0.00 0.00 0
156015 0.00 0.00 0.00 0
156016 0.00 0.00 0.00 0
156019 0.00 0.00 0.00 0
156020 0.00 0.00 0.00 0
156021 0.00 0.00 0.00 0
156022 0.00 0.00 0.00 0
156023 0.00 0.00 0.00 0
156024 0.00 0.00 0.00 0
156025 0.00 0.00 0.00 0
156026 0.00 0.00 0.00 0
156046 0.00 0.00 0.00 0
156047 0.00 0.00 0.00 0
156049 0.00 0.00 0.00 0
156228 0.00 0.00 0.00 0
156230 0.00 0.00 0.00 0
156231 0.00 0.00 0.00 0
156232 0.00 0.00 0.00 0
156233 0.00 0.00 0.00 0
156234 0.00 0.00 0.00 0
156241 0.00 0.00 0.00 0
156242 0.00 0.00 0.00 0
156243 0.00 0.00 0.00 0
156244 0.00 0.00 0.00 0
156245 0.00 0.00 0.00 0
156246 0.00 0.00 0.00 0
156247 0.00 0.00 0.00 0
156248 0.00 0.00 0.00 0
156249 0.00 0.00 0.00 0
156250 0.00 0.00 0.00 0
156251 0.00 0.00 0.00 0
156252 0.00 0.00 0.00 0
156262 0.00 0.00 0.00 0
156263 0.00 0.00 0.00 0
156264 0.00 0.00 0.00 0
156265 0.00 0.00 0.00 0
156266 0.00 0.00 0.00 0
156267 0.00 0.00 0.00 0
156268 0.00 0.00 0.00 0
156269 0.00 0.00 0.00 0
156270 0.00 0.00 0.00 0
156271 0.00 0.00 0.00 0
156272 0.00 0.00 0.00 0
156273 0.00 0.00 0.00 0
156274 0.00 0.00 0.00 0
156275 0.00 0.00 0.00 0
156276 0.00 0.00 0.00 0
156277 0.00 0.00 0.00 0
156278 0.00 0.00 0.00 0
156279 0.00 0.00 0.00 0
156280 0.00 0.00 0.00 0
156281 0.00 0.00 0.00 0
156282 0.00 0.00 0.00 0
156283 0.00 0.00 0.00 0
156284 0.00 0.00 0.00 0
156285 0.00 0.00 0.00 0
156286 0.00 0.00 0.00 0
156287 0.00 0.00 0.00 0
156288 0.00 0.00 0.00 0
156289 0.00 0.00 0.00 0
156290 0.00 0.00 0.00 0
156291 0.00 0.00 0.00 0
156292 0.00 0.00 0.00 0
156293 0.00 0.00 0.00 0
156294 0.00 0.00 0.00 0
156295 0.00 0.00 0.00 0
156296 0.00 0.00 0.00 0
156297 0.00 0.00 0.00 0
156298 0.00 0.00 0.00 0
156316 0.00 0.00 0.00 0
156334 0.00 0.00 0.00 0
156335 0.00 0.00 0.00 0
156336 0.00 0.00 0.00 0
156337 0.00 0.00 0.00 0
156338 0.00 0.00 0.00 0
156339 0.00 0.00 0.00 0
156340 0.00 0.00 0.00 0
156341 0.00 0.00 0.00 0
156342 0.00 0.00 0.00 0
156343 0.00 0.00 0.00 0
156344 0.00 0.00 0.00 0
156345 0.00 0.00 0.00 0
156346 0.00 0.00 0.00 0
156347 0.00 0.00 0.00 0
156348 0.00 0.00 0.00 0
156349 0.00 0.00 0.00 0
156350 0.00 0.00 0.00 0
156390 0.00 0.00 0.00 0
156391 0.00 0.00 0.00 0
156392 0.00 0.00 0.00 0
156393 0.00 0.00 0.00 0
156394 0.00 0.00 0.00 0
156395 0.00 0.00 0.00 0
156396 0.00 0.00 0.00 0
156397 0.00 0.00 0.00 0
156398 0.00 0.00 0.00 0
156399 0.00 0.00 0.00 0
156400 0.00 0.00 0.00 0
156401 0.00 0.00 0.00 0
156402 0.00 0.00 0.00 0
156403 0.00 0.00 0.00 0
156404 0.00 0.00 0.00 0
156405 0.00 0.00 0.00 0
156406 0.00 0.00 0.00 0
156407 0.00 0.00 0.00 0
156408 0.00 0.00 0.00 0
156409 0.00 0.00 0.00 0
156410 0.00 0.00 0.00 0
156411 0.00 0.00 0.00 0
156412 0.00 0.00 0.00 0
156413 0.00 0.00 0.00 0
156414 0.00 0.00 0.00 0
156415 0.00 0.00 0.00 0
156416 0.00 0.00 0.00 0
156417 0.00 0.00 0.00 0
156418 0.00 0.00 0.00 0
156419 0.00 0.00 0.00 0
156420 0.00 0.00 0.00 0
156421 0.00 0.00 0.00 0
156422 0.00 0.00 0.00 0
156423 0.00 0.00 0.00 0
156424 0.00 0.00 0.00 0
156425 0.00 0.00 0.00 0
156426 0.00 0.00 0.00 0
156427 0.00 0.00 0.00 0
156428 0.00 0.00 0.00 0
156429 0.00 0.00 0.00 0
156430 0.00 0.00 0.00 0
156431 0.00 0.00 0.00 0
156432 0.00 0.00 0.00 0
156433 0.00 0.00 0.00 0
156434 0.00 0.00 0.00 0
156435 0.00 0.00 0.00 0
156436 0.00 0.00 0.00 0
156437 0.00 0.00 0.00 0
156438 0.00 0.00 0.00 0
156439 0.00 0.00 0.00 0
156440 0.00 0.00 0.00 0
156441 0.00 0.00 0.00 0
156442 0.00 0.00 0.00 0
