# G_temp_sup-G_T_transv
749
270 0.00 0.00 0.00 0
271 0.00 0.00 0.00 0
534 0.00 0.00 0.00 0
750 0.00 0.00 0.00 0
1172 0.00 0.00 0.00 0
1173 0.00 0.00 0.00 0
1174 0.00 0.00 0.00 0
1639 0.00 0.00 0.00 0
1640 0.00 0.00 0.00 0
2241 0.00 0.00 0.00 0
2243 0.00 0.00 0.00 0
3092 0.00 0.00 0.00 0
3093 0.00 0.00 0.00 0
3691 0.00 0.00 0.00 0
3692 0.00 0.00 0.00 0
3693 0.00 0.00 0.00 0
3694 0.00 0.00 0.00 0
3695 0.00 0.00 0.00 0
3696 0.00 0.00 0.00 0
4957 0.00 0.00 0.00 0
4959 0.00 0.00 0.00 0
4960 0.00 0.00 0.00 0
4961 0.00 0.00 0.00 0
4962 0.00 0.00 0.00 0
4963 0.00 0.00 0.00 0
4964 0.00 0.00 0.00 0
4965 0.00 0.00 0.00 0
4966 0.00 0.00 0.00 0
5958 0.00 0.00 0.00 0
6718 0.00 0.00 0.00 0
6719 0.00 0.00 0.00 0
6720 0.00 0.00 0.00 0
6721 0.00 0.00 0.00 0
6722 0.00 0.00 0.00 0
6723 0.00 0.00 0.00 0
7665 0.00 0.00 0.00 0
7666 0.00 0.00 0.00 0
7667 0.00 0.00 0.00 0
7668 0.00 0.00 0.00 0
7669 0.00 0.00 0.00 0
7670 0.00 0.00 0.00 0
9281 0.00 0.00 0.00 0
9290 0.00 0.00 0.00 0
9291 0.00 0.00 0.00 0
9292 0.00 0.00 0.00 0
10773 0.00 0.00 0.00 0
11372 0.00 0.00 0.00 0
11373 0.00 0.00 0.00 0
11374 0.00 0.00 0.00 0
11375 0.00 0.00 0.00 0
11376 0.00 0.00 0.00 0
12637 0.00 0.00 0.00 0
12638 0.00 0.00 0.00 0
12639 0.00 0.00 0.00 0
12640 0.00 0.00 0.00 0
12641 0.00 0.00 0.00 0
12642 0.00 0.00 0.00 0
12643 0.00 0.00 0.00 0
12644 0.00 0.00 0.00 0
12645 0.00 0.00 0.00 0
12646 0.00 0.00 0.00 0
15037 0.00 0.00 0.00 0
15038 0.00 0.00 0.00 0
15039 0.00 0.00 0.00 0
15040 0.00 0.00 0.00 0
15041 0.00 0.00 0.00 0
15042 0.00 0.00 0.00 0
15043 0.00 0.00 0.00 0
15044 0.00 0.00 0.00 0
15045 0.00 0.00 0.00 0
15046 0.00 0.00 0.00 0
16832 0.00 0.00 0.00 0
16834 0.00 0.00 0.00 0
16835 0.00 0.00 0.00 0
16836 0.00 0.00 0.00 0
16837 0.00 0.00 0.00 0
16838 0.00 0.00 0.00 0
16839 0.00 0.00 0.00 0
16840 0.00 0.00 0.00 0
16841 0.00 0.00 0.00 0
16842 0.00 0.00 0.00 0
16843 0.00 0.00 0.00 0
16844 0.00 0.00 0.00 0
16845 0.00 0.00 0.00 0
16846 0.00 0.00 0.00 0
16847 0.00 0.00 0.00 0
16848 0.00 0.00 0.00 0
16849 0.00 0.00 0.00 0
16850 0.00 0.00 0.00 0
20640 0.00 0.00 0.00 0
20641 0.00 0.00 0.00 0
20642 0.00 0.00 0.00 0
20643 0.00 0.00 0.00 0
20644 0.00 0.00 0.00 0
20645 0.00 0.00 0.00 0
20647 0.00 0.00 0.00 0
20649 0.00 0.00 0.00 0
20650 0.00 0.00 0.00 0
20657 0.00 0.00 0.00 0
20661 0.00 0.00 0.00 0
20662 0.00 0.00 0.00 0
20663 0.00 0.00 0.00 0
20664 0.00 0.00 0.00 0
20666 0.00 0.00 0.00 0
20667 0.00 0.00 0.00 0
20668 0.00 0.00 0.00 0
20669 0.00 0.00 0.00 0
20670 0.00 0.00 0.00 0
23998 0.00 0.00 0.00 0
23999 0.00 0.00 0.00 0
24000 0.00 0.00 0.00 0
24001 0.00 0.00 0.00 0
24002 0.00 0.00 0.00 0
25077 0.00 0.00 0.00 0
25078 0.00 0.00 0.00 0
25079 0.00 0.00 0.00 0
25080 0.00 0.00 0.00 0
25081 0.00 0.00 0.00 0
25082 0.00 0.00 0.00 0
25083 0.00 0.00 0.00 0
25084 0.00 0.00 0.00 0
25085 0.00 0.00 0.00 0
27360 0.00 0.00 0.00 0
27361 0.00 0.00 0.00 0
27362 0.00 0.00 0.00 0
27363 0.00 0.00 0.00 0
27364 0.00 0.00 0.00 0
27365 0.00 0.00 0.00 0
27366 0.00 0.00 0.00 0
27367 0.00 0.00 0.00 0
27368 0.00 0.00 0.00 0
27370 0.00 0.00 0.00 0
27371 0.00 0.00 0.00 0
27372 0.00 0.00 0.00 0
29262 0.00 0.00 0.00 0
29264 0.00 0.00 0.00 0
29265 0.00 0.00 0.00 0
29268 0.00 0.00 0.00 0
29269 0.00 0.00 0.00 0
31036 0.00 0.00 0.00 0
31037 0.00 0.00 0.00 0
31038 0.00 0.00 0.00 0
31039 0.00 0.00 0.00 0
31040 0.00 0.00 0.00 0
31041 0.00 0.00 0.00 0
31042 0.00 0.00 0.00 0
31043 0.00 0.00 0.00 0
31044 0.00 0.00 0.00 0
31045 0.00 0.00 0.00 0
31046 0.00 0.00 0.00 0
31047 0.00 0.00 0.00 0
31048 0.00 0.00 0.00 0
31049 0.00 0.00 0.00 0
33422 0.00 0.00 0.00 0
33423 0.00 0.00 0.00 0
33424 0.00 0.00 0.00 0
33425 0.00 0.00 0.00 0
33426 0.00 0.00 0.00 0
33427 0.00 0.00 0.00 0
33428 0.00 0.00 0.00 0
33429 0.00 0.00 0.00 0
33430 0.00 0.00 0.00 0
33431 0.00 0.00 0.00 0
33432 0.00 0.00 0.00 0
33433 0.00 0.00 0.00 0
33434 0.00 0.00 0.00 0
33435 0.00 0.00 0.00 0
33436 0.00 0.00 0.00 0
33437 0.00 0.00 0.00 0
33438 0.00 0.00 0.00 0
33439 0.00 0.00 0.00 0
38081 0.00 0.00 0.00 0
38082 0.00 0.00 0.00 0
38084 0.00 0.00 0.00 0
38085 0.00 0.00 0.00 0
38093 0.00 0.00 0.00 0
38108 0.00 0.00 0.00 0
38109 0.00 0.00 0.00 0
38110 0.00 0.00 0.00 0
38111 0.00 0.00 0.00 0
38112 0.00 0.00 0.00 0
38113 0.00 0.00 0.00 0
38114 0.00 0.00 0.00 0
38115 0.00 0.00 0.00 0
38117 0.00 0.00 0.00 0
38118 0.00 0.00 0.00 0
42092 0.00 0.00 0.00 0
42093 0.00 0.00 0.00 0
42094 0.00 0.00 0.00 0
42095 0.00 0.00 0.00 0
42096 0.00 0.00 0.00 0
43357 0.00 0.00 0.00 0
43358 0.00 0.00 0.00 0
43359 0.00 0.00 0.00 0
43360 0.00 0.00 0.00 0
43361 0.00 0.00 0.00 0
43362 0.00 0.00 0.00 0
43363 0.00 0.00 0.00 0
43364 0.00 0.00 0.00 0
43365 0.00 0.00 0.00 0
43366 0.00 0.00 0.00 0
45757 0.00 0.00 0.00 0
45758 0.00 0.00 0.00 0
45759 0.00 0.00 0.00 0
45760 0.00 0.00 0.00 0
45761 0.00 0.00 0.00 0
45762 0.00 0.00 0.00 0
45763 0.00 0.00 0.00 0
45764 0.00 0.00 0.00 0
45765 0.00 0.00 0.00 0
45766 0.00 0.00 0.00 0
47552 0.00 0.00 0.00 0
47553 0.00 0.00 0.00 0
47554 0.00 0.00 0.00 0
47555 0.00 0.00 0.00 0
47556 0.00 0.00 0.00 0
47557 0.00 0.00 0.00 0
47558 0.00 0.00 0.00 0
47559 0.00 0.00 0.00 0
47560 0.00 0.00 0.00 0
47561 0.00 0.00 0.00 0
47562 0.00 0.00 0.00 0
47563 0.00 0.00 0.00 0
47564 0.00 0.00 0.00 0
47565 0.00 0.00 0.00 0
47566 0.00 0.00 0.00 0
47567 0.00 0.00 0.00 0
47568 0.00 0.00 0.00 0
47569 0.00 0.00 0.00 0
47570 0.00 0.00 0.00 0
51360 0.00 0.00 0.00 0
51361 0.00 0.00 0.00 0
51362 0.00 0.00 0.00 0
51363 0.00 0.00 0.00 0
51364 0.00 0.00 0.00 0
51365 0.00 0.00 0.00 0
51366 0.00 0.00 0.00 0
51367 0.00 0.00 0.00 0
51368 0.00 0.00 0.00 0
51369 0.00 0.00 0.00 0
51377 0.00 0.00 0.00 0
51378 0.00 0.00 0.00 0
51379 0.00 0.00 0.00 0
51381 0.00 0.00 0.00 0
51382 0.00 0.00 0.00 0
51383 0.00 0.00 0.00 0
51384 0.00 0.00 0.00 0
51386 0.00 0.00 0.00 0
51387 0.00 0.00 0.00 0
51388 0.00 0.00 0.00 0
51389 0.00 0.00 0.00 0
51390 0.00 0.00 0.00 0
55357 0.00 0.00 0.00 0
55358 0.00 0.00 0.00 0
55359 0.00 0.00 0.00 0
55361 0.00 0.00 0.00 0
55362 0.00 0.00 0.00 0
55363 0.00 0.00 0.00 0
55364 0.00 0.00 0.00 0
57155 0.00 0.00 0.00 0
57156 0.00 0.00 0.00 0
57157 0.00 0.00 0.00 0
57158 0.00 0.00 0.00 0
57159 0.00 0.00 0.00 0
57160 0.00 0.00 0.00 0
57161 0.00 0.00 0.00 0
57162 0.00 0.00 0.00 0
57163 0.00 0.00 0.00 0
57164 0.00 0.00 0.00 0
57165 0.00 0.00 0.00 0
57166 0.00 0.00 0.00 0
57167 0.00 0.00 0.00 0
57168 0.00 0.00 0.00 0
57169 0.00 0.00 0.00 0
57170 0.00 0.00 0.00 0
57171 0.00 0.00 0.00 0
60955 0.00 0.00 0.00 0
60960 0.00 0.00 0.00 0
60961 0.00 0.00 0.00 0
60962 0.00 0.00 0.00 0
60963 0.00 0.00 0.00 0
60964 0.00 0.00 0.00 0
60965 0.00 0.00 0.00 0
60966 0.00 0.00 0.00 0
60967 0.00 0.00 0.00 0
60968 0.00 0.00 0.00 0
60969 0.00 0.00 0.00 0
60970 0.00 0.00 0.00 0
60971 0.00 0.00 0.00 0
60972 0.00 0.00 0.00 0
60973 0.00 0.00 0.00 0
60974 0.00 0.00 0.00 0
60975 0.00 0.00 0.00 0
60976 0.00 0.00 0.00 0
60977 0.00 0.00 0.00 0
60978 0.00 0.00 0.00 0
60979 0.00 0.00 0.00 0
60980 0.00 0.00 0.00 0
60981 0.00 0.00 0.00 0
64354 0.00 0.00 0.00 0
64355 0.00 0.00 0.00 0
64356 0.00 0.00 0.00 0
64363 0.00 0.00 0.00 0
64364 0.00 0.00 0.00 0
64365 0.00 0.00 0.00 0
68152 0.00 0.00 0.00 0
68153 0.00 0.00 0.00 0
68154 0.00 0.00 0.00 0
68155 0.00 0.00 0.00 0
68156 0.00 0.00 0.00 0
68157 0.00 0.00 0.00 0
68158 0.00 0.00 0.00 0
68159 0.00 0.00 0.00 0
68160 0.00 0.00 0.00 0
68161 0.00 0.00 0.00 0
68162 0.00 0.00 0.00 0
68163 0.00 0.00 0.00 0
68164 0.00 0.00 0.00 0
68165 0.00 0.00 0.00 0
68166 0.00 0.00 0.00 0
68167 0.00 0.00 0.00 0
68168 0.00 0.00 0.00 0
68169 0.00 0.00 0.00 0
68170 0.00 0.00 0.00 0
68171 0.00 0.00 0.00 0
68172 0.00 0.00 0.00 0
68173 0.00 0.00 0.00 0
68174 0.00 0.00 0.00 0
68175 0.00 0.00 0.00 0
68176 0.00 0.00 0.00 0
68177 0.00 0.00 0.00 0
68178 0.00 0.00 0.00 0
68179 0.00 0.00 0.00 0
68180 0.00 0.00 0.00 0
73547 0.00 0.00 0.00 0
73548 0.00 0.00 0.00 0
73549 0.00 0.00 0.00 0
73550 0.00 0.00 0.00 0
73551 0.00 0.00 0.00 0
73552 0.00 0.00 0.00 0
73553 0.00 0.00 0.00 0
73554 0.00 0.00 0.00 0
73555 0.00 0.00 0.00 0
73556 0.00 0.00 0.00 0
73557 0.00 0.00 0.00 0
73558 0.00 0.00 0.00 0
73559 0.00 0.00 0.00 0
73560 0.00 0.00 0.00 0
73561 0.00 0.00 0.00 0
73562 0.00 0.00 0.00 0
73563 0.00 0.00 0.00 0
73564 0.00 0.00 0.00 0
73565 0.00 0.00 0.00 0
73566 0.00 0.00 0.00 0
73567 0.00 0.00 0.00 0
73568 0.00 0.00 0.00 0
73569 0.00 0.00 0.00 0
73570 0.00 0.00 0.00 0
73571 0.00 0.00 0.00 0
73572 0.00 0.00 0.00 0
73573 0.00 0.00 0.00 0
73574 0.00 0.00 0.00 0
73575 0.00 0.00 0.00 0
73576 0.00 0.00 0.00 0
73577 0.00 0.00 0.00 0
73578 0.00 0.00 0.00 0
73579 0.00 0.00 0.00 0
73580 0.00 0.00 0.00 0
73581 0.00 0.00 0.00 0
73582 0.00 0.00 0.00 0
73583 0.00 0.00 0.00 0
73584 0.00 0.00 0.00 0
73585 0.00 0.00 0.00 0
73586 0.00 0.00 0.00 0
73587 0.00 0.00 0.00 0
73588 0.00 0.00 0.00 0
73589 0.00 0.00 0.00 0
73590 0.00 0.00 0.00 0
73591 0.00 0.00 0.00 0
73593 0.00 0.00 0.00 0
84960 0.00 0.00 0.00 0
84961 0.00 0.00 0.00 0
84962 0.00 0.00 0.00 0
84963 0.00 0.00 0.00 0
84964 0.00 0.00 0.00 0
84965 0.00 0.00 0.00 0
84966 0.00 0.00 0.00 0
84967 0.00 0.00 0.00 0
84968 0.00 0.00 0.00 0
84969 0.00 0.00 0.00 0
84970 0.00 0.00 0.00 0
84971 0.00 0.00 0.00 0
84972 0.00 0.00 0.00 0
84990 0.00 0.00 0.00 0
84991 0.00 0.00 0.00 0
84992 0.00 0.00 0.00 0
85027 0.00 0.00 0.00 0
85028 0.00 0.00 0.00 0
85029 0.00 0.00 0.00 0
85030 0.00 0.00 0.00 0
85031 0.00 0.00 0.00 0
85032 0.00 0.00 0.00 0
85033 0.00 0.00 0.00 0
85034 0.00 0.00 0.00 0
85038 0.00 0.00 0.00 0
85039 0.00 0.00 0.00 0
85040 0.00 0.00 0.00 0
85041 0.00 0.00 0.00 0
85042 0.00 0.00 0.00 0
85043 0.00 0.00 0.00 0
85044 0.00 0.00 0.00 0
85045 0.00 0.00 0.00 0
85046 0.00 0.00 0.00 0
85047 0.00 0.00 0.00 0
85048 0.00 0.00 0.00 0
85049 0.00 0.00 0.00 0
85050 0.00 0.00 0.00 0
85051 0.00 0.00 0.00 0
85053 0.00 0.00 0.00 0
93118 0.00 0.00 0.00 0
93119 0.00 0.00 0.00 0
94197 0.00 0.00 0.00 0
94198 0.00 0.00 0.00 0
94199 0.00 0.00 0.00 0
94200 0.00 0.00 0.00 0
94201 0.00 0.00 0.00 0
94202 0.00 0.00 0.00 0
94203 0.00 0.00 0.00 0
94204 0.00 0.00 0.00 0
94205 0.00 0.00 0.00 0
94206 0.00 0.00 0.00 0
96475 0.00 0.00 0.00 0
96476 0.00 0.00 0.00 0
96477 0.00 0.00 0.00 0
96478 0.00 0.00 0.00 0
96479 0.00 0.00 0.00 0
96480 0.00 0.00 0.00 0
96481 0.00 0.00 0.00 0
96482 0.00 0.00 0.00 0
96483 0.00 0.00 0.00 0
96484 0.00 0.00 0.00 0
96485 0.00 0.00 0.00 0
96486 0.00 0.00 0.00 0
96487 0.00 0.00 0.00 0
96488 0.00 0.00 0.00 0
96489 0.00 0.00 0.00 0
96490 0.00 0.00 0.00 0
96491 0.00 0.00 0.00 0
96492 0.00 0.00 0.00 0
98838 0.00 0.00 0.00 0
100795 0.00 0.00 0.00 0
100796 0.00 0.00 0.00 0
100797 0.00 0.00 0.00 0
100798 0.00 0.00 0.00 0
100799 0.00 0.00 0.00 0
100800 0.00 0.00 0.00 0
100801 0.00 0.00 0.00 0
100802 0.00 0.00 0.00 0
100803 0.00 0.00 0.00 0
100804 0.00 0.00 0.00 0
100805 0.00 0.00 0.00 0
100806 0.00 0.00 0.00 0
100807 0.00 0.00 0.00 0
100808 0.00 0.00 0.00 0
100809 0.00 0.00 0.00 0
100810 0.00 0.00 0.00 0
100811 0.00 0.00 0.00 0
104030 0.00 0.00 0.00 0
104031 0.00 0.00 0.00 0
104032 0.00 0.00 0.00 0
104033 0.00 0.00 0.00 0
104034 0.00 0.00 0.00 0
104035 0.00 0.00 0.00 0
104036 0.00 0.00 0.00 0
104037 0.00 0.00 0.00 0
104038 0.00 0.00 0.00 0
104039 0.00 0.00 0.00 0
104040 0.00 0.00 0.00 0
104041 0.00 0.00 0.00 0
104042 0.00 0.00 0.00 0
104043 0.00 0.00 0.00 0
104044 0.00 0.00 0.00 0
104045 0.00 0.00 0.00 0
104046 0.00 0.00 0.00 0
104047 0.00 0.00 0.00 0
104048 0.00 0.00 0.00 0
104049 0.00 0.00 0.00 0
104050 0.00 0.00 0.00 0
104051 0.00 0.00 0.00 0
104052 0.00 0.00 0.00 0
104053 0.00 0.00 0.00 0
104054 0.00 0.00 0.00 0
104055 0.00 0.00 0.00 0
104056 0.00 0.00 0.00 0
104057 0.00 0.00 0.00 0
104058 0.00 0.00 0.00 0
104059 0.00 0.00 0.00 0
110880 0.00 0.00 0.00 0
110881 0.00 0.00 0.00 0
110882 0.00 0.00 0.00 0
110883 0.00 0.00 0.00 0
110884 0.00 0.00 0.00 0
110885 0.00 0.00 0.00 0
110886 0.00 0.00 0.00 0
110887 0.00 0.00 0.00 0
110888 0.00 0.00 0.00 0
110889 0.00 0.00 0.00 0
110895 0.00 0.00 0.00 0
110896 0.00 0.00 0.00 0
110897 0.00 0.00 0.00 0
110898 0.00 0.00 0.00 0
110899 0.00 0.00 0.00 0
110911 0.00 0.00 0.00 0
110920 0.00 0.00 0.00 0
110921 0.00 0.00 0.00 0
110922 0.00 0.00 0.00 0
110923 0.00 0.00 0.00 0
110924 0.00 0.00 0.00 0
110927 0.00 0.00 0.00 0
110928 0.00 0.00 0.00 0
110929 0.00 0.00 0.00 0
110930 0.00 0.00 0.00 0
110931 0.00 0.00 0.00 0
110932 0.00 0.00 0.00 0
110933 0.00 0.00 0.00 0
110934 0.00 0.00 0.00 0
110935 0.00 0.00 0.00 0
110936 0.00 0.00 0.00 0
117436 0.00 0.00 0.00 0
117437 0.00 0.00 0.00 0
117438 0.00 0.00 0.00 0
117439 0.00 0.00 0.00 0
117440 0.00 0.00 0.00 0
117441 0.00 0.00 0.00 0
117442 0.00 0.00 0.00 0
117443 0.00 0.00 0.00 0
117444 0.00 0.00 0.00 0
117445 0.00 0.00 0.00 0
117446 0.00 0.00 0.00 0
117447 0.00 0.00 0.00 0
117448 0.00 0.00 0.00 0
119954 0.00 0.00 0.00 0
119955 0.00 0.00 0.00 0
119956 0.00 0.00 0.00 0
119957 0.00 0.00 0.00 0
119958 0.00 0.00 0.00 0
119959 0.00 0.00 0.00 0
119960 0.00 0.00 0.00 0
119961 0.00 0.00 0.00 0
119962 0.00 0.00 0.00 0
119963 0.00 0.00 0.00 0
119964 0.00 0.00 0.00 0
119965 0.00 0.00 0.00 0
119966 0.00 0.00 0.00 0
119967 0.00 0.00 0.00 0
119968 0.00 0.00 0.00 0
119969 0.00 0.00 0.00 0
119970 0.00 0.00 0.00 0
119971 0.00 0.00 0.00 0
119972 0.00 0.00 0.00 0
119973 0.00 0.00 0.00 0
119974 0.00 0.00 0.00 0
119975 0.00 0.00 0.00 0
125280 0.00 0.00 0.00 0
125281 0.00 0.00 0.00 0
125282 0.00 0.00 0.00 0
125283 0.00 0.00 0.00 0
125284 0.00 0.00 0.00 0
125285 0.00 0.00 0.00 0
125286 0.00 0.00 0.00 0
125287 0.00 0.00 0.00 0
125288 0.00 0.00 0.00 0
125289 0.00 0.00 0.00 0
125290 0.00 0.00 0.00 0
125291 0.00 0.00 0.00 0
125292 0.00 0.00 0.00 0
125293 0.00 0.00 0.00 0
125294 0.00 0.00 0.00 0
125295 0.00 0.00 0.00 0
125296 0.00 0.00 0.00 0
125297 0.00 0.00 0.00 0
125298 0.00 0.00 0.00 0
125299 0.00 0.00 0.00 0
125303 0.00 0.00 0.00 0
125304 0.00 0.00 0.00 0
125305 0.00 0.00 0.00 0
125306 0.00 0.00 0.00 0
125307 0.00 0.00 0.00 0
125308 0.00 0.00 0.00 0
125309 0.00 0.00 0.00 0
125310 0.00 0.00 0.00 0
129896 0.00 0.00 0.00 0
129897 0.00 0.00 0.00 0
129899 0.00 0.00 0.00 0
129900 0.00 0.00 0.00 0
129901 0.00 0.00 0.00 0
129902 0.00 0.00 0.00 0
129903 0.00 0.00 0.00 0
129910 0.00 0.00 0.00 0
129911 0.00 0.00 0.00 0
129912 0.00 0.00 0.00 0
129913 0.00 0.00 0.00 0
129914 0.00 0.00 0.00 0
129915 0.00 0.00 0.00 0
129918 0.00 0.00 0.00 0
129919 0.00 0.00 0.00 0
129920 0.00 0.00 0.00 0
129921 0.00 0.00 0.00 0
134710 0.00 0.00 0.00 0
134711 0.00 0.00 0.00 0
134712 0.00 0.00 0.00 0
134713 0.00 0.00 0.00 0
134714 0.00 0.00 0.00 0
134715 0.00 0.00 0.00 0
134716 0.00 0.00 0.00 0
134717 0.00 0.00 0.00 0
134718 0.00 0.00 0.00 0
134719 0.00 0.00 0.00 0
134720 0.00 0.00 0.00 0
134721 0.00 0.00 0.00 0
134722 0.00 0.00 0.00 0
134723 0.00 0.00 0.00 0
134724 0.00 0.00 0.00 0
134725 0.00 0.00 0.00 0
134726 0.00 0.00 0.00 0
134727 0.00 0.00 0.00 0
134728 0.00 0.00 0.00 0
134729 0.00 0.00 0.00 0
134730 0.00 0.00 0.00 0
134731 0.00 0.00 0.00 0
134732 0.00 0.00 0.00 0
134733 0.00 0.00 0.00 0
134734 0.00 0.00 0.00 0
134735 0.00 0.00 0.00 0
134736 0.00 0.00 0.00 0
134737 0.00 0.00 0.00 0
134738 0.00 0.00 0.00 0
134739 0.00 0.00 0.00 0
134740 0.00 0.00 0.00 0
134741 0.00 0.00 0.00 0
134742 0.00 0.00 0.00 0
134743 0.00 0.00 0.00 0
134744 0.00 0.00 0.00 0
134745 0.00 0.00 0.00 0
134746 0.00 0.00 0.00 0
134747 0.00 0.00 0.00 0
134749 0.00 0.00 0.00 0
141412 0.00 0.00 0.00 0
141413 0.00 0.00 0.00 0
141414 0.00 0.00 0.00 0
141415 0.00 0.00 0.00 0
141416 0.00 0.00 0.00 0
141417 0.00 0.00 0.00 0
141419 0.00 0.00 0.00 0
141420 0.00 0.00 0.00 0
141421 0.00 0.00 0.00 0
141422 0.00 0.00 0.00 0
141423 0.00 0.00 0.00 0
141424 0.00 0.00 0.00 0
141425 0.00 0.00 0.00 0
141426 0.00 0.00 0.00 0
141427 0.00 0.00 0.00 0
141428 0.00 0.00 0.00 0
141429 0.00 0.00 0.00 0
141430 0.00 0.00 0.00 0
141431 0.00 0.00 0.00 0
141432 0.00 0.00 0.00 0
141433 0.00 0.00 0.00 0
141434 0.00 0.00 0.00 0
141435 0.00 0.00 0.00 0
141436 0.00 0.00 0.00 0
141437 0.00 0.00 0.00 0
141438 0.00 0.00 0.00 0
141439 0.00 0.00 0.00 0
141440 0.00 0.00 0.00 0
141441 0.00 0.00 0.00 0
141442 0.00 0.00 0.00 0
141443 0.00 0.00 0.00 0
141444 0.00 0.00 0.00 0
141445 0.00 0.00 0.00 0
141446 0.00 0.00 0.00 0
141447 0.00 0.00 0.00 0
141448 0.00 0.00 0.00 0
141449 0.00 0.00 0.00 0
141450 0.00 0.00 0.00 0
141451 0.00 0.00 0.00 0
141452 0.00 0.00 0.00 0
141453 0.00 0.00 0.00 0
141454 0.00 0.00 0.00 0
141455 0.00 0.00 0.00 0
141456 0.00 0.00 0.00 0
141457 0.00 0.00 0.00 0
141458 0.00 0.00 0.00 0
141459 0.00 0.00 0.00 0
141460 0.00 0.00 0.00 0
141461 0.00 0.00 0.00 0
141462 0.00 0.00 0.00 0
141463 0.00 0.00 0.00 0
141464 0.00 0.00 0.00 0
141465 0.00 0.00 0.00 0
141466 0.00 0.00 0.00 0
141467 0.00 0.00 0.00 0
141468 0.00 0.00 0.00 0
155201 0.00 0.00 0.00 0
155202 0.00 0.00 0.00 0
155203 0.00 0.00 0.00 0
155204 0.00 0.00 0.00 0
155205 0.00 0.00 0.00 0
155206 0.00 0.00 0.00 0
155207 0.00 0.00 0.00 0
155210 0.00 0.00 0.00 0
155211 0.00 0.00 0.00 0
155212 0.00 0.00 0.00 0
155213 0.00 0.00 0.00 0
155214 0.00 0.00 0.00 0
155215 0.00 0.00 0.00 0
155237 0.00 0.00 0.00 0
155238 0.00 0.00 0.00 0
155239 0.00 0.00 0.00 0
155240 0.00 0.00 0.00 0
155241 0.00 0.00 0.00 0
155282 0.00 0.00 0.00 0
155283 0.00 0.00 0.00 0
155284 0.00 0.00 0.00 0
155285 0.00 0.00 0.00 0
155286 0.00 0.00 0.00 0
155287 0.00 0.00 0.00 0
155288 0.00 0.00 0.00 0
155289 0.00 0.00 0.00 0
155290 0.00 0.00 0.00 0
155292 0.00 0.00 0.00 0
155293 0.00 0.00 0.00 0
155294 0.00 0.00 0.00 0
155295 0.00 0.00 0.00 0
155296 0.00 0.00 0.00 0
155297 0.00 0.00 0.00 0
155298 0.00 0.00 0.00 0
155299 0.00 0.00 0.00 0
155300 0.00 0.00 0.00 0
155301 0.00 0.00 0.00 0
155302 0.00 0.00 0.00 0
155303 0.00 0.00 0.00 0
155304 0.00 0.00 0.00 0
155305 0.00 0.00 0.00 0
155311 0.00 0.00 0.00 0
155312 0.00 0.00 0.00 0
155313 0.00 0.00 0.00 0
155314 0.00 0.00 0.00 0
155315 0.00 0.00 0.00 0
