# G_temporal_inf
2543
155 0.00 0.00 0.00 0
340 0.00 0.00 0.00 0
342 0.00 0.00 0.00 0
343 0.00 0.00 0.00 0
344 0.00 0.00 0.00 0
345 0.00 0.00 0.00 0
613 0.00 0.00 0.00 0
619 0.00 0.00 0.00 0
620 0.00 0.00 0.00 0
819 0.00 0.00 0.00 0
823 0.00 0.00 0.00 0
824 0.00 0.00 0.00 0
825 0.00 0.00 0.00 0
1366 0.00 0.00 0.00 0
1369 0.00 0.00 0.00 0
1371 0.00 0.00 0.00 0
1383 0.00 0.00 0.00 0
1384 0.00 0.00 0.00 0
1385 0.00 0.00 0.00 0
1391 0.00 0.00 0.00 0
1762 0.00 0.00 0.00 0
1763 0.00 0.00 0.00 0
1764 0.00 0.00 0.00 0
1768 0.00 0.00 0.00 0
1769 0.00 0.00 0.00 0
1770 0.00 0.00 0.00 0
1771 0.00 0.00 0.00 0
1772 0.00 0.00 0.00 0
1773 0.00 0.00 0.00 0
2473 0.00 0.00 0.00 0
2474 0.00 0.00 0.00 0
2475 0.00 0.00 0.00 0
2476 0.00 0.00 0.00 0
2477 0.00 0.00 0.00 0
2492 0.00 0.00 0.00 0
2493 0.00 0.00 0.00 0
2494 0.00 0.00 0.00 0
2495 0.00 0.00 0.00 0
2744 0.00 0.00 0.00 0
2745 0.00 0.00 0.00 0
3286 0.00 0.00 0.00 0
3304 0.00 0.00 0.00 0
3305 0.00 0.00 0.00 0
3310 0.00 0.00 0.00 0
3311 0.00 0.00 0.00 0
3896 0.00 0.00 0.00 0
3897 0.00 0.00 0.00 0
3898 0.00 0.00 0.00 0
3899 0.00 0.00 0.00 0
3900 0.00 0.00 0.00 0
3904 0.00 0.00 0.00 0
3905 0.00 0.00 0.00 0
3906 0.00 0.00 0.00 0
3907 0.00 0.00 0.00 0
3908 0.00 0.00 0.00 0
3909 0.00 0.00 0.00 0
3910 0.00 0.00 0.00 0
3911 0.00 0.00 0.00 0
3912 0.00 0.00 0.00 0
3913 0.00 0.00 0.00 0
3914 0.00 0.00 0.00 0
3915 0.00 0.00 0.00 0
5537 0.00 0.00 0.00 0
5538 0.00 0.00 0.00 0
5539 0.00 0.00 0.00 0
5540 0.00 0.00 0.00 0
5541 0.00 0.00 0.00 0
5542 0.00 0.00 0.00 0
5547 0.00 0.00 0.00 0
5548 0.00 0.00 0.00 0
5566 0.00 0.00 0.00 0
5584 0.00 0.00 0.00 0
5585 0.00 0.00 0.00 0
5586 0.00 0.00 0.00 0
5587 0.00 0.00 0.00 0
5588 0.00 0.00 0.00 0
5590 0.00 0.00 0.00 0
5591 0.00 0.00 0.00 0
5592 0.00 0.00 0.00 0
5593 0.00 0.00 0.00 0
5594 0.00 0.00 0.00 0
5595 0.00 0.00 0.00 0
5611 0.00 0.00 0.00 0
5612 0.00 0.00 0.00 0
5613 0.00 0.00 0.00 0
6081 0.00 0.00 0.00 0
6088 0.00 0.00 0.00 0
6089 0.00 0.00 0.00 0
6090 0.00 0.00 0.00 0
6091 0.00 0.00 0.00 0
6092 0.00 0.00 0.00 0
6093 0.00 0.00 0.00 0
7066 0.00 0.00 0.00 0
7067 0.00 0.00 0.00 0
7068 0.00 0.00 0.00 0
7069 0.00 0.00 0.00 0
7073 0.00 0.00 0.00 0
7074 0.00 0.00 0.00 0
7076 0.00 0.00 0.00 0
7097 0.00 0.00 0.00 0
7098 0.00 0.00 0.00 0
7099 0.00 0.00 0.00 0
7100 0.00 0.00 0.00 0
7101 0.00 0.00 0.00 0
7102 0.00 0.00 0.00 0
7111 0.00 0.00 0.00 0
7112 0.00 0.00 0.00 0
7950 0.00 0.00 0.00 0
7951 0.00 0.00 0.00 0
7952 0.00 0.00 0.00 0
7953 0.00 0.00 0.00 0
7955 0.00 0.00 0.00 0
7956 0.00 0.00 0.00 0
7964 0.00 0.00 0.00 0
7965 0.00 0.00 0.00 0
7966 0.00 0.00 0.00 0
7967 0.00 0.00 0.00 0
7968 0.00 0.00 0.00 0
7969 0.00 0.00 0.00 0
7970 0.00 0.00 0.00 0
7971 0.00 0.00 0.00 0
7972 0.00 0.00 0.00 0
7973 0.00 0.00 0.00 0
7974 0.00 0.00 0.00 0
7975 0.00 0.00 0.00 0
7976 0.00 0.00 0.00 0
7977 0.00 0.00 0.00 0
9974 0.00 0.00 0.00 0
9975 0.00 0.00 0.00 0
9976 0.00 0.00 0.00 0
9977 0.00 0.00 0.00 0
9978 0.00 0.00 0.00 0
9979 0.00 0.00 0.00 0
9980 0.00 0.00 0.00 0
9981 0.00 0.00 0.00 0
9982 0.00 0.00 0.00 0
9983 0.00 0.00 0.00 0
9984 0.00 0.00 0.00 0
9985 0.00 0.00 0.00 0
9986 0.00 0.00 0.00 0
9987 0.00 0.00 0.00 0
9988 0.00 0.00 0.00 0
9989 0.00 0.00 0.00 0
10030 0.00 0.00 0.00 0
10031 0.00 0.00 0.00 0
10032 0.00 0.00 0.00 0
10033 0.00 0.00 0.00 0
10034 0.00 0.00 0.00 0
10035 0.00 0.00 0.00 0
10036 0.00 0.00 0.00 0
10037 0.00 0.00 0.00 0
10038 0.00 0.00 0.00 0
10039 0.00 0.00 0.00 0
10040 0.00 0.00 0.00 0
10041 0.00 0.00 0.00 0
10042 0.00 0.00 0.00 0
10043 0.00 0.00 0.00 0
10063 0.00 0.00 0.00 0
10064 0.00 0.00 0.00 0
10984 0.00 0.00 0.00 0
10985 0.00 0.00 0.00 0
10986 0.00 0.00 0.00 0
10988 0.00 0.00 0.00 0
10990 0.00 0.00 0.00 0
10991 0.00 0.00 0.00 0
11576 0.00 0.00 0.00 0
11577 0.00 0.00 0.00 0
11578 0.00 0.00 0.00 0
11579 0.00 0.00 0.00 0
11580 0.00 0.00 0.00 0
11584 0.00 0.00 0.00 0
11585 0.00 0.00 0.00 0
11586 0.00 0.00 0.00 0
11587 0.00 0.00 0.00 0
11588 0.00 0.00 0.00 0
11589 0.00 0.00 0.00 0
11590 0.00 0.00 0.00 0
11591 0.00 0.00 0.00 0
11592 0.00 0.00 0.00 0
11593 0.00 0.00 0.00 0
11594 0.00 0.00 0.00 0
11595 0.00 0.00 0.00 0
13218 0.00 0.00 0.00 0
13219 0.00 0.00 0.00 0
13220 0.00 0.00 0.00 0
13221 0.00 0.00 0.00 0
13222 0.00 0.00 0.00 0
13226 0.00 0.00 0.00 0
13227 0.00 0.00 0.00 0
13246 0.00 0.00 0.00 0
13264 0.00 0.00 0.00 0
13265 0.00 0.00 0.00 0
13266 0.00 0.00 0.00 0
13267 0.00 0.00 0.00 0
13268 0.00 0.00 0.00 0
13269 0.00 0.00 0.00 0
13270 0.00 0.00 0.00 0
13271 0.00 0.00 0.00 0
13272 0.00 0.00 0.00 0
13273 0.00 0.00 0.00 0
13274 0.00 0.00 0.00 0
13275 0.00 0.00 0.00 0
13291 0.00 0.00 0.00 0
13292 0.00 0.00 0.00 0
13293 0.00 0.00 0.00 0
13986 0.00 0.00 0.00 0
13987 0.00 0.00 0.00 0
13988 0.00 0.00 0.00 0
13989 0.00 0.00 0.00 0
13990 0.00 0.00 0.00 0
13991 0.00 0.00 0.00 0
13992 0.00 0.00 0.00 0
13993 0.00 0.00 0.00 0
13994 0.00 0.00 0.00 0
13995 0.00 0.00 0.00 0
15616 0.00 0.00 0.00 0
15618 0.00 0.00 0.00 0
15619 0.00 0.00 0.00 0
15620 0.00 0.00 0.00 0
15621 0.00 0.00 0.00 0
15622 0.00 0.00 0.00 0
15628 0.00 0.00 0.00 0
15629 0.00 0.00 0.00 0
15630 0.00 0.00 0.00 0
15631 0.00 0.00 0.00 0
15632 0.00 0.00 0.00 0
15666 0.00 0.00 0.00 0
15667 0.00 0.00 0.00 0
15668 0.00 0.00 0.00 0
15669 0.00 0.00 0.00 0
15670 0.00 0.00 0.00 0
15671 0.00 0.00 0.00 0
15672 0.00 0.00 0.00 0
15673 0.00 0.00 0.00 0
15674 0.00 0.00 0.00 0
15675 0.00 0.00 0.00 0
15676 0.00 0.00 0.00 0
15691 0.00 0.00 0.00 0
15692 0.00 0.00 0.00 0
15693 0.00 0.00 0.00 0
17444 0.00 0.00 0.00 0
17445 0.00 0.00 0.00 0
17446 0.00 0.00 0.00 0
17447 0.00 0.00 0.00 0
17448 0.00 0.00 0.00 0
17449 0.00 0.00 0.00 0
17450 0.00 0.00 0.00 0
17451 0.00 0.00 0.00 0
17452 0.00 0.00 0.00 0
17453 0.00 0.00 0.00 0
17454 0.00 0.00 0.00 0
17455 0.00 0.00 0.00 0
17456 0.00 0.00 0.00 0
17457 0.00 0.00 0.00 0
17458 0.00 0.00 0.00 0
17459 0.00 0.00 0.00 0
17460 0.00 0.00 0.00 0
17472 0.00 0.00 0.00 0
17474 0.00 0.00 0.00 0
17476 0.00 0.00 0.00 0
17477 0.00 0.00 0.00 0
17478 0.00 0.00 0.00 0
17479 0.00 0.00 0.00 0
17480 0.00 0.00 0.00 0
17481 0.00 0.00 0.00 0
17482 0.00 0.00 0.00 0
17483 0.00 0.00 0.00 0
17484 0.00 0.00 0.00 0
17485 0.00 0.00 0.00 0
17486 0.00 0.00 0.00 0
17487 0.00 0.00 0.00 0
17488 0.00 0.00 0.00 0
17489 0.00 0.00 0.00 0
17490 0.00 0.00 0.00 0
17491 0.00 0.00 0.00 0
17492 0.00 0.00 0.00 0
17493 0.00 0.00 0.00 0
17494 0.00 0.00 0.00 0
17495 0.00 0.00 0.00 0
17496 0.00 0.00 0.00 0
17497 0.00 0.00 0.00 0
17498 0.00 0.00 0.00 0
17499 0.00 0.00 0.00 0
17500 0.00 0.00 0.00 0
17501 0.00 0.00 0.00 0
17502 0.00 0.00 0.00 0
17503 0.00 0.00 0.00 0
17504 0.00 0.00 0.00 0
17505 0.00 0.00 0.00 0
22368 0.00 0.00 0.00 0
22369 0.00 0.00 0.00 0
22370 0.00 0.00 0.00 0
22371 0.00 0.00 0.00 0
22372 0.00 0.00 0.00 0
22373 0.00 0.00 0.00 0
22374 0.00 0.00 0.00 0
22375 0.00 0.00 0.00 0
22376 0.00 0.00 0.00 0
22377 0.00 0.00 0.00 0
22378 0.00 0.00 0.00 0
22379 0.00 0.00 0.00 0
22380 0.00 0.00 0.00 0
22381 0.00 0.00 0.00 0
22382 0.00 0.00 0.00 0
22383 0.00 0.00 0.00 0
22384 0.00 0.00 0.00 0
22385 0.00 0.00 0.00 0
22386 0.00 0.00 0.00 0
22387 0.00 0.00 0.00 0
22392 0.00 0.00 0.00 0
22393 0.00 0.00 0.00 0
22394 0.00 0.00 0.00 0
22395 0.00 0.00 0.00 0
22397 0.00 0.00 0.00 0
22398 0.00 0.00 0.00 0
22399 0.00 0.00 0.00 0
22400 0.00 0.00 0.00 0
22401 0.00 0.00 0.00 0
22402 0.00 0.00 0.00 0
22403 0.00 0.00 0.00 0
22404 0.00 0.00 0.00 0
22405 0.00 0.00 0.00 0
22496 0.00 0.00 0.00 0
22497 0.00 0.00 0.00 0
22511 0.00 0.00 0.00 0
22512 0.00 0.00 0.00 0
22513 0.00 0.00 0.00 0
22514 0.00 0.00 0.00 0
22515 0.00 0.00 0.00 0
22516 0.00 0.00 0.00 0
22517 0.00 0.00 0.00 0
22518 0.00 0.00 0.00 0
22519 0.00 0.00 0.00 0
22520 0.00 0.00 0.00 0
22521 0.00 0.00 0.00 0
22522 0.00 0.00 0.00 0
22523 0.00 0.00 0.00 0
22525 0.00 0.00 0.00 0
22526 0.00 0.00 0.00 0
22527 0.00 0.00 0.00 0
22528 0.00 0.00 0.00 0
22529 0.00 0.00 0.00 0
22530 0.00 0.00 0.00 0
22531 0.00 0.00 0.00 0
22532 0.00 0.00 0.00 0
22533 0.00 0.00 0.00 0
22534 0.00 0.00 0.00 0
22535 0.00 0.00 0.00 0
22536 0.00 0.00 0.00 0
22537 0.00 0.00 0.00 0
22538 0.00 0.00 0.00 0
22539 0.00 0.00 0.00 0
22540 0.00 0.00 0.00 0
22541 0.00 0.00 0.00 0
22542 0.00 0.00 0.00 0
22543 0.00 0.00 0.00 0
22544 0.00 0.00 0.00 0
22545 0.00 0.00 0.00 0
22591 0.00 0.00 0.00 0
22592 0.00 0.00 0.00 0
22593 0.00 0.00 0.00 0
22595 0.00 0.00 0.00 0
23369 0.00 0.00 0.00 0
23370 0.00 0.00 0.00 0
23371 0.00 0.00 0.00 0
23372 0.00 0.00 0.00 0
23373 0.00 0.00 0.00 0
24346 0.00 0.00 0.00 0
24349 0.00 0.00 0.00 0
24377 0.00 0.00 0.00 0
24378 0.00 0.00 0.00 0
24379 0.00 0.00 0.00 0
24380 0.00 0.00 0.00 0
24381 0.00 0.00 0.00 0
24391 0.00 0.00 0.00 0
25443 0.00 0.00 0.00 0
25445 0.00 0.00 0.00 0
25446 0.00 0.00 0.00 0
25447 0.00 0.00 0.00 0
25448 0.00 0.00 0.00 0
25449 0.00 0.00 0.00 0
25450 0.00 0.00 0.00 0
25451 0.00 0.00 0.00 0
25452 0.00 0.00 0.00 0
25460 0.00 0.00 0.00 0
25461 0.00 0.00 0.00 0
25462 0.00 0.00 0.00 0
25463 0.00 0.00 0.00 0
25464 0.00 0.00 0.00 0
25465 0.00 0.00 0.00 0
25466 0.00 0.00 0.00 0
25467 0.00 0.00 0.00 0
25468 0.00 0.00 0.00 0
25469 0.00 0.00 0.00 0
25470 0.00 0.00 0.00 0
25471 0.00 0.00 0.00 0
25472 0.00 0.00 0.00 0
25473 0.00 0.00 0.00 0
25474 0.00 0.00 0.00 0
25475 0.00 0.00 0.00 0
25476 0.00 0.00 0.00 0
25477 0.00 0.00 0.00 0
25478 0.00 0.00 0.00 0
25479 0.00 0.00 0.00 0
28399 0.00 0.00 0.00 0
28400 0.00 0.00 0.00 0
28401 0.00 0.00 0.00 0
28402 0.00 0.00 0.00 0
28403 0.00 0.00 0.00 0
28404 0.00 0.00 0.00 0
28405 0.00 0.00 0.00 0
28406 0.00 0.00 0.00 0
28407 0.00 0.00 0.00 0
28408 0.00 0.00 0.00 0
28414 0.00 0.00 0.00 0
28415 0.00 0.00 0.00 0
28416 0.00 0.00 0.00 0
28417 0.00 0.00 0.00 0
28418 0.00 0.00 0.00 0
28419 0.00 0.00 0.00 0
28482 0.00 0.00 0.00 0
28483 0.00 0.00 0.00 0
28484 0.00 0.00 0.00 0
28485 0.00 0.00 0.00 0
28486 0.00 0.00 0.00 0
28487 0.00 0.00 0.00 0
28488 0.00 0.00 0.00 0
28489 0.00 0.00 0.00 0
28490 0.00 0.00 0.00 0
28492 0.00 0.00 0.00 0
28493 0.00 0.00 0.00 0
28494 0.00 0.00 0.00 0
28495 0.00 0.00 0.00 0
28496 0.00 0.00 0.00 0
28497 0.00 0.00 0.00 0
28498 0.00 0.00 0.00 0
28499 0.00 0.00 0.00 0
28500 0.00 0.00 0.00 0
28501 0.00 0.00 0.00 0
28502 0.00 0.00 0.00 0
28503 0.00 0.00 0.00 0
28531 0.00 0.00 0.00 0
28532 0.00 0.00 0.00 0
28533 0.00 0.00 0.00 0
28534 0.00 0.00 0.00 0
29547 0.00 0.00 0.00 0
29549 0.00 0.00 0.00 0
29550 0.00 0.00 0.00 0
29554 0.00 0.00 0.00 0
29565 0.00 0.00 0.00 0
29566 0.00 0.00 0.00 0
29567 0.00 0.00 0.00 0
29568 0.00 0.00 0.00 0
29569 0.00 0.00 0.00 0
29570 0.00 0.00 0.00 0
29571 0.00 0.00 0.00 0
29572 0.00 0.00 0.00 0
29573 0.00 0.00 0.00 0
29574 0.00 0.00 0.00 0
29575 0.00 0.00 0.00 0
29576 0.00 0.00 0.00 0
29577 0.00 0.00 0.00 0
31846 0.00 0.00 0.00 0
31847 0.00 0.00 0.00 0
31848 0.00 0.00 0.00 0
31849 0.00 0.00 0.00 0
31850 0.00 0.00 0.00 0
31851 0.00 0.00 0.00 0
31852 0.00 0.00 0.00 0
31853 0.00 0.00 0.00 0
31854 0.00 0.00 0.00 0
31855 0.00 0.00 0.00 0
31863 0.00 0.00 0.00 0
31864 0.00 0.00 0.00 0
31865 0.00 0.00 0.00 0
31866 0.00 0.00 0.00 0
31868 0.00 0.00 0.00 0
31869 0.00 0.00 0.00 0
31870 0.00 0.00 0.00 0
31917 0.00 0.00 0.00 0
31918 0.00 0.00 0.00 0
31919 0.00 0.00 0.00 0
31920 0.00 0.00 0.00 0
31921 0.00 0.00 0.00 0
31922 0.00 0.00 0.00 0
31923 0.00 0.00 0.00 0
31924 0.00 0.00 0.00 0
31925 0.00 0.00 0.00 0
31926 0.00 0.00 0.00 0
31927 0.00 0.00 0.00 0
31928 0.00 0.00 0.00 0
31929 0.00 0.00 0.00 0
31930 0.00 0.00 0.00 0
31951 0.00 0.00 0.00 0
31952 0.00 0.00 0.00 0
31953 0.00 0.00 0.00 0
34193 0.00 0.00 0.00 0
34194 0.00 0.00 0.00 0
34195 0.00 0.00 0.00 0
34196 0.00 0.00 0.00 0
34197 0.00 0.00 0.00 0
34198 0.00 0.00 0.00 0
34199 0.00 0.00 0.00 0
34200 0.00 0.00 0.00 0
34201 0.00 0.00 0.00 0
34202 0.00 0.00 0.00 0
34203 0.00 0.00 0.00 0
34204 0.00 0.00 0.00 0
34207 0.00 0.00 0.00 0
34208 0.00 0.00 0.00 0
34232 0.00 0.00 0.00 0
34233 0.00 0.00 0.00 0
34234 0.00 0.00 0.00 0
34235 0.00 0.00 0.00 0
34236 0.00 0.00 0.00 0
34237 0.00 0.00 0.00 0
34238 0.00 0.00 0.00 0
34239 0.00 0.00 0.00 0
34240 0.00 0.00 0.00 0
34241 0.00 0.00 0.00 0
34242 0.00 0.00 0.00 0
34243 0.00 0.00 0.00 0
34244 0.00 0.00 0.00 0
34245 0.00 0.00 0.00 0
34246 0.00 0.00 0.00 0
34247 0.00 0.00 0.00 0
34248 0.00 0.00 0.00 0
34249 0.00 0.00 0.00 0
34250 0.00 0.00 0.00 0
34251 0.00 0.00 0.00 0
34252 0.00 0.00 0.00 0
34253 0.00 0.00 0.00 0
34254 0.00 0.00 0.00 0
34255 0.00 0.00 0.00 0
34256 0.00 0.00 0.00 0
34257 0.00 0.00 0.00 0
34258 0.00 0.00 0.00 0
34259 0.00 0.00 0.00 0
34260 0.00 0.00 0.00 0
34261 0.00 0.00 0.00 0
34262 0.00 0.00 0.00 0
34263 0.00 0.00 0.00 0
34264 0.00 0.00 0.00 0
34265 0.00 0.00 0.00 0
34266 0.00 0.00 0.00 0
34267 0.00 0.00 0.00 0
34268 0.00 0.00 0.00 0
34269 0.00 0.00 0.00 0
40154 0.00 0.00 0.00 0
40155 0.00 0.00 0.00 0
40157 0.00 0.00 0.00 0
40158 0.00 0.00 0.00 0
40159 0.00 0.00 0.00 0
40160 0.00 0.00 0.00 0
40161 0.00 0.00 0.00 0
40162 0.00 0.00 0.00 0
40163 0.00 0.00 0.00 0
40164 0.00 0.00 0.00 0
40165 0.00 0.00 0.00 0
40166 0.00 0.00 0.00 0
40167 0.00 0.00 0.00 0
40168 0.00 0.00 0.00 0
40169 0.00 0.00 0.00 0
40170 0.00 0.00 0.00 0
40171 0.00 0.00 0.00 0
40172 0.00 0.00 0.00 0
40173 0.00 0.00 0.00 0
40174 0.00 0.00 0.00 0
40175 0.00 0.00 0.00 0
40176 0.00 0.00 0.00 0
40177 0.00 0.00 0.00 0
40178 0.00 0.00 0.00 0
40179 0.00 0.00 0.00 0
40182 0.00 0.00 0.00 0
40184 0.00 0.00 0.00 0
40185 0.00 0.00 0.00 0
40186 0.00 0.00 0.00 0
40187 0.00 0.00 0.00 0
40188 0.00 0.00 0.00 0
40189 0.00 0.00 0.00 0
40191 0.00 0.00 0.00 0
40192 0.00 0.00 0.00 0
40193 0.00 0.00 0.00 0
40194 0.00 0.00 0.00 0
40195 0.00 0.00 0.00 0
40196 0.00 0.00 0.00 0
40197 0.00 0.00 0.00 0
40198 0.00 0.00 0.00 0
40199 0.00 0.00 0.00 0
40200 0.00 0.00 0.00 0
40201 0.00 0.00 0.00 0
40202 0.00 0.00 0.00 0
40203 0.00 0.00 0.00 0
40204 0.00 0.00 0.00 0
40310 0.00 0.00 0.00 0
40327 0.00 0.00 0.00 0
40328 0.00 0.00 0.00 0
40332 0.00 0.00 0.00 0
40333 0.00 0.00 0.00 0
40334 0.00 0.00 0.00 0
40335 0.00 0.00 0.00 0
40336 0.00 0.00 0.00 0
40337 0.00 0.00 0.00 0
40338 0.00 0.00 0.00 0
40339 0.00 0.00 0.00 0
40340 0.00 0.00 0.00 0
40341 0.00 0.00 0.00 0
40343 0.00 0.00 0.00 0
40344 0.00 0.00 0.00 0
40345 0.00 0.00 0.00 0
40346 0.00 0.00 0.00 0
40347 0.00 0.00 0.00 0
40348 0.00 0.00 0.00 0
40349 0.00 0.00 0.00 0
40350 0.00 0.00 0.00 0
40351 0.00 0.00 0.00 0
40352 0.00 0.00 0.00 0
40353 0.00 0.00 0.00 0
40354 0.00 0.00 0.00 0
40355 0.00 0.00 0.00 0
40356 0.00 0.00 0.00 0
40357 0.00 0.00 0.00 0
40358 0.00 0.00 0.00 0
40359 0.00 0.00 0.00 0
40360 0.00 0.00 0.00 0
40361 0.00 0.00 0.00 0
40362 0.00 0.00 0.00 0
40363 0.00 0.00 0.00 0
40364 0.00 0.00 0.00 0
40365 0.00 0.00 0.00 0
40366 0.00 0.00 0.00 0
40367 0.00 0.00 0.00 0
40423 0.00 0.00 0.00 0
40424 0.00 0.00 0.00 0
40425 0.00 0.00 0.00 0
40426 0.00 0.00 0.00 0
40427 0.00 0.00 0.00 0
40432 0.00 0.00 0.00 0
41704 0.00 0.00 0.00 0
41705 0.00 0.00 0.00 0
41706 0.00 0.00 0.00 0
41707 0.00 0.00 0.00 0
41708 0.00 0.00 0.00 0
41709 0.00 0.00 0.00 0
41710 0.00 0.00 0.00 0
41711 0.00 0.00 0.00 0
42296 0.00 0.00 0.00 0
42297 0.00 0.00 0.00 0
42298 0.00 0.00 0.00 0
42299 0.00 0.00 0.00 0
42300 0.00 0.00 0.00 0
42304 0.00 0.00 0.00 0
42305 0.00 0.00 0.00 0
42306 0.00 0.00 0.00 0
42307 0.00 0.00 0.00 0
42308 0.00 0.00 0.00 0
42309 0.00 0.00 0.00 0
42310 0.00 0.00 0.00 0
42311 0.00 0.00 0.00 0
42312 0.00 0.00 0.00 0
42313 0.00 0.00 0.00 0
42314 0.00 0.00 0.00 0
42315 0.00 0.00 0.00 0
43938 0.00 0.00 0.00 0
43939 0.00 0.00 0.00 0
43940 0.00 0.00 0.00 0
43941 0.00 0.00 0.00 0
43942 0.00 0.00 0.00 0
43947 0.00 0.00 0.00 0
43966 0.00 0.00 0.00 0
43984 0.00 0.00 0.00 0
43985 0.00 0.00 0.00 0
43986 0.00 0.00 0.00 0
43987 0.00 0.00 0.00 0
43988 0.00 0.00 0.00 0
43989 0.00 0.00 0.00 0
43990 0.00 0.00 0.00 0
43991 0.00 0.00 0.00 0
43992 0.00 0.00 0.00 0
43993 0.00 0.00 0.00 0
43994 0.00 0.00 0.00 0
43995 0.00 0.00 0.00 0
43996 0.00 0.00 0.00 0
44011 0.00 0.00 0.00 0
44012 0.00 0.00 0.00 0
44013 0.00 0.00 0.00 0
44706 0.00 0.00 0.00 0
44707 0.00 0.00 0.00 0
44708 0.00 0.00 0.00 0
44709 0.00 0.00 0.00 0
44710 0.00 0.00 0.00 0
44711 0.00 0.00 0.00 0
44712 0.00 0.00 0.00 0
44713 0.00 0.00 0.00 0
44714 0.00 0.00 0.00 0
44715 0.00 0.00 0.00 0
46341 0.00 0.00 0.00 0
46348 0.00 0.00 0.00 0
46349 0.00 0.00 0.00 0
46350 0.00 0.00 0.00 0
46351 0.00 0.00 0.00 0
46384 0.00 0.00 0.00 0
46386 0.00 0.00 0.00 0
46387 0.00 0.00 0.00 0
46388 0.00 0.00 0.00 0
46389 0.00 0.00 0.00 0
46390 0.00 0.00 0.00 0
46391 0.00 0.00 0.00 0
46392 0.00 0.00 0.00 0
46393 0.00 0.00 0.00 0
46394 0.00 0.00 0.00 0
46395 0.00 0.00 0.00 0
46396 0.00 0.00 0.00 0
46411 0.00 0.00 0.00 0
46412 0.00 0.00 0.00 0
46413 0.00 0.00 0.00 0
48164 0.00 0.00 0.00 0
48165 0.00 0.00 0.00 0
48166 0.00 0.00 0.00 0
48167 0.00 0.00 0.00 0
48168 0.00 0.00 0.00 0
48169 0.00 0.00 0.00 0
48170 0.00 0.00 0.00 0
48171 0.00 0.00 0.00 0
48172 0.00 0.00 0.00 0
48173 0.00 0.00 0.00 0
48174 0.00 0.00 0.00 0
48175 0.00 0.00 0.00 0
48176 0.00 0.00 0.00 0
48177 0.00 0.00 0.00 0
48178 0.00 0.00 0.00 0
48179 0.00 0.00 0.00 0
48180 0.00 0.00 0.00 0
48192 0.00 0.00 0.00 0
48193 0.00 0.00 0.00 0
48194 0.00 0.00 0.00 0
48195 0.00 0.00 0.00 0
48196 0.00 0.00 0.00 0
48197 0.00 0.00 0.00 0
48198 0.00 0.00 0.00 0
48199 0.00 0.00 0.00 0
48200 0.00 0.00 0.00 0
48201 0.00 0.00 0.00 0
48202 0.00 0.00 0.00 0
48203 0.00 0.00 0.00 0
48204 0.00 0.00 0.00 0
48205 0.00 0.00 0.00 0
48206 0.00 0.00 0.00 0
48207 0.00 0.00 0.00 0
48208 0.00 0.00 0.00 0
48209 0.00 0.00 0.00 0
48210 0.00 0.00 0.00 0
48211 0.00 0.00 0.00 0
48212 0.00 0.00 0.00 0
48213 0.00 0.00 0.00 0
48214 0.00 0.00 0.00 0
48215 0.00 0.00 0.00 0
48216 0.00 0.00 0.00 0
48217 0.00 0.00 0.00 0
48218 0.00 0.00 0.00 0
48219 0.00 0.00 0.00 0
48220 0.00 0.00 0.00 0
48221 0.00 0.00 0.00 0
48222 0.00 0.00 0.00 0
48223 0.00 0.00 0.00 0
48224 0.00 0.00 0.00 0
48225 0.00 0.00 0.00 0
53088 0.00 0.00 0.00 0
53089 0.00 0.00 0.00 0
53090 0.00 0.00 0.00 0
53091 0.00 0.00 0.00 0
53092 0.00 0.00 0.00 0
53093 0.00 0.00 0.00 0
53094 0.00 0.00 0.00 0
53095 0.00 0.00 0.00 0
53096 0.00 0.00 0.00 0
53097 0.00 0.00 0.00 0
53098 0.00 0.00 0.00 0
53099 0.00 0.00 0.00 0
53100 0.00 0.00 0.00 0
53101 0.00 0.00 0.00 0
53102 0.00 0.00 0.00 0
53103 0.00 0.00 0.00 0
53104 0.00 0.00 0.00 0
53105 0.00 0.00 0.00 0
53106 0.00 0.00 0.00 0
53107 0.00 0.00 0.00 0
53112 0.00 0.00 0.00 0
53113 0.00 0.00 0.00 0
53114 0.00 0.00 0.00 0
53115 0.00 0.00 0.00 0
53117 0.00 0.00 0.00 0
53118 0.00 0.00 0.00 0
53119 0.00 0.00 0.00 0
53120 0.00 0.00 0.00 0
53121 0.00 0.00 0.00 0
53122 0.00 0.00 0.00 0
53123 0.00 0.00 0.00 0
53124 0.00 0.00 0.00 0
53125 0.00 0.00 0.00 0
53232 0.00 0.00 0.00 0
53233 0.00 0.00 0.00 0
53234 0.00 0.00 0.00 0
53235 0.00 0.00 0.00 0
53236 0.00 0.00 0.00 0
53237 0.00 0.00 0.00 0
53238 0.00 0.00 0.00 0
53239 0.00 0.00 0.00 0
53240 0.00 0.00 0.00 0
53241 0.00 0.00 0.00 0
53242 0.00 0.00 0.00 0
53243 0.00 0.00 0.00 0
53245 0.00 0.00 0.00 0
53246 0.00 0.00 0.00 0
53247 0.00 0.00 0.00 0
53248 0.00 0.00 0.00 0
53249 0.00 0.00 0.00 0
53250 0.00 0.00 0.00 0
53251 0.00 0.00 0.00 0
53252 0.00 0.00 0.00 0
53253 0.00 0.00 0.00 0
53254 0.00 0.00 0.00 0
53255 0.00 0.00 0.00 0
53256 0.00 0.00 0.00 0
53257 0.00 0.00 0.00 0
53258 0.00 0.00 0.00 0
53259 0.00 0.00 0.00 0
53260 0.00 0.00 0.00 0
53261 0.00 0.00 0.00 0
53262 0.00 0.00 0.00 0
53263 0.00 0.00 0.00 0
53264 0.00 0.00 0.00 0
53265 0.00 0.00 0.00 0
53311 0.00 0.00 0.00 0
53312 0.00 0.00 0.00 0
53313 0.00 0.00 0.00 0
54309 0.00 0.00 0.00 0
54312 0.00 0.00 0.00 0
54313 0.00 0.00 0.00 0
54314 0.00 0.00 0.00 0
54315 0.00 0.00 0.00 0
55987 0.00 0.00 0.00 0
55988 0.00 0.00 0.00 0
55989 0.00 0.00 0.00 0
55990 0.00 0.00 0.00 0
55991 0.00 0.00 0.00 0
55992 0.00 0.00 0.00 0
55993 0.00 0.00 0.00 0
56011 0.00 0.00 0.00 0
57765 0.00 0.00 0.00 0
57766 0.00 0.00 0.00 0
57767 0.00 0.00 0.00 0
57768 0.00 0.00 0.00 0
57769 0.00 0.00 0.00 0
57770 0.00 0.00 0.00 0
57771 0.00 0.00 0.00 0
57772 0.00 0.00 0.00 0
57773 0.00 0.00 0.00 0
57774 0.00 0.00 0.00 0
57775 0.00 0.00 0.00 0
57776 0.00 0.00 0.00 0
57777 0.00 0.00 0.00 0
57778 0.00 0.00 0.00 0
57779 0.00 0.00 0.00 0
57780 0.00 0.00 0.00 0
57789 0.00 0.00 0.00 0
57790 0.00 0.00 0.00 0
57791 0.00 0.00 0.00 0
57792 0.00 0.00 0.00 0
57793 0.00 0.00 0.00 0
57794 0.00 0.00 0.00 0
57795 0.00 0.00 0.00 0
57796 0.00 0.00 0.00 0
57797 0.00 0.00 0.00 0
57798 0.00 0.00 0.00 0
57799 0.00 0.00 0.00 0
57800 0.00 0.00 0.00 0
57801 0.00 0.00 0.00 0
57802 0.00 0.00 0.00 0
57803 0.00 0.00 0.00 0
57804 0.00 0.00 0.00 0
57805 0.00 0.00 0.00 0
57806 0.00 0.00 0.00 0
57807 0.00 0.00 0.00 0
57808 0.00 0.00 0.00 0
57809 0.00 0.00 0.00 0
57810 0.00 0.00 0.00 0
57811 0.00 0.00 0.00 0
57812 0.00 0.00 0.00 0
57813 0.00 0.00 0.00 0
57814 0.00 0.00 0.00 0
57815 0.00 0.00 0.00 0
57816 0.00 0.00 0.00 0
57817 0.00 0.00 0.00 0
57818 0.00 0.00 0.00 0
57819 0.00 0.00 0.00 0
57820 0.00 0.00 0.00 0
57821 0.00 0.00 0.00 0
57822 0.00 0.00 0.00 0
57823 0.00 0.00 0.00 0
57824 0.00 0.00 0.00 0
57825 0.00 0.00 0.00 0
62691 0.00 0.00 0.00 0
62692 0.00 0.00 0.00 0
62693 0.00 0.00 0.00 0
62694 0.00 0.00 0.00 0
62695 0.00 0.00 0.00 0
62696 0.00 0.00 0.00 0
62697 0.00 0.00 0.00 0
62698 0.00 0.00 0.00 0
62699 0.00 0.00 0.00 0
62700 0.00 0.00 0.00 0
62701 0.00 0.00 0.00 0
62702 0.00 0.00 0.00 0
62703 0.00 0.00 0.00 0
62704 0.00 0.00 0.00 0
62705 0.00 0.00 0.00 0
62706 0.00 0.00 0.00 0
62707 0.00 0.00 0.00 0
62717 0.00 0.00 0.00 0
62719 0.00 0.00 0.00 0
62720 0.00 0.00 0.00 0
62721 0.00 0.00 0.00 0
62722 0.00 0.00 0.00 0
62723 0.00 0.00 0.00 0
62724 0.00 0.00 0.00 0
62725 0.00 0.00 0.00 0
62829 0.00 0.00 0.00 0
62830 0.00 0.00 0.00 0
62831 0.00 0.00 0.00 0
62832 0.00 0.00 0.00 0
62833 0.00 0.00 0.00 0
62834 0.00 0.00 0.00 0
62835 0.00 0.00 0.00 0
62836 0.00 0.00 0.00 0
62837 0.00 0.00 0.00 0
62838 0.00 0.00 0.00 0
62839 0.00 0.00 0.00 0
62840 0.00 0.00 0.00 0
62841 0.00 0.00 0.00 0
62842 0.00 0.00 0.00 0
62843 0.00 0.00 0.00 0
62845 0.00 0.00 0.00 0
62846 0.00 0.00 0.00 0
62847 0.00 0.00 0.00 0
62848 0.00 0.00 0.00 0
62849 0.00 0.00 0.00 0
62850 0.00 0.00 0.00 0
62851 0.00 0.00 0.00 0
62852 0.00 0.00 0.00 0
62853 0.00 0.00 0.00 0
62854 0.00 0.00 0.00 0
62855 0.00 0.00 0.00 0
62856 0.00 0.00 0.00 0
62857 0.00 0.00 0.00 0
62858 0.00 0.00 0.00 0
62859 0.00 0.00 0.00 0
62860 0.00 0.00 0.00 0
62861 0.00 0.00 0.00 0
62862 0.00 0.00 0.00 0
62863 0.00 0.00 0.00 0
62864 0.00 0.00 0.00 0
62865 0.00 0.00 0.00 0
62911 0.00 0.00 0.00 0
62912 0.00 0.00 0.00 0
62913 0.00 0.00 0.00 0
62914 0.00 0.00 0.00 0
62915 0.00 0.00 0.00 0
62916 0.00 0.00 0.00 0
62917 0.00 0.00 0.00 0
62918 0.00 0.00 0.00 0
64964 0.00 0.00 0.00 0
64997 0.00 0.00 0.00 0
64998 0.00 0.00 0.00 0
64999 0.00 0.00 0.00 0
65000 0.00 0.00 0.00 0
65001 0.00 0.00 0.00 0
65002 0.00 0.00 0.00 0
65003 0.00 0.00 0.00 0
65004 0.00 0.00 0.00 0
65005 0.00 0.00 0.00 0
65006 0.00 0.00 0.00 0
65007 0.00 0.00 0.00 0
65008 0.00 0.00 0.00 0
65009 0.00 0.00 0.00 0
65010 0.00 0.00 0.00 0
65011 0.00 0.00 0.00 0
65012 0.00 0.00 0.00 0
65013 0.00 0.00 0.00 0
65014 0.00 0.00 0.00 0
65015 0.00 0.00 0.00 0
65016 0.00 0.00 0.00 0
65017 0.00 0.00 0.00 0
65018 0.00 0.00 0.00 0
65019 0.00 0.00 0.00 0
65020 0.00 0.00 0.00 0
65021 0.00 0.00 0.00 0
65022 0.00 0.00 0.00 0
65023 0.00 0.00 0.00 0
65024 0.00 0.00 0.00 0
65025 0.00 0.00 0.00 0
69886 0.00 0.00 0.00 0
69887 0.00 0.00 0.00 0
69888 0.00 0.00 0.00 0
69889 0.00 0.00 0.00 0
69890 0.00 0.00 0.00 0
69891 0.00 0.00 0.00 0
69892 0.00 0.00 0.00 0
69893 0.00 0.00 0.00 0
69894 0.00 0.00 0.00 0
69895 0.00 0.00 0.00 0
69896 0.00 0.00 0.00 0
69897 0.00 0.00 0.00 0
69898 0.00 0.00 0.00 0
69899 0.00 0.00 0.00 0
69900 0.00 0.00 0.00 0
69901 0.00 0.00 0.00 0
69902 0.00 0.00 0.00 0
69903 0.00 0.00 0.00 0
69904 0.00 0.00 0.00 0
69905 0.00 0.00 0.00 0
69906 0.00 0.00 0.00 0
69907 0.00 0.00 0.00 0
69923 0.00 0.00 0.00 0
69924 0.00 0.00 0.00 0
69925 0.00 0.00 0.00 0
69926 0.00 0.00 0.00 0
69927 0.00 0.00 0.00 0
69928 0.00 0.00 0.00 0
69929 0.00 0.00 0.00 0
69930 0.00 0.00 0.00 0
69931 0.00 0.00 0.00 0
69932 0.00 0.00 0.00 0
69933 0.00 0.00 0.00 0
69934 0.00 0.00 0.00 0
69935 0.00 0.00 0.00 0
69936 0.00 0.00 0.00 0
69937 0.00 0.00 0.00 0
70039 0.00 0.00 0.00 0
70040 0.00 0.00 0.00 0
70041 0.00 0.00 0.00 0
70042 0.00 0.00 0.00 0
70043 0.00 0.00 0.00 0
70044 0.00 0.00 0.00 0
70045 0.00 0.00 0.00 0
70046 0.00 0.00 0.00 0
70047 0.00 0.00 0.00 0
70048 0.00 0.00 0.00 0
70049 0.00 0.00 0.00 0
70050 0.00 0.00 0.00 0
70051 0.00 0.00 0.00 0
70052 0.00 0.00 0.00 0
70053 0.00 0.00 0.00 0
70054 0.00 0.00 0.00 0
70055 0.00 0.00 0.00 0
70056 0.00 0.00 0.00 0
70057 0.00 0.00 0.00 0
70058 0.00 0.00 0.00 0
70059 0.00 0.00 0.00 0
70060 0.00 0.00 0.00 0
70061 0.00 0.00 0.00 0
70062 0.00 0.00 0.00 0
70063 0.00 0.00 0.00 0
70064 0.00 0.00 0.00 0
70065 0.00 0.00 0.00 0
70066 0.00 0.00 0.00 0
70111 0.00 0.00 0.00 0
70112 0.00 0.00 0.00 0
70113 0.00 0.00 0.00 0
70114 0.00 0.00 0.00 0
70115 0.00 0.00 0.00 0
75371 0.00 0.00 0.00 0
75372 0.00 0.00 0.00 0
75373 0.00 0.00 0.00 0
75374 0.00 0.00 0.00 0
75375 0.00 0.00 0.00 0
75376 0.00 0.00 0.00 0
75377 0.00 0.00 0.00 0
75378 0.00 0.00 0.00 0
75379 0.00 0.00 0.00 0
75380 0.00 0.00 0.00 0
75381 0.00 0.00 0.00 0
75382 0.00 0.00 0.00 0
75383 0.00 0.00 0.00 0
75384 0.00 0.00 0.00 0
75385 0.00 0.00 0.00 0
75386 0.00 0.00 0.00 0
75387 0.00 0.00 0.00 0
75388 0.00 0.00 0.00 0
75389 0.00 0.00 0.00 0
75390 0.00 0.00 0.00 0
75391 0.00 0.00 0.00 0
75392 0.00 0.00 0.00 0
75393 0.00 0.00 0.00 0
75394 0.00 0.00 0.00 0
75395 0.00 0.00 0.00 0
75396 0.00 0.00 0.00 0
75397 0.00 0.00 0.00 0
75398 0.00 0.00 0.00 0
75399 0.00 0.00 0.00 0
75400 0.00 0.00 0.00 0
75406 0.00 0.00 0.00 0
75407 0.00 0.00 0.00 0
75408 0.00 0.00 0.00 0
75409 0.00 0.00 0.00 0
75410 0.00 0.00 0.00 0
75411 0.00 0.00 0.00 0
75413 0.00 0.00 0.00 0
75415 0.00 0.00 0.00 0
75416 0.00 0.00 0.00 0
75417 0.00 0.00 0.00 0
75418 0.00 0.00 0.00 0
75420 0.00 0.00 0.00 0
75452 0.00 0.00 0.00 0
75465 0.00 0.00 0.00 0
75466 0.00 0.00 0.00 0
75467 0.00 0.00 0.00 0
75468 0.00 0.00 0.00 0
75469 0.00 0.00 0.00 0
75470 0.00 0.00 0.00 0
75471 0.00 0.00 0.00 0
75472 0.00 0.00 0.00 0
75473 0.00 0.00 0.00 0
75474 0.00 0.00 0.00 0
75475 0.00 0.00 0.00 0
75476 0.00 0.00 0.00 0
75477 0.00 0.00 0.00 0
75478 0.00 0.00 0.00 0
75479 0.00 0.00 0.00 0
75480 0.00 0.00 0.00 0
75481 0.00 0.00 0.00 0
75482 0.00 0.00 0.00 0
75483 0.00 0.00 0.00 0
75484 0.00 0.00 0.00 0
75485 0.00 0.00 0.00 0
75486 0.00 0.00 0.00 0
75487 0.00 0.00 0.00 0
75488 0.00 0.00 0.00 0
75489 0.00 0.00 0.00 0
75490 0.00 0.00 0.00 0
75491 0.00 0.00 0.00 0
75492 0.00 0.00 0.00 0
75493 0.00 0.00 0.00 0
75494 0.00 0.00 0.00 0
75495 0.00 0.00 0.00 0
75496 0.00 0.00 0.00 0
75497 0.00 0.00 0.00 0
75498 0.00 0.00 0.00 0
75499 0.00 0.00 0.00 0
75500 0.00 0.00 0.00 0
75501 0.00 0.00 0.00 0
75502 0.00 0.00 0.00 0
75503 0.00 0.00 0.00 0
75504 0.00 0.00 0.00 0
75505 0.00 0.00 0.00 0
75506 0.00 0.00 0.00 0
75507 0.00 0.00 0.00 0
75508 0.00 0.00 0.00 0
75509 0.00 0.00 0.00 0
75510 0.00 0.00 0.00 0
75511 0.00 0.00 0.00 0
75512 0.00 0.00 0.00 0
75513 0.00 0.00 0.00 0
75514 0.00 0.00 0.00 0
75515 0.00 0.00 0.00 0
75516 0.00 0.00 0.00 0
75517 0.00 0.00 0.00 0
75518 0.00 0.00 0.00 0
75519 0.00 0.00 0.00 0
75520 0.00 0.00 0.00 0
75521 0.00 0.00 0.00 0
75522 0.00 0.00 0.00 0
75523 0.00 0.00 0.00 0
75524 0.00 0.00 0.00 0
75525 0.00 0.00 0.00 0
75526 0.00 0.00 0.00 0
75527 0.00 0.00 0.00 0
75528 0.00 0.00 0.00 0
75529 0.00 0.00 0.00 0
75530 0.00 0.00 0.00 0
75531 0.00 0.00 0.00 0
75532 0.00 0.00 0.00 0
75533 0.00 0.00 0.00 0
75534 0.00 0.00 0.00 0
75535 0.00 0.00 0.00 0
75536 0.00 0.00 0.00 0
75537 0.00 0.00 0.00 0
75538 0.00 0.00 0.00 0
75539 0.00 0.00 0.00 0
75540 0.00 0.00 0.00 0
75541 0.00 0.00 0.00 0
75542 0.00 0.00 0.00 0
75543 0.00 0.00 0.00 0
75544 0.00 0.00 0.00 0
75545 0.00 0.00 0.00 0
75546 0.00 0.00 0.00 0
75547 0.00 0.00 0.00 0
75548 0.00 0.00 0.00 0
75549 0.00 0.00 0.00 0
75550 0.00 0.00 0.00 0
75551 0.00 0.00 0.00 0
75552 0.00 0.00 0.00 0
75553 0.00 0.00 0.00 0
75554 0.00 0.00 0.00 0
75555 0.00 0.00 0.00 0
86262 0.00 0.00 0.00 0
90141 0.00 0.00 0.00 0
90142 0.00 0.00 0.00 0
90146 0.00 0.00 0.00 0
90147 0.00 0.00 0.00 0
90148 0.00 0.00 0.00 0
90149 0.00 0.00 0.00 0
90150 0.00 0.00 0.00 0
90151 0.00 0.00 0.00 0
90152 0.00 0.00 0.00 0
90153 0.00 0.00 0.00 0
90154 0.00 0.00 0.00 0
90155 0.00 0.00 0.00 0
90156 0.00 0.00 0.00 0
90157 0.00 0.00 0.00 0
90158 0.00 0.00 0.00 0
90159 0.00 0.00 0.00 0
90160 0.00 0.00 0.00 0
90161 0.00 0.00 0.00 0
90162 0.00 0.00 0.00 0
90163 0.00 0.00 0.00 0
90164 0.00 0.00 0.00 0
90165 0.00 0.00 0.00 0
90166 0.00 0.00 0.00 0
90167 0.00 0.00 0.00 0
90168 0.00 0.00 0.00 0
90169 0.00 0.00 0.00 0
90170 0.00 0.00 0.00 0
90171 0.00 0.00 0.00 0
90172 0.00 0.00 0.00 0
90173 0.00 0.00 0.00 0
90174 0.00 0.00 0.00 0
90175 0.00 0.00 0.00 0
90176 0.00 0.00 0.00 0
90177 0.00 0.00 0.00 0
90178 0.00 0.00 0.00 0
90179 0.00 0.00 0.00 0
90180 0.00 0.00 0.00 0
90181 0.00 0.00 0.00 0
90182 0.00 0.00 0.00 0
90183 0.00 0.00 0.00 0
90184 0.00 0.00 0.00 0
90185 0.00 0.00 0.00 0
90186 0.00 0.00 0.00 0
90187 0.00 0.00 0.00 0
90188 0.00 0.00 0.00 0
90189 0.00 0.00 0.00 0
90190 0.00 0.00 0.00 0
90191 0.00 0.00 0.00 0
90192 0.00 0.00 0.00 0
90193 0.00 0.00 0.00 0
90194 0.00 0.00 0.00 0
90195 0.00 0.00 0.00 0
90196 0.00 0.00 0.00 0
90197 0.00 0.00 0.00 0
90198 0.00 0.00 0.00 0
90199 0.00 0.00 0.00 0
90200 0.00 0.00 0.00 0
90201 0.00 0.00 0.00 0
90202 0.00 0.00 0.00 0
90208 0.00 0.00 0.00 0
90209 0.00 0.00 0.00 0
90210 0.00 0.00 0.00 0
90214 0.00 0.00 0.00 0
90215 0.00 0.00 0.00 0
90216 0.00 0.00 0.00 0
90217 0.00 0.00 0.00 0
90218 0.00 0.00 0.00 0
90219 0.00 0.00 0.00 0
90220 0.00 0.00 0.00 0
90221 0.00 0.00 0.00 0
90222 0.00 0.00 0.00 0
90223 0.00 0.00 0.00 0
90224 0.00 0.00 0.00 0
90225 0.00 0.00 0.00 0
90228 0.00 0.00 0.00 0
90229 0.00 0.00 0.00 0
90230 0.00 0.00 0.00 0
90231 0.00 0.00 0.00 0
90233 0.00 0.00 0.00 0
90234 0.00 0.00 0.00 0
90235 0.00 0.00 0.00 0
90236 0.00 0.00 0.00 0
90237 0.00 0.00 0.00 0
90238 0.00 0.00 0.00 0
90239 0.00 0.00 0.00 0
90240 0.00 0.00 0.00 0
90241 0.00 0.00 0.00 0
90242 0.00 0.00 0.00 0
90243 0.00 0.00 0.00 0
90244 0.00 0.00 0.00 0
90245 0.00 0.00 0.00 0
90246 0.00 0.00 0.00 0
90247 0.00 0.00 0.00 0
90248 0.00 0.00 0.00 0
90249 0.00 0.00 0.00 0
90250 0.00 0.00 0.00 0
90251 0.00 0.00 0.00 0
90252 0.00 0.00 0.00 0
90253 0.00 0.00 0.00 0
90254 0.00 0.00 0.00 0
90255 0.00 0.00 0.00 0
90256 0.00 0.00 0.00 0
90257 0.00 0.00 0.00 0
90260 0.00 0.00 0.00 0
90261 0.00 0.00 0.00 0
90262 0.00 0.00 0.00 0
90263 0.00 0.00 0.00 0
90264 0.00 0.00 0.00 0
90265 0.00 0.00 0.00 0
90529 0.00 0.00 0.00 0
90530 0.00 0.00 0.00 0
90531 0.00 0.00 0.00 0
90532 0.00 0.00 0.00 0
90572 0.00 0.00 0.00 0
90573 0.00 0.00 0.00 0
90574 0.00 0.00 0.00 0
90575 0.00 0.00 0.00 0
90576 0.00 0.00 0.00 0
90577 0.00 0.00 0.00 0
90578 0.00 0.00 0.00 0
90579 0.00 0.00 0.00 0
90581 0.00 0.00 0.00 0
90582 0.00 0.00 0.00 0
90584 0.00 0.00 0.00 0
90585 0.00 0.00 0.00 0
90586 0.00 0.00 0.00 0
90587 0.00 0.00 0.00 0
90588 0.00 0.00 0.00 0
90589 0.00 0.00 0.00 0
90590 0.00 0.00 0.00 0
90591 0.00 0.00 0.00 0
90592 0.00 0.00 0.00 0
90593 0.00 0.00 0.00 0
90594 0.00 0.00 0.00 0
90595 0.00 0.00 0.00 0
90596 0.00 0.00 0.00 0
90597 0.00 0.00 0.00 0
90598 0.00 0.00 0.00 0
90599 0.00 0.00 0.00 0
90600 0.00 0.00 0.00 0
90601 0.00 0.00 0.00 0
90602 0.00 0.00 0.00 0
90603 0.00 0.00 0.00 0
90604 0.00 0.00 0.00 0
90605 0.00 0.00 0.00 0
90606 0.00 0.00 0.00 0
90607 0.00 0.00 0.00 0
90608 0.00 0.00 0.00 0
90612 0.00 0.00 0.00 0
90613 0.00 0.00 0.00 0
90614 0.00 0.00 0.00 0
90615 0.00 0.00 0.00 0
90616 0.00 0.00 0.00 0
90617 0.00 0.00 0.00 0
90618 0.00 0.00 0.00 0
90619 0.00 0.00 0.00 0
90620 0.00 0.00 0.00 0
90621 0.00 0.00 0.00 0
90622 0.00 0.00 0.00 0
90623 0.00 0.00 0.00 0
90624 0.00 0.00 0.00 0
90625 0.00 0.00 0.00 0
90626 0.00 0.00 0.00 0
90627 0.00 0.00 0.00 0
90628 0.00 0.00 0.00 0
90629 0.00 0.00 0.00 0
90630 0.00 0.00 0.00 0
90631 0.00 0.00 0.00 0
90632 0.00 0.00 0.00 0
90633 0.00 0.00 0.00 0
90634 0.00 0.00 0.00 0
90635 0.00 0.00 0.00 0
90636 0.00 0.00 0.00 0
90637 0.00 0.00 0.00 0
90638 0.00 0.00 0.00 0
90639 0.00 0.00 0.00 0
90640 0.00 0.00 0.00 0
90641 0.00 0.00 0.00 0
90642 0.00 0.00 0.00 0
90643 0.00 0.00 0.00 0
90644 0.00 0.00 0.00 0
90645 0.00 0.00 0.00 0
90646 0.00 0.00 0.00 0
90647 0.00 0.00 0.00 0
90648 0.00 0.00 0.00 0
90649 0.00 0.00 0.00 0
90650 0.00 0.00 0.00 0
90651 0.00 0.00 0.00 0
90652 0.00 0.00 0.00 0
90653 0.00 0.00 0.00 0
90654 0.00 0.00 0.00 0
90655 0.00 0.00 0.00 0
90656 0.00 0.00 0.00 0
90657 0.00 0.00 0.00 0
90658 0.00 0.00 0.00 0
90659 0.00 0.00 0.00 0
90660 0.00 0.00 0.00 0
90661 0.00 0.00 0.00 0
90662 0.00 0.00 0.00 0
90663 0.00 0.00 0.00 0
90664 0.00 0.00 0.00 0
90665 0.00 0.00 0.00 0
90666 0.00 0.00 0.00 0
90667 0.00 0.00 0.00 0
90668 0.00 0.00 0.00 0
90669 0.00 0.00 0.00 0
90670 0.00 0.00 0.00 0
90671 0.00 0.00 0.00 0
90672 0.00 0.00 0.00 0
90673 0.00 0.00 0.00 0
90674 0.00 0.00 0.00 0
90675 0.00 0.00 0.00 0
90811 0.00 0.00 0.00 0
90812 0.00 0.00 0.00 0
90813 0.00 0.00 0.00 0
90814 0.00 0.00 0.00 0
90815 0.00 0.00 0.00 0
90816 0.00 0.00 0.00 0
90817 0.00 0.00 0.00 0
90818 0.00 0.00 0.00 0
90819 0.00 0.00 0.00 0
90820 0.00 0.00 0.00 0
90821 0.00 0.00 0.00 0
90822 0.00 0.00 0.00 0
90823 0.00 0.00 0.00 0
90824 0.00 0.00 0.00 0
90825 0.00 0.00 0.00 0
90834 0.00 0.00 0.00 0
90835 0.00 0.00 0.00 0
90836 0.00 0.00 0.00 0
93498 0.00 0.00 0.00 0
93499 0.00 0.00 0.00 0
93500 0.00 0.00 0.00 0
93501 0.00 0.00 0.00 0
93502 0.00 0.00 0.00 0
93504 0.00 0.00 0.00 0
93508 0.00 0.00 0.00 0
93509 0.00 0.00 0.00 0
93510 0.00 0.00 0.00 0
93511 0.00 0.00 0.00 0
94564 0.00 0.00 0.00 0
94565 0.00 0.00 0.00 0
94566 0.00 0.00 0.00 0
94567 0.00 0.00 0.00 0
94568 0.00 0.00 0.00 0
94569 0.00 0.00 0.00 0
94570 0.00 0.00 0.00 0
94571 0.00 0.00 0.00 0
94572 0.00 0.00 0.00 0
94578 0.00 0.00 0.00 0
94579 0.00 0.00 0.00 0
94580 0.00 0.00 0.00 0
94581 0.00 0.00 0.00 0
94582 0.00 0.00 0.00 0
94583 0.00 0.00 0.00 0
94584 0.00 0.00 0.00 0
94585 0.00 0.00 0.00 0
94586 0.00 0.00 0.00 0
94587 0.00 0.00 0.00 0
94588 0.00 0.00 0.00 0
94589 0.00 0.00 0.00 0
94590 0.00 0.00 0.00 0
94591 0.00 0.00 0.00 0
94592 0.00 0.00 0.00 0
94593 0.00 0.00 0.00 0
94594 0.00 0.00 0.00 0
94595 0.00 0.00 0.00 0
94596 0.00 0.00 0.00 0
94597 0.00 0.00 0.00 0
94598 0.00 0.00 0.00 0
94599 0.00 0.00 0.00 0
97519 0.00 0.00 0.00 0
97520 0.00 0.00 0.00 0
97521 0.00 0.00 0.00 0
97522 0.00 0.00 0.00 0
97523 0.00 0.00 0.00 0
97524 0.00 0.00 0.00 0
97525 0.00 0.00 0.00 0
97526 0.00 0.00 0.00 0
97527 0.00 0.00 0.00 0
97528 0.00 0.00 0.00 0
97534 0.00 0.00 0.00 0
97535 0.00 0.00 0.00 0
97536 0.00 0.00 0.00 0
97537 0.00 0.00 0.00 0
97538 0.00 0.00 0.00 0
97570 0.00 0.00 0.00 0
97571 0.00 0.00 0.00 0
97572 0.00 0.00 0.00 0
97602 0.00 0.00 0.00 0
97603 0.00 0.00 0.00 0
97604 0.00 0.00 0.00 0
97605 0.00 0.00 0.00 0
97606 0.00 0.00 0.00 0
97607 0.00 0.00 0.00 0
97608 0.00 0.00 0.00 0
97609 0.00 0.00 0.00 0
97610 0.00 0.00 0.00 0
97612 0.00 0.00 0.00 0
97613 0.00 0.00 0.00 0
97614 0.00 0.00 0.00 0
97615 0.00 0.00 0.00 0
97616 0.00 0.00 0.00 0
97617 0.00 0.00 0.00 0
97618 0.00 0.00 0.00 0
97619 0.00 0.00 0.00 0
97620 0.00 0.00 0.00 0
97621 0.00 0.00 0.00 0
97622 0.00 0.00 0.00 0
97623 0.00 0.00 0.00 0
97651 0.00 0.00 0.00 0
97652 0.00 0.00 0.00 0
97653 0.00 0.00 0.00 0
97654 0.00 0.00 0.00 0
97655 0.00 0.00 0.00 0
98902 0.00 0.00 0.00 0
98903 0.00 0.00 0.00 0
98904 0.00 0.00 0.00 0
98905 0.00 0.00 0.00 0
98906 0.00 0.00 0.00 0
98907 0.00 0.00 0.00 0
98908 0.00 0.00 0.00 0
98909 0.00 0.00 0.00 0
98910 0.00 0.00 0.00 0
98911 0.00 0.00 0.00 0
98912 0.00 0.00 0.00 0
98913 0.00 0.00 0.00 0
98914 0.00 0.00 0.00 0
98915 0.00 0.00 0.00 0
98916 0.00 0.00 0.00 0
98917 0.00 0.00 0.00 0
98918 0.00 0.00 0.00 0
98919 0.00 0.00 0.00 0
101839 0.00 0.00 0.00 0
101840 0.00 0.00 0.00 0
101841 0.00 0.00 0.00 0
101842 0.00 0.00 0.00 0
101843 0.00 0.00 0.00 0
101844 0.00 0.00 0.00 0
101845 0.00 0.00 0.00 0
101846 0.00 0.00 0.00 0
101847 0.00 0.00 0.00 0
101848 0.00 0.00 0.00 0
101858 0.00 0.00 0.00 0
101859 0.00 0.00 0.00 0
101860 0.00 0.00 0.00 0
101861 0.00 0.00 0.00 0
101862 0.00 0.00 0.00 0
101863 0.00 0.00 0.00 0
101864 0.00 0.00 0.00 0
101865 0.00 0.00 0.00 0
101866 0.00 0.00 0.00 0
101927 0.00 0.00 0.00 0
101928 0.00 0.00 0.00 0
101929 0.00 0.00 0.00 0
101930 0.00 0.00 0.00 0
101931 0.00 0.00 0.00 0
101932 0.00 0.00 0.00 0
101933 0.00 0.00 0.00 0
101934 0.00 0.00 0.00 0
101935 0.00 0.00 0.00 0
101936 0.00 0.00 0.00 0
101937 0.00 0.00 0.00 0
101938 0.00 0.00 0.00 0
101939 0.00 0.00 0.00 0
101940 0.00 0.00 0.00 0
101941 0.00 0.00 0.00 0
101942 0.00 0.00 0.00 0
101943 0.00 0.00 0.00 0
101944 0.00 0.00 0.00 0
101971 0.00 0.00 0.00 0
101972 0.00 0.00 0.00 0
101973 0.00 0.00 0.00 0
101974 0.00 0.00 0.00 0
101975 0.00 0.00 0.00 0
105126 0.00 0.00 0.00 0
105127 0.00 0.00 0.00 0
105128 0.00 0.00 0.00 0
105129 0.00 0.00 0.00 0
105130 0.00 0.00 0.00 0
105131 0.00 0.00 0.00 0
105132 0.00 0.00 0.00 0
105133 0.00 0.00 0.00 0
105134 0.00 0.00 0.00 0
105135 0.00 0.00 0.00 0
105136 0.00 0.00 0.00 0
105137 0.00 0.00 0.00 0
105138 0.00 0.00 0.00 0
105139 0.00 0.00 0.00 0
105140 0.00 0.00 0.00 0
105141 0.00 0.00 0.00 0
105142 0.00 0.00 0.00 0
105143 0.00 0.00 0.00 0
105144 0.00 0.00 0.00 0
105145 0.00 0.00 0.00 0
105146 0.00 0.00 0.00 0
105147 0.00 0.00 0.00 0
105148 0.00 0.00 0.00 0
105149 0.00 0.00 0.00 0
105150 0.00 0.00 0.00 0
105151 0.00 0.00 0.00 0
105152 0.00 0.00 0.00 0
105153 0.00 0.00 0.00 0
105154 0.00 0.00 0.00 0
105155 0.00 0.00 0.00 0
105156 0.00 0.00 0.00 0
105176 0.00 0.00 0.00 0
105177 0.00 0.00 0.00 0
105178 0.00 0.00 0.00 0
105183 0.00 0.00 0.00 0
105184 0.00 0.00 0.00 0
105185 0.00 0.00 0.00 0
105186 0.00 0.00 0.00 0
105187 0.00 0.00 0.00 0
105188 0.00 0.00 0.00 0
105189 0.00 0.00 0.00 0
105190 0.00 0.00 0.00 0
105191 0.00 0.00 0.00 0
105192 0.00 0.00 0.00 0
105193 0.00 0.00 0.00 0
105194 0.00 0.00 0.00 0
105195 0.00 0.00 0.00 0
105196 0.00 0.00 0.00 0
105197 0.00 0.00 0.00 0
105198 0.00 0.00 0.00 0
105199 0.00 0.00 0.00 0
105200 0.00 0.00 0.00 0
105201 0.00 0.00 0.00 0
105202 0.00 0.00 0.00 0
105203 0.00 0.00 0.00 0
105204 0.00 0.00 0.00 0
105205 0.00 0.00 0.00 0
105206 0.00 0.00 0.00 0
105207 0.00 0.00 0.00 0
105208 0.00 0.00 0.00 0
105209 0.00 0.00 0.00 0
105210 0.00 0.00 0.00 0
105211 0.00 0.00 0.00 0
105212 0.00 0.00 0.00 0
105213 0.00 0.00 0.00 0
105214 0.00 0.00 0.00 0
105215 0.00 0.00 0.00 0
105216 0.00 0.00 0.00 0
105217 0.00 0.00 0.00 0
105218 0.00 0.00 0.00 0
105219 0.00 0.00 0.00 0
105220 0.00 0.00 0.00 0
105221 0.00 0.00 0.00 0
105222 0.00 0.00 0.00 0
105223 0.00 0.00 0.00 0
105224 0.00 0.00 0.00 0
105225 0.00 0.00 0.00 0
105226 0.00 0.00 0.00 0
105227 0.00 0.00 0.00 0
105228 0.00 0.00 0.00 0
105229 0.00 0.00 0.00 0
105230 0.00 0.00 0.00 0
105231 0.00 0.00 0.00 0
105232 0.00 0.00 0.00 0
105233 0.00 0.00 0.00 0
105234 0.00 0.00 0.00 0
105235 0.00 0.00 0.00 0
105236 0.00 0.00 0.00 0
105237 0.00 0.00 0.00 0
113992 0.00 0.00 0.00 0
113993 0.00 0.00 0.00 0
113994 0.00 0.00 0.00 0
113995 0.00 0.00 0.00 0
113996 0.00 0.00 0.00 0
113997 0.00 0.00 0.00 0
113998 0.00 0.00 0.00 0
113999 0.00 0.00 0.00 0
114000 0.00 0.00 0.00 0
114001 0.00 0.00 0.00 0
114002 0.00 0.00 0.00 0
114003 0.00 0.00 0.00 0
114004 0.00 0.00 0.00 0
114005 0.00 0.00 0.00 0
114006 0.00 0.00 0.00 0
114007 0.00 0.00 0.00 0
114008 0.00 0.00 0.00 0
114009 0.00 0.00 0.00 0
114010 0.00 0.00 0.00 0
114011 0.00 0.00 0.00 0
114012 0.00 0.00 0.00 0
114013 0.00 0.00 0.00 0
114014 0.00 0.00 0.00 0
114015 0.00 0.00 0.00 0
114016 0.00 0.00 0.00 0
114017 0.00 0.00 0.00 0
114018 0.00 0.00 0.00 0
114019 0.00 0.00 0.00 0
114020 0.00 0.00 0.00 0
114021 0.00 0.00 0.00 0
114022 0.00 0.00 0.00 0
114023 0.00 0.00 0.00 0
114024 0.00 0.00 0.00 0
114025 0.00 0.00 0.00 0
114032 0.00 0.00 0.00 0
114033 0.00 0.00 0.00 0
114034 0.00 0.00 0.00 0
114035 0.00 0.00 0.00 0
114036 0.00 0.00 0.00 0
114037 0.00 0.00 0.00 0
114038 0.00 0.00 0.00 0
114039 0.00 0.00 0.00 0
114041 0.00 0.00 0.00 0
114042 0.00 0.00 0.00 0
114043 0.00 0.00 0.00 0
114044 0.00 0.00 0.00 0
114045 0.00 0.00 0.00 0
114046 0.00 0.00 0.00 0
114047 0.00 0.00 0.00 0
114048 0.00 0.00 0.00 0
114049 0.00 0.00 0.00 0
114050 0.00 0.00 0.00 0
114051 0.00 0.00 0.00 0
114052 0.00 0.00 0.00 0
114053 0.00 0.00 0.00 0
114054 0.00 0.00 0.00 0
114055 0.00 0.00 0.00 0
114056 0.00 0.00 0.00 0
114057 0.00 0.00 0.00 0
114221 0.00 0.00 0.00 0
114222 0.00 0.00 0.00 0
114223 0.00 0.00 0.00 0
114247 0.00 0.00 0.00 0
114248 0.00 0.00 0.00 0
114249 0.00 0.00 0.00 0
114250 0.00 0.00 0.00 0
114251 0.00 0.00 0.00 0
114252 0.00 0.00 0.00 0
114253 0.00 0.00 0.00 0
114254 0.00 0.00 0.00 0
114255 0.00 0.00 0.00 0
114256 0.00 0.00 0.00 0
114257 0.00 0.00 0.00 0
114258 0.00 0.00 0.00 0
114259 0.00 0.00 0.00 0
114260 0.00 0.00 0.00 0
114261 0.00 0.00 0.00 0
114262 0.00 0.00 0.00 0
114263 0.00 0.00 0.00 0
114264 0.00 0.00 0.00 0
114265 0.00 0.00 0.00 0
114266 0.00 0.00 0.00 0
114267 0.00 0.00 0.00 0
114268 0.00 0.00 0.00 0
114269 0.00 0.00 0.00 0
114272 0.00 0.00 0.00 0
114273 0.00 0.00 0.00 0
114274 0.00 0.00 0.00 0
114275 0.00 0.00 0.00 0
114276 0.00 0.00 0.00 0
114277 0.00 0.00 0.00 0
114278 0.00 0.00 0.00 0
114279 0.00 0.00 0.00 0
114280 0.00 0.00 0.00 0
114281 0.00 0.00 0.00 0
114282 0.00 0.00 0.00 0
114283 0.00 0.00 0.00 0
114284 0.00 0.00 0.00 0
114285 0.00 0.00 0.00 0
114286 0.00 0.00 0.00 0
114287 0.00 0.00 0.00 0
114288 0.00 0.00 0.00 0
114289 0.00 0.00 0.00 0
114290 0.00 0.00 0.00 0
114291 0.00 0.00 0.00 0
114292 0.00 0.00 0.00 0
114293 0.00 0.00 0.00 0
114294 0.00 0.00 0.00 0
114295 0.00 0.00 0.00 0
114296 0.00 0.00 0.00 0
114297 0.00 0.00 0.00 0
114298 0.00 0.00 0.00 0
114299 0.00 0.00 0.00 0
114300 0.00 0.00 0.00 0
114301 0.00 0.00 0.00 0
114302 0.00 0.00 0.00 0
114303 0.00 0.00 0.00 0
114304 0.00 0.00 0.00 0
114305 0.00 0.00 0.00 0
114306 0.00 0.00 0.00 0
114307 0.00 0.00 0.00 0
114308 0.00 0.00 0.00 0
114309 0.00 0.00 0.00 0
114391 0.00 0.00 0.00 0
114392 0.00 0.00 0.00 0
114393 0.00 0.00 0.00 0
114394 0.00 0.00 0.00 0
114395 0.00 0.00 0.00 0
114396 0.00 0.00 0.00 0
114397 0.00 0.00 0.00 0
114398 0.00 0.00 0.00 0
115967 0.00 0.00 0.00 0
115968 0.00 0.00 0.00 0
115969 0.00 0.00 0.00 0
115970 0.00 0.00 0.00 0
115971 0.00 0.00 0.00 0
115972 0.00 0.00 0.00 0
115973 0.00 0.00 0.00 0
115974 0.00 0.00 0.00 0
115975 0.00 0.00 0.00 0
115976 0.00 0.00 0.00 0
115977 0.00 0.00 0.00 0
118253 0.00 0.00 0.00 0
118254 0.00 0.00 0.00 0
118255 0.00 0.00 0.00 0
118318 0.00 0.00 0.00 0
118319 0.00 0.00 0.00 0
118320 0.00 0.00 0.00 0
118321 0.00 0.00 0.00 0
118322 0.00 0.00 0.00 0
118323 0.00 0.00 0.00 0
118324 0.00 0.00 0.00 0
118325 0.00 0.00 0.00 0
118326 0.00 0.00 0.00 0
118327 0.00 0.00 0.00 0
118328 0.00 0.00 0.00 0
118329 0.00 0.00 0.00 0
118351 0.00 0.00 0.00 0
118352 0.00 0.00 0.00 0
118353 0.00 0.00 0.00 0
120807 0.00 0.00 0.00 0
120809 0.00 0.00 0.00 0
120810 0.00 0.00 0.00 0
120811 0.00 0.00 0.00 0
120812 0.00 0.00 0.00 0
120813 0.00 0.00 0.00 0
120814 0.00 0.00 0.00 0
120815 0.00 0.00 0.00 0
120816 0.00 0.00 0.00 0
120817 0.00 0.00 0.00 0
120818 0.00 0.00 0.00 0
120819 0.00 0.00 0.00 0
120820 0.00 0.00 0.00 0
120821 0.00 0.00 0.00 0
120822 0.00 0.00 0.00 0
120823 0.00 0.00 0.00 0
120824 0.00 0.00 0.00 0
120825 0.00 0.00 0.00 0
120826 0.00 0.00 0.00 0
120827 0.00 0.00 0.00 0
120828 0.00 0.00 0.00 0
120843 0.00 0.00 0.00 0
120844 0.00 0.00 0.00 0
120845 0.00 0.00 0.00 0
120846 0.00 0.00 0.00 0
120847 0.00 0.00 0.00 0
120848 0.00 0.00 0.00 0
120849 0.00 0.00 0.00 0
120850 0.00 0.00 0.00 0
120851 0.00 0.00 0.00 0
120852 0.00 0.00 0.00 0
120853 0.00 0.00 0.00 0
120854 0.00 0.00 0.00 0
120855 0.00 0.00 0.00 0
120856 0.00 0.00 0.00 0
120857 0.00 0.00 0.00 0
120858 0.00 0.00 0.00 0
120859 0.00 0.00 0.00 0
120860 0.00 0.00 0.00 0
120861 0.00 0.00 0.00 0
120862 0.00 0.00 0.00 0
120863 0.00 0.00 0.00 0
120864 0.00 0.00 0.00 0
120865 0.00 0.00 0.00 0
120866 0.00 0.00 0.00 0
120867 0.00 0.00 0.00 0
120868 0.00 0.00 0.00 0
120869 0.00 0.00 0.00 0
120870 0.00 0.00 0.00 0
120871 0.00 0.00 0.00 0
120872 0.00 0.00 0.00 0
120873 0.00 0.00 0.00 0
120874 0.00 0.00 0.00 0
120875 0.00 0.00 0.00 0
120876 0.00 0.00 0.00 0
120877 0.00 0.00 0.00 0
120878 0.00 0.00 0.00 0
120879 0.00 0.00 0.00 0
120880 0.00 0.00 0.00 0
120881 0.00 0.00 0.00 0
120882 0.00 0.00 0.00 0
120883 0.00 0.00 0.00 0
120884 0.00 0.00 0.00 0
120885 0.00 0.00 0.00 0
120886 0.00 0.00 0.00 0
120887 0.00 0.00 0.00 0
120888 0.00 0.00 0.00 0
120889 0.00 0.00 0.00 0
120890 0.00 0.00 0.00 0
120891 0.00 0.00 0.00 0
127704 0.00 0.00 0.00 0
127705 0.00 0.00 0.00 0
127706 0.00 0.00 0.00 0
127707 0.00 0.00 0.00 0
127708 0.00 0.00 0.00 0
127709 0.00 0.00 0.00 0
127710 0.00 0.00 0.00 0
127711 0.00 0.00 0.00 0
127712 0.00 0.00 0.00 0
127713 0.00 0.00 0.00 0
127714 0.00 0.00 0.00 0
127715 0.00 0.00 0.00 0
127716 0.00 0.00 0.00 0
127717 0.00 0.00 0.00 0
127718 0.00 0.00 0.00 0
127719 0.00 0.00 0.00 0
127720 0.00 0.00 0.00 0
127721 0.00 0.00 0.00 0
127722 0.00 0.00 0.00 0
127723 0.00 0.00 0.00 0
127724 0.00 0.00 0.00 0
127725 0.00 0.00 0.00 0
127726 0.00 0.00 0.00 0
127738 0.00 0.00 0.00 0
127739 0.00 0.00 0.00 0
127740 0.00 0.00 0.00 0
127741 0.00 0.00 0.00 0
127742 0.00 0.00 0.00 0
127743 0.00 0.00 0.00 0
127744 0.00 0.00 0.00 0
127745 0.00 0.00 0.00 0
127746 0.00 0.00 0.00 0
127747 0.00 0.00 0.00 0
127748 0.00 0.00 0.00 0
127749 0.00 0.00 0.00 0
127750 0.00 0.00 0.00 0
127751 0.00 0.00 0.00 0
127769 0.00 0.00 0.00 0
127896 0.00 0.00 0.00 0
127897 0.00 0.00 0.00 0
127898 0.00 0.00 0.00 0
127899 0.00 0.00 0.00 0
127900 0.00 0.00 0.00 0
127901 0.00 0.00 0.00 0
127902 0.00 0.00 0.00 0
127903 0.00 0.00 0.00 0
127904 0.00 0.00 0.00 0
127905 0.00 0.00 0.00 0
127906 0.00 0.00 0.00 0
127907 0.00 0.00 0.00 0
127908 0.00 0.00 0.00 0
127909 0.00 0.00 0.00 0
127910 0.00 0.00 0.00 0
127911 0.00 0.00 0.00 0
127912 0.00 0.00 0.00 0
127913 0.00 0.00 0.00 0
127914 0.00 0.00 0.00 0
127915 0.00 0.00 0.00 0
127916 0.00 0.00 0.00 0
127918 0.00 0.00 0.00 0
127919 0.00 0.00 0.00 0
127920 0.00 0.00 0.00 0
127921 0.00 0.00 0.00 0
127922 0.00 0.00 0.00 0
127923 0.00 0.00 0.00 0
127924 0.00 0.00 0.00 0
127925 0.00 0.00 0.00 0
127926 0.00 0.00 0.00 0
127927 0.00 0.00 0.00 0
127928 0.00 0.00 0.00 0
127929 0.00 0.00 0.00 0
127930 0.00 0.00 0.00 0
127931 0.00 0.00 0.00 0
127932 0.00 0.00 0.00 0
127933 0.00 0.00 0.00 0
127934 0.00 0.00 0.00 0
127935 0.00 0.00 0.00 0
127936 0.00 0.00 0.00 0
127937 0.00 0.00 0.00 0
127938 0.00 0.00 0.00 0
127939 0.00 0.00 0.00 0
127940 0.00 0.00 0.00 0
127941 0.00 0.00 0.00 0
127942 0.00 0.00 0.00 0
127943 0.00 0.00 0.00 0
127944 0.00 0.00 0.00 0
127945 0.00 0.00 0.00 0
127946 0.00 0.00 0.00 0
127947 0.00 0.00 0.00 0
128011 0.00 0.00 0.00 0
128012 0.00 0.00 0.00 0
128013 0.00 0.00 0.00 0
128014 0.00 0.00 0.00 0
128015 0.00 0.00 0.00 0
128016 0.00 0.00 0.00 0
128017 0.00 0.00 0.00 0
128018 0.00 0.00 0.00 0
128019 0.00 0.00 0.00 0
130667 0.00 0.00 0.00 0
130668 0.00 0.00 0.00 0
130670 0.00 0.00 0.00 0
130671 0.00 0.00 0.00 0
130672 0.00 0.00 0.00 0
130673 0.00 0.00 0.00 0
130674 0.00 0.00 0.00 0
130686 0.00 0.00 0.00 0
130689 0.00 0.00 0.00 0
130714 0.00 0.00 0.00 0
130715 0.00 0.00 0.00 0
130716 0.00 0.00 0.00 0
130717 0.00 0.00 0.00 0
130718 0.00 0.00 0.00 0
130719 0.00 0.00 0.00 0
130720 0.00 0.00 0.00 0
130721 0.00 0.00 0.00 0
130722 0.00 0.00 0.00 0
130723 0.00 0.00 0.00 0
130724 0.00 0.00 0.00 0
130725 0.00 0.00 0.00 0
130726 0.00 0.00 0.00 0
130727 0.00 0.00 0.00 0
130728 0.00 0.00 0.00 0
130729 0.00 0.00 0.00 0
130730 0.00 0.00 0.00 0
130731 0.00 0.00 0.00 0
130732 0.00 0.00 0.00 0
130733 0.00 0.00 0.00 0
130734 0.00 0.00 0.00 0
130735 0.00 0.00 0.00 0
130736 0.00 0.00 0.00 0
130737 0.00 0.00 0.00 0
130738 0.00 0.00 0.00 0
130739 0.00 0.00 0.00 0
130740 0.00 0.00 0.00 0
130741 0.00 0.00 0.00 0
130742 0.00 0.00 0.00 0
130743 0.00 0.00 0.00 0
130744 0.00 0.00 0.00 0
130745 0.00 0.00 0.00 0
130746 0.00 0.00 0.00 0
130747 0.00 0.00 0.00 0
130748 0.00 0.00 0.00 0
130749 0.00 0.00 0.00 0
136908 0.00 0.00 0.00 0
136909 0.00 0.00 0.00 0
136910 0.00 0.00 0.00 0
136911 0.00 0.00 0.00 0
136912 0.00 0.00 0.00 0
136913 0.00 0.00 0.00 0
136914 0.00 0.00 0.00 0
136915 0.00 0.00 0.00 0
136917 0.00 0.00 0.00 0
136918 0.00 0.00 0.00 0
136919 0.00 0.00 0.00 0
136920 0.00 0.00 0.00 0
136921 0.00 0.00 0.00 0
136922 0.00 0.00 0.00 0
136923 0.00 0.00 0.00 0
136924 0.00 0.00 0.00 0
136925 0.00 0.00 0.00 0
136926 0.00 0.00 0.00 0
136927 0.00 0.00 0.00 0
136928 0.00 0.00 0.00 0
136929 0.00 0.00 0.00 0
136930 0.00 0.00 0.00 0
136931 0.00 0.00 0.00 0
136932 0.00 0.00 0.00 0
136933 0.00 0.00 0.00 0
136953 0.00 0.00 0.00 0
136954 0.00 0.00 0.00 0
136955 0.00 0.00 0.00 0
136957 0.00 0.00 0.00 0
136958 0.00 0.00 0.00 0
136959 0.00 0.00 0.00 0
136960 0.00 0.00 0.00 0
136961 0.00 0.00 0.00 0
136965 0.00 0.00 0.00 0
136966 0.00 0.00 0.00 0
136967 0.00 0.00 0.00 0
136968 0.00 0.00 0.00 0
136969 0.00 0.00 0.00 0
136970 0.00 0.00 0.00 0
136971 0.00 0.00 0.00 0
136972 0.00 0.00 0.00 0
136978 0.00 0.00 0.00 0
136979 0.00 0.00 0.00 0
136980 0.00 0.00 0.00 0
136981 0.00 0.00 0.00 0
137098 0.00 0.00 0.00 0
137099 0.00 0.00 0.00 0
137100 0.00 0.00 0.00 0
137101 0.00 0.00 0.00 0
137102 0.00 0.00 0.00 0
137103 0.00 0.00 0.00 0
137104 0.00 0.00 0.00 0
137105 0.00 0.00 0.00 0
137106 0.00 0.00 0.00 0
137107 0.00 0.00 0.00 0
137108 0.00 0.00 0.00 0
137109 0.00 0.00 0.00 0
137110 0.00 0.00 0.00 0
137111 0.00 0.00 0.00 0
137112 0.00 0.00 0.00 0
137113 0.00 0.00 0.00 0
137114 0.00 0.00 0.00 0
137115 0.00 0.00 0.00 0
137116 0.00 0.00 0.00 0
137117 0.00 0.00 0.00 0
137118 0.00 0.00 0.00 0
137119 0.00 0.00 0.00 0
137120 0.00 0.00 0.00 0
137121 0.00 0.00 0.00 0
137122 0.00 0.00 0.00 0
137123 0.00 0.00 0.00 0
137124 0.00 0.00 0.00 0
137125 0.00 0.00 0.00 0
137126 0.00 0.00 0.00 0
137127 0.00 0.00 0.00 0
137128 0.00 0.00 0.00 0
137129 0.00 0.00 0.00 0
137130 0.00 0.00 0.00 0
137131 0.00 0.00 0.00 0
137132 0.00 0.00 0.00 0
137133 0.00 0.00 0.00 0
137134 0.00 0.00 0.00 0
137191 0.00 0.00 0.00 0
137192 0.00 0.00 0.00 0
137193 0.00 0.00 0.00 0
137194 0.00 0.00 0.00 0
137195 0.00 0.00 0.00 0
137196 0.00 0.00 0.00 0
137197 0.00 0.00 0.00 0
143641 0.00 0.00 0.00 0
143642 0.00 0.00 0.00 0
143643 0.00 0.00 0.00 0
143644 0.00 0.00 0.00 0
143645 0.00 0.00 0.00 0
143646 0.00 0.00 0.00 0
143647 0.00 0.00 0.00 0
143648 0.00 0.00 0.00 0
143649 0.00 0.00 0.00 0
143650 0.00 0.00 0.00 0
143651 0.00 0.00 0.00 0
143652 0.00 0.00 0.00 0
143653 0.00 0.00 0.00 0
143654 0.00 0.00 0.00 0
143655 0.00 0.00 0.00 0
143656 0.00 0.00 0.00 0
143657 0.00 0.00 0.00 0
143658 0.00 0.00 0.00 0
143659 0.00 0.00 0.00 0
143660 0.00 0.00 0.00 0
143661 0.00 0.00 0.00 0
143662 0.00 0.00 0.00 0
143663 0.00 0.00 0.00 0
143664 0.00 0.00 0.00 0
143665 0.00 0.00 0.00 0
143666 0.00 0.00 0.00 0
143667 0.00 0.00 0.00 0
143668 0.00 0.00 0.00 0
143669 0.00 0.00 0.00 0
143670 0.00 0.00 0.00 0
143671 0.00 0.00 0.00 0
143672 0.00 0.00 0.00 0
143673 0.00 0.00 0.00 0
143677 0.00 0.00 0.00 0
143683 0.00 0.00 0.00 0
143684 0.00 0.00 0.00 0
143685 0.00 0.00 0.00 0
143686 0.00 0.00 0.00 0
143687 0.00 0.00 0.00 0
143695 0.00 0.00 0.00 0
143728 0.00 0.00 0.00 0
143729 0.00 0.00 0.00 0
143755 0.00 0.00 0.00 0
143756 0.00 0.00 0.00 0
143757 0.00 0.00 0.00 0
143758 0.00 0.00 0.00 0
143759 0.00 0.00 0.00 0
143760 0.00 0.00 0.00 0
143761 0.00 0.00 0.00 0
143762 0.00 0.00 0.00 0
143763 0.00 0.00 0.00 0
143764 0.00 0.00 0.00 0
143765 0.00 0.00 0.00 0
143766 0.00 0.00 0.00 0
143767 0.00 0.00 0.00 0
143768 0.00 0.00 0.00 0
143769 0.00 0.00 0.00 0
143770 0.00 0.00 0.00 0
143771 0.00 0.00 0.00 0
143772 0.00 0.00 0.00 0
143773 0.00 0.00 0.00 0
143774 0.00 0.00 0.00 0
143775 0.00 0.00 0.00 0
143776 0.00 0.00 0.00 0
143777 0.00 0.00 0.00 0
143778 0.00 0.00 0.00 0
143779 0.00 0.00 0.00 0
143780 0.00 0.00 0.00 0
143781 0.00 0.00 0.00 0
143782 0.00 0.00 0.00 0
143783 0.00 0.00 0.00 0
143784 0.00 0.00 0.00 0
143785 0.00 0.00 0.00 0
143786 0.00 0.00 0.00 0
143787 0.00 0.00 0.00 0
143788 0.00 0.00 0.00 0
143789 0.00 0.00 0.00 0
143790 0.00 0.00 0.00 0
143791 0.00 0.00 0.00 0
143792 0.00 0.00 0.00 0
143793 0.00 0.00 0.00 0
143794 0.00 0.00 0.00 0
143795 0.00 0.00 0.00 0
143796 0.00 0.00 0.00 0
143797 0.00 0.00 0.00 0
143798 0.00 0.00 0.00 0
143799 0.00 0.00 0.00 0
143800 0.00 0.00 0.00 0
143801 0.00 0.00 0.00 0
143802 0.00 0.00 0.00 0
143803 0.00 0.00 0.00 0
143804 0.00 0.00 0.00 0
143805 0.00 0.00 0.00 0
143806 0.00 0.00 0.00 0
143807 0.00 0.00 0.00 0
143808 0.00 0.00 0.00 0
143809 0.00 0.00 0.00 0
143810 0.00 0.00 0.00 0
143811 0.00 0.00 0.00 0
143812 0.00 0.00 0.00 0
143813 0.00 0.00 0.00 0
143814 0.00 0.00 0.00 0
143815 0.00 0.00 0.00 0
143816 0.00 0.00 0.00 0
143817 0.00 0.00 0.00 0
143818 0.00 0.00 0.00 0
143819 0.00 0.00 0.00 0
143820 0.00 0.00 0.00 0
143821 0.00 0.00 0.00 0
143822 0.00 0.00 0.00 0
143823 0.00 0.00 0.00 0
143824 0.00 0.00 0.00 0
143825 0.00 0.00 0.00 0
143826 0.00 0.00 0.00 0
143827 0.00 0.00 0.00 0
143828 0.00 0.00 0.00 0
143829 0.00 0.00 0.00 0
143830 0.00 0.00 0.00 0
143831 0.00 0.00 0.00 0
143832 0.00 0.00 0.00 0
143833 0.00 0.00 0.00 0
143834 0.00 0.00 0.00 0
143835 0.00 0.00 0.00 0
143836 0.00 0.00 0.00 0
143837 0.00 0.00 0.00 0
143838 0.00 0.00 0.00 0
143839 0.00 0.00 0.00 0
143840 0.00 0.00 0.00 0
143841 0.00 0.00 0.00 0
143842 0.00 0.00 0.00 0
143843 0.00 0.00 0.00 0
143844 0.00 0.00 0.00 0
143845 0.00 0.00 0.00 0
143846 0.00 0.00 0.00 0
143847 0.00 0.00 0.00 0
143848 0.00 0.00 0.00 0
143849 0.00 0.00 0.00 0
143850 0.00 0.00 0.00 0
143851 0.00 0.00 0.00 0
143852 0.00 0.00 0.00 0
143853 0.00 0.00 0.00 0
143854 0.00 0.00 0.00 0
143855 0.00 0.00 0.00 0
143856 0.00 0.00 0.00 0
143857 0.00 0.00 0.00 0
143858 0.00 0.00 0.00 0
143859 0.00 0.00 0.00 0
143860 0.00 0.00 0.00 0
143861 0.00 0.00 0.00 0
143862 0.00 0.00 0.00 0
143863 0.00 0.00 0.00 0
143864 0.00 0.00 0.00 0
143865 0.00 0.00 0.00 0
161418 0.00 0.00 0.00 0
161419 0.00 0.00 0.00 0
161420 0.00 0.00 0.00 0
161421 0.00 0.00 0.00 0
161427 0.00 0.00 0.00 0
161428 0.00 0.00 0.00 0
161429 0.00 0.00 0.00 0
161430 0.00 0.00 0.00 0
161431 0.00 0.00 0.00 0
161432 0.00 0.00 0.00 0
161433 0.00 0.00 0.00 0
161434 0.00 0.00 0.00 0
161435 0.00 0.00 0.00 0
161436 0.00 0.00 0.00 0
161437 0.00 0.00 0.00 0
161438 0.00 0.00 0.00 0
161439 0.00 0.00 0.00 0
161441 0.00 0.00 0.00 0
161442 0.00 0.00 0.00 0
161443 0.00 0.00 0.00 0
161444 0.00 0.00 0.00 0
161445 0.00 0.00 0.00 0
161446 0.00 0.00 0.00 0
161447 0.00 0.00 0.00 0
161448 0.00 0.00 0.00 0
161449 0.00 0.00 0.00 0
161450 0.00 0.00 0.00 0
161451 0.00 0.00 0.00 0
161452 0.00 0.00 0.00 0
161453 0.00 0.00 0.00 0
161454 0.00 0.00 0.00 0
161455 0.00 0.00 0.00 0
161456 0.00 0.00 0.00 0
161457 0.00 0.00 0.00 0
161458 0.00 0.00 0.00 0
161459 0.00 0.00 0.00 0
161460 0.00 0.00 0.00 0
161461 0.00 0.00 0.00 0
161462 0.00 0.00 0.00 0
161463 0.00 0.00 0.00 0
161464 0.00 0.00 0.00 0
161465 0.00 0.00 0.00 0
161466 0.00 0.00 0.00 0
161467 0.00 0.00 0.00 0
161468 0.00 0.00 0.00 0
161469 0.00 0.00 0.00 0
161470 0.00 0.00 0.00 0
161471 0.00 0.00 0.00 0
161472 0.00 0.00 0.00 0
161473 0.00 0.00 0.00 0
161474 0.00 0.00 0.00 0
161475 0.00 0.00 0.00 0
161476 0.00 0.00 0.00 0
161477 0.00 0.00 0.00 0
161478 0.00 0.00 0.00 0
161479 0.00 0.00 0.00 0
161480 0.00 0.00 0.00 0
161481 0.00 0.00 0.00 0
161482 0.00 0.00 0.00 0
161483 0.00 0.00 0.00 0
161484 0.00 0.00 0.00 0
161485 0.00 0.00 0.00 0
161486 0.00 0.00 0.00 0
161487 0.00 0.00 0.00 0
161488 0.00 0.00 0.00 0
161489 0.00 0.00 0.00 0
161490 0.00 0.00 0.00 0
161491 0.00 0.00 0.00 0
161492 0.00 0.00 0.00 0
161493 0.00 0.00 0.00 0
161501 0.00 0.00 0.00 0
161502 0.00 0.00 0.00 0
161505 0.00 0.00 0.00 0
161506 0.00 0.00 0.00 0
161507 0.00 0.00 0.00 0
161508 0.00 0.00 0.00 0
161509 0.00 0.00 0.00 0
161510 0.00 0.00 0.00 0
161512 0.00 0.00 0.00 0
161513 0.00 0.00 0.00 0
161514 0.00 0.00 0.00 0
161515 0.00 0.00 0.00 0
161516 0.00 0.00 0.00 0
161517 0.00 0.00 0.00 0
161518 0.00 0.00 0.00 0
161519 0.00 0.00 0.00 0
161520 0.00 0.00 0.00 0
161524 0.00 0.00 0.00 0
161525 0.00 0.00 0.00 0
161529 0.00 0.00 0.00 0
161530 0.00 0.00 0.00 0
161531 0.00 0.00 0.00 0
161532 0.00 0.00 0.00 0
161533 0.00 0.00 0.00 0
161534 0.00 0.00 0.00 0
161535 0.00 0.00 0.00 0
161536 0.00 0.00 0.00 0
161537 0.00 0.00 0.00 0
161538 0.00 0.00 0.00 0
161539 0.00 0.00 0.00 0
161540 0.00 0.00 0.00 0
161541 0.00 0.00 0.00 0
161542 0.00 0.00 0.00 0
161543 0.00 0.00 0.00 0
161544 0.00 0.00 0.00 0
161545 0.00 0.00 0.00 0
161546 0.00 0.00 0.00 0
161547 0.00 0.00 0.00 0
161548 0.00 0.00 0.00 0
161549 0.00 0.00 0.00 0
161550 0.00 0.00 0.00 0
161551 0.00 0.00 0.00 0
161552 0.00 0.00 0.00 0
161553 0.00 0.00 0.00 0
161554 0.00 0.00 0.00 0
161555 0.00 0.00 0.00 0
161556 0.00 0.00 0.00 0
161557 0.00 0.00 0.00 0
161558 0.00 0.00 0.00 0
161559 0.00 0.00 0.00 0
161560 0.00 0.00 0.00 0
161561 0.00 0.00 0.00 0
161562 0.00 0.00 0.00 0
161563 0.00 0.00 0.00 0
161564 0.00 0.00 0.00 0
161565 0.00 0.00 0.00 0
161566 0.00 0.00 0.00 0
161567 0.00 0.00 0.00 0
161568 0.00 0.00 0.00 0
161570 0.00 0.00 0.00 0
161571 0.00 0.00 0.00 0
161572 0.00 0.00 0.00 0
161885 0.00 0.00 0.00 0
161887 0.00 0.00 0.00 0
161935 0.00 0.00 0.00 0
161936 0.00 0.00 0.00 0
161937 0.00 0.00 0.00 0
161938 0.00 0.00 0.00 0
161939 0.00 0.00 0.00 0
161940 0.00 0.00 0.00 0
161952 0.00 0.00 0.00 0
161953 0.00 0.00 0.00 0
161954 0.00 0.00 0.00 0
161955 0.00 0.00 0.00 0
161956 0.00 0.00 0.00 0
161957 0.00 0.00 0.00 0
161958 0.00 0.00 0.00 0
161959 0.00 0.00 0.00 0
161960 0.00 0.00 0.00 0
161961 0.00 0.00 0.00 0
161962 0.00 0.00 0.00 0
161963 0.00 0.00 0.00 0
161964 0.00 0.00 0.00 0
161965 0.00 0.00 0.00 0
161966 0.00 0.00 0.00 0
161967 0.00 0.00 0.00 0
161968 0.00 0.00 0.00 0
161969 0.00 0.00 0.00 0
161970 0.00 0.00 0.00 0
161971 0.00 0.00 0.00 0
161972 0.00 0.00 0.00 0
161973 0.00 0.00 0.00 0
161974 0.00 0.00 0.00 0
161975 0.00 0.00 0.00 0
161976 0.00 0.00 0.00 0
161977 0.00 0.00 0.00 0
161985 0.00 0.00 0.00 0
161986 0.00 0.00 0.00 0
161987 0.00 0.00 0.00 0
161988 0.00 0.00 0.00 0
161989 0.00 0.00 0.00 0
161990 0.00 0.00 0.00 0
161991 0.00 0.00 0.00 0
161992 0.00 0.00 0.00 0
161993 0.00 0.00 0.00 0
161994 0.00 0.00 0.00 0
161995 0.00 0.00 0.00 0
161996 0.00 0.00 0.00 0
161997 0.00 0.00 0.00 0
161998 0.00 0.00 0.00 0
161999 0.00 0.00 0.00 0
162000 0.00 0.00 0.00 0
162001 0.00 0.00 0.00 0
162002 0.00 0.00 0.00 0
162003 0.00 0.00 0.00 0
162004 0.00 0.00 0.00 0
162005 0.00 0.00 0.00 0
162006 0.00 0.00 0.00 0
162007 0.00 0.00 0.00 0
162008 0.00 0.00 0.00 0
162009 0.00 0.00 0.00 0
162010 0.00 0.00 0.00 0
162011 0.00 0.00 0.00 0
162012 0.00 0.00 0.00 0
162013 0.00 0.00 0.00 0
162014 0.00 0.00 0.00 0
162015 0.00 0.00 0.00 0
162016 0.00 0.00 0.00 0
162017 0.00 0.00 0.00 0
162018 0.00 0.00 0.00 0
162019 0.00 0.00 0.00 0
162020 0.00 0.00 0.00 0
162021 0.00 0.00 0.00 0
162022 0.00 0.00 0.00 0
162023 0.00 0.00 0.00 0
162024 0.00 0.00 0.00 0
162025 0.00 0.00 0.00 0
162026 0.00 0.00 0.00 0
162027 0.00 0.00 0.00 0
162028 0.00 0.00 0.00 0
162029 0.00 0.00 0.00 0
162030 0.00 0.00 0.00 0
162031 0.00 0.00 0.00 0
162032 0.00 0.00 0.00 0
162033 0.00 0.00 0.00 0
162034 0.00 0.00 0.00 0
162035 0.00 0.00 0.00 0
162036 0.00 0.00 0.00 0
162037 0.00 0.00 0.00 0
162038 0.00 0.00 0.00 0
162039 0.00 0.00 0.00 0
162040 0.00 0.00 0.00 0
162041 0.00 0.00 0.00 0
162042 0.00 0.00 0.00 0
162043 0.00 0.00 0.00 0
162044 0.00 0.00 0.00 0
162045 0.00 0.00 0.00 0
162046 0.00 0.00 0.00 0
162047 0.00 0.00 0.00 0
162048 0.00 0.00 0.00 0
162049 0.00 0.00 0.00 0
162050 0.00 0.00 0.00 0
162051 0.00 0.00 0.00 0
162052 0.00 0.00 0.00 0
162053 0.00 0.00 0.00 0
162054 0.00 0.00 0.00 0
162055 0.00 0.00 0.00 0
162056 0.00 0.00 0.00 0
162057 0.00 0.00 0.00 0
162058 0.00 0.00 0.00 0
162223 0.00 0.00 0.00 0
162224 0.00 0.00 0.00 0
162225 0.00 0.00 0.00 0
162226 0.00 0.00 0.00 0
162227 0.00 0.00 0.00 0
162228 0.00 0.00 0.00 0
162229 0.00 0.00 0.00 0
162232 0.00 0.00 0.00 0
162233 0.00 0.00 0.00 0
162234 0.00 0.00 0.00 0
162235 0.00 0.00 0.00 0
162236 0.00 0.00 0.00 0
162237 0.00 0.00 0.00 0
162238 0.00 0.00 0.00 0
162250 0.00 0.00 0.00 0
162251 0.00 0.00 0.00 0
162252 0.00 0.00 0.00 0
162255 0.00 0.00 0.00 0
