# G_temp_sup-Plan_polar
889
600 0.00 0.00 0.00 0
601 0.00 0.00 0.00 0
957 0.00 0.00 0.00 0
958 0.00 0.00 0.00 0
959 0.00 0.00 0.00 0
1339 0.00 0.00 0.00 0
1737 0.00 0.00 0.00 0
1738 0.00 0.00 0.00 0
1965 0.00 0.00 0.00 0
2439 0.00 0.00 0.00 0
2440 0.00 0.00 0.00 0
2441 0.00 0.00 0.00 0
2538 0.00 0.00 0.00 0
2539 0.00 0.00 0.00 0
2540 0.00 0.00 0.00 0
2541 0.00 0.00 0.00 0
3855 0.00 0.00 0.00 0
3856 0.00 0.00 0.00 0
4314 0.00 0.00 0.00 0
5452 0.00 0.00 0.00 0
5453 0.00 0.00 0.00 0
5454 0.00 0.00 0.00 0
5455 0.00 0.00 0.00 0
5456 0.00 0.00 0.00 0
5457 0.00 0.00 0.00 0
5458 0.00 0.00 0.00 0
5459 0.00 0.00 0.00 0
5460 0.00 0.00 0.00 0
5461 0.00 0.00 0.00 0
5462 0.00 0.00 0.00 0
5701 0.00 0.00 0.00 0
5708 0.00 0.00 0.00 0
6332 0.00 0.00 0.00 0
6333 0.00 0.00 0.00 0
6334 0.00 0.00 0.00 0
7015 0.00 0.00 0.00 0
7017 0.00 0.00 0.00 0
7895 0.00 0.00 0.00 0
7896 0.00 0.00 0.00 0
8488 0.00 0.00 0.00 0
8490 0.00 0.00 0.00 0
9873 0.00 0.00 0.00 0
9874 0.00 0.00 0.00 0
9875 0.00 0.00 0.00 0
9876 0.00 0.00 0.00 0
9877 0.00 0.00 0.00 0
9878 0.00 0.00 0.00 0
9879 0.00 0.00 0.00 0
9880 0.00 0.00 0.00 0
9885 0.00 0.00 0.00 0
10174 0.00 0.00 0.00 0
10175 0.00 0.00 0.00 0
10177 0.00 0.00 0.00 0
10178 0.00 0.00 0.00 0
10179 0.00 0.00 0.00 0
10180 0.00 0.00 0.00 0
13132 0.00 0.00 0.00 0
13133 0.00 0.00 0.00 0
13134 0.00 0.00 0.00 0
13135 0.00 0.00 0.00 0
13136 0.00 0.00 0.00 0
13137 0.00 0.00 0.00 0
13138 0.00 0.00 0.00 0
13139 0.00 0.00 0.00 0
13140 0.00 0.00 0.00 0
13141 0.00 0.00 0.00 0
13142 0.00 0.00 0.00 0
13381 0.00 0.00 0.00 0
14392 0.00 0.00 0.00 0
14393 0.00 0.00 0.00 0
14394 0.00 0.00 0.00 0
14397 0.00 0.00 0.00 0
14398 0.00 0.00 0.00 0
14399 0.00 0.00 0.00 0
17325 0.00 0.00 0.00 0
17326 0.00 0.00 0.00 0
17327 0.00 0.00 0.00 0
17329 0.00 0.00 0.00 0
17331 0.00 0.00 0.00 0
18700 0.00 0.00 0.00 0
18701 0.00 0.00 0.00 0
18702 0.00 0.00 0.00 0
18703 0.00 0.00 0.00 0
18704 0.00 0.00 0.00 0
18705 0.00 0.00 0.00 0
18706 0.00 0.00 0.00 0
18707 0.00 0.00 0.00 0
22118 0.00 0.00 0.00 0
22119 0.00 0.00 0.00 0
22120 0.00 0.00 0.00 0
22121 0.00 0.00 0.00 0
22122 0.00 0.00 0.00 0
22123 0.00 0.00 0.00 0
22124 0.00 0.00 0.00 0
22125 0.00 0.00 0.00 0
22126 0.00 0.00 0.00 0
22127 0.00 0.00 0.00 0
22128 0.00 0.00 0.00 0
22129 0.00 0.00 0.00 0
22130 0.00 0.00 0.00 0
22131 0.00 0.00 0.00 0
22132 0.00 0.00 0.00 0
22133 0.00 0.00 0.00 0
22134 0.00 0.00 0.00 0
22135 0.00 0.00 0.00 0
22136 0.00 0.00 0.00 0
22137 0.00 0.00 0.00 0
22138 0.00 0.00 0.00 0
22143 0.00 0.00 0.00 0
22861 0.00 0.00 0.00 0
22873 0.00 0.00 0.00 0
22874 0.00 0.00 0.00 0
22875 0.00 0.00 0.00 0
22876 0.00 0.00 0.00 0
22877 0.00 0.00 0.00 0
22878 0.00 0.00 0.00 0
22879 0.00 0.00 0.00 0
22880 0.00 0.00 0.00 0
22881 0.00 0.00 0.00 0
22882 0.00 0.00 0.00 0
22883 0.00 0.00 0.00 0
22884 0.00 0.00 0.00 0
22885 0.00 0.00 0.00 0
22886 0.00 0.00 0.00 0
23611 0.00 0.00 0.00 0
23612 0.00 0.00 0.00 0
25371 0.00 0.00 0.00 0
25372 0.00 0.00 0.00 0
25373 0.00 0.00 0.00 0
25374 0.00 0.00 0.00 0
26198 0.00 0.00 0.00 0
26199 0.00 0.00 0.00 0
26200 0.00 0.00 0.00 0
28247 0.00 0.00 0.00 0
28248 0.00 0.00 0.00 0
28249 0.00 0.00 0.00 0
28250 0.00 0.00 0.00 0
28251 0.00 0.00 0.00 0
28252 0.00 0.00 0.00 0
28253 0.00 0.00 0.00 0
28254 0.00 0.00 0.00 0
28255 0.00 0.00 0.00 0
28256 0.00 0.00 0.00 0
28257 0.00 0.00 0.00 0
28258 0.00 0.00 0.00 0
28259 0.00 0.00 0.00 0
28260 0.00 0.00 0.00 0
28261 0.00 0.00 0.00 0
28262 0.00 0.00 0.00 0
28263 0.00 0.00 0.00 0
28264 0.00 0.00 0.00 0
28693 0.00 0.00 0.00 0
28698 0.00 0.00 0.00 0
28703 0.00 0.00 0.00 0
28704 0.00 0.00 0.00 0
28705 0.00 0.00 0.00 0
28706 0.00 0.00 0.00 0
28707 0.00 0.00 0.00 0
28708 0.00 0.00 0.00 0
30134 0.00 0.00 0.00 0
30137 0.00 0.00 0.00 0
30138 0.00 0.00 0.00 0
30140 0.00 0.00 0.00 0
30141 0.00 0.00 0.00 0
31728 0.00 0.00 0.00 0
31729 0.00 0.00 0.00 0
34044 0.00 0.00 0.00 0
34045 0.00 0.00 0.00 0
34046 0.00 0.00 0.00 0
34047 0.00 0.00 0.00 0
34048 0.00 0.00 0.00 0
34049 0.00 0.00 0.00 0
34050 0.00 0.00 0.00 0
35737 0.00 0.00 0.00 0
35738 0.00 0.00 0.00 0
35739 0.00 0.00 0.00 0
35740 0.00 0.00 0.00 0
35742 0.00 0.00 0.00 0
35743 0.00 0.00 0.00 0
35744 0.00 0.00 0.00 0
35745 0.00 0.00 0.00 0
35746 0.00 0.00 0.00 0
35747 0.00 0.00 0.00 0
39857 0.00 0.00 0.00 0
39858 0.00 0.00 0.00 0
39859 0.00 0.00 0.00 0
39860 0.00 0.00 0.00 0
39861 0.00 0.00 0.00 0
39862 0.00 0.00 0.00 0
39863 0.00 0.00 0.00 0
39864 0.00 0.00 0.00 0
39865 0.00 0.00 0.00 0
39866 0.00 0.00 0.00 0
39867 0.00 0.00 0.00 0
39868 0.00 0.00 0.00 0
39869 0.00 0.00 0.00 0
39870 0.00 0.00 0.00 0
39871 0.00 0.00 0.00 0
39872 0.00 0.00 0.00 0
39873 0.00 0.00 0.00 0
39874 0.00 0.00 0.00 0
39875 0.00 0.00 0.00 0
39876 0.00 0.00 0.00 0
39877 0.00 0.00 0.00 0
39892 0.00 0.00 0.00 0
39893 0.00 0.00 0.00 0
40757 0.00 0.00 0.00 0
40758 0.00 0.00 0.00 0
40760 0.00 0.00 0.00 0
40761 0.00 0.00 0.00 0
40762 0.00 0.00 0.00 0
40765 0.00 0.00 0.00 0
40766 0.00 0.00 0.00 0
40767 0.00 0.00 0.00 0
40768 0.00 0.00 0.00 0
40769 0.00 0.00 0.00 0
40770 0.00 0.00 0.00 0
40771 0.00 0.00 0.00 0
40772 0.00 0.00 0.00 0
40775 0.00 0.00 0.00 0
40776 0.00 0.00 0.00 0
40777 0.00 0.00 0.00 0
40778 0.00 0.00 0.00 0
40779 0.00 0.00 0.00 0
43848 0.00 0.00 0.00 0
43850 0.00 0.00 0.00 0
43851 0.00 0.00 0.00 0
43852 0.00 0.00 0.00 0
43854 0.00 0.00 0.00 0
43856 0.00 0.00 0.00 0
43857 0.00 0.00 0.00 0
43858 0.00 0.00 0.00 0
43859 0.00 0.00 0.00 0
43860 0.00 0.00 0.00 0
43861 0.00 0.00 0.00 0
43862 0.00 0.00 0.00 0
45110 0.00 0.00 0.00 0
45112 0.00 0.00 0.00 0
45113 0.00 0.00 0.00 0
45114 0.00 0.00 0.00 0
45115 0.00 0.00 0.00 0
45116 0.00 0.00 0.00 0
45117 0.00 0.00 0.00 0
45118 0.00 0.00 0.00 0
45119 0.00 0.00 0.00 0
48045 0.00 0.00 0.00 0
48046 0.00 0.00 0.00 0
48047 0.00 0.00 0.00 0
49420 0.00 0.00 0.00 0
49421 0.00 0.00 0.00 0
49422 0.00 0.00 0.00 0
49423 0.00 0.00 0.00 0
49424 0.00 0.00 0.00 0
49425 0.00 0.00 0.00 0
49426 0.00 0.00 0.00 0
49427 0.00 0.00 0.00 0
52838 0.00 0.00 0.00 0
52839 0.00 0.00 0.00 0
52840 0.00 0.00 0.00 0
52841 0.00 0.00 0.00 0
52842 0.00 0.00 0.00 0
52843 0.00 0.00 0.00 0
52844 0.00 0.00 0.00 0
52845 0.00 0.00 0.00 0
52846 0.00 0.00 0.00 0
52847 0.00 0.00 0.00 0
52848 0.00 0.00 0.00 0
52849 0.00 0.00 0.00 0
52850 0.00 0.00 0.00 0
52851 0.00 0.00 0.00 0
52852 0.00 0.00 0.00 0
52853 0.00 0.00 0.00 0
52854 0.00 0.00 0.00 0
52855 0.00 0.00 0.00 0
52856 0.00 0.00 0.00 0
52857 0.00 0.00 0.00 0
52858 0.00 0.00 0.00 0
52859 0.00 0.00 0.00 0
52860 0.00 0.00 0.00 0
52861 0.00 0.00 0.00 0
52862 0.00 0.00 0.00 0
52863 0.00 0.00 0.00 0
52864 0.00 0.00 0.00 0
53581 0.00 0.00 0.00 0
53585 0.00 0.00 0.00 0
53587 0.00 0.00 0.00 0
53589 0.00 0.00 0.00 0
53593 0.00 0.00 0.00 0
53594 0.00 0.00 0.00 0
53595 0.00 0.00 0.00 0
53596 0.00 0.00 0.00 0
53597 0.00 0.00 0.00 0
53598 0.00 0.00 0.00 0
53599 0.00 0.00 0.00 0
53600 0.00 0.00 0.00 0
53601 0.00 0.00 0.00 0
53602 0.00 0.00 0.00 0
53603 0.00 0.00 0.00 0
53604 0.00 0.00 0.00 0
53605 0.00 0.00 0.00 0
53606 0.00 0.00 0.00 0
54712 0.00 0.00 0.00 0
54713 0.00 0.00 0.00 0
54714 0.00 0.00 0.00 0
57645 0.00 0.00 0.00 0
57646 0.00 0.00 0.00 0
57647 0.00 0.00 0.00 0
57649 0.00 0.00 0.00 0
59022 0.00 0.00 0.00 0
59023 0.00 0.00 0.00 0
59024 0.00 0.00 0.00 0
62437 0.00 0.00 0.00 0
62438 0.00 0.00 0.00 0
62439 0.00 0.00 0.00 0
62440 0.00 0.00 0.00 0
62441 0.00 0.00 0.00 0
62442 0.00 0.00 0.00 0
62443 0.00 0.00 0.00 0
62444 0.00 0.00 0.00 0
62445 0.00 0.00 0.00 0
62446 0.00 0.00 0.00 0
62447 0.00 0.00 0.00 0
62448 0.00 0.00 0.00 0
62449 0.00 0.00 0.00 0
62450 0.00 0.00 0.00 0
62451 0.00 0.00 0.00 0
62452 0.00 0.00 0.00 0
62453 0.00 0.00 0.00 0
62454 0.00 0.00 0.00 0
62455 0.00 0.00 0.00 0
62456 0.00 0.00 0.00 0
62457 0.00 0.00 0.00 0
62458 0.00 0.00 0.00 0
62459 0.00 0.00 0.00 0
62460 0.00 0.00 0.00 0
62461 0.00 0.00 0.00 0
62462 0.00 0.00 0.00 0
62463 0.00 0.00 0.00 0
62464 0.00 0.00 0.00 0
62465 0.00 0.00 0.00 0
62466 0.00 0.00 0.00 0
62467 0.00 0.00 0.00 0
63181 0.00 0.00 0.00 0
63196 0.00 0.00 0.00 0
63197 0.00 0.00 0.00 0
63198 0.00 0.00 0.00 0
63199 0.00 0.00 0.00 0
63201 0.00 0.00 0.00 0
63203 0.00 0.00 0.00 0
63204 0.00 0.00 0.00 0
63205 0.00 0.00 0.00 0
66219 0.00 0.00 0.00 0
66220 0.00 0.00 0.00 0
66221 0.00 0.00 0.00 0
66225 0.00 0.00 0.00 0
66226 0.00 0.00 0.00 0
66231 0.00 0.00 0.00 0
66232 0.00 0.00 0.00 0
66233 0.00 0.00 0.00 0
66234 0.00 0.00 0.00 0
69635 0.00 0.00 0.00 0
69636 0.00 0.00 0.00 0
69637 0.00 0.00 0.00 0
75018 0.00 0.00 0.00 0
75020 0.00 0.00 0.00 0
75021 0.00 0.00 0.00 0
75022 0.00 0.00 0.00 0
75023 0.00 0.00 0.00 0
75024 0.00 0.00 0.00 0
75025 0.00 0.00 0.00 0
75026 0.00 0.00 0.00 0
75027 0.00 0.00 0.00 0
75028 0.00 0.00 0.00 0
75029 0.00 0.00 0.00 0
75030 0.00 0.00 0.00 0
75031 0.00 0.00 0.00 0
75032 0.00 0.00 0.00 0
75034 0.00 0.00 0.00 0
79143 0.00 0.00 0.00 0
79144 0.00 0.00 0.00 0
79145 0.00 0.00 0.00 0
79146 0.00 0.00 0.00 0
79147 0.00 0.00 0.00 0
79148 0.00 0.00 0.00 0
79149 0.00 0.00 0.00 0
79150 0.00 0.00 0.00 0
79151 0.00 0.00 0.00 0
79155 0.00 0.00 0.00 0
79156 0.00 0.00 0.00 0
79157 0.00 0.00 0.00 0
79158 0.00 0.00 0.00 0
79159 0.00 0.00 0.00 0
79160 0.00 0.00 0.00 0
79161 0.00 0.00 0.00 0
79162 0.00 0.00 0.00 0
79164 0.00 0.00 0.00 0
79169 0.00 0.00 0.00 0
79170 0.00 0.00 0.00 0
79171 0.00 0.00 0.00 0
89396 0.00 0.00 0.00 0
89397 0.00 0.00 0.00 0
89398 0.00 0.00 0.00 0
89399 0.00 0.00 0.00 0
89400 0.00 0.00 0.00 0
89401 0.00 0.00 0.00 0
89402 0.00 0.00 0.00 0
89403 0.00 0.00 0.00 0
89404 0.00 0.00 0.00 0
89405 0.00 0.00 0.00 0
89406 0.00 0.00 0.00 0
89407 0.00 0.00 0.00 0
89408 0.00 0.00 0.00 0
89409 0.00 0.00 0.00 0
89410 0.00 0.00 0.00 0
89411 0.00 0.00 0.00 0
89412 0.00 0.00 0.00 0
89413 0.00 0.00 0.00 0
89414 0.00 0.00 0.00 0
89415 0.00 0.00 0.00 0
89417 0.00 0.00 0.00 0
89418 0.00 0.00 0.00 0
89419 0.00 0.00 0.00 0
89420 0.00 0.00 0.00 0
89421 0.00 0.00 0.00 0
89422 0.00 0.00 0.00 0
89423 0.00 0.00 0.00 0
89424 0.00 0.00 0.00 0
89425 0.00 0.00 0.00 0
89426 0.00 0.00 0.00 0
89427 0.00 0.00 0.00 0
89428 0.00 0.00 0.00 0
89429 0.00 0.00 0.00 0
89430 0.00 0.00 0.00 0
89431 0.00 0.00 0.00 0
89432 0.00 0.00 0.00 0
89433 0.00 0.00 0.00 0
89434 0.00 0.00 0.00 0
89435 0.00 0.00 0.00 0
89436 0.00 0.00 0.00 0
89437 0.00 0.00 0.00 0
89438 0.00 0.00 0.00 0
89439 0.00 0.00 0.00 0
89440 0.00 0.00 0.00 0
89441 0.00 0.00 0.00 0
89442 0.00 0.00 0.00 0
89443 0.00 0.00 0.00 0
89444 0.00 0.00 0.00 0
89445 0.00 0.00 0.00 0
89446 0.00 0.00 0.00 0
89447 0.00 0.00 0.00 0
89448 0.00 0.00 0.00 0
89449 0.00 0.00 0.00 0
89450 0.00 0.00 0.00 0
89451 0.00 0.00 0.00 0
89452 0.00 0.00 0.00 0
89453 0.00 0.00 0.00 0
89468 0.00 0.00 0.00 0
89488 0.00 0.00 0.00 0
89489 0.00 0.00 0.00 0
89490 0.00 0.00 0.00 0
91648 0.00 0.00 0.00 0
91649 0.00 0.00 0.00 0
91650 0.00 0.00 0.00 0
91651 0.00 0.00 0.00 0
91652 0.00 0.00 0.00 0
91656 0.00 0.00 0.00 0
91657 0.00 0.00 0.00 0
91658 0.00 0.00 0.00 0
91659 0.00 0.00 0.00 0
91660 0.00 0.00 0.00 0
91661 0.00 0.00 0.00 0
91662 0.00 0.00 0.00 0
91663 0.00 0.00 0.00 0
91670 0.00 0.00 0.00 0
91671 0.00 0.00 0.00 0
91672 0.00 0.00 0.00 0
91673 0.00 0.00 0.00 0
91674 0.00 0.00 0.00 0
91675 0.00 0.00 0.00 0
91676 0.00 0.00 0.00 0
91677 0.00 0.00 0.00 0
91678 0.00 0.00 0.00 0
91679 0.00 0.00 0.00 0
91680 0.00 0.00 0.00 0
91681 0.00 0.00 0.00 0
91682 0.00 0.00 0.00 0
91683 0.00 0.00 0.00 0
91684 0.00 0.00 0.00 0
91685 0.00 0.00 0.00 0
91686 0.00 0.00 0.00 0
91687 0.00 0.00 0.00 0
91688 0.00 0.00 0.00 0
91692 0.00 0.00 0.00 0
91693 0.00 0.00 0.00 0
91694 0.00 0.00 0.00 0
91695 0.00 0.00 0.00 0
91696 0.00 0.00 0.00 0
91697 0.00 0.00 0.00 0
91698 0.00 0.00 0.00 0
91703 0.00 0.00 0.00 0
94491 0.00 0.00 0.00 0
94492 0.00 0.00 0.00 0
97365 0.00 0.00 0.00 0
97366 0.00 0.00 0.00 0
97367 0.00 0.00 0.00 0
97368 0.00 0.00 0.00 0
97369 0.00 0.00 0.00 0
97370 0.00 0.00 0.00 0
97371 0.00 0.00 0.00 0
97372 0.00 0.00 0.00 0
97373 0.00 0.00 0.00 0
97374 0.00 0.00 0.00 0
97375 0.00 0.00 0.00 0
97376 0.00 0.00 0.00 0
97377 0.00 0.00 0.00 0
97378 0.00 0.00 0.00 0
97379 0.00 0.00 0.00 0
97380 0.00 0.00 0.00 0
97381 0.00 0.00 0.00 0
97382 0.00 0.00 0.00 0
97383 0.00 0.00 0.00 0
97384 0.00 0.00 0.00 0
97813 0.00 0.00 0.00 0
99634 0.00 0.00 0.00 0
99635 0.00 0.00 0.00 0
99636 0.00 0.00 0.00 0
99637 0.00 0.00 0.00 0
99638 0.00 0.00 0.00 0
99643 0.00 0.00 0.00 0
99644 0.00 0.00 0.00 0
99645 0.00 0.00 0.00 0
99646 0.00 0.00 0.00 0
101686 0.00 0.00 0.00 0
104915 0.00 0.00 0.00 0
104916 0.00 0.00 0.00 0
104917 0.00 0.00 0.00 0
104918 0.00 0.00 0.00 0
104919 0.00 0.00 0.00 0
104920 0.00 0.00 0.00 0
104921 0.00 0.00 0.00 0
104922 0.00 0.00 0.00 0
104923 0.00 0.00 0.00 0
107390 0.00 0.00 0.00 0
107391 0.00 0.00 0.00 0
107392 0.00 0.00 0.00 0
107393 0.00 0.00 0.00 0
107394 0.00 0.00 0.00 0
107395 0.00 0.00 0.00 0
107396 0.00 0.00 0.00 0
107397 0.00 0.00 0.00 0
107399 0.00 0.00 0.00 0
107400 0.00 0.00 0.00 0
107401 0.00 0.00 0.00 0
113540 0.00 0.00 0.00 0
113541 0.00 0.00 0.00 0
113542 0.00 0.00 0.00 0
113543 0.00 0.00 0.00 0
113544 0.00 0.00 0.00 0
113545 0.00 0.00 0.00 0
113546 0.00 0.00 0.00 0
113547 0.00 0.00 0.00 0
113548 0.00 0.00 0.00 0
113549 0.00 0.00 0.00 0
113550 0.00 0.00 0.00 0
113551 0.00 0.00 0.00 0
113552 0.00 0.00 0.00 0
113553 0.00 0.00 0.00 0
113554 0.00 0.00 0.00 0
113555 0.00 0.00 0.00 0
113556 0.00 0.00 0.00 0
113557 0.00 0.00 0.00 0
113558 0.00 0.00 0.00 0
113559 0.00 0.00 0.00 0
113560 0.00 0.00 0.00 0
113561 0.00 0.00 0.00 0
113562 0.00 0.00 0.00 0
113563 0.00 0.00 0.00 0
113564 0.00 0.00 0.00 0
113565 0.00 0.00 0.00 0
113566 0.00 0.00 0.00 0
113567 0.00 0.00 0.00 0
113568 0.00 0.00 0.00 0
113569 0.00 0.00 0.00 0
113570 0.00 0.00 0.00 0
113571 0.00 0.00 0.00 0
113572 0.00 0.00 0.00 0
113573 0.00 0.00 0.00 0
113574 0.00 0.00 0.00 0
113575 0.00 0.00 0.00 0
113576 0.00 0.00 0.00 0
113578 0.00 0.00 0.00 0
113585 0.00 0.00 0.00 0
113587 0.00 0.00 0.00 0
114877 0.00 0.00 0.00 0
114896 0.00 0.00 0.00 0
114897 0.00 0.00 0.00 0
114898 0.00 0.00 0.00 0
114899 0.00 0.00 0.00 0
114900 0.00 0.00 0.00 0
114901 0.00 0.00 0.00 0
114902 0.00 0.00 0.00 0
114903 0.00 0.00 0.00 0
114904 0.00 0.00 0.00 0
114905 0.00 0.00 0.00 0
114906 0.00 0.00 0.00 0
114907 0.00 0.00 0.00 0
114908 0.00 0.00 0.00 0
114909 0.00 0.00 0.00 0
114910 0.00 0.00 0.00 0
114911 0.00 0.00 0.00 0
114912 0.00 0.00 0.00 0
114913 0.00 0.00 0.00 0
114914 0.00 0.00 0.00 0
114915 0.00 0.00 0.00 0
114916 0.00 0.00 0.00 0
114917 0.00 0.00 0.00 0
114918 0.00 0.00 0.00 0
114919 0.00 0.00 0.00 0
114920 0.00 0.00 0.00 0
114921 0.00 0.00 0.00 0
114922 0.00 0.00 0.00 0
116532 0.00 0.00 0.00 0
116533 0.00 0.00 0.00 0
116534 0.00 0.00 0.00 0
116535 0.00 0.00 0.00 0
116536 0.00 0.00 0.00 0
116543 0.00 0.00 0.00 0
120639 0.00 0.00 0.00 0
120640 0.00 0.00 0.00 0
120641 0.00 0.00 0.00 0
120642 0.00 0.00 0.00 0
120643 0.00 0.00 0.00 0
120644 0.00 0.00 0.00 0
120645 0.00 0.00 0.00 0
120646 0.00 0.00 0.00 0
122569 0.00 0.00 0.00 0
122570 0.00 0.00 0.00 0
122571 0.00 0.00 0.00 0
122572 0.00 0.00 0.00 0
122573 0.00 0.00 0.00 0
127349 0.00 0.00 0.00 0
127350 0.00 0.00 0.00 0
127351 0.00 0.00 0.00 0
127352 0.00 0.00 0.00 0
127353 0.00 0.00 0.00 0
127354 0.00 0.00 0.00 0
127355 0.00 0.00 0.00 0
127356 0.00 0.00 0.00 0
127357 0.00 0.00 0.00 0
127358 0.00 0.00 0.00 0
127359 0.00 0.00 0.00 0
127360 0.00 0.00 0.00 0
127361 0.00 0.00 0.00 0
127362 0.00 0.00 0.00 0
127363 0.00 0.00 0.00 0
127364 0.00 0.00 0.00 0
127365 0.00 0.00 0.00 0
127366 0.00 0.00 0.00 0
127367 0.00 0.00 0.00 0
127368 0.00 0.00 0.00 0
127369 0.00 0.00 0.00 0
127370 0.00 0.00 0.00 0
127371 0.00 0.00 0.00 0
127372 0.00 0.00 0.00 0
127373 0.00 0.00 0.00 0
127374 0.00 0.00 0.00 0
127375 0.00 0.00 0.00 0
127376 0.00 0.00 0.00 0
127377 0.00 0.00 0.00 0
127378 0.00 0.00 0.00 0
127379 0.00 0.00 0.00 0
127380 0.00 0.00 0.00 0
127381 0.00 0.00 0.00 0
127382 0.00 0.00 0.00 0
127383 0.00 0.00 0.00 0
127384 0.00 0.00 0.00 0
127385 0.00 0.00 0.00 0
127386 0.00 0.00 0.00 0
127387 0.00 0.00 0.00 0
127388 0.00 0.00 0.00 0
127389 0.00 0.00 0.00 0
127390 0.00 0.00 0.00 0
128389 0.00 0.00 0.00 0
128399 0.00 0.00 0.00 0
128400 0.00 0.00 0.00 0
128409 0.00 0.00 0.00 0
128410 0.00 0.00 0.00 0
128411 0.00 0.00 0.00 0
128412 0.00 0.00 0.00 0
128413 0.00 0.00 0.00 0
128414 0.00 0.00 0.00 0
128415 0.00 0.00 0.00 0
128416 0.00 0.00 0.00 0
128417 0.00 0.00 0.00 0
128418 0.00 0.00 0.00 0
128419 0.00 0.00 0.00 0
128420 0.00 0.00 0.00 0
128421 0.00 0.00 0.00 0
128422 0.00 0.00 0.00 0
128423 0.00 0.00 0.00 0
128424 0.00 0.00 0.00 0
132264 0.00 0.00 0.00 0
132265 0.00 0.00 0.00 0
132267 0.00 0.00 0.00 0
132268 0.00 0.00 0.00 0
132269 0.00 0.00 0.00 0
132270 0.00 0.00 0.00 0
132271 0.00 0.00 0.00 0
132272 0.00 0.00 0.00 0
132277 0.00 0.00 0.00 0
132278 0.00 0.00 0.00 0
132279 0.00 0.00 0.00 0
132280 0.00 0.00 0.00 0
132282 0.00 0.00 0.00 0
136589 0.00 0.00 0.00 0
136590 0.00 0.00 0.00 0
136591 0.00 0.00 0.00 0
143213 0.00 0.00 0.00 0
143214 0.00 0.00 0.00 0
143215 0.00 0.00 0.00 0
143216 0.00 0.00 0.00 0
143217 0.00 0.00 0.00 0
143218 0.00 0.00 0.00 0
143219 0.00 0.00 0.00 0
143220 0.00 0.00 0.00 0
143221 0.00 0.00 0.00 0
143222 0.00 0.00 0.00 0
143223 0.00 0.00 0.00 0
143224 0.00 0.00 0.00 0
143225 0.00 0.00 0.00 0
143226 0.00 0.00 0.00 0
143227 0.00 0.00 0.00 0
143228 0.00 0.00 0.00 0
143229 0.00 0.00 0.00 0
143230 0.00 0.00 0.00 0
143231 0.00 0.00 0.00 0
148198 0.00 0.00 0.00 0
148199 0.00 0.00 0.00 0
148204 0.00 0.00 0.00 0
148205 0.00 0.00 0.00 0
148206 0.00 0.00 0.00 0
148207 0.00 0.00 0.00 0
148208 0.00 0.00 0.00 0
148209 0.00 0.00 0.00 0
148210 0.00 0.00 0.00 0
148211 0.00 0.00 0.00 0
148212 0.00 0.00 0.00 0
148213 0.00 0.00 0.00 0
148214 0.00 0.00 0.00 0
148218 0.00 0.00 0.00 0
148219 0.00 0.00 0.00 0
148220 0.00 0.00 0.00 0
148221 0.00 0.00 0.00 0
148222 0.00 0.00 0.00 0
148223 0.00 0.00 0.00 0
148224 0.00 0.00 0.00 0
148225 0.00 0.00 0.00 0
148226 0.00 0.00 0.00 0
148227 0.00 0.00 0.00 0
148228 0.00 0.00 0.00 0
148229 0.00 0.00 0.00 0
148231 0.00 0.00 0.00 0
148232 0.00 0.00 0.00 0
148233 0.00 0.00 0.00 0
148234 0.00 0.00 0.00 0
148235 0.00 0.00 0.00 0
148236 0.00 0.00 0.00 0
148237 0.00 0.00 0.00 0
160530 0.00 0.00 0.00 0
160531 0.00 0.00 0.00 0
160532 0.00 0.00 0.00 0
160533 0.00 0.00 0.00 0
160534 0.00 0.00 0.00 0
160535 0.00 0.00 0.00 0
160536 0.00 0.00 0.00 0
160537 0.00 0.00 0.00 0
160540 0.00 0.00 0.00 0
160541 0.00 0.00 0.00 0
160542 0.00 0.00 0.00 0
160543 0.00 0.00 0.00 0
160544 0.00 0.00 0.00 0
160545 0.00 0.00 0.00 0
160546 0.00 0.00 0.00 0
160547 0.00 0.00 0.00 0
160548 0.00 0.00 0.00 0
160549 0.00 0.00 0.00 0
160550 0.00 0.00 0.00 0
160551 0.00 0.00 0.00 0
160552 0.00 0.00 0.00 0
160553 0.00 0.00 0.00 0
160554 0.00 0.00 0.00 0
160555 0.00 0.00 0.00 0
160556 0.00 0.00 0.00 0
160557 0.00 0.00 0.00 0
160558 0.00 0.00 0.00 0
160559 0.00 0.00 0.00 0
160560 0.00 0.00 0.00 0
160561 0.00 0.00 0.00 0
160562 0.00 0.00 0.00 0
160563 0.00 0.00 0.00 0
160564 0.00 0.00 0.00 0
160565 0.00 0.00 0.00 0
160566 0.00 0.00 0.00 0
160567 0.00 0.00 0.00 0
160568 0.00 0.00 0.00 0
160569 0.00 0.00 0.00 0
160570 0.00 0.00 0.00 0
160571 0.00 0.00 0.00 0
160572 0.00 0.00 0.00 0
160573 0.00 0.00 0.00 0
160574 0.00 0.00 0.00 0
160575 0.00 0.00 0.00 0
160576 0.00 0.00 0.00 0
160577 0.00 0.00 0.00 0
160578 0.00 0.00 0.00 0
160579 0.00 0.00 0.00 0
160580 0.00 0.00 0.00 0
160581 0.00 0.00 0.00 0
160582 0.00 0.00 0.00 0
160584 0.00 0.00 0.00 0
160585 0.00 0.00 0.00 0
160586 0.00 0.00 0.00 0
160587 0.00 0.00 0.00 0
160588 0.00 0.00 0.00 0
160589 0.00 0.00 0.00 0
160590 0.00 0.00 0.00 0
160591 0.00 0.00 0.00 0
160611 0.00 0.00 0.00 0
160629 0.00 0.00 0.00 0
160630 0.00 0.00 0.00 0
160631 0.00 0.00 0.00 0
160633 0.00 0.00 0.00 0
160634 0.00 0.00 0.00 0
160635 0.00 0.00 0.00 0
160636 0.00 0.00 0.00 0
160637 0.00 0.00 0.00 0
160643 0.00 0.00 0.00 0
160644 0.00 0.00 0.00 0
163226 0.00 0.00 0.00 0
163227 0.00 0.00 0.00 0
163228 0.00 0.00 0.00 0
163229 0.00 0.00 0.00 0
163230 0.00 0.00 0.00 0
163233 0.00 0.00 0.00 0
163234 0.00 0.00 0.00 0
163235 0.00 0.00 0.00 0
163236 0.00 0.00 0.00 0
163237 0.00 0.00 0.00 0
163238 0.00 0.00 0.00 0
163239 0.00 0.00 0.00 0
163240 0.00 0.00 0.00 0
163243 0.00 0.00 0.00 0
163250 0.00 0.00 0.00 0
163251 0.00 0.00 0.00 0
163252 0.00 0.00 0.00 0
163253 0.00 0.00 0.00 0
163254 0.00 0.00 0.00 0
163255 0.00 0.00 0.00 0
163256 0.00 0.00 0.00 0
163257 0.00 0.00 0.00 0
163258 0.00 0.00 0.00 0
163259 0.00 0.00 0.00 0
163260 0.00 0.00 0.00 0
163261 0.00 0.00 0.00 0
163262 0.00 0.00 0.00 0
163263 0.00 0.00 0.00 0
163264 0.00 0.00 0.00 0
163265 0.00 0.00 0.00 0
163266 0.00 0.00 0.00 0
163267 0.00 0.00 0.00 0
163268 0.00 0.00 0.00 0
163269 0.00 0.00 0.00 0
163270 0.00 0.00 0.00 0
163271 0.00 0.00 0.00 0
163272 0.00 0.00 0.00 0
163273 0.00 0.00 0.00 0
163279 0.00 0.00 0.00 0
163280 0.00 0.00 0.00 0
163283 0.00 0.00 0.00 0
163284 0.00 0.00 0.00 0
163285 0.00 0.00 0.00 0
163286 0.00 0.00 0.00 0
163287 0.00 0.00 0.00 0
163289 0.00 0.00 0.00 0
163290 0.00 0.00 0.00 0
163291 0.00 0.00 0.00 0
163292 0.00 0.00 0.00 0
163293 0.00 0.00 0.00 0
163294 0.00 0.00 0.00 0
