# G_temp_sup-G_T_transv
588
590 0.00 0.00 0.00 0
1309 0.00 0.00 0.00 0
1310 0.00 0.00 0.00 0
1311 0.00 0.00 0.00 0
1788 0.00 0.00 0.00 0
1789 0.00 0.00 0.00 0
1790 0.00 0.00 0.00 0
2406 0.00 0.00 0.00 0
2407 0.00 0.00 0.00 0
3229 0.00 0.00 0.00 0
3230 0.00 0.00 0.00 0
3231 0.00 0.00 0.00 0
3939 0.00 0.00 0.00 0
3940 0.00 0.00 0.00 0
3941 0.00 0.00 0.00 0
5365 0.00 0.00 0.00 0
5369 0.00 0.00 0.00 0
5370 0.00 0.00 0.00 0
5371 0.00 0.00 0.00 0
5702 0.00 0.00 0.00 0
5703 0.00 0.00 0.00 0
5704 0.00 0.00 0.00 0
6964 0.00 0.00 0.00 0
6965 0.00 0.00 0.00 0
6966 0.00 0.00 0.00 0
6967 0.00 0.00 0.00 0
6968 0.00 0.00 0.00 0
8010 0.00 0.00 0.00 0
8011 0.00 0.00 0.00 0
8012 0.00 0.00 0.00 0
8013 0.00 0.00 0.00 0
8014 0.00 0.00 0.00 0
9774 0.00 0.00 0.00 0
9775 0.00 0.00 0.00 0
9776 0.00 0.00 0.00 0
9777 0.00 0.00 0.00 0
9778 0.00 0.00 0.00 0
9779 0.00 0.00 0.00 0
10909 0.00 0.00 0.00 0
10910 0.00 0.00 0.00 0
10911 0.00 0.00 0.00 0
11619 0.00 0.00 0.00 0
11620 0.00 0.00 0.00 0
11621 0.00 0.00 0.00 0
13045 0.00 0.00 0.00 0
13046 0.00 0.00 0.00 0
13047 0.00 0.00 0.00 0
13048 0.00 0.00 0.00 0
13049 0.00 0.00 0.00 0
13050 0.00 0.00 0.00 0
13051 0.00 0.00 0.00 0
13382 0.00 0.00 0.00 0
13383 0.00 0.00 0.00 0
13384 0.00 0.00 0.00 0
15445 0.00 0.00 0.00 0
15447 0.00 0.00 0.00 0
15448 0.00 0.00 0.00 0
15449 0.00 0.00 0.00 0
15450 0.00 0.00 0.00 0
15451 0.00 0.00 0.00 0
15452 0.00 0.00 0.00 0
15453 0.00 0.00 0.00 0
15454 0.00 0.00 0.00 0
17574 0.00 0.00 0.00 0
17575 0.00 0.00 0.00 0
17576 0.00 0.00 0.00 0
17577 0.00 0.00 0.00 0
17578 0.00 0.00 0.00 0
17579 0.00 0.00 0.00 0
17580 0.00 0.00 0.00 0
17581 0.00 0.00 0.00 0
21865 0.00 0.00 0.00 0
21869 0.00 0.00 0.00 0
21870 0.00 0.00 0.00 0
21871 0.00 0.00 0.00 0
21872 0.00 0.00 0.00 0
21873 0.00 0.00 0.00 0
21874 0.00 0.00 0.00 0
21875 0.00 0.00 0.00 0
21876 0.00 0.00 0.00 0
21877 0.00 0.00 0.00 0
21878 0.00 0.00 0.00 0
21879 0.00 0.00 0.00 0
22862 0.00 0.00 0.00 0
22864 0.00 0.00 0.00 0
22865 0.00 0.00 0.00 0
24244 0.00 0.00 0.00 0
24245 0.00 0.00 0.00 0
24246 0.00 0.00 0.00 0
24247 0.00 0.00 0.00 0
24248 0.00 0.00 0.00 0
24249 0.00 0.00 0.00 0
25521 0.00 0.00 0.00 0
25522 0.00 0.00 0.00 0
25523 0.00 0.00 0.00 0
25524 0.00 0.00 0.00 0
25525 0.00 0.00 0.00 0
28096 0.00 0.00 0.00 0
28097 0.00 0.00 0.00 0
28098 0.00 0.00 0.00 0
28099 0.00 0.00 0.00 0
28100 0.00 0.00 0.00 0
28101 0.00 0.00 0.00 0
28102 0.00 0.00 0.00 0
28103 0.00 0.00 0.00 0
28694 0.00 0.00 0.00 0
28695 0.00 0.00 0.00 0
28696 0.00 0.00 0.00 0
28697 0.00 0.00 0.00 0
31611 0.00 0.00 0.00 0
31612 0.00 0.00 0.00 0
31613 0.00 0.00 0.00 0
31614 0.00 0.00 0.00 0
31615 0.00 0.00 0.00 0
31616 0.00 0.00 0.00 0
31617 0.00 0.00 0.00 0
31618 0.00 0.00 0.00 0
31619 0.00 0.00 0.00 0
31620 0.00 0.00 0.00 0
34356 0.00 0.00 0.00 0
34357 0.00 0.00 0.00 0
34358 0.00 0.00 0.00 0
34359 0.00 0.00 0.00 0
34360 0.00 0.00 0.00 0
34361 0.00 0.00 0.00 0
34362 0.00 0.00 0.00 0
34363 0.00 0.00 0.00 0
34364 0.00 0.00 0.00 0
34365 0.00 0.00 0.00 0
34367 0.00 0.00 0.00 0
34368 0.00 0.00 0.00 0
34369 0.00 0.00 0.00 0
39559 0.00 0.00 0.00 0
39560 0.00 0.00 0.00 0
39561 0.00 0.00 0.00 0
39562 0.00 0.00 0.00 0
39563 0.00 0.00 0.00 0
39564 0.00 0.00 0.00 0
39565 0.00 0.00 0.00 0
39566 0.00 0.00 0.00 0
39568 0.00 0.00 0.00 0
39569 0.00 0.00 0.00 0
39570 0.00 0.00 0.00 0
39571 0.00 0.00 0.00 0
39572 0.00 0.00 0.00 0
39573 0.00 0.00 0.00 0
39574 0.00 0.00 0.00 0
39640 0.00 0.00 0.00 0
39641 0.00 0.00 0.00 0
41630 0.00 0.00 0.00 0
42339 0.00 0.00 0.00 0
42340 0.00 0.00 0.00 0
42341 0.00 0.00 0.00 0
43765 0.00 0.00 0.00 0
43766 0.00 0.00 0.00 0
43767 0.00 0.00 0.00 0
43768 0.00 0.00 0.00 0
43769 0.00 0.00 0.00 0
43770 0.00 0.00 0.00 0
43771 0.00 0.00 0.00 0
44102 0.00 0.00 0.00 0
44103 0.00 0.00 0.00 0
46165 0.00 0.00 0.00 0
46166 0.00 0.00 0.00 0
46167 0.00 0.00 0.00 0
46168 0.00 0.00 0.00 0
46169 0.00 0.00 0.00 0
46170 0.00 0.00 0.00 0
46171 0.00 0.00 0.00 0
46172 0.00 0.00 0.00 0
46173 0.00 0.00 0.00 0
46174 0.00 0.00 0.00 0
48294 0.00 0.00 0.00 0
48295 0.00 0.00 0.00 0
48296 0.00 0.00 0.00 0
48297 0.00 0.00 0.00 0
48298 0.00 0.00 0.00 0
48299 0.00 0.00 0.00 0
48300 0.00 0.00 0.00 0
48301 0.00 0.00 0.00 0
52585 0.00 0.00 0.00 0
52587 0.00 0.00 0.00 0
52588 0.00 0.00 0.00 0
52589 0.00 0.00 0.00 0
52590 0.00 0.00 0.00 0
52591 0.00 0.00 0.00 0
52592 0.00 0.00 0.00 0
52593 0.00 0.00 0.00 0
52594 0.00 0.00 0.00 0
52595 0.00 0.00 0.00 0
52596 0.00 0.00 0.00 0
52597 0.00 0.00 0.00 0
52598 0.00 0.00 0.00 0
52599 0.00 0.00 0.00 0
53582 0.00 0.00 0.00 0
53583 0.00 0.00 0.00 0
53584 0.00 0.00 0.00 0
55765 0.00 0.00 0.00 0
55767 0.00 0.00 0.00 0
55768 0.00 0.00 0.00 0
55769 0.00 0.00 0.00 0
55770 0.00 0.00 0.00 0
55771 0.00 0.00 0.00 0
55772 0.00 0.00 0.00 0
55773 0.00 0.00 0.00 0
55774 0.00 0.00 0.00 0
55775 0.00 0.00 0.00 0
55776 0.00 0.00 0.00 0
57894 0.00 0.00 0.00 0
57895 0.00 0.00 0.00 0
57896 0.00 0.00 0.00 0
57897 0.00 0.00 0.00 0
57898 0.00 0.00 0.00 0
57899 0.00 0.00 0.00 0
57900 0.00 0.00 0.00 0
57901 0.00 0.00 0.00 0
62185 0.00 0.00 0.00 0
62186 0.00 0.00 0.00 0
62187 0.00 0.00 0.00 0
62188 0.00 0.00 0.00 0
62189 0.00 0.00 0.00 0
62190 0.00 0.00 0.00 0
62191 0.00 0.00 0.00 0
62192 0.00 0.00 0.00 0
62193 0.00 0.00 0.00 0
62194 0.00 0.00 0.00 0
62195 0.00 0.00 0.00 0
62196 0.00 0.00 0.00 0
63182 0.00 0.00 0.00 0
63183 0.00 0.00 0.00 0
63184 0.00 0.00 0.00 0
63185 0.00 0.00 0.00 0
63186 0.00 0.00 0.00 0
63187 0.00 0.00 0.00 0
63188 0.00 0.00 0.00 0
63189 0.00 0.00 0.00 0
69384 0.00 0.00 0.00 0
69385 0.00 0.00 0.00 0
69386 0.00 0.00 0.00 0
69387 0.00 0.00 0.00 0
69388 0.00 0.00 0.00 0
69389 0.00 0.00 0.00 0
69390 0.00 0.00 0.00 0
69391 0.00 0.00 0.00 0
69392 0.00 0.00 0.00 0
69393 0.00 0.00 0.00 0
69394 0.00 0.00 0.00 0
69395 0.00 0.00 0.00 0
69396 0.00 0.00 0.00 0
69397 0.00 0.00 0.00 0
69398 0.00 0.00 0.00 0
69399 0.00 0.00 0.00 0
69400 0.00 0.00 0.00 0
69401 0.00 0.00 0.00 0
69402 0.00 0.00 0.00 0
69403 0.00 0.00 0.00 0
69404 0.00 0.00 0.00 0
69405 0.00 0.00 0.00 0
75759 0.00 0.00 0.00 0
75760 0.00 0.00 0.00 0
75761 0.00 0.00 0.00 0
75762 0.00 0.00 0.00 0
75763 0.00 0.00 0.00 0
75764 0.00 0.00 0.00 0
75765 0.00 0.00 0.00 0
75766 0.00 0.00 0.00 0
75767 0.00 0.00 0.00 0
75768 0.00 0.00 0.00 0
75769 0.00 0.00 0.00 0
75770 0.00 0.00 0.00 0
75771 0.00 0.00 0.00 0
75772 0.00 0.00 0.00 0
75773 0.00 0.00 0.00 0
75774 0.00 0.00 0.00 0
75775 0.00 0.00 0.00 0
75776 0.00 0.00 0.00 0
75777 0.00 0.00 0.00 0
75778 0.00 0.00 0.00 0
75779 0.00 0.00 0.00 0
75780 0.00 0.00 0.00 0
75786 0.00 0.00 0.00 0
75787 0.00 0.00 0.00 0
75788 0.00 0.00 0.00 0
88649 0.00 0.00 0.00 0
88650 0.00 0.00 0.00 0
88651 0.00 0.00 0.00 0
88652 0.00 0.00 0.00 0
88653 0.00 0.00 0.00 0
88654 0.00 0.00 0.00 0
88655 0.00 0.00 0.00 0
88656 0.00 0.00 0.00 0
88657 0.00 0.00 0.00 0
88658 0.00 0.00 0.00 0
88659 0.00 0.00 0.00 0
88660 0.00 0.00 0.00 0
88661 0.00 0.00 0.00 0
88662 0.00 0.00 0.00 0
88663 0.00 0.00 0.00 0
88664 0.00 0.00 0.00 0
88665 0.00 0.00 0.00 0
88666 0.00 0.00 0.00 0
88667 0.00 0.00 0.00 0
88668 0.00 0.00 0.00 0
88669 0.00 0.00 0.00 0
88670 0.00 0.00 0.00 0
88671 0.00 0.00 0.00 0
88672 0.00 0.00 0.00 0
88673 0.00 0.00 0.00 0
88674 0.00 0.00 0.00 0
88675 0.00 0.00 0.00 0
88676 0.00 0.00 0.00 0
88677 0.00 0.00 0.00 0
88678 0.00 0.00 0.00 0
88679 0.00 0.00 0.00 0
88681 0.00 0.00 0.00 0
88682 0.00 0.00 0.00 0
88684 0.00 0.00 0.00 0
88685 0.00 0.00 0.00 0
88686 0.00 0.00 0.00 0
88687 0.00 0.00 0.00 0
88688 0.00 0.00 0.00 0
88689 0.00 0.00 0.00 0
91622 0.00 0.00 0.00 0
91624 0.00 0.00 0.00 0
91630 0.00 0.00 0.00 0
91631 0.00 0.00 0.00 0
91632 0.00 0.00 0.00 0
93365 0.00 0.00 0.00 0
93366 0.00 0.00 0.00 0
93367 0.00 0.00 0.00 0
93368 0.00 0.00 0.00 0
93369 0.00 0.00 0.00 0
94641 0.00 0.00 0.00 0
94642 0.00 0.00 0.00 0
94643 0.00 0.00 0.00 0
94644 0.00 0.00 0.00 0
94645 0.00 0.00 0.00 0
97209 0.00 0.00 0.00 0
97210 0.00 0.00 0.00 0
97211 0.00 0.00 0.00 0
97212 0.00 0.00 0.00 0
97213 0.00 0.00 0.00 0
97214 0.00 0.00 0.00 0
97215 0.00 0.00 0.00 0
97216 0.00 0.00 0.00 0
97217 0.00 0.00 0.00 0
97218 0.00 0.00 0.00 0
97219 0.00 0.00 0.00 0
97220 0.00 0.00 0.00 0
97221 0.00 0.00 0.00 0
97814 0.00 0.00 0.00 0
97815 0.00 0.00 0.00 0
97816 0.00 0.00 0.00 0
97817 0.00 0.00 0.00 0
97818 0.00 0.00 0.00 0
101531 0.00 0.00 0.00 0
101532 0.00 0.00 0.00 0
101533 0.00 0.00 0.00 0
101534 0.00 0.00 0.00 0
101535 0.00 0.00 0.00 0
101536 0.00 0.00 0.00 0
101537 0.00 0.00 0.00 0
101538 0.00 0.00 0.00 0
101539 0.00 0.00 0.00 0
101540 0.00 0.00 0.00 0
101541 0.00 0.00 0.00 0
101542 0.00 0.00 0.00 0
101543 0.00 0.00 0.00 0
101544 0.00 0.00 0.00 0
101545 0.00 0.00 0.00 0
101546 0.00 0.00 0.00 0
105360 0.00 0.00 0.00 0
105361 0.00 0.00 0.00 0
105362 0.00 0.00 0.00 0
105363 0.00 0.00 0.00 0
105364 0.00 0.00 0.00 0
105365 0.00 0.00 0.00 0
105366 0.00 0.00 0.00 0
105367 0.00 0.00 0.00 0
105368 0.00 0.00 0.00 0
105369 0.00 0.00 0.00 0
105370 0.00 0.00 0.00 0
105371 0.00 0.00 0.00 0
105372 0.00 0.00 0.00 0
105373 0.00 0.00 0.00 0
113085 0.00 0.00 0.00 0
113093 0.00 0.00 0.00 0
113094 0.00 0.00 0.00 0
113095 0.00 0.00 0.00 0
113096 0.00 0.00 0.00 0
113097 0.00 0.00 0.00 0
113098 0.00 0.00 0.00 0
113099 0.00 0.00 0.00 0
113100 0.00 0.00 0.00 0
113101 0.00 0.00 0.00 0
113102 0.00 0.00 0.00 0
113103 0.00 0.00 0.00 0
113104 0.00 0.00 0.00 0
113105 0.00 0.00 0.00 0
113106 0.00 0.00 0.00 0
113107 0.00 0.00 0.00 0
113108 0.00 0.00 0.00 0
113109 0.00 0.00 0.00 0
113110 0.00 0.00 0.00 0
113111 0.00 0.00 0.00 0
114878 0.00 0.00 0.00 0
114879 0.00 0.00 0.00 0
114880 0.00 0.00 0.00 0
114881 0.00 0.00 0.00 0
114883 0.00 0.00 0.00 0
114884 0.00 0.00 0.00 0
114885 0.00 0.00 0.00 0
118011 0.00 0.00 0.00 0
118012 0.00 0.00 0.00 0
118013 0.00 0.00 0.00 0
118014 0.00 0.00 0.00 0
118015 0.00 0.00 0.00 0
118016 0.00 0.00 0.00 0
118017 0.00 0.00 0.00 0
118018 0.00 0.00 0.00 0
118019 0.00 0.00 0.00 0
118020 0.00 0.00 0.00 0
118021 0.00 0.00 0.00 0
118022 0.00 0.00 0.00 0
118023 0.00 0.00 0.00 0
120987 0.00 0.00 0.00 0
120988 0.00 0.00 0.00 0
120989 0.00 0.00 0.00 0
120990 0.00 0.00 0.00 0
120991 0.00 0.00 0.00 0
120992 0.00 0.00 0.00 0
120993 0.00 0.00 0.00 0
120994 0.00 0.00 0.00 0
120995 0.00 0.00 0.00 0
120996 0.00 0.00 0.00 0
120997 0.00 0.00 0.00 0
126996 0.00 0.00 0.00 0
126997 0.00 0.00 0.00 0
126998 0.00 0.00 0.00 0
126999 0.00 0.00 0.00 0
127000 0.00 0.00 0.00 0
127001 0.00 0.00 0.00 0
127002 0.00 0.00 0.00 0
127003 0.00 0.00 0.00 0
127004 0.00 0.00 0.00 0
127005 0.00 0.00 0.00 0
127006 0.00 0.00 0.00 0
127007 0.00 0.00 0.00 0
127008 0.00 0.00 0.00 0
127009 0.00 0.00 0.00 0
127010 0.00 0.00 0.00 0
127011 0.00 0.00 0.00 0
127012 0.00 0.00 0.00 0
127013 0.00 0.00 0.00 0
127014 0.00 0.00 0.00 0
128390 0.00 0.00 0.00 0
128391 0.00 0.00 0.00 0
128392 0.00 0.00 0.00 0
128393 0.00 0.00 0.00 0
128394 0.00 0.00 0.00 0
128395 0.00 0.00 0.00 0
128396 0.00 0.00 0.00 0
128397 0.00 0.00 0.00 0
128398 0.00 0.00 0.00 0
136271 0.00 0.00 0.00 0
136272 0.00 0.00 0.00 0
136273 0.00 0.00 0.00 0
136274 0.00 0.00 0.00 0
136275 0.00 0.00 0.00 0
136276 0.00 0.00 0.00 0
136277 0.00 0.00 0.00 0
136278 0.00 0.00 0.00 0
136279 0.00 0.00 0.00 0
136280 0.00 0.00 0.00 0
136281 0.00 0.00 0.00 0
136282 0.00 0.00 0.00 0
136283 0.00 0.00 0.00 0
136284 0.00 0.00 0.00 0
136285 0.00 0.00 0.00 0
136286 0.00 0.00 0.00 0
136287 0.00 0.00 0.00 0
136288 0.00 0.00 0.00 0
136289 0.00 0.00 0.00 0
136290 0.00 0.00 0.00 0
136291 0.00 0.00 0.00 0
136292 0.00 0.00 0.00 0
136293 0.00 0.00 0.00 0
136294 0.00 0.00 0.00 0
136295 0.00 0.00 0.00 0
136296 0.00 0.00 0.00 0
136297 0.00 0.00 0.00 0
136298 0.00 0.00 0.00 0
144114 0.00 0.00 0.00 0
144116 0.00 0.00 0.00 0
144117 0.00 0.00 0.00 0
144118 0.00 0.00 0.00 0
144119 0.00 0.00 0.00 0
144120 0.00 0.00 0.00 0
144121 0.00 0.00 0.00 0
144122 0.00 0.00 0.00 0
144123 0.00 0.00 0.00 0
144124 0.00 0.00 0.00 0
144125 0.00 0.00 0.00 0
144126 0.00 0.00 0.00 0
144127 0.00 0.00 0.00 0
144128 0.00 0.00 0.00 0
144129 0.00 0.00 0.00 0
144130 0.00 0.00 0.00 0
144131 0.00 0.00 0.00 0
144132 0.00 0.00 0.00 0
144133 0.00 0.00 0.00 0
144134 0.00 0.00 0.00 0
144135 0.00 0.00 0.00 0
144136 0.00 0.00 0.00 0
144137 0.00 0.00 0.00 0
144138 0.00 0.00 0.00 0
144139 0.00 0.00 0.00 0
144140 0.00 0.00 0.00 0
144141 0.00 0.00 0.00 0
144144 0.00 0.00 0.00 0
144145 0.00 0.00 0.00 0
144146 0.00 0.00 0.00 0
144147 0.00 0.00 0.00 0
144148 0.00 0.00 0.00 0
144149 0.00 0.00 0.00 0
144150 0.00 0.00 0.00 0
144151 0.00 0.00 0.00 0
144160 0.00 0.00 0.00 0
144161 0.00 0.00 0.00 0
159631 0.00 0.00 0.00 0
159632 0.00 0.00 0.00 0
159633 0.00 0.00 0.00 0
159634 0.00 0.00 0.00 0
159635 0.00 0.00 0.00 0
159636 0.00 0.00 0.00 0
159637 0.00 0.00 0.00 0
159638 0.00 0.00 0.00 0
159639 0.00 0.00 0.00 0
159640 0.00 0.00 0.00 0
159641 0.00 0.00 0.00 0
159642 0.00 0.00 0.00 0
159643 0.00 0.00 0.00 0
159644 0.00 0.00 0.00 0
159645 0.00 0.00 0.00 0
159646 0.00 0.00 0.00 0
159647 0.00 0.00 0.00 0
159648 0.00 0.00 0.00 0
159649 0.00 0.00 0.00 0
159650 0.00 0.00 0.00 0
159651 0.00 0.00 0.00 0
159652 0.00 0.00 0.00 0
159653 0.00 0.00 0.00 0
159654 0.00 0.00 0.00 0
159655 0.00 0.00 0.00 0
159656 0.00 0.00 0.00 0
159658 0.00 0.00 0.00 0
159659 0.00 0.00 0.00 0
159660 0.00 0.00 0.00 0
159661 0.00 0.00 0.00 0
159662 0.00 0.00 0.00 0
159663 0.00 0.00 0.00 0
159664 0.00 0.00 0.00 0
159665 0.00 0.00 0.00 0
159666 0.00 0.00 0.00 0
159667 0.00 0.00 0.00 0
159668 0.00 0.00 0.00 0
159669 0.00 0.00 0.00 0
159670 0.00 0.00 0.00 0
159671 0.00 0.00 0.00 0
159672 0.00 0.00 0.00 0
159673 0.00 0.00 0.00 0
159674 0.00 0.00 0.00 0
159675 0.00 0.00 0.00 0
159676 0.00 0.00 0.00 0
159677 0.00 0.00 0.00 0
159678 0.00 0.00 0.00 0
159679 0.00 0.00 0.00 0
159680 0.00 0.00 0.00 0
159681 0.00 0.00 0.00 0
159875 0.00 0.00 0.00 0
159876 0.00 0.00 0.00 0
159877 0.00 0.00 0.00 0
159878 0.00 0.00 0.00 0
159879 0.00 0.00 0.00 0
159880 0.00 0.00 0.00 0
163204 0.00 0.00 0.00 0
163223 0.00 0.00 0.00 0
163224 0.00 0.00 0.00 0
