# G_temporal_middle
2821
31 0.00 0.00 0.00 0
84 0.00 0.00 0.00 0
437 0.00 0.00 0.00 0
438 0.00 0.00 0.00 0
439 0.00 0.00 0.00 0
440 0.00 0.00 0.00 0
441 0.00 0.00 0.00 0
554 0.00 0.00 0.00 0
557 0.00 0.00 0.00 0
609 0.00 0.00 0.00 0
611 0.00 0.00 0.00 0
818 0.00 0.00 0.00 0
820 0.00 0.00 0.00 0
969 0.00 0.00 0.00 0
972 0.00 0.00 0.00 0
973 0.00 0.00 0.00 0
974 0.00 0.00 0.00 0
975 0.00 0.00 0.00 0
1356 0.00 0.00 0.00 0
1357 0.00 0.00 0.00 0
1365 0.00 0.00 0.00 0
1979 0.00 0.00 0.00 0
1980 0.00 0.00 0.00 0
1981 0.00 0.00 0.00 0
1982 0.00 0.00 0.00 0
1983 0.00 0.00 0.00 0
1984 0.00 0.00 0.00 0
1985 0.00 0.00 0.00 0
1986 0.00 0.00 0.00 0
1987 0.00 0.00 0.00 0
1988 0.00 0.00 0.00 0
1989 0.00 0.00 0.00 0
2300 0.00 0.00 0.00 0
2307 0.00 0.00 0.00 0
2308 0.00 0.00 0.00 0
2309 0.00 0.00 0.00 0
2310 0.00 0.00 0.00 0
2461 0.00 0.00 0.00 0
2462 0.00 0.00 0.00 0
2463 0.00 0.00 0.00 0
2469 0.00 0.00 0.00 0
2470 0.00 0.00 0.00 0
2738 0.00 0.00 0.00 0
2739 0.00 0.00 0.00 0
2740 0.00 0.00 0.00 0
2892 0.00 0.00 0.00 0
2893 0.00 0.00 0.00 0
2894 0.00 0.00 0.00 0
2895 0.00 0.00 0.00 0
3276 0.00 0.00 0.00 0
3277 0.00 0.00 0.00 0
3895 0.00 0.00 0.00 0
4343 0.00 0.00 0.00 0
4344 0.00 0.00 0.00 0
4345 0.00 0.00 0.00 0
4346 0.00 0.00 0.00 0
4347 0.00 0.00 0.00 0
4348 0.00 0.00 0.00 0
4349 0.00 0.00 0.00 0
4350 0.00 0.00 0.00 0
4354 0.00 0.00 0.00 0
4355 0.00 0.00 0.00 0
4356 0.00 0.00 0.00 0
4357 0.00 0.00 0.00 0
4358 0.00 0.00 0.00 0
4359 0.00 0.00 0.00 0
4360 0.00 0.00 0.00 0
4361 0.00 0.00 0.00 0
4362 0.00 0.00 0.00 0
4363 0.00 0.00 0.00 0
4364 0.00 0.00 0.00 0
4365 0.00 0.00 0.00 0
5102 0.00 0.00 0.00 0
5103 0.00 0.00 0.00 0
5104 0.00 0.00 0.00 0
5105 0.00 0.00 0.00 0
5106 0.00 0.00 0.00 0
5123 0.00 0.00 0.00 0
5124 0.00 0.00 0.00 0
5126 0.00 0.00 0.00 0
5127 0.00 0.00 0.00 0
5128 0.00 0.00 0.00 0
5129 0.00 0.00 0.00 0
5130 0.00 0.00 0.00 0
5131 0.00 0.00 0.00 0
5506 0.00 0.00 0.00 0
5507 0.00 0.00 0.00 0
5508 0.00 0.00 0.00 0
5509 0.00 0.00 0.00 0
5510 0.00 0.00 0.00 0
5511 0.00 0.00 0.00 0
5512 0.00 0.00 0.00 0
5527 0.00 0.00 0.00 0
5528 0.00 0.00 0.00 0
5529 0.00 0.00 0.00 0
5530 0.00 0.00 0.00 0
5581 0.00 0.00 0.00 0
5582 0.00 0.00 0.00 0
6080 0.00 0.00 0.00 0
6082 0.00 0.00 0.00 0
6083 0.00 0.00 0.00 0
6350 0.00 0.00 0.00 0
6351 0.00 0.00 0.00 0
6352 0.00 0.00 0.00 0
6353 0.00 0.00 0.00 0
6354 0.00 0.00 0.00 0
6356 0.00 0.00 0.00 0
6357 0.00 0.00 0.00 0
6358 0.00 0.00 0.00 0
6359 0.00 0.00 0.00 0
6360 0.00 0.00 0.00 0
6361 0.00 0.00 0.00 0
6362 0.00 0.00 0.00 0
6363 0.00 0.00 0.00 0
6807 0.00 0.00 0.00 0
7048 0.00 0.00 0.00 0
7049 0.00 0.00 0.00 0
7050 0.00 0.00 0.00 0
7051 0.00 0.00 0.00 0
7062 0.00 0.00 0.00 0
7064 0.00 0.00 0.00 0
7065 0.00 0.00 0.00 0
7093 0.00 0.00 0.00 0
7957 0.00 0.00 0.00 0
7958 0.00 0.00 0.00 0
8525 0.00 0.00 0.00 0
8526 0.00 0.00 0.00 0
8527 0.00 0.00 0.00 0
8528 0.00 0.00 0.00 0
8529 0.00 0.00 0.00 0
8530 0.00 0.00 0.00 0
8531 0.00 0.00 0.00 0
8532 0.00 0.00 0.00 0
8533 0.00 0.00 0.00 0
8534 0.00 0.00 0.00 0
8535 0.00 0.00 0.00 0
8538 0.00 0.00 0.00 0
8539 0.00 0.00 0.00 0
8540 0.00 0.00 0.00 0
8541 0.00 0.00 0.00 0
8542 0.00 0.00 0.00 0
8543 0.00 0.00 0.00 0
8544 0.00 0.00 0.00 0
8545 0.00 0.00 0.00 0
8546 0.00 0.00 0.00 0
8548 0.00 0.00 0.00 0
8549 0.00 0.00 0.00 0
8552 0.00 0.00 0.00 0
9456 0.00 0.00 0.00 0
9457 0.00 0.00 0.00 0
9458 0.00 0.00 0.00 0
9477 0.00 0.00 0.00 0
9478 0.00 0.00 0.00 0
9479 0.00 0.00 0.00 0
9480 0.00 0.00 0.00 0
9481 0.00 0.00 0.00 0
9482 0.00 0.00 0.00 0
9483 0.00 0.00 0.00 0
9484 0.00 0.00 0.00 0
9485 0.00 0.00 0.00 0
9486 0.00 0.00 0.00 0
9487 0.00 0.00 0.00 0
9488 0.00 0.00 0.00 0
9489 0.00 0.00 0.00 0
9490 0.00 0.00 0.00 0
9491 0.00 0.00 0.00 0
9937 0.00 0.00 0.00 0
9938 0.00 0.00 0.00 0
9939 0.00 0.00 0.00 0
9940 0.00 0.00 0.00 0
9941 0.00 0.00 0.00 0
9942 0.00 0.00 0.00 0
9943 0.00 0.00 0.00 0
9944 0.00 0.00 0.00 0
9963 0.00 0.00 0.00 0
9964 0.00 0.00 0.00 0
9965 0.00 0.00 0.00 0
9966 0.00 0.00 0.00 0
9967 0.00 0.00 0.00 0
9968 0.00 0.00 0.00 0
9969 0.00 0.00 0.00 0
10027 0.00 0.00 0.00 0
10418 0.00 0.00 0.00 0
10419 0.00 0.00 0.00 0
10420 0.00 0.00 0.00 0
10572 0.00 0.00 0.00 0
10573 0.00 0.00 0.00 0
10574 0.00 0.00 0.00 0
10575 0.00 0.00 0.00 0
10981 0.00 0.00 0.00 0
10983 0.00 0.00 0.00 0
11575 0.00 0.00 0.00 0
12023 0.00 0.00 0.00 0
12024 0.00 0.00 0.00 0
12025 0.00 0.00 0.00 0
12026 0.00 0.00 0.00 0
12027 0.00 0.00 0.00 0
12028 0.00 0.00 0.00 0
12029 0.00 0.00 0.00 0
12030 0.00 0.00 0.00 0
12034 0.00 0.00 0.00 0
12035 0.00 0.00 0.00 0
12036 0.00 0.00 0.00 0
12037 0.00 0.00 0.00 0
12038 0.00 0.00 0.00 0
12039 0.00 0.00 0.00 0
12040 0.00 0.00 0.00 0
12041 0.00 0.00 0.00 0
12042 0.00 0.00 0.00 0
12043 0.00 0.00 0.00 0
12044 0.00 0.00 0.00 0
12045 0.00 0.00 0.00 0
12782 0.00 0.00 0.00 0
12783 0.00 0.00 0.00 0
12784 0.00 0.00 0.00 0
12785 0.00 0.00 0.00 0
12786 0.00 0.00 0.00 0
12803 0.00 0.00 0.00 0
12806 0.00 0.00 0.00 0
12807 0.00 0.00 0.00 0
12808 0.00 0.00 0.00 0
12809 0.00 0.00 0.00 0
12810 0.00 0.00 0.00 0
12811 0.00 0.00 0.00 0
13188 0.00 0.00 0.00 0
13189 0.00 0.00 0.00 0
13190 0.00 0.00 0.00 0
13191 0.00 0.00 0.00 0
13192 0.00 0.00 0.00 0
13206 0.00 0.00 0.00 0
13207 0.00 0.00 0.00 0
13208 0.00 0.00 0.00 0
13209 0.00 0.00 0.00 0
13210 0.00 0.00 0.00 0
13261 0.00 0.00 0.00 0
13262 0.00 0.00 0.00 0
13263 0.00 0.00 0.00 0
13973 0.00 0.00 0.00 0
13974 0.00 0.00 0.00 0
13975 0.00 0.00 0.00 0
13976 0.00 0.00 0.00 0
13977 0.00 0.00 0.00 0
13978 0.00 0.00 0.00 0
14424 0.00 0.00 0.00 0
14429 0.00 0.00 0.00 0
14434 0.00 0.00 0.00 0
14435 0.00 0.00 0.00 0
14436 0.00 0.00 0.00 0
14437 0.00 0.00 0.00 0
14438 0.00 0.00 0.00 0
14439 0.00 0.00 0.00 0
14440 0.00 0.00 0.00 0
14441 0.00 0.00 0.00 0
14442 0.00 0.00 0.00 0
14443 0.00 0.00 0.00 0
14444 0.00 0.00 0.00 0
14445 0.00 0.00 0.00 0
15186 0.00 0.00 0.00 0
15588 0.00 0.00 0.00 0
15589 0.00 0.00 0.00 0
15590 0.00 0.00 0.00 0
15591 0.00 0.00 0.00 0
15592 0.00 0.00 0.00 0
15613 0.00 0.00 0.00 0
15614 0.00 0.00 0.00 0
15615 0.00 0.00 0.00 0
15617 0.00 0.00 0.00 0
18788 0.00 0.00 0.00 0
18789 0.00 0.00 0.00 0
18790 0.00 0.00 0.00 0
18791 0.00 0.00 0.00 0
18792 0.00 0.00 0.00 0
18793 0.00 0.00 0.00 0
18794 0.00 0.00 0.00 0
18795 0.00 0.00 0.00 0
18796 0.00 0.00 0.00 0
18797 0.00 0.00 0.00 0
18798 0.00 0.00 0.00 0
18799 0.00 0.00 0.00 0
18800 0.00 0.00 0.00 0
18801 0.00 0.00 0.00 0
18802 0.00 0.00 0.00 0
18803 0.00 0.00 0.00 0
18804 0.00 0.00 0.00 0
18805 0.00 0.00 0.00 0
18806 0.00 0.00 0.00 0
18807 0.00 0.00 0.00 0
18808 0.00 0.00 0.00 0
18809 0.00 0.00 0.00 0
18810 0.00 0.00 0.00 0
18817 0.00 0.00 0.00 0
18818 0.00 0.00 0.00 0
18819 0.00 0.00 0.00 0
18820 0.00 0.00 0.00 0
18821 0.00 0.00 0.00 0
18822 0.00 0.00 0.00 0
18823 0.00 0.00 0.00 0
18824 0.00 0.00 0.00 0
18825 0.00 0.00 0.00 0
18826 0.00 0.00 0.00 0
18827 0.00 0.00 0.00 0
18828 0.00 0.00 0.00 0
18829 0.00 0.00 0.00 0
18830 0.00 0.00 0.00 0
18831 0.00 0.00 0.00 0
18832 0.00 0.00 0.00 0
18833 0.00 0.00 0.00 0
18834 0.00 0.00 0.00 0
18835 0.00 0.00 0.00 0
18836 0.00 0.00 0.00 0
18837 0.00 0.00 0.00 0
18838 0.00 0.00 0.00 0
18840 0.00 0.00 0.00 0
18841 0.00 0.00 0.00 0
18842 0.00 0.00 0.00 0
18843 0.00 0.00 0.00 0
18844 0.00 0.00 0.00 0
18845 0.00 0.00 0.00 0
18846 0.00 0.00 0.00 0
18851 0.00 0.00 0.00 0
18852 0.00 0.00 0.00 0
18853 0.00 0.00 0.00 0
18854 0.00 0.00 0.00 0
18855 0.00 0.00 0.00 0
21075 0.00 0.00 0.00 0
21076 0.00 0.00 0.00 0
21077 0.00 0.00 0.00 0
21078 0.00 0.00 0.00 0
21079 0.00 0.00 0.00 0
21080 0.00 0.00 0.00 0
21081 0.00 0.00 0.00 0
21130 0.00 0.00 0.00 0
21131 0.00 0.00 0.00 0
21132 0.00 0.00 0.00 0
21133 0.00 0.00 0.00 0
21134 0.00 0.00 0.00 0
21138 0.00 0.00 0.00 0
21139 0.00 0.00 0.00 0
21140 0.00 0.00 0.00 0
21141 0.00 0.00 0.00 0
21142 0.00 0.00 0.00 0
21143 0.00 0.00 0.00 0
21144 0.00 0.00 0.00 0
21145 0.00 0.00 0.00 0
21146 0.00 0.00 0.00 0
21147 0.00 0.00 0.00 0
21148 0.00 0.00 0.00 0
21149 0.00 0.00 0.00 0
21150 0.00 0.00 0.00 0
21151 0.00 0.00 0.00 0
21152 0.00 0.00 0.00 0
21153 0.00 0.00 0.00 0
21154 0.00 0.00 0.00 0
21155 0.00 0.00 0.00 0
21156 0.00 0.00 0.00 0
21158 0.00 0.00 0.00 0
21161 0.00 0.00 0.00 0
21162 0.00 0.00 0.00 0
21163 0.00 0.00 0.00 0
21164 0.00 0.00 0.00 0
21165 0.00 0.00 0.00 0
22276 0.00 0.00 0.00 0
22278 0.00 0.00 0.00 0
22279 0.00 0.00 0.00 0
22280 0.00 0.00 0.00 0
22281 0.00 0.00 0.00 0
22282 0.00 0.00 0.00 0
22283 0.00 0.00 0.00 0
22284 0.00 0.00 0.00 0
22285 0.00 0.00 0.00 0
22286 0.00 0.00 0.00 0
22287 0.00 0.00 0.00 0
22288 0.00 0.00 0.00 0
22289 0.00 0.00 0.00 0
22290 0.00 0.00 0.00 0
22291 0.00 0.00 0.00 0
22292 0.00 0.00 0.00 0
22293 0.00 0.00 0.00 0
22294 0.00 0.00 0.00 0
22295 0.00 0.00 0.00 0
22339 0.00 0.00 0.00 0
22340 0.00 0.00 0.00 0
22341 0.00 0.00 0.00 0
22342 0.00 0.00 0.00 0
22343 0.00 0.00 0.00 0
22344 0.00 0.00 0.00 0
22345 0.00 0.00 0.00 0
22346 0.00 0.00 0.00 0
22347 0.00 0.00 0.00 0
22348 0.00 0.00 0.00 0
22349 0.00 0.00 0.00 0
22350 0.00 0.00 0.00 0
22352 0.00 0.00 0.00 0
22357 0.00 0.00 0.00 0
22501 0.00 0.00 0.00 0
22502 0.00 0.00 0.00 0
22503 0.00 0.00 0.00 0
23360 0.00 0.00 0.00 0
23361 0.00 0.00 0.00 0
23362 0.00 0.00 0.00 0
23363 0.00 0.00 0.00 0
23364 0.00 0.00 0.00 0
23637 0.00 0.00 0.00 0
23638 0.00 0.00 0.00 0
23639 0.00 0.00 0.00 0
23640 0.00 0.00 0.00 0
23641 0.00 0.00 0.00 0
23642 0.00 0.00 0.00 0
23643 0.00 0.00 0.00 0
24328 0.00 0.00 0.00 0
24330 0.00 0.00 0.00 0
24331 0.00 0.00 0.00 0
25444 0.00 0.00 0.00 0
26249 0.00 0.00 0.00 0
26250 0.00 0.00 0.00 0
26251 0.00 0.00 0.00 0
26252 0.00 0.00 0.00 0
26253 0.00 0.00 0.00 0
26254 0.00 0.00 0.00 0
26255 0.00 0.00 0.00 0
26256 0.00 0.00 0.00 0
26257 0.00 0.00 0.00 0
26258 0.00 0.00 0.00 0
26259 0.00 0.00 0.00 0
26260 0.00 0.00 0.00 0
26261 0.00 0.00 0.00 0
26262 0.00 0.00 0.00 0
26268 0.00 0.00 0.00 0
26269 0.00 0.00 0.00 0
26270 0.00 0.00 0.00 0
26271 0.00 0.00 0.00 0
26272 0.00 0.00 0.00 0
26273 0.00 0.00 0.00 0
26274 0.00 0.00 0.00 0
26275 0.00 0.00 0.00 0
26276 0.00 0.00 0.00 0
26277 0.00 0.00 0.00 0
26278 0.00 0.00 0.00 0
26279 0.00 0.00 0.00 0
26280 0.00 0.00 0.00 0
26281 0.00 0.00 0.00 0
26282 0.00 0.00 0.00 0
26283 0.00 0.00 0.00 0
26284 0.00 0.00 0.00 0
26285 0.00 0.00 0.00 0
26286 0.00 0.00 0.00 0
26287 0.00 0.00 0.00 0
26288 0.00 0.00 0.00 0
26289 0.00 0.00 0.00 0
27618 0.00 0.00 0.00 0
27619 0.00 0.00 0.00 0
27620 0.00 0.00 0.00 0
27621 0.00 0.00 0.00 0
27622 0.00 0.00 0.00 0
27623 0.00 0.00 0.00 0
27624 0.00 0.00 0.00 0
27653 0.00 0.00 0.00 0
27654 0.00 0.00 0.00 0
27655 0.00 0.00 0.00 0
27656 0.00 0.00 0.00 0
27658 0.00 0.00 0.00 0
27659 0.00 0.00 0.00 0
27660 0.00 0.00 0.00 0
27661 0.00 0.00 0.00 0
27662 0.00 0.00 0.00 0
27663 0.00 0.00 0.00 0
27664 0.00 0.00 0.00 0
27665 0.00 0.00 0.00 0
27666 0.00 0.00 0.00 0
27667 0.00 0.00 0.00 0
27668 0.00 0.00 0.00 0
27669 0.00 0.00 0.00 0
28344 0.00 0.00 0.00 0
28345 0.00 0.00 0.00 0
28346 0.00 0.00 0.00 0
28347 0.00 0.00 0.00 0
28348 0.00 0.00 0.00 0
28349 0.00 0.00 0.00 0
28350 0.00 0.00 0.00 0
28351 0.00 0.00 0.00 0
28352 0.00 0.00 0.00 0
28353 0.00 0.00 0.00 0
28354 0.00 0.00 0.00 0
28380 0.00 0.00 0.00 0
28381 0.00 0.00 0.00 0
28382 0.00 0.00 0.00 0
28383 0.00 0.00 0.00 0
28384 0.00 0.00 0.00 0
28385 0.00 0.00 0.00 0
28386 0.00 0.00 0.00 0
28477 0.00 0.00 0.00 0
28478 0.00 0.00 0.00 0
28479 0.00 0.00 0.00 0
28480 0.00 0.00 0.00 0
29546 0.00 0.00 0.00 0
29548 0.00 0.00 0.00 0
29551 0.00 0.00 0.00 0
29552 0.00 0.00 0.00 0
29553 0.00 0.00 0.00 0
30176 0.00 0.00 0.00 0
30177 0.00 0.00 0.00 0
30178 0.00 0.00 0.00 0
30179 0.00 0.00 0.00 0
30180 0.00 0.00 0.00 0
30182 0.00 0.00 0.00 0
30183 0.00 0.00 0.00 0
30184 0.00 0.00 0.00 0
30185 0.00 0.00 0.00 0
30186 0.00 0.00 0.00 0
30190 0.00 0.00 0.00 0
30191 0.00 0.00 0.00 0
30192 0.00 0.00 0.00 0
30193 0.00 0.00 0.00 0
30194 0.00 0.00 0.00 0
30195 0.00 0.00 0.00 0
30196 0.00 0.00 0.00 0
30197 0.00 0.00 0.00 0
30198 0.00 0.00 0.00 0
30199 0.00 0.00 0.00 0
30200 0.00 0.00 0.00 0
30201 0.00 0.00 0.00 0
30202 0.00 0.00 0.00 0
30203 0.00 0.00 0.00 0
30204 0.00 0.00 0.00 0
30205 0.00 0.00 0.00 0
30206 0.00 0.00 0.00 0
30207 0.00 0.00 0.00 0
31245 0.00 0.00 0.00 0
31278 0.00 0.00 0.00 0
31806 0.00 0.00 0.00 0
31807 0.00 0.00 0.00 0
31808 0.00 0.00 0.00 0
31809 0.00 0.00 0.00 0
31810 0.00 0.00 0.00 0
31811 0.00 0.00 0.00 0
31812 0.00 0.00 0.00 0
31813 0.00 0.00 0.00 0
31836 0.00 0.00 0.00 0
31909 0.00 0.00 0.00 0
31910 0.00 0.00 0.00 0
34213 0.00 0.00 0.00 0
34214 0.00 0.00 0.00 0
35843 0.00 0.00 0.00 0
35844 0.00 0.00 0.00 0
35845 0.00 0.00 0.00 0
35846 0.00 0.00 0.00 0
35847 0.00 0.00 0.00 0
35848 0.00 0.00 0.00 0
35849 0.00 0.00 0.00 0
35850 0.00 0.00 0.00 0
35851 0.00 0.00 0.00 0
35852 0.00 0.00 0.00 0
35853 0.00 0.00 0.00 0
35854 0.00 0.00 0.00 0
35855 0.00 0.00 0.00 0
35856 0.00 0.00 0.00 0
35857 0.00 0.00 0.00 0
35858 0.00 0.00 0.00 0
35859 0.00 0.00 0.00 0
35860 0.00 0.00 0.00 0
35861 0.00 0.00 0.00 0
35862 0.00 0.00 0.00 0
35863 0.00 0.00 0.00 0
35864 0.00 0.00 0.00 0
35865 0.00 0.00 0.00 0
35866 0.00 0.00 0.00 0
35867 0.00 0.00 0.00 0
35868 0.00 0.00 0.00 0
35869 0.00 0.00 0.00 0
35870 0.00 0.00 0.00 0
35871 0.00 0.00 0.00 0
35879 0.00 0.00 0.00 0
35880 0.00 0.00 0.00 0
35882 0.00 0.00 0.00 0
35883 0.00 0.00 0.00 0
35884 0.00 0.00 0.00 0
35885 0.00 0.00 0.00 0
35886 0.00 0.00 0.00 0
35887 0.00 0.00 0.00 0
35888 0.00 0.00 0.00 0
35889 0.00 0.00 0.00 0
35890 0.00 0.00 0.00 0
35891 0.00 0.00 0.00 0
35892 0.00 0.00 0.00 0
35893 0.00 0.00 0.00 0
35894 0.00 0.00 0.00 0
35895 0.00 0.00 0.00 0
35896 0.00 0.00 0.00 0
35897 0.00 0.00 0.00 0
35898 0.00 0.00 0.00 0
35899 0.00 0.00 0.00 0
35900 0.00 0.00 0.00 0
35901 0.00 0.00 0.00 0
35902 0.00 0.00 0.00 0
35903 0.00 0.00 0.00 0
35908 0.00 0.00 0.00 0
35909 0.00 0.00 0.00 0
35910 0.00 0.00 0.00 0
35911 0.00 0.00 0.00 0
35912 0.00 0.00 0.00 0
35913 0.00 0.00 0.00 0
35914 0.00 0.00 0.00 0
35920 0.00 0.00 0.00 0
38604 0.00 0.00 0.00 0
38605 0.00 0.00 0.00 0
38606 0.00 0.00 0.00 0
38607 0.00 0.00 0.00 0
38608 0.00 0.00 0.00 0
38609 0.00 0.00 0.00 0
38610 0.00 0.00 0.00 0
38611 0.00 0.00 0.00 0
38612 0.00 0.00 0.00 0
38669 0.00 0.00 0.00 0
38670 0.00 0.00 0.00 0
38671 0.00 0.00 0.00 0
38672 0.00 0.00 0.00 0
38673 0.00 0.00 0.00 0
38674 0.00 0.00 0.00 0
38675 0.00 0.00 0.00 0
38677 0.00 0.00 0.00 0
38678 0.00 0.00 0.00 0
38679 0.00 0.00 0.00 0
38680 0.00 0.00 0.00 0
38681 0.00 0.00 0.00 0
38682 0.00 0.00 0.00 0
38683 0.00 0.00 0.00 0
38684 0.00 0.00 0.00 0
38685 0.00 0.00 0.00 0
38686 0.00 0.00 0.00 0
38687 0.00 0.00 0.00 0
38688 0.00 0.00 0.00 0
38689 0.00 0.00 0.00 0
38690 0.00 0.00 0.00 0
38691 0.00 0.00 0.00 0
38692 0.00 0.00 0.00 0
38693 0.00 0.00 0.00 0
38694 0.00 0.00 0.00 0
38695 0.00 0.00 0.00 0
38696 0.00 0.00 0.00 0
38697 0.00 0.00 0.00 0
38698 0.00 0.00 0.00 0
38699 0.00 0.00 0.00 0
38700 0.00 0.00 0.00 0
38701 0.00 0.00 0.00 0
38702 0.00 0.00 0.00 0
38703 0.00 0.00 0.00 0
38704 0.00 0.00 0.00 0
38705 0.00 0.00 0.00 0
38706 0.00 0.00 0.00 0
38707 0.00 0.00 0.00 0
38708 0.00 0.00 0.00 0
38709 0.00 0.00 0.00 0
38710 0.00 0.00 0.00 0
38711 0.00 0.00 0.00 0
38712 0.00 0.00 0.00 0
38713 0.00 0.00 0.00 0
40045 0.00 0.00 0.00 0
40046 0.00 0.00 0.00 0
40047 0.00 0.00 0.00 0
40048 0.00 0.00 0.00 0
40049 0.00 0.00 0.00 0
40050 0.00 0.00 0.00 0
40051 0.00 0.00 0.00 0
40052 0.00 0.00 0.00 0
40053 0.00 0.00 0.00 0
40054 0.00 0.00 0.00 0
40055 0.00 0.00 0.00 0
40056 0.00 0.00 0.00 0
40057 0.00 0.00 0.00 0
40058 0.00 0.00 0.00 0
40059 0.00 0.00 0.00 0
40060 0.00 0.00 0.00 0
40061 0.00 0.00 0.00 0
40062 0.00 0.00 0.00 0
40063 0.00 0.00 0.00 0
40064 0.00 0.00 0.00 0
40065 0.00 0.00 0.00 0
40066 0.00 0.00 0.00 0
40067 0.00 0.00 0.00 0
40068 0.00 0.00 0.00 0
40069 0.00 0.00 0.00 0
40126 0.00 0.00 0.00 0
40127 0.00 0.00 0.00 0
40128 0.00 0.00 0.00 0
40129 0.00 0.00 0.00 0
40130 0.00 0.00 0.00 0
40131 0.00 0.00 0.00 0
40132 0.00 0.00 0.00 0
40133 0.00 0.00 0.00 0
40134 0.00 0.00 0.00 0
40135 0.00 0.00 0.00 0
40136 0.00 0.00 0.00 0
40137 0.00 0.00 0.00 0
40139 0.00 0.00 0.00 0
40140 0.00 0.00 0.00 0
40141 0.00 0.00 0.00 0
40142 0.00 0.00 0.00 0
40143 0.00 0.00 0.00 0
40144 0.00 0.00 0.00 0
40145 0.00 0.00 0.00 0
40315 0.00 0.00 0.00 0
40316 0.00 0.00 0.00 0
40317 0.00 0.00 0.00 0
40318 0.00 0.00 0.00 0
40319 0.00 0.00 0.00 0
40342 0.00 0.00 0.00 0
41138 0.00 0.00 0.00 0
41139 0.00 0.00 0.00 0
41140 0.00 0.00 0.00 0
41292 0.00 0.00 0.00 0
41293 0.00 0.00 0.00 0
41294 0.00 0.00 0.00 0
41295 0.00 0.00 0.00 0
41701 0.00 0.00 0.00 0
41702 0.00 0.00 0.00 0
41703 0.00 0.00 0.00 0
42743 0.00 0.00 0.00 0
42744 0.00 0.00 0.00 0
42745 0.00 0.00 0.00 0
42746 0.00 0.00 0.00 0
42747 0.00 0.00 0.00 0
42748 0.00 0.00 0.00 0
42749 0.00 0.00 0.00 0
42750 0.00 0.00 0.00 0
42754 0.00 0.00 0.00 0
42755 0.00 0.00 0.00 0
42756 0.00 0.00 0.00 0
42757 0.00 0.00 0.00 0
42758 0.00 0.00 0.00 0
42759 0.00 0.00 0.00 0
42760 0.00 0.00 0.00 0
42761 0.00 0.00 0.00 0
42762 0.00 0.00 0.00 0
42763 0.00 0.00 0.00 0
42764 0.00 0.00 0.00 0
42765 0.00 0.00 0.00 0
43502 0.00 0.00 0.00 0
43503 0.00 0.00 0.00 0
43504 0.00 0.00 0.00 0
43505 0.00 0.00 0.00 0
43506 0.00 0.00 0.00 0
43526 0.00 0.00 0.00 0
43527 0.00 0.00 0.00 0
43528 0.00 0.00 0.00 0
43529 0.00 0.00 0.00 0
43530 0.00 0.00 0.00 0
43531 0.00 0.00 0.00 0
43908 0.00 0.00 0.00 0
43909 0.00 0.00 0.00 0
43910 0.00 0.00 0.00 0
43911 0.00 0.00 0.00 0
43912 0.00 0.00 0.00 0
43924 0.00 0.00 0.00 0
43925 0.00 0.00 0.00 0
43926 0.00 0.00 0.00 0
43927 0.00 0.00 0.00 0
43928 0.00 0.00 0.00 0
43929 0.00 0.00 0.00 0
43930 0.00 0.00 0.00 0
43981 0.00 0.00 0.00 0
43982 0.00 0.00 0.00 0
43983 0.00 0.00 0.00 0
44693 0.00 0.00 0.00 0
44694 0.00 0.00 0.00 0
44695 0.00 0.00 0.00 0
44696 0.00 0.00 0.00 0
44697 0.00 0.00 0.00 0
44698 0.00 0.00 0.00 0
44699 0.00 0.00 0.00 0
45154 0.00 0.00 0.00 0
45155 0.00 0.00 0.00 0
45156 0.00 0.00 0.00 0
45157 0.00 0.00 0.00 0
45158 0.00 0.00 0.00 0
45159 0.00 0.00 0.00 0
45160 0.00 0.00 0.00 0
45161 0.00 0.00 0.00 0
45162 0.00 0.00 0.00 0
45163 0.00 0.00 0.00 0
45164 0.00 0.00 0.00 0
45165 0.00 0.00 0.00 0
46308 0.00 0.00 0.00 0
46309 0.00 0.00 0.00 0
46310 0.00 0.00 0.00 0
46311 0.00 0.00 0.00 0
46312 0.00 0.00 0.00 0
46333 0.00 0.00 0.00 0
46334 0.00 0.00 0.00 0
46335 0.00 0.00 0.00 0
46336 0.00 0.00 0.00 0
46337 0.00 0.00 0.00 0
49508 0.00 0.00 0.00 0
49509 0.00 0.00 0.00 0
49510 0.00 0.00 0.00 0
49511 0.00 0.00 0.00 0
49512 0.00 0.00 0.00 0
49513 0.00 0.00 0.00 0
49514 0.00 0.00 0.00 0
49515 0.00 0.00 0.00 0
49516 0.00 0.00 0.00 0
49517 0.00 0.00 0.00 0
49518 0.00 0.00 0.00 0
49519 0.00 0.00 0.00 0
49520 0.00 0.00 0.00 0
49521 0.00 0.00 0.00 0
49522 0.00 0.00 0.00 0
49523 0.00 0.00 0.00 0
49524 0.00 0.00 0.00 0
49525 0.00 0.00 0.00 0
49526 0.00 0.00 0.00 0
49527 0.00 0.00 0.00 0
49528 0.00 0.00 0.00 0
49529 0.00 0.00 0.00 0
49530 0.00 0.00 0.00 0
49537 0.00 0.00 0.00 0
49538 0.00 0.00 0.00 0
49539 0.00 0.00 0.00 0
49540 0.00 0.00 0.00 0
49541 0.00 0.00 0.00 0
49542 0.00 0.00 0.00 0
49543 0.00 0.00 0.00 0
49544 0.00 0.00 0.00 0
49545 0.00 0.00 0.00 0
49546 0.00 0.00 0.00 0
49547 0.00 0.00 0.00 0
49548 0.00 0.00 0.00 0
49549 0.00 0.00 0.00 0
49550 0.00 0.00 0.00 0
49551 0.00 0.00 0.00 0
49552 0.00 0.00 0.00 0
49553 0.00 0.00 0.00 0
49554 0.00 0.00 0.00 0
49555 0.00 0.00 0.00 0
49556 0.00 0.00 0.00 0
49557 0.00 0.00 0.00 0
49558 0.00 0.00 0.00 0
49559 0.00 0.00 0.00 0
49560 0.00 0.00 0.00 0
49561 0.00 0.00 0.00 0
49562 0.00 0.00 0.00 0
49563 0.00 0.00 0.00 0
49564 0.00 0.00 0.00 0
49565 0.00 0.00 0.00 0
49566 0.00 0.00 0.00 0
49570 0.00 0.00 0.00 0
49571 0.00 0.00 0.00 0
49572 0.00 0.00 0.00 0
49573 0.00 0.00 0.00 0
49574 0.00 0.00 0.00 0
49575 0.00 0.00 0.00 0
51796 0.00 0.00 0.00 0
51797 0.00 0.00 0.00 0
51798 0.00 0.00 0.00 0
51799 0.00 0.00 0.00 0
51800 0.00 0.00 0.00 0
51801 0.00 0.00 0.00 0
51850 0.00 0.00 0.00 0
51851 0.00 0.00 0.00 0
51852 0.00 0.00 0.00 0
51853 0.00 0.00 0.00 0
51854 0.00 0.00 0.00 0
51858 0.00 0.00 0.00 0
51859 0.00 0.00 0.00 0
51860 0.00 0.00 0.00 0
51861 0.00 0.00 0.00 0
51862 0.00 0.00 0.00 0
51863 0.00 0.00 0.00 0
51864 0.00 0.00 0.00 0
51865 0.00 0.00 0.00 0
51866 0.00 0.00 0.00 0
51867 0.00 0.00 0.00 0
51868 0.00 0.00 0.00 0
51869 0.00 0.00 0.00 0
51870 0.00 0.00 0.00 0
51871 0.00 0.00 0.00 0
51872 0.00 0.00 0.00 0
51873 0.00 0.00 0.00 0
51874 0.00 0.00 0.00 0
51875 0.00 0.00 0.00 0
51876 0.00 0.00 0.00 0
51882 0.00 0.00 0.00 0
51883 0.00 0.00 0.00 0
51884 0.00 0.00 0.00 0
52998 0.00 0.00 0.00 0
52999 0.00 0.00 0.00 0
53000 0.00 0.00 0.00 0
53001 0.00 0.00 0.00 0
53002 0.00 0.00 0.00 0
53003 0.00 0.00 0.00 0
53004 0.00 0.00 0.00 0
53005 0.00 0.00 0.00 0
53006 0.00 0.00 0.00 0
53007 0.00 0.00 0.00 0
53008 0.00 0.00 0.00 0
53009 0.00 0.00 0.00 0
53010 0.00 0.00 0.00 0
53011 0.00 0.00 0.00 0
53012 0.00 0.00 0.00 0
53013 0.00 0.00 0.00 0
53014 0.00 0.00 0.00 0
53015 0.00 0.00 0.00 0
53059 0.00 0.00 0.00 0
53060 0.00 0.00 0.00 0
53061 0.00 0.00 0.00 0
53062 0.00 0.00 0.00 0
53063 0.00 0.00 0.00 0
53064 0.00 0.00 0.00 0
53065 0.00 0.00 0.00 0
53066 0.00 0.00 0.00 0
53067 0.00 0.00 0.00 0
53068 0.00 0.00 0.00 0
53069 0.00 0.00 0.00 0
53070 0.00 0.00 0.00 0
53221 0.00 0.00 0.00 0
53222 0.00 0.00 0.00 0
53223 0.00 0.00 0.00 0
54293 0.00 0.00 0.00 0
54294 0.00 0.00 0.00 0
54295 0.00 0.00 0.00 0
54296 0.00 0.00 0.00 0
54297 0.00 0.00 0.00 0
54298 0.00 0.00 0.00 0
54299 0.00 0.00 0.00 0
54300 0.00 0.00 0.00 0
54754 0.00 0.00 0.00 0
54755 0.00 0.00 0.00 0
54756 0.00 0.00 0.00 0
54757 0.00 0.00 0.00 0
54758 0.00 0.00 0.00 0
54759 0.00 0.00 0.00 0
54760 0.00 0.00 0.00 0
54761 0.00 0.00 0.00 0
54762 0.00 0.00 0.00 0
54763 0.00 0.00 0.00 0
54764 0.00 0.00 0.00 0
54765 0.00 0.00 0.00 0
55908 0.00 0.00 0.00 0
55909 0.00 0.00 0.00 0
55910 0.00 0.00 0.00 0
55911 0.00 0.00 0.00 0
55912 0.00 0.00 0.00 0
57761 0.00 0.00 0.00 0
59108 0.00 0.00 0.00 0
59109 0.00 0.00 0.00 0
59110 0.00 0.00 0.00 0
59111 0.00 0.00 0.00 0
59112 0.00 0.00 0.00 0
59113 0.00 0.00 0.00 0
59114 0.00 0.00 0.00 0
59115 0.00 0.00 0.00 0
59116 0.00 0.00 0.00 0
59117 0.00 0.00 0.00 0
59118 0.00 0.00 0.00 0
59119 0.00 0.00 0.00 0
59120 0.00 0.00 0.00 0
59121 0.00 0.00 0.00 0
59122 0.00 0.00 0.00 0
59123 0.00 0.00 0.00 0
59124 0.00 0.00 0.00 0
59125 0.00 0.00 0.00 0
59126 0.00 0.00 0.00 0
59127 0.00 0.00 0.00 0
59128 0.00 0.00 0.00 0
59129 0.00 0.00 0.00 0
59130 0.00 0.00 0.00 0
59139 0.00 0.00 0.00 0
59140 0.00 0.00 0.00 0
59141 0.00 0.00 0.00 0
59142 0.00 0.00 0.00 0
59143 0.00 0.00 0.00 0
59144 0.00 0.00 0.00 0
59145 0.00 0.00 0.00 0
59146 0.00 0.00 0.00 0
59147 0.00 0.00 0.00 0
59148 0.00 0.00 0.00 0
59149 0.00 0.00 0.00 0
59150 0.00 0.00 0.00 0
59151 0.00 0.00 0.00 0
59152 0.00 0.00 0.00 0
59153 0.00 0.00 0.00 0
59154 0.00 0.00 0.00 0
59155 0.00 0.00 0.00 0
59156 0.00 0.00 0.00 0
59157 0.00 0.00 0.00 0
59158 0.00 0.00 0.00 0
59159 0.00 0.00 0.00 0
59160 0.00 0.00 0.00 0
59161 0.00 0.00 0.00 0
59162 0.00 0.00 0.00 0
59163 0.00 0.00 0.00 0
59164 0.00 0.00 0.00 0
59165 0.00 0.00 0.00 0
59166 0.00 0.00 0.00 0
59167 0.00 0.00 0.00 0
59168 0.00 0.00 0.00 0
59169 0.00 0.00 0.00 0
59170 0.00 0.00 0.00 0
59171 0.00 0.00 0.00 0
59172 0.00 0.00 0.00 0
59173 0.00 0.00 0.00 0
59174 0.00 0.00 0.00 0
59175 0.00 0.00 0.00 0
61389 0.00 0.00 0.00 0
61390 0.00 0.00 0.00 0
61391 0.00 0.00 0.00 0
61392 0.00 0.00 0.00 0
61393 0.00 0.00 0.00 0
61394 0.00 0.00 0.00 0
61395 0.00 0.00 0.00 0
61396 0.00 0.00 0.00 0
61397 0.00 0.00 0.00 0
61398 0.00 0.00 0.00 0
61399 0.00 0.00 0.00 0
61400 0.00 0.00 0.00 0
61401 0.00 0.00 0.00 0
61450 0.00 0.00 0.00 0
61451 0.00 0.00 0.00 0
61452 0.00 0.00 0.00 0
61453 0.00 0.00 0.00 0
61454 0.00 0.00 0.00 0
61458 0.00 0.00 0.00 0
61459 0.00 0.00 0.00 0
61460 0.00 0.00 0.00 0
61461 0.00 0.00 0.00 0
61462 0.00 0.00 0.00 0
61463 0.00 0.00 0.00 0
61464 0.00 0.00 0.00 0
61465 0.00 0.00 0.00 0
61466 0.00 0.00 0.00 0
61467 0.00 0.00 0.00 0
61468 0.00 0.00 0.00 0
61469 0.00 0.00 0.00 0
61470 0.00 0.00 0.00 0
61471 0.00 0.00 0.00 0
61472 0.00 0.00 0.00 0
61473 0.00 0.00 0.00 0
61474 0.00 0.00 0.00 0
61475 0.00 0.00 0.00 0
61476 0.00 0.00 0.00 0
62600 0.00 0.00 0.00 0
62601 0.00 0.00 0.00 0
62602 0.00 0.00 0.00 0
62603 0.00 0.00 0.00 0
62604 0.00 0.00 0.00 0
62605 0.00 0.00 0.00 0
62606 0.00 0.00 0.00 0
62607 0.00 0.00 0.00 0
62608 0.00 0.00 0.00 0
62609 0.00 0.00 0.00 0
62610 0.00 0.00 0.00 0
62611 0.00 0.00 0.00 0
62612 0.00 0.00 0.00 0
62613 0.00 0.00 0.00 0
62614 0.00 0.00 0.00 0
62615 0.00 0.00 0.00 0
62616 0.00 0.00 0.00 0
62617 0.00 0.00 0.00 0
62652 0.00 0.00 0.00 0
62658 0.00 0.00 0.00 0
62659 0.00 0.00 0.00 0
62660 0.00 0.00 0.00 0
62661 0.00 0.00 0.00 0
62662 0.00 0.00 0.00 0
62663 0.00 0.00 0.00 0
62664 0.00 0.00 0.00 0
62665 0.00 0.00 0.00 0
62666 0.00 0.00 0.00 0
62667 0.00 0.00 0.00 0
62668 0.00 0.00 0.00 0
62669 0.00 0.00 0.00 0
62670 0.00 0.00 0.00 0
62821 0.00 0.00 0.00 0
62822 0.00 0.00 0.00 0
62823 0.00 0.00 0.00 0
62825 0.00 0.00 0.00 0
64958 0.00 0.00 0.00 0
64959 0.00 0.00 0.00 0
64960 0.00 0.00 0.00 0
64961 0.00 0.00 0.00 0
64962 0.00 0.00 0.00 0
64963 0.00 0.00 0.00 0
64965 0.00 0.00 0.00 0
64966 0.00 0.00 0.00 0
64967 0.00 0.00 0.00 0
64968 0.00 0.00 0.00 0
64969 0.00 0.00 0.00 0
64970 0.00 0.00 0.00 0
64971 0.00 0.00 0.00 0
64972 0.00 0.00 0.00 0
64973 0.00 0.00 0.00 0
64974 0.00 0.00 0.00 0
64975 0.00 0.00 0.00 0
66308 0.00 0.00 0.00 0
66309 0.00 0.00 0.00 0
66310 0.00 0.00 0.00 0
66311 0.00 0.00 0.00 0
66312 0.00 0.00 0.00 0
66313 0.00 0.00 0.00 0
66314 0.00 0.00 0.00 0
66315 0.00 0.00 0.00 0
66319 0.00 0.00 0.00 0
66320 0.00 0.00 0.00 0
66321 0.00 0.00 0.00 0
66322 0.00 0.00 0.00 0
66323 0.00 0.00 0.00 0
66324 0.00 0.00 0.00 0
66325 0.00 0.00 0.00 0
66326 0.00 0.00 0.00 0
66327 0.00 0.00 0.00 0
66328 0.00 0.00 0.00 0
66329 0.00 0.00 0.00 0
66330 0.00 0.00 0.00 0
66336 0.00 0.00 0.00 0
66337 0.00 0.00 0.00 0
66338 0.00 0.00 0.00 0
66339 0.00 0.00 0.00 0
66340 0.00 0.00 0.00 0
66341 0.00 0.00 0.00 0
66342 0.00 0.00 0.00 0
66343 0.00 0.00 0.00 0
66344 0.00 0.00 0.00 0
66345 0.00 0.00 0.00 0
66346 0.00 0.00 0.00 0
66347 0.00 0.00 0.00 0
66348 0.00 0.00 0.00 0
66349 0.00 0.00 0.00 0
66350 0.00 0.00 0.00 0
66351 0.00 0.00 0.00 0
66352 0.00 0.00 0.00 0
66353 0.00 0.00 0.00 0
66354 0.00 0.00 0.00 0
66355 0.00 0.00 0.00 0
66356 0.00 0.00 0.00 0
66357 0.00 0.00 0.00 0
66358 0.00 0.00 0.00 0
66359 0.00 0.00 0.00 0
66360 0.00 0.00 0.00 0
66361 0.00 0.00 0.00 0
66362 0.00 0.00 0.00 0
66363 0.00 0.00 0.00 0
66364 0.00 0.00 0.00 0
66365 0.00 0.00 0.00 0
66366 0.00 0.00 0.00 0
66367 0.00 0.00 0.00 0
66368 0.00 0.00 0.00 0
66369 0.00 0.00 0.00 0
66370 0.00 0.00 0.00 0
66371 0.00 0.00 0.00 0
66372 0.00 0.00 0.00 0
66373 0.00 0.00 0.00 0
66374 0.00 0.00 0.00 0
66375 0.00 0.00 0.00 0
68600 0.00 0.00 0.00 0
68601 0.00 0.00 0.00 0
69798 0.00 0.00 0.00 0
69799 0.00 0.00 0.00 0
69800 0.00 0.00 0.00 0
69801 0.00 0.00 0.00 0
69802 0.00 0.00 0.00 0
69803 0.00 0.00 0.00 0
69804 0.00 0.00 0.00 0
69805 0.00 0.00 0.00 0
69806 0.00 0.00 0.00 0
69807 0.00 0.00 0.00 0
69808 0.00 0.00 0.00 0
69809 0.00 0.00 0.00 0
69810 0.00 0.00 0.00 0
69811 0.00 0.00 0.00 0
69812 0.00 0.00 0.00 0
69813 0.00 0.00 0.00 0
69814 0.00 0.00 0.00 0
69815 0.00 0.00 0.00 0
69816 0.00 0.00 0.00 0
69817 0.00 0.00 0.00 0
69864 0.00 0.00 0.00 0
69874 0.00 0.00 0.00 0
69881 0.00 0.00 0.00 0
69883 0.00 0.00 0.00 0
69885 0.00 0.00 0.00 0
70021 0.00 0.00 0.00 0
70022 0.00 0.00 0.00 0
75421 0.00 0.00 0.00 0
75422 0.00 0.00 0.00 0
75423 0.00 0.00 0.00 0
79403 0.00 0.00 0.00 0
79404 0.00 0.00 0.00 0
79405 0.00 0.00 0.00 0
79406 0.00 0.00 0.00 0
79407 0.00 0.00 0.00 0
79408 0.00 0.00 0.00 0
79409 0.00 0.00 0.00 0
79410 0.00 0.00 0.00 0
79411 0.00 0.00 0.00 0
79412 0.00 0.00 0.00 0
79413 0.00 0.00 0.00 0
79414 0.00 0.00 0.00 0
79415 0.00 0.00 0.00 0
79416 0.00 0.00 0.00 0
79417 0.00 0.00 0.00 0
79418 0.00 0.00 0.00 0
79419 0.00 0.00 0.00 0
79420 0.00 0.00 0.00 0
79421 0.00 0.00 0.00 0
79422 0.00 0.00 0.00 0
79423 0.00 0.00 0.00 0
79424 0.00 0.00 0.00 0
79425 0.00 0.00 0.00 0
79426 0.00 0.00 0.00 0
79427 0.00 0.00 0.00 0
79428 0.00 0.00 0.00 0
79429 0.00 0.00 0.00 0
79430 0.00 0.00 0.00 0
79431 0.00 0.00 0.00 0
79432 0.00 0.00 0.00 0
79433 0.00 0.00 0.00 0
79434 0.00 0.00 0.00 0
79435 0.00 0.00 0.00 0
79436 0.00 0.00 0.00 0
79437 0.00 0.00 0.00 0
79438 0.00 0.00 0.00 0
79439 0.00 0.00 0.00 0
79440 0.00 0.00 0.00 0
79441 0.00 0.00 0.00 0
79442 0.00 0.00 0.00 0
79443 0.00 0.00 0.00 0
79444 0.00 0.00 0.00 0
79445 0.00 0.00 0.00 0
79446 0.00 0.00 0.00 0
79447 0.00 0.00 0.00 0
79448 0.00 0.00 0.00 0
79449 0.00 0.00 0.00 0
79450 0.00 0.00 0.00 0
79451 0.00 0.00 0.00 0
79452 0.00 0.00 0.00 0
79453 0.00 0.00 0.00 0
79454 0.00 0.00 0.00 0
79455 0.00 0.00 0.00 0
79456 0.00 0.00 0.00 0
79457 0.00 0.00 0.00 0
79458 0.00 0.00 0.00 0
79459 0.00 0.00 0.00 0
79460 0.00 0.00 0.00 0
79461 0.00 0.00 0.00 0
79462 0.00 0.00 0.00 0
79463 0.00 0.00 0.00 0
79464 0.00 0.00 0.00 0
79465 0.00 0.00 0.00 0
79466 0.00 0.00 0.00 0
79467 0.00 0.00 0.00 0
79468 0.00 0.00 0.00 0
79469 0.00 0.00 0.00 0
79470 0.00 0.00 0.00 0
79489 0.00 0.00 0.00 0
79490 0.00 0.00 0.00 0
79491 0.00 0.00 0.00 0
79492 0.00 0.00 0.00 0
79493 0.00 0.00 0.00 0
79497 0.00 0.00 0.00 0
79498 0.00 0.00 0.00 0
79499 0.00 0.00 0.00 0
79500 0.00 0.00 0.00 0
79501 0.00 0.00 0.00 0
79502 0.00 0.00 0.00 0
79503 0.00 0.00 0.00 0
79504 0.00 0.00 0.00 0
79505 0.00 0.00 0.00 0
79506 0.00 0.00 0.00 0
79507 0.00 0.00 0.00 0
79508 0.00 0.00 0.00 0
79509 0.00 0.00 0.00 0
79510 0.00 0.00 0.00 0
79511 0.00 0.00 0.00 0
79512 0.00 0.00 0.00 0
79513 0.00 0.00 0.00 0
79514 0.00 0.00 0.00 0
79515 0.00 0.00 0.00 0
79516 0.00 0.00 0.00 0
79517 0.00 0.00 0.00 0
79518 0.00 0.00 0.00 0
79519 0.00 0.00 0.00 0
79520 0.00 0.00 0.00 0
79521 0.00 0.00 0.00 0
79522 0.00 0.00 0.00 0
79523 0.00 0.00 0.00 0
79524 0.00 0.00 0.00 0
79525 0.00 0.00 0.00 0
79526 0.00 0.00 0.00 0
79527 0.00 0.00 0.00 0
79528 0.00 0.00 0.00 0
79529 0.00 0.00 0.00 0
79530 0.00 0.00 0.00 0
79531 0.00 0.00 0.00 0
79532 0.00 0.00 0.00 0
79533 0.00 0.00 0.00 0
79534 0.00 0.00 0.00 0
79535 0.00 0.00 0.00 0
79536 0.00 0.00 0.00 0
79537 0.00 0.00 0.00 0
79538 0.00 0.00 0.00 0
79539 0.00 0.00 0.00 0
79540 0.00 0.00 0.00 0
79541 0.00 0.00 0.00 0
79542 0.00 0.00 0.00 0
79543 0.00 0.00 0.00 0
79544 0.00 0.00 0.00 0
79545 0.00 0.00 0.00 0
79546 0.00 0.00 0.00 0
79547 0.00 0.00 0.00 0
79548 0.00 0.00 0.00 0
79549 0.00 0.00 0.00 0
79550 0.00 0.00 0.00 0
79551 0.00 0.00 0.00 0
79552 0.00 0.00 0.00 0
79553 0.00 0.00 0.00 0
79561 0.00 0.00 0.00 0
79562 0.00 0.00 0.00 0
79563 0.00 0.00 0.00 0
79564 0.00 0.00 0.00 0
79565 0.00 0.00 0.00 0
79566 0.00 0.00 0.00 0
79567 0.00 0.00 0.00 0
79568 0.00 0.00 0.00 0
79569 0.00 0.00 0.00 0
79570 0.00 0.00 0.00 0
79571 0.00 0.00 0.00 0
79572 0.00 0.00 0.00 0
79573 0.00 0.00 0.00 0
79574 0.00 0.00 0.00 0
79575 0.00 0.00 0.00 0
79576 0.00 0.00 0.00 0
79577 0.00 0.00 0.00 0
79578 0.00 0.00 0.00 0
79591 0.00 0.00 0.00 0
79592 0.00 0.00 0.00 0
79593 0.00 0.00 0.00 0
79594 0.00 0.00 0.00 0
79595 0.00 0.00 0.00 0
79596 0.00 0.00 0.00 0
86265 0.00 0.00 0.00 0
86266 0.00 0.00 0.00 0
86267 0.00 0.00 0.00 0
86268 0.00 0.00 0.00 0
86269 0.00 0.00 0.00 0
86270 0.00 0.00 0.00 0
86271 0.00 0.00 0.00 0
86272 0.00 0.00 0.00 0
86273 0.00 0.00 0.00 0
86274 0.00 0.00 0.00 0
86275 0.00 0.00 0.00 0
86276 0.00 0.00 0.00 0
86277 0.00 0.00 0.00 0
86278 0.00 0.00 0.00 0
86279 0.00 0.00 0.00 0
86280 0.00 0.00 0.00 0
86281 0.00 0.00 0.00 0
86282 0.00 0.00 0.00 0
86283 0.00 0.00 0.00 0
86284 0.00 0.00 0.00 0
86285 0.00 0.00 0.00 0
86286 0.00 0.00 0.00 0
86429 0.00 0.00 0.00 0
86430 0.00 0.00 0.00 0
86431 0.00 0.00 0.00 0
86432 0.00 0.00 0.00 0
86433 0.00 0.00 0.00 0
86434 0.00 0.00 0.00 0
86435 0.00 0.00 0.00 0
86436 0.00 0.00 0.00 0
86437 0.00 0.00 0.00 0
86438 0.00 0.00 0.00 0
86439 0.00 0.00 0.00 0
86440 0.00 0.00 0.00 0
86441 0.00 0.00 0.00 0
86442 0.00 0.00 0.00 0
86443 0.00 0.00 0.00 0
86444 0.00 0.00 0.00 0
86448 0.00 0.00 0.00 0
86449 0.00 0.00 0.00 0
86450 0.00 0.00 0.00 0
86451 0.00 0.00 0.00 0
86452 0.00 0.00 0.00 0
86453 0.00 0.00 0.00 0
86454 0.00 0.00 0.00 0
86455 0.00 0.00 0.00 0
86456 0.00 0.00 0.00 0
86457 0.00 0.00 0.00 0
86458 0.00 0.00 0.00 0
86459 0.00 0.00 0.00 0
86460 0.00 0.00 0.00 0
86461 0.00 0.00 0.00 0
86462 0.00 0.00 0.00 0
86463 0.00 0.00 0.00 0
86464 0.00 0.00 0.00 0
86465 0.00 0.00 0.00 0
86466 0.00 0.00 0.00 0
86467 0.00 0.00 0.00 0
86468 0.00 0.00 0.00 0
86469 0.00 0.00 0.00 0
86470 0.00 0.00 0.00 0
86471 0.00 0.00 0.00 0
86472 0.00 0.00 0.00 0
86473 0.00 0.00 0.00 0
86474 0.00 0.00 0.00 0
86475 0.00 0.00 0.00 0
86476 0.00 0.00 0.00 0
86477 0.00 0.00 0.00 0
86478 0.00 0.00 0.00 0
86479 0.00 0.00 0.00 0
86480 0.00 0.00 0.00 0
86481 0.00 0.00 0.00 0
86482 0.00 0.00 0.00 0
86483 0.00 0.00 0.00 0
86484 0.00 0.00 0.00 0
86485 0.00 0.00 0.00 0
86486 0.00 0.00 0.00 0
86487 0.00 0.00 0.00 0
86488 0.00 0.00 0.00 0
86489 0.00 0.00 0.00 0
86490 0.00 0.00 0.00 0
86491 0.00 0.00 0.00 0
86492 0.00 0.00 0.00 0
86493 0.00 0.00 0.00 0
86494 0.00 0.00 0.00 0
86495 0.00 0.00 0.00 0
86496 0.00 0.00 0.00 0
86497 0.00 0.00 0.00 0
86498 0.00 0.00 0.00 0
86499 0.00 0.00 0.00 0
86500 0.00 0.00 0.00 0
86501 0.00 0.00 0.00 0
86502 0.00 0.00 0.00 0
86503 0.00 0.00 0.00 0
86504 0.00 0.00 0.00 0
86505 0.00 0.00 0.00 0
86506 0.00 0.00 0.00 0
86507 0.00 0.00 0.00 0
86508 0.00 0.00 0.00 0
86509 0.00 0.00 0.00 0
86510 0.00 0.00 0.00 0
86511 0.00 0.00 0.00 0
86512 0.00 0.00 0.00 0
86513 0.00 0.00 0.00 0
86514 0.00 0.00 0.00 0
86515 0.00 0.00 0.00 0
86516 0.00 0.00 0.00 0
86517 0.00 0.00 0.00 0
86518 0.00 0.00 0.00 0
86519 0.00 0.00 0.00 0
86523 0.00 0.00 0.00 0
86524 0.00 0.00 0.00 0
86525 0.00 0.00 0.00 0
86526 0.00 0.00 0.00 0
86527 0.00 0.00 0.00 0
86528 0.00 0.00 0.00 0
86529 0.00 0.00 0.00 0
86530 0.00 0.00 0.00 0
86531 0.00 0.00 0.00 0
86532 0.00 0.00 0.00 0
86533 0.00 0.00 0.00 0
86534 0.00 0.00 0.00 0
86535 0.00 0.00 0.00 0
86536 0.00 0.00 0.00 0
86538 0.00 0.00 0.00 0
89866 0.00 0.00 0.00 0
89868 0.00 0.00 0.00 0
89869 0.00 0.00 0.00 0
89870 0.00 0.00 0.00 0
89871 0.00 0.00 0.00 0
89872 0.00 0.00 0.00 0
89873 0.00 0.00 0.00 0
89874 0.00 0.00 0.00 0
89875 0.00 0.00 0.00 0
89876 0.00 0.00 0.00 0
89877 0.00 0.00 0.00 0
89878 0.00 0.00 0.00 0
89879 0.00 0.00 0.00 0
89880 0.00 0.00 0.00 0
89881 0.00 0.00 0.00 0
89882 0.00 0.00 0.00 0
89883 0.00 0.00 0.00 0
89884 0.00 0.00 0.00 0
89885 0.00 0.00 0.00 0
89886 0.00 0.00 0.00 0
89887 0.00 0.00 0.00 0
89888 0.00 0.00 0.00 0
89889 0.00 0.00 0.00 0
89890 0.00 0.00 0.00 0
89891 0.00 0.00 0.00 0
89892 0.00 0.00 0.00 0
89893 0.00 0.00 0.00 0
89894 0.00 0.00 0.00 0
89895 0.00 0.00 0.00 0
89896 0.00 0.00 0.00 0
89897 0.00 0.00 0.00 0
89898 0.00 0.00 0.00 0
89899 0.00 0.00 0.00 0
89900 0.00 0.00 0.00 0
89901 0.00 0.00 0.00 0
89902 0.00 0.00 0.00 0
89903 0.00 0.00 0.00 0
89904 0.00 0.00 0.00 0
89905 0.00 0.00 0.00 0
89906 0.00 0.00 0.00 0
89907 0.00 0.00 0.00 0
89908 0.00 0.00 0.00 0
89909 0.00 0.00 0.00 0
89910 0.00 0.00 0.00 0
89911 0.00 0.00 0.00 0
89912 0.00 0.00 0.00 0
89913 0.00 0.00 0.00 0
89914 0.00 0.00 0.00 0
89915 0.00 0.00 0.00 0
89916 0.00 0.00 0.00 0
89917 0.00 0.00 0.00 0
89918 0.00 0.00 0.00 0
89919 0.00 0.00 0.00 0
89920 0.00 0.00 0.00 0
89921 0.00 0.00 0.00 0
89922 0.00 0.00 0.00 0
89923 0.00 0.00 0.00 0
89924 0.00 0.00 0.00 0
89925 0.00 0.00 0.00 0
89926 0.00 0.00 0.00 0
89927 0.00 0.00 0.00 0
90064 0.00 0.00 0.00 0
90066 0.00 0.00 0.00 0
90068 0.00 0.00 0.00 0
90069 0.00 0.00 0.00 0
90070 0.00 0.00 0.00 0
90071 0.00 0.00 0.00 0
90072 0.00 0.00 0.00 0
90073 0.00 0.00 0.00 0
90074 0.00 0.00 0.00 0
90075 0.00 0.00 0.00 0
90076 0.00 0.00 0.00 0
90077 0.00 0.00 0.00 0
90078 0.00 0.00 0.00 0
90079 0.00 0.00 0.00 0
90080 0.00 0.00 0.00 0
90081 0.00 0.00 0.00 0
90082 0.00 0.00 0.00 0
90083 0.00 0.00 0.00 0
90084 0.00 0.00 0.00 0
90085 0.00 0.00 0.00 0
90086 0.00 0.00 0.00 0
90087 0.00 0.00 0.00 0
90088 0.00 0.00 0.00 0
90089 0.00 0.00 0.00 0
90090 0.00 0.00 0.00 0
90091 0.00 0.00 0.00 0
90092 0.00 0.00 0.00 0
90093 0.00 0.00 0.00 0
90094 0.00 0.00 0.00 0
90095 0.00 0.00 0.00 0
90096 0.00 0.00 0.00 0
90097 0.00 0.00 0.00 0
90098 0.00 0.00 0.00 0
90102 0.00 0.00 0.00 0
90103 0.00 0.00 0.00 0
90104 0.00 0.00 0.00 0
90105 0.00 0.00 0.00 0
90106 0.00 0.00 0.00 0
90107 0.00 0.00 0.00 0
90108 0.00 0.00 0.00 0
90109 0.00 0.00 0.00 0
90110 0.00 0.00 0.00 0
90111 0.00 0.00 0.00 0
90112 0.00 0.00 0.00 0
90113 0.00 0.00 0.00 0
90114 0.00 0.00 0.00 0
90115 0.00 0.00 0.00 0
90541 0.00 0.00 0.00 0
90542 0.00 0.00 0.00 0
90543 0.00 0.00 0.00 0
90544 0.00 0.00 0.00 0
90545 0.00 0.00 0.00 0
90546 0.00 0.00 0.00 0
90547 0.00 0.00 0.00 0
90548 0.00 0.00 0.00 0
90549 0.00 0.00 0.00 0
90550 0.00 0.00 0.00 0
90551 0.00 0.00 0.00 0
90553 0.00 0.00 0.00 0
90564 0.00 0.00 0.00 0
90565 0.00 0.00 0.00 0
90609 0.00 0.00 0.00 0
90610 0.00 0.00 0.00 0
90611 0.00 0.00 0.00 0
92480 0.00 0.00 0.00 0
92481 0.00 0.00 0.00 0
92482 0.00 0.00 0.00 0
92483 0.00 0.00 0.00 0
92484 0.00 0.00 0.00 0
92758 0.00 0.00 0.00 0
92759 0.00 0.00 0.00 0
92760 0.00 0.00 0.00 0
92761 0.00 0.00 0.00 0
92762 0.00 0.00 0.00 0
92763 0.00 0.00 0.00 0
93451 0.00 0.00 0.00 0
93493 0.00 0.00 0.00 0
93495 0.00 0.00 0.00 0
93496 0.00 0.00 0.00 0
93497 0.00 0.00 0.00 0
94562 0.00 0.00 0.00 0
94563 0.00 0.00 0.00 0
95369 0.00 0.00 0.00 0
95370 0.00 0.00 0.00 0
95371 0.00 0.00 0.00 0
95372 0.00 0.00 0.00 0
95373 0.00 0.00 0.00 0
95374 0.00 0.00 0.00 0
95375 0.00 0.00 0.00 0
95376 0.00 0.00 0.00 0
95377 0.00 0.00 0.00 0
95378 0.00 0.00 0.00 0
95379 0.00 0.00 0.00 0
95380 0.00 0.00 0.00 0
95381 0.00 0.00 0.00 0
95382 0.00 0.00 0.00 0
95388 0.00 0.00 0.00 0
95389 0.00 0.00 0.00 0
95390 0.00 0.00 0.00 0
95391 0.00 0.00 0.00 0
95392 0.00 0.00 0.00 0
95393 0.00 0.00 0.00 0
95394 0.00 0.00 0.00 0
95395 0.00 0.00 0.00 0
95396 0.00 0.00 0.00 0
95397 0.00 0.00 0.00 0
95398 0.00 0.00 0.00 0
95399 0.00 0.00 0.00 0
95400 0.00 0.00 0.00 0
95401 0.00 0.00 0.00 0
95402 0.00 0.00 0.00 0
95403 0.00 0.00 0.00 0
95404 0.00 0.00 0.00 0
95405 0.00 0.00 0.00 0
95406 0.00 0.00 0.00 0
95407 0.00 0.00 0.00 0
95408 0.00 0.00 0.00 0
95409 0.00 0.00 0.00 0
96736 0.00 0.00 0.00 0
96737 0.00 0.00 0.00 0
96738 0.00 0.00 0.00 0
96739 0.00 0.00 0.00 0
96740 0.00 0.00 0.00 0
96741 0.00 0.00 0.00 0
96742 0.00 0.00 0.00 0
96743 0.00 0.00 0.00 0
96744 0.00 0.00 0.00 0
96775 0.00 0.00 0.00 0
96776 0.00 0.00 0.00 0
96780 0.00 0.00 0.00 0
96781 0.00 0.00 0.00 0
96782 0.00 0.00 0.00 0
96783 0.00 0.00 0.00 0
96784 0.00 0.00 0.00 0
96785 0.00 0.00 0.00 0
96786 0.00 0.00 0.00 0
96787 0.00 0.00 0.00 0
96788 0.00 0.00 0.00 0
96789 0.00 0.00 0.00 0
97466 0.00 0.00 0.00 0
97467 0.00 0.00 0.00 0
97468 0.00 0.00 0.00 0
97469 0.00 0.00 0.00 0
97470 0.00 0.00 0.00 0
97471 0.00 0.00 0.00 0
97472 0.00 0.00 0.00 0
97473 0.00 0.00 0.00 0
97474 0.00 0.00 0.00 0
97497 0.00 0.00 0.00 0
97498 0.00 0.00 0.00 0
97499 0.00 0.00 0.00 0
97500 0.00 0.00 0.00 0
97501 0.00 0.00 0.00 0
97502 0.00 0.00 0.00 0
97503 0.00 0.00 0.00 0
97504 0.00 0.00 0.00 0
97505 0.00 0.00 0.00 0
97506 0.00 0.00 0.00 0
97597 0.00 0.00 0.00 0
97598 0.00 0.00 0.00 0
97599 0.00 0.00 0.00 0
97600 0.00 0.00 0.00 0
98879 0.00 0.00 0.00 0
98880 0.00 0.00 0.00 0
98881 0.00 0.00 0.00 0
98882 0.00 0.00 0.00 0
98883 0.00 0.00 0.00 0
98884 0.00 0.00 0.00 0
98885 0.00 0.00 0.00 0
98886 0.00 0.00 0.00 0
98887 0.00 0.00 0.00 0
98888 0.00 0.00 0.00 0
98889 0.00 0.00 0.00 0
98890 0.00 0.00 0.00 0
99689 0.00 0.00 0.00 0
99690 0.00 0.00 0.00 0
99691 0.00 0.00 0.00 0
99692 0.00 0.00 0.00 0
99693 0.00 0.00 0.00 0
99699 0.00 0.00 0.00 0
99707 0.00 0.00 0.00 0
99708 0.00 0.00 0.00 0
99709 0.00 0.00 0.00 0
99710 0.00 0.00 0.00 0
99711 0.00 0.00 0.00 0
99712 0.00 0.00 0.00 0
99713 0.00 0.00 0.00 0
99714 0.00 0.00 0.00 0
99715 0.00 0.00 0.00 0
99716 0.00 0.00 0.00 0
99717 0.00 0.00 0.00 0
99718 0.00 0.00 0.00 0
99719 0.00 0.00 0.00 0
99720 0.00 0.00 0.00 0
99721 0.00 0.00 0.00 0
99722 0.00 0.00 0.00 0
99723 0.00 0.00 0.00 0
99724 0.00 0.00 0.00 0
99725 0.00 0.00 0.00 0
99726 0.00 0.00 0.00 0
99727 0.00 0.00 0.00 0
99728 0.00 0.00 0.00 0
99729 0.00 0.00 0.00 0
101064 0.00 0.00 0.00 0
101785 0.00 0.00 0.00 0
101786 0.00 0.00 0.00 0
101787 0.00 0.00 0.00 0
101788 0.00 0.00 0.00 0
101789 0.00 0.00 0.00 0
101790 0.00 0.00 0.00 0
101791 0.00 0.00 0.00 0
101792 0.00 0.00 0.00 0
101793 0.00 0.00 0.00 0
101794 0.00 0.00 0.00 0
101831 0.00 0.00 0.00 0
101832 0.00 0.00 0.00 0
101833 0.00 0.00 0.00 0
101834 0.00 0.00 0.00 0
101835 0.00 0.00 0.00 0
101836 0.00 0.00 0.00 0
101837 0.00 0.00 0.00 0
101838 0.00 0.00 0.00 0
105157 0.00 0.00 0.00 0
107546 0.00 0.00 0.00 0
107547 0.00 0.00 0.00 0
107548 0.00 0.00 0.00 0
107549 0.00 0.00 0.00 0
107550 0.00 0.00 0.00 0
107551 0.00 0.00 0.00 0
107552 0.00 0.00 0.00 0
107553 0.00 0.00 0.00 0
107554 0.00 0.00 0.00 0
107555 0.00 0.00 0.00 0
107556 0.00 0.00 0.00 0
107557 0.00 0.00 0.00 0
107558 0.00 0.00 0.00 0
107559 0.00 0.00 0.00 0
107560 0.00 0.00 0.00 0
107561 0.00 0.00 0.00 0
107562 0.00 0.00 0.00 0
107563 0.00 0.00 0.00 0
107564 0.00 0.00 0.00 0
107565 0.00 0.00 0.00 0
107566 0.00 0.00 0.00 0
107567 0.00 0.00 0.00 0
107568 0.00 0.00 0.00 0
107569 0.00 0.00 0.00 0
107570 0.00 0.00 0.00 0
107571 0.00 0.00 0.00 0
107572 0.00 0.00 0.00 0
107573 0.00 0.00 0.00 0
107574 0.00 0.00 0.00 0
107575 0.00 0.00 0.00 0
107576 0.00 0.00 0.00 0
107577 0.00 0.00 0.00 0
107578 0.00 0.00 0.00 0
107579 0.00 0.00 0.00 0
107580 0.00 0.00 0.00 0
107581 0.00 0.00 0.00 0
107582 0.00 0.00 0.00 0
107583 0.00 0.00 0.00 0
107584 0.00 0.00 0.00 0
107585 0.00 0.00 0.00 0
107586 0.00 0.00 0.00 0
107598 0.00 0.00 0.00 0
107599 0.00 0.00 0.00 0
107600 0.00 0.00 0.00 0
107601 0.00 0.00 0.00 0
107602 0.00 0.00 0.00 0
107603 0.00 0.00 0.00 0
107604 0.00 0.00 0.00 0
107605 0.00 0.00 0.00 0
107606 0.00 0.00 0.00 0
107607 0.00 0.00 0.00 0
107608 0.00 0.00 0.00 0
107609 0.00 0.00 0.00 0
107610 0.00 0.00 0.00 0
107611 0.00 0.00 0.00 0
107612 0.00 0.00 0.00 0
107613 0.00 0.00 0.00 0
107614 0.00 0.00 0.00 0
107615 0.00 0.00 0.00 0
107616 0.00 0.00 0.00 0
107617 0.00 0.00 0.00 0
107618 0.00 0.00 0.00 0
107619 0.00 0.00 0.00 0
107620 0.00 0.00 0.00 0
107621 0.00 0.00 0.00 0
107622 0.00 0.00 0.00 0
107623 0.00 0.00 0.00 0
107624 0.00 0.00 0.00 0
107625 0.00 0.00 0.00 0
107626 0.00 0.00 0.00 0
107627 0.00 0.00 0.00 0
107628 0.00 0.00 0.00 0
107629 0.00 0.00 0.00 0
107630 0.00 0.00 0.00 0
107631 0.00 0.00 0.00 0
107632 0.00 0.00 0.00 0
107633 0.00 0.00 0.00 0
107634 0.00 0.00 0.00 0
107635 0.00 0.00 0.00 0
107636 0.00 0.00 0.00 0
107637 0.00 0.00 0.00 0
107638 0.00 0.00 0.00 0
107639 0.00 0.00 0.00 0
107640 0.00 0.00 0.00 0
107641 0.00 0.00 0.00 0
107642 0.00 0.00 0.00 0
107643 0.00 0.00 0.00 0
107644 0.00 0.00 0.00 0
107645 0.00 0.00 0.00 0
107646 0.00 0.00 0.00 0
107647 0.00 0.00 0.00 0
107648 0.00 0.00 0.00 0
107649 0.00 0.00 0.00 0
107650 0.00 0.00 0.00 0
107651 0.00 0.00 0.00 0
107659 0.00 0.00 0.00 0
107660 0.00 0.00 0.00 0
107661 0.00 0.00 0.00 0
107662 0.00 0.00 0.00 0
107663 0.00 0.00 0.00 0
107664 0.00 0.00 0.00 0
107665 0.00 0.00 0.00 0
107666 0.00 0.00 0.00 0
107667 0.00 0.00 0.00 0
111663 0.00 0.00 0.00 0
111665 0.00 0.00 0.00 0
111666 0.00 0.00 0.00 0
111667 0.00 0.00 0.00 0
111668 0.00 0.00 0.00 0
111669 0.00 0.00 0.00 0
111670 0.00 0.00 0.00 0
111671 0.00 0.00 0.00 0
111672 0.00 0.00 0.00 0
111673 0.00 0.00 0.00 0
111674 0.00 0.00 0.00 0
111675 0.00 0.00 0.00 0
111762 0.00 0.00 0.00 0
111763 0.00 0.00 0.00 0
111764 0.00 0.00 0.00 0
111765 0.00 0.00 0.00 0
111766 0.00 0.00 0.00 0
111767 0.00 0.00 0.00 0
111768 0.00 0.00 0.00 0
111769 0.00 0.00 0.00 0
111770 0.00 0.00 0.00 0
111775 0.00 0.00 0.00 0
111776 0.00 0.00 0.00 0
111777 0.00 0.00 0.00 0
111778 0.00 0.00 0.00 0
111779 0.00 0.00 0.00 0
111780 0.00 0.00 0.00 0
111781 0.00 0.00 0.00 0
111782 0.00 0.00 0.00 0
111783 0.00 0.00 0.00 0
111784 0.00 0.00 0.00 0
111785 0.00 0.00 0.00 0
111786 0.00 0.00 0.00 0
111787 0.00 0.00 0.00 0
111788 0.00 0.00 0.00 0
111789 0.00 0.00 0.00 0
111790 0.00 0.00 0.00 0
111791 0.00 0.00 0.00 0
111792 0.00 0.00 0.00 0
111793 0.00 0.00 0.00 0
111794 0.00 0.00 0.00 0
111795 0.00 0.00 0.00 0
111796 0.00 0.00 0.00 0
111797 0.00 0.00 0.00 0
111798 0.00 0.00 0.00 0
111799 0.00 0.00 0.00 0
111800 0.00 0.00 0.00 0
111801 0.00 0.00 0.00 0
111802 0.00 0.00 0.00 0
111803 0.00 0.00 0.00 0
111804 0.00 0.00 0.00 0
111805 0.00 0.00 0.00 0
111806 0.00 0.00 0.00 0
111807 0.00 0.00 0.00 0
111808 0.00 0.00 0.00 0
111809 0.00 0.00 0.00 0
111810 0.00 0.00 0.00 0
111815 0.00 0.00 0.00 0
111819 0.00 0.00 0.00 0
111820 0.00 0.00 0.00 0
111821 0.00 0.00 0.00 0
111822 0.00 0.00 0.00 0
111823 0.00 0.00 0.00 0
111824 0.00 0.00 0.00 0
111825 0.00 0.00 0.00 0
111826 0.00 0.00 0.00 0
113827 0.00 0.00 0.00 0
113828 0.00 0.00 0.00 0
113829 0.00 0.00 0.00 0
113830 0.00 0.00 0.00 0
113831 0.00 0.00 0.00 0
113832 0.00 0.00 0.00 0
113833 0.00 0.00 0.00 0
113834 0.00 0.00 0.00 0
113835 0.00 0.00 0.00 0
113836 0.00 0.00 0.00 0
113837 0.00 0.00 0.00 0
113838 0.00 0.00 0.00 0
113839 0.00 0.00 0.00 0
113840 0.00 0.00 0.00 0
113841 0.00 0.00 0.00 0
113842 0.00 0.00 0.00 0
113843 0.00 0.00 0.00 0
113844 0.00 0.00 0.00 0
113845 0.00 0.00 0.00 0
113846 0.00 0.00 0.00 0
113847 0.00 0.00 0.00 0
113848 0.00 0.00 0.00 0
113849 0.00 0.00 0.00 0
113850 0.00 0.00 0.00 0
113851 0.00 0.00 0.00 0
113852 0.00 0.00 0.00 0
113853 0.00 0.00 0.00 0
113854 0.00 0.00 0.00 0
113855 0.00 0.00 0.00 0
113856 0.00 0.00 0.00 0
113857 0.00 0.00 0.00 0
113858 0.00 0.00 0.00 0
113859 0.00 0.00 0.00 0
113860 0.00 0.00 0.00 0
113861 0.00 0.00 0.00 0
113937 0.00 0.00 0.00 0
113938 0.00 0.00 0.00 0
113939 0.00 0.00 0.00 0
113940 0.00 0.00 0.00 0
113943 0.00 0.00 0.00 0
113944 0.00 0.00 0.00 0
113945 0.00 0.00 0.00 0
113946 0.00 0.00 0.00 0
113947 0.00 0.00 0.00 0
113948 0.00 0.00 0.00 0
113949 0.00 0.00 0.00 0
113950 0.00 0.00 0.00 0
113951 0.00 0.00 0.00 0
113952 0.00 0.00 0.00 0
113953 0.00 0.00 0.00 0
113954 0.00 0.00 0.00 0
113955 0.00 0.00 0.00 0
113956 0.00 0.00 0.00 0
113957 0.00 0.00 0.00 0
113958 0.00 0.00 0.00 0
113960 0.00 0.00 0.00 0
113963 0.00 0.00 0.00 0
113968 0.00 0.00 0.00 0
113969 0.00 0.00 0.00 0
113970 0.00 0.00 0.00 0
113971 0.00 0.00 0.00 0
113972 0.00 0.00 0.00 0
113973 0.00 0.00 0.00 0
114229 0.00 0.00 0.00 0
114230 0.00 0.00 0.00 0
114231 0.00 0.00 0.00 0
114232 0.00 0.00 0.00 0
114233 0.00 0.00 0.00 0
114235 0.00 0.00 0.00 0
114271 0.00 0.00 0.00 0
115946 0.00 0.00 0.00 0
115947 0.00 0.00 0.00 0
115948 0.00 0.00 0.00 0
115949 0.00 0.00 0.00 0
115950 0.00 0.00 0.00 0
115951 0.00 0.00 0.00 0
115952 0.00 0.00 0.00 0
115953 0.00 0.00 0.00 0
115954 0.00 0.00 0.00 0
115955 0.00 0.00 0.00 0
115956 0.00 0.00 0.00 0
116590 0.00 0.00 0.00 0
116591 0.00 0.00 0.00 0
116592 0.00 0.00 0.00 0
116593 0.00 0.00 0.00 0
116594 0.00 0.00 0.00 0
116595 0.00 0.00 0.00 0
116596 0.00 0.00 0.00 0
116597 0.00 0.00 0.00 0
116598 0.00 0.00 0.00 0
116599 0.00 0.00 0.00 0
116600 0.00 0.00 0.00 0
116601 0.00 0.00 0.00 0
116602 0.00 0.00 0.00 0
116603 0.00 0.00 0.00 0
116604 0.00 0.00 0.00 0
116605 0.00 0.00 0.00 0
116606 0.00 0.00 0.00 0
116607 0.00 0.00 0.00 0
118206 0.00 0.00 0.00 0
118207 0.00 0.00 0.00 0
118209 0.00 0.00 0.00 0
118210 0.00 0.00 0.00 0
118211 0.00 0.00 0.00 0
118212 0.00 0.00 0.00 0
118213 0.00 0.00 0.00 0
118246 0.00 0.00 0.00 0
120808 0.00 0.00 0.00 0
122687 0.00 0.00 0.00 0
122688 0.00 0.00 0.00 0
122689 0.00 0.00 0.00 0
122690 0.00 0.00 0.00 0
122691 0.00 0.00 0.00 0
122692 0.00 0.00 0.00 0
122693 0.00 0.00 0.00 0
122694 0.00 0.00 0.00 0
122695 0.00 0.00 0.00 0
122696 0.00 0.00 0.00 0
122697 0.00 0.00 0.00 0
122698 0.00 0.00 0.00 0
122699 0.00 0.00 0.00 0
122700 0.00 0.00 0.00 0
122701 0.00 0.00 0.00 0
122702 0.00 0.00 0.00 0
122703 0.00 0.00 0.00 0
122704 0.00 0.00 0.00 0
122705 0.00 0.00 0.00 0
122706 0.00 0.00 0.00 0
122707 0.00 0.00 0.00 0
122708 0.00 0.00 0.00 0
122709 0.00 0.00 0.00 0
122710 0.00 0.00 0.00 0
122711 0.00 0.00 0.00 0
122712 0.00 0.00 0.00 0
122713 0.00 0.00 0.00 0
122714 0.00 0.00 0.00 0
122715 0.00 0.00 0.00 0
122716 0.00 0.00 0.00 0
122717 0.00 0.00 0.00 0
122718 0.00 0.00 0.00 0
122730 0.00 0.00 0.00 0
122731 0.00 0.00 0.00 0
122732 0.00 0.00 0.00 0
122733 0.00 0.00 0.00 0
122734 0.00 0.00 0.00 0
122735 0.00 0.00 0.00 0
122736 0.00 0.00 0.00 0
122737 0.00 0.00 0.00 0
122738 0.00 0.00 0.00 0
122739 0.00 0.00 0.00 0
122740 0.00 0.00 0.00 0
122741 0.00 0.00 0.00 0
122742 0.00 0.00 0.00 0
122743 0.00 0.00 0.00 0
122744 0.00 0.00 0.00 0
122745 0.00 0.00 0.00 0
122746 0.00 0.00 0.00 0
122747 0.00 0.00 0.00 0
122748 0.00 0.00 0.00 0
122749 0.00 0.00 0.00 0
122750 0.00 0.00 0.00 0
122751 0.00 0.00 0.00 0
122752 0.00 0.00 0.00 0
122753 0.00 0.00 0.00 0
122754 0.00 0.00 0.00 0
122755 0.00 0.00 0.00 0
122756 0.00 0.00 0.00 0
122757 0.00 0.00 0.00 0
122758 0.00 0.00 0.00 0
122759 0.00 0.00 0.00 0
122760 0.00 0.00 0.00 0
122761 0.00 0.00 0.00 0
122762 0.00 0.00 0.00 0
122763 0.00 0.00 0.00 0
122764 0.00 0.00 0.00 0
122765 0.00 0.00 0.00 0
122766 0.00 0.00 0.00 0
122767 0.00 0.00 0.00 0
122768 0.00 0.00 0.00 0
122769 0.00 0.00 0.00 0
122770 0.00 0.00 0.00 0
122771 0.00 0.00 0.00 0
122772 0.00 0.00 0.00 0
122773 0.00 0.00 0.00 0
122774 0.00 0.00 0.00 0
122775 0.00 0.00 0.00 0
122776 0.00 0.00 0.00 0
122777 0.00 0.00 0.00 0
122778 0.00 0.00 0.00 0
122779 0.00 0.00 0.00 0
122780 0.00 0.00 0.00 0
122781 0.00 0.00 0.00 0
125882 0.00 0.00 0.00 0
125883 0.00 0.00 0.00 0
125884 0.00 0.00 0.00 0
125885 0.00 0.00 0.00 0
125886 0.00 0.00 0.00 0
125887 0.00 0.00 0.00 0
125888 0.00 0.00 0.00 0
125889 0.00 0.00 0.00 0
125890 0.00 0.00 0.00 0
125891 0.00 0.00 0.00 0
125892 0.00 0.00 0.00 0
125893 0.00 0.00 0.00 0
125894 0.00 0.00 0.00 0
125895 0.00 0.00 0.00 0
125896 0.00 0.00 0.00 0
125897 0.00 0.00 0.00 0
125898 0.00 0.00 0.00 0
125965 0.00 0.00 0.00 0
125966 0.00 0.00 0.00 0
125967 0.00 0.00 0.00 0
125968 0.00 0.00 0.00 0
125969 0.00 0.00 0.00 0
125970 0.00 0.00 0.00 0
125971 0.00 0.00 0.00 0
125972 0.00 0.00 0.00 0
125976 0.00 0.00 0.00 0
125977 0.00 0.00 0.00 0
125978 0.00 0.00 0.00 0
125979 0.00 0.00 0.00 0
125980 0.00 0.00 0.00 0
125981 0.00 0.00 0.00 0
125982 0.00 0.00 0.00 0
125983 0.00 0.00 0.00 0
125984 0.00 0.00 0.00 0
125985 0.00 0.00 0.00 0
125986 0.00 0.00 0.00 0
125987 0.00 0.00 0.00 0
125988 0.00 0.00 0.00 0
125989 0.00 0.00 0.00 0
125990 0.00 0.00 0.00 0
125991 0.00 0.00 0.00 0
125992 0.00 0.00 0.00 0
125993 0.00 0.00 0.00 0
125994 0.00 0.00 0.00 0
125995 0.00 0.00 0.00 0
125996 0.00 0.00 0.00 0
125997 0.00 0.00 0.00 0
125998 0.00 0.00 0.00 0
125999 0.00 0.00 0.00 0
126000 0.00 0.00 0.00 0
126001 0.00 0.00 0.00 0
126002 0.00 0.00 0.00 0
126003 0.00 0.00 0.00 0
127573 0.00 0.00 0.00 0
127576 0.00 0.00 0.00 0
127577 0.00 0.00 0.00 0
127578 0.00 0.00 0.00 0
127579 0.00 0.00 0.00 0
127580 0.00 0.00 0.00 0
127581 0.00 0.00 0.00 0
127582 0.00 0.00 0.00 0
127583 0.00 0.00 0.00 0
127584 0.00 0.00 0.00 0
127585 0.00 0.00 0.00 0
127586 0.00 0.00 0.00 0
127587 0.00 0.00 0.00 0
127588 0.00 0.00 0.00 0
127589 0.00 0.00 0.00 0
127590 0.00 0.00 0.00 0
127591 0.00 0.00 0.00 0
127592 0.00 0.00 0.00 0
127593 0.00 0.00 0.00 0
127594 0.00 0.00 0.00 0
127595 0.00 0.00 0.00 0
127596 0.00 0.00 0.00 0
127597 0.00 0.00 0.00 0
127598 0.00 0.00 0.00 0
127599 0.00 0.00 0.00 0
127600 0.00 0.00 0.00 0
127658 0.00 0.00 0.00 0
127659 0.00 0.00 0.00 0
127660 0.00 0.00 0.00 0
127661 0.00 0.00 0.00 0
127662 0.00 0.00 0.00 0
127663 0.00 0.00 0.00 0
127664 0.00 0.00 0.00 0
127665 0.00 0.00 0.00 0
127666 0.00 0.00 0.00 0
127667 0.00 0.00 0.00 0
127668 0.00 0.00 0.00 0
127669 0.00 0.00 0.00 0
127670 0.00 0.00 0.00 0
127671 0.00 0.00 0.00 0
127672 0.00 0.00 0.00 0
127673 0.00 0.00 0.00 0
127674 0.00 0.00 0.00 0
127885 0.00 0.00 0.00 0
127886 0.00 0.00 0.00 0
127887 0.00 0.00 0.00 0
127888 0.00 0.00 0.00 0
127889 0.00 0.00 0.00 0
127890 0.00 0.00 0.00 0
127891 0.00 0.00 0.00 0
127892 0.00 0.00 0.00 0
130664 0.00 0.00 0.00 0
130665 0.00 0.00 0.00 0
130666 0.00 0.00 0.00 0
130669 0.00 0.00 0.00 0
130675 0.00 0.00 0.00 0
130676 0.00 0.00 0.00 0
130677 0.00 0.00 0.00 0
130678 0.00 0.00 0.00 0
130679 0.00 0.00 0.00 0
130680 0.00 0.00 0.00 0
130681 0.00 0.00 0.00 0
130682 0.00 0.00 0.00 0
130683 0.00 0.00 0.00 0
130684 0.00 0.00 0.00 0
130685 0.00 0.00 0.00 0
130687 0.00 0.00 0.00 0
132374 0.00 0.00 0.00 0
132375 0.00 0.00 0.00 0
132376 0.00 0.00 0.00 0
132377 0.00 0.00 0.00 0
132378 0.00 0.00 0.00 0
132379 0.00 0.00 0.00 0
132380 0.00 0.00 0.00 0
132381 0.00 0.00 0.00 0
132382 0.00 0.00 0.00 0
132383 0.00 0.00 0.00 0
132384 0.00 0.00 0.00 0
132387 0.00 0.00 0.00 0
132389 0.00 0.00 0.00 0
132390 0.00 0.00 0.00 0
132391 0.00 0.00 0.00 0
132392 0.00 0.00 0.00 0
132393 0.00 0.00 0.00 0
132394 0.00 0.00 0.00 0
132395 0.00 0.00 0.00 0
132396 0.00 0.00 0.00 0
132397 0.00 0.00 0.00 0
132398 0.00 0.00 0.00 0
132399 0.00 0.00 0.00 0
132400 0.00 0.00 0.00 0
132401 0.00 0.00 0.00 0
132402 0.00 0.00 0.00 0
132410 0.00 0.00 0.00 0
132411 0.00 0.00 0.00 0
132412 0.00 0.00 0.00 0
132413 0.00 0.00 0.00 0
132415 0.00 0.00 0.00 0
132416 0.00 0.00 0.00 0
132417 0.00 0.00 0.00 0
132418 0.00 0.00 0.00 0
132419 0.00 0.00 0.00 0
132420 0.00 0.00 0.00 0
132421 0.00 0.00 0.00 0
132422 0.00 0.00 0.00 0
132423 0.00 0.00 0.00 0
132424 0.00 0.00 0.00 0
132425 0.00 0.00 0.00 0
132426 0.00 0.00 0.00 0
132427 0.00 0.00 0.00 0
132428 0.00 0.00 0.00 0
132429 0.00 0.00 0.00 0
132430 0.00 0.00 0.00 0
132431 0.00 0.00 0.00 0
132432 0.00 0.00 0.00 0
132433 0.00 0.00 0.00 0
132434 0.00 0.00 0.00 0
132435 0.00 0.00 0.00 0
132436 0.00 0.00 0.00 0
132437 0.00 0.00 0.00 0
132438 0.00 0.00 0.00 0
132439 0.00 0.00 0.00 0
132440 0.00 0.00 0.00 0
132441 0.00 0.00 0.00 0
132442 0.00 0.00 0.00 0
132443 0.00 0.00 0.00 0
132444 0.00 0.00 0.00 0
132445 0.00 0.00 0.00 0
132446 0.00 0.00 0.00 0
132447 0.00 0.00 0.00 0
132448 0.00 0.00 0.00 0
132449 0.00 0.00 0.00 0
132450 0.00 0.00 0.00 0
132451 0.00 0.00 0.00 0
132452 0.00 0.00 0.00 0
132453 0.00 0.00 0.00 0
132454 0.00 0.00 0.00 0
132455 0.00 0.00 0.00 0
132456 0.00 0.00 0.00 0
132457 0.00 0.00 0.00 0
132458 0.00 0.00 0.00 0
132459 0.00 0.00 0.00 0
135277 0.00 0.00 0.00 0
135278 0.00 0.00 0.00 0
135279 0.00 0.00 0.00 0
135366 0.00 0.00 0.00 0
136795 0.00 0.00 0.00 0
136797 0.00 0.00 0.00 0
136798 0.00 0.00 0.00 0
136799 0.00 0.00 0.00 0
136800 0.00 0.00 0.00 0
136801 0.00 0.00 0.00 0
136802 0.00 0.00 0.00 0
136803 0.00 0.00 0.00 0
136804 0.00 0.00 0.00 0
136805 0.00 0.00 0.00 0
136806 0.00 0.00 0.00 0
136807 0.00 0.00 0.00 0
136808 0.00 0.00 0.00 0
136809 0.00 0.00 0.00 0
136810 0.00 0.00 0.00 0
136811 0.00 0.00 0.00 0
136812 0.00 0.00 0.00 0
136813 0.00 0.00 0.00 0
136814 0.00 0.00 0.00 0
136815 0.00 0.00 0.00 0
136816 0.00 0.00 0.00 0
136817 0.00 0.00 0.00 0
136818 0.00 0.00 0.00 0
136819 0.00 0.00 0.00 0
136877 0.00 0.00 0.00 0
136878 0.00 0.00 0.00 0
136879 0.00 0.00 0.00 0
136880 0.00 0.00 0.00 0
136916 0.00 0.00 0.00 0
137077 0.00 0.00 0.00 0
137078 0.00 0.00 0.00 0
137079 0.00 0.00 0.00 0
137080 0.00 0.00 0.00 0
143701 0.00 0.00 0.00 0
143702 0.00 0.00 0.00 0
143703 0.00 0.00 0.00 0
143704 0.00 0.00 0.00 0
148517 0.00 0.00 0.00 0
148518 0.00 0.00 0.00 0
148519 0.00 0.00 0.00 0
148520 0.00 0.00 0.00 0
148521 0.00 0.00 0.00 0
148522 0.00 0.00 0.00 0
148523 0.00 0.00 0.00 0
148524 0.00 0.00 0.00 0
148525 0.00 0.00 0.00 0
148526 0.00 0.00 0.00 0
148527 0.00 0.00 0.00 0
148528 0.00 0.00 0.00 0
148529 0.00 0.00 0.00 0
148530 0.00 0.00 0.00 0
148531 0.00 0.00 0.00 0
148532 0.00 0.00 0.00 0
148533 0.00 0.00 0.00 0
148534 0.00 0.00 0.00 0
148535 0.00 0.00 0.00 0
148536 0.00 0.00 0.00 0
148537 0.00 0.00 0.00 0
148538 0.00 0.00 0.00 0
148539 0.00 0.00 0.00 0
148540 0.00 0.00 0.00 0
148541 0.00 0.00 0.00 0
148542 0.00 0.00 0.00 0
148543 0.00 0.00 0.00 0
148544 0.00 0.00 0.00 0
148545 0.00 0.00 0.00 0
148546 0.00 0.00 0.00 0
148547 0.00 0.00 0.00 0
148548 0.00 0.00 0.00 0
148549 0.00 0.00 0.00 0
148550 0.00 0.00 0.00 0
148551 0.00 0.00 0.00 0
148552 0.00 0.00 0.00 0
148553 0.00 0.00 0.00 0
148554 0.00 0.00 0.00 0
148555 0.00 0.00 0.00 0
148556 0.00 0.00 0.00 0
148557 0.00 0.00 0.00 0
148558 0.00 0.00 0.00 0
148559 0.00 0.00 0.00 0
148560 0.00 0.00 0.00 0
148561 0.00 0.00 0.00 0
148562 0.00 0.00 0.00 0
148563 0.00 0.00 0.00 0
148564 0.00 0.00 0.00 0
148565 0.00 0.00 0.00 0
148566 0.00 0.00 0.00 0
148567 0.00 0.00 0.00 0
148568 0.00 0.00 0.00 0
148569 0.00 0.00 0.00 0
148570 0.00 0.00 0.00 0
148571 0.00 0.00 0.00 0
148572 0.00 0.00 0.00 0
148573 0.00 0.00 0.00 0
148574 0.00 0.00 0.00 0
148575 0.00 0.00 0.00 0
148576 0.00 0.00 0.00 0
148577 0.00 0.00 0.00 0
148578 0.00 0.00 0.00 0
148582 0.00 0.00 0.00 0
148583 0.00 0.00 0.00 0
148584 0.00 0.00 0.00 0
148585 0.00 0.00 0.00 0
148586 0.00 0.00 0.00 0
148587 0.00 0.00 0.00 0
148588 0.00 0.00 0.00 0
148589 0.00 0.00 0.00 0
148593 0.00 0.00 0.00 0
148594 0.00 0.00 0.00 0
148595 0.00 0.00 0.00 0
148596 0.00 0.00 0.00 0
148597 0.00 0.00 0.00 0
148598 0.00 0.00 0.00 0
148599 0.00 0.00 0.00 0
148622 0.00 0.00 0.00 0
148623 0.00 0.00 0.00 0
148624 0.00 0.00 0.00 0
148625 0.00 0.00 0.00 0
148626 0.00 0.00 0.00 0
148630 0.00 0.00 0.00 0
148634 0.00 0.00 0.00 0
148635 0.00 0.00 0.00 0
148636 0.00 0.00 0.00 0
148637 0.00 0.00 0.00 0
148638 0.00 0.00 0.00 0
148639 0.00 0.00 0.00 0
148640 0.00 0.00 0.00 0
148641 0.00 0.00 0.00 0
148642 0.00 0.00 0.00 0
148643 0.00 0.00 0.00 0
148644 0.00 0.00 0.00 0
148645 0.00 0.00 0.00 0
148646 0.00 0.00 0.00 0
148647 0.00 0.00 0.00 0
148648 0.00 0.00 0.00 0
148649 0.00 0.00 0.00 0
148650 0.00 0.00 0.00 0
148651 0.00 0.00 0.00 0
148652 0.00 0.00 0.00 0
148653 0.00 0.00 0.00 0
148654 0.00 0.00 0.00 0
148655 0.00 0.00 0.00 0
148656 0.00 0.00 0.00 0
148657 0.00 0.00 0.00 0
148658 0.00 0.00 0.00 0
148659 0.00 0.00 0.00 0
148660 0.00 0.00 0.00 0
148661 0.00 0.00 0.00 0
148662 0.00 0.00 0.00 0
148663 0.00 0.00 0.00 0
148664 0.00 0.00 0.00 0
148665 0.00 0.00 0.00 0
148666 0.00 0.00 0.00 0
148667 0.00 0.00 0.00 0
148668 0.00 0.00 0.00 0
148669 0.00 0.00 0.00 0
148670 0.00 0.00 0.00 0
148671 0.00 0.00 0.00 0
148672 0.00 0.00 0.00 0
148673 0.00 0.00 0.00 0
148674 0.00 0.00 0.00 0
148675 0.00 0.00 0.00 0
148676 0.00 0.00 0.00 0
148677 0.00 0.00 0.00 0
148678 0.00 0.00 0.00 0
148679 0.00 0.00 0.00 0
148680 0.00 0.00 0.00 0
148681 0.00 0.00 0.00 0
148682 0.00 0.00 0.00 0
148683 0.00 0.00 0.00 0
148684 0.00 0.00 0.00 0
148685 0.00 0.00 0.00 0
148686 0.00 0.00 0.00 0
148687 0.00 0.00 0.00 0
148690 0.00 0.00 0.00 0
148691 0.00 0.00 0.00 0
148692 0.00 0.00 0.00 0
148693 0.00 0.00 0.00 0
148694 0.00 0.00 0.00 0
148695 0.00 0.00 0.00 0
148696 0.00 0.00 0.00 0
148708 0.00 0.00 0.00 0
148709 0.00 0.00 0.00 0
148710 0.00 0.00 0.00 0
148711 0.00 0.00 0.00 0
148712 0.00 0.00 0.00 0
148713 0.00 0.00 0.00 0
148714 0.00 0.00 0.00 0
148715 0.00 0.00 0.00 0
148716 0.00 0.00 0.00 0
148717 0.00 0.00 0.00 0
148718 0.00 0.00 0.00 0
148719 0.00 0.00 0.00 0
148720 0.00 0.00 0.00 0
148721 0.00 0.00 0.00 0
148722 0.00 0.00 0.00 0
148723 0.00 0.00 0.00 0
148724 0.00 0.00 0.00 0
148725 0.00 0.00 0.00 0
148726 0.00 0.00 0.00 0
148727 0.00 0.00 0.00 0
148744 0.00 0.00 0.00 0
148747 0.00 0.00 0.00 0
156768 0.00 0.00 0.00 0
156769 0.00 0.00 0.00 0
156770 0.00 0.00 0.00 0
156771 0.00 0.00 0.00 0
156772 0.00 0.00 0.00 0
156773 0.00 0.00 0.00 0
156774 0.00 0.00 0.00 0
156775 0.00 0.00 0.00 0
156776 0.00 0.00 0.00 0
156777 0.00 0.00 0.00 0
156778 0.00 0.00 0.00 0
156779 0.00 0.00 0.00 0
156780 0.00 0.00 0.00 0
156781 0.00 0.00 0.00 0
156782 0.00 0.00 0.00 0
156783 0.00 0.00 0.00 0
156784 0.00 0.00 0.00 0
156785 0.00 0.00 0.00 0
156786 0.00 0.00 0.00 0
156787 0.00 0.00 0.00 0
156788 0.00 0.00 0.00 0
156789 0.00 0.00 0.00 0
156790 0.00 0.00 0.00 0
156791 0.00 0.00 0.00 0
156792 0.00 0.00 0.00 0
156793 0.00 0.00 0.00 0
156794 0.00 0.00 0.00 0
156965 0.00 0.00 0.00 0
156966 0.00 0.00 0.00 0
156967 0.00 0.00 0.00 0
156968 0.00 0.00 0.00 0
156969 0.00 0.00 0.00 0
156970 0.00 0.00 0.00 0
156971 0.00 0.00 0.00 0
156972 0.00 0.00 0.00 0
156973 0.00 0.00 0.00 0
156974 0.00 0.00 0.00 0
156975 0.00 0.00 0.00 0
156976 0.00 0.00 0.00 0
156977 0.00 0.00 0.00 0
156978 0.00 0.00 0.00 0
156979 0.00 0.00 0.00 0
156980 0.00 0.00 0.00 0
156981 0.00 0.00 0.00 0
156982 0.00 0.00 0.00 0
156983 0.00 0.00 0.00 0
156986 0.00 0.00 0.00 0
156989 0.00 0.00 0.00 0
156990 0.00 0.00 0.00 0
156991 0.00 0.00 0.00 0
156992 0.00 0.00 0.00 0
156994 0.00 0.00 0.00 0
156995 0.00 0.00 0.00 0
156996 0.00 0.00 0.00 0
156997 0.00 0.00 0.00 0
156998 0.00 0.00 0.00 0
156999 0.00 0.00 0.00 0
157000 0.00 0.00 0.00 0
157001 0.00 0.00 0.00 0
157002 0.00 0.00 0.00 0
157003 0.00 0.00 0.00 0
157004 0.00 0.00 0.00 0
157005 0.00 0.00 0.00 0
157006 0.00 0.00 0.00 0
157007 0.00 0.00 0.00 0
157008 0.00 0.00 0.00 0
157009 0.00 0.00 0.00 0
157010 0.00 0.00 0.00 0
157011 0.00 0.00 0.00 0
157012 0.00 0.00 0.00 0
157013 0.00 0.00 0.00 0
157014 0.00 0.00 0.00 0
157015 0.00 0.00 0.00 0
157016 0.00 0.00 0.00 0
157017 0.00 0.00 0.00 0
157018 0.00 0.00 0.00 0
157019 0.00 0.00 0.00 0
157020 0.00 0.00 0.00 0
157021 0.00 0.00 0.00 0
157022 0.00 0.00 0.00 0
157023 0.00 0.00 0.00 0
157024 0.00 0.00 0.00 0
157025 0.00 0.00 0.00 0
157026 0.00 0.00 0.00 0
157027 0.00 0.00 0.00 0
157028 0.00 0.00 0.00 0
157029 0.00 0.00 0.00 0
157030 0.00 0.00 0.00 0
157031 0.00 0.00 0.00 0
157032 0.00 0.00 0.00 0
157033 0.00 0.00 0.00 0
157034 0.00 0.00 0.00 0
157035 0.00 0.00 0.00 0
157036 0.00 0.00 0.00 0
157037 0.00 0.00 0.00 0
157038 0.00 0.00 0.00 0
157039 0.00 0.00 0.00 0
157040 0.00 0.00 0.00 0
157041 0.00 0.00 0.00 0
157042 0.00 0.00 0.00 0
157043 0.00 0.00 0.00 0
157044 0.00 0.00 0.00 0
157045 0.00 0.00 0.00 0
157046 0.00 0.00 0.00 0
157047 0.00 0.00 0.00 0
157048 0.00 0.00 0.00 0
157049 0.00 0.00 0.00 0
157050 0.00 0.00 0.00 0
157051 0.00 0.00 0.00 0
157052 0.00 0.00 0.00 0
157053 0.00 0.00 0.00 0
157054 0.00 0.00 0.00 0
157055 0.00 0.00 0.00 0
157056 0.00 0.00 0.00 0
157057 0.00 0.00 0.00 0
157058 0.00 0.00 0.00 0
157059 0.00 0.00 0.00 0
157060 0.00 0.00 0.00 0
157061 0.00 0.00 0.00 0
157062 0.00 0.00 0.00 0
157063 0.00 0.00 0.00 0
157064 0.00 0.00 0.00 0
157065 0.00 0.00 0.00 0
157066 0.00 0.00 0.00 0
157067 0.00 0.00 0.00 0
157068 0.00 0.00 0.00 0
157069 0.00 0.00 0.00 0
157070 0.00 0.00 0.00 0
157071 0.00 0.00 0.00 0
157072 0.00 0.00 0.00 0
157073 0.00 0.00 0.00 0
157075 0.00 0.00 0.00 0
157076 0.00 0.00 0.00 0
157077 0.00 0.00 0.00 0
157078 0.00 0.00 0.00 0
157079 0.00 0.00 0.00 0
157080 0.00 0.00 0.00 0
157081 0.00 0.00 0.00 0
157082 0.00 0.00 0.00 0
157083 0.00 0.00 0.00 0
157084 0.00 0.00 0.00 0
157085 0.00 0.00 0.00 0
157086 0.00 0.00 0.00 0
157087 0.00 0.00 0.00 0
157088 0.00 0.00 0.00 0
157089 0.00 0.00 0.00 0
157090 0.00 0.00 0.00 0
157091 0.00 0.00 0.00 0
157092 0.00 0.00 0.00 0
157093 0.00 0.00 0.00 0
157094 0.00 0.00 0.00 0
157095 0.00 0.00 0.00 0
157096 0.00 0.00 0.00 0
157097 0.00 0.00 0.00 0
157098 0.00 0.00 0.00 0
161089 0.00 0.00 0.00 0
161090 0.00 0.00 0.00 0
161091 0.00 0.00 0.00 0
161092 0.00 0.00 0.00 0
161093 0.00 0.00 0.00 0
161094 0.00 0.00 0.00 0
161095 0.00 0.00 0.00 0
161096 0.00 0.00 0.00 0
161097 0.00 0.00 0.00 0
161099 0.00 0.00 0.00 0
161100 0.00 0.00 0.00 0
161101 0.00 0.00 0.00 0
161102 0.00 0.00 0.00 0
161103 0.00 0.00 0.00 0
161104 0.00 0.00 0.00 0
161105 0.00 0.00 0.00 0
161106 0.00 0.00 0.00 0
161107 0.00 0.00 0.00 0
161108 0.00 0.00 0.00 0
161109 0.00 0.00 0.00 0
161110 0.00 0.00 0.00 0
161111 0.00 0.00 0.00 0
161112 0.00 0.00 0.00 0
161113 0.00 0.00 0.00 0
161114 0.00 0.00 0.00 0
161115 0.00 0.00 0.00 0
161118 0.00 0.00 0.00 0
161119 0.00 0.00 0.00 0
161120 0.00 0.00 0.00 0
161121 0.00 0.00 0.00 0
161122 0.00 0.00 0.00 0
161123 0.00 0.00 0.00 0
161124 0.00 0.00 0.00 0
161125 0.00 0.00 0.00 0
161126 0.00 0.00 0.00 0
161127 0.00 0.00 0.00 0
161128 0.00 0.00 0.00 0
161129 0.00 0.00 0.00 0
161130 0.00 0.00 0.00 0
161131 0.00 0.00 0.00 0
161132 0.00 0.00 0.00 0
161133 0.00 0.00 0.00 0
161134 0.00 0.00 0.00 0
161135 0.00 0.00 0.00 0
161136 0.00 0.00 0.00 0
161137 0.00 0.00 0.00 0
161138 0.00 0.00 0.00 0
161139 0.00 0.00 0.00 0
161140 0.00 0.00 0.00 0
161141 0.00 0.00 0.00 0
161142 0.00 0.00 0.00 0
161143 0.00 0.00 0.00 0
161144 0.00 0.00 0.00 0
161145 0.00 0.00 0.00 0
161146 0.00 0.00 0.00 0
161147 0.00 0.00 0.00 0
161148 0.00 0.00 0.00 0
161149 0.00 0.00 0.00 0
161150 0.00 0.00 0.00 0
161151 0.00 0.00 0.00 0
161152 0.00 0.00 0.00 0
161153 0.00 0.00 0.00 0
161154 0.00 0.00 0.00 0
161155 0.00 0.00 0.00 0
161156 0.00 0.00 0.00 0
161157 0.00 0.00 0.00 0
161158 0.00 0.00 0.00 0
161159 0.00 0.00 0.00 0
161160 0.00 0.00 0.00 0
161161 0.00 0.00 0.00 0
161162 0.00 0.00 0.00 0
161163 0.00 0.00 0.00 0
161333 0.00 0.00 0.00 0
161334 0.00 0.00 0.00 0
161335 0.00 0.00 0.00 0
161336 0.00 0.00 0.00 0
161337 0.00 0.00 0.00 0
161338 0.00 0.00 0.00 0
161339 0.00 0.00 0.00 0
161340 0.00 0.00 0.00 0
161341 0.00 0.00 0.00 0
161342 0.00 0.00 0.00 0
161343 0.00 0.00 0.00 0
161344 0.00 0.00 0.00 0
161345 0.00 0.00 0.00 0
161346 0.00 0.00 0.00 0
161347 0.00 0.00 0.00 0
161348 0.00 0.00 0.00 0
161349 0.00 0.00 0.00 0
161350 0.00 0.00 0.00 0
161351 0.00 0.00 0.00 0
161352 0.00 0.00 0.00 0
161353 0.00 0.00 0.00 0
161354 0.00 0.00 0.00 0
161355 0.00 0.00 0.00 0
161356 0.00 0.00 0.00 0
161357 0.00 0.00 0.00 0
161358 0.00 0.00 0.00 0
161359 0.00 0.00 0.00 0
161360 0.00 0.00 0.00 0
161361 0.00 0.00 0.00 0
161362 0.00 0.00 0.00 0
161363 0.00 0.00 0.00 0
161364 0.00 0.00 0.00 0
161365 0.00 0.00 0.00 0
161366 0.00 0.00 0.00 0
161367 0.00 0.00 0.00 0
161370 0.00 0.00 0.00 0
161372 0.00 0.00 0.00 0
161373 0.00 0.00 0.00 0
161374 0.00 0.00 0.00 0
161375 0.00 0.00 0.00 0
161376 0.00 0.00 0.00 0
161377 0.00 0.00 0.00 0
161378 0.00 0.00 0.00 0
161379 0.00 0.00 0.00 0
161380 0.00 0.00 0.00 0
161381 0.00 0.00 0.00 0
161382 0.00 0.00 0.00 0
161383 0.00 0.00 0.00 0
161384 0.00 0.00 0.00 0
161385 0.00 0.00 0.00 0
161386 0.00 0.00 0.00 0
161387 0.00 0.00 0.00 0
161388 0.00 0.00 0.00 0
161389 0.00 0.00 0.00 0
161390 0.00 0.00 0.00 0
161391 0.00 0.00 0.00 0
161392 0.00 0.00 0.00 0
161393 0.00 0.00 0.00 0
161394 0.00 0.00 0.00 0
161899 0.00 0.00 0.00 0
161900 0.00 0.00 0.00 0
161901 0.00 0.00 0.00 0
161902 0.00 0.00 0.00 0
161903 0.00 0.00 0.00 0
161904 0.00 0.00 0.00 0
161905 0.00 0.00 0.00 0
161906 0.00 0.00 0.00 0
161907 0.00 0.00 0.00 0
161908 0.00 0.00 0.00 0
161909 0.00 0.00 0.00 0
161910 0.00 0.00 0.00 0
161911 0.00 0.00 0.00 0
161912 0.00 0.00 0.00 0
161913 0.00 0.00 0.00 0
161914 0.00 0.00 0.00 0
161915 0.00 0.00 0.00 0
161926 0.00 0.00 0.00 0
161927 0.00 0.00 0.00 0
161980 0.00 0.00 0.00 0
161981 0.00 0.00 0.00 0
161982 0.00 0.00 0.00 0
161983 0.00 0.00 0.00 0
161984 0.00 0.00 0.00 0
