# G_temporal_middle
3028
41 0.00 0.00 0.00 0
138 0.00 0.00 0.00 0
161 0.00 0.00 0.00 0
329 0.00 0.00 0.00 0
347 0.00 0.00 0.00 0
357 0.00 0.00 0.00 0
359 0.00 0.00 0.00 0
451 0.00 0.00 0.00 0
625 0.00 0.00 0.00 0
626 0.00 0.00 0.00 0
639 0.00 0.00 0.00 0
837 0.00 0.00 0.00 0
838 0.00 0.00 0.00 0
839 0.00 0.00 0.00 0
840 0.00 0.00 0.00 0
841 0.00 0.00 0.00 0
991 0.00 0.00 0.00 0
1396 0.00 0.00 0.00 0
1397 0.00 0.00 0.00 0
1398 0.00 0.00 0.00 0
1399 0.00 0.00 0.00 0
1400 0.00 0.00 0.00 0
1401 0.00 0.00 0.00 0
1402 0.00 0.00 0.00 0
1430 0.00 0.00 0.00 0
1432 0.00 0.00 0.00 0
1434 0.00 0.00 0.00 0
1435 0.00 0.00 0.00 0
1436 0.00 0.00 0.00 0
1775 0.00 0.00 0.00 0
1776 0.00 0.00 0.00 0
1796 0.00 0.00 0.00 0
1797 0.00 0.00 0.00 0
1798 0.00 0.00 0.00 0
1799 0.00 0.00 0.00 0
2010 0.00 0.00 0.00 0
2011 0.00 0.00 0.00 0
2511 0.00 0.00 0.00 0
2512 0.00 0.00 0.00 0
2513 0.00 0.00 0.00 0
2514 0.00 0.00 0.00 0
2515 0.00 0.00 0.00 0
2516 0.00 0.00 0.00 0
2517 0.00 0.00 0.00 0
2553 0.00 0.00 0.00 0
2554 0.00 0.00 0.00 0
2555 0.00 0.00 0.00 0
2557 0.00 0.00 0.00 0
2757 0.00 0.00 0.00 0
2758 0.00 0.00 0.00 0
2759 0.00 0.00 0.00 0
2760 0.00 0.00 0.00 0
2761 0.00 0.00 0.00 0
2911 0.00 0.00 0.00 0
3316 0.00 0.00 0.00 0
3317 0.00 0.00 0.00 0
3318 0.00 0.00 0.00 0
3320 0.00 0.00 0.00 0
3350 0.00 0.00 0.00 0
3351 0.00 0.00 0.00 0
3352 0.00 0.00 0.00 0
3353 0.00 0.00 0.00 0
3354 0.00 0.00 0.00 0
3355 0.00 0.00 0.00 0
3356 0.00 0.00 0.00 0
3917 0.00 0.00 0.00 0
3949 0.00 0.00 0.00 0
3950 0.00 0.00 0.00 0
3951 0.00 0.00 0.00 0
3952 0.00 0.00 0.00 0
3953 0.00 0.00 0.00 0
3954 0.00 0.00 0.00 0
3955 0.00 0.00 0.00 0
3956 0.00 0.00 0.00 0
4407 0.00 0.00 0.00 0
4408 0.00 0.00 0.00 0
4409 0.00 0.00 0.00 0
4410 0.00 0.00 0.00 0
4411 0.00 0.00 0.00 0
5629 0.00 0.00 0.00 0
5630 0.00 0.00 0.00 0
5631 0.00 0.00 0.00 0
5632 0.00 0.00 0.00 0
5633 0.00 0.00 0.00 0
5634 0.00 0.00 0.00 0
5635 0.00 0.00 0.00 0
5636 0.00 0.00 0.00 0
5637 0.00 0.00 0.00 0
5638 0.00 0.00 0.00 0
5639 0.00 0.00 0.00 0
5640 0.00 0.00 0.00 0
5641 0.00 0.00 0.00 0
5642 0.00 0.00 0.00 0
5643 0.00 0.00 0.00 0
5644 0.00 0.00 0.00 0
5645 0.00 0.00 0.00 0
5646 0.00 0.00 0.00 0
5647 0.00 0.00 0.00 0
5735 0.00 0.00 0.00 0
5737 0.00 0.00 0.00 0
5739 0.00 0.00 0.00 0
5740 0.00 0.00 0.00 0
5741 0.00 0.00 0.00 0
5742 0.00 0.00 0.00 0
5743 0.00 0.00 0.00 0
5747 0.00 0.00 0.00 0
5748 0.00 0.00 0.00 0
6065 0.00 0.00 0.00 0
6113 0.00 0.00 0.00 0
6114 0.00 0.00 0.00 0
6115 0.00 0.00 0.00 0
6116 0.00 0.00 0.00 0
6117 0.00 0.00 0.00 0
6118 0.00 0.00 0.00 0
6119 0.00 0.00 0.00 0
6120 0.00 0.00 0.00 0
6390 0.00 0.00 0.00 0
6391 0.00 0.00 0.00 0
7120 0.00 0.00 0.00 0
7121 0.00 0.00 0.00 0
7122 0.00 0.00 0.00 0
7123 0.00 0.00 0.00 0
7124 0.00 0.00 0.00 0
7125 0.00 0.00 0.00 0
7126 0.00 0.00 0.00 0
7127 0.00 0.00 0.00 0
7128 0.00 0.00 0.00 0
7129 0.00 0.00 0.00 0
7130 0.00 0.00 0.00 0
7131 0.00 0.00 0.00 0
7180 0.00 0.00 0.00 0
7187 0.00 0.00 0.00 0
7188 0.00 0.00 0.00 0
7189 0.00 0.00 0.00 0
7190 0.00 0.00 0.00 0
7191 0.00 0.00 0.00 0
7192 0.00 0.00 0.00 0
7979 0.00 0.00 0.00 0
7980 0.00 0.00 0.00 0
7981 0.00 0.00 0.00 0
7982 0.00 0.00 0.00 0
7983 0.00 0.00 0.00 0
7984 0.00 0.00 0.00 0
7985 0.00 0.00 0.00 0
7986 0.00 0.00 0.00 0
8026 0.00 0.00 0.00 0
8027 0.00 0.00 0.00 0
8028 0.00 0.00 0.00 0
8029 0.00 0.00 0.00 0
8030 0.00 0.00 0.00 0
8031 0.00 0.00 0.00 0
8032 0.00 0.00 0.00 0
8033 0.00 0.00 0.00 0
8034 0.00 0.00 0.00 0
8035 0.00 0.00 0.00 0
8036 0.00 0.00 0.00 0
8607 0.00 0.00 0.00 0
8608 0.00 0.00 0.00 0
8609 0.00 0.00 0.00 0
8610 0.00 0.00 0.00 0
8611 0.00 0.00 0.00 0
9601 0.00 0.00 0.00 0
9602 0.00 0.00 0.00 0
10090 0.00 0.00 0.00 0
10091 0.00 0.00 0.00 0
10092 0.00 0.00 0.00 0
10093 0.00 0.00 0.00 0
10094 0.00 0.00 0.00 0
10095 0.00 0.00 0.00 0
10096 0.00 0.00 0.00 0
10097 0.00 0.00 0.00 0
10098 0.00 0.00 0.00 0
10099 0.00 0.00 0.00 0
10100 0.00 0.00 0.00 0
10101 0.00 0.00 0.00 0
10102 0.00 0.00 0.00 0
10103 0.00 0.00 0.00 0
10104 0.00 0.00 0.00 0
10105 0.00 0.00 0.00 0
10106 0.00 0.00 0.00 0
10107 0.00 0.00 0.00 0
10133 0.00 0.00 0.00 0
10216 0.00 0.00 0.00 0
10217 0.00 0.00 0.00 0
10218 0.00 0.00 0.00 0
10219 0.00 0.00 0.00 0
10220 0.00 0.00 0.00 0
10221 0.00 0.00 0.00 0
10225 0.00 0.00 0.00 0
10226 0.00 0.00 0.00 0
10227 0.00 0.00 0.00 0
10437 0.00 0.00 0.00 0
10438 0.00 0.00 0.00 0
10439 0.00 0.00 0.00 0
10440 0.00 0.00 0.00 0
10441 0.00 0.00 0.00 0
10996 0.00 0.00 0.00 0
10997 0.00 0.00 0.00 0
10998 0.00 0.00 0.00 0
11030 0.00 0.00 0.00 0
11031 0.00 0.00 0.00 0
11032 0.00 0.00 0.00 0
11033 0.00 0.00 0.00 0
11034 0.00 0.00 0.00 0
11035 0.00 0.00 0.00 0
11036 0.00 0.00 0.00 0
11545 0.00 0.00 0.00 0
11549 0.00 0.00 0.00 0
11627 0.00 0.00 0.00 0
11629 0.00 0.00 0.00 0
11630 0.00 0.00 0.00 0
11631 0.00 0.00 0.00 0
11632 0.00 0.00 0.00 0
11633 0.00 0.00 0.00 0
11634 0.00 0.00 0.00 0
11635 0.00 0.00 0.00 0
11636 0.00 0.00 0.00 0
12087 0.00 0.00 0.00 0
12088 0.00 0.00 0.00 0
12089 0.00 0.00 0.00 0
12090 0.00 0.00 0.00 0
12091 0.00 0.00 0.00 0
13309 0.00 0.00 0.00 0
13310 0.00 0.00 0.00 0
13311 0.00 0.00 0.00 0
13312 0.00 0.00 0.00 0
13313 0.00 0.00 0.00 0
13314 0.00 0.00 0.00 0
13315 0.00 0.00 0.00 0
13316 0.00 0.00 0.00 0
13317 0.00 0.00 0.00 0
13318 0.00 0.00 0.00 0
13319 0.00 0.00 0.00 0
13320 0.00 0.00 0.00 0
13321 0.00 0.00 0.00 0
13322 0.00 0.00 0.00 0
13323 0.00 0.00 0.00 0
13325 0.00 0.00 0.00 0
13326 0.00 0.00 0.00 0
13327 0.00 0.00 0.00 0
13415 0.00 0.00 0.00 0
13416 0.00 0.00 0.00 0
13417 0.00 0.00 0.00 0
13418 0.00 0.00 0.00 0
13419 0.00 0.00 0.00 0
13420 0.00 0.00 0.00 0
13421 0.00 0.00 0.00 0
13422 0.00 0.00 0.00 0
13423 0.00 0.00 0.00 0
13428 0.00 0.00 0.00 0
13949 0.00 0.00 0.00 0
14027 0.00 0.00 0.00 0
14028 0.00 0.00 0.00 0
14029 0.00 0.00 0.00 0
14030 0.00 0.00 0.00 0
14031 0.00 0.00 0.00 0
14032 0.00 0.00 0.00 0
14033 0.00 0.00 0.00 0
14034 0.00 0.00 0.00 0
14035 0.00 0.00 0.00 0
14036 0.00 0.00 0.00 0
14037 0.00 0.00 0.00 0
14038 0.00 0.00 0.00 0
14039 0.00 0.00 0.00 0
14487 0.00 0.00 0.00 0
14489 0.00 0.00 0.00 0
14490 0.00 0.00 0.00 0
14491 0.00 0.00 0.00 0
15707 0.00 0.00 0.00 0
15708 0.00 0.00 0.00 0
15709 0.00 0.00 0.00 0
15710 0.00 0.00 0.00 0
15711 0.00 0.00 0.00 0
15712 0.00 0.00 0.00 0
15713 0.00 0.00 0.00 0
15714 0.00 0.00 0.00 0
15715 0.00 0.00 0.00 0
15716 0.00 0.00 0.00 0
15717 0.00 0.00 0.00 0
15718 0.00 0.00 0.00 0
15719 0.00 0.00 0.00 0
15720 0.00 0.00 0.00 0
15721 0.00 0.00 0.00 0
15722 0.00 0.00 0.00 0
15723 0.00 0.00 0.00 0
15805 0.00 0.00 0.00 0
15807 0.00 0.00 0.00 0
15808 0.00 0.00 0.00 0
15814 0.00 0.00 0.00 0
15815 0.00 0.00 0.00 0
15816 0.00 0.00 0.00 0
15817 0.00 0.00 0.00 0
15818 0.00 0.00 0.00 0
15819 0.00 0.00 0.00 0
15820 0.00 0.00 0.00 0
15821 0.00 0.00 0.00 0
15822 0.00 0.00 0.00 0
15823 0.00 0.00 0.00 0
15824 0.00 0.00 0.00 0
15825 0.00 0.00 0.00 0
15826 0.00 0.00 0.00 0
17507 0.00 0.00 0.00 0
17509 0.00 0.00 0.00 0
17510 0.00 0.00 0.00 0
17511 0.00 0.00 0.00 0
17512 0.00 0.00 0.00 0
17513 0.00 0.00 0.00 0
17514 0.00 0.00 0.00 0
17515 0.00 0.00 0.00 0
17516 0.00 0.00 0.00 0
17520 0.00 0.00 0.00 0
17522 0.00 0.00 0.00 0
17605 0.00 0.00 0.00 0
17606 0.00 0.00 0.00 0
17607 0.00 0.00 0.00 0
17608 0.00 0.00 0.00 0
17609 0.00 0.00 0.00 0
17610 0.00 0.00 0.00 0
17611 0.00 0.00 0.00 0
17612 0.00 0.00 0.00 0
17613 0.00 0.00 0.00 0
17614 0.00 0.00 0.00 0
17615 0.00 0.00 0.00 0
17616 0.00 0.00 0.00 0
17617 0.00 0.00 0.00 0
17618 0.00 0.00 0.00 0
17619 0.00 0.00 0.00 0
17620 0.00 0.00 0.00 0
17621 0.00 0.00 0.00 0
17622 0.00 0.00 0.00 0
17623 0.00 0.00 0.00 0
17624 0.00 0.00 0.00 0
17625 0.00 0.00 0.00 0
17626 0.00 0.00 0.00 0
17627 0.00 0.00 0.00 0
17628 0.00 0.00 0.00 0
17629 0.00 0.00 0.00 0
18980 0.00 0.00 0.00 0
18981 0.00 0.00 0.00 0
18982 0.00 0.00 0.00 0
18983 0.00 0.00 0.00 0
18984 0.00 0.00 0.00 0
18985 0.00 0.00 0.00 0
18986 0.00 0.00 0.00 0
18987 0.00 0.00 0.00 0
18988 0.00 0.00 0.00 0
18989 0.00 0.00 0.00 0
18990 0.00 0.00 0.00 0
18991 0.00 0.00 0.00 0
21439 0.00 0.00 0.00 0
21440 0.00 0.00 0.00 0
22644 0.00 0.00 0.00 0
22647 0.00 0.00 0.00 0
22654 0.00 0.00 0.00 0
22658 0.00 0.00 0.00 0
22659 0.00 0.00 0.00 0
22660 0.00 0.00 0.00 0
22661 0.00 0.00 0.00 0
22662 0.00 0.00 0.00 0
22663 0.00 0.00 0.00 0
22664 0.00 0.00 0.00 0
22665 0.00 0.00 0.00 0
22666 0.00 0.00 0.00 0
22667 0.00 0.00 0.00 0
22668 0.00 0.00 0.00 0
22669 0.00 0.00 0.00 0
22670 0.00 0.00 0.00 0
22671 0.00 0.00 0.00 0
22672 0.00 0.00 0.00 0
22673 0.00 0.00 0.00 0
22674 0.00 0.00 0.00 0
22675 0.00 0.00 0.00 0
22676 0.00 0.00 0.00 0
22677 0.00 0.00 0.00 0
22678 0.00 0.00 0.00 0
22679 0.00 0.00 0.00 0
22680 0.00 0.00 0.00 0
22681 0.00 0.00 0.00 0
22682 0.00 0.00 0.00 0
22683 0.00 0.00 0.00 0
22684 0.00 0.00 0.00 0
22685 0.00 0.00 0.00 0
22686 0.00 0.00 0.00 0
22687 0.00 0.00 0.00 0
22688 0.00 0.00 0.00 0
22689 0.00 0.00 0.00 0
22690 0.00 0.00 0.00 0
22691 0.00 0.00 0.00 0
22692 0.00 0.00 0.00 0
22693 0.00 0.00 0.00 0
22694 0.00 0.00 0.00 0
22695 0.00 0.00 0.00 0
22696 0.00 0.00 0.00 0
22697 0.00 0.00 0.00 0
22698 0.00 0.00 0.00 0
22699 0.00 0.00 0.00 0
22700 0.00 0.00 0.00 0
22701 0.00 0.00 0.00 0
22702 0.00 0.00 0.00 0
22703 0.00 0.00 0.00 0
22970 0.00 0.00 0.00 0
22972 0.00 0.00 0.00 0
22974 0.00 0.00 0.00 0
22975 0.00 0.00 0.00 0
22976 0.00 0.00 0.00 0
22977 0.00 0.00 0.00 0
22978 0.00 0.00 0.00 0
22979 0.00 0.00 0.00 0
22980 0.00 0.00 0.00 0
22981 0.00 0.00 0.00 0
22982 0.00 0.00 0.00 0
22983 0.00 0.00 0.00 0
22984 0.00 0.00 0.00 0
22985 0.00 0.00 0.00 0
22986 0.00 0.00 0.00 0
22987 0.00 0.00 0.00 0
22988 0.00 0.00 0.00 0
22989 0.00 0.00 0.00 0
22990 0.00 0.00 0.00 0
22997 0.00 0.00 0.00 0
22998 0.00 0.00 0.00 0
22999 0.00 0.00 0.00 0
23000 0.00 0.00 0.00 0
23001 0.00 0.00 0.00 0
23002 0.00 0.00 0.00 0
23003 0.00 0.00 0.00 0
23004 0.00 0.00 0.00 0
23393 0.00 0.00 0.00 0
23394 0.00 0.00 0.00 0
23395 0.00 0.00 0.00 0
23396 0.00 0.00 0.00 0
23397 0.00 0.00 0.00 0
23398 0.00 0.00 0.00 0
23399 0.00 0.00 0.00 0
23400 0.00 0.00 0.00 0
23401 0.00 0.00 0.00 0
23671 0.00 0.00 0.00 0
24400 0.00 0.00 0.00 0
24401 0.00 0.00 0.00 0
24402 0.00 0.00 0.00 0
24403 0.00 0.00 0.00 0
24404 0.00 0.00 0.00 0
24406 0.00 0.00 0.00 0
24409 0.00 0.00 0.00 0
24410 0.00 0.00 0.00 0
24460 0.00 0.00 0.00 0
24461 0.00 0.00 0.00 0
24462 0.00 0.00 0.00 0
24463 0.00 0.00 0.00 0
24464 0.00 0.00 0.00 0
24465 0.00 0.00 0.00 0
24466 0.00 0.00 0.00 0
24467 0.00 0.00 0.00 0
24468 0.00 0.00 0.00 0
24469 0.00 0.00 0.00 0
24470 0.00 0.00 0.00 0
24471 0.00 0.00 0.00 0
24472 0.00 0.00 0.00 0
25483 0.00 0.00 0.00 0
25484 0.00 0.00 0.00 0
25539 0.00 0.00 0.00 0
25540 0.00 0.00 0.00 0
25541 0.00 0.00 0.00 0
25542 0.00 0.00 0.00 0
25543 0.00 0.00 0.00 0
25544 0.00 0.00 0.00 0
25545 0.00 0.00 0.00 0
25546 0.00 0.00 0.00 0
25547 0.00 0.00 0.00 0
25548 0.00 0.00 0.00 0
25549 0.00 0.00 0.00 0
25550 0.00 0.00 0.00 0
25551 0.00 0.00 0.00 0
25552 0.00 0.00 0.00 0
25554 0.00 0.00 0.00 0
26363 0.00 0.00 0.00 0
26364 0.00 0.00 0.00 0
26365 0.00 0.00 0.00 0
26366 0.00 0.00 0.00 0
26367 0.00 0.00 0.00 0
26368 0.00 0.00 0.00 0
26369 0.00 0.00 0.00 0
26370 0.00 0.00 0.00 0
26371 0.00 0.00 0.00 0
28563 0.00 0.00 0.00 0
28564 0.00 0.00 0.00 0
28565 0.00 0.00 0.00 0
28566 0.00 0.00 0.00 0
28567 0.00 0.00 0.00 0
28568 0.00 0.00 0.00 0
28569 0.00 0.00 0.00 0
28570 0.00 0.00 0.00 0
28571 0.00 0.00 0.00 0
28572 0.00 0.00 0.00 0
28573 0.00 0.00 0.00 0
28574 0.00 0.00 0.00 0
28575 0.00 0.00 0.00 0
28576 0.00 0.00 0.00 0
28577 0.00 0.00 0.00 0
28578 0.00 0.00 0.00 0
28579 0.00 0.00 0.00 0
28580 0.00 0.00 0.00 0
28581 0.00 0.00 0.00 0
28582 0.00 0.00 0.00 0
28583 0.00 0.00 0.00 0
28584 0.00 0.00 0.00 0
28585 0.00 0.00 0.00 0
28586 0.00 0.00 0.00 0
28587 0.00 0.00 0.00 0
28588 0.00 0.00 0.00 0
28589 0.00 0.00 0.00 0
28590 0.00 0.00 0.00 0
28591 0.00 0.00 0.00 0
28592 0.00 0.00 0.00 0
28593 0.00 0.00 0.00 0
28594 0.00 0.00 0.00 0
28595 0.00 0.00 0.00 0
28596 0.00 0.00 0.00 0
28597 0.00 0.00 0.00 0
28598 0.00 0.00 0.00 0
28753 0.00 0.00 0.00 0
28760 0.00 0.00 0.00 0
28761 0.00 0.00 0.00 0
28762 0.00 0.00 0.00 0
28763 0.00 0.00 0.00 0
28764 0.00 0.00 0.00 0
28765 0.00 0.00 0.00 0
28766 0.00 0.00 0.00 0
28767 0.00 0.00 0.00 0
28768 0.00 0.00 0.00 0
28769 0.00 0.00 0.00 0
28770 0.00 0.00 0.00 0
28775 0.00 0.00 0.00 0
28776 0.00 0.00 0.00 0
28777 0.00 0.00 0.00 0
28778 0.00 0.00 0.00 0
28779 0.00 0.00 0.00 0
29512 0.00 0.00 0.00 0
29513 0.00 0.00 0.00 0
29621 0.00 0.00 0.00 0
29622 0.00 0.00 0.00 0
29623 0.00 0.00 0.00 0
29624 0.00 0.00 0.00 0
29625 0.00 0.00 0.00 0
29626 0.00 0.00 0.00 0
29627 0.00 0.00 0.00 0
29628 0.00 0.00 0.00 0
29629 0.00 0.00 0.00 0
29630 0.00 0.00 0.00 0
29631 0.00 0.00 0.00 0
29632 0.00 0.00 0.00 0
29633 0.00 0.00 0.00 0
29634 0.00 0.00 0.00 0
29635 0.00 0.00 0.00 0
29636 0.00 0.00 0.00 0
29637 0.00 0.00 0.00 0
29638 0.00 0.00 0.00 0
30269 0.00 0.00 0.00 0
30270 0.00 0.00 0.00 0
30271 0.00 0.00 0.00 0
31972 0.00 0.00 0.00 0
31973 0.00 0.00 0.00 0
31974 0.00 0.00 0.00 0
31975 0.00 0.00 0.00 0
31976 0.00 0.00 0.00 0
31977 0.00 0.00 0.00 0
31978 0.00 0.00 0.00 0
31979 0.00 0.00 0.00 0
31980 0.00 0.00 0.00 0
31981 0.00 0.00 0.00 0
31982 0.00 0.00 0.00 0
31983 0.00 0.00 0.00 0
31984 0.00 0.00 0.00 0
31985 0.00 0.00 0.00 0
31986 0.00 0.00 0.00 0
31987 0.00 0.00 0.00 0
31988 0.00 0.00 0.00 0
31989 0.00 0.00 0.00 0
31990 0.00 0.00 0.00 0
31991 0.00 0.00 0.00 0
31992 0.00 0.00 0.00 0
31993 0.00 0.00 0.00 0
31994 0.00 0.00 0.00 0
31995 0.00 0.00 0.00 0
31996 0.00 0.00 0.00 0
31997 0.00 0.00 0.00 0
31998 0.00 0.00 0.00 0
31999 0.00 0.00 0.00 0
32000 0.00 0.00 0.00 0
32125 0.00 0.00 0.00 0
32126 0.00 0.00 0.00 0
32127 0.00 0.00 0.00 0
32128 0.00 0.00 0.00 0
32129 0.00 0.00 0.00 0
32130 0.00 0.00 0.00 0
32131 0.00 0.00 0.00 0
32132 0.00 0.00 0.00 0
32133 0.00 0.00 0.00 0
32134 0.00 0.00 0.00 0
32135 0.00 0.00 0.00 0
32136 0.00 0.00 0.00 0
32137 0.00 0.00 0.00 0
32138 0.00 0.00 0.00 0
32139 0.00 0.00 0.00 0
32140 0.00 0.00 0.00 0
34271 0.00 0.00 0.00 0
34272 0.00 0.00 0.00 0
34273 0.00 0.00 0.00 0
34274 0.00 0.00 0.00 0
34276 0.00 0.00 0.00 0
34277 0.00 0.00 0.00 0
34278 0.00 0.00 0.00 0
34279 0.00 0.00 0.00 0
34280 0.00 0.00 0.00 0
34282 0.00 0.00 0.00 0
34283 0.00 0.00 0.00 0
34285 0.00 0.00 0.00 0
34286 0.00 0.00 0.00 0
34287 0.00 0.00 0.00 0
34288 0.00 0.00 0.00 0
34289 0.00 0.00 0.00 0
34290 0.00 0.00 0.00 0
34291 0.00 0.00 0.00 0
34396 0.00 0.00 0.00 0
34397 0.00 0.00 0.00 0
34398 0.00 0.00 0.00 0
34399 0.00 0.00 0.00 0
34400 0.00 0.00 0.00 0
34401 0.00 0.00 0.00 0
34402 0.00 0.00 0.00 0
34403 0.00 0.00 0.00 0
34405 0.00 0.00 0.00 0
34406 0.00 0.00 0.00 0
34407 0.00 0.00 0.00 0
34408 0.00 0.00 0.00 0
34409 0.00 0.00 0.00 0
34410 0.00 0.00 0.00 0
34411 0.00 0.00 0.00 0
34412 0.00 0.00 0.00 0
34413 0.00 0.00 0.00 0
34414 0.00 0.00 0.00 0
34415 0.00 0.00 0.00 0
34416 0.00 0.00 0.00 0
34417 0.00 0.00 0.00 0
34418 0.00 0.00 0.00 0
34419 0.00 0.00 0.00 0
34420 0.00 0.00 0.00 0
34421 0.00 0.00 0.00 0
34422 0.00 0.00 0.00 0
34424 0.00 0.00 0.00 0
34425 0.00 0.00 0.00 0
34426 0.00 0.00 0.00 0
34427 0.00 0.00 0.00 0
34428 0.00 0.00 0.00 0
34429 0.00 0.00 0.00 0
34430 0.00 0.00 0.00 0
36073 0.00 0.00 0.00 0
36080 0.00 0.00 0.00 0
36081 0.00 0.00 0.00 0
36082 0.00 0.00 0.00 0
36083 0.00 0.00 0.00 0
36084 0.00 0.00 0.00 0
36085 0.00 0.00 0.00 0
36086 0.00 0.00 0.00 0
36087 0.00 0.00 0.00 0
36088 0.00 0.00 0.00 0
36089 0.00 0.00 0.00 0
36090 0.00 0.00 0.00 0
36091 0.00 0.00 0.00 0
39037 0.00 0.00 0.00 0
39039 0.00 0.00 0.00 0
39040 0.00 0.00 0.00 0
39041 0.00 0.00 0.00 0
39042 0.00 0.00 0.00 0
39044 0.00 0.00 0.00 0
40504 0.00 0.00 0.00 0
40505 0.00 0.00 0.00 0
40506 0.00 0.00 0.00 0
40507 0.00 0.00 0.00 0
40508 0.00 0.00 0.00 0
40509 0.00 0.00 0.00 0
40510 0.00 0.00 0.00 0
40511 0.00 0.00 0.00 0
40512 0.00 0.00 0.00 0
40513 0.00 0.00 0.00 0
40514 0.00 0.00 0.00 0
40515 0.00 0.00 0.00 0
40516 0.00 0.00 0.00 0
40517 0.00 0.00 0.00 0
40518 0.00 0.00 0.00 0
40519 0.00 0.00 0.00 0
40520 0.00 0.00 0.00 0
40521 0.00 0.00 0.00 0
40522 0.00 0.00 0.00 0
40523 0.00 0.00 0.00 0
40524 0.00 0.00 0.00 0
40525 0.00 0.00 0.00 0
40526 0.00 0.00 0.00 0
40527 0.00 0.00 0.00 0
40528 0.00 0.00 0.00 0
40531 0.00 0.00 0.00 0
40532 0.00 0.00 0.00 0
40533 0.00 0.00 0.00 0
40534 0.00 0.00 0.00 0
40535 0.00 0.00 0.00 0
40536 0.00 0.00 0.00 0
40537 0.00 0.00 0.00 0
40538 0.00 0.00 0.00 0
40539 0.00 0.00 0.00 0
40540 0.00 0.00 0.00 0
40541 0.00 0.00 0.00 0
40542 0.00 0.00 0.00 0
40543 0.00 0.00 0.00 0
40544 0.00 0.00 0.00 0
40545 0.00 0.00 0.00 0
40546 0.00 0.00 0.00 0
40547 0.00 0.00 0.00 0
40548 0.00 0.00 0.00 0
40549 0.00 0.00 0.00 0
40550 0.00 0.00 0.00 0
40551 0.00 0.00 0.00 0
40552 0.00 0.00 0.00 0
40553 0.00 0.00 0.00 0
40554 0.00 0.00 0.00 0
40555 0.00 0.00 0.00 0
40556 0.00 0.00 0.00 0
40557 0.00 0.00 0.00 0
40609 0.00 0.00 0.00 0
40632 0.00 0.00 0.00 0
40634 0.00 0.00 0.00 0
40635 0.00 0.00 0.00 0
40636 0.00 0.00 0.00 0
40637 0.00 0.00 0.00 0
40638 0.00 0.00 0.00 0
40639 0.00 0.00 0.00 0
40884 0.00 0.00 0.00 0
40885 0.00 0.00 0.00 0
40886 0.00 0.00 0.00 0
40887 0.00 0.00 0.00 0
40888 0.00 0.00 0.00 0
40889 0.00 0.00 0.00 0
40890 0.00 0.00 0.00 0
40891 0.00 0.00 0.00 0
40892 0.00 0.00 0.00 0
40893 0.00 0.00 0.00 0
40894 0.00 0.00 0.00 0
40895 0.00 0.00 0.00 0
40896 0.00 0.00 0.00 0
40897 0.00 0.00 0.00 0
40898 0.00 0.00 0.00 0
40899 0.00 0.00 0.00 0
40900 0.00 0.00 0.00 0
40901 0.00 0.00 0.00 0
40909 0.00 0.00 0.00 0
40910 0.00 0.00 0.00 0
40911 0.00 0.00 0.00 0
40912 0.00 0.00 0.00 0
40913 0.00 0.00 0.00 0
40914 0.00 0.00 0.00 0
40915 0.00 0.00 0.00 0
40916 0.00 0.00 0.00 0
41157 0.00 0.00 0.00 0
41158 0.00 0.00 0.00 0
41159 0.00 0.00 0.00 0
41160 0.00 0.00 0.00 0
41161 0.00 0.00 0.00 0
41716 0.00 0.00 0.00 0
41717 0.00 0.00 0.00 0
41718 0.00 0.00 0.00 0
41750 0.00 0.00 0.00 0
41751 0.00 0.00 0.00 0
41752 0.00 0.00 0.00 0
41753 0.00 0.00 0.00 0
41754 0.00 0.00 0.00 0
41755 0.00 0.00 0.00 0
41756 0.00 0.00 0.00 0
42265 0.00 0.00 0.00 0
42267 0.00 0.00 0.00 0
42268 0.00 0.00 0.00 0
42269 0.00 0.00 0.00 0
42347 0.00 0.00 0.00 0
42348 0.00 0.00 0.00 0
42349 0.00 0.00 0.00 0
42350 0.00 0.00 0.00 0
42351 0.00 0.00 0.00 0
42352 0.00 0.00 0.00 0
42353 0.00 0.00 0.00 0
42354 0.00 0.00 0.00 0
42355 0.00 0.00 0.00 0
42356 0.00 0.00 0.00 0
42807 0.00 0.00 0.00 0
42808 0.00 0.00 0.00 0
42809 0.00 0.00 0.00 0
42810 0.00 0.00 0.00 0
42811 0.00 0.00 0.00 0
44029 0.00 0.00 0.00 0
44030 0.00 0.00 0.00 0
44031 0.00 0.00 0.00 0
44032 0.00 0.00 0.00 0
44033 0.00 0.00 0.00 0
44034 0.00 0.00 0.00 0
44035 0.00 0.00 0.00 0
44036 0.00 0.00 0.00 0
44037 0.00 0.00 0.00 0
44038 0.00 0.00 0.00 0
44039 0.00 0.00 0.00 0
44040 0.00 0.00 0.00 0
44041 0.00 0.00 0.00 0
44042 0.00 0.00 0.00 0
44043 0.00 0.00 0.00 0
44045 0.00 0.00 0.00 0
44047 0.00 0.00 0.00 0
44135 0.00 0.00 0.00 0
44136 0.00 0.00 0.00 0
44137 0.00 0.00 0.00 0
44138 0.00 0.00 0.00 0
44139 0.00 0.00 0.00 0
44140 0.00 0.00 0.00 0
44141 0.00 0.00 0.00 0
44747 0.00 0.00 0.00 0
44748 0.00 0.00 0.00 0
44749 0.00 0.00 0.00 0
44750 0.00 0.00 0.00 0
44751 0.00 0.00 0.00 0
44752 0.00 0.00 0.00 0
44753 0.00 0.00 0.00 0
44754 0.00 0.00 0.00 0
44755 0.00 0.00 0.00 0
44756 0.00 0.00 0.00 0
44757 0.00 0.00 0.00 0
44758 0.00 0.00 0.00 0
44759 0.00 0.00 0.00 0
44760 0.00 0.00 0.00 0
45207 0.00 0.00 0.00 0
45208 0.00 0.00 0.00 0
45209 0.00 0.00 0.00 0
45210 0.00 0.00 0.00 0
45211 0.00 0.00 0.00 0
46426 0.00 0.00 0.00 0
46427 0.00 0.00 0.00 0
46428 0.00 0.00 0.00 0
46429 0.00 0.00 0.00 0
46430 0.00 0.00 0.00 0
46431 0.00 0.00 0.00 0
46432 0.00 0.00 0.00 0
46433 0.00 0.00 0.00 0
46434 0.00 0.00 0.00 0
46435 0.00 0.00 0.00 0
46436 0.00 0.00 0.00 0
46437 0.00 0.00 0.00 0
46438 0.00 0.00 0.00 0
46439 0.00 0.00 0.00 0
46440 0.00 0.00 0.00 0
46441 0.00 0.00 0.00 0
46442 0.00 0.00 0.00 0
46443 0.00 0.00 0.00 0
46525 0.00 0.00 0.00 0
46526 0.00 0.00 0.00 0
46527 0.00 0.00 0.00 0
46528 0.00 0.00 0.00 0
46534 0.00 0.00 0.00 0
46535 0.00 0.00 0.00 0
46536 0.00 0.00 0.00 0
46537 0.00 0.00 0.00 0
46538 0.00 0.00 0.00 0
46539 0.00 0.00 0.00 0
46540 0.00 0.00 0.00 0
46541 0.00 0.00 0.00 0
46542 0.00 0.00 0.00 0
46543 0.00 0.00 0.00 0
46544 0.00 0.00 0.00 0
46545 0.00 0.00 0.00 0
46546 0.00 0.00 0.00 0
48229 0.00 0.00 0.00 0
48230 0.00 0.00 0.00 0
48231 0.00 0.00 0.00 0
48232 0.00 0.00 0.00 0
48233 0.00 0.00 0.00 0
48234 0.00 0.00 0.00 0
48235 0.00 0.00 0.00 0
48236 0.00 0.00 0.00 0
48325 0.00 0.00 0.00 0
48326 0.00 0.00 0.00 0
48327 0.00 0.00 0.00 0
48328 0.00 0.00 0.00 0
48329 0.00 0.00 0.00 0
48330 0.00 0.00 0.00 0
48331 0.00 0.00 0.00 0
48332 0.00 0.00 0.00 0
48333 0.00 0.00 0.00 0
48334 0.00 0.00 0.00 0
48335 0.00 0.00 0.00 0
48336 0.00 0.00 0.00 0
48337 0.00 0.00 0.00 0
48338 0.00 0.00 0.00 0
48339 0.00 0.00 0.00 0
48340 0.00 0.00 0.00 0
48341 0.00 0.00 0.00 0
48342 0.00 0.00 0.00 0
48343 0.00 0.00 0.00 0
48344 0.00 0.00 0.00 0
48345 0.00 0.00 0.00 0
48346 0.00 0.00 0.00 0
48347 0.00 0.00 0.00 0
48348 0.00 0.00 0.00 0
48349 0.00 0.00 0.00 0
49700 0.00 0.00 0.00 0
49701 0.00 0.00 0.00 0
49702 0.00 0.00 0.00 0
49703 0.00 0.00 0.00 0
49704 0.00 0.00 0.00 0
49705 0.00 0.00 0.00 0
49706 0.00 0.00 0.00 0
49707 0.00 0.00 0.00 0
49708 0.00 0.00 0.00 0
49709 0.00 0.00 0.00 0
49710 0.00 0.00 0.00 0
49711 0.00 0.00 0.00 0
53364 0.00 0.00 0.00 0
53366 0.00 0.00 0.00 0
53367 0.00 0.00 0.00 0
53374 0.00 0.00 0.00 0
53375 0.00 0.00 0.00 0
53376 0.00 0.00 0.00 0
53377 0.00 0.00 0.00 0
53378 0.00 0.00 0.00 0
53379 0.00 0.00 0.00 0
53380 0.00 0.00 0.00 0
53381 0.00 0.00 0.00 0
53382 0.00 0.00 0.00 0
53383 0.00 0.00 0.00 0
53384 0.00 0.00 0.00 0
53385 0.00 0.00 0.00 0
53386 0.00 0.00 0.00 0
53387 0.00 0.00 0.00 0
53388 0.00 0.00 0.00 0
53389 0.00 0.00 0.00 0
53390 0.00 0.00 0.00 0
53391 0.00 0.00 0.00 0
53392 0.00 0.00 0.00 0
53393 0.00 0.00 0.00 0
53394 0.00 0.00 0.00 0
53395 0.00 0.00 0.00 0
53396 0.00 0.00 0.00 0
53397 0.00 0.00 0.00 0
53398 0.00 0.00 0.00 0
53399 0.00 0.00 0.00 0
53400 0.00 0.00 0.00 0
53401 0.00 0.00 0.00 0
53402 0.00 0.00 0.00 0
53403 0.00 0.00 0.00 0
53404 0.00 0.00 0.00 0
53405 0.00 0.00 0.00 0
53406 0.00 0.00 0.00 0
53407 0.00 0.00 0.00 0
53408 0.00 0.00 0.00 0
53409 0.00 0.00 0.00 0
53410 0.00 0.00 0.00 0
53411 0.00 0.00 0.00 0
53412 0.00 0.00 0.00 0
53413 0.00 0.00 0.00 0
53414 0.00 0.00 0.00 0
53415 0.00 0.00 0.00 0
53416 0.00 0.00 0.00 0
53417 0.00 0.00 0.00 0
53418 0.00 0.00 0.00 0
53419 0.00 0.00 0.00 0
53420 0.00 0.00 0.00 0
53421 0.00 0.00 0.00 0
53422 0.00 0.00 0.00 0
53423 0.00 0.00 0.00 0
53690 0.00 0.00 0.00 0
53691 0.00 0.00 0.00 0
53692 0.00 0.00 0.00 0
53693 0.00 0.00 0.00 0
53694 0.00 0.00 0.00 0
53695 0.00 0.00 0.00 0
53696 0.00 0.00 0.00 0
53697 0.00 0.00 0.00 0
53698 0.00 0.00 0.00 0
53699 0.00 0.00 0.00 0
53700 0.00 0.00 0.00 0
53701 0.00 0.00 0.00 0
53702 0.00 0.00 0.00 0
53703 0.00 0.00 0.00 0
53704 0.00 0.00 0.00 0
53705 0.00 0.00 0.00 0
53706 0.00 0.00 0.00 0
53707 0.00 0.00 0.00 0
53708 0.00 0.00 0.00 0
53709 0.00 0.00 0.00 0
53710 0.00 0.00 0.00 0
53717 0.00 0.00 0.00 0
53718 0.00 0.00 0.00 0
53719 0.00 0.00 0.00 0
53720 0.00 0.00 0.00 0
53721 0.00 0.00 0.00 0
53722 0.00 0.00 0.00 0
53723 0.00 0.00 0.00 0
53724 0.00 0.00 0.00 0
54347 0.00 0.00 0.00 0
54348 0.00 0.00 0.00 0
54349 0.00 0.00 0.00 0
54350 0.00 0.00 0.00 0
54351 0.00 0.00 0.00 0
54352 0.00 0.00 0.00 0
54353 0.00 0.00 0.00 0
54354 0.00 0.00 0.00 0
54355 0.00 0.00 0.00 0
54356 0.00 0.00 0.00 0
54357 0.00 0.00 0.00 0
54358 0.00 0.00 0.00 0
54359 0.00 0.00 0.00 0
54360 0.00 0.00 0.00 0
54361 0.00 0.00 0.00 0
54810 0.00 0.00 0.00 0
54811 0.00 0.00 0.00 0
56026 0.00 0.00 0.00 0
56027 0.00 0.00 0.00 0
56028 0.00 0.00 0.00 0
56029 0.00 0.00 0.00 0
56030 0.00 0.00 0.00 0
56031 0.00 0.00 0.00 0
56032 0.00 0.00 0.00 0
56033 0.00 0.00 0.00 0
56040 0.00 0.00 0.00 0
56042 0.00 0.00 0.00 0
56125 0.00 0.00 0.00 0
56126 0.00 0.00 0.00 0
56127 0.00 0.00 0.00 0
56128 0.00 0.00 0.00 0
56129 0.00 0.00 0.00 0
56130 0.00 0.00 0.00 0
56131 0.00 0.00 0.00 0
56132 0.00 0.00 0.00 0
56133 0.00 0.00 0.00 0
56134 0.00 0.00 0.00 0
56135 0.00 0.00 0.00 0
56136 0.00 0.00 0.00 0
56137 0.00 0.00 0.00 0
56138 0.00 0.00 0.00 0
56139 0.00 0.00 0.00 0
56140 0.00 0.00 0.00 0
56141 0.00 0.00 0.00 0
56142 0.00 0.00 0.00 0
56143 0.00 0.00 0.00 0
56144 0.00 0.00 0.00 0
56145 0.00 0.00 0.00 0
56146 0.00 0.00 0.00 0
57832 0.00 0.00 0.00 0
57833 0.00 0.00 0.00 0
57920 0.00 0.00 0.00 0
57924 0.00 0.00 0.00 0
57925 0.00 0.00 0.00 0
57926 0.00 0.00 0.00 0
57927 0.00 0.00 0.00 0
57928 0.00 0.00 0.00 0
57929 0.00 0.00 0.00 0
57930 0.00 0.00 0.00 0
57931 0.00 0.00 0.00 0
57932 0.00 0.00 0.00 0
57933 0.00 0.00 0.00 0
57934 0.00 0.00 0.00 0
57935 0.00 0.00 0.00 0
57936 0.00 0.00 0.00 0
57937 0.00 0.00 0.00 0
57938 0.00 0.00 0.00 0
57939 0.00 0.00 0.00 0
57940 0.00 0.00 0.00 0
57941 0.00 0.00 0.00 0
57942 0.00 0.00 0.00 0
57943 0.00 0.00 0.00 0
57944 0.00 0.00 0.00 0
57945 0.00 0.00 0.00 0
57946 0.00 0.00 0.00 0
59297 0.00 0.00 0.00 0
59298 0.00 0.00 0.00 0
59299 0.00 0.00 0.00 0
59300 0.00 0.00 0.00 0
59301 0.00 0.00 0.00 0
59302 0.00 0.00 0.00 0
59303 0.00 0.00 0.00 0
59304 0.00 0.00 0.00 0
59305 0.00 0.00 0.00 0
59306 0.00 0.00 0.00 0
59307 0.00 0.00 0.00 0
59308 0.00 0.00 0.00 0
59309 0.00 0.00 0.00 0
59310 0.00 0.00 0.00 0
59311 0.00 0.00 0.00 0
62964 0.00 0.00 0.00 0
62965 0.00 0.00 0.00 0
62966 0.00 0.00 0.00 0
62967 0.00 0.00 0.00 0
62968 0.00 0.00 0.00 0
62969 0.00 0.00 0.00 0
62970 0.00 0.00 0.00 0
62971 0.00 0.00 0.00 0
62972 0.00 0.00 0.00 0
62973 0.00 0.00 0.00 0
62974 0.00 0.00 0.00 0
62975 0.00 0.00 0.00 0
62976 0.00 0.00 0.00 0
62977 0.00 0.00 0.00 0
62978 0.00 0.00 0.00 0
62979 0.00 0.00 0.00 0
62980 0.00 0.00 0.00 0
62981 0.00 0.00 0.00 0
62982 0.00 0.00 0.00 0
62983 0.00 0.00 0.00 0
62984 0.00 0.00 0.00 0
62985 0.00 0.00 0.00 0
62986 0.00 0.00 0.00 0
62987 0.00 0.00 0.00 0
62988 0.00 0.00 0.00 0
62989 0.00 0.00 0.00 0
62990 0.00 0.00 0.00 0
62991 0.00 0.00 0.00 0
62992 0.00 0.00 0.00 0
62993 0.00 0.00 0.00 0
62994 0.00 0.00 0.00 0
62995 0.00 0.00 0.00 0
62996 0.00 0.00 0.00 0
62997 0.00 0.00 0.00 0
62998 0.00 0.00 0.00 0
62999 0.00 0.00 0.00 0
63000 0.00 0.00 0.00 0
63001 0.00 0.00 0.00 0
63002 0.00 0.00 0.00 0
63003 0.00 0.00 0.00 0
63004 0.00 0.00 0.00 0
63005 0.00 0.00 0.00 0
63006 0.00 0.00 0.00 0
63007 0.00 0.00 0.00 0
63008 0.00 0.00 0.00 0
63009 0.00 0.00 0.00 0
63010 0.00 0.00 0.00 0
63011 0.00 0.00 0.00 0
63012 0.00 0.00 0.00 0
63013 0.00 0.00 0.00 0
63014 0.00 0.00 0.00 0
63015 0.00 0.00 0.00 0
63016 0.00 0.00 0.00 0
63017 0.00 0.00 0.00 0
63018 0.00 0.00 0.00 0
63019 0.00 0.00 0.00 0
63020 0.00 0.00 0.00 0
63021 0.00 0.00 0.00 0
63022 0.00 0.00 0.00 0
63023 0.00 0.00 0.00 0
63280 0.00 0.00 0.00 0
63282 0.00 0.00 0.00 0
63283 0.00 0.00 0.00 0
63289 0.00 0.00 0.00 0
63290 0.00 0.00 0.00 0
63291 0.00 0.00 0.00 0
63292 0.00 0.00 0.00 0
63293 0.00 0.00 0.00 0
63294 0.00 0.00 0.00 0
63295 0.00 0.00 0.00 0
63296 0.00 0.00 0.00 0
63297 0.00 0.00 0.00 0
63298 0.00 0.00 0.00 0
63299 0.00 0.00 0.00 0
63300 0.00 0.00 0.00 0
63301 0.00 0.00 0.00 0
63302 0.00 0.00 0.00 0
63303 0.00 0.00 0.00 0
63304 0.00 0.00 0.00 0
63305 0.00 0.00 0.00 0
63306 0.00 0.00 0.00 0
63307 0.00 0.00 0.00 0
63308 0.00 0.00 0.00 0
63317 0.00 0.00 0.00 0
63318 0.00 0.00 0.00 0
63319 0.00 0.00 0.00 0
63320 0.00 0.00 0.00 0
63321 0.00 0.00 0.00 0
63322 0.00 0.00 0.00 0
63323 0.00 0.00 0.00 0
63324 0.00 0.00 0.00 0
64885 0.00 0.00 0.00 0
64887 0.00 0.00 0.00 0
64888 0.00 0.00 0.00 0
64889 0.00 0.00 0.00 0
65117 0.00 0.00 0.00 0
65118 0.00 0.00 0.00 0
65119 0.00 0.00 0.00 0
65120 0.00 0.00 0.00 0
65121 0.00 0.00 0.00 0
65122 0.00 0.00 0.00 0
65123 0.00 0.00 0.00 0
65124 0.00 0.00 0.00 0
65125 0.00 0.00 0.00 0
65126 0.00 0.00 0.00 0
65127 0.00 0.00 0.00 0
65128 0.00 0.00 0.00 0
65129 0.00 0.00 0.00 0
65130 0.00 0.00 0.00 0
65131 0.00 0.00 0.00 0
65132 0.00 0.00 0.00 0
65133 0.00 0.00 0.00 0
65134 0.00 0.00 0.00 0
65135 0.00 0.00 0.00 0
65136 0.00 0.00 0.00 0
65137 0.00 0.00 0.00 0
65138 0.00 0.00 0.00 0
65139 0.00 0.00 0.00 0
65140 0.00 0.00 0.00 0
65141 0.00 0.00 0.00 0
65142 0.00 0.00 0.00 0
65143 0.00 0.00 0.00 0
65144 0.00 0.00 0.00 0
65145 0.00 0.00 0.00 0
65146 0.00 0.00 0.00 0
65147 0.00 0.00 0.00 0
65148 0.00 0.00 0.00 0
65149 0.00 0.00 0.00 0
65150 0.00 0.00 0.00 0
65151 0.00 0.00 0.00 0
65152 0.00 0.00 0.00 0
65153 0.00 0.00 0.00 0
65154 0.00 0.00 0.00 0
66500 0.00 0.00 0.00 0
66504 0.00 0.00 0.00 0
66505 0.00 0.00 0.00 0
66506 0.00 0.00 0.00 0
66507 0.00 0.00 0.00 0
66508 0.00 0.00 0.00 0
66509 0.00 0.00 0.00 0
66510 0.00 0.00 0.00 0
66511 0.00 0.00 0.00 0
70156 0.00 0.00 0.00 0
70157 0.00 0.00 0.00 0
70158 0.00 0.00 0.00 0
70159 0.00 0.00 0.00 0
70160 0.00 0.00 0.00 0
70161 0.00 0.00 0.00 0
70162 0.00 0.00 0.00 0
70163 0.00 0.00 0.00 0
70164 0.00 0.00 0.00 0
70165 0.00 0.00 0.00 0
70166 0.00 0.00 0.00 0
70167 0.00 0.00 0.00 0
70168 0.00 0.00 0.00 0
70169 0.00 0.00 0.00 0
70170 0.00 0.00 0.00 0
70171 0.00 0.00 0.00 0
70172 0.00 0.00 0.00 0
70173 0.00 0.00 0.00 0
70174 0.00 0.00 0.00 0
70175 0.00 0.00 0.00 0
70176 0.00 0.00 0.00 0
70177 0.00 0.00 0.00 0
70178 0.00 0.00 0.00 0
70179 0.00 0.00 0.00 0
70180 0.00 0.00 0.00 0
70181 0.00 0.00 0.00 0
70182 0.00 0.00 0.00 0
70183 0.00 0.00 0.00 0
70184 0.00 0.00 0.00 0
70185 0.00 0.00 0.00 0
70186 0.00 0.00 0.00 0
70187 0.00 0.00 0.00 0
70188 0.00 0.00 0.00 0
70189 0.00 0.00 0.00 0
70190 0.00 0.00 0.00 0
70191 0.00 0.00 0.00 0
70192 0.00 0.00 0.00 0
70193 0.00 0.00 0.00 0
70194 0.00 0.00 0.00 0
70195 0.00 0.00 0.00 0
70196 0.00 0.00 0.00 0
70197 0.00 0.00 0.00 0
70198 0.00 0.00 0.00 0
70199 0.00 0.00 0.00 0
70200 0.00 0.00 0.00 0
70201 0.00 0.00 0.00 0
70202 0.00 0.00 0.00 0
70203 0.00 0.00 0.00 0
70204 0.00 0.00 0.00 0
70205 0.00 0.00 0.00 0
70206 0.00 0.00 0.00 0
70207 0.00 0.00 0.00 0
70208 0.00 0.00 0.00 0
70210 0.00 0.00 0.00 0
70215 0.00 0.00 0.00 0
70217 0.00 0.00 0.00 0
70458 0.00 0.00 0.00 0
70459 0.00 0.00 0.00 0
70460 0.00 0.00 0.00 0
70480 0.00 0.00 0.00 0
70481 0.00 0.00 0.00 0
70482 0.00 0.00 0.00 0
70483 0.00 0.00 0.00 0
70484 0.00 0.00 0.00 0
70485 0.00 0.00 0.00 0
70486 0.00 0.00 0.00 0
70487 0.00 0.00 0.00 0
70488 0.00 0.00 0.00 0
70489 0.00 0.00 0.00 0
70490 0.00 0.00 0.00 0
70491 0.00 0.00 0.00 0
70492 0.00 0.00 0.00 0
70493 0.00 0.00 0.00 0
70494 0.00 0.00 0.00 0
70495 0.00 0.00 0.00 0
70496 0.00 0.00 0.00 0
70497 0.00 0.00 0.00 0
70498 0.00 0.00 0.00 0
70499 0.00 0.00 0.00 0
70500 0.00 0.00 0.00 0
70501 0.00 0.00 0.00 0
70502 0.00 0.00 0.00 0
70503 0.00 0.00 0.00 0
70504 0.00 0.00 0.00 0
70505 0.00 0.00 0.00 0
70506 0.00 0.00 0.00 0
70507 0.00 0.00 0.00 0
70508 0.00 0.00 0.00 0
70509 0.00 0.00 0.00 0
70510 0.00 0.00 0.00 0
70511 0.00 0.00 0.00 0
70512 0.00 0.00 0.00 0
70513 0.00 0.00 0.00 0
70514 0.00 0.00 0.00 0
70515 0.00 0.00 0.00 0
70516 0.00 0.00 0.00 0
75559 0.00 0.00 0.00 0
75560 0.00 0.00 0.00 0
75561 0.00 0.00 0.00 0
75562 0.00 0.00 0.00 0
75563 0.00 0.00 0.00 0
75567 0.00 0.00 0.00 0
75568 0.00 0.00 0.00 0
75569 0.00 0.00 0.00 0
75570 0.00 0.00 0.00 0
75571 0.00 0.00 0.00 0
75572 0.00 0.00 0.00 0
75573 0.00 0.00 0.00 0
75574 0.00 0.00 0.00 0
75575 0.00 0.00 0.00 0
75576 0.00 0.00 0.00 0
75577 0.00 0.00 0.00 0
75578 0.00 0.00 0.00 0
75582 0.00 0.00 0.00 0
75583 0.00 0.00 0.00 0
75584 0.00 0.00 0.00 0
75585 0.00 0.00 0.00 0
75586 0.00 0.00 0.00 0
75590 0.00 0.00 0.00 0
75592 0.00 0.00 0.00 0
75593 0.00 0.00 0.00 0
75594 0.00 0.00 0.00 0
75595 0.00 0.00 0.00 0
75596 0.00 0.00 0.00 0
75597 0.00 0.00 0.00 0
75598 0.00 0.00 0.00 0
75599 0.00 0.00 0.00 0
75600 0.00 0.00 0.00 0
75601 0.00 0.00 0.00 0
75602 0.00 0.00 0.00 0
75603 0.00 0.00 0.00 0
75604 0.00 0.00 0.00 0
75605 0.00 0.00 0.00 0
75606 0.00 0.00 0.00 0
75607 0.00 0.00 0.00 0
75850 0.00 0.00 0.00 0
75851 0.00 0.00 0.00 0
75852 0.00 0.00 0.00 0
75853 0.00 0.00 0.00 0
75854 0.00 0.00 0.00 0
75855 0.00 0.00 0.00 0
75856 0.00 0.00 0.00 0
75857 0.00 0.00 0.00 0
75858 0.00 0.00 0.00 0
75859 0.00 0.00 0.00 0
75860 0.00 0.00 0.00 0
75861 0.00 0.00 0.00 0
75862 0.00 0.00 0.00 0
75863 0.00 0.00 0.00 0
75864 0.00 0.00 0.00 0
75865 0.00 0.00 0.00 0
75866 0.00 0.00 0.00 0
75867 0.00 0.00 0.00 0
75868 0.00 0.00 0.00 0
75869 0.00 0.00 0.00 0
75870 0.00 0.00 0.00 0
75872 0.00 0.00 0.00 0
75873 0.00 0.00 0.00 0
75874 0.00 0.00 0.00 0
75875 0.00 0.00 0.00 0
75876 0.00 0.00 0.00 0
75877 0.00 0.00 0.00 0
75878 0.00 0.00 0.00 0
75879 0.00 0.00 0.00 0
75880 0.00 0.00 0.00 0
75881 0.00 0.00 0.00 0
75882 0.00 0.00 0.00 0
75883 0.00 0.00 0.00 0
75884 0.00 0.00 0.00 0
75885 0.00 0.00 0.00 0
75886 0.00 0.00 0.00 0
75887 0.00 0.00 0.00 0
75888 0.00 0.00 0.00 0
75889 0.00 0.00 0.00 0
75890 0.00 0.00 0.00 0
75891 0.00 0.00 0.00 0
75892 0.00 0.00 0.00 0
75893 0.00 0.00 0.00 0
75894 0.00 0.00 0.00 0
75895 0.00 0.00 0.00 0
75896 0.00 0.00 0.00 0
75897 0.00 0.00 0.00 0
75898 0.00 0.00 0.00 0
75899 0.00 0.00 0.00 0
75900 0.00 0.00 0.00 0
75901 0.00 0.00 0.00 0
75902 0.00 0.00 0.00 0
75903 0.00 0.00 0.00 0
75904 0.00 0.00 0.00 0
75905 0.00 0.00 0.00 0
75906 0.00 0.00 0.00 0
75907 0.00 0.00 0.00 0
75908 0.00 0.00 0.00 0
75909 0.00 0.00 0.00 0
75910 0.00 0.00 0.00 0
75911 0.00 0.00 0.00 0
75912 0.00 0.00 0.00 0
75913 0.00 0.00 0.00 0
75914 0.00 0.00 0.00 0
75915 0.00 0.00 0.00 0
75916 0.00 0.00 0.00 0
75917 0.00 0.00 0.00 0
75918 0.00 0.00 0.00 0
75919 0.00 0.00 0.00 0
75920 0.00 0.00 0.00 0
75921 0.00 0.00 0.00 0
75922 0.00 0.00 0.00 0
75923 0.00 0.00 0.00 0
75924 0.00 0.00 0.00 0
75926 0.00 0.00 0.00 0
75927 0.00 0.00 0.00 0
75930 0.00 0.00 0.00 0
75931 0.00 0.00 0.00 0
75932 0.00 0.00 0.00 0
75933 0.00 0.00 0.00 0
75934 0.00 0.00 0.00 0
79966 0.00 0.00 0.00 0
79975 0.00 0.00 0.00 0
79977 0.00 0.00 0.00 0
79978 0.00 0.00 0.00 0
79979 0.00 0.00 0.00 0
79980 0.00 0.00 0.00 0
79982 0.00 0.00 0.00 0
79983 0.00 0.00 0.00 0
79984 0.00 0.00 0.00 0
79985 0.00 0.00 0.00 0
79986 0.00 0.00 0.00 0
79987 0.00 0.00 0.00 0
79988 0.00 0.00 0.00 0
79989 0.00 0.00 0.00 0
79990 0.00 0.00 0.00 0
79991 0.00 0.00 0.00 0
79992 0.00 0.00 0.00 0
79993 0.00 0.00 0.00 0
79994 0.00 0.00 0.00 0
79995 0.00 0.00 0.00 0
79996 0.00 0.00 0.00 0
79997 0.00 0.00 0.00 0
79998 0.00 0.00 0.00 0
79999 0.00 0.00 0.00 0
80000 0.00 0.00 0.00 0
80001 0.00 0.00 0.00 0
80002 0.00 0.00 0.00 0
80003 0.00 0.00 0.00 0
80004 0.00 0.00 0.00 0
80005 0.00 0.00 0.00 0
80006 0.00 0.00 0.00 0
80007 0.00 0.00 0.00 0
80008 0.00 0.00 0.00 0
80009 0.00 0.00 0.00 0
80010 0.00 0.00 0.00 0
80011 0.00 0.00 0.00 0
87345 0.00 0.00 0.00 0
87346 0.00 0.00 0.00 0
87351 0.00 0.00 0.00 0
87357 0.00 0.00 0.00 0
87358 0.00 0.00 0.00 0
87362 0.00 0.00 0.00 0
87363 0.00 0.00 0.00 0
87364 0.00 0.00 0.00 0
87365 0.00 0.00 0.00 0
90969 0.00 0.00 0.00 0
90977 0.00 0.00 0.00 0
90978 0.00 0.00 0.00 0
90979 0.00 0.00 0.00 0
90999 0.00 0.00 0.00 0
91014 0.00 0.00 0.00 0
91015 0.00 0.00 0.00 0
91016 0.00 0.00 0.00 0
91017 0.00 0.00 0.00 0
91018 0.00 0.00 0.00 0
91019 0.00 0.00 0.00 0
91020 0.00 0.00 0.00 0
91021 0.00 0.00 0.00 0
91022 0.00 0.00 0.00 0
91023 0.00 0.00 0.00 0
91024 0.00 0.00 0.00 0
91025 0.00 0.00 0.00 0
91026 0.00 0.00 0.00 0
91027 0.00 0.00 0.00 0
91028 0.00 0.00 0.00 0
91029 0.00 0.00 0.00 0
91030 0.00 0.00 0.00 0
91031 0.00 0.00 0.00 0
91032 0.00 0.00 0.00 0
91033 0.00 0.00 0.00 0
91034 0.00 0.00 0.00 0
91035 0.00 0.00 0.00 0
91036 0.00 0.00 0.00 0
91037 0.00 0.00 0.00 0
91038 0.00 0.00 0.00 0
91039 0.00 0.00 0.00 0
91040 0.00 0.00 0.00 0
91041 0.00 0.00 0.00 0
91042 0.00 0.00 0.00 0
91043 0.00 0.00 0.00 0
91044 0.00 0.00 0.00 0
91045 0.00 0.00 0.00 0
91046 0.00 0.00 0.00 0
91047 0.00 0.00 0.00 0
91048 0.00 0.00 0.00 0
91049 0.00 0.00 0.00 0
91050 0.00 0.00 0.00 0
91051 0.00 0.00 0.00 0
91052 0.00 0.00 0.00 0
91053 0.00 0.00 0.00 0
91054 0.00 0.00 0.00 0
91055 0.00 0.00 0.00 0
91056 0.00 0.00 0.00 0
91057 0.00 0.00 0.00 0
91058 0.00 0.00 0.00 0
91059 0.00 0.00 0.00 0
91060 0.00 0.00 0.00 0
91061 0.00 0.00 0.00 0
91062 0.00 0.00 0.00 0
91063 0.00 0.00 0.00 0
91064 0.00 0.00 0.00 0
91065 0.00 0.00 0.00 0
91066 0.00 0.00 0.00 0
91067 0.00 0.00 0.00 0
91068 0.00 0.00 0.00 0
91069 0.00 0.00 0.00 0
91070 0.00 0.00 0.00 0
91071 0.00 0.00 0.00 0
91072 0.00 0.00 0.00 0
91073 0.00 0.00 0.00 0
91074 0.00 0.00 0.00 0
91075 0.00 0.00 0.00 0
91076 0.00 0.00 0.00 0
91077 0.00 0.00 0.00 0
91078 0.00 0.00 0.00 0
91079 0.00 0.00 0.00 0
91081 0.00 0.00 0.00 0
91082 0.00 0.00 0.00 0
91083 0.00 0.00 0.00 0
91084 0.00 0.00 0.00 0
91085 0.00 0.00 0.00 0
91086 0.00 0.00 0.00 0
91087 0.00 0.00 0.00 0
91088 0.00 0.00 0.00 0
91089 0.00 0.00 0.00 0
91090 0.00 0.00 0.00 0
91091 0.00 0.00 0.00 0
91092 0.00 0.00 0.00 0
91093 0.00 0.00 0.00 0
91094 0.00 0.00 0.00 0
91095 0.00 0.00 0.00 0
91096 0.00 0.00 0.00 0
91097 0.00 0.00 0.00 0
91098 0.00 0.00 0.00 0
91099 0.00 0.00 0.00 0
91100 0.00 0.00 0.00 0
91101 0.00 0.00 0.00 0
91102 0.00 0.00 0.00 0
91103 0.00 0.00 0.00 0
91104 0.00 0.00 0.00 0
91105 0.00 0.00 0.00 0
91106 0.00 0.00 0.00 0
91107 0.00 0.00 0.00 0
91108 0.00 0.00 0.00 0
91109 0.00 0.00 0.00 0
91110 0.00 0.00 0.00 0
91111 0.00 0.00 0.00 0
91112 0.00 0.00 0.00 0
91113 0.00 0.00 0.00 0
91114 0.00 0.00 0.00 0
91115 0.00 0.00 0.00 0
91116 0.00 0.00 0.00 0
91117 0.00 0.00 0.00 0
91118 0.00 0.00 0.00 0
91119 0.00 0.00 0.00 0
91120 0.00 0.00 0.00 0
91121 0.00 0.00 0.00 0
91122 0.00 0.00 0.00 0
91123 0.00 0.00 0.00 0
91124 0.00 0.00 0.00 0
91125 0.00 0.00 0.00 0
91126 0.00 0.00 0.00 0
91127 0.00 0.00 0.00 0
91128 0.00 0.00 0.00 0
91129 0.00 0.00 0.00 0
91130 0.00 0.00 0.00 0
91131 0.00 0.00 0.00 0
91132 0.00 0.00 0.00 0
91133 0.00 0.00 0.00 0
91134 0.00 0.00 0.00 0
91135 0.00 0.00 0.00 0
91136 0.00 0.00 0.00 0
91137 0.00 0.00 0.00 0
91138 0.00 0.00 0.00 0
91139 0.00 0.00 0.00 0
91140 0.00 0.00 0.00 0
91141 0.00 0.00 0.00 0
91142 0.00 0.00 0.00 0
91143 0.00 0.00 0.00 0
91144 0.00 0.00 0.00 0
91145 0.00 0.00 0.00 0
91146 0.00 0.00 0.00 0
91147 0.00 0.00 0.00 0
91148 0.00 0.00 0.00 0
91277 0.00 0.00 0.00 0
91279 0.00 0.00 0.00 0
91342 0.00 0.00 0.00 0
91343 0.00 0.00 0.00 0
91344 0.00 0.00 0.00 0
91345 0.00 0.00 0.00 0
91346 0.00 0.00 0.00 0
91348 0.00 0.00 0.00 0
91349 0.00 0.00 0.00 0
91350 0.00 0.00 0.00 0
91351 0.00 0.00 0.00 0
91352 0.00 0.00 0.00 0
91353 0.00 0.00 0.00 0
91962 0.00 0.00 0.00 0
91964 0.00 0.00 0.00 0
91965 0.00 0.00 0.00 0
91966 0.00 0.00 0.00 0
91967 0.00 0.00 0.00 0
91968 0.00 0.00 0.00 0
91969 0.00 0.00 0.00 0
91970 0.00 0.00 0.00 0
91971 0.00 0.00 0.00 0
91972 0.00 0.00 0.00 0
91973 0.00 0.00 0.00 0
91974 0.00 0.00 0.00 0
91975 0.00 0.00 0.00 0
91976 0.00 0.00 0.00 0
91977 0.00 0.00 0.00 0
91978 0.00 0.00 0.00 0
91979 0.00 0.00 0.00 0
91980 0.00 0.00 0.00 0
91981 0.00 0.00 0.00 0
91982 0.00 0.00 0.00 0
91983 0.00 0.00 0.00 0
91984 0.00 0.00 0.00 0
91985 0.00 0.00 0.00 0
91986 0.00 0.00 0.00 0
91987 0.00 0.00 0.00 0
91988 0.00 0.00 0.00 0
91989 0.00 0.00 0.00 0
91990 0.00 0.00 0.00 0
91991 0.00 0.00 0.00 0
91992 0.00 0.00 0.00 0
91993 0.00 0.00 0.00 0
91994 0.00 0.00 0.00 0
91995 0.00 0.00 0.00 0
91996 0.00 0.00 0.00 0
91997 0.00 0.00 0.00 0
91998 0.00 0.00 0.00 0
91999 0.00 0.00 0.00 0
92000 0.00 0.00 0.00 0
92001 0.00 0.00 0.00 0
92002 0.00 0.00 0.00 0
92003 0.00 0.00 0.00 0
92004 0.00 0.00 0.00 0
92005 0.00 0.00 0.00 0
92006 0.00 0.00 0.00 0
92007 0.00 0.00 0.00 0
92008 0.00 0.00 0.00 0
92027 0.00 0.00 0.00 0
92028 0.00 0.00 0.00 0
92029 0.00 0.00 0.00 0
92030 0.00 0.00 0.00 0
92031 0.00 0.00 0.00 0
92032 0.00 0.00 0.00 0
92033 0.00 0.00 0.00 0
92034 0.00 0.00 0.00 0
92035 0.00 0.00 0.00 0
92036 0.00 0.00 0.00 0
92037 0.00 0.00 0.00 0
92038 0.00 0.00 0.00 0
92039 0.00 0.00 0.00 0
92040 0.00 0.00 0.00 0
92041 0.00 0.00 0.00 0
92042 0.00 0.00 0.00 0
92043 0.00 0.00 0.00 0
92044 0.00 0.00 0.00 0
92045 0.00 0.00 0.00 0
92046 0.00 0.00 0.00 0
92047 0.00 0.00 0.00 0
92048 0.00 0.00 0.00 0
92513 0.00 0.00 0.00 0
92514 0.00 0.00 0.00 0
92515 0.00 0.00 0.00 0
92516 0.00 0.00 0.00 0
92517 0.00 0.00 0.00 0
92518 0.00 0.00 0.00 0
92519 0.00 0.00 0.00 0
92520 0.00 0.00 0.00 0
92521 0.00 0.00 0.00 0
93520 0.00 0.00 0.00 0
93521 0.00 0.00 0.00 0
93522 0.00 0.00 0.00 0
93523 0.00 0.00 0.00 0
93524 0.00 0.00 0.00 0
93580 0.00 0.00 0.00 0
93581 0.00 0.00 0.00 0
93582 0.00 0.00 0.00 0
93583 0.00 0.00 0.00 0
93584 0.00 0.00 0.00 0
93585 0.00 0.00 0.00 0
93586 0.00 0.00 0.00 0
93587 0.00 0.00 0.00 0
93588 0.00 0.00 0.00 0
93589 0.00 0.00 0.00 0
93590 0.00 0.00 0.00 0
93591 0.00 0.00 0.00 0
93592 0.00 0.00 0.00 0
94516 0.00 0.00 0.00 0
94517 0.00 0.00 0.00 0
94658 0.00 0.00 0.00 0
94659 0.00 0.00 0.00 0
94660 0.00 0.00 0.00 0
94661 0.00 0.00 0.00 0
94662 0.00 0.00 0.00 0
94663 0.00 0.00 0.00 0
94664 0.00 0.00 0.00 0
94665 0.00 0.00 0.00 0
94666 0.00 0.00 0.00 0
94667 0.00 0.00 0.00 0
94668 0.00 0.00 0.00 0
94669 0.00 0.00 0.00 0
94670 0.00 0.00 0.00 0
94671 0.00 0.00 0.00 0
94672 0.00 0.00 0.00 0
95483 0.00 0.00 0.00 0
95484 0.00 0.00 0.00 0
95485 0.00 0.00 0.00 0
95486 0.00 0.00 0.00 0
95487 0.00 0.00 0.00 0
95488 0.00 0.00 0.00 0
95489 0.00 0.00 0.00 0
95490 0.00 0.00 0.00 0
95491 0.00 0.00 0.00 0
97683 0.00 0.00 0.00 0
97684 0.00 0.00 0.00 0
97685 0.00 0.00 0.00 0
97686 0.00 0.00 0.00 0
97687 0.00 0.00 0.00 0
97688 0.00 0.00 0.00 0
97689 0.00 0.00 0.00 0
97690 0.00 0.00 0.00 0
97691 0.00 0.00 0.00 0
97692 0.00 0.00 0.00 0
97693 0.00 0.00 0.00 0
97694 0.00 0.00 0.00 0
97695 0.00 0.00 0.00 0
97696 0.00 0.00 0.00 0
97697 0.00 0.00 0.00 0
97698 0.00 0.00 0.00 0
97699 0.00 0.00 0.00 0
97700 0.00 0.00 0.00 0
97701 0.00 0.00 0.00 0
97702 0.00 0.00 0.00 0
97703 0.00 0.00 0.00 0
97704 0.00 0.00 0.00 0
97705 0.00 0.00 0.00 0
97706 0.00 0.00 0.00 0
97707 0.00 0.00 0.00 0
97708 0.00 0.00 0.00 0
97709 0.00 0.00 0.00 0
97710 0.00 0.00 0.00 0
97711 0.00 0.00 0.00 0
97712 0.00 0.00 0.00 0
97713 0.00 0.00 0.00 0
97714 0.00 0.00 0.00 0
97715 0.00 0.00 0.00 0
97716 0.00 0.00 0.00 0
97717 0.00 0.00 0.00 0
97873 0.00 0.00 0.00 0
97874 0.00 0.00 0.00 0
97875 0.00 0.00 0.00 0
97876 0.00 0.00 0.00 0
97877 0.00 0.00 0.00 0
97878 0.00 0.00 0.00 0
97879 0.00 0.00 0.00 0
97880 0.00 0.00 0.00 0
97881 0.00 0.00 0.00 0
97882 0.00 0.00 0.00 0
97883 0.00 0.00 0.00 0
97884 0.00 0.00 0.00 0
97885 0.00 0.00 0.00 0
97886 0.00 0.00 0.00 0
97887 0.00 0.00 0.00 0
97888 0.00 0.00 0.00 0
97895 0.00 0.00 0.00 0
97896 0.00 0.00 0.00 0
98837 0.00 0.00 0.00 0
98975 0.00 0.00 0.00 0
98976 0.00 0.00 0.00 0
98977 0.00 0.00 0.00 0
98978 0.00 0.00 0.00 0
98979 0.00 0.00 0.00 0
98980 0.00 0.00 0.00 0
98981 0.00 0.00 0.00 0
98982 0.00 0.00 0.00 0
98983 0.00 0.00 0.00 0
98984 0.00 0.00 0.00 0
98985 0.00 0.00 0.00 0
98986 0.00 0.00 0.00 0
98987 0.00 0.00 0.00 0
98988 0.00 0.00 0.00 0
98989 0.00 0.00 0.00 0
98990 0.00 0.00 0.00 0
98991 0.00 0.00 0.00 0
98992 0.00 0.00 0.00 0
98993 0.00 0.00 0.00 0
98994 0.00 0.00 0.00 0
98995 0.00 0.00 0.00 0
98996 0.00 0.00 0.00 0
98997 0.00 0.00 0.00 0
98998 0.00 0.00 0.00 0
98999 0.00 0.00 0.00 0
99806 0.00 0.00 0.00 0
99807 0.00 0.00 0.00 0
99808 0.00 0.00 0.00 0
99809 0.00 0.00 0.00 0
99810 0.00 0.00 0.00 0
99811 0.00 0.00 0.00 0
101999 0.00 0.00 0.00 0
102000 0.00 0.00 0.00 0
102001 0.00 0.00 0.00 0
102002 0.00 0.00 0.00 0
102003 0.00 0.00 0.00 0
102004 0.00 0.00 0.00 0
102005 0.00 0.00 0.00 0
102006 0.00 0.00 0.00 0
102007 0.00 0.00 0.00 0
102008 0.00 0.00 0.00 0
102009 0.00 0.00 0.00 0
102010 0.00 0.00 0.00 0
102011 0.00 0.00 0.00 0
102012 0.00 0.00 0.00 0
102013 0.00 0.00 0.00 0
102014 0.00 0.00 0.00 0
102015 0.00 0.00 0.00 0
102016 0.00 0.00 0.00 0
102017 0.00 0.00 0.00 0
102018 0.00 0.00 0.00 0
102019 0.00 0.00 0.00 0
102020 0.00 0.00 0.00 0
102021 0.00 0.00 0.00 0
102022 0.00 0.00 0.00 0
102023 0.00 0.00 0.00 0
102024 0.00 0.00 0.00 0
102025 0.00 0.00 0.00 0
102026 0.00 0.00 0.00 0
102027 0.00 0.00 0.00 0
102028 0.00 0.00 0.00 0
102029 0.00 0.00 0.00 0
102175 0.00 0.00 0.00 0
102177 0.00 0.00 0.00 0
102180 0.00 0.00 0.00 0
102181 0.00 0.00 0.00 0
102193 0.00 0.00 0.00 0
102194 0.00 0.00 0.00 0
102195 0.00 0.00 0.00 0
102196 0.00 0.00 0.00 0
102197 0.00 0.00 0.00 0
102198 0.00 0.00 0.00 0
102199 0.00 0.00 0.00 0
102200 0.00 0.00 0.00 0
102201 0.00 0.00 0.00 0
102202 0.00 0.00 0.00 0
102203 0.00 0.00 0.00 0
102204 0.00 0.00 0.00 0
102205 0.00 0.00 0.00 0
102206 0.00 0.00 0.00 0
102207 0.00 0.00 0.00 0
102208 0.00 0.00 0.00 0
102209 0.00 0.00 0.00 0
102210 0.00 0.00 0.00 0
102211 0.00 0.00 0.00 0
102212 0.00 0.00 0.00 0
102213 0.00 0.00 0.00 0
102214 0.00 0.00 0.00 0
105242 0.00 0.00 0.00 0
105243 0.00 0.00 0.00 0
105244 0.00 0.00 0.00 0
105245 0.00 0.00 0.00 0
105246 0.00 0.00 0.00 0
105247 0.00 0.00 0.00 0
105248 0.00 0.00 0.00 0
105249 0.00 0.00 0.00 0
105250 0.00 0.00 0.00 0
105251 0.00 0.00 0.00 0
105254 0.00 0.00 0.00 0
105255 0.00 0.00 0.00 0
105256 0.00 0.00 0.00 0
105262 0.00 0.00 0.00 0
105263 0.00 0.00 0.00 0
105264 0.00 0.00 0.00 0
105265 0.00 0.00 0.00 0
105266 0.00 0.00 0.00 0
105267 0.00 0.00 0.00 0
105268 0.00 0.00 0.00 0
105269 0.00 0.00 0.00 0
105415 0.00 0.00 0.00 0
105416 0.00 0.00 0.00 0
105417 0.00 0.00 0.00 0
105418 0.00 0.00 0.00 0
105419 0.00 0.00 0.00 0
105420 0.00 0.00 0.00 0
105421 0.00 0.00 0.00 0
105422 0.00 0.00 0.00 0
105423 0.00 0.00 0.00 0
105424 0.00 0.00 0.00 0
105425 0.00 0.00 0.00 0
105426 0.00 0.00 0.00 0
105427 0.00 0.00 0.00 0
105428 0.00 0.00 0.00 0
105429 0.00 0.00 0.00 0
105430 0.00 0.00 0.00 0
105431 0.00 0.00 0.00 0
105432 0.00 0.00 0.00 0
105433 0.00 0.00 0.00 0
105434 0.00 0.00 0.00 0
105435 0.00 0.00 0.00 0
105436 0.00 0.00 0.00 0
105437 0.00 0.00 0.00 0
105438 0.00 0.00 0.00 0
105439 0.00 0.00 0.00 0
105440 0.00 0.00 0.00 0
105441 0.00 0.00 0.00 0
105442 0.00 0.00 0.00 0
105443 0.00 0.00 0.00 0
105444 0.00 0.00 0.00 0
105445 0.00 0.00 0.00 0
105446 0.00 0.00 0.00 0
105447 0.00 0.00 0.00 0
105448 0.00 0.00 0.00 0
105449 0.00 0.00 0.00 0
105450 0.00 0.00 0.00 0
105451 0.00 0.00 0.00 0
105452 0.00 0.00 0.00 0
105453 0.00 0.00 0.00 0
105454 0.00 0.00 0.00 0
105455 0.00 0.00 0.00 0
105456 0.00 0.00 0.00 0
105457 0.00 0.00 0.00 0
105458 0.00 0.00 0.00 0
105459 0.00 0.00 0.00 0
107890 0.00 0.00 0.00 0
107891 0.00 0.00 0.00 0
107892 0.00 0.00 0.00 0
107893 0.00 0.00 0.00 0
107894 0.00 0.00 0.00 0
107895 0.00 0.00 0.00 0
107896 0.00 0.00 0.00 0
107897 0.00 0.00 0.00 0
107898 0.00 0.00 0.00 0
107899 0.00 0.00 0.00 0
107900 0.00 0.00 0.00 0
107901 0.00 0.00 0.00 0
107902 0.00 0.00 0.00 0
107903 0.00 0.00 0.00 0
107904 0.00 0.00 0.00 0
107905 0.00 0.00 0.00 0
107906 0.00 0.00 0.00 0
107907 0.00 0.00 0.00 0
107908 0.00 0.00 0.00 0
107909 0.00 0.00 0.00 0
107910 0.00 0.00 0.00 0
107911 0.00 0.00 0.00 0
112318 0.00 0.00 0.00 0
112319 0.00 0.00 0.00 0
112320 0.00 0.00 0.00 0
112321 0.00 0.00 0.00 0
112322 0.00 0.00 0.00 0
114486 0.00 0.00 0.00 0
114491 0.00 0.00 0.00 0
114504 0.00 0.00 0.00 0
114505 0.00 0.00 0.00 0
114506 0.00 0.00 0.00 0
114513 0.00 0.00 0.00 0
114514 0.00 0.00 0.00 0
114515 0.00 0.00 0.00 0
114516 0.00 0.00 0.00 0
114517 0.00 0.00 0.00 0
114518 0.00 0.00 0.00 0
114519 0.00 0.00 0.00 0
114520 0.00 0.00 0.00 0
114521 0.00 0.00 0.00 0
114522 0.00 0.00 0.00 0
114523 0.00 0.00 0.00 0
114524 0.00 0.00 0.00 0
114525 0.00 0.00 0.00 0
114526 0.00 0.00 0.00 0
114527 0.00 0.00 0.00 0
114528 0.00 0.00 0.00 0
114529 0.00 0.00 0.00 0
114530 0.00 0.00 0.00 0
114531 0.00 0.00 0.00 0
114532 0.00 0.00 0.00 0
114533 0.00 0.00 0.00 0
114534 0.00 0.00 0.00 0
114535 0.00 0.00 0.00 0
114536 0.00 0.00 0.00 0
114537 0.00 0.00 0.00 0
114538 0.00 0.00 0.00 0
114539 0.00 0.00 0.00 0
114540 0.00 0.00 0.00 0
114541 0.00 0.00 0.00 0
114542 0.00 0.00 0.00 0
114543 0.00 0.00 0.00 0
114544 0.00 0.00 0.00 0
114545 0.00 0.00 0.00 0
114546 0.00 0.00 0.00 0
114547 0.00 0.00 0.00 0
114548 0.00 0.00 0.00 0
114549 0.00 0.00 0.00 0
114550 0.00 0.00 0.00 0
114551 0.00 0.00 0.00 0
114552 0.00 0.00 0.00 0
114553 0.00 0.00 0.00 0
114554 0.00 0.00 0.00 0
114555 0.00 0.00 0.00 0
114556 0.00 0.00 0.00 0
114557 0.00 0.00 0.00 0
114558 0.00 0.00 0.00 0
114559 0.00 0.00 0.00 0
114560 0.00 0.00 0.00 0
114561 0.00 0.00 0.00 0
114562 0.00 0.00 0.00 0
114563 0.00 0.00 0.00 0
114564 0.00 0.00 0.00 0
114565 0.00 0.00 0.00 0
114566 0.00 0.00 0.00 0
114567 0.00 0.00 0.00 0
114568 0.00 0.00 0.00 0
114569 0.00 0.00 0.00 0
114570 0.00 0.00 0.00 0
114571 0.00 0.00 0.00 0
114572 0.00 0.00 0.00 0
114573 0.00 0.00 0.00 0
114574 0.00 0.00 0.00 0
114575 0.00 0.00 0.00 0
114576 0.00 0.00 0.00 0
114577 0.00 0.00 0.00 0
114578 0.00 0.00 0.00 0
114579 0.00 0.00 0.00 0
114580 0.00 0.00 0.00 0
114581 0.00 0.00 0.00 0
114582 0.00 0.00 0.00 0
114583 0.00 0.00 0.00 0
114584 0.00 0.00 0.00 0
114585 0.00 0.00 0.00 0
114586 0.00 0.00 0.00 0
114587 0.00 0.00 0.00 0
114588 0.00 0.00 0.00 0
114589 0.00 0.00 0.00 0
114590 0.00 0.00 0.00 0
114591 0.00 0.00 0.00 0
114592 0.00 0.00 0.00 0
114593 0.00 0.00 0.00 0
115082 0.00 0.00 0.00 0
115083 0.00 0.00 0.00 0
115084 0.00 0.00 0.00 0
115085 0.00 0.00 0.00 0
115086 0.00 0.00 0.00 0
115087 0.00 0.00 0.00 0
115088 0.00 0.00 0.00 0
115089 0.00 0.00 0.00 0
115090 0.00 0.00 0.00 0
115091 0.00 0.00 0.00 0
115092 0.00 0.00 0.00 0
115093 0.00 0.00 0.00 0
115094 0.00 0.00 0.00 0
115095 0.00 0.00 0.00 0
115096 0.00 0.00 0.00 0
115097 0.00 0.00 0.00 0
115098 0.00 0.00 0.00 0
115099 0.00 0.00 0.00 0
115100 0.00 0.00 0.00 0
115101 0.00 0.00 0.00 0
115102 0.00 0.00 0.00 0
115103 0.00 0.00 0.00 0
115104 0.00 0.00 0.00 0
115105 0.00 0.00 0.00 0
115106 0.00 0.00 0.00 0
115107 0.00 0.00 0.00 0
115108 0.00 0.00 0.00 0
115109 0.00 0.00 0.00 0
115110 0.00 0.00 0.00 0
115121 0.00 0.00 0.00 0
115122 0.00 0.00 0.00 0
115123 0.00 0.00 0.00 0
115124 0.00 0.00 0.00 0
115125 0.00 0.00 0.00 0
115126 0.00 0.00 0.00 0
115127 0.00 0.00 0.00 0
115128 0.00 0.00 0.00 0
115129 0.00 0.00 0.00 0
115130 0.00 0.00 0.00 0
115131 0.00 0.00 0.00 0
115132 0.00 0.00 0.00 0
115133 0.00 0.00 0.00 0
115134 0.00 0.00 0.00 0
116021 0.00 0.00 0.00 0
116022 0.00 0.00 0.00 0
116023 0.00 0.00 0.00 0
116024 0.00 0.00 0.00 0
116025 0.00 0.00 0.00 0
116026 0.00 0.00 0.00 0
116027 0.00 0.00 0.00 0
116028 0.00 0.00 0.00 0
116029 0.00 0.00 0.00 0
116030 0.00 0.00 0.00 0
116031 0.00 0.00 0.00 0
116032 0.00 0.00 0.00 0
116033 0.00 0.00 0.00 0
116034 0.00 0.00 0.00 0
116035 0.00 0.00 0.00 0
116036 0.00 0.00 0.00 0
116037 0.00 0.00 0.00 0
116038 0.00 0.00 0.00 0
116039 0.00 0.00 0.00 0
116040 0.00 0.00 0.00 0
116041 0.00 0.00 0.00 0
116670 0.00 0.00 0.00 0
116671 0.00 0.00 0.00 0
118372 0.00 0.00 0.00 0
118373 0.00 0.00 0.00 0
118374 0.00 0.00 0.00 0
118375 0.00 0.00 0.00 0
118376 0.00 0.00 0.00 0
118377 0.00 0.00 0.00 0
118378 0.00 0.00 0.00 0
118379 0.00 0.00 0.00 0
118380 0.00 0.00 0.00 0
118381 0.00 0.00 0.00 0
118382 0.00 0.00 0.00 0
118384 0.00 0.00 0.00 0
118390 0.00 0.00 0.00 0
118391 0.00 0.00 0.00 0
118392 0.00 0.00 0.00 0
118393 0.00 0.00 0.00 0
118394 0.00 0.00 0.00 0
118395 0.00 0.00 0.00 0
118396 0.00 0.00 0.00 0
118510 0.00 0.00 0.00 0
118511 0.00 0.00 0.00 0
118512 0.00 0.00 0.00 0
118513 0.00 0.00 0.00 0
118514 0.00 0.00 0.00 0
118515 0.00 0.00 0.00 0
118516 0.00 0.00 0.00 0
118517 0.00 0.00 0.00 0
118518 0.00 0.00 0.00 0
118519 0.00 0.00 0.00 0
118520 0.00 0.00 0.00 0
118521 0.00 0.00 0.00 0
118522 0.00 0.00 0.00 0
118523 0.00 0.00 0.00 0
118524 0.00 0.00 0.00 0
118525 0.00 0.00 0.00 0
118526 0.00 0.00 0.00 0
118527 0.00 0.00 0.00 0
118528 0.00 0.00 0.00 0
118529 0.00 0.00 0.00 0
118530 0.00 0.00 0.00 0
118531 0.00 0.00 0.00 0
118532 0.00 0.00 0.00 0
118533 0.00 0.00 0.00 0
118534 0.00 0.00 0.00 0
118535 0.00 0.00 0.00 0
118536 0.00 0.00 0.00 0
118537 0.00 0.00 0.00 0
118538 0.00 0.00 0.00 0
118539 0.00 0.00 0.00 0
118540 0.00 0.00 0.00 0
120899 0.00 0.00 0.00 0
120900 0.00 0.00 0.00 0
120901 0.00 0.00 0.00 0
120902 0.00 0.00 0.00 0
121029 0.00 0.00 0.00 0
121030 0.00 0.00 0.00 0
121031 0.00 0.00 0.00 0
121032 0.00 0.00 0.00 0
121033 0.00 0.00 0.00 0
121034 0.00 0.00 0.00 0
121035 0.00 0.00 0.00 0
121036 0.00 0.00 0.00 0
121037 0.00 0.00 0.00 0
121038 0.00 0.00 0.00 0
121039 0.00 0.00 0.00 0
121040 0.00 0.00 0.00 0
121041 0.00 0.00 0.00 0
121042 0.00 0.00 0.00 0
121043 0.00 0.00 0.00 0
121044 0.00 0.00 0.00 0
121045 0.00 0.00 0.00 0
121046 0.00 0.00 0.00 0
121047 0.00 0.00 0.00 0
121048 0.00 0.00 0.00 0
121049 0.00 0.00 0.00 0
121050 0.00 0.00 0.00 0
121051 0.00 0.00 0.00 0
121052 0.00 0.00 0.00 0
121053 0.00 0.00 0.00 0
121054 0.00 0.00 0.00 0
121055 0.00 0.00 0.00 0
121056 0.00 0.00 0.00 0
121057 0.00 0.00 0.00 0
121058 0.00 0.00 0.00 0
121059 0.00 0.00 0.00 0
121060 0.00 0.00 0.00 0
121061 0.00 0.00 0.00 0
121062 0.00 0.00 0.00 0
121063 0.00 0.00 0.00 0
122953 0.00 0.00 0.00 0
122954 0.00 0.00 0.00 0
122955 0.00 0.00 0.00 0
122956 0.00 0.00 0.00 0
122957 0.00 0.00 0.00 0
122958 0.00 0.00 0.00 0
122959 0.00 0.00 0.00 0
122960 0.00 0.00 0.00 0
122961 0.00 0.00 0.00 0
122962 0.00 0.00 0.00 0
122963 0.00 0.00 0.00 0
122964 0.00 0.00 0.00 0
122965 0.00 0.00 0.00 0
122966 0.00 0.00 0.00 0
122967 0.00 0.00 0.00 0
122968 0.00 0.00 0.00 0
122969 0.00 0.00 0.00 0
122970 0.00 0.00 0.00 0
122971 0.00 0.00 0.00 0
128085 0.00 0.00 0.00 0
128086 0.00 0.00 0.00 0
128087 0.00 0.00 0.00 0
128088 0.00 0.00 0.00 0
128089 0.00 0.00 0.00 0
128090 0.00 0.00 0.00 0
128091 0.00 0.00 0.00 0
128092 0.00 0.00 0.00 0
128093 0.00 0.00 0.00 0
128094 0.00 0.00 0.00 0
128095 0.00 0.00 0.00 0
128096 0.00 0.00 0.00 0
128097 0.00 0.00 0.00 0
128098 0.00 0.00 0.00 0
128099 0.00 0.00 0.00 0
128100 0.00 0.00 0.00 0
128101 0.00 0.00 0.00 0
128102 0.00 0.00 0.00 0
128103 0.00 0.00 0.00 0
128104 0.00 0.00 0.00 0
128105 0.00 0.00 0.00 0
128106 0.00 0.00 0.00 0
128107 0.00 0.00 0.00 0
128108 0.00 0.00 0.00 0
128109 0.00 0.00 0.00 0
128110 0.00 0.00 0.00 0
128111 0.00 0.00 0.00 0
128112 0.00 0.00 0.00 0
128113 0.00 0.00 0.00 0
128114 0.00 0.00 0.00 0
128115 0.00 0.00 0.00 0
128116 0.00 0.00 0.00 0
128117 0.00 0.00 0.00 0
128118 0.00 0.00 0.00 0
128119 0.00 0.00 0.00 0
128120 0.00 0.00 0.00 0
128121 0.00 0.00 0.00 0
128122 0.00 0.00 0.00 0
128123 0.00 0.00 0.00 0
128124 0.00 0.00 0.00 0
128125 0.00 0.00 0.00 0
128126 0.00 0.00 0.00 0
128127 0.00 0.00 0.00 0
128128 0.00 0.00 0.00 0
128129 0.00 0.00 0.00 0
128130 0.00 0.00 0.00 0
128131 0.00 0.00 0.00 0
128132 0.00 0.00 0.00 0
128133 0.00 0.00 0.00 0
128134 0.00 0.00 0.00 0
128135 0.00 0.00 0.00 0
128136 0.00 0.00 0.00 0
128137 0.00 0.00 0.00 0
128138 0.00 0.00 0.00 0
128139 0.00 0.00 0.00 0
128140 0.00 0.00 0.00 0
128141 0.00 0.00 0.00 0
128142 0.00 0.00 0.00 0
128143 0.00 0.00 0.00 0
128144 0.00 0.00 0.00 0
128145 0.00 0.00 0.00 0
128146 0.00 0.00 0.00 0
128147 0.00 0.00 0.00 0
128148 0.00 0.00 0.00 0
128149 0.00 0.00 0.00 0
128150 0.00 0.00 0.00 0
128151 0.00 0.00 0.00 0
128152 0.00 0.00 0.00 0
128153 0.00 0.00 0.00 0
128154 0.00 0.00 0.00 0
128155 0.00 0.00 0.00 0
128156 0.00 0.00 0.00 0
128157 0.00 0.00 0.00 0
128158 0.00 0.00 0.00 0
128159 0.00 0.00 0.00 0
128160 0.00 0.00 0.00 0
128161 0.00 0.00 0.00 0
128162 0.00 0.00 0.00 0
128163 0.00 0.00 0.00 0
128164 0.00 0.00 0.00 0
128165 0.00 0.00 0.00 0
128166 0.00 0.00 0.00 0
128167 0.00 0.00 0.00 0
128168 0.00 0.00 0.00 0
128532 0.00 0.00 0.00 0
128542 0.00 0.00 0.00 0
128543 0.00 0.00 0.00 0
128545 0.00 0.00 0.00 0
128546 0.00 0.00 0.00 0
128547 0.00 0.00 0.00 0
128548 0.00 0.00 0.00 0
128549 0.00 0.00 0.00 0
128550 0.00 0.00 0.00 0
128551 0.00 0.00 0.00 0
128552 0.00 0.00 0.00 0
128553 0.00 0.00 0.00 0
128554 0.00 0.00 0.00 0
128555 0.00 0.00 0.00 0
128556 0.00 0.00 0.00 0
128557 0.00 0.00 0.00 0
128558 0.00 0.00 0.00 0
128559 0.00 0.00 0.00 0
128560 0.00 0.00 0.00 0
128561 0.00 0.00 0.00 0
128562 0.00 0.00 0.00 0
128563 0.00 0.00 0.00 0
128564 0.00 0.00 0.00 0
128565 0.00 0.00 0.00 0
128566 0.00 0.00 0.00 0
128567 0.00 0.00 0.00 0
128568 0.00 0.00 0.00 0
128579 0.00 0.00 0.00 0
128580 0.00 0.00 0.00 0
128581 0.00 0.00 0.00 0
128582 0.00 0.00 0.00 0
128583 0.00 0.00 0.00 0
128584 0.00 0.00 0.00 0
128585 0.00 0.00 0.00 0
128586 0.00 0.00 0.00 0
128587 0.00 0.00 0.00 0
128588 0.00 0.00 0.00 0
128589 0.00 0.00 0.00 0
130575 0.00 0.00 0.00 0
130576 0.00 0.00 0.00 0
130577 0.00 0.00 0.00 0
130865 0.00 0.00 0.00 0
130866 0.00 0.00 0.00 0
130867 0.00 0.00 0.00 0
130868 0.00 0.00 0.00 0
130869 0.00 0.00 0.00 0
130870 0.00 0.00 0.00 0
130871 0.00 0.00 0.00 0
130872 0.00 0.00 0.00 0
130873 0.00 0.00 0.00 0
130874 0.00 0.00 0.00 0
130875 0.00 0.00 0.00 0
130876 0.00 0.00 0.00 0
130877 0.00 0.00 0.00 0
130878 0.00 0.00 0.00 0
130879 0.00 0.00 0.00 0
130880 0.00 0.00 0.00 0
130881 0.00 0.00 0.00 0
130882 0.00 0.00 0.00 0
130883 0.00 0.00 0.00 0
130884 0.00 0.00 0.00 0
130885 0.00 0.00 0.00 0
130886 0.00 0.00 0.00 0
130887 0.00 0.00 0.00 0
130888 0.00 0.00 0.00 0
130889 0.00 0.00 0.00 0
130890 0.00 0.00 0.00 0
130891 0.00 0.00 0.00 0
130892 0.00 0.00 0.00 0
130893 0.00 0.00 0.00 0
130894 0.00 0.00 0.00 0
130895 0.00 0.00 0.00 0
130896 0.00 0.00 0.00 0
130897 0.00 0.00 0.00 0
130898 0.00 0.00 0.00 0
130899 0.00 0.00 0.00 0
130900 0.00 0.00 0.00 0
130901 0.00 0.00 0.00 0
130902 0.00 0.00 0.00 0
130903 0.00 0.00 0.00 0
130904 0.00 0.00 0.00 0
130905 0.00 0.00 0.00 0
130906 0.00 0.00 0.00 0
130907 0.00 0.00 0.00 0
130908 0.00 0.00 0.00 0
130909 0.00 0.00 0.00 0
130910 0.00 0.00 0.00 0
130911 0.00 0.00 0.00 0
130912 0.00 0.00 0.00 0
130913 0.00 0.00 0.00 0
132623 0.00 0.00 0.00 0
132624 0.00 0.00 0.00 0
132625 0.00 0.00 0.00 0
132626 0.00 0.00 0.00 0
132627 0.00 0.00 0.00 0
132628 0.00 0.00 0.00 0
132629 0.00 0.00 0.00 0
132630 0.00 0.00 0.00 0
132631 0.00 0.00 0.00 0
137248 0.00 0.00 0.00 0
137249 0.00 0.00 0.00 0
137250 0.00 0.00 0.00 0
137251 0.00 0.00 0.00 0
137252 0.00 0.00 0.00 0
137253 0.00 0.00 0.00 0
137254 0.00 0.00 0.00 0
137255 0.00 0.00 0.00 0
137256 0.00 0.00 0.00 0
137257 0.00 0.00 0.00 0
137258 0.00 0.00 0.00 0
137259 0.00 0.00 0.00 0
137260 0.00 0.00 0.00 0
137261 0.00 0.00 0.00 0
137262 0.00 0.00 0.00 0
137263 0.00 0.00 0.00 0
137264 0.00 0.00 0.00 0
137265 0.00 0.00 0.00 0
137266 0.00 0.00 0.00 0
137267 0.00 0.00 0.00 0
137268 0.00 0.00 0.00 0
137269 0.00 0.00 0.00 0
137270 0.00 0.00 0.00 0
137271 0.00 0.00 0.00 0
137272 0.00 0.00 0.00 0
137273 0.00 0.00 0.00 0
137274 0.00 0.00 0.00 0
137275 0.00 0.00 0.00 0
137276 0.00 0.00 0.00 0
137277 0.00 0.00 0.00 0
137278 0.00 0.00 0.00 0
137279 0.00 0.00 0.00 0
137280 0.00 0.00 0.00 0
137281 0.00 0.00 0.00 0
137282 0.00 0.00 0.00 0
137283 0.00 0.00 0.00 0
137284 0.00 0.00 0.00 0
137285 0.00 0.00 0.00 0
137286 0.00 0.00 0.00 0
137287 0.00 0.00 0.00 0
137288 0.00 0.00 0.00 0
137289 0.00 0.00 0.00 0
137290 0.00 0.00 0.00 0
137291 0.00 0.00 0.00 0
137292 0.00 0.00 0.00 0
137293 0.00 0.00 0.00 0
137294 0.00 0.00 0.00 0
137295 0.00 0.00 0.00 0
137296 0.00 0.00 0.00 0
137297 0.00 0.00 0.00 0
137298 0.00 0.00 0.00 0
137299 0.00 0.00 0.00 0
137300 0.00 0.00 0.00 0
137301 0.00 0.00 0.00 0
137302 0.00 0.00 0.00 0
137303 0.00 0.00 0.00 0
137304 0.00 0.00 0.00 0
137305 0.00 0.00 0.00 0
137306 0.00 0.00 0.00 0
137307 0.00 0.00 0.00 0
137308 0.00 0.00 0.00 0
137309 0.00 0.00 0.00 0
137310 0.00 0.00 0.00 0
137311 0.00 0.00 0.00 0
137312 0.00 0.00 0.00 0
137313 0.00 0.00 0.00 0
137314 0.00 0.00 0.00 0
137315 0.00 0.00 0.00 0
137316 0.00 0.00 0.00 0
137317 0.00 0.00 0.00 0
137318 0.00 0.00 0.00 0
137320 0.00 0.00 0.00 0
137321 0.00 0.00 0.00 0
137322 0.00 0.00 0.00 0
137323 0.00 0.00 0.00 0
137324 0.00 0.00 0.00 0
137325 0.00 0.00 0.00 0
137326 0.00 0.00 0.00 0
137327 0.00 0.00 0.00 0
137631 0.00 0.00 0.00 0
137632 0.00 0.00 0.00 0
137659 0.00 0.00 0.00 0
137660 0.00 0.00 0.00 0
137661 0.00 0.00 0.00 0
137662 0.00 0.00 0.00 0
137663 0.00 0.00 0.00 0
137664 0.00 0.00 0.00 0
137665 0.00 0.00 0.00 0
137668 0.00 0.00 0.00 0
137669 0.00 0.00 0.00 0
137670 0.00 0.00 0.00 0
137671 0.00 0.00 0.00 0
137672 0.00 0.00 0.00 0
137673 0.00 0.00 0.00 0
137674 0.00 0.00 0.00 0
137675 0.00 0.00 0.00 0
137676 0.00 0.00 0.00 0
137677 0.00 0.00 0.00 0
137678 0.00 0.00 0.00 0
137679 0.00 0.00 0.00 0
137680 0.00 0.00 0.00 0
137681 0.00 0.00 0.00 0
137682 0.00 0.00 0.00 0
137683 0.00 0.00 0.00 0
137684 0.00 0.00 0.00 0
137685 0.00 0.00 0.00 0
137686 0.00 0.00 0.00 0
137687 0.00 0.00 0.00 0
137688 0.00 0.00 0.00 0
137689 0.00 0.00 0.00 0
137690 0.00 0.00 0.00 0
137691 0.00 0.00 0.00 0
137692 0.00 0.00 0.00 0
137693 0.00 0.00 0.00 0
137694 0.00 0.00 0.00 0
137695 0.00 0.00 0.00 0
137696 0.00 0.00 0.00 0
137697 0.00 0.00 0.00 0
137698 0.00 0.00 0.00 0
137699 0.00 0.00 0.00 0
137700 0.00 0.00 0.00 0
137701 0.00 0.00 0.00 0
137702 0.00 0.00 0.00 0
137703 0.00 0.00 0.00 0
143867 0.00 0.00 0.00 0
143868 0.00 0.00 0.00 0
143869 0.00 0.00 0.00 0
143870 0.00 0.00 0.00 0
143871 0.00 0.00 0.00 0
143872 0.00 0.00 0.00 0
143873 0.00 0.00 0.00 0
143874 0.00 0.00 0.00 0
143875 0.00 0.00 0.00 0
143876 0.00 0.00 0.00 0
143879 0.00 0.00 0.00 0
143880 0.00 0.00 0.00 0
143881 0.00 0.00 0.00 0
143882 0.00 0.00 0.00 0
143883 0.00 0.00 0.00 0
143884 0.00 0.00 0.00 0
143885 0.00 0.00 0.00 0
143886 0.00 0.00 0.00 0
143887 0.00 0.00 0.00 0
143888 0.00 0.00 0.00 0
143889 0.00 0.00 0.00 0
143890 0.00 0.00 0.00 0
143891 0.00 0.00 0.00 0
143892 0.00 0.00 0.00 0
143893 0.00 0.00 0.00 0
143894 0.00 0.00 0.00 0
143901 0.00 0.00 0.00 0
143902 0.00 0.00 0.00 0
143903 0.00 0.00 0.00 0
143909 0.00 0.00 0.00 0
143910 0.00 0.00 0.00 0
143911 0.00 0.00 0.00 0
143912 0.00 0.00 0.00 0
143913 0.00 0.00 0.00 0
143914 0.00 0.00 0.00 0
143915 0.00 0.00 0.00 0
143916 0.00 0.00 0.00 0
143917 0.00 0.00 0.00 0
143918 0.00 0.00 0.00 0
143919 0.00 0.00 0.00 0
143920 0.00 0.00 0.00 0
143921 0.00 0.00 0.00 0
143922 0.00 0.00 0.00 0
143923 0.00 0.00 0.00 0
143924 0.00 0.00 0.00 0
143925 0.00 0.00 0.00 0
143926 0.00 0.00 0.00 0
143927 0.00 0.00 0.00 0
143928 0.00 0.00 0.00 0
143929 0.00 0.00 0.00 0
143930 0.00 0.00 0.00 0
143939 0.00 0.00 0.00 0
144226 0.00 0.00 0.00 0
144227 0.00 0.00 0.00 0
144228 0.00 0.00 0.00 0
144229 0.00 0.00 0.00 0
144230 0.00 0.00 0.00 0
144231 0.00 0.00 0.00 0
144232 0.00 0.00 0.00 0
144233 0.00 0.00 0.00 0
144234 0.00 0.00 0.00 0
144235 0.00 0.00 0.00 0
144236 0.00 0.00 0.00 0
144237 0.00 0.00 0.00 0
144238 0.00 0.00 0.00 0
144239 0.00 0.00 0.00 0
144240 0.00 0.00 0.00 0
144241 0.00 0.00 0.00 0
144242 0.00 0.00 0.00 0
144243 0.00 0.00 0.00 0
144244 0.00 0.00 0.00 0
144245 0.00 0.00 0.00 0
144246 0.00 0.00 0.00 0
144247 0.00 0.00 0.00 0
144248 0.00 0.00 0.00 0
144255 0.00 0.00 0.00 0
144256 0.00 0.00 0.00 0
144257 0.00 0.00 0.00 0
144258 0.00 0.00 0.00 0
144259 0.00 0.00 0.00 0
144260 0.00 0.00 0.00 0
144261 0.00 0.00 0.00 0
144262 0.00 0.00 0.00 0
144263 0.00 0.00 0.00 0
144264 0.00 0.00 0.00 0
144265 0.00 0.00 0.00 0
144266 0.00 0.00 0.00 0
144267 0.00 0.00 0.00 0
144268 0.00 0.00 0.00 0
144269 0.00 0.00 0.00 0
144270 0.00 0.00 0.00 0
144271 0.00 0.00 0.00 0
144272 0.00 0.00 0.00 0
144273 0.00 0.00 0.00 0
144274 0.00 0.00 0.00 0
144275 0.00 0.00 0.00 0
144276 0.00 0.00 0.00 0
144277 0.00 0.00 0.00 0
144278 0.00 0.00 0.00 0
144279 0.00 0.00 0.00 0
144280 0.00 0.00 0.00 0
144281 0.00 0.00 0.00 0
144282 0.00 0.00 0.00 0
144283 0.00 0.00 0.00 0
144284 0.00 0.00 0.00 0
144285 0.00 0.00 0.00 0
144286 0.00 0.00 0.00 0
144287 0.00 0.00 0.00 0
144288 0.00 0.00 0.00 0
144289 0.00 0.00 0.00 0
144290 0.00 0.00 0.00 0
144291 0.00 0.00 0.00 0
144292 0.00 0.00 0.00 0
144293 0.00 0.00 0.00 0
144294 0.00 0.00 0.00 0
144295 0.00 0.00 0.00 0
144296 0.00 0.00 0.00 0
144297 0.00 0.00 0.00 0
144298 0.00 0.00 0.00 0
144299 0.00 0.00 0.00 0
144300 0.00 0.00 0.00 0
144301 0.00 0.00 0.00 0
144302 0.00 0.00 0.00 0
144303 0.00 0.00 0.00 0
144304 0.00 0.00 0.00 0
144305 0.00 0.00 0.00 0
144308 0.00 0.00 0.00 0
144309 0.00 0.00 0.00 0
144310 0.00 0.00 0.00 0
144311 0.00 0.00 0.00 0
144312 0.00 0.00 0.00 0
144313 0.00 0.00 0.00 0
144314 0.00 0.00 0.00 0
144315 0.00 0.00 0.00 0
144316 0.00 0.00 0.00 0
144317 0.00 0.00 0.00 0
144318 0.00 0.00 0.00 0
144319 0.00 0.00 0.00 0
144320 0.00 0.00 0.00 0
144321 0.00 0.00 0.00 0
144322 0.00 0.00 0.00 0
144323 0.00 0.00 0.00 0
144324 0.00 0.00 0.00 0
144325 0.00 0.00 0.00 0
144326 0.00 0.00 0.00 0
144327 0.00 0.00 0.00 0
144328 0.00 0.00 0.00 0
144331 0.00 0.00 0.00 0
149196 0.00 0.00 0.00 0
149197 0.00 0.00 0.00 0
149210 0.00 0.00 0.00 0
149218 0.00 0.00 0.00 0
149219 0.00 0.00 0.00 0
149220 0.00 0.00 0.00 0
149221 0.00 0.00 0.00 0
149222 0.00 0.00 0.00 0
149223 0.00 0.00 0.00 0
149224 0.00 0.00 0.00 0
149225 0.00 0.00 0.00 0
149226 0.00 0.00 0.00 0
149227 0.00 0.00 0.00 0
149228 0.00 0.00 0.00 0
149229 0.00 0.00 0.00 0
149230 0.00 0.00 0.00 0
149231 0.00 0.00 0.00 0
149232 0.00 0.00 0.00 0
149233 0.00 0.00 0.00 0
149234 0.00 0.00 0.00 0
149235 0.00 0.00 0.00 0
149236 0.00 0.00 0.00 0
149237 0.00 0.00 0.00 0
149238 0.00 0.00 0.00 0
149239 0.00 0.00 0.00 0
149240 0.00 0.00 0.00 0
149241 0.00 0.00 0.00 0
149242 0.00 0.00 0.00 0
149243 0.00 0.00 0.00 0
149244 0.00 0.00 0.00 0
149245 0.00 0.00 0.00 0
149246 0.00 0.00 0.00 0
149247 0.00 0.00 0.00 0
149248 0.00 0.00 0.00 0
149249 0.00 0.00 0.00 0
149250 0.00 0.00 0.00 0
149251 0.00 0.00 0.00 0
158065 0.00 0.00 0.00 0
158066 0.00 0.00 0.00 0
158067 0.00 0.00 0.00 0
158068 0.00 0.00 0.00 0
158069 0.00 0.00 0.00 0
158072 0.00 0.00 0.00 0
158073 0.00 0.00 0.00 0
158076 0.00 0.00 0.00 0
158078 0.00 0.00 0.00 0
158079 0.00 0.00 0.00 0
158080 0.00 0.00 0.00 0
158081 0.00 0.00 0.00 0
158082 0.00 0.00 0.00 0
158083 0.00 0.00 0.00 0
158084 0.00 0.00 0.00 0
158085 0.00 0.00 0.00 0
158086 0.00 0.00 0.00 0
158087 0.00 0.00 0.00 0
158088 0.00 0.00 0.00 0
158089 0.00 0.00 0.00 0
158090 0.00 0.00 0.00 0
162421 0.00 0.00 0.00 0
162466 0.00 0.00 0.00 0
162467 0.00 0.00 0.00 0
162468 0.00 0.00 0.00 0
162469 0.00 0.00 0.00 0
162470 0.00 0.00 0.00 0
162471 0.00 0.00 0.00 0
162472 0.00 0.00 0.00 0
162473 0.00 0.00 0.00 0
162474 0.00 0.00 0.00 0
162475 0.00 0.00 0.00 0
162476 0.00 0.00 0.00 0
162477 0.00 0.00 0.00 0
162478 0.00 0.00 0.00 0
162479 0.00 0.00 0.00 0
162480 0.00 0.00 0.00 0
162481 0.00 0.00 0.00 0
162482 0.00 0.00 0.00 0
162483 0.00 0.00 0.00 0
162484 0.00 0.00 0.00 0
162485 0.00 0.00 0.00 0
162486 0.00 0.00 0.00 0
162487 0.00 0.00 0.00 0
162488 0.00 0.00 0.00 0
162489 0.00 0.00 0.00 0
162490 0.00 0.00 0.00 0
162491 0.00 0.00 0.00 0
162492 0.00 0.00 0.00 0
162493 0.00 0.00 0.00 0
162494 0.00 0.00 0.00 0
162495 0.00 0.00 0.00 0
162496 0.00 0.00 0.00 0
162497 0.00 0.00 0.00 0
162498 0.00 0.00 0.00 0
162499 0.00 0.00 0.00 0
162500 0.00 0.00 0.00 0
162501 0.00 0.00 0.00 0
162502 0.00 0.00 0.00 0
162503 0.00 0.00 0.00 0
162504 0.00 0.00 0.00 0
162505 0.00 0.00 0.00 0
162506 0.00 0.00 0.00 0
162507 0.00 0.00 0.00 0
162508 0.00 0.00 0.00 0
162509 0.00 0.00 0.00 0
162510 0.00 0.00 0.00 0
162511 0.00 0.00 0.00 0
162512 0.00 0.00 0.00 0
162513 0.00 0.00 0.00 0
162514 0.00 0.00 0.00 0
162515 0.00 0.00 0.00 0
162516 0.00 0.00 0.00 0
162517 0.00 0.00 0.00 0
162518 0.00 0.00 0.00 0
162519 0.00 0.00 0.00 0
162520 0.00 0.00 0.00 0
162521 0.00 0.00 0.00 0
162522 0.00 0.00 0.00 0
162523 0.00 0.00 0.00 0
162524 0.00 0.00 0.00 0
162525 0.00 0.00 0.00 0
162526 0.00 0.00 0.00 0
162527 0.00 0.00 0.00 0
162528 0.00 0.00 0.00 0
162529 0.00 0.00 0.00 0
162530 0.00 0.00 0.00 0
162531 0.00 0.00 0.00 0
162532 0.00 0.00 0.00 0
162533 0.00 0.00 0.00 0
162534 0.00 0.00 0.00 0
162535 0.00 0.00 0.00 0
162536 0.00 0.00 0.00 0
162537 0.00 0.00 0.00 0
162538 0.00 0.00 0.00 0
162539 0.00 0.00 0.00 0
162540 0.00 0.00 0.00 0
162541 0.00 0.00 0.00 0
162542 0.00 0.00 0.00 0
162548 0.00 0.00 0.00 0
162549 0.00 0.00 0.00 0
162550 0.00 0.00 0.00 0
162551 0.00 0.00 0.00 0
162552 0.00 0.00 0.00 0
162553 0.00 0.00 0.00 0
162554 0.00 0.00 0.00 0
162555 0.00 0.00 0.00 0
162556 0.00 0.00 0.00 0
162557 0.00 0.00 0.00 0
162558 0.00 0.00 0.00 0
162559 0.00 0.00 0.00 0
162560 0.00 0.00 0.00 0
162561 0.00 0.00 0.00 0
162562 0.00 0.00 0.00 0
162563 0.00 0.00 0.00 0
162564 0.00 0.00 0.00 0
162565 0.00 0.00 0.00 0
162566 0.00 0.00 0.00 0
162567 0.00 0.00 0.00 0
162568 0.00 0.00 0.00 0
162569 0.00 0.00 0.00 0
162570 0.00 0.00 0.00 0
162571 0.00 0.00 0.00 0
162572 0.00 0.00 0.00 0
162573 0.00 0.00 0.00 0
162574 0.00 0.00 0.00 0
162575 0.00 0.00 0.00 0
162576 0.00 0.00 0.00 0
162577 0.00 0.00 0.00 0
162578 0.00 0.00 0.00 0
162579 0.00 0.00 0.00 0
162580 0.00 0.00 0.00 0
162581 0.00 0.00 0.00 0
162582 0.00 0.00 0.00 0
162583 0.00 0.00 0.00 0
162584 0.00 0.00 0.00 0
162585 0.00 0.00 0.00 0
162586 0.00 0.00 0.00 0
162587 0.00 0.00 0.00 0
162588 0.00 0.00 0.00 0
162589 0.00 0.00 0.00 0
162590 0.00 0.00 0.00 0
162591 0.00 0.00 0.00 0
162592 0.00 0.00 0.00 0
162593 0.00 0.00 0.00 0
162594 0.00 0.00 0.00 0
162595 0.00 0.00 0.00 0
162596 0.00 0.00 0.00 0
162597 0.00 0.00 0.00 0
162598 0.00 0.00 0.00 0
162599 0.00 0.00 0.00 0
162600 0.00 0.00 0.00 0
162601 0.00 0.00 0.00 0
162602 0.00 0.00 0.00 0
162603 0.00 0.00 0.00 0
162604 0.00 0.00 0.00 0
162605 0.00 0.00 0.00 0
162606 0.00 0.00 0.00 0
162607 0.00 0.00 0.00 0
162608 0.00 0.00 0.00 0
162609 0.00 0.00 0.00 0
162610 0.00 0.00 0.00 0
162611 0.00 0.00 0.00 0
162612 0.00 0.00 0.00 0
162613 0.00 0.00 0.00 0
162614 0.00 0.00 0.00 0
162615 0.00 0.00 0.00 0
162616 0.00 0.00 0.00 0
162617 0.00 0.00 0.00 0
162618 0.00 0.00 0.00 0
162619 0.00 0.00 0.00 0
162620 0.00 0.00 0.00 0
162621 0.00 0.00 0.00 0
162622 0.00 0.00 0.00 0
162623 0.00 0.00 0.00 0
162624 0.00 0.00 0.00 0
162625 0.00 0.00 0.00 0
162626 0.00 0.00 0.00 0
162627 0.00 0.00 0.00 0
162784 0.00 0.00 0.00 0
162851 0.00 0.00 0.00 0
162852 0.00 0.00 0.00 0
162859 0.00 0.00 0.00 0
162860 0.00 0.00 0.00 0
162861 0.00 0.00 0.00 0
162862 0.00 0.00 0.00 0
162863 0.00 0.00 0.00 0
162864 0.00 0.00 0.00 0
162865 0.00 0.00 0.00 0
162866 0.00 0.00 0.00 0
162867 0.00 0.00 0.00 0
162868 0.00 0.00 0.00 0
162869 0.00 0.00 0.00 0
162870 0.00 0.00 0.00 0
162871 0.00 0.00 0.00 0
162872 0.00 0.00 0.00 0
162873 0.00 0.00 0.00 0
162876 0.00 0.00 0.00 0
163607 0.00 0.00 0.00 0
163608 0.00 0.00 0.00 0
163609 0.00 0.00 0.00 0
163610 0.00 0.00 0.00 0
163611 0.00 0.00 0.00 0
163612 0.00 0.00 0.00 0
163613 0.00 0.00 0.00 0
163614 0.00 0.00 0.00 0
163615 0.00 0.00 0.00 0
163616 0.00 0.00 0.00 0
163617 0.00 0.00 0.00 0
163618 0.00 0.00 0.00 0
163619 0.00 0.00 0.00 0
163620 0.00 0.00 0.00 0
163621 0.00 0.00 0.00 0
163622 0.00 0.00 0.00 0
163623 0.00 0.00 0.00 0
163624 0.00 0.00 0.00 0
163625 0.00 0.00 0.00 0
163626 0.00 0.00 0.00 0
163627 0.00 0.00 0.00 0
163628 0.00 0.00 0.00 0
163629 0.00 0.00 0.00 0
163630 0.00 0.00 0.00 0
163631 0.00 0.00 0.00 0
163632 0.00 0.00 0.00 0
163633 0.00 0.00 0.00 0
163634 0.00 0.00 0.00 0
163635 0.00 0.00 0.00 0
163636 0.00 0.00 0.00 0
163637 0.00 0.00 0.00 0
163638 0.00 0.00 0.00 0
163639 0.00 0.00 0.00 0
163640 0.00 0.00 0.00 0
163641 0.00 0.00 0.00 0
163642 0.00 0.00 0.00 0
163643 0.00 0.00 0.00 0
163644 0.00 0.00 0.00 0
163645 0.00 0.00 0.00 0
163646 0.00 0.00 0.00 0
163647 0.00 0.00 0.00 0
163648 0.00 0.00 0.00 0
163649 0.00 0.00 0.00 0
163650 0.00 0.00 0.00 0
163651 0.00 0.00 0.00 0
163652 0.00 0.00 0.00 0
163653 0.00 0.00 0.00 0
163654 0.00 0.00 0.00 0
163655 0.00 0.00 0.00 0
163656 0.00 0.00 0.00 0
163657 0.00 0.00 0.00 0
163658 0.00 0.00 0.00 0
163681 0.00 0.00 0.00 0
163682 0.00 0.00 0.00 0
163683 0.00 0.00 0.00 0
163684 0.00 0.00 0.00 0
163685 0.00 0.00 0.00 0
163686 0.00 0.00 0.00 0
163687 0.00 0.00 0.00 0
163688 0.00 0.00 0.00 0
163689 0.00 0.00 0.00 0
163690 0.00 0.00 0.00 0
163691 0.00 0.00 0.00 0
163692 0.00 0.00 0.00 0
163693 0.00 0.00 0.00 0
163694 0.00 0.00 0.00 0
163695 0.00 0.00 0.00 0
163696 0.00 0.00 0.00 0
163697 0.00 0.00 0.00 0
163698 0.00 0.00 0.00 0
163699 0.00 0.00 0.00 0
163700 0.00 0.00 0.00 0
163701 0.00 0.00 0.00 0
163702 0.00 0.00 0.00 0
163703 0.00 0.00 0.00 0
163704 0.00 0.00 0.00 0
163705 0.00 0.00 0.00 0
