# G_temp_sup-Plan_tempo
1065
35 0.00 0.00 0.00 0
146 0.00 0.00 0.00 0
319 0.00 0.00 0.00 0
581 0.00 0.00 0.00 0
594 0.00 0.00 0.00 0
799 0.00 0.00 0.00 0
800 0.00 0.00 0.00 0
801 0.00 0.00 0.00 0
1317 0.00 0.00 0.00 0
1318 0.00 0.00 0.00 0
1319 0.00 0.00 0.00 0
1727 0.00 0.00 0.00 0
1729 0.00 0.00 0.00 0
1956 0.00 0.00 0.00 0
2381 0.00 0.00 0.00 0
2417 0.00 0.00 0.00 0
2717 0.00 0.00 0.00 0
2719 0.00 0.00 0.00 0
2720 0.00 0.00 0.00 0
2721 0.00 0.00 0.00 0
3235 0.00 0.00 0.00 0
3236 0.00 0.00 0.00 0
3237 0.00 0.00 0.00 0
3238 0.00 0.00 0.00 0
3239 0.00 0.00 0.00 0
3240 0.00 0.00 0.00 0
3241 0.00 0.00 0.00 0
3838 0.00 0.00 0.00 0
3839 0.00 0.00 0.00 0
3840 0.00 0.00 0.00 0
3841 0.00 0.00 0.00 0
5307 0.00 0.00 0.00 0
5308 0.00 0.00 0.00 0
5309 0.00 0.00 0.00 0
5395 0.00 0.00 0.00 0
5396 0.00 0.00 0.00 0
5397 0.00 0.00 0.00 0
5398 0.00 0.00 0.00 0
6047 0.00 0.00 0.00 0
6048 0.00 0.00 0.00 0
6049 0.00 0.00 0.00 0
6050 0.00 0.00 0.00 0
6979 0.00 0.00 0.00 0
6980 0.00 0.00 0.00 0
6981 0.00 0.00 0.00 0
6982 0.00 0.00 0.00 0
6983 0.00 0.00 0.00 0
6985 0.00 0.00 0.00 0
7870 0.00 0.00 0.00 0
7871 0.00 0.00 0.00 0
7872 0.00 0.00 0.00 0
7873 0.00 0.00 0.00 0
7874 0.00 0.00 0.00 0
7876 0.00 0.00 0.00 0
8466 0.00 0.00 0.00 0
9700 0.00 0.00 0.00 0
9701 0.00 0.00 0.00 0
9726 0.00 0.00 0.00 0
9727 0.00 0.00 0.00 0
9728 0.00 0.00 0.00 0
9729 0.00 0.00 0.00 0
9783 0.00 0.00 0.00 0
9805 0.00 0.00 0.00 0
9806 0.00 0.00 0.00 0
9808 0.00 0.00 0.00 0
9809 0.00 0.00 0.00 0
10397 0.00 0.00 0.00 0
10398 0.00 0.00 0.00 0
10399 0.00 0.00 0.00 0
10400 0.00 0.00 0.00 0
10401 0.00 0.00 0.00 0
10915 0.00 0.00 0.00 0
10916 0.00 0.00 0.00 0
10917 0.00 0.00 0.00 0
10918 0.00 0.00 0.00 0
10919 0.00 0.00 0.00 0
10920 0.00 0.00 0.00 0
10921 0.00 0.00 0.00 0
11515 0.00 0.00 0.00 0
11517 0.00 0.00 0.00 0
11518 0.00 0.00 0.00 0
11519 0.00 0.00 0.00 0
11520 0.00 0.00 0.00 0
11521 0.00 0.00 0.00 0
12985 0.00 0.00 0.00 0
12987 0.00 0.00 0.00 0
12988 0.00 0.00 0.00 0
12989 0.00 0.00 0.00 0
13075 0.00 0.00 0.00 0
13076 0.00 0.00 0.00 0
13077 0.00 0.00 0.00 0
13078 0.00 0.00 0.00 0
13915 0.00 0.00 0.00 0
13917 0.00 0.00 0.00 0
13918 0.00 0.00 0.00 0
13919 0.00 0.00 0.00 0
13920 0.00 0.00 0.00 0
13921 0.00 0.00 0.00 0
13922 0.00 0.00 0.00 0
13923 0.00 0.00 0.00 0
13924 0.00 0.00 0.00 0
13925 0.00 0.00 0.00 0
13926 0.00 0.00 0.00 0
14020 0.00 0.00 0.00 0
15468 0.00 0.00 0.00 0
15472 0.00 0.00 0.00 0
15473 0.00 0.00 0.00 0
15474 0.00 0.00 0.00 0
15475 0.00 0.00 0.00 0
15476 0.00 0.00 0.00 0
15477 0.00 0.00 0.00 0
15478 0.00 0.00 0.00 0
15479 0.00 0.00 0.00 0
15480 0.00 0.00 0.00 0
15481 0.00 0.00 0.00 0
15482 0.00 0.00 0.00 0
15483 0.00 0.00 0.00 0
17275 0.00 0.00 0.00 0
17276 0.00 0.00 0.00 0
17277 0.00 0.00 0.00 0
17278 0.00 0.00 0.00 0
17279 0.00 0.00 0.00 0
17280 0.00 0.00 0.00 0
17281 0.00 0.00 0.00 0
17282 0.00 0.00 0.00 0
17283 0.00 0.00 0.00 0
17287 0.00 0.00 0.00 0
17288 0.00 0.00 0.00 0
17289 0.00 0.00 0.00 0
18649 0.00 0.00 0.00 0
18650 0.00 0.00 0.00 0
18651 0.00 0.00 0.00 0
21685 0.00 0.00 0.00 0
21686 0.00 0.00 0.00 0
21687 0.00 0.00 0.00 0
21688 0.00 0.00 0.00 0
21689 0.00 0.00 0.00 0
21751 0.00 0.00 0.00 0
21755 0.00 0.00 0.00 0
21756 0.00 0.00 0.00 0
21757 0.00 0.00 0.00 0
21758 0.00 0.00 0.00 0
21759 0.00 0.00 0.00 0
21890 0.00 0.00 0.00 0
21891 0.00 0.00 0.00 0
21945 0.00 0.00 0.00 0
21946 0.00 0.00 0.00 0
21947 0.00 0.00 0.00 0
21948 0.00 0.00 0.00 0
21949 0.00 0.00 0.00 0
21950 0.00 0.00 0.00 0
21952 0.00 0.00 0.00 0
21954 0.00 0.00 0.00 0
21956 0.00 0.00 0.00 0
21982 0.00 0.00 0.00 0
21983 0.00 0.00 0.00 0
23325 0.00 0.00 0.00 0
23326 0.00 0.00 0.00 0
23327 0.00 0.00 0.00 0
23328 0.00 0.00 0.00 0
23329 0.00 0.00 0.00 0
23330 0.00 0.00 0.00 0
23331 0.00 0.00 0.00 0
24255 0.00 0.00 0.00 0
24257 0.00 0.00 0.00 0
24258 0.00 0.00 0.00 0
24259 0.00 0.00 0.00 0
24260 0.00 0.00 0.00 0
24261 0.00 0.00 0.00 0
24262 0.00 0.00 0.00 0
24263 0.00 0.00 0.00 0
24264 0.00 0.00 0.00 0
24265 0.00 0.00 0.00 0
24266 0.00 0.00 0.00 0
24267 0.00 0.00 0.00 0
25341 0.00 0.00 0.00 0
25342 0.00 0.00 0.00 0
25343 0.00 0.00 0.00 0
25344 0.00 0.00 0.00 0
25345 0.00 0.00 0.00 0
25346 0.00 0.00 0.00 0
25347 0.00 0.00 0.00 0
25348 0.00 0.00 0.00 0
25349 0.00 0.00 0.00 0
27987 0.00 0.00 0.00 0
27988 0.00 0.00 0.00 0
27989 0.00 0.00 0.00 0
28143 0.00 0.00 0.00 0
28144 0.00 0.00 0.00 0
28145 0.00 0.00 0.00 0
28146 0.00 0.00 0.00 0
28147 0.00 0.00 0.00 0
28148 0.00 0.00 0.00 0
28149 0.00 0.00 0.00 0
28150 0.00 0.00 0.00 0
29470 0.00 0.00 0.00 0
29471 0.00 0.00 0.00 0
29472 0.00 0.00 0.00 0
29473 0.00 0.00 0.00 0
29474 0.00 0.00 0.00 0
29475 0.00 0.00 0.00 0
29476 0.00 0.00 0.00 0
29477 0.00 0.00 0.00 0
29478 0.00 0.00 0.00 0
29479 0.00 0.00 0.00 0
29480 0.00 0.00 0.00 0
31646 0.00 0.00 0.00 0
31647 0.00 0.00 0.00 0
31648 0.00 0.00 0.00 0
31649 0.00 0.00 0.00 0
31650 0.00 0.00 0.00 0
31651 0.00 0.00 0.00 0
31652 0.00 0.00 0.00 0
31653 0.00 0.00 0.00 0
31654 0.00 0.00 0.00 0
31655 0.00 0.00 0.00 0
31656 0.00 0.00 0.00 0
31657 0.00 0.00 0.00 0
31660 0.00 0.00 0.00 0
33979 0.00 0.00 0.00 0
33980 0.00 0.00 0.00 0
33981 0.00 0.00 0.00 0
33982 0.00 0.00 0.00 0
33983 0.00 0.00 0.00 0
33984 0.00 0.00 0.00 0
33985 0.00 0.00 0.00 0
33986 0.00 0.00 0.00 0
33987 0.00 0.00 0.00 0
33988 0.00 0.00 0.00 0
33989 0.00 0.00 0.00 0
33994 0.00 0.00 0.00 0
33995 0.00 0.00 0.00 0
33996 0.00 0.00 0.00 0
33997 0.00 0.00 0.00 0
35675 0.00 0.00 0.00 0
35676 0.00 0.00 0.00 0
39338 0.00 0.00 0.00 0
39339 0.00 0.00 0.00 0
39340 0.00 0.00 0.00 0
39341 0.00 0.00 0.00 0
39413 0.00 0.00 0.00 0
39414 0.00 0.00 0.00 0
39415 0.00 0.00 0.00 0
39416 0.00 0.00 0.00 0
39418 0.00 0.00 0.00 0
39419 0.00 0.00 0.00 0
39420 0.00 0.00 0.00 0
39421 0.00 0.00 0.00 0
39422 0.00 0.00 0.00 0
39423 0.00 0.00 0.00 0
39424 0.00 0.00 0.00 0
39425 0.00 0.00 0.00 0
39428 0.00 0.00 0.00 0
39582 0.00 0.00 0.00 0
39583 0.00 0.00 0.00 0
39652 0.00 0.00 0.00 0
39660 0.00 0.00 0.00 0
39661 0.00 0.00 0.00 0
39662 0.00 0.00 0.00 0
39663 0.00 0.00 0.00 0
39664 0.00 0.00 0.00 0
39694 0.00 0.00 0.00 0
39695 0.00 0.00 0.00 0
41117 0.00 0.00 0.00 0
41118 0.00 0.00 0.00 0
41119 0.00 0.00 0.00 0
41120 0.00 0.00 0.00 0
41121 0.00 0.00 0.00 0
41635 0.00 0.00 0.00 0
41636 0.00 0.00 0.00 0
41637 0.00 0.00 0.00 0
41638 0.00 0.00 0.00 0
41639 0.00 0.00 0.00 0
41640 0.00 0.00 0.00 0
41641 0.00 0.00 0.00 0
42235 0.00 0.00 0.00 0
42236 0.00 0.00 0.00 0
42237 0.00 0.00 0.00 0
42238 0.00 0.00 0.00 0
42239 0.00 0.00 0.00 0
42240 0.00 0.00 0.00 0
42241 0.00 0.00 0.00 0
43705 0.00 0.00 0.00 0
43706 0.00 0.00 0.00 0
43707 0.00 0.00 0.00 0
43708 0.00 0.00 0.00 0
43709 0.00 0.00 0.00 0
43795 0.00 0.00 0.00 0
43796 0.00 0.00 0.00 0
43797 0.00 0.00 0.00 0
43798 0.00 0.00 0.00 0
43799 0.00 0.00 0.00 0
44635 0.00 0.00 0.00 0
44636 0.00 0.00 0.00 0
44637 0.00 0.00 0.00 0
44638 0.00 0.00 0.00 0
44639 0.00 0.00 0.00 0
44640 0.00 0.00 0.00 0
44641 0.00 0.00 0.00 0
44642 0.00 0.00 0.00 0
44643 0.00 0.00 0.00 0
44644 0.00 0.00 0.00 0
44645 0.00 0.00 0.00 0
44646 0.00 0.00 0.00 0
46188 0.00 0.00 0.00 0
46189 0.00 0.00 0.00 0
46190 0.00 0.00 0.00 0
46191 0.00 0.00 0.00 0
46192 0.00 0.00 0.00 0
46193 0.00 0.00 0.00 0
46194 0.00 0.00 0.00 0
46195 0.00 0.00 0.00 0
46196 0.00 0.00 0.00 0
46197 0.00 0.00 0.00 0
46198 0.00 0.00 0.00 0
46199 0.00 0.00 0.00 0
46200 0.00 0.00 0.00 0
46201 0.00 0.00 0.00 0
46202 0.00 0.00 0.00 0
46203 0.00 0.00 0.00 0
47995 0.00 0.00 0.00 0
47996 0.00 0.00 0.00 0
47997 0.00 0.00 0.00 0
47998 0.00 0.00 0.00 0
47999 0.00 0.00 0.00 0
48000 0.00 0.00 0.00 0
48001 0.00 0.00 0.00 0
48002 0.00 0.00 0.00 0
48003 0.00 0.00 0.00 0
48007 0.00 0.00 0.00 0
48008 0.00 0.00 0.00 0
48009 0.00 0.00 0.00 0
49367 0.00 0.00 0.00 0
49368 0.00 0.00 0.00 0
49369 0.00 0.00 0.00 0
49370 0.00 0.00 0.00 0
49371 0.00 0.00 0.00 0
52405 0.00 0.00 0.00 0
52406 0.00 0.00 0.00 0
52407 0.00 0.00 0.00 0
52408 0.00 0.00 0.00 0
52409 0.00 0.00 0.00 0
52475 0.00 0.00 0.00 0
52476 0.00 0.00 0.00 0
52477 0.00 0.00 0.00 0
52478 0.00 0.00 0.00 0
52479 0.00 0.00 0.00 0
52610 0.00 0.00 0.00 0
52611 0.00 0.00 0.00 0
52665 0.00 0.00 0.00 0
52666 0.00 0.00 0.00 0
52667 0.00 0.00 0.00 0
52668 0.00 0.00 0.00 0
52669 0.00 0.00 0.00 0
52670 0.00 0.00 0.00 0
52671 0.00 0.00 0.00 0
52672 0.00 0.00 0.00 0
52673 0.00 0.00 0.00 0
52674 0.00 0.00 0.00 0
52702 0.00 0.00 0.00 0
52703 0.00 0.00 0.00 0
54234 0.00 0.00 0.00 0
54235 0.00 0.00 0.00 0
54236 0.00 0.00 0.00 0
54237 0.00 0.00 0.00 0
54238 0.00 0.00 0.00 0
54239 0.00 0.00 0.00 0
54240 0.00 0.00 0.00 0
54241 0.00 0.00 0.00 0
54242 0.00 0.00 0.00 0
54243 0.00 0.00 0.00 0
54244 0.00 0.00 0.00 0
54245 0.00 0.00 0.00 0
54246 0.00 0.00 0.00 0
55785 0.00 0.00 0.00 0
55786 0.00 0.00 0.00 0
55787 0.00 0.00 0.00 0
55788 0.00 0.00 0.00 0
55789 0.00 0.00 0.00 0
55790 0.00 0.00 0.00 0
55791 0.00 0.00 0.00 0
55792 0.00 0.00 0.00 0
55793 0.00 0.00 0.00 0
55794 0.00 0.00 0.00 0
55795 0.00 0.00 0.00 0
55796 0.00 0.00 0.00 0
55797 0.00 0.00 0.00 0
55798 0.00 0.00 0.00 0
55799 0.00 0.00 0.00 0
55800 0.00 0.00 0.00 0
55801 0.00 0.00 0.00 0
55802 0.00 0.00 0.00 0
55803 0.00 0.00 0.00 0
55804 0.00 0.00 0.00 0
55805 0.00 0.00 0.00 0
55806 0.00 0.00 0.00 0
57594 0.00 0.00 0.00 0
57595 0.00 0.00 0.00 0
57596 0.00 0.00 0.00 0
57597 0.00 0.00 0.00 0
57598 0.00 0.00 0.00 0
57599 0.00 0.00 0.00 0
57600 0.00 0.00 0.00 0
57601 0.00 0.00 0.00 0
57602 0.00 0.00 0.00 0
57603 0.00 0.00 0.00 0
57604 0.00 0.00 0.00 0
57605 0.00 0.00 0.00 0
57606 0.00 0.00 0.00 0
57607 0.00 0.00 0.00 0
61998 0.00 0.00 0.00 0
62002 0.00 0.00 0.00 0
62003 0.00 0.00 0.00 0
62004 0.00 0.00 0.00 0
62005 0.00 0.00 0.00 0
62006 0.00 0.00 0.00 0
62007 0.00 0.00 0.00 0
62008 0.00 0.00 0.00 0
62009 0.00 0.00 0.00 0
62265 0.00 0.00 0.00 0
62266 0.00 0.00 0.00 0
62267 0.00 0.00 0.00 0
62268 0.00 0.00 0.00 0
62269 0.00 0.00 0.00 0
62270 0.00 0.00 0.00 0
62271 0.00 0.00 0.00 0
62272 0.00 0.00 0.00 0
62273 0.00 0.00 0.00 0
62274 0.00 0.00 0.00 0
62276 0.00 0.00 0.00 0
64795 0.00 0.00 0.00 0
64796 0.00 0.00 0.00 0
64797 0.00 0.00 0.00 0
64798 0.00 0.00 0.00 0
64799 0.00 0.00 0.00 0
64800 0.00 0.00 0.00 0
64801 0.00 0.00 0.00 0
64802 0.00 0.00 0.00 0
64803 0.00 0.00 0.00 0
64804 0.00 0.00 0.00 0
64805 0.00 0.00 0.00 0
64806 0.00 0.00 0.00 0
64807 0.00 0.00 0.00 0
64808 0.00 0.00 0.00 0
64809 0.00 0.00 0.00 0
64810 0.00 0.00 0.00 0
64811 0.00 0.00 0.00 0
64812 0.00 0.00 0.00 0
64813 0.00 0.00 0.00 0
64814 0.00 0.00 0.00 0
64815 0.00 0.00 0.00 0
64816 0.00 0.00 0.00 0
64817 0.00 0.00 0.00 0
64818 0.00 0.00 0.00 0
64819 0.00 0.00 0.00 0
69453 0.00 0.00 0.00 0
69459 0.00 0.00 0.00 0
69460 0.00 0.00 0.00 0
69461 0.00 0.00 0.00 0
69462 0.00 0.00 0.00 0
69463 0.00 0.00 0.00 0
69464 0.00 0.00 0.00 0
69465 0.00 0.00 0.00 0
69466 0.00 0.00 0.00 0
69467 0.00 0.00 0.00 0
69468 0.00 0.00 0.00 0
69469 0.00 0.00 0.00 0
69470 0.00 0.00 0.00 0
69471 0.00 0.00 0.00 0
69472 0.00 0.00 0.00 0
69473 0.00 0.00 0.00 0
69474 0.00 0.00 0.00 0
69475 0.00 0.00 0.00 0
69476 0.00 0.00 0.00 0
69477 0.00 0.00 0.00 0
69478 0.00 0.00 0.00 0
69479 0.00 0.00 0.00 0
69480 0.00 0.00 0.00 0
69481 0.00 0.00 0.00 0
69482 0.00 0.00 0.00 0
69487 0.00 0.00 0.00 0
69488 0.00 0.00 0.00 0
69489 0.00 0.00 0.00 0
74868 0.00 0.00 0.00 0
74869 0.00 0.00 0.00 0
74870 0.00 0.00 0.00 0
74871 0.00 0.00 0.00 0
74872 0.00 0.00 0.00 0
74873 0.00 0.00 0.00 0
74874 0.00 0.00 0.00 0
74875 0.00 0.00 0.00 0
74876 0.00 0.00 0.00 0
74877 0.00 0.00 0.00 0
74878 0.00 0.00 0.00 0
74879 0.00 0.00 0.00 0
74880 0.00 0.00 0.00 0
74881 0.00 0.00 0.00 0
74882 0.00 0.00 0.00 0
74883 0.00 0.00 0.00 0
74884 0.00 0.00 0.00 0
74885 0.00 0.00 0.00 0
74886 0.00 0.00 0.00 0
74887 0.00 0.00 0.00 0
74888 0.00 0.00 0.00 0
74889 0.00 0.00 0.00 0
74890 0.00 0.00 0.00 0
74891 0.00 0.00 0.00 0
74892 0.00 0.00 0.00 0
74893 0.00 0.00 0.00 0
74894 0.00 0.00 0.00 0
74896 0.00 0.00 0.00 0
74902 0.00 0.00 0.00 0
74903 0.00 0.00 0.00 0
74904 0.00 0.00 0.00 0
74905 0.00 0.00 0.00 0
74906 0.00 0.00 0.00 0
74907 0.00 0.00 0.00 0
74908 0.00 0.00 0.00 0
74909 0.00 0.00 0.00 0
74911 0.00 0.00 0.00 0
74912 0.00 0.00 0.00 0
78992 0.00 0.00 0.00 0
78993 0.00 0.00 0.00 0
78994 0.00 0.00 0.00 0
78995 0.00 0.00 0.00 0
78996 0.00 0.00 0.00 0
88095 0.00 0.00 0.00 0
88097 0.00 0.00 0.00 0
88098 0.00 0.00 0.00 0
88099 0.00 0.00 0.00 0
88100 0.00 0.00 0.00 0
88101 0.00 0.00 0.00 0
88102 0.00 0.00 0.00 0
88103 0.00 0.00 0.00 0
88104 0.00 0.00 0.00 0
88105 0.00 0.00 0.00 0
88106 0.00 0.00 0.00 0
88107 0.00 0.00 0.00 0
88108 0.00 0.00 0.00 0
88109 0.00 0.00 0.00 0
88290 0.00 0.00 0.00 0
88291 0.00 0.00 0.00 0
88292 0.00 0.00 0.00 0
88293 0.00 0.00 0.00 0
88294 0.00 0.00 0.00 0
88295 0.00 0.00 0.00 0
88296 0.00 0.00 0.00 0
88297 0.00 0.00 0.00 0
88301 0.00 0.00 0.00 0
88302 0.00 0.00 0.00 0
88303 0.00 0.00 0.00 0
88304 0.00 0.00 0.00 0
88305 0.00 0.00 0.00 0
88306 0.00 0.00 0.00 0
88307 0.00 0.00 0.00 0
88308 0.00 0.00 0.00 0
88309 0.00 0.00 0.00 0
88310 0.00 0.00 0.00 0
88311 0.00 0.00 0.00 0
88312 0.00 0.00 0.00 0
88313 0.00 0.00 0.00 0
88314 0.00 0.00 0.00 0
88315 0.00 0.00 0.00 0
88316 0.00 0.00 0.00 0
88317 0.00 0.00 0.00 0
88318 0.00 0.00 0.00 0
88319 0.00 0.00 0.00 0
88326 0.00 0.00 0.00 0
88327 0.00 0.00 0.00 0
88328 0.00 0.00 0.00 0
88709 0.00 0.00 0.00 0
88710 0.00 0.00 0.00 0
88711 0.00 0.00 0.00 0
88712 0.00 0.00 0.00 0
88713 0.00 0.00 0.00 0
88714 0.00 0.00 0.00 0
88875 0.00 0.00 0.00 0
88876 0.00 0.00 0.00 0
88877 0.00 0.00 0.00 0
88878 0.00 0.00 0.00 0
88883 0.00 0.00 0.00 0
88884 0.00 0.00 0.00 0
88885 0.00 0.00 0.00 0
88886 0.00 0.00 0.00 0
88887 0.00 0.00 0.00 0
88900 0.00 0.00 0.00 0
88902 0.00 0.00 0.00 0
88903 0.00 0.00 0.00 0
88904 0.00 0.00 0.00 0
88905 0.00 0.00 0.00 0
88906 0.00 0.00 0.00 0
88907 0.00 0.00 0.00 0
88908 0.00 0.00 0.00 0
88909 0.00 0.00 0.00 0
88910 0.00 0.00 0.00 0
88911 0.00 0.00 0.00 0
88912 0.00 0.00 0.00 0
88913 0.00 0.00 0.00 0
88914 0.00 0.00 0.00 0
88987 0.00 0.00 0.00 0
88988 0.00 0.00 0.00 0
88989 0.00 0.00 0.00 0
88990 0.00 0.00 0.00 0
88991 0.00 0.00 0.00 0
88992 0.00 0.00 0.00 0
88993 0.00 0.00 0.00 0
92443 0.00 0.00 0.00 0
92444 0.00 0.00 0.00 0
92445 0.00 0.00 0.00 0
92446 0.00 0.00 0.00 0
92447 0.00 0.00 0.00 0
92448 0.00 0.00 0.00 0
92449 0.00 0.00 0.00 0
92450 0.00 0.00 0.00 0
92451 0.00 0.00 0.00 0
93375 0.00 0.00 0.00 0
93376 0.00 0.00 0.00 0
93377 0.00 0.00 0.00 0
93378 0.00 0.00 0.00 0
93379 0.00 0.00 0.00 0
93380 0.00 0.00 0.00 0
93381 0.00 0.00 0.00 0
93382 0.00 0.00 0.00 0
93383 0.00 0.00 0.00 0
93384 0.00 0.00 0.00 0
93385 0.00 0.00 0.00 0
93386 0.00 0.00 0.00 0
93387 0.00 0.00 0.00 0
94455 0.00 0.00 0.00 0
94457 0.00 0.00 0.00 0
94458 0.00 0.00 0.00 0
94459 0.00 0.00 0.00 0
94460 0.00 0.00 0.00 0
94461 0.00 0.00 0.00 0
94462 0.00 0.00 0.00 0
94463 0.00 0.00 0.00 0
94464 0.00 0.00 0.00 0
94465 0.00 0.00 0.00 0
94466 0.00 0.00 0.00 0
94467 0.00 0.00 0.00 0
97103 0.00 0.00 0.00 0
97104 0.00 0.00 0.00 0
97105 0.00 0.00 0.00 0
97106 0.00 0.00 0.00 0
97107 0.00 0.00 0.00 0
97108 0.00 0.00 0.00 0
97109 0.00 0.00 0.00 0
97263 0.00 0.00 0.00 0
97264 0.00 0.00 0.00 0
97265 0.00 0.00 0.00 0
97266 0.00 0.00 0.00 0
97267 0.00 0.00 0.00 0
97268 0.00 0.00 0.00 0
97269 0.00 0.00 0.00 0
97270 0.00 0.00 0.00 0
98781 0.00 0.00 0.00 0
98782 0.00 0.00 0.00 0
98783 0.00 0.00 0.00 0
98784 0.00 0.00 0.00 0
98785 0.00 0.00 0.00 0
98786 0.00 0.00 0.00 0
98787 0.00 0.00 0.00 0
98788 0.00 0.00 0.00 0
98789 0.00 0.00 0.00 0
98790 0.00 0.00 0.00 0
98791 0.00 0.00 0.00 0
98792 0.00 0.00 0.00 0
98793 0.00 0.00 0.00 0
98794 0.00 0.00 0.00 0
98795 0.00 0.00 0.00 0
98796 0.00 0.00 0.00 0
98962 0.00 0.00 0.00 0
98963 0.00 0.00 0.00 0
101570 0.00 0.00 0.00 0
101577 0.00 0.00 0.00 0
101578 0.00 0.00 0.00 0
101579 0.00 0.00 0.00 0
101580 0.00 0.00 0.00 0
101581 0.00 0.00 0.00 0
101582 0.00 0.00 0.00 0
101583 0.00 0.00 0.00 0
101584 0.00 0.00 0.00 0
101585 0.00 0.00 0.00 0
101586 0.00 0.00 0.00 0
101587 0.00 0.00 0.00 0
101588 0.00 0.00 0.00 0
101589 0.00 0.00 0.00 0
101590 0.00 0.00 0.00 0
101591 0.00 0.00 0.00 0
101592 0.00 0.00 0.00 0
101593 0.00 0.00 0.00 0
101594 0.00 0.00 0.00 0
101595 0.00 0.00 0.00 0
101596 0.00 0.00 0.00 0
101597 0.00 0.00 0.00 0
101598 0.00 0.00 0.00 0
104823 0.00 0.00 0.00 0
104824 0.00 0.00 0.00 0
104825 0.00 0.00 0.00 0
104826 0.00 0.00 0.00 0
104827 0.00 0.00 0.00 0
104828 0.00 0.00 0.00 0
104829 0.00 0.00 0.00 0
104830 0.00 0.00 0.00 0
104831 0.00 0.00 0.00 0
104832 0.00 0.00 0.00 0
104833 0.00 0.00 0.00 0
104834 0.00 0.00 0.00 0
104835 0.00 0.00 0.00 0
104836 0.00 0.00 0.00 0
104837 0.00 0.00 0.00 0
104838 0.00 0.00 0.00 0
104839 0.00 0.00 0.00 0
104840 0.00 0.00 0.00 0
104841 0.00 0.00 0.00 0
104845 0.00 0.00 0.00 0
104846 0.00 0.00 0.00 0
104847 0.00 0.00 0.00 0
104848 0.00 0.00 0.00 0
104849 0.00 0.00 0.00 0
107297 0.00 0.00 0.00 0
107298 0.00 0.00 0.00 0
107299 0.00 0.00 0.00 0
107300 0.00 0.00 0.00 0
107301 0.00 0.00 0.00 0
112761 0.00 0.00 0.00 0
112762 0.00 0.00 0.00 0
112763 0.00 0.00 0.00 0
112764 0.00 0.00 0.00 0
112765 0.00 0.00 0.00 0
112766 0.00 0.00 0.00 0
112767 0.00 0.00 0.00 0
112768 0.00 0.00 0.00 0
112769 0.00 0.00 0.00 0
112879 0.00 0.00 0.00 0
112882 0.00 0.00 0.00 0
112886 0.00 0.00 0.00 0
112887 0.00 0.00 0.00 0
112888 0.00 0.00 0.00 0
112889 0.00 0.00 0.00 0
112890 0.00 0.00 0.00 0
112891 0.00 0.00 0.00 0
112892 0.00 0.00 0.00 0
112893 0.00 0.00 0.00 0
112894 0.00 0.00 0.00 0
112895 0.00 0.00 0.00 0
113130 0.00 0.00 0.00 0
113131 0.00 0.00 0.00 0
113132 0.00 0.00 0.00 0
113133 0.00 0.00 0.00 0
113229 0.00 0.00 0.00 0
113230 0.00 0.00 0.00 0
113231 0.00 0.00 0.00 0
113232 0.00 0.00 0.00 0
113233 0.00 0.00 0.00 0
113234 0.00 0.00 0.00 0
113235 0.00 0.00 0.00 0
113236 0.00 0.00 0.00 0
113237 0.00 0.00 0.00 0
113238 0.00 0.00 0.00 0
113239 0.00 0.00 0.00 0
113240 0.00 0.00 0.00 0
113241 0.00 0.00 0.00 0
113244 0.00 0.00 0.00 0
113245 0.00 0.00 0.00 0
113246 0.00 0.00 0.00 0
113247 0.00 0.00 0.00 0
113248 0.00 0.00 0.00 0
113249 0.00 0.00 0.00 0
113296 0.00 0.00 0.00 0
113297 0.00 0.00 0.00 0
113298 0.00 0.00 0.00 0
113299 0.00 0.00 0.00 0
115866 0.00 0.00 0.00 0
115867 0.00 0.00 0.00 0
115868 0.00 0.00 0.00 0
115869 0.00 0.00 0.00 0
115870 0.00 0.00 0.00 0
115871 0.00 0.00 0.00 0
115872 0.00 0.00 0.00 0
115873 0.00 0.00 0.00 0
115874 0.00 0.00 0.00 0
115875 0.00 0.00 0.00 0
115876 0.00 0.00 0.00 0
115877 0.00 0.00 0.00 0
115878 0.00 0.00 0.00 0
115879 0.00 0.00 0.00 0
115880 0.00 0.00 0.00 0
115881 0.00 0.00 0.00 0
118035 0.00 0.00 0.00 0
118037 0.00 0.00 0.00 0
118038 0.00 0.00 0.00 0
118039 0.00 0.00 0.00 0
118040 0.00 0.00 0.00 0
118041 0.00 0.00 0.00 0
118042 0.00 0.00 0.00 0
118043 0.00 0.00 0.00 0
118044 0.00 0.00 0.00 0
118045 0.00 0.00 0.00 0
118046 0.00 0.00 0.00 0
118047 0.00 0.00 0.00 0
118048 0.00 0.00 0.00 0
118049 0.00 0.00 0.00 0
118050 0.00 0.00 0.00 0
118051 0.00 0.00 0.00 0
118052 0.00 0.00 0.00 0
118053 0.00 0.00 0.00 0
118054 0.00 0.00 0.00 0
118055 0.00 0.00 0.00 0
118056 0.00 0.00 0.00 0
118057 0.00 0.00 0.00 0
118058 0.00 0.00 0.00 0
118059 0.00 0.00 0.00 0
118060 0.00 0.00 0.00 0
118061 0.00 0.00 0.00 0
118062 0.00 0.00 0.00 0
118063 0.00 0.00 0.00 0
118064 0.00 0.00 0.00 0
118065 0.00 0.00 0.00 0
120569 0.00 0.00 0.00 0
120570 0.00 0.00 0.00 0
120571 0.00 0.00 0.00 0
120572 0.00 0.00 0.00 0
120573 0.00 0.00 0.00 0
120574 0.00 0.00 0.00 0
120575 0.00 0.00 0.00 0
120576 0.00 0.00 0.00 0
120577 0.00 0.00 0.00 0
120578 0.00 0.00 0.00 0
120579 0.00 0.00 0.00 0
120580 0.00 0.00 0.00 0
120581 0.00 0.00 0.00 0
120582 0.00 0.00 0.00 0
120583 0.00 0.00 0.00 0
120584 0.00 0.00 0.00 0
120585 0.00 0.00 0.00 0
120586 0.00 0.00 0.00 0
120587 0.00 0.00 0.00 0
120588 0.00 0.00 0.00 0
126742 0.00 0.00 0.00 0
126743 0.00 0.00 0.00 0
126744 0.00 0.00 0.00 0
126745 0.00 0.00 0.00 0
126746 0.00 0.00 0.00 0
126747 0.00 0.00 0.00 0
126748 0.00 0.00 0.00 0
126749 0.00 0.00 0.00 0
127107 0.00 0.00 0.00 0
127108 0.00 0.00 0.00 0
127109 0.00 0.00 0.00 0
127110 0.00 0.00 0.00 0
127111 0.00 0.00 0.00 0
127112 0.00 0.00 0.00 0
127113 0.00 0.00 0.00 0
127114 0.00 0.00 0.00 0
127115 0.00 0.00 0.00 0
127116 0.00 0.00 0.00 0
127117 0.00 0.00 0.00 0
127118 0.00 0.00 0.00 0
127119 0.00 0.00 0.00 0
127120 0.00 0.00 0.00 0
127121 0.00 0.00 0.00 0
127122 0.00 0.00 0.00 0
127123 0.00 0.00 0.00 0
127124 0.00 0.00 0.00 0
130461 0.00 0.00 0.00 0
130462 0.00 0.00 0.00 0
130463 0.00 0.00 0.00 0
130464 0.00 0.00 0.00 0
130465 0.00 0.00 0.00 0
130466 0.00 0.00 0.00 0
130467 0.00 0.00 0.00 0
130468 0.00 0.00 0.00 0
130469 0.00 0.00 0.00 0
130470 0.00 0.00 0.00 0
130471 0.00 0.00 0.00 0
130472 0.00 0.00 0.00 0
130473 0.00 0.00 0.00 0
130474 0.00 0.00 0.00 0
130475 0.00 0.00 0.00 0
130476 0.00 0.00 0.00 0
130477 0.00 0.00 0.00 0
130478 0.00 0.00 0.00 0
130479 0.00 0.00 0.00 0
130480 0.00 0.00 0.00 0
130481 0.00 0.00 0.00 0
130482 0.00 0.00 0.00 0
130483 0.00 0.00 0.00 0
130484 0.00 0.00 0.00 0
130485 0.00 0.00 0.00 0
130486 0.00 0.00 0.00 0
130487 0.00 0.00 0.00 0
130488 0.00 0.00 0.00 0
130841 0.00 0.00 0.00 0
136047 0.00 0.00 0.00 0
136048 0.00 0.00 0.00 0
136049 0.00 0.00 0.00 0
136366 0.00 0.00 0.00 0
136367 0.00 0.00 0.00 0
136368 0.00 0.00 0.00 0
136369 0.00 0.00 0.00 0
136370 0.00 0.00 0.00 0
136371 0.00 0.00 0.00 0
136372 0.00 0.00 0.00 0
136373 0.00 0.00 0.00 0
136374 0.00 0.00 0.00 0
136375 0.00 0.00 0.00 0
136376 0.00 0.00 0.00 0
136377 0.00 0.00 0.00 0
136378 0.00 0.00 0.00 0
136379 0.00 0.00 0.00 0
136380 0.00 0.00 0.00 0
136381 0.00 0.00 0.00 0
136382 0.00 0.00 0.00 0
136383 0.00 0.00 0.00 0
136384 0.00 0.00 0.00 0
136385 0.00 0.00 0.00 0
136386 0.00 0.00 0.00 0
136387 0.00 0.00 0.00 0
136388 0.00 0.00 0.00 0
136389 0.00 0.00 0.00 0
136390 0.00 0.00 0.00 0
136391 0.00 0.00 0.00 0
136392 0.00 0.00 0.00 0
136393 0.00 0.00 0.00 0
136394 0.00 0.00 0.00 0
136396 0.00 0.00 0.00 0
136402 0.00 0.00 0.00 0
136403 0.00 0.00 0.00 0
136404 0.00 0.00 0.00 0
136405 0.00 0.00 0.00 0
143028 0.00 0.00 0.00 0
143029 0.00 0.00 0.00 0
143030 0.00 0.00 0.00 0
143031 0.00 0.00 0.00 0
143032 0.00 0.00 0.00 0
143033 0.00 0.00 0.00 0
143034 0.00 0.00 0.00 0
143035 0.00 0.00 0.00 0
143036 0.00 0.00 0.00 0
143037 0.00 0.00 0.00 0
143038 0.00 0.00 0.00 0
143039 0.00 0.00 0.00 0
143040 0.00 0.00 0.00 0
143041 0.00 0.00 0.00 0
143042 0.00 0.00 0.00 0
143043 0.00 0.00 0.00 0
143044 0.00 0.00 0.00 0
143045 0.00 0.00 0.00 0
143046 0.00 0.00 0.00 0
143047 0.00 0.00 0.00 0
143048 0.00 0.00 0.00 0
143050 0.00 0.00 0.00 0
143051 0.00 0.00 0.00 0
143052 0.00 0.00 0.00 0
143053 0.00 0.00 0.00 0
143054 0.00 0.00 0.00 0
143055 0.00 0.00 0.00 0
143056 0.00 0.00 0.00 0
143068 0.00 0.00 0.00 0
143069 0.00 0.00 0.00 0
143070 0.00 0.00 0.00 0
143071 0.00 0.00 0.00 0
143072 0.00 0.00 0.00 0
143073 0.00 0.00 0.00 0
143074 0.00 0.00 0.00 0
143075 0.00 0.00 0.00 0
143076 0.00 0.00 0.00 0
143077 0.00 0.00 0.00 0
143078 0.00 0.00 0.00 0
143079 0.00 0.00 0.00 0
143080 0.00 0.00 0.00 0
143081 0.00 0.00 0.00 0
143082 0.00 0.00 0.00 0
148020 0.00 0.00 0.00 0
148021 0.00 0.00 0.00 0
148022 0.00 0.00 0.00 0
148023 0.00 0.00 0.00 0
148024 0.00 0.00 0.00 0
148025 0.00 0.00 0.00 0
148026 0.00 0.00 0.00 0
158967 0.00 0.00 0.00 0
158971 0.00 0.00 0.00 0
158972 0.00 0.00 0.00 0
158973 0.00 0.00 0.00 0
158974 0.00 0.00 0.00 0
158975 0.00 0.00 0.00 0
158976 0.00 0.00 0.00 0
158977 0.00 0.00 0.00 0
158978 0.00 0.00 0.00 0
158979 0.00 0.00 0.00 0
158980 0.00 0.00 0.00 0
158981 0.00 0.00 0.00 0
159197 0.00 0.00 0.00 0
159198 0.00 0.00 0.00 0
159199 0.00 0.00 0.00 0
159200 0.00 0.00 0.00 0
159201 0.00 0.00 0.00 0
159202 0.00 0.00 0.00 0
159203 0.00 0.00 0.00 0
159204 0.00 0.00 0.00 0
159205 0.00 0.00 0.00 0
159206 0.00 0.00 0.00 0
159209 0.00 0.00 0.00 0
159211 0.00 0.00 0.00 0
159212 0.00 0.00 0.00 0
159213 0.00 0.00 0.00 0
159214 0.00 0.00 0.00 0
159215 0.00 0.00 0.00 0
159216 0.00 0.00 0.00 0
159217 0.00 0.00 0.00 0
159218 0.00 0.00 0.00 0
159219 0.00 0.00 0.00 0
159220 0.00 0.00 0.00 0
159221 0.00 0.00 0.00 0
159222 0.00 0.00 0.00 0
159223 0.00 0.00 0.00 0
159224 0.00 0.00 0.00 0
159225 0.00 0.00 0.00 0
159226 0.00 0.00 0.00 0
159227 0.00 0.00 0.00 0
159228 0.00 0.00 0.00 0
159229 0.00 0.00 0.00 0
159230 0.00 0.00 0.00 0
159231 0.00 0.00 0.00 0
159232 0.00 0.00 0.00 0
159233 0.00 0.00 0.00 0
159239 0.00 0.00 0.00 0
159240 0.00 0.00 0.00 0
159241 0.00 0.00 0.00 0
159242 0.00 0.00 0.00 0
159243 0.00 0.00 0.00 0
159244 0.00 0.00 0.00 0
159693 0.00 0.00 0.00 0
159701 0.00 0.00 0.00 0
159702 0.00 0.00 0.00 0
159706 0.00 0.00 0.00 0
159707 0.00 0.00 0.00 0
159904 0.00 0.00 0.00 0
159910 0.00 0.00 0.00 0
159911 0.00 0.00 0.00 0
159912 0.00 0.00 0.00 0
159913 0.00 0.00 0.00 0
159914 0.00 0.00 0.00 0
159915 0.00 0.00 0.00 0
159937 0.00 0.00 0.00 0
159938 0.00 0.00 0.00 0
159939 0.00 0.00 0.00 0
159940 0.00 0.00 0.00 0
159941 0.00 0.00 0.00 0
159942 0.00 0.00 0.00 0
159943 0.00 0.00 0.00 0
159944 0.00 0.00 0.00 0
159945 0.00 0.00 0.00 0
159946 0.00 0.00 0.00 0
159947 0.00 0.00 0.00 0
159948 0.00 0.00 0.00 0
160036 0.00 0.00 0.00 0
160037 0.00 0.00 0.00 0
160038 0.00 0.00 0.00 0
160039 0.00 0.00 0.00 0
160040 0.00 0.00 0.00 0
160041 0.00 0.00 0.00 0
160042 0.00 0.00 0.00 0
160043 0.00 0.00 0.00 0
