# Lat_Fis-ant-Vertical
292
247 0.00 0.00 0.00 0
249 0.00 0.00 0.00 0
728 0.00 0.00 0.00 0
729 0.00 0.00 0.00 0
1599 0.00 0.00 0.00 0
2163 0.00 0.00 0.00 0
2648 0.00 0.00 0.00 0
3624 0.00 0.00 0.00 0
3625 0.00 0.00 0.00 0
5918 0.00 0.00 0.00 0
5919 0.00 0.00 0.00 0
5920 0.00 0.00 0.00 0
5921 0.00 0.00 0.00 0
7572 0.00 0.00 0.00 0
9052 0.00 0.00 0.00 0
9053 0.00 0.00 0.00 0
9055 0.00 0.00 0.00 0
11302 0.00 0.00 0.00 0
11303 0.00 0.00 0.00 0
11304 0.00 0.00 0.00 0
11305 0.00 0.00 0.00 0
13703 0.00 0.00 0.00 0
13704 0.00 0.00 0.00 0
13705 0.00 0.00 0.00 0
13706 0.00 0.00 0.00 0
13707 0.00 0.00 0.00 0
13708 0.00 0.00 0.00 0
13709 0.00 0.00 0.00 0
16630 0.00 0.00 0.00 0
16635 0.00 0.00 0.00 0
16636 0.00 0.00 0.00 0
16637 0.00 0.00 0.00 0
20075 0.00 0.00 0.00 0
20076 0.00 0.00 0.00 0
20077 0.00 0.00 0.00 0
20082 0.00 0.00 0.00 0
20083 0.00 0.00 0.00 0
20084 0.00 0.00 0.00 0
23198 0.00 0.00 0.00 0
23200 0.00 0.00 0.00 0
23201 0.00 0.00 0.00 0
24955 0.00 0.00 0.00 0
24956 0.00 0.00 0.00 0
24957 0.00 0.00 0.00 0
24958 0.00 0.00 0.00 0
24959 0.00 0.00 0.00 0
29167 0.00 0.00 0.00 0
29168 0.00 0.00 0.00 0
29169 0.00 0.00 0.00 0
29170 0.00 0.00 0.00 0
29171 0.00 0.00 0.00 0
29172 0.00 0.00 0.00 0
29173 0.00 0.00 0.00 0
29174 0.00 0.00 0.00 0
29175 0.00 0.00 0.00 0
29176 0.00 0.00 0.00 0
29177 0.00 0.00 0.00 0
33168 0.00 0.00 0.00 0
33169 0.00 0.00 0.00 0
33171 0.00 0.00 0.00 0
37397 0.00 0.00 0.00 0
37399 0.00 0.00 0.00 0
37400 0.00 0.00 0.00 0
37401 0.00 0.00 0.00 0
37402 0.00 0.00 0.00 0
37403 0.00 0.00 0.00 0
37406 0.00 0.00 0.00 0
37408 0.00 0.00 0.00 0
37409 0.00 0.00 0.00 0
37410 0.00 0.00 0.00 0
37411 0.00 0.00 0.00 0
37412 0.00 0.00 0.00 0
42022 0.00 0.00 0.00 0
42023 0.00 0.00 0.00 0
42024 0.00 0.00 0.00 0
42025 0.00 0.00 0.00 0
42026 0.00 0.00 0.00 0
42027 0.00 0.00 0.00 0
42029 0.00 0.00 0.00 0
42063 0.00 0.00 0.00 0
42065 0.00 0.00 0.00 0
44422 0.00 0.00 0.00 0
44423 0.00 0.00 0.00 0
44424 0.00 0.00 0.00 0
44425 0.00 0.00 0.00 0
44426 0.00 0.00 0.00 0
44427 0.00 0.00 0.00 0
44428 0.00 0.00 0.00 0
44429 0.00 0.00 0.00 0
47350 0.00 0.00 0.00 0
47355 0.00 0.00 0.00 0
47356 0.00 0.00 0.00 0
47357 0.00 0.00 0.00 0
50794 0.00 0.00 0.00 0
50795 0.00 0.00 0.00 0
50796 0.00 0.00 0.00 0
50797 0.00 0.00 0.00 0
54026 0.00 0.00 0.00 0
54028 0.00 0.00 0.00 0
56950 0.00 0.00 0.00 0
56951 0.00 0.00 0.00 0
56952 0.00 0.00 0.00 0
56953 0.00 0.00 0.00 0
56954 0.00 0.00 0.00 0
56955 0.00 0.00 0.00 0
56956 0.00 0.00 0.00 0
56957 0.00 0.00 0.00 0
64147 0.00 0.00 0.00 0
64148 0.00 0.00 0.00 0
64149 0.00 0.00 0.00 0
64150 0.00 0.00 0.00 0
64151 0.00 0.00 0.00 0
64152 0.00 0.00 0.00 0
64153 0.00 0.00 0.00 0
64154 0.00 0.00 0.00 0
64155 0.00 0.00 0.00 0
64156 0.00 0.00 0.00 0
64157 0.00 0.00 0.00 0
64158 0.00 0.00 0.00 0
64159 0.00 0.00 0.00 0
64160 0.00 0.00 0.00 0
64161 0.00 0.00 0.00 0
64162 0.00 0.00 0.00 0
64163 0.00 0.00 0.00 0
64164 0.00 0.00 0.00 0
64165 0.00 0.00 0.00 0
64166 0.00 0.00 0.00 0
64167 0.00 0.00 0.00 0
64168 0.00 0.00 0.00 0
64169 0.00 0.00 0.00 0
72945 0.00 0.00 0.00 0
72946 0.00 0.00 0.00 0
72947 0.00 0.00 0.00 0
72948 0.00 0.00 0.00 0
72949 0.00 0.00 0.00 0
72950 0.00 0.00 0.00 0
72951 0.00 0.00 0.00 0
72952 0.00 0.00 0.00 0
72953 0.00 0.00 0.00 0
72954 0.00 0.00 0.00 0
72955 0.00 0.00 0.00 0
83256 0.00 0.00 0.00 0
83257 0.00 0.00 0.00 0
83261 0.00 0.00 0.00 0
83262 0.00 0.00 0.00 0
83263 0.00 0.00 0.00 0
83264 0.00 0.00 0.00 0
83265 0.00 0.00 0.00 0
83266 0.00 0.00 0.00 0
83267 0.00 0.00 0.00 0
83268 0.00 0.00 0.00 0
83269 0.00 0.00 0.00 0
83270 0.00 0.00 0.00 0
83271 0.00 0.00 0.00 0
83272 0.00 0.00 0.00 0
83280 0.00 0.00 0.00 0
83284 0.00 0.00 0.00 0
83285 0.00 0.00 0.00 0
83286 0.00 0.00 0.00 0
83287 0.00 0.00 0.00 0
83288 0.00 0.00 0.00 0
83289 0.00 0.00 0.00 0
83290 0.00 0.00 0.00 0
83291 0.00 0.00 0.00 0
83292 0.00 0.00 0.00 0
83293 0.00 0.00 0.00 0
83294 0.00 0.00 0.00 0
83295 0.00 0.00 0.00 0
83296 0.00 0.00 0.00 0
94074 0.00 0.00 0.00 0
94075 0.00 0.00 0.00 0
94076 0.00 0.00 0.00 0
94077 0.00 0.00 0.00 0
94078 0.00 0.00 0.00 0
94079 0.00 0.00 0.00 0
98393 0.00 0.00 0.00 0
98394 0.00 0.00 0.00 0
98395 0.00 0.00 0.00 0
98396 0.00 0.00 0.00 0
98397 0.00 0.00 0.00 0
98398 0.00 0.00 0.00 0
98399 0.00 0.00 0.00 0
98400 0.00 0.00 0.00 0
98401 0.00 0.00 0.00 0
98402 0.00 0.00 0.00 0
98403 0.00 0.00 0.00 0
98404 0.00 0.00 0.00 0
98405 0.00 0.00 0.00 0
103671 0.00 0.00 0.00 0
103672 0.00 0.00 0.00 0
103673 0.00 0.00 0.00 0
103674 0.00 0.00 0.00 0
103675 0.00 0.00 0.00 0
109862 0.00 0.00 0.00 0
109863 0.00 0.00 0.00 0
109864 0.00 0.00 0.00 0
109865 0.00 0.00 0.00 0
109866 0.00 0.00 0.00 0
109867 0.00 0.00 0.00 0
109876 0.00 0.00 0.00 0
109877 0.00 0.00 0.00 0
109878 0.00 0.00 0.00 0
109879 0.00 0.00 0.00 0
115571 0.00 0.00 0.00 0
115574 0.00 0.00 0.00 0
115575 0.00 0.00 0.00 0
115576 0.00 0.00 0.00 0
115577 0.00 0.00 0.00 0
119670 0.00 0.00 0.00 0
119671 0.00 0.00 0.00 0
119672 0.00 0.00 0.00 0
119673 0.00 0.00 0.00 0
119674 0.00 0.00 0.00 0
119675 0.00 0.00 0.00 0
119676 0.00 0.00 0.00 0
129637 0.00 0.00 0.00 0
129638 0.00 0.00 0.00 0
129639 0.00 0.00 0.00 0
129640 0.00 0.00 0.00 0
129641 0.00 0.00 0.00 0
129642 0.00 0.00 0.00 0
129643 0.00 0.00 0.00 0
129644 0.00 0.00 0.00 0
129645 0.00 0.00 0.00 0
129646 0.00 0.00 0.00 0
129647 0.00 0.00 0.00 0
129648 0.00 0.00 0.00 0
129649 0.00 0.00 0.00 0
129650 0.00 0.00 0.00 0
129651 0.00 0.00 0.00 0
129652 0.00 0.00 0.00 0
129653 0.00 0.00 0.00 0
129654 0.00 0.00 0.00 0
129655 0.00 0.00 0.00 0
129656 0.00 0.00 0.00 0
129657 0.00 0.00 0.00 0
129658 0.00 0.00 0.00 0
129659 0.00 0.00 0.00 0
129660 0.00 0.00 0.00 0
129661 0.00 0.00 0.00 0
129662 0.00 0.00 0.00 0
129663 0.00 0.00 0.00 0
129664 0.00 0.00 0.00 0
129665 0.00 0.00 0.00 0
129807 0.00 0.00 0.00 0
140676 0.00 0.00 0.00 0
140677 0.00 0.00 0.00 0
140678 0.00 0.00 0.00 0
140679 0.00 0.00 0.00 0
140680 0.00 0.00 0.00 0
140681 0.00 0.00 0.00 0
140682 0.00 0.00 0.00 0
140683 0.00 0.00 0.00 0
140685 0.00 0.00 0.00 0
140686 0.00 0.00 0.00 0
140687 0.00 0.00 0.00 0
140689 0.00 0.00 0.00 0
140690 0.00 0.00 0.00 0
140693 0.00 0.00 0.00 0
140694 0.00 0.00 0.00 0
153154 0.00 0.00 0.00 0
153155 0.00 0.00 0.00 0
153161 0.00 0.00 0.00 0
153162 0.00 0.00 0.00 0
153163 0.00 0.00 0.00 0
153164 0.00 0.00 0.00 0
153165 0.00 0.00 0.00 0
153166 0.00 0.00 0.00 0
153167 0.00 0.00 0.00 0
153168 0.00 0.00 0.00 0
153169 0.00 0.00 0.00 0
153170 0.00 0.00 0.00 0
153171 0.00 0.00 0.00 0
153172 0.00 0.00 0.00 0
153173 0.00 0.00 0.00 0
153182 0.00 0.00 0.00 0
153186 0.00 0.00 0.00 0
153187 0.00 0.00 0.00 0
153188 0.00 0.00 0.00 0
153189 0.00 0.00 0.00 0
153190 0.00 0.00 0.00 0
153191 0.00 0.00 0.00 0
153192 0.00 0.00 0.00 0
153193 0.00 0.00 0.00 0
153194 0.00 0.00 0.00 0
153195 0.00 0.00 0.00 0
153196 0.00 0.00 0.00 0
153197 0.00 0.00 0.00 0
153198 0.00 0.00 0.00 0
153199 0.00 0.00 0.00 0
153200 0.00 0.00 0.00 0
153201 0.00 0.00 0.00 0
