# Lat_Fis-ant-Horizont
410
529 0.00 0.00 0.00 0
1166 0.00 0.00 0.00 0
1167 0.00 0.00 0.00 0
2229 0.00 0.00 0.00 0
2230 0.00 0.00 0.00 0
2232 0.00 0.00 0.00 0
4936 0.00 0.00 0.00 0
4937 0.00 0.00 0.00 0
4938 0.00 0.00 0.00 0
4939 0.00 0.00 0.00 0
4940 0.00 0.00 0.00 0
4941 0.00 0.00 0.00 0
4942 0.00 0.00 0.00 0
4943 0.00 0.00 0.00 0
4944 0.00 0.00 0.00 0
6706 0.00 0.00 0.00 0
6707 0.00 0.00 0.00 0
6708 0.00 0.00 0.00 0
6709 0.00 0.00 0.00 0
6710 0.00 0.00 0.00 0
9250 0.00 0.00 0.00 0
9251 0.00 0.00 0.00 0
9252 0.00 0.00 0.00 0
9253 0.00 0.00 0.00 0
9254 0.00 0.00 0.00 0
9261 0.00 0.00 0.00 0
12618 0.00 0.00 0.00 0
12619 0.00 0.00 0.00 0
12620 0.00 0.00 0.00 0
12621 0.00 0.00 0.00 0
12622 0.00 0.00 0.00 0
12623 0.00 0.00 0.00 0
12624 0.00 0.00 0.00 0
15019 0.00 0.00 0.00 0
15020 0.00 0.00 0.00 0
15021 0.00 0.00 0.00 0
15022 0.00 0.00 0.00 0
15023 0.00 0.00 0.00 0
15024 0.00 0.00 0.00 0
20568 0.00 0.00 0.00 0
20569 0.00 0.00 0.00 0
20570 0.00 0.00 0.00 0
20571 0.00 0.00 0.00 0
20572 0.00 0.00 0.00 0
20573 0.00 0.00 0.00 0
20574 0.00 0.00 0.00 0
20575 0.00 0.00 0.00 0
20576 0.00 0.00 0.00 0
20577 0.00 0.00 0.00 0
20578 0.00 0.00 0.00 0
20579 0.00 0.00 0.00 0
20580 0.00 0.00 0.00 0
20581 0.00 0.00 0.00 0
20582 0.00 0.00 0.00 0
20583 0.00 0.00 0.00 0
20584 0.00 0.00 0.00 0
20590 0.00 0.00 0.00 0
20596 0.00 0.00 0.00 0
20599 0.00 0.00 0.00 0
27318 0.00 0.00 0.00 0
27319 0.00 0.00 0.00 0
27320 0.00 0.00 0.00 0
27321 0.00 0.00 0.00 0
27322 0.00 0.00 0.00 0
27323 0.00 0.00 0.00 0
27324 0.00 0.00 0.00 0
27325 0.00 0.00 0.00 0
27326 0.00 0.00 0.00 0
27327 0.00 0.00 0.00 0
27328 0.00 0.00 0.00 0
27329 0.00 0.00 0.00 0
27330 0.00 0.00 0.00 0
27331 0.00 0.00 0.00 0
27332 0.00 0.00 0.00 0
31008 0.00 0.00 0.00 0
31009 0.00 0.00 0.00 0
31011 0.00 0.00 0.00 0
31012 0.00 0.00 0.00 0
31013 0.00 0.00 0.00 0
31014 0.00 0.00 0.00 0
31015 0.00 0.00 0.00 0
31016 0.00 0.00 0.00 0
31017 0.00 0.00 0.00 0
31018 0.00 0.00 0.00 0
37992 0.00 0.00 0.00 0
37993 0.00 0.00 0.00 0
37997 0.00 0.00 0.00 0
37998 0.00 0.00 0.00 0
37999 0.00 0.00 0.00 0
38000 0.00 0.00 0.00 0
38001 0.00 0.00 0.00 0
38002 0.00 0.00 0.00 0
38003 0.00 0.00 0.00 0
38004 0.00 0.00 0.00 0
38005 0.00 0.00 0.00 0
38006 0.00 0.00 0.00 0
38010 0.00 0.00 0.00 0
38025 0.00 0.00 0.00 0
38026 0.00 0.00 0.00 0
38027 0.00 0.00 0.00 0
38028 0.00 0.00 0.00 0
38029 0.00 0.00 0.00 0
43338 0.00 0.00 0.00 0
43339 0.00 0.00 0.00 0
43340 0.00 0.00 0.00 0
43341 0.00 0.00 0.00 0
43342 0.00 0.00 0.00 0
43343 0.00 0.00 0.00 0
43344 0.00 0.00 0.00 0
45738 0.00 0.00 0.00 0
45739 0.00 0.00 0.00 0
45740 0.00 0.00 0.00 0
45741 0.00 0.00 0.00 0
45742 0.00 0.00 0.00 0
45743 0.00 0.00 0.00 0
45744 0.00 0.00 0.00 0
51288 0.00 0.00 0.00 0
51289 0.00 0.00 0.00 0
51290 0.00 0.00 0.00 0
51291 0.00 0.00 0.00 0
51292 0.00 0.00 0.00 0
51293 0.00 0.00 0.00 0
51294 0.00 0.00 0.00 0
51295 0.00 0.00 0.00 0
51296 0.00 0.00 0.00 0
51297 0.00 0.00 0.00 0
51298 0.00 0.00 0.00 0
51299 0.00 0.00 0.00 0
51300 0.00 0.00 0.00 0
51301 0.00 0.00 0.00 0
51302 0.00 0.00 0.00 0
51303 0.00 0.00 0.00 0
51310 0.00 0.00 0.00 0
51311 0.00 0.00 0.00 0
51312 0.00 0.00 0.00 0
60888 0.00 0.00 0.00 0
60889 0.00 0.00 0.00 0
60890 0.00 0.00 0.00 0
60891 0.00 0.00 0.00 0
60892 0.00 0.00 0.00 0
60893 0.00 0.00 0.00 0
60894 0.00 0.00 0.00 0
60895 0.00 0.00 0.00 0
60896 0.00 0.00 0.00 0
60897 0.00 0.00 0.00 0
60898 0.00 0.00 0.00 0
60899 0.00 0.00 0.00 0
60900 0.00 0.00 0.00 0
60901 0.00 0.00 0.00 0
60902 0.00 0.00 0.00 0
60903 0.00 0.00 0.00 0
60904 0.00 0.00 0.00 0
60905 0.00 0.00 0.00 0
60906 0.00 0.00 0.00 0
60907 0.00 0.00 0.00 0
60908 0.00 0.00 0.00 0
60909 0.00 0.00 0.00 0
60910 0.00 0.00 0.00 0
60911 0.00 0.00 0.00 0
60912 0.00 0.00 0.00 0
60913 0.00 0.00 0.00 0
60914 0.00 0.00 0.00 0
68090 0.00 0.00 0.00 0
68091 0.00 0.00 0.00 0
68092 0.00 0.00 0.00 0
68096 0.00 0.00 0.00 0
68097 0.00 0.00 0.00 0
68098 0.00 0.00 0.00 0
68099 0.00 0.00 0.00 0
68100 0.00 0.00 0.00 0
68101 0.00 0.00 0.00 0
68102 0.00 0.00 0.00 0
68103 0.00 0.00 0.00 0
68104 0.00 0.00 0.00 0
68105 0.00 0.00 0.00 0
68106 0.00 0.00 0.00 0
68107 0.00 0.00 0.00 0
68108 0.00 0.00 0.00 0
68109 0.00 0.00 0.00 0
68111 0.00 0.00 0.00 0
84745 0.00 0.00 0.00 0
84746 0.00 0.00 0.00 0
84747 0.00 0.00 0.00 0
84748 0.00 0.00 0.00 0
84749 0.00 0.00 0.00 0
84750 0.00 0.00 0.00 0
84752 0.00 0.00 0.00 0
84753 0.00 0.00 0.00 0
84754 0.00 0.00 0.00 0
84755 0.00 0.00 0.00 0
84756 0.00 0.00 0.00 0
84757 0.00 0.00 0.00 0
84758 0.00 0.00 0.00 0
84759 0.00 0.00 0.00 0
84760 0.00 0.00 0.00 0
84761 0.00 0.00 0.00 0
84762 0.00 0.00 0.00 0
84763 0.00 0.00 0.00 0
84764 0.00 0.00 0.00 0
84765 0.00 0.00 0.00 0
84766 0.00 0.00 0.00 0
84767 0.00 0.00 0.00 0
84768 0.00 0.00 0.00 0
84769 0.00 0.00 0.00 0
84770 0.00 0.00 0.00 0
84771 0.00 0.00 0.00 0
84772 0.00 0.00 0.00 0
84773 0.00 0.00 0.00 0
84774 0.00 0.00 0.00 0
84775 0.00 0.00 0.00 0
84776 0.00 0.00 0.00 0
84777 0.00 0.00 0.00 0
84778 0.00 0.00 0.00 0
84779 0.00 0.00 0.00 0
84780 0.00 0.00 0.00 0
84783 0.00 0.00 0.00 0
84788 0.00 0.00 0.00 0
84789 0.00 0.00 0.00 0
84790 0.00 0.00 0.00 0
84810 0.00 0.00 0.00 0
84825 0.00 0.00 0.00 0
84826 0.00 0.00 0.00 0
84827 0.00 0.00 0.00 0
84828 0.00 0.00 0.00 0
84829 0.00 0.00 0.00 0
84830 0.00 0.00 0.00 0
84831 0.00 0.00 0.00 0
84832 0.00 0.00 0.00 0
84836 0.00 0.00 0.00 0
84837 0.00 0.00 0.00 0
84838 0.00 0.00 0.00 0
84839 0.00 0.00 0.00 0
96439 0.00 0.00 0.00 0
96440 0.00 0.00 0.00 0
96441 0.00 0.00 0.00 0
96442 0.00 0.00 0.00 0
96443 0.00 0.00 0.00 0
96444 0.00 0.00 0.00 0
96445 0.00 0.00 0.00 0
96446 0.00 0.00 0.00 0
96447 0.00 0.00 0.00 0
96448 0.00 0.00 0.00 0
96449 0.00 0.00 0.00 0
96450 0.00 0.00 0.00 0
96451 0.00 0.00 0.00 0
96452 0.00 0.00 0.00 0
100762 0.00 0.00 0.00 0
100763 0.00 0.00 0.00 0
100764 0.00 0.00 0.00 0
100765 0.00 0.00 0.00 0
100766 0.00 0.00 0.00 0
100767 0.00 0.00 0.00 0
100768 0.00 0.00 0.00 0
100769 0.00 0.00 0.00 0
100770 0.00 0.00 0.00 0
100771 0.00 0.00 0.00 0
110750 0.00 0.00 0.00 0
110751 0.00 0.00 0.00 0
110752 0.00 0.00 0.00 0
110753 0.00 0.00 0.00 0
110754 0.00 0.00 0.00 0
110755 0.00 0.00 0.00 0
110756 0.00 0.00 0.00 0
110757 0.00 0.00 0.00 0
110758 0.00 0.00 0.00 0
110759 0.00 0.00 0.00 0
110760 0.00 0.00 0.00 0
110761 0.00 0.00 0.00 0
110762 0.00 0.00 0.00 0
110763 0.00 0.00 0.00 0
110764 0.00 0.00 0.00 0
110765 0.00 0.00 0.00 0
110766 0.00 0.00 0.00 0
110767 0.00 0.00 0.00 0
110768 0.00 0.00 0.00 0
110769 0.00 0.00 0.00 0
110770 0.00 0.00 0.00 0
110771 0.00 0.00 0.00 0
110772 0.00 0.00 0.00 0
110773 0.00 0.00 0.00 0
110774 0.00 0.00 0.00 0
110775 0.00 0.00 0.00 0
110776 0.00 0.00 0.00 0
110777 0.00 0.00 0.00 0
110778 0.00 0.00 0.00 0
110779 0.00 0.00 0.00 0
110790 0.00 0.00 0.00 0
110791 0.00 0.00 0.00 0
110792 0.00 0.00 0.00 0
110799 0.00 0.00 0.00 0
110800 0.00 0.00 0.00 0
110801 0.00 0.00 0.00 0
110802 0.00 0.00 0.00 0
110803 0.00 0.00 0.00 0
125181 0.00 0.00 0.00 0
125182 0.00 0.00 0.00 0
125183 0.00 0.00 0.00 0
125184 0.00 0.00 0.00 0
125185 0.00 0.00 0.00 0
125186 0.00 0.00 0.00 0
125187 0.00 0.00 0.00 0
125188 0.00 0.00 0.00 0
125189 0.00 0.00 0.00 0
125190 0.00 0.00 0.00 0
125191 0.00 0.00 0.00 0
125192 0.00 0.00 0.00 0
125193 0.00 0.00 0.00 0
125194 0.00 0.00 0.00 0
125195 0.00 0.00 0.00 0
125196 0.00 0.00 0.00 0
125197 0.00 0.00 0.00 0
125198 0.00 0.00 0.00 0
125199 0.00 0.00 0.00 0
125200 0.00 0.00 0.00 0
125201 0.00 0.00 0.00 0
125202 0.00 0.00 0.00 0
125203 0.00 0.00 0.00 0
125204 0.00 0.00 0.00 0
125205 0.00 0.00 0.00 0
125206 0.00 0.00 0.00 0
125208 0.00 0.00 0.00 0
125209 0.00 0.00 0.00 0
125210 0.00 0.00 0.00 0
125211 0.00 0.00 0.00 0
125212 0.00 0.00 0.00 0
125213 0.00 0.00 0.00 0
125214 0.00 0.00 0.00 0
125215 0.00 0.00 0.00 0
125216 0.00 0.00 0.00 0
134602 0.00 0.00 0.00 0
134629 0.00 0.00 0.00 0
134631 0.00 0.00 0.00 0
134632 0.00 0.00 0.00 0
134633 0.00 0.00 0.00 0
134634 0.00 0.00 0.00 0
134635 0.00 0.00 0.00 0
134638 0.00 0.00 0.00 0
134639 0.00 0.00 0.00 0
134640 0.00 0.00 0.00 0
134641 0.00 0.00 0.00 0
134642 0.00 0.00 0.00 0
134643 0.00 0.00 0.00 0
134644 0.00 0.00 0.00 0
134645 0.00 0.00 0.00 0
134646 0.00 0.00 0.00 0
134647 0.00 0.00 0.00 0
134648 0.00 0.00 0.00 0
134649 0.00 0.00 0.00 0
134650 0.00 0.00 0.00 0
134651 0.00 0.00 0.00 0
134652 0.00 0.00 0.00 0
134653 0.00 0.00 0.00 0
134654 0.00 0.00 0.00 0
134655 0.00 0.00 0.00 0
134656 0.00 0.00 0.00 0
134657 0.00 0.00 0.00 0
134658 0.00 0.00 0.00 0
134659 0.00 0.00 0.00 0
134660 0.00 0.00 0.00 0
154941 0.00 0.00 0.00 0
154942 0.00 0.00 0.00 0
154943 0.00 0.00 0.00 0
154944 0.00 0.00 0.00 0
154950 0.00 0.00 0.00 0
154955 0.00 0.00 0.00 0
154957 0.00 0.00 0.00 0
154958 0.00 0.00 0.00 0
154959 0.00 0.00 0.00 0
154960 0.00 0.00 0.00 0
154961 0.00 0.00 0.00 0
154962 0.00 0.00 0.00 0
154963 0.00 0.00 0.00 0
154964 0.00 0.00 0.00 0
154965 0.00 0.00 0.00 0
154966 0.00 0.00 0.00 0
154967 0.00 0.00 0.00 0
154968 0.00 0.00 0.00 0
154969 0.00 0.00 0.00 0
154970 0.00 0.00 0.00 0
154971 0.00 0.00 0.00 0
154972 0.00 0.00 0.00 0
154973 0.00 0.00 0.00 0
154974 0.00 0.00 0.00 0
154975 0.00 0.00 0.00 0
154976 0.00 0.00 0.00 0
154977 0.00 0.00 0.00 0
154978 0.00 0.00 0.00 0
154979 0.00 0.00 0.00 0
154980 0.00 0.00 0.00 0
154981 0.00 0.00 0.00 0
154982 0.00 0.00 0.00 0
154992 0.00 0.00 0.00 0
154993 0.00 0.00 0.00 0
154994 0.00 0.00 0.00 0
154995 0.00 0.00 0.00 0
155037 0.00 0.00 0.00 0
155038 0.00 0.00 0.00 0
155039 0.00 0.00 0.00 0
155040 0.00 0.00 0.00 0
155041 0.00 0.00 0.00 0
155042 0.00 0.00 0.00 0
155043 0.00 0.00 0.00 0
155044 0.00 0.00 0.00 0
155045 0.00 0.00 0.00 0
155047 0.00 0.00 0.00 0
155048 0.00 0.00 0.00 0
155049 0.00 0.00 0.00 0
155050 0.00 0.00 0.00 0
155051 0.00 0.00 0.00 0
155052 0.00 0.00 0.00 0
