# Lat_Fis-ant-Horizont
472
260 0.00 0.00 0.00 0
739 0.00 0.00 0.00 0
740 0.00 0.00 0.00 0
741 0.00 0.00 0.00 0
1619 0.00 0.00 0.00 0
1620 0.00 0.00 0.00 0
1621 0.00 0.00 0.00 0
1622 0.00 0.00 0.00 0
2659 0.00 0.00 0.00 0
2661 0.00 0.00 0.00 0
3656 0.00 0.00 0.00 0
3657 0.00 0.00 0.00 0
3658 0.00 0.00 0.00 0
3659 0.00 0.00 0.00 0
3660 0.00 0.00 0.00 0
3661 0.00 0.00 0.00 0
3662 0.00 0.00 0.00 0
5939 0.00 0.00 0.00 0
5940 0.00 0.00 0.00 0
5941 0.00 0.00 0.00 0
5942 0.00 0.00 0.00 0
5943 0.00 0.00 0.00 0
7618 0.00 0.00 0.00 0
7619 0.00 0.00 0.00 0
7620 0.00 0.00 0.00 0
7621 0.00 0.00 0.00 0
7622 0.00 0.00 0.00 0
7623 0.00 0.00 0.00 0
7625 0.00 0.00 0.00 0
10742 0.00 0.00 0.00 0
11336 0.00 0.00 0.00 0
11337 0.00 0.00 0.00 0
11338 0.00 0.00 0.00 0
11339 0.00 0.00 0.00 0
11340 0.00 0.00 0.00 0
11341 0.00 0.00 0.00 0
11342 0.00 0.00 0.00 0
13736 0.00 0.00 0.00 0
13737 0.00 0.00 0.00 0
13738 0.00 0.00 0.00 0
13739 0.00 0.00 0.00 0
13740 0.00 0.00 0.00 0
13741 0.00 0.00 0.00 0
13742 0.00 0.00 0.00 0
13743 0.00 0.00 0.00 0
13744 0.00 0.00 0.00 0
16729 0.00 0.00 0.00 0
16730 0.00 0.00 0.00 0
16731 0.00 0.00 0.00 0
16733 0.00 0.00 0.00 0
16734 0.00 0.00 0.00 0
16735 0.00 0.00 0.00 0
16736 0.00 0.00 0.00 0
16737 0.00 0.00 0.00 0
16738 0.00 0.00 0.00 0
16739 0.00 0.00 0.00 0
16740 0.00 0.00 0.00 0
16741 0.00 0.00 0.00 0
16742 0.00 0.00 0.00 0
16743 0.00 0.00 0.00 0
16744 0.00 0.00 0.00 0
16745 0.00 0.00 0.00 0
16746 0.00 0.00 0.00 0
16747 0.00 0.00 0.00 0
16748 0.00 0.00 0.00 0
16749 0.00 0.00 0.00 0
16750 0.00 0.00 0.00 0
20363 0.00 0.00 0.00 0
20364 0.00 0.00 0.00 0
23219 0.00 0.00 0.00 0
23220 0.00 0.00 0.00 0
23221 0.00 0.00 0.00 0
23222 0.00 0.00 0.00 0
23223 0.00 0.00 0.00 0
25012 0.00 0.00 0.00 0
25013 0.00 0.00 0.00 0
25014 0.00 0.00 0.00 0
25015 0.00 0.00 0.00 0
25016 0.00 0.00 0.00 0
25017 0.00 0.00 0.00 0
25018 0.00 0.00 0.00 0
25019 0.00 0.00 0.00 0
25020 0.00 0.00 0.00 0
25021 0.00 0.00 0.00 0
25022 0.00 0.00 0.00 0
25023 0.00 0.00 0.00 0
25024 0.00 0.00 0.00 0
25025 0.00 0.00 0.00 0
25026 0.00 0.00 0.00 0
29216 0.00 0.00 0.00 0
29217 0.00 0.00 0.00 0
29218 0.00 0.00 0.00 0
29219 0.00 0.00 0.00 0
29220 0.00 0.00 0.00 0
29221 0.00 0.00 0.00 0
29222 0.00 0.00 0.00 0
29223 0.00 0.00 0.00 0
29224 0.00 0.00 0.00 0
29225 0.00 0.00 0.00 0
29226 0.00 0.00 0.00 0
29227 0.00 0.00 0.00 0
33286 0.00 0.00 0.00 0
33295 0.00 0.00 0.00 0
33296 0.00 0.00 0.00 0
33299 0.00 0.00 0.00 0
33300 0.00 0.00 0.00 0
33301 0.00 0.00 0.00 0
33302 0.00 0.00 0.00 0
33303 0.00 0.00 0.00 0
33304 0.00 0.00 0.00 0
33305 0.00 0.00 0.00 0
33306 0.00 0.00 0.00 0
33307 0.00 0.00 0.00 0
33311 0.00 0.00 0.00 0
33312 0.00 0.00 0.00 0
33313 0.00 0.00 0.00 0
33314 0.00 0.00 0.00 0
33315 0.00 0.00 0.00 0
33316 0.00 0.00 0.00 0
37747 0.00 0.00 0.00 0
41462 0.00 0.00 0.00 0
42056 0.00 0.00 0.00 0
42057 0.00 0.00 0.00 0
42058 0.00 0.00 0.00 0
42059 0.00 0.00 0.00 0
42060 0.00 0.00 0.00 0
42061 0.00 0.00 0.00 0
42062 0.00 0.00 0.00 0
44456 0.00 0.00 0.00 0
44457 0.00 0.00 0.00 0
44458 0.00 0.00 0.00 0
44459 0.00 0.00 0.00 0
44460 0.00 0.00 0.00 0
44461 0.00 0.00 0.00 0
44462 0.00 0.00 0.00 0
44463 0.00 0.00 0.00 0
47449 0.00 0.00 0.00 0
47450 0.00 0.00 0.00 0
47451 0.00 0.00 0.00 0
47452 0.00 0.00 0.00 0
47453 0.00 0.00 0.00 0
47454 0.00 0.00 0.00 0
47455 0.00 0.00 0.00 0
47456 0.00 0.00 0.00 0
47457 0.00 0.00 0.00 0
47458 0.00 0.00 0.00 0
47459 0.00 0.00 0.00 0
47460 0.00 0.00 0.00 0
47461 0.00 0.00 0.00 0
47462 0.00 0.00 0.00 0
47463 0.00 0.00 0.00 0
47464 0.00 0.00 0.00 0
47465 0.00 0.00 0.00 0
47466 0.00 0.00 0.00 0
47467 0.00 0.00 0.00 0
47468 0.00 0.00 0.00 0
47469 0.00 0.00 0.00 0
47470 0.00 0.00 0.00 0
51083 0.00 0.00 0.00 0
51084 0.00 0.00 0.00 0
54059 0.00 0.00 0.00 0
54060 0.00 0.00 0.00 0
54061 0.00 0.00 0.00 0
54062 0.00 0.00 0.00 0
54064 0.00 0.00 0.00 0
54065 0.00 0.00 0.00 0
54066 0.00 0.00 0.00 0
57046 0.00 0.00 0.00 0
57047 0.00 0.00 0.00 0
57048 0.00 0.00 0.00 0
57049 0.00 0.00 0.00 0
57050 0.00 0.00 0.00 0
57051 0.00 0.00 0.00 0
57052 0.00 0.00 0.00 0
57053 0.00 0.00 0.00 0
57054 0.00 0.00 0.00 0
57055 0.00 0.00 0.00 0
57056 0.00 0.00 0.00 0
57057 0.00 0.00 0.00 0
57058 0.00 0.00 0.00 0
57059 0.00 0.00 0.00 0
57060 0.00 0.00 0.00 0
57061 0.00 0.00 0.00 0
57062 0.00 0.00 0.00 0
57063 0.00 0.00 0.00 0
57064 0.00 0.00 0.00 0
57065 0.00 0.00 0.00 0
57066 0.00 0.00 0.00 0
57067 0.00 0.00 0.00 0
57069 0.00 0.00 0.00 0
64249 0.00 0.00 0.00 0
64250 0.00 0.00 0.00 0
64251 0.00 0.00 0.00 0
64252 0.00 0.00 0.00 0
64253 0.00 0.00 0.00 0
64254 0.00 0.00 0.00 0
64255 0.00 0.00 0.00 0
64256 0.00 0.00 0.00 0
64257 0.00 0.00 0.00 0
64258 0.00 0.00 0.00 0
64259 0.00 0.00 0.00 0
64260 0.00 0.00 0.00 0
64261 0.00 0.00 0.00 0
64262 0.00 0.00 0.00 0
64263 0.00 0.00 0.00 0
64264 0.00 0.00 0.00 0
64265 0.00 0.00 0.00 0
64266 0.00 0.00 0.00 0
64267 0.00 0.00 0.00 0
64268 0.00 0.00 0.00 0
64269 0.00 0.00 0.00 0
64270 0.00 0.00 0.00 0
64271 0.00 0.00 0.00 0
64272 0.00 0.00 0.00 0
64273 0.00 0.00 0.00 0
64274 0.00 0.00 0.00 0
64275 0.00 0.00 0.00 0
73224 0.00 0.00 0.00 0
73225 0.00 0.00 0.00 0
73226 0.00 0.00 0.00 0
73227 0.00 0.00 0.00 0
73228 0.00 0.00 0.00 0
73241 0.00 0.00 0.00 0
73242 0.00 0.00 0.00 0
73243 0.00 0.00 0.00 0
73245 0.00 0.00 0.00 0
73246 0.00 0.00 0.00 0
73247 0.00 0.00 0.00 0
73248 0.00 0.00 0.00 0
73249 0.00 0.00 0.00 0
73250 0.00 0.00 0.00 0
73251 0.00 0.00 0.00 0
73252 0.00 0.00 0.00 0
73253 0.00 0.00 0.00 0
73255 0.00 0.00 0.00 0
73256 0.00 0.00 0.00 0
73257 0.00 0.00 0.00 0
73258 0.00 0.00 0.00 0
73259 0.00 0.00 0.00 0
73260 0.00 0.00 0.00 0
73261 0.00 0.00 0.00 0
73262 0.00 0.00 0.00 0
73263 0.00 0.00 0.00 0
73264 0.00 0.00 0.00 0
73265 0.00 0.00 0.00 0
73266 0.00 0.00 0.00 0
73267 0.00 0.00 0.00 0
73268 0.00 0.00 0.00 0
73269 0.00 0.00 0.00 0
73270 0.00 0.00 0.00 0
73271 0.00 0.00 0.00 0
73272 0.00 0.00 0.00 0
73273 0.00 0.00 0.00 0
73274 0.00 0.00 0.00 0
73275 0.00 0.00 0.00 0
73276 0.00 0.00 0.00 0
73277 0.00 0.00 0.00 0
73283 0.00 0.00 0.00 0
73284 0.00 0.00 0.00 0
73285 0.00 0.00 0.00 0
73286 0.00 0.00 0.00 0
73287 0.00 0.00 0.00 0
73288 0.00 0.00 0.00 0
73289 0.00 0.00 0.00 0
73290 0.00 0.00 0.00 0
73292 0.00 0.00 0.00 0
73297 0.00 0.00 0.00 0
84128 0.00 0.00 0.00 0
84129 0.00 0.00 0.00 0
84130 0.00 0.00 0.00 0
94132 0.00 0.00 0.00 0
94133 0.00 0.00 0.00 0
94134 0.00 0.00 0.00 0
94135 0.00 0.00 0.00 0
94136 0.00 0.00 0.00 0
94137 0.00 0.00 0.00 0
94138 0.00 0.00 0.00 0
94139 0.00 0.00 0.00 0
94140 0.00 0.00 0.00 0
94141 0.00 0.00 0.00 0
94142 0.00 0.00 0.00 0
94143 0.00 0.00 0.00 0
94144 0.00 0.00 0.00 0
98452 0.00 0.00 0.00 0
98453 0.00 0.00 0.00 0
98454 0.00 0.00 0.00 0
98455 0.00 0.00 0.00 0
98456 0.00 0.00 0.00 0
98457 0.00 0.00 0.00 0
98458 0.00 0.00 0.00 0
98459 0.00 0.00 0.00 0
98460 0.00 0.00 0.00 0
98461 0.00 0.00 0.00 0
98462 0.00 0.00 0.00 0
98463 0.00 0.00 0.00 0
98464 0.00 0.00 0.00 0
98465 0.00 0.00 0.00 0
98466 0.00 0.00 0.00 0
98467 0.00 0.00 0.00 0
103839 0.00 0.00 0.00 0
103840 0.00 0.00 0.00 0
103841 0.00 0.00 0.00 0
103842 0.00 0.00 0.00 0
103843 0.00 0.00 0.00 0
103845 0.00 0.00 0.00 0
103846 0.00 0.00 0.00 0
103847 0.00 0.00 0.00 0
103848 0.00 0.00 0.00 0
103849 0.00 0.00 0.00 0
103850 0.00 0.00 0.00 0
103851 0.00 0.00 0.00 0
103852 0.00 0.00 0.00 0
103853 0.00 0.00 0.00 0
103854 0.00 0.00 0.00 0
103855 0.00 0.00 0.00 0
103856 0.00 0.00 0.00 0
103857 0.00 0.00 0.00 0
103858 0.00 0.00 0.00 0
103859 0.00 0.00 0.00 0
103860 0.00 0.00 0.00 0
103861 0.00 0.00 0.00 0
103862 0.00 0.00 0.00 0
103863 0.00 0.00 0.00 0
103864 0.00 0.00 0.00 0
103865 0.00 0.00 0.00 0
103866 0.00 0.00 0.00 0
103867 0.00 0.00 0.00 0
103868 0.00 0.00 0.00 0
103869 0.00 0.00 0.00 0
103870 0.00 0.00 0.00 0
103871 0.00 0.00 0.00 0
103872 0.00 0.00 0.00 0
103874 0.00 0.00 0.00 0
103875 0.00 0.00 0.00 0
103876 0.00 0.00 0.00 0
103877 0.00 0.00 0.00 0
103878 0.00 0.00 0.00 0
110381 0.00 0.00 0.00 0
110382 0.00 0.00 0.00 0
110383 0.00 0.00 0.00 0
115617 0.00 0.00 0.00 0
115618 0.00 0.00 0.00 0
115619 0.00 0.00 0.00 0
115620 0.00 0.00 0.00 0
115621 0.00 0.00 0.00 0
115622 0.00 0.00 0.00 0
115623 0.00 0.00 0.00 0
115624 0.00 0.00 0.00 0
115625 0.00 0.00 0.00 0
115626 0.00 0.00 0.00 0
115627 0.00 0.00 0.00 0
115628 0.00 0.00 0.00 0
115629 0.00 0.00 0.00 0
119800 0.00 0.00 0.00 0
119801 0.00 0.00 0.00 0
119802 0.00 0.00 0.00 0
119803 0.00 0.00 0.00 0
119804 0.00 0.00 0.00 0
119805 0.00 0.00 0.00 0
119806 0.00 0.00 0.00 0
119807 0.00 0.00 0.00 0
119808 0.00 0.00 0.00 0
119809 0.00 0.00 0.00 0
119810 0.00 0.00 0.00 0
119811 0.00 0.00 0.00 0
119812 0.00 0.00 0.00 0
119813 0.00 0.00 0.00 0
119814 0.00 0.00 0.00 0
119815 0.00 0.00 0.00 0
119816 0.00 0.00 0.00 0
119817 0.00 0.00 0.00 0
119818 0.00 0.00 0.00 0
119819 0.00 0.00 0.00 0
119820 0.00 0.00 0.00 0
119821 0.00 0.00 0.00 0
119822 0.00 0.00 0.00 0
119823 0.00 0.00 0.00 0
119824 0.00 0.00 0.00 0
119825 0.00 0.00 0.00 0
119826 0.00 0.00 0.00 0
119827 0.00 0.00 0.00 0
119828 0.00 0.00 0.00 0
119829 0.00 0.00 0.00 0
119830 0.00 0.00 0.00 0
119831 0.00 0.00 0.00 0
119832 0.00 0.00 0.00 0
119833 0.00 0.00 0.00 0
124892 0.00 0.00 0.00 0
129770 0.00 0.00 0.00 0
129771 0.00 0.00 0.00 0
129772 0.00 0.00 0.00 0
129773 0.00 0.00 0.00 0
129774 0.00 0.00 0.00 0
129775 0.00 0.00 0.00 0
129776 0.00 0.00 0.00 0
129777 0.00 0.00 0.00 0
129778 0.00 0.00 0.00 0
129779 0.00 0.00 0.00 0
129780 0.00 0.00 0.00 0
129781 0.00 0.00 0.00 0
129782 0.00 0.00 0.00 0
129783 0.00 0.00 0.00 0
129784 0.00 0.00 0.00 0
129785 0.00 0.00 0.00 0
129786 0.00 0.00 0.00 0
129787 0.00 0.00 0.00 0
129788 0.00 0.00 0.00 0
129789 0.00 0.00 0.00 0
129790 0.00 0.00 0.00 0
129791 0.00 0.00 0.00 0
129792 0.00 0.00 0.00 0
129793 0.00 0.00 0.00 0
129794 0.00 0.00 0.00 0
129795 0.00 0.00 0.00 0
129796 0.00 0.00 0.00 0
129797 0.00 0.00 0.00 0
129798 0.00 0.00 0.00 0
129799 0.00 0.00 0.00 0
129800 0.00 0.00 0.00 0
141016 0.00 0.00 0.00 0
141017 0.00 0.00 0.00 0
141019 0.00 0.00 0.00 0
141037 0.00 0.00 0.00 0
141043 0.00 0.00 0.00 0
141044 0.00 0.00 0.00 0
141045 0.00 0.00 0.00 0
141046 0.00 0.00 0.00 0
141047 0.00 0.00 0.00 0
141048 0.00 0.00 0.00 0
141049 0.00 0.00 0.00 0
141055 0.00 0.00 0.00 0
141061 0.00 0.00 0.00 0
141062 0.00 0.00 0.00 0
141063 0.00 0.00 0.00 0
141064 0.00 0.00 0.00 0
141065 0.00 0.00 0.00 0
141066 0.00 0.00 0.00 0
141067 0.00 0.00 0.00 0
141068 0.00 0.00 0.00 0
141069 0.00 0.00 0.00 0
141070 0.00 0.00 0.00 0
141071 0.00 0.00 0.00 0
141072 0.00 0.00 0.00 0
141073 0.00 0.00 0.00 0
141074 0.00 0.00 0.00 0
141075 0.00 0.00 0.00 0
141076 0.00 0.00 0.00 0
141077 0.00 0.00 0.00 0
141078 0.00 0.00 0.00 0
141079 0.00 0.00 0.00 0
141080 0.00 0.00 0.00 0
141089 0.00 0.00 0.00 0
141090 0.00 0.00 0.00 0
141091 0.00 0.00 0.00 0
141092 0.00 0.00 0.00 0
141093 0.00 0.00 0.00 0
141094 0.00 0.00 0.00 0
141095 0.00 0.00 0.00 0
141096 0.00 0.00 0.00 0
141097 0.00 0.00 0.00 0
141098 0.00 0.00 0.00 0
141099 0.00 0.00 0.00 0
141100 0.00 0.00 0.00 0
141102 0.00 0.00 0.00 0
141103 0.00 0.00 0.00 0
141104 0.00 0.00 0.00 0
141105 0.00 0.00 0.00 0
141106 0.00 0.00 0.00 0
141107 0.00 0.00 0.00 0
154201 0.00 0.00 0.00 0
154202 0.00 0.00 0.00 0
154204 0.00 0.00 0.00 0
