# Lat_Fis-post
2461
75 0.00 0.00 0.00 0
145 0.00 0.00 0.00 0
315 0.00 0.00 0.00 0
316 0.00 0.00 0.00 0
317 0.00 0.00 0.00 0
318 0.00 0.00 0.00 0
589 0.00 0.00 0.00 0
592 0.00 0.00 0.00 0
593 0.00 0.00 0.00 0
794 0.00 0.00 0.00 0
795 0.00 0.00 0.00 0
796 0.00 0.00 0.00 0
797 0.00 0.00 0.00 0
798 0.00 0.00 0.00 0
1305 0.00 0.00 0.00 0
1306 0.00 0.00 0.00 0
1307 0.00 0.00 0.00 0
1308 0.00 0.00 0.00 0
1313 0.00 0.00 0.00 0
1314 0.00 0.00 0.00 0
1315 0.00 0.00 0.00 0
1316 0.00 0.00 0.00 0
1719 0.00 0.00 0.00 0
1720 0.00 0.00 0.00 0
1721 0.00 0.00 0.00 0
1722 0.00 0.00 0.00 0
1723 0.00 0.00 0.00 0
1724 0.00 0.00 0.00 0
1725 0.00 0.00 0.00 0
1726 0.00 0.00 0.00 0
2404 0.00 0.00 0.00 0
2410 0.00 0.00 0.00 0
2411 0.00 0.00 0.00 0
2412 0.00 0.00 0.00 0
2413 0.00 0.00 0.00 0
2414 0.00 0.00 0.00 0
2415 0.00 0.00 0.00 0
2714 0.00 0.00 0.00 0
2715 0.00 0.00 0.00 0
2716 0.00 0.00 0.00 0
2718 0.00 0.00 0.00 0
3225 0.00 0.00 0.00 0
3226 0.00 0.00 0.00 0
3227 0.00 0.00 0.00 0
3228 0.00 0.00 0.00 0
3233 0.00 0.00 0.00 0
3234 0.00 0.00 0.00 0
3825 0.00 0.00 0.00 0
3826 0.00 0.00 0.00 0
3827 0.00 0.00 0.00 0
3828 0.00 0.00 0.00 0
3829 0.00 0.00 0.00 0
3830 0.00 0.00 0.00 0
3831 0.00 0.00 0.00 0
3832 0.00 0.00 0.00 0
3833 0.00 0.00 0.00 0
3834 0.00 0.00 0.00 0
3835 0.00 0.00 0.00 0
3836 0.00 0.00 0.00 0
3837 0.00 0.00 0.00 0
5357 0.00 0.00 0.00 0
5362 0.00 0.00 0.00 0
5363 0.00 0.00 0.00 0
5364 0.00 0.00 0.00 0
5366 0.00 0.00 0.00 0
5367 0.00 0.00 0.00 0
5378 0.00 0.00 0.00 0
5379 0.00 0.00 0.00 0
5380 0.00 0.00 0.00 0
5381 0.00 0.00 0.00 0
5382 0.00 0.00 0.00 0
5383 0.00 0.00 0.00 0
5384 0.00 0.00 0.00 0
5385 0.00 0.00 0.00 0
5386 0.00 0.00 0.00 0
5387 0.00 0.00 0.00 0
5388 0.00 0.00 0.00 0
5389 0.00 0.00 0.00 0
5390 0.00 0.00 0.00 0
5391 0.00 0.00 0.00 0
5392 0.00 0.00 0.00 0
6038 0.00 0.00 0.00 0
6039 0.00 0.00 0.00 0
6040 0.00 0.00 0.00 0
6041 0.00 0.00 0.00 0
6042 0.00 0.00 0.00 0
6043 0.00 0.00 0.00 0
6044 0.00 0.00 0.00 0
6045 0.00 0.00 0.00 0
6046 0.00 0.00 0.00 0
6958 0.00 0.00 0.00 0
6959 0.00 0.00 0.00 0
6960 0.00 0.00 0.00 0
6961 0.00 0.00 0.00 0
6962 0.00 0.00 0.00 0
6963 0.00 0.00 0.00 0
6972 0.00 0.00 0.00 0
6973 0.00 0.00 0.00 0
6974 0.00 0.00 0.00 0
6975 0.00 0.00 0.00 0
6976 0.00 0.00 0.00 0
6977 0.00 0.00 0.00 0
6978 0.00 0.00 0.00 0
7851 0.00 0.00 0.00 0
7852 0.00 0.00 0.00 0
7853 0.00 0.00 0.00 0
7854 0.00 0.00 0.00 0
7855 0.00 0.00 0.00 0
7856 0.00 0.00 0.00 0
7857 0.00 0.00 0.00 0
7858 0.00 0.00 0.00 0
7859 0.00 0.00 0.00 0
7860 0.00 0.00 0.00 0
7861 0.00 0.00 0.00 0
7862 0.00 0.00 0.00 0
7863 0.00 0.00 0.00 0
7864 0.00 0.00 0.00 0
7865 0.00 0.00 0.00 0
7866 0.00 0.00 0.00 0
7867 0.00 0.00 0.00 0
7868 0.00 0.00 0.00 0
7869 0.00 0.00 0.00 0
8458 0.00 0.00 0.00 0
8459 0.00 0.00 0.00 0
8460 0.00 0.00 0.00 0
8463 0.00 0.00 0.00 0
8464 0.00 0.00 0.00 0
8465 0.00 0.00 0.00 0
9766 0.00 0.00 0.00 0
9767 0.00 0.00 0.00 0
9768 0.00 0.00 0.00 0
9769 0.00 0.00 0.00 0
9770 0.00 0.00 0.00 0
9771 0.00 0.00 0.00 0
9784 0.00 0.00 0.00 0
9785 0.00 0.00 0.00 0
9786 0.00 0.00 0.00 0
9787 0.00 0.00 0.00 0
9788 0.00 0.00 0.00 0
9789 0.00 0.00 0.00 0
9790 0.00 0.00 0.00 0
9791 0.00 0.00 0.00 0
9792 0.00 0.00 0.00 0
9793 0.00 0.00 0.00 0
9794 0.00 0.00 0.00 0
9795 0.00 0.00 0.00 0
9796 0.00 0.00 0.00 0
9797 0.00 0.00 0.00 0
9798 0.00 0.00 0.00 0
9799 0.00 0.00 0.00 0
9800 0.00 0.00 0.00 0
9801 0.00 0.00 0.00 0
10394 0.00 0.00 0.00 0
10395 0.00 0.00 0.00 0
10905 0.00 0.00 0.00 0
10906 0.00 0.00 0.00 0
10907 0.00 0.00 0.00 0
10908 0.00 0.00 0.00 0
10913 0.00 0.00 0.00 0
10914 0.00 0.00 0.00 0
11504 0.00 0.00 0.00 0
11505 0.00 0.00 0.00 0
11507 0.00 0.00 0.00 0
11508 0.00 0.00 0.00 0
11509 0.00 0.00 0.00 0
11510 0.00 0.00 0.00 0
11511 0.00 0.00 0.00 0
11512 0.00 0.00 0.00 0
11513 0.00 0.00 0.00 0
11514 0.00 0.00 0.00 0
11516 0.00 0.00 0.00 0
13037 0.00 0.00 0.00 0
13038 0.00 0.00 0.00 0
13039 0.00 0.00 0.00 0
13041 0.00 0.00 0.00 0
13042 0.00 0.00 0.00 0
13043 0.00 0.00 0.00 0
13044 0.00 0.00 0.00 0
13060 0.00 0.00 0.00 0
13061 0.00 0.00 0.00 0
13062 0.00 0.00 0.00 0
13063 0.00 0.00 0.00 0
13064 0.00 0.00 0.00 0
13065 0.00 0.00 0.00 0
13066 0.00 0.00 0.00 0
13067 0.00 0.00 0.00 0
13068 0.00 0.00 0.00 0
13069 0.00 0.00 0.00 0
13070 0.00 0.00 0.00 0
13071 0.00 0.00 0.00 0
13072 0.00 0.00 0.00 0
13904 0.00 0.00 0.00 0
13905 0.00 0.00 0.00 0
13906 0.00 0.00 0.00 0
13907 0.00 0.00 0.00 0
13908 0.00 0.00 0.00 0
13909 0.00 0.00 0.00 0
13910 0.00 0.00 0.00 0
13911 0.00 0.00 0.00 0
13912 0.00 0.00 0.00 0
13913 0.00 0.00 0.00 0
13914 0.00 0.00 0.00 0
13916 0.00 0.00 0.00 0
15437 0.00 0.00 0.00 0
15438 0.00 0.00 0.00 0
15439 0.00 0.00 0.00 0
15440 0.00 0.00 0.00 0
15441 0.00 0.00 0.00 0
15442 0.00 0.00 0.00 0
15443 0.00 0.00 0.00 0
15444 0.00 0.00 0.00 0
15446 0.00 0.00 0.00 0
15460 0.00 0.00 0.00 0
15461 0.00 0.00 0.00 0
15462 0.00 0.00 0.00 0
15463 0.00 0.00 0.00 0
15464 0.00 0.00 0.00 0
15465 0.00 0.00 0.00 0
15466 0.00 0.00 0.00 0
15467 0.00 0.00 0.00 0
15469 0.00 0.00 0.00 0
15470 0.00 0.00 0.00 0
15471 0.00 0.00 0.00 0
17235 0.00 0.00 0.00 0
17237 0.00 0.00 0.00 0
17238 0.00 0.00 0.00 0
17239 0.00 0.00 0.00 0
17240 0.00 0.00 0.00 0
17241 0.00 0.00 0.00 0
17242 0.00 0.00 0.00 0
17243 0.00 0.00 0.00 0
17244 0.00 0.00 0.00 0
17245 0.00 0.00 0.00 0
17246 0.00 0.00 0.00 0
17247 0.00 0.00 0.00 0
17248 0.00 0.00 0.00 0
17249 0.00 0.00 0.00 0
17250 0.00 0.00 0.00 0
17251 0.00 0.00 0.00 0
17252 0.00 0.00 0.00 0
17253 0.00 0.00 0.00 0
17254 0.00 0.00 0.00 0
17255 0.00 0.00 0.00 0
17256 0.00 0.00 0.00 0
17257 0.00 0.00 0.00 0
17258 0.00 0.00 0.00 0
17259 0.00 0.00 0.00 0
17260 0.00 0.00 0.00 0
17261 0.00 0.00 0.00 0
17262 0.00 0.00 0.00 0
17263 0.00 0.00 0.00 0
17264 0.00 0.00 0.00 0
17265 0.00 0.00 0.00 0
17266 0.00 0.00 0.00 0
17267 0.00 0.00 0.00 0
17268 0.00 0.00 0.00 0
17269 0.00 0.00 0.00 0
17270 0.00 0.00 0.00 0
17271 0.00 0.00 0.00 0
17272 0.00 0.00 0.00 0
17273 0.00 0.00 0.00 0
17274 0.00 0.00 0.00 0
18630 0.00 0.00 0.00 0
18633 0.00 0.00 0.00 0
18634 0.00 0.00 0.00 0
18635 0.00 0.00 0.00 0
18636 0.00 0.00 0.00 0
18643 0.00 0.00 0.00 0
18644 0.00 0.00 0.00 0
18645 0.00 0.00 0.00 0
18646 0.00 0.00 0.00 0
21788 0.00 0.00 0.00 0
21832 0.00 0.00 0.00 0
21847 0.00 0.00 0.00 0
21848 0.00 0.00 0.00 0
21849 0.00 0.00 0.00 0
21850 0.00 0.00 0.00 0
21851 0.00 0.00 0.00 0
21852 0.00 0.00 0.00 0
21853 0.00 0.00 0.00 0
21854 0.00 0.00 0.00 0
21855 0.00 0.00 0.00 0
21856 0.00 0.00 0.00 0
21857 0.00 0.00 0.00 0
21858 0.00 0.00 0.00 0
21859 0.00 0.00 0.00 0
21860 0.00 0.00 0.00 0
21861 0.00 0.00 0.00 0
21862 0.00 0.00 0.00 0
21864 0.00 0.00 0.00 0
21893 0.00 0.00 0.00 0
21894 0.00 0.00 0.00 0
21895 0.00 0.00 0.00 0
21896 0.00 0.00 0.00 0
21897 0.00 0.00 0.00 0
21898 0.00 0.00 0.00 0
21899 0.00 0.00 0.00 0
21900 0.00 0.00 0.00 0
21901 0.00 0.00 0.00 0
21902 0.00 0.00 0.00 0
21903 0.00 0.00 0.00 0
21904 0.00 0.00 0.00 0
21905 0.00 0.00 0.00 0
21906 0.00 0.00 0.00 0
21907 0.00 0.00 0.00 0
21908 0.00 0.00 0.00 0
21909 0.00 0.00 0.00 0
21910 0.00 0.00 0.00 0
21911 0.00 0.00 0.00 0
21912 0.00 0.00 0.00 0
21913 0.00 0.00 0.00 0
21914 0.00 0.00 0.00 0
21915 0.00 0.00 0.00 0
21916 0.00 0.00 0.00 0
21917 0.00 0.00 0.00 0
21918 0.00 0.00 0.00 0
21919 0.00 0.00 0.00 0
21920 0.00 0.00 0.00 0
21921 0.00 0.00 0.00 0
21922 0.00 0.00 0.00 0
21923 0.00 0.00 0.00 0
21924 0.00 0.00 0.00 0
21925 0.00 0.00 0.00 0
21926 0.00 0.00 0.00 0
21927 0.00 0.00 0.00 0
21928 0.00 0.00 0.00 0
21929 0.00 0.00 0.00 0
21930 0.00 0.00 0.00 0
21931 0.00 0.00 0.00 0
21932 0.00 0.00 0.00 0
21933 0.00 0.00 0.00 0
21934 0.00 0.00 0.00 0
21935 0.00 0.00 0.00 0
21936 0.00 0.00 0.00 0
21937 0.00 0.00 0.00 0
23318 0.00 0.00 0.00 0
23319 0.00 0.00 0.00 0
23320 0.00 0.00 0.00 0
23321 0.00 0.00 0.00 0
23322 0.00 0.00 0.00 0
23323 0.00 0.00 0.00 0
23324 0.00 0.00 0.00 0
24237 0.00 0.00 0.00 0
24238 0.00 0.00 0.00 0
24239 0.00 0.00 0.00 0
24240 0.00 0.00 0.00 0
24241 0.00 0.00 0.00 0
24242 0.00 0.00 0.00 0
24243 0.00 0.00 0.00 0
24253 0.00 0.00 0.00 0
24254 0.00 0.00 0.00 0
24256 0.00 0.00 0.00 0
25318 0.00 0.00 0.00 0
25319 0.00 0.00 0.00 0
25320 0.00 0.00 0.00 0
25321 0.00 0.00 0.00 0
25322 0.00 0.00 0.00 0
25323 0.00 0.00 0.00 0
25324 0.00 0.00 0.00 0
25325 0.00 0.00 0.00 0
25326 0.00 0.00 0.00 0
25327 0.00 0.00 0.00 0
25328 0.00 0.00 0.00 0
25329 0.00 0.00 0.00 0
25330 0.00 0.00 0.00 0
25331 0.00 0.00 0.00 0
25332 0.00 0.00 0.00 0
25333 0.00 0.00 0.00 0
25334 0.00 0.00 0.00 0
25335 0.00 0.00 0.00 0
25336 0.00 0.00 0.00 0
25337 0.00 0.00 0.00 0
25338 0.00 0.00 0.00 0
25339 0.00 0.00 0.00 0
25340 0.00 0.00 0.00 0
28075 0.00 0.00 0.00 0
28076 0.00 0.00 0.00 0
28077 0.00 0.00 0.00 0
28084 0.00 0.00 0.00 0
28085 0.00 0.00 0.00 0
28086 0.00 0.00 0.00 0
28087 0.00 0.00 0.00 0
28088 0.00 0.00 0.00 0
28089 0.00 0.00 0.00 0
28090 0.00 0.00 0.00 0
28091 0.00 0.00 0.00 0
28092 0.00 0.00 0.00 0
28094 0.00 0.00 0.00 0
28095 0.00 0.00 0.00 0
28112 0.00 0.00 0.00 0
28113 0.00 0.00 0.00 0
28114 0.00 0.00 0.00 0
28115 0.00 0.00 0.00 0
28116 0.00 0.00 0.00 0
28117 0.00 0.00 0.00 0
28118 0.00 0.00 0.00 0
28119 0.00 0.00 0.00 0
28120 0.00 0.00 0.00 0
28121 0.00 0.00 0.00 0
28122 0.00 0.00 0.00 0
28123 0.00 0.00 0.00 0
28124 0.00 0.00 0.00 0
28125 0.00 0.00 0.00 0
28126 0.00 0.00 0.00 0
28127 0.00 0.00 0.00 0
28128 0.00 0.00 0.00 0
28129 0.00 0.00 0.00 0
28130 0.00 0.00 0.00 0
28131 0.00 0.00 0.00 0
28132 0.00 0.00 0.00 0
28133 0.00 0.00 0.00 0
28134 0.00 0.00 0.00 0
28135 0.00 0.00 0.00 0
28136 0.00 0.00 0.00 0
28137 0.00 0.00 0.00 0
28138 0.00 0.00 0.00 0
29450 0.00 0.00 0.00 0
29452 0.00 0.00 0.00 0
29453 0.00 0.00 0.00 0
29454 0.00 0.00 0.00 0
29455 0.00 0.00 0.00 0
29456 0.00 0.00 0.00 0
29457 0.00 0.00 0.00 0
29458 0.00 0.00 0.00 0
29459 0.00 0.00 0.00 0
29460 0.00 0.00 0.00 0
29461 0.00 0.00 0.00 0
29462 0.00 0.00 0.00 0
29463 0.00 0.00 0.00 0
29464 0.00 0.00 0.00 0
29465 0.00 0.00 0.00 0
29466 0.00 0.00 0.00 0
29467 0.00 0.00 0.00 0
29468 0.00 0.00 0.00 0
29469 0.00 0.00 0.00 0
31595 0.00 0.00 0.00 0
31596 0.00 0.00 0.00 0
31597 0.00 0.00 0.00 0
31598 0.00 0.00 0.00 0
31599 0.00 0.00 0.00 0
31600 0.00 0.00 0.00 0
31601 0.00 0.00 0.00 0
31602 0.00 0.00 0.00 0
31603 0.00 0.00 0.00 0
31604 0.00 0.00 0.00 0
31605 0.00 0.00 0.00 0
31606 0.00 0.00 0.00 0
31607 0.00 0.00 0.00 0
31608 0.00 0.00 0.00 0
31609 0.00 0.00 0.00 0
31610 0.00 0.00 0.00 0
31627 0.00 0.00 0.00 0
31628 0.00 0.00 0.00 0
31629 0.00 0.00 0.00 0
31630 0.00 0.00 0.00 0
31631 0.00 0.00 0.00 0
31632 0.00 0.00 0.00 0
31633 0.00 0.00 0.00 0
31634 0.00 0.00 0.00 0
31635 0.00 0.00 0.00 0
31636 0.00 0.00 0.00 0
31637 0.00 0.00 0.00 0
31638 0.00 0.00 0.00 0
31639 0.00 0.00 0.00 0
31640 0.00 0.00 0.00 0
31641 0.00 0.00 0.00 0
31642 0.00 0.00 0.00 0
31643 0.00 0.00 0.00 0
31644 0.00 0.00 0.00 0
31645 0.00 0.00 0.00 0
33927 0.00 0.00 0.00 0
33928 0.00 0.00 0.00 0
33929 0.00 0.00 0.00 0
33930 0.00 0.00 0.00 0
33931 0.00 0.00 0.00 0
33932 0.00 0.00 0.00 0
33933 0.00 0.00 0.00 0
33934 0.00 0.00 0.00 0
33935 0.00 0.00 0.00 0
33936 0.00 0.00 0.00 0
33937 0.00 0.00 0.00 0
33938 0.00 0.00 0.00 0
33939 0.00 0.00 0.00 0
33940 0.00 0.00 0.00 0
33941 0.00 0.00 0.00 0
33942 0.00 0.00 0.00 0
33943 0.00 0.00 0.00 0
33944 0.00 0.00 0.00 0
33945 0.00 0.00 0.00 0
33946 0.00 0.00 0.00 0
33947 0.00 0.00 0.00 0
33948 0.00 0.00 0.00 0
33949 0.00 0.00 0.00 0
33950 0.00 0.00 0.00 0
33951 0.00 0.00 0.00 0
33952 0.00 0.00 0.00 0
33953 0.00 0.00 0.00 0
33954 0.00 0.00 0.00 0
33955 0.00 0.00 0.00 0
33956 0.00 0.00 0.00 0
33957 0.00 0.00 0.00 0
33958 0.00 0.00 0.00 0
33959 0.00 0.00 0.00 0
33960 0.00 0.00 0.00 0
33961 0.00 0.00 0.00 0
33962 0.00 0.00 0.00 0
33963 0.00 0.00 0.00 0
33964 0.00 0.00 0.00 0
33965 0.00 0.00 0.00 0
33966 0.00 0.00 0.00 0
33967 0.00 0.00 0.00 0
33968 0.00 0.00 0.00 0
33969 0.00 0.00 0.00 0
33970 0.00 0.00 0.00 0
33971 0.00 0.00 0.00 0
33972 0.00 0.00 0.00 0
33973 0.00 0.00 0.00 0
33974 0.00 0.00 0.00 0
33975 0.00 0.00 0.00 0
33976 0.00 0.00 0.00 0
33977 0.00 0.00 0.00 0
33978 0.00 0.00 0.00 0
35650 0.00 0.00 0.00 0
35651 0.00 0.00 0.00 0
35652 0.00 0.00 0.00 0
35653 0.00 0.00 0.00 0
35654 0.00 0.00 0.00 0
35655 0.00 0.00 0.00 0
35656 0.00 0.00 0.00 0
35657 0.00 0.00 0.00 0
35658 0.00 0.00 0.00 0
35665 0.00 0.00 0.00 0
35666 0.00 0.00 0.00 0
35667 0.00 0.00 0.00 0
35668 0.00 0.00 0.00 0
35669 0.00 0.00 0.00 0
35670 0.00 0.00 0.00 0
35671 0.00 0.00 0.00 0
35672 0.00 0.00 0.00 0
35673 0.00 0.00 0.00 0
35674 0.00 0.00 0.00 0
37385 0.00 0.00 0.00 0
37386 0.00 0.00 0.00 0
37387 0.00 0.00 0.00 0
37388 0.00 0.00 0.00 0
37391 0.00 0.00 0.00 0
39459 0.00 0.00 0.00 0
39532 0.00 0.00 0.00 0
39533 0.00 0.00 0.00 0
39534 0.00 0.00 0.00 0
39535 0.00 0.00 0.00 0
39536 0.00 0.00 0.00 0
39537 0.00 0.00 0.00 0
39538 0.00 0.00 0.00 0
39539 0.00 0.00 0.00 0
39540 0.00 0.00 0.00 0
39541 0.00 0.00 0.00 0
39542 0.00 0.00 0.00 0
39543 0.00 0.00 0.00 0
39544 0.00 0.00 0.00 0
39545 0.00 0.00 0.00 0
39546 0.00 0.00 0.00 0
39547 0.00 0.00 0.00 0
39548 0.00 0.00 0.00 0
39586 0.00 0.00 0.00 0
39587 0.00 0.00 0.00 0
39588 0.00 0.00 0.00 0
39589 0.00 0.00 0.00 0
39590 0.00 0.00 0.00 0
39591 0.00 0.00 0.00 0
39592 0.00 0.00 0.00 0
39593 0.00 0.00 0.00 0
39594 0.00 0.00 0.00 0
39596 0.00 0.00 0.00 0
39597 0.00 0.00 0.00 0
39598 0.00 0.00 0.00 0
39599 0.00 0.00 0.00 0
39600 0.00 0.00 0.00 0
39601 0.00 0.00 0.00 0
39602 0.00 0.00 0.00 0
39603 0.00 0.00 0.00 0
39604 0.00 0.00 0.00 0
39605 0.00 0.00 0.00 0
39606 0.00 0.00 0.00 0
39607 0.00 0.00 0.00 0
39608 0.00 0.00 0.00 0
39609 0.00 0.00 0.00 0
39610 0.00 0.00 0.00 0
39611 0.00 0.00 0.00 0
39612 0.00 0.00 0.00 0
39613 0.00 0.00 0.00 0
39614 0.00 0.00 0.00 0
39615 0.00 0.00 0.00 0
39616 0.00 0.00 0.00 0
39617 0.00 0.00 0.00 0
39618 0.00 0.00 0.00 0
39619 0.00 0.00 0.00 0
39620 0.00 0.00 0.00 0
39621 0.00 0.00 0.00 0
39622 0.00 0.00 0.00 0
39623 0.00 0.00 0.00 0
39624 0.00 0.00 0.00 0
39625 0.00 0.00 0.00 0
39626 0.00 0.00 0.00 0
39627 0.00 0.00 0.00 0
39628 0.00 0.00 0.00 0
39629 0.00 0.00 0.00 0
39630 0.00 0.00 0.00 0
39631 0.00 0.00 0.00 0
39632 0.00 0.00 0.00 0
39633 0.00 0.00 0.00 0
39634 0.00 0.00 0.00 0
39635 0.00 0.00 0.00 0
39636 0.00 0.00 0.00 0
39637 0.00 0.00 0.00 0
39638 0.00 0.00 0.00 0
39639 0.00 0.00 0.00 0
41625 0.00 0.00 0.00 0
41626 0.00 0.00 0.00 0
41627 0.00 0.00 0.00 0
41628 0.00 0.00 0.00 0
41629 0.00 0.00 0.00 0
41631 0.00 0.00 0.00 0
41634 0.00 0.00 0.00 0
42227 0.00 0.00 0.00 0
42228 0.00 0.00 0.00 0
42229 0.00 0.00 0.00 0
42230 0.00 0.00 0.00 0
42231 0.00 0.00 0.00 0
42232 0.00 0.00 0.00 0
42233 0.00 0.00 0.00 0
42234 0.00 0.00 0.00 0
43757 0.00 0.00 0.00 0
43758 0.00 0.00 0.00 0
43759 0.00 0.00 0.00 0
43760 0.00 0.00 0.00 0
43761 0.00 0.00 0.00 0
43762 0.00 0.00 0.00 0
43763 0.00 0.00 0.00 0
43764 0.00 0.00 0.00 0
43780 0.00 0.00 0.00 0
43781 0.00 0.00 0.00 0
43782 0.00 0.00 0.00 0
43783 0.00 0.00 0.00 0
43784 0.00 0.00 0.00 0
43785 0.00 0.00 0.00 0
43786 0.00 0.00 0.00 0
43787 0.00 0.00 0.00 0
43788 0.00 0.00 0.00 0
43789 0.00 0.00 0.00 0
43790 0.00 0.00 0.00 0
43791 0.00 0.00 0.00 0
43792 0.00 0.00 0.00 0
44624 0.00 0.00 0.00 0
44625 0.00 0.00 0.00 0
44626 0.00 0.00 0.00 0
44627 0.00 0.00 0.00 0
44628 0.00 0.00 0.00 0
44629 0.00 0.00 0.00 0
44630 0.00 0.00 0.00 0
44631 0.00 0.00 0.00 0
44632 0.00 0.00 0.00 0
44633 0.00 0.00 0.00 0
44634 0.00 0.00 0.00 0
46157 0.00 0.00 0.00 0
46158 0.00 0.00 0.00 0
46159 0.00 0.00 0.00 0
46160 0.00 0.00 0.00 0
46161 0.00 0.00 0.00 0
46162 0.00 0.00 0.00 0
46163 0.00 0.00 0.00 0
46164 0.00 0.00 0.00 0
46180 0.00 0.00 0.00 0
46181 0.00 0.00 0.00 0
46182 0.00 0.00 0.00 0
46183 0.00 0.00 0.00 0
46184 0.00 0.00 0.00 0
46185 0.00 0.00 0.00 0
46186 0.00 0.00 0.00 0
46187 0.00 0.00 0.00 0
47955 0.00 0.00 0.00 0
47957 0.00 0.00 0.00 0
47958 0.00 0.00 0.00 0
47959 0.00 0.00 0.00 0
47960 0.00 0.00 0.00 0
47961 0.00 0.00 0.00 0
47962 0.00 0.00 0.00 0
47963 0.00 0.00 0.00 0
47964 0.00 0.00 0.00 0
47965 0.00 0.00 0.00 0
47966 0.00 0.00 0.00 0
47967 0.00 0.00 0.00 0
47968 0.00 0.00 0.00 0
47969 0.00 0.00 0.00 0
47970 0.00 0.00 0.00 0
47971 0.00 0.00 0.00 0
47972 0.00 0.00 0.00 0
47973 0.00 0.00 0.00 0
47974 0.00 0.00 0.00 0
47975 0.00 0.00 0.00 0
47976 0.00 0.00 0.00 0
47977 0.00 0.00 0.00 0
47978 0.00 0.00 0.00 0
47979 0.00 0.00 0.00 0
47980 0.00 0.00 0.00 0
47981 0.00 0.00 0.00 0
47982 0.00 0.00 0.00 0
47983 0.00 0.00 0.00 0
47984 0.00 0.00 0.00 0
47985 0.00 0.00 0.00 0
47986 0.00 0.00 0.00 0
47987 0.00 0.00 0.00 0
47988 0.00 0.00 0.00 0
47989 0.00 0.00 0.00 0
47990 0.00 0.00 0.00 0
47991 0.00 0.00 0.00 0
47992 0.00 0.00 0.00 0
47993 0.00 0.00 0.00 0
47994 0.00 0.00 0.00 0
49355 0.00 0.00 0.00 0
49363 0.00 0.00 0.00 0
49364 0.00 0.00 0.00 0
49365 0.00 0.00 0.00 0
49366 0.00 0.00 0.00 0
52552 0.00 0.00 0.00 0
52553 0.00 0.00 0.00 0
52554 0.00 0.00 0.00 0
52567 0.00 0.00 0.00 0
52568 0.00 0.00 0.00 0
52569 0.00 0.00 0.00 0
52570 0.00 0.00 0.00 0
52571 0.00 0.00 0.00 0
52572 0.00 0.00 0.00 0
52573 0.00 0.00 0.00 0
52574 0.00 0.00 0.00 0
52575 0.00 0.00 0.00 0
52576 0.00 0.00 0.00 0
52577 0.00 0.00 0.00 0
52579 0.00 0.00 0.00 0
52581 0.00 0.00 0.00 0
52582 0.00 0.00 0.00 0
52583 0.00 0.00 0.00 0
52584 0.00 0.00 0.00 0
52614 0.00 0.00 0.00 0
52615 0.00 0.00 0.00 0
52616 0.00 0.00 0.00 0
52617 0.00 0.00 0.00 0
52618 0.00 0.00 0.00 0
52619 0.00 0.00 0.00 0
52620 0.00 0.00 0.00 0
52621 0.00 0.00 0.00 0
52622 0.00 0.00 0.00 0
52623 0.00 0.00 0.00 0
52624 0.00 0.00 0.00 0
52625 0.00 0.00 0.00 0
52626 0.00 0.00 0.00 0
52627 0.00 0.00 0.00 0
52628 0.00 0.00 0.00 0
52629 0.00 0.00 0.00 0
52630 0.00 0.00 0.00 0
52631 0.00 0.00 0.00 0
52632 0.00 0.00 0.00 0
52633 0.00 0.00 0.00 0
52634 0.00 0.00 0.00 0
52635 0.00 0.00 0.00 0
52636 0.00 0.00 0.00 0
52637 0.00 0.00 0.00 0
52638 0.00 0.00 0.00 0
52639 0.00 0.00 0.00 0
52640 0.00 0.00 0.00 0
52641 0.00 0.00 0.00 0
52642 0.00 0.00 0.00 0
52643 0.00 0.00 0.00 0
52644 0.00 0.00 0.00 0
52645 0.00 0.00 0.00 0
52646 0.00 0.00 0.00 0
52647 0.00 0.00 0.00 0
52648 0.00 0.00 0.00 0
52649 0.00 0.00 0.00 0
52650 0.00 0.00 0.00 0
52651 0.00 0.00 0.00 0
52652 0.00 0.00 0.00 0
52653 0.00 0.00 0.00 0
52654 0.00 0.00 0.00 0
52655 0.00 0.00 0.00 0
52656 0.00 0.00 0.00 0
52657 0.00 0.00 0.00 0
52658 0.00 0.00 0.00 0
52659 0.00 0.00 0.00 0
54224 0.00 0.00 0.00 0
54225 0.00 0.00 0.00 0
54226 0.00 0.00 0.00 0
54227 0.00 0.00 0.00 0
54228 0.00 0.00 0.00 0
54229 0.00 0.00 0.00 0
54230 0.00 0.00 0.00 0
54231 0.00 0.00 0.00 0
54232 0.00 0.00 0.00 0
54233 0.00 0.00 0.00 0
55755 0.00 0.00 0.00 0
55756 0.00 0.00 0.00 0
55757 0.00 0.00 0.00 0
55758 0.00 0.00 0.00 0
55759 0.00 0.00 0.00 0
55760 0.00 0.00 0.00 0
55761 0.00 0.00 0.00 0
55762 0.00 0.00 0.00 0
55763 0.00 0.00 0.00 0
55764 0.00 0.00 0.00 0
55766 0.00 0.00 0.00 0
55780 0.00 0.00 0.00 0
55781 0.00 0.00 0.00 0
55782 0.00 0.00 0.00 0
55783 0.00 0.00 0.00 0
55784 0.00 0.00 0.00 0
57556 0.00 0.00 0.00 0
57557 0.00 0.00 0.00 0
57558 0.00 0.00 0.00 0
57559 0.00 0.00 0.00 0
57560 0.00 0.00 0.00 0
57561 0.00 0.00 0.00 0
57562 0.00 0.00 0.00 0
57563 0.00 0.00 0.00 0
57564 0.00 0.00 0.00 0
57565 0.00 0.00 0.00 0
57566 0.00 0.00 0.00 0
57567 0.00 0.00 0.00 0
57568 0.00 0.00 0.00 0
57569 0.00 0.00 0.00 0
57570 0.00 0.00 0.00 0
57571 0.00 0.00 0.00 0
57572 0.00 0.00 0.00 0
57573 0.00 0.00 0.00 0
57574 0.00 0.00 0.00 0
57575 0.00 0.00 0.00 0
57576 0.00 0.00 0.00 0
57577 0.00 0.00 0.00 0
57578 0.00 0.00 0.00 0
57579 0.00 0.00 0.00 0
57580 0.00 0.00 0.00 0
57581 0.00 0.00 0.00 0
57582 0.00 0.00 0.00 0
57583 0.00 0.00 0.00 0
57584 0.00 0.00 0.00 0
57585 0.00 0.00 0.00 0
57586 0.00 0.00 0.00 0
57587 0.00 0.00 0.00 0
57588 0.00 0.00 0.00 0
57589 0.00 0.00 0.00 0
57590 0.00 0.00 0.00 0
57591 0.00 0.00 0.00 0
57592 0.00 0.00 0.00 0
57593 0.00 0.00 0.00 0
62152 0.00 0.00 0.00 0
62153 0.00 0.00 0.00 0
62154 0.00 0.00 0.00 0
62167 0.00 0.00 0.00 0
62168 0.00 0.00 0.00 0
62169 0.00 0.00 0.00 0
62170 0.00 0.00 0.00 0
62171 0.00 0.00 0.00 0
62172 0.00 0.00 0.00 0
62173 0.00 0.00 0.00 0
62174 0.00 0.00 0.00 0
62175 0.00 0.00 0.00 0
62176 0.00 0.00 0.00 0
62177 0.00 0.00 0.00 0
62178 0.00 0.00 0.00 0
62179 0.00 0.00 0.00 0
62180 0.00 0.00 0.00 0
62181 0.00 0.00 0.00 0
62182 0.00 0.00 0.00 0
62183 0.00 0.00 0.00 0
62184 0.00 0.00 0.00 0
62217 0.00 0.00 0.00 0
62218 0.00 0.00 0.00 0
62219 0.00 0.00 0.00 0
62220 0.00 0.00 0.00 0
62221 0.00 0.00 0.00 0
62222 0.00 0.00 0.00 0
62223 0.00 0.00 0.00 0
62224 0.00 0.00 0.00 0
62225 0.00 0.00 0.00 0
62226 0.00 0.00 0.00 0
62227 0.00 0.00 0.00 0
62228 0.00 0.00 0.00 0
62229 0.00 0.00 0.00 0
62230 0.00 0.00 0.00 0
62231 0.00 0.00 0.00 0
62232 0.00 0.00 0.00 0
62233 0.00 0.00 0.00 0
62234 0.00 0.00 0.00 0
62235 0.00 0.00 0.00 0
62236 0.00 0.00 0.00 0
62237 0.00 0.00 0.00 0
62238 0.00 0.00 0.00 0
62239 0.00 0.00 0.00 0
62240 0.00 0.00 0.00 0
62241 0.00 0.00 0.00 0
62242 0.00 0.00 0.00 0
62243 0.00 0.00 0.00 0
62244 0.00 0.00 0.00 0
62245 0.00 0.00 0.00 0
62246 0.00 0.00 0.00 0
62247 0.00 0.00 0.00 0
62248 0.00 0.00 0.00 0
62249 0.00 0.00 0.00 0
62250 0.00 0.00 0.00 0
62251 0.00 0.00 0.00 0
62252 0.00 0.00 0.00 0
62253 0.00 0.00 0.00 0
62254 0.00 0.00 0.00 0
62255 0.00 0.00 0.00 0
62256 0.00 0.00 0.00 0
62257 0.00 0.00 0.00 0
64754 0.00 0.00 0.00 0
64755 0.00 0.00 0.00 0
64756 0.00 0.00 0.00 0
64757 0.00 0.00 0.00 0
64758 0.00 0.00 0.00 0
64759 0.00 0.00 0.00 0
64760 0.00 0.00 0.00 0
64761 0.00 0.00 0.00 0
64762 0.00 0.00 0.00 0
64763 0.00 0.00 0.00 0
64764 0.00 0.00 0.00 0
64765 0.00 0.00 0.00 0
64766 0.00 0.00 0.00 0
64767 0.00 0.00 0.00 0
64768 0.00 0.00 0.00 0
64769 0.00 0.00 0.00 0
64770 0.00 0.00 0.00 0
64772 0.00 0.00 0.00 0
64773 0.00 0.00 0.00 0
64774 0.00 0.00 0.00 0
64775 0.00 0.00 0.00 0
64776 0.00 0.00 0.00 0
64777 0.00 0.00 0.00 0
64778 0.00 0.00 0.00 0
64779 0.00 0.00 0.00 0
64780 0.00 0.00 0.00 0
64781 0.00 0.00 0.00 0
64782 0.00 0.00 0.00 0
64783 0.00 0.00 0.00 0
64784 0.00 0.00 0.00 0
64785 0.00 0.00 0.00 0
64786 0.00 0.00 0.00 0
64787 0.00 0.00 0.00 0
64788 0.00 0.00 0.00 0
64789 0.00 0.00 0.00 0
64790 0.00 0.00 0.00 0
64791 0.00 0.00 0.00 0
64792 0.00 0.00 0.00 0
64793 0.00 0.00 0.00 0
64794 0.00 0.00 0.00 0
69312 0.00 0.00 0.00 0
69313 0.00 0.00 0.00 0
69349 0.00 0.00 0.00 0
69350 0.00 0.00 0.00 0
69351 0.00 0.00 0.00 0
69352 0.00 0.00 0.00 0
69353 0.00 0.00 0.00 0
69354 0.00 0.00 0.00 0
69355 0.00 0.00 0.00 0
69356 0.00 0.00 0.00 0
69357 0.00 0.00 0.00 0
69358 0.00 0.00 0.00 0
69359 0.00 0.00 0.00 0
69360 0.00 0.00 0.00 0
69361 0.00 0.00 0.00 0
69362 0.00 0.00 0.00 0
69363 0.00 0.00 0.00 0
69364 0.00 0.00 0.00 0
69365 0.00 0.00 0.00 0
69366 0.00 0.00 0.00 0
69367 0.00 0.00 0.00 0
69368 0.00 0.00 0.00 0
69369 0.00 0.00 0.00 0
69370 0.00 0.00 0.00 0
69371 0.00 0.00 0.00 0
69372 0.00 0.00 0.00 0
69373 0.00 0.00 0.00 0
69374 0.00 0.00 0.00 0
69375 0.00 0.00 0.00 0
69376 0.00 0.00 0.00 0
69377 0.00 0.00 0.00 0
69378 0.00 0.00 0.00 0
69379 0.00 0.00 0.00 0
69380 0.00 0.00 0.00 0
69381 0.00 0.00 0.00 0
69382 0.00 0.00 0.00 0
69383 0.00 0.00 0.00 0
69417 0.00 0.00 0.00 0
69418 0.00 0.00 0.00 0
69419 0.00 0.00 0.00 0
69420 0.00 0.00 0.00 0
69421 0.00 0.00 0.00 0
69422 0.00 0.00 0.00 0
69423 0.00 0.00 0.00 0
69424 0.00 0.00 0.00 0
69425 0.00 0.00 0.00 0
69426 0.00 0.00 0.00 0
69427 0.00 0.00 0.00 0
69428 0.00 0.00 0.00 0
69429 0.00 0.00 0.00 0
69430 0.00 0.00 0.00 0
69431 0.00 0.00 0.00 0
69432 0.00 0.00 0.00 0
69433 0.00 0.00 0.00 0
69434 0.00 0.00 0.00 0
69435 0.00 0.00 0.00 0
69436 0.00 0.00 0.00 0
69437 0.00 0.00 0.00 0
69438 0.00 0.00 0.00 0
69439 0.00 0.00 0.00 0
69440 0.00 0.00 0.00 0
69441 0.00 0.00 0.00 0
69442 0.00 0.00 0.00 0
69443 0.00 0.00 0.00 0
69444 0.00 0.00 0.00 0
69445 0.00 0.00 0.00 0
69446 0.00 0.00 0.00 0
69447 0.00 0.00 0.00 0
69448 0.00 0.00 0.00 0
69449 0.00 0.00 0.00 0
69450 0.00 0.00 0.00 0
69451 0.00 0.00 0.00 0
69452 0.00 0.00 0.00 0
69454 0.00 0.00 0.00 0
69455 0.00 0.00 0.00 0
69456 0.00 0.00 0.00 0
69457 0.00 0.00 0.00 0
69458 0.00 0.00 0.00 0
74745 0.00 0.00 0.00 0
74746 0.00 0.00 0.00 0
74747 0.00 0.00 0.00 0
74748 0.00 0.00 0.00 0
74749 0.00 0.00 0.00 0
74750 0.00 0.00 0.00 0
74751 0.00 0.00 0.00 0
74752 0.00 0.00 0.00 0
74754 0.00 0.00 0.00 0
74755 0.00 0.00 0.00 0
74756 0.00 0.00 0.00 0
74757 0.00 0.00 0.00 0
74758 0.00 0.00 0.00 0
74759 0.00 0.00 0.00 0
74760 0.00 0.00 0.00 0
74761 0.00 0.00 0.00 0
74762 0.00 0.00 0.00 0
74763 0.00 0.00 0.00 0
74764 0.00 0.00 0.00 0
74765 0.00 0.00 0.00 0
74766 0.00 0.00 0.00 0
74767 0.00 0.00 0.00 0
74768 0.00 0.00 0.00 0
74769 0.00 0.00 0.00 0
74770 0.00 0.00 0.00 0
74771 0.00 0.00 0.00 0
74772 0.00 0.00 0.00 0
74773 0.00 0.00 0.00 0
74774 0.00 0.00 0.00 0
74775 0.00 0.00 0.00 0
74776 0.00 0.00 0.00 0
74777 0.00 0.00 0.00 0
74778 0.00 0.00 0.00 0
74779 0.00 0.00 0.00 0
74780 0.00 0.00 0.00 0
74781 0.00 0.00 0.00 0
74782 0.00 0.00 0.00 0
74783 0.00 0.00 0.00 0
74784 0.00 0.00 0.00 0
74785 0.00 0.00 0.00 0
74786 0.00 0.00 0.00 0
74787 0.00 0.00 0.00 0
74788 0.00 0.00 0.00 0
74789 0.00 0.00 0.00 0
74790 0.00 0.00 0.00 0
74791 0.00 0.00 0.00 0
74792 0.00 0.00 0.00 0
74793 0.00 0.00 0.00 0
74794 0.00 0.00 0.00 0
74795 0.00 0.00 0.00 0
74796 0.00 0.00 0.00 0
74797 0.00 0.00 0.00 0
74798 0.00 0.00 0.00 0
74799 0.00 0.00 0.00 0
74800 0.00 0.00 0.00 0
74801 0.00 0.00 0.00 0
74802 0.00 0.00 0.00 0
74803 0.00 0.00 0.00 0
74804 0.00 0.00 0.00 0
74805 0.00 0.00 0.00 0
74806 0.00 0.00 0.00 0
74807 0.00 0.00 0.00 0
74808 0.00 0.00 0.00 0
74809 0.00 0.00 0.00 0
74810 0.00 0.00 0.00 0
74811 0.00 0.00 0.00 0
74812 0.00 0.00 0.00 0
74813 0.00 0.00 0.00 0
74814 0.00 0.00 0.00 0
74815 0.00 0.00 0.00 0
74816 0.00 0.00 0.00 0
74817 0.00 0.00 0.00 0
74818 0.00 0.00 0.00 0
74819 0.00 0.00 0.00 0
74820 0.00 0.00 0.00 0
74821 0.00 0.00 0.00 0
74822 0.00 0.00 0.00 0
74823 0.00 0.00 0.00 0
74824 0.00 0.00 0.00 0
74825 0.00 0.00 0.00 0
74826 0.00 0.00 0.00 0
74827 0.00 0.00 0.00 0
74828 0.00 0.00 0.00 0
74829 0.00 0.00 0.00 0
74830 0.00 0.00 0.00 0
74831 0.00 0.00 0.00 0
74832 0.00 0.00 0.00 0
74833 0.00 0.00 0.00 0
74834 0.00 0.00 0.00 0
74835 0.00 0.00 0.00 0
74836 0.00 0.00 0.00 0
74837 0.00 0.00 0.00 0
74838 0.00 0.00 0.00 0
74839 0.00 0.00 0.00 0
74840 0.00 0.00 0.00 0
74841 0.00 0.00 0.00 0
74842 0.00 0.00 0.00 0
74843 0.00 0.00 0.00 0
74844 0.00 0.00 0.00 0
74845 0.00 0.00 0.00 0
74846 0.00 0.00 0.00 0
74847 0.00 0.00 0.00 0
74848 0.00 0.00 0.00 0
74849 0.00 0.00 0.00 0
74850 0.00 0.00 0.00 0
74851 0.00 0.00 0.00 0
74852 0.00 0.00 0.00 0
74853 0.00 0.00 0.00 0
74854 0.00 0.00 0.00 0
74855 0.00 0.00 0.00 0
74856 0.00 0.00 0.00 0
74857 0.00 0.00 0.00 0
74858 0.00 0.00 0.00 0
74859 0.00 0.00 0.00 0
74860 0.00 0.00 0.00 0
74861 0.00 0.00 0.00 0
74862 0.00 0.00 0.00 0
74863 0.00 0.00 0.00 0
74864 0.00 0.00 0.00 0
74865 0.00 0.00 0.00 0
74866 0.00 0.00 0.00 0
74867 0.00 0.00 0.00 0
78932 0.00 0.00 0.00 0
78933 0.00 0.00 0.00 0
78934 0.00 0.00 0.00 0
78935 0.00 0.00 0.00 0
78936 0.00 0.00 0.00 0
78940 0.00 0.00 0.00 0
78941 0.00 0.00 0.00 0
78942 0.00 0.00 0.00 0
78943 0.00 0.00 0.00 0
78944 0.00 0.00 0.00 0
78945 0.00 0.00 0.00 0
78946 0.00 0.00 0.00 0
78947 0.00 0.00 0.00 0
78948 0.00 0.00 0.00 0
78949 0.00 0.00 0.00 0
78950 0.00 0.00 0.00 0
78951 0.00 0.00 0.00 0
78970 0.00 0.00 0.00 0
78971 0.00 0.00 0.00 0
78972 0.00 0.00 0.00 0
78973 0.00 0.00 0.00 0
78974 0.00 0.00 0.00 0
78975 0.00 0.00 0.00 0
78976 0.00 0.00 0.00 0
78977 0.00 0.00 0.00 0
78978 0.00 0.00 0.00 0
78979 0.00 0.00 0.00 0
78980 0.00 0.00 0.00 0
78981 0.00 0.00 0.00 0
78985 0.00 0.00 0.00 0
78986 0.00 0.00 0.00 0
78987 0.00 0.00 0.00 0
78988 0.00 0.00 0.00 0
78989 0.00 0.00 0.00 0
78990 0.00 0.00 0.00 0
78991 0.00 0.00 0.00 0
83228 0.00 0.00 0.00 0
88405 0.00 0.00 0.00 0
88582 0.00 0.00 0.00 0
88583 0.00 0.00 0.00 0
88584 0.00 0.00 0.00 0
88585 0.00 0.00 0.00 0
88586 0.00 0.00 0.00 0
88587 0.00 0.00 0.00 0
88588 0.00 0.00 0.00 0
88589 0.00 0.00 0.00 0
88590 0.00 0.00 0.00 0
88591 0.00 0.00 0.00 0
88592 0.00 0.00 0.00 0
88593 0.00 0.00 0.00 0
88594 0.00 0.00 0.00 0
88595 0.00 0.00 0.00 0
88596 0.00 0.00 0.00 0
88597 0.00 0.00 0.00 0
88598 0.00 0.00 0.00 0
88599 0.00 0.00 0.00 0
88600 0.00 0.00 0.00 0
88601 0.00 0.00 0.00 0
88602 0.00 0.00 0.00 0
88603 0.00 0.00 0.00 0
88604 0.00 0.00 0.00 0
88605 0.00 0.00 0.00 0
88606 0.00 0.00 0.00 0
88607 0.00 0.00 0.00 0
88608 0.00 0.00 0.00 0
88609 0.00 0.00 0.00 0
88610 0.00 0.00 0.00 0
88611 0.00 0.00 0.00 0
88612 0.00 0.00 0.00 0
88613 0.00 0.00 0.00 0
88614 0.00 0.00 0.00 0
88615 0.00 0.00 0.00 0
88616 0.00 0.00 0.00 0
88617 0.00 0.00 0.00 0
88618 0.00 0.00 0.00 0
88619 0.00 0.00 0.00 0
88620 0.00 0.00 0.00 0
88621 0.00 0.00 0.00 0
88622 0.00 0.00 0.00 0
88623 0.00 0.00 0.00 0
88624 0.00 0.00 0.00 0
88625 0.00 0.00 0.00 0
88626 0.00 0.00 0.00 0
88627 0.00 0.00 0.00 0
88720 0.00 0.00 0.00 0
88721 0.00 0.00 0.00 0
88722 0.00 0.00 0.00 0
88723 0.00 0.00 0.00 0
88724 0.00 0.00 0.00 0
88725 0.00 0.00 0.00 0
88726 0.00 0.00 0.00 0
88727 0.00 0.00 0.00 0
88728 0.00 0.00 0.00 0
88729 0.00 0.00 0.00 0
88730 0.00 0.00 0.00 0
88731 0.00 0.00 0.00 0
88732 0.00 0.00 0.00 0
88733 0.00 0.00 0.00 0
88734 0.00 0.00 0.00 0
88735 0.00 0.00 0.00 0
88736 0.00 0.00 0.00 0
88737 0.00 0.00 0.00 0
88738 0.00 0.00 0.00 0
88739 0.00 0.00 0.00 0
88743 0.00 0.00 0.00 0
88744 0.00 0.00 0.00 0
88745 0.00 0.00 0.00 0
88746 0.00 0.00 0.00 0
88747 0.00 0.00 0.00 0
88748 0.00 0.00 0.00 0
88749 0.00 0.00 0.00 0
88750 0.00 0.00 0.00 0
88751 0.00 0.00 0.00 0
88752 0.00 0.00 0.00 0
88753 0.00 0.00 0.00 0
88754 0.00 0.00 0.00 0
88755 0.00 0.00 0.00 0
88756 0.00 0.00 0.00 0
88757 0.00 0.00 0.00 0
88758 0.00 0.00 0.00 0
88759 0.00 0.00 0.00 0
88760 0.00 0.00 0.00 0
88761 0.00 0.00 0.00 0
88762 0.00 0.00 0.00 0
88763 0.00 0.00 0.00 0
88764 0.00 0.00 0.00 0
88765 0.00 0.00 0.00 0
88766 0.00 0.00 0.00 0
88767 0.00 0.00 0.00 0
88768 0.00 0.00 0.00 0
88769 0.00 0.00 0.00 0
88770 0.00 0.00 0.00 0
88771 0.00 0.00 0.00 0
88772 0.00 0.00 0.00 0
88773 0.00 0.00 0.00 0
88774 0.00 0.00 0.00 0
88775 0.00 0.00 0.00 0
88776 0.00 0.00 0.00 0
88777 0.00 0.00 0.00 0
88778 0.00 0.00 0.00 0
88779 0.00 0.00 0.00 0
88780 0.00 0.00 0.00 0
88781 0.00 0.00 0.00 0
88782 0.00 0.00 0.00 0
88783 0.00 0.00 0.00 0
88784 0.00 0.00 0.00 0
88785 0.00 0.00 0.00 0
88786 0.00 0.00 0.00 0
88787 0.00 0.00 0.00 0
88788 0.00 0.00 0.00 0
88789 0.00 0.00 0.00 0
88790 0.00 0.00 0.00 0
88791 0.00 0.00 0.00 0
88792 0.00 0.00 0.00 0
88793 0.00 0.00 0.00 0
88794 0.00 0.00 0.00 0
88795 0.00 0.00 0.00 0
88796 0.00 0.00 0.00 0
88797 0.00 0.00 0.00 0
88798 0.00 0.00 0.00 0
88799 0.00 0.00 0.00 0
88800 0.00 0.00 0.00 0
88801 0.00 0.00 0.00 0
88802 0.00 0.00 0.00 0
88803 0.00 0.00 0.00 0
88804 0.00 0.00 0.00 0
88805 0.00 0.00 0.00 0
88806 0.00 0.00 0.00 0
88807 0.00 0.00 0.00 0
88808 0.00 0.00 0.00 0
88809 0.00 0.00 0.00 0
88810 0.00 0.00 0.00 0
88811 0.00 0.00 0.00 0
88812 0.00 0.00 0.00 0
88813 0.00 0.00 0.00 0
88814 0.00 0.00 0.00 0
88815 0.00 0.00 0.00 0
88816 0.00 0.00 0.00 0
88817 0.00 0.00 0.00 0
88818 0.00 0.00 0.00 0
88819 0.00 0.00 0.00 0
88820 0.00 0.00 0.00 0
88821 0.00 0.00 0.00 0
88822 0.00 0.00 0.00 0
88823 0.00 0.00 0.00 0
88824 0.00 0.00 0.00 0
88825 0.00 0.00 0.00 0
88826 0.00 0.00 0.00 0
88827 0.00 0.00 0.00 0
88828 0.00 0.00 0.00 0
88829 0.00 0.00 0.00 0
88830 0.00 0.00 0.00 0
88831 0.00 0.00 0.00 0
88832 0.00 0.00 0.00 0
88833 0.00 0.00 0.00 0
88834 0.00 0.00 0.00 0
88835 0.00 0.00 0.00 0
88836 0.00 0.00 0.00 0
88837 0.00 0.00 0.00 0
88838 0.00 0.00 0.00 0
88839 0.00 0.00 0.00 0
88840 0.00 0.00 0.00 0
88841 0.00 0.00 0.00 0
88842 0.00 0.00 0.00 0
88843 0.00 0.00 0.00 0
88844 0.00 0.00 0.00 0
88845 0.00 0.00 0.00 0
88846 0.00 0.00 0.00 0
88847 0.00 0.00 0.00 0
88848 0.00 0.00 0.00 0
88849 0.00 0.00 0.00 0
88850 0.00 0.00 0.00 0
88851 0.00 0.00 0.00 0
88852 0.00 0.00 0.00 0
88853 0.00 0.00 0.00 0
88854 0.00 0.00 0.00 0
92439 0.00 0.00 0.00 0
92440 0.00 0.00 0.00 0
92441 0.00 0.00 0.00 0
92442 0.00 0.00 0.00 0
93357 0.00 0.00 0.00 0
93358 0.00 0.00 0.00 0
93359 0.00 0.00 0.00 0
93360 0.00 0.00 0.00 0
93361 0.00 0.00 0.00 0
93362 0.00 0.00 0.00 0
93363 0.00 0.00 0.00 0
93364 0.00 0.00 0.00 0
93373 0.00 0.00 0.00 0
93374 0.00 0.00 0.00 0
94436 0.00 0.00 0.00 0
94437 0.00 0.00 0.00 0
94438 0.00 0.00 0.00 0
94439 0.00 0.00 0.00 0
94440 0.00 0.00 0.00 0
94441 0.00 0.00 0.00 0
94442 0.00 0.00 0.00 0
94443 0.00 0.00 0.00 0
94444 0.00 0.00 0.00 0
94445 0.00 0.00 0.00 0
94446 0.00 0.00 0.00 0
94447 0.00 0.00 0.00 0
94448 0.00 0.00 0.00 0
94449 0.00 0.00 0.00 0
94450 0.00 0.00 0.00 0
94451 0.00 0.00 0.00 0
94452 0.00 0.00 0.00 0
94453 0.00 0.00 0.00 0
94454 0.00 0.00 0.00 0
94456 0.00 0.00 0.00 0
97195 0.00 0.00 0.00 0
97196 0.00 0.00 0.00 0
97197 0.00 0.00 0.00 0
97198 0.00 0.00 0.00 0
97201 0.00 0.00 0.00 0
97202 0.00 0.00 0.00 0
97204 0.00 0.00 0.00 0
97205 0.00 0.00 0.00 0
97206 0.00 0.00 0.00 0
97207 0.00 0.00 0.00 0
97208 0.00 0.00 0.00 0
97236 0.00 0.00 0.00 0
97237 0.00 0.00 0.00 0
97238 0.00 0.00 0.00 0
97239 0.00 0.00 0.00 0
97240 0.00 0.00 0.00 0
97241 0.00 0.00 0.00 0
97242 0.00 0.00 0.00 0
97243 0.00 0.00 0.00 0
97244 0.00 0.00 0.00 0
97245 0.00 0.00 0.00 0
97246 0.00 0.00 0.00 0
97247 0.00 0.00 0.00 0
97248 0.00 0.00 0.00 0
97249 0.00 0.00 0.00 0
97250 0.00 0.00 0.00 0
97251 0.00 0.00 0.00 0
97252 0.00 0.00 0.00 0
97253 0.00 0.00 0.00 0
97254 0.00 0.00 0.00 0
97255 0.00 0.00 0.00 0
97256 0.00 0.00 0.00 0
97257 0.00 0.00 0.00 0
97258 0.00 0.00 0.00 0
98756 0.00 0.00 0.00 0
98757 0.00 0.00 0.00 0
98758 0.00 0.00 0.00 0
98759 0.00 0.00 0.00 0
98760 0.00 0.00 0.00 0
98761 0.00 0.00 0.00 0
98762 0.00 0.00 0.00 0
98763 0.00 0.00 0.00 0
98764 0.00 0.00 0.00 0
98765 0.00 0.00 0.00 0
98767 0.00 0.00 0.00 0
98768 0.00 0.00 0.00 0
98769 0.00 0.00 0.00 0
98770 0.00 0.00 0.00 0
98771 0.00 0.00 0.00 0
98772 0.00 0.00 0.00 0
98773 0.00 0.00 0.00 0
98774 0.00 0.00 0.00 0
98775 0.00 0.00 0.00 0
98776 0.00 0.00 0.00 0
98777 0.00 0.00 0.00 0
98778 0.00 0.00 0.00 0
98779 0.00 0.00 0.00 0
98780 0.00 0.00 0.00 0
101515 0.00 0.00 0.00 0
101516 0.00 0.00 0.00 0
101517 0.00 0.00 0.00 0
101518 0.00 0.00 0.00 0
101519 0.00 0.00 0.00 0
101520 0.00 0.00 0.00 0
101521 0.00 0.00 0.00 0
101522 0.00 0.00 0.00 0
101523 0.00 0.00 0.00 0
101524 0.00 0.00 0.00 0
101525 0.00 0.00 0.00 0
101526 0.00 0.00 0.00 0
101527 0.00 0.00 0.00 0
101528 0.00 0.00 0.00 0
101529 0.00 0.00 0.00 0
101530 0.00 0.00 0.00 0
101556 0.00 0.00 0.00 0
101557 0.00 0.00 0.00 0
101558 0.00 0.00 0.00 0
101559 0.00 0.00 0.00 0
101560 0.00 0.00 0.00 0
101561 0.00 0.00 0.00 0
101562 0.00 0.00 0.00 0
101563 0.00 0.00 0.00 0
101564 0.00 0.00 0.00 0
101565 0.00 0.00 0.00 0
101566 0.00 0.00 0.00 0
101567 0.00 0.00 0.00 0
101568 0.00 0.00 0.00 0
101569 0.00 0.00 0.00 0
101571 0.00 0.00 0.00 0
101572 0.00 0.00 0.00 0
101573 0.00 0.00 0.00 0
101574 0.00 0.00 0.00 0
101575 0.00 0.00 0.00 0
101576 0.00 0.00 0.00 0
104751 0.00 0.00 0.00 0
104752 0.00 0.00 0.00 0
104753 0.00 0.00 0.00 0
104754 0.00 0.00 0.00 0
104755 0.00 0.00 0.00 0
104756 0.00 0.00 0.00 0
104757 0.00 0.00 0.00 0
104758 0.00 0.00 0.00 0
104759 0.00 0.00 0.00 0
104760 0.00 0.00 0.00 0
104761 0.00 0.00 0.00 0
104762 0.00 0.00 0.00 0
104763 0.00 0.00 0.00 0
104764 0.00 0.00 0.00 0
104765 0.00 0.00 0.00 0
104766 0.00 0.00 0.00 0
104767 0.00 0.00 0.00 0
104768 0.00 0.00 0.00 0
104769 0.00 0.00 0.00 0
104770 0.00 0.00 0.00 0
104771 0.00 0.00 0.00 0
104772 0.00 0.00 0.00 0
104773 0.00 0.00 0.00 0
104774 0.00 0.00 0.00 0
104775 0.00 0.00 0.00 0
104776 0.00 0.00 0.00 0
104777 0.00 0.00 0.00 0
104778 0.00 0.00 0.00 0
104779 0.00 0.00 0.00 0
104780 0.00 0.00 0.00 0
104781 0.00 0.00 0.00 0
104782 0.00 0.00 0.00 0
104783 0.00 0.00 0.00 0
104784 0.00 0.00 0.00 0
104785 0.00 0.00 0.00 0
104786 0.00 0.00 0.00 0
104787 0.00 0.00 0.00 0
104788 0.00 0.00 0.00 0
104789 0.00 0.00 0.00 0
104790 0.00 0.00 0.00 0
104791 0.00 0.00 0.00 0
104792 0.00 0.00 0.00 0
104793 0.00 0.00 0.00 0
104794 0.00 0.00 0.00 0
104795 0.00 0.00 0.00 0
104796 0.00 0.00 0.00 0
104797 0.00 0.00 0.00 0
104798 0.00 0.00 0.00 0
104799 0.00 0.00 0.00 0
104800 0.00 0.00 0.00 0
104801 0.00 0.00 0.00 0
104802 0.00 0.00 0.00 0
104803 0.00 0.00 0.00 0
104804 0.00 0.00 0.00 0
104805 0.00 0.00 0.00 0
104806 0.00 0.00 0.00 0
104807 0.00 0.00 0.00 0
104808 0.00 0.00 0.00 0
104809 0.00 0.00 0.00 0
104810 0.00 0.00 0.00 0
104811 0.00 0.00 0.00 0
104812 0.00 0.00 0.00 0
104813 0.00 0.00 0.00 0
104814 0.00 0.00 0.00 0
104815 0.00 0.00 0.00 0
104816 0.00 0.00 0.00 0
104817 0.00 0.00 0.00 0
104818 0.00 0.00 0.00 0
104819 0.00 0.00 0.00 0
104820 0.00 0.00 0.00 0
104821 0.00 0.00 0.00 0
104822 0.00 0.00 0.00 0
107269 0.00 0.00 0.00 0
107270 0.00 0.00 0.00 0
107271 0.00 0.00 0.00 0
107272 0.00 0.00 0.00 0
107273 0.00 0.00 0.00 0
107274 0.00 0.00 0.00 0
107285 0.00 0.00 0.00 0
107286 0.00 0.00 0.00 0
107287 0.00 0.00 0.00 0
107288 0.00 0.00 0.00 0
107289 0.00 0.00 0.00 0
107290 0.00 0.00 0.00 0
107291 0.00 0.00 0.00 0
107292 0.00 0.00 0.00 0
112946 0.00 0.00 0.00 0
112947 0.00 0.00 0.00 0
113053 0.00 0.00 0.00 0
113054 0.00 0.00 0.00 0
113055 0.00 0.00 0.00 0
113056 0.00 0.00 0.00 0
113057 0.00 0.00 0.00 0
113058 0.00 0.00 0.00 0
113059 0.00 0.00 0.00 0
113060 0.00 0.00 0.00 0
113061 0.00 0.00 0.00 0
113062 0.00 0.00 0.00 0
113063 0.00 0.00 0.00 0
113064 0.00 0.00 0.00 0
113065 0.00 0.00 0.00 0
113066 0.00 0.00 0.00 0
113067 0.00 0.00 0.00 0
113068 0.00 0.00 0.00 0
113069 0.00 0.00 0.00 0
113070 0.00 0.00 0.00 0
113071 0.00 0.00 0.00 0
113072 0.00 0.00 0.00 0
113073 0.00 0.00 0.00 0
113074 0.00 0.00 0.00 0
113075 0.00 0.00 0.00 0
113076 0.00 0.00 0.00 0
113077 0.00 0.00 0.00 0
113078 0.00 0.00 0.00 0
113079 0.00 0.00 0.00 0
113080 0.00 0.00 0.00 0
113084 0.00 0.00 0.00 0
113137 0.00 0.00 0.00 0
113138 0.00 0.00 0.00 0
113139 0.00 0.00 0.00 0
113140 0.00 0.00 0.00 0
113141 0.00 0.00 0.00 0
113142 0.00 0.00 0.00 0
113143 0.00 0.00 0.00 0
113144 0.00 0.00 0.00 0
113145 0.00 0.00 0.00 0
113146 0.00 0.00 0.00 0
113147 0.00 0.00 0.00 0
113148 0.00 0.00 0.00 0
113149 0.00 0.00 0.00 0
113150 0.00 0.00 0.00 0
113151 0.00 0.00 0.00 0
113152 0.00 0.00 0.00 0
113153 0.00 0.00 0.00 0
113154 0.00 0.00 0.00 0
113155 0.00 0.00 0.00 0
113156 0.00 0.00 0.00 0
113157 0.00 0.00 0.00 0
113158 0.00 0.00 0.00 0
113159 0.00 0.00 0.00 0
113160 0.00 0.00 0.00 0
113161 0.00 0.00 0.00 0
113162 0.00 0.00 0.00 0
113163 0.00 0.00 0.00 0
113164 0.00 0.00 0.00 0
113165 0.00 0.00 0.00 0
113166 0.00 0.00 0.00 0
113167 0.00 0.00 0.00 0
113168 0.00 0.00 0.00 0
113169 0.00 0.00 0.00 0
113170 0.00 0.00 0.00 0
113171 0.00 0.00 0.00 0
113172 0.00 0.00 0.00 0
113173 0.00 0.00 0.00 0
113174 0.00 0.00 0.00 0
113175 0.00 0.00 0.00 0
113176 0.00 0.00 0.00 0
113177 0.00 0.00 0.00 0
113178 0.00 0.00 0.00 0
113179 0.00 0.00 0.00 0
113180 0.00 0.00 0.00 0
113181 0.00 0.00 0.00 0
113182 0.00 0.00 0.00 0
113183 0.00 0.00 0.00 0
113184 0.00 0.00 0.00 0
113185 0.00 0.00 0.00 0
113186 0.00 0.00 0.00 0
113187 0.00 0.00 0.00 0
113188 0.00 0.00 0.00 0
113189 0.00 0.00 0.00 0
113190 0.00 0.00 0.00 0
113191 0.00 0.00 0.00 0
113192 0.00 0.00 0.00 0
113193 0.00 0.00 0.00 0
113194 0.00 0.00 0.00 0
113195 0.00 0.00 0.00 0
113196 0.00 0.00 0.00 0
113197 0.00 0.00 0.00 0
113198 0.00 0.00 0.00 0
113199 0.00 0.00 0.00 0
113200 0.00 0.00 0.00 0
113201 0.00 0.00 0.00 0
113202 0.00 0.00 0.00 0
113203 0.00 0.00 0.00 0
113204 0.00 0.00 0.00 0
113205 0.00 0.00 0.00 0
113206 0.00 0.00 0.00 0
113207 0.00 0.00 0.00 0
113208 0.00 0.00 0.00 0
113209 0.00 0.00 0.00 0
113210 0.00 0.00 0.00 0
113211 0.00 0.00 0.00 0
113212 0.00 0.00 0.00 0
113213 0.00 0.00 0.00 0
113214 0.00 0.00 0.00 0
113215 0.00 0.00 0.00 0
113216 0.00 0.00 0.00 0
113217 0.00 0.00 0.00 0
115850 0.00 0.00 0.00 0
115851 0.00 0.00 0.00 0
115852 0.00 0.00 0.00 0
115853 0.00 0.00 0.00 0
115854 0.00 0.00 0.00 0
115855 0.00 0.00 0.00 0
115856 0.00 0.00 0.00 0
115857 0.00 0.00 0.00 0
115858 0.00 0.00 0.00 0
115859 0.00 0.00 0.00 0
115860 0.00 0.00 0.00 0
115861 0.00 0.00 0.00 0
115862 0.00 0.00 0.00 0
115863 0.00 0.00 0.00 0
115864 0.00 0.00 0.00 0
115865 0.00 0.00 0.00 0
117994 0.00 0.00 0.00 0
117995 0.00 0.00 0.00 0
117996 0.00 0.00 0.00 0
117997 0.00 0.00 0.00 0
117998 0.00 0.00 0.00 0
117999 0.00 0.00 0.00 0
118000 0.00 0.00 0.00 0
118001 0.00 0.00 0.00 0
118002 0.00 0.00 0.00 0
118003 0.00 0.00 0.00 0
118004 0.00 0.00 0.00 0
118005 0.00 0.00 0.00 0
118006 0.00 0.00 0.00 0
118007 0.00 0.00 0.00 0
118008 0.00 0.00 0.00 0
118009 0.00 0.00 0.00 0
118010 0.00 0.00 0.00 0
118028 0.00 0.00 0.00 0
118030 0.00 0.00 0.00 0
118031 0.00 0.00 0.00 0
118032 0.00 0.00 0.00 0
118033 0.00 0.00 0.00 0
118034 0.00 0.00 0.00 0
118036 0.00 0.00 0.00 0
120516 0.00 0.00 0.00 0
120517 0.00 0.00 0.00 0
120518 0.00 0.00 0.00 0
120519 0.00 0.00 0.00 0
120520 0.00 0.00 0.00 0
120521 0.00 0.00 0.00 0
120522 0.00 0.00 0.00 0
120523 0.00 0.00 0.00 0
120524 0.00 0.00 0.00 0
120525 0.00 0.00 0.00 0
120526 0.00 0.00 0.00 0
120527 0.00 0.00 0.00 0
120528 0.00 0.00 0.00 0
120529 0.00 0.00 0.00 0
120530 0.00 0.00 0.00 0
120531 0.00 0.00 0.00 0
120532 0.00 0.00 0.00 0
120533 0.00 0.00 0.00 0
120534 0.00 0.00 0.00 0
120535 0.00 0.00 0.00 0
120536 0.00 0.00 0.00 0
120537 0.00 0.00 0.00 0
120538 0.00 0.00 0.00 0
120539 0.00 0.00 0.00 0
120540 0.00 0.00 0.00 0
120541 0.00 0.00 0.00 0
120542 0.00 0.00 0.00 0
120543 0.00 0.00 0.00 0
120544 0.00 0.00 0.00 0
120545 0.00 0.00 0.00 0
120546 0.00 0.00 0.00 0
120547 0.00 0.00 0.00 0
120548 0.00 0.00 0.00 0
120549 0.00 0.00 0.00 0
120550 0.00 0.00 0.00 0
120551 0.00 0.00 0.00 0
120552 0.00 0.00 0.00 0
120553 0.00 0.00 0.00 0
120554 0.00 0.00 0.00 0
120555 0.00 0.00 0.00 0
120556 0.00 0.00 0.00 0
120557 0.00 0.00 0.00 0
120558 0.00 0.00 0.00 0
120559 0.00 0.00 0.00 0
120560 0.00 0.00 0.00 0
120561 0.00 0.00 0.00 0
120562 0.00 0.00 0.00 0
120563 0.00 0.00 0.00 0
120564 0.00 0.00 0.00 0
120565 0.00 0.00 0.00 0
120566 0.00 0.00 0.00 0
120567 0.00 0.00 0.00 0
120568 0.00 0.00 0.00 0
126949 0.00 0.00 0.00 0
126950 0.00 0.00 0.00 0
126951 0.00 0.00 0.00 0
126952 0.00 0.00 0.00 0
126954 0.00 0.00 0.00 0
126955 0.00 0.00 0.00 0
126970 0.00 0.00 0.00 0
126971 0.00 0.00 0.00 0
126972 0.00 0.00 0.00 0
126973 0.00 0.00 0.00 0
126974 0.00 0.00 0.00 0
126975 0.00 0.00 0.00 0
126976 0.00 0.00 0.00 0
126977 0.00 0.00 0.00 0
126978 0.00 0.00 0.00 0
126979 0.00 0.00 0.00 0
126980 0.00 0.00 0.00 0
126981 0.00 0.00 0.00 0
126982 0.00 0.00 0.00 0
126983 0.00 0.00 0.00 0
126984 0.00 0.00 0.00 0
126985 0.00 0.00 0.00 0
126986 0.00 0.00 0.00 0
126987 0.00 0.00 0.00 0
126988 0.00 0.00 0.00 0
126989 0.00 0.00 0.00 0
126992 0.00 0.00 0.00 0
126993 0.00 0.00 0.00 0
126994 0.00 0.00 0.00 0
126995 0.00 0.00 0.00 0
127036 0.00 0.00 0.00 0
127037 0.00 0.00 0.00 0
127039 0.00 0.00 0.00 0
127040 0.00 0.00 0.00 0
127041 0.00 0.00 0.00 0
127042 0.00 0.00 0.00 0
127043 0.00 0.00 0.00 0
127044 0.00 0.00 0.00 0
127045 0.00 0.00 0.00 0
127046 0.00 0.00 0.00 0
127047 0.00 0.00 0.00 0
127048 0.00 0.00 0.00 0
127049 0.00 0.00 0.00 0
127050 0.00 0.00 0.00 0
127051 0.00 0.00 0.00 0
127052 0.00 0.00 0.00 0
127053 0.00 0.00 0.00 0
127054 0.00 0.00 0.00 0
127055 0.00 0.00 0.00 0
127056 0.00 0.00 0.00 0
127057 0.00 0.00 0.00 0
127058 0.00 0.00 0.00 0
127059 0.00 0.00 0.00 0
127060 0.00 0.00 0.00 0
127061 0.00 0.00 0.00 0
127062 0.00 0.00 0.00 0
127063 0.00 0.00 0.00 0
127064 0.00 0.00 0.00 0
127065 0.00 0.00 0.00 0
127066 0.00 0.00 0.00 0
127067 0.00 0.00 0.00 0
127068 0.00 0.00 0.00 0
127069 0.00 0.00 0.00 0
127070 0.00 0.00 0.00 0
127071 0.00 0.00 0.00 0
127072 0.00 0.00 0.00 0
127073 0.00 0.00 0.00 0
127074 0.00 0.00 0.00 0
127075 0.00 0.00 0.00 0
127076 0.00 0.00 0.00 0
127077 0.00 0.00 0.00 0
127078 0.00 0.00 0.00 0
127079 0.00 0.00 0.00 0
127080 0.00 0.00 0.00 0
127081 0.00 0.00 0.00 0
127082 0.00 0.00 0.00 0
127083 0.00 0.00 0.00 0
127084 0.00 0.00 0.00 0
127085 0.00 0.00 0.00 0
127086 0.00 0.00 0.00 0
127087 0.00 0.00 0.00 0
127088 0.00 0.00 0.00 0
127089 0.00 0.00 0.00 0
127090 0.00 0.00 0.00 0
127091 0.00 0.00 0.00 0
127092 0.00 0.00 0.00 0
127093 0.00 0.00 0.00 0
127094 0.00 0.00 0.00 0
127095 0.00 0.00 0.00 0
127096 0.00 0.00 0.00 0
127097 0.00 0.00 0.00 0
130406 0.00 0.00 0.00 0
130408 0.00 0.00 0.00 0
130409 0.00 0.00 0.00 0
130410 0.00 0.00 0.00 0
130411 0.00 0.00 0.00 0
130412 0.00 0.00 0.00 0
130413 0.00 0.00 0.00 0
130414 0.00 0.00 0.00 0
130415 0.00 0.00 0.00 0
130416 0.00 0.00 0.00 0
130417 0.00 0.00 0.00 0
130418 0.00 0.00 0.00 0
130419 0.00 0.00 0.00 0
130420 0.00 0.00 0.00 0
130421 0.00 0.00 0.00 0
130422 0.00 0.00 0.00 0
130423 0.00 0.00 0.00 0
130424 0.00 0.00 0.00 0
130425 0.00 0.00 0.00 0
130426 0.00 0.00 0.00 0
130427 0.00 0.00 0.00 0
130428 0.00 0.00 0.00 0
130429 0.00 0.00 0.00 0
130430 0.00 0.00 0.00 0
130431 0.00 0.00 0.00 0
130432 0.00 0.00 0.00 0
130433 0.00 0.00 0.00 0
130434 0.00 0.00 0.00 0
130435 0.00 0.00 0.00 0
130436 0.00 0.00 0.00 0
130437 0.00 0.00 0.00 0
130438 0.00 0.00 0.00 0
130439 0.00 0.00 0.00 0
130440 0.00 0.00 0.00 0
130441 0.00 0.00 0.00 0
130442 0.00 0.00 0.00 0
130443 0.00 0.00 0.00 0
130444 0.00 0.00 0.00 0
130445 0.00 0.00 0.00 0
130446 0.00 0.00 0.00 0
130447 0.00 0.00 0.00 0
130448 0.00 0.00 0.00 0
130449 0.00 0.00 0.00 0
130450 0.00 0.00 0.00 0
130451 0.00 0.00 0.00 0
130452 0.00 0.00 0.00 0
130453 0.00 0.00 0.00 0
130454 0.00 0.00 0.00 0
130455 0.00 0.00 0.00 0
130456 0.00 0.00 0.00 0
130457 0.00 0.00 0.00 0
130458 0.00 0.00 0.00 0
130459 0.00 0.00 0.00 0
130460 0.00 0.00 0.00 0
136172 0.00 0.00 0.00 0
136228 0.00 0.00 0.00 0
136229 0.00 0.00 0.00 0
136230 0.00 0.00 0.00 0
136232 0.00 0.00 0.00 0
136233 0.00 0.00 0.00 0
136234 0.00 0.00 0.00 0
136235 0.00 0.00 0.00 0
136236 0.00 0.00 0.00 0
136237 0.00 0.00 0.00 0
136238 0.00 0.00 0.00 0
136239 0.00 0.00 0.00 0
136240 0.00 0.00 0.00 0
136241 0.00 0.00 0.00 0
136242 0.00 0.00 0.00 0
136243 0.00 0.00 0.00 0
136244 0.00 0.00 0.00 0
136245 0.00 0.00 0.00 0
136246 0.00 0.00 0.00 0
136247 0.00 0.00 0.00 0
136248 0.00 0.00 0.00 0
136249 0.00 0.00 0.00 0
136250 0.00 0.00 0.00 0
136251 0.00 0.00 0.00 0
136252 0.00 0.00 0.00 0
136253 0.00 0.00 0.00 0
136254 0.00 0.00 0.00 0
136255 0.00 0.00 0.00 0
136256 0.00 0.00 0.00 0
136257 0.00 0.00 0.00 0
136258 0.00 0.00 0.00 0
136259 0.00 0.00 0.00 0
136260 0.00 0.00 0.00 0
136261 0.00 0.00 0.00 0
136262 0.00 0.00 0.00 0
136263 0.00 0.00 0.00 0
136264 0.00 0.00 0.00 0
136265 0.00 0.00 0.00 0
136266 0.00 0.00 0.00 0
136267 0.00 0.00 0.00 0
136268 0.00 0.00 0.00 0
136269 0.00 0.00 0.00 0
136270 0.00 0.00 0.00 0
136313 0.00 0.00 0.00 0
136314 0.00 0.00 0.00 0
136315 0.00 0.00 0.00 0
136316 0.00 0.00 0.00 0
136318 0.00 0.00 0.00 0
136319 0.00 0.00 0.00 0
136320 0.00 0.00 0.00 0
136321 0.00 0.00 0.00 0
136322 0.00 0.00 0.00 0
136323 0.00 0.00 0.00 0
136324 0.00 0.00 0.00 0
136325 0.00 0.00 0.00 0
136326 0.00 0.00 0.00 0
136327 0.00 0.00 0.00 0
136328 0.00 0.00 0.00 0
136329 0.00 0.00 0.00 0
136330 0.00 0.00 0.00 0
136331 0.00 0.00 0.00 0
136332 0.00 0.00 0.00 0
136333 0.00 0.00 0.00 0
136334 0.00 0.00 0.00 0
136335 0.00 0.00 0.00 0
136336 0.00 0.00 0.00 0
136337 0.00 0.00 0.00 0
136338 0.00 0.00 0.00 0
136339 0.00 0.00 0.00 0
136340 0.00 0.00 0.00 0
136341 0.00 0.00 0.00 0
136342 0.00 0.00 0.00 0
136343 0.00 0.00 0.00 0
136344 0.00 0.00 0.00 0
136345 0.00 0.00 0.00 0
136346 0.00 0.00 0.00 0
136347 0.00 0.00 0.00 0
136348 0.00 0.00 0.00 0
136349 0.00 0.00 0.00 0
136350 0.00 0.00 0.00 0
136351 0.00 0.00 0.00 0
136352 0.00 0.00 0.00 0
136353 0.00 0.00 0.00 0
136354 0.00 0.00 0.00 0
136355 0.00 0.00 0.00 0
136356 0.00 0.00 0.00 0
136357 0.00 0.00 0.00 0
136358 0.00 0.00 0.00 0
136359 0.00 0.00 0.00 0
136360 0.00 0.00 0.00 0
136361 0.00 0.00 0.00 0
136362 0.00 0.00 0.00 0
136363 0.00 0.00 0.00 0
136364 0.00 0.00 0.00 0
136365 0.00 0.00 0.00 0
142875 0.00 0.00 0.00 0
142876 0.00 0.00 0.00 0
142877 0.00 0.00 0.00 0
142878 0.00 0.00 0.00 0
142879 0.00 0.00 0.00 0
142880 0.00 0.00 0.00 0
142881 0.00 0.00 0.00 0
142882 0.00 0.00 0.00 0
142883 0.00 0.00 0.00 0
142884 0.00 0.00 0.00 0
142887 0.00 0.00 0.00 0
142888 0.00 0.00 0.00 0
142889 0.00 0.00 0.00 0
142890 0.00 0.00 0.00 0
142891 0.00 0.00 0.00 0
142892 0.00 0.00 0.00 0
142893 0.00 0.00 0.00 0
142894 0.00 0.00 0.00 0
142895 0.00 0.00 0.00 0
142896 0.00 0.00 0.00 0
142897 0.00 0.00 0.00 0
142898 0.00 0.00 0.00 0
142899 0.00 0.00 0.00 0
142900 0.00 0.00 0.00 0
142901 0.00 0.00 0.00 0
142902 0.00 0.00 0.00 0
142904 0.00 0.00 0.00 0
142905 0.00 0.00 0.00 0
142906 0.00 0.00 0.00 0
142907 0.00 0.00 0.00 0
142908 0.00 0.00 0.00 0
142909 0.00 0.00 0.00 0
142910 0.00 0.00 0.00 0
142911 0.00 0.00 0.00 0
142912 0.00 0.00 0.00 0
142913 0.00 0.00 0.00 0
142914 0.00 0.00 0.00 0
142915 0.00 0.00 0.00 0
142916 0.00 0.00 0.00 0
142917 0.00 0.00 0.00 0
142918 0.00 0.00 0.00 0
142919 0.00 0.00 0.00 0
142920 0.00 0.00 0.00 0
142921 0.00 0.00 0.00 0
142922 0.00 0.00 0.00 0
142923 0.00 0.00 0.00 0
142924 0.00 0.00 0.00 0
142925 0.00 0.00 0.00 0
142926 0.00 0.00 0.00 0
142927 0.00 0.00 0.00 0
142928 0.00 0.00 0.00 0
142929 0.00 0.00 0.00 0
142930 0.00 0.00 0.00 0
142931 0.00 0.00 0.00 0
142932 0.00 0.00 0.00 0
142933 0.00 0.00 0.00 0
142934 0.00 0.00 0.00 0
142935 0.00 0.00 0.00 0
142936 0.00 0.00 0.00 0
142937 0.00 0.00 0.00 0
142938 0.00 0.00 0.00 0
142939 0.00 0.00 0.00 0
142940 0.00 0.00 0.00 0
142941 0.00 0.00 0.00 0
142942 0.00 0.00 0.00 0
142943 0.00 0.00 0.00 0
142944 0.00 0.00 0.00 0
142945 0.00 0.00 0.00 0
142946 0.00 0.00 0.00 0
142947 0.00 0.00 0.00 0
142948 0.00 0.00 0.00 0
142949 0.00 0.00 0.00 0
142950 0.00 0.00 0.00 0
142951 0.00 0.00 0.00 0
142952 0.00 0.00 0.00 0
142953 0.00 0.00 0.00 0
142954 0.00 0.00 0.00 0
142955 0.00 0.00 0.00 0
142956 0.00 0.00 0.00 0
142957 0.00 0.00 0.00 0
142958 0.00 0.00 0.00 0
142959 0.00 0.00 0.00 0
142960 0.00 0.00 0.00 0
142961 0.00 0.00 0.00 0
142962 0.00 0.00 0.00 0
142963 0.00 0.00 0.00 0
142964 0.00 0.00 0.00 0
142965 0.00 0.00 0.00 0
142966 0.00 0.00 0.00 0
142967 0.00 0.00 0.00 0
142968 0.00 0.00 0.00 0
142969 0.00 0.00 0.00 0
142970 0.00 0.00 0.00 0
142971 0.00 0.00 0.00 0
142972 0.00 0.00 0.00 0
142973 0.00 0.00 0.00 0
142974 0.00 0.00 0.00 0
142975 0.00 0.00 0.00 0
142976 0.00 0.00 0.00 0
142977 0.00 0.00 0.00 0
142978 0.00 0.00 0.00 0
142979 0.00 0.00 0.00 0
142980 0.00 0.00 0.00 0
142981 0.00 0.00 0.00 0
142982 0.00 0.00 0.00 0
142983 0.00 0.00 0.00 0
142984 0.00 0.00 0.00 0
142985 0.00 0.00 0.00 0
142986 0.00 0.00 0.00 0
142987 0.00 0.00 0.00 0
142988 0.00 0.00 0.00 0
142989 0.00 0.00 0.00 0
142990 0.00 0.00 0.00 0
142991 0.00 0.00 0.00 0
142992 0.00 0.00 0.00 0
142993 0.00 0.00 0.00 0
142994 0.00 0.00 0.00 0
142995 0.00 0.00 0.00 0
142996 0.00 0.00 0.00 0
142997 0.00 0.00 0.00 0
142998 0.00 0.00 0.00 0
142999 0.00 0.00 0.00 0
143000 0.00 0.00 0.00 0
143001 0.00 0.00 0.00 0
143002 0.00 0.00 0.00 0
143003 0.00 0.00 0.00 0
143004 0.00 0.00 0.00 0
143005 0.00 0.00 0.00 0
143006 0.00 0.00 0.00 0
143007 0.00 0.00 0.00 0
143008 0.00 0.00 0.00 0
143009 0.00 0.00 0.00 0
143010 0.00 0.00 0.00 0
143011 0.00 0.00 0.00 0
143012 0.00 0.00 0.00 0
143013 0.00 0.00 0.00 0
143014 0.00 0.00 0.00 0
143015 0.00 0.00 0.00 0
143016 0.00 0.00 0.00 0
143017 0.00 0.00 0.00 0
143018 0.00 0.00 0.00 0
143019 0.00 0.00 0.00 0
143020 0.00 0.00 0.00 0
143021 0.00 0.00 0.00 0
143022 0.00 0.00 0.00 0
143023 0.00 0.00 0.00 0
143024 0.00 0.00 0.00 0
143025 0.00 0.00 0.00 0
143026 0.00 0.00 0.00 0
143027 0.00 0.00 0.00 0
147947 0.00 0.00 0.00 0
147948 0.00 0.00 0.00 0
147949 0.00 0.00 0.00 0
147950 0.00 0.00 0.00 0
147951 0.00 0.00 0.00 0
147952 0.00 0.00 0.00 0
147953 0.00 0.00 0.00 0
147954 0.00 0.00 0.00 0
147957 0.00 0.00 0.00 0
147958 0.00 0.00 0.00 0
147959 0.00 0.00 0.00 0
147960 0.00 0.00 0.00 0
147961 0.00 0.00 0.00 0
147962 0.00 0.00 0.00 0
147963 0.00 0.00 0.00 0
147964 0.00 0.00 0.00 0
147965 0.00 0.00 0.00 0
147966 0.00 0.00 0.00 0
147967 0.00 0.00 0.00 0
147968 0.00 0.00 0.00 0
147969 0.00 0.00 0.00 0
147970 0.00 0.00 0.00 0
147971 0.00 0.00 0.00 0
147972 0.00 0.00 0.00 0
147992 0.00 0.00 0.00 0
147993 0.00 0.00 0.00 0
147994 0.00 0.00 0.00 0
147995 0.00 0.00 0.00 0
147996 0.00 0.00 0.00 0
147997 0.00 0.00 0.00 0
147998 0.00 0.00 0.00 0
147999 0.00 0.00 0.00 0
148000 0.00 0.00 0.00 0
148001 0.00 0.00 0.00 0
148002 0.00 0.00 0.00 0
148003 0.00 0.00 0.00 0
148004 0.00 0.00 0.00 0
148005 0.00 0.00 0.00 0
148006 0.00 0.00 0.00 0
148007 0.00 0.00 0.00 0
148008 0.00 0.00 0.00 0
148010 0.00 0.00 0.00 0
148011 0.00 0.00 0.00 0
148012 0.00 0.00 0.00 0
148013 0.00 0.00 0.00 0
148014 0.00 0.00 0.00 0
148015 0.00 0.00 0.00 0
148016 0.00 0.00 0.00 0
148017 0.00 0.00 0.00 0
148018 0.00 0.00 0.00 0
148019 0.00 0.00 0.00 0
153119 0.00 0.00 0.00 0
153120 0.00 0.00 0.00 0
153121 0.00 0.00 0.00 0
153122 0.00 0.00 0.00 0
153125 0.00 0.00 0.00 0
153126 0.00 0.00 0.00 0
153127 0.00 0.00 0.00 0
153128 0.00 0.00 0.00 0
153137 0.00 0.00 0.00 0
153138 0.00 0.00 0.00 0
153139 0.00 0.00 0.00 0
153140 0.00 0.00 0.00 0
159336 0.00 0.00 0.00 0
159337 0.00 0.00 0.00 0
159505 0.00 0.00 0.00 0
159550 0.00 0.00 0.00 0
159551 0.00 0.00 0.00 0
159552 0.00 0.00 0.00 0
159553 0.00 0.00 0.00 0
159554 0.00 0.00 0.00 0
159555 0.00 0.00 0.00 0
159556 0.00 0.00 0.00 0
159557 0.00 0.00 0.00 0
159558 0.00 0.00 0.00 0
159559 0.00 0.00 0.00 0
159560 0.00 0.00 0.00 0
159561 0.00 0.00 0.00 0
159562 0.00 0.00 0.00 0
159563 0.00 0.00 0.00 0
159564 0.00 0.00 0.00 0
159565 0.00 0.00 0.00 0
159566 0.00 0.00 0.00 0
159567 0.00 0.00 0.00 0
159568 0.00 0.00 0.00 0
159569 0.00 0.00 0.00 0
159570 0.00 0.00 0.00 0
159571 0.00 0.00 0.00 0
159572 0.00 0.00 0.00 0
159573 0.00 0.00 0.00 0
159574 0.00 0.00 0.00 0
159575 0.00 0.00 0.00 0
159576 0.00 0.00 0.00 0
159577 0.00 0.00 0.00 0
159578 0.00 0.00 0.00 0
159579 0.00 0.00 0.00 0
159580 0.00 0.00 0.00 0
159581 0.00 0.00 0.00 0
159582 0.00 0.00 0.00 0
159583 0.00 0.00 0.00 0
159584 0.00 0.00 0.00 0
159585 0.00 0.00 0.00 0
159586 0.00 0.00 0.00 0
159587 0.00 0.00 0.00 0
159588 0.00 0.00 0.00 0
159589 0.00 0.00 0.00 0
159590 0.00 0.00 0.00 0
159591 0.00 0.00 0.00 0
159592 0.00 0.00 0.00 0
159593 0.00 0.00 0.00 0
159594 0.00 0.00 0.00 0
159595 0.00 0.00 0.00 0
159596 0.00 0.00 0.00 0
159597 0.00 0.00 0.00 0
159598 0.00 0.00 0.00 0
159599 0.00 0.00 0.00 0
159600 0.00 0.00 0.00 0
159601 0.00 0.00 0.00 0
159602 0.00 0.00 0.00 0
159603 0.00 0.00 0.00 0
159604 0.00 0.00 0.00 0
159613 0.00 0.00 0.00 0
159615 0.00 0.00 0.00 0
159714 0.00 0.00 0.00 0
159715 0.00 0.00 0.00 0
159716 0.00 0.00 0.00 0
159717 0.00 0.00 0.00 0
159718 0.00 0.00 0.00 0
159719 0.00 0.00 0.00 0
159720 0.00 0.00 0.00 0
159721 0.00 0.00 0.00 0
159722 0.00 0.00 0.00 0
159723 0.00 0.00 0.00 0
159724 0.00 0.00 0.00 0
159725 0.00 0.00 0.00 0
159726 0.00 0.00 0.00 0
159727 0.00 0.00 0.00 0
159728 0.00 0.00 0.00 0
159729 0.00 0.00 0.00 0
159730 0.00 0.00 0.00 0
159731 0.00 0.00 0.00 0
159732 0.00 0.00 0.00 0
159733 0.00 0.00 0.00 0
159734 0.00 0.00 0.00 0
159735 0.00 0.00 0.00 0
159736 0.00 0.00 0.00 0
159737 0.00 0.00 0.00 0
159738 0.00 0.00 0.00 0
159742 0.00 0.00 0.00 0
159743 0.00 0.00 0.00 0
159744 0.00 0.00 0.00 0
159745 0.00 0.00 0.00 0
159746 0.00 0.00 0.00 0
159747 0.00 0.00 0.00 0
159748 0.00 0.00 0.00 0
159749 0.00 0.00 0.00 0
159750 0.00 0.00 0.00 0
159751 0.00 0.00 0.00 0
159752 0.00 0.00 0.00 0
159753 0.00 0.00 0.00 0
159754 0.00 0.00 0.00 0
159755 0.00 0.00 0.00 0
159756 0.00 0.00 0.00 0
159757 0.00 0.00 0.00 0
159758 0.00 0.00 0.00 0
159759 0.00 0.00 0.00 0
159760 0.00 0.00 0.00 0
159761 0.00 0.00 0.00 0
159762 0.00 0.00 0.00 0
159763 0.00 0.00 0.00 0
159764 0.00 0.00 0.00 0
159765 0.00 0.00 0.00 0
159766 0.00 0.00 0.00 0
159767 0.00 0.00 0.00 0
159768 0.00 0.00 0.00 0
159769 0.00 0.00 0.00 0
159770 0.00 0.00 0.00 0
159771 0.00 0.00 0.00 0
159772 0.00 0.00 0.00 0
159773 0.00 0.00 0.00 0
159774 0.00 0.00 0.00 0
159775 0.00 0.00 0.00 0
159776 0.00 0.00 0.00 0
159777 0.00 0.00 0.00 0
159778 0.00 0.00 0.00 0
159779 0.00 0.00 0.00 0
159780 0.00 0.00 0.00 0
159781 0.00 0.00 0.00 0
159782 0.00 0.00 0.00 0
159783 0.00 0.00 0.00 0
159784 0.00 0.00 0.00 0
159785 0.00 0.00 0.00 0
159786 0.00 0.00 0.00 0
159787 0.00 0.00 0.00 0
159788 0.00 0.00 0.00 0
159789 0.00 0.00 0.00 0
159790 0.00 0.00 0.00 0
159791 0.00 0.00 0.00 0
159792 0.00 0.00 0.00 0
159793 0.00 0.00 0.00 0
159794 0.00 0.00 0.00 0
159795 0.00 0.00 0.00 0
159796 0.00 0.00 0.00 0
159797 0.00 0.00 0.00 0
159798 0.00 0.00 0.00 0
159799 0.00 0.00 0.00 0
159800 0.00 0.00 0.00 0
159801 0.00 0.00 0.00 0
159802 0.00 0.00 0.00 0
159803 0.00 0.00 0.00 0
159804 0.00 0.00 0.00 0
159805 0.00 0.00 0.00 0
159806 0.00 0.00 0.00 0
159807 0.00 0.00 0.00 0
159808 0.00 0.00 0.00 0
159809 0.00 0.00 0.00 0
159810 0.00 0.00 0.00 0
159811 0.00 0.00 0.00 0
159812 0.00 0.00 0.00 0
159813 0.00 0.00 0.00 0
159814 0.00 0.00 0.00 0
159815 0.00 0.00 0.00 0
159816 0.00 0.00 0.00 0
159817 0.00 0.00 0.00 0
159818 0.00 0.00 0.00 0
159819 0.00 0.00 0.00 0
159820 0.00 0.00 0.00 0
159821 0.00 0.00 0.00 0
159822 0.00 0.00 0.00 0
159823 0.00 0.00 0.00 0
159824 0.00 0.00 0.00 0
159825 0.00 0.00 0.00 0
159826 0.00 0.00 0.00 0
159827 0.00 0.00 0.00 0
159828 0.00 0.00 0.00 0
159829 0.00 0.00 0.00 0
159830 0.00 0.00 0.00 0
159831 0.00 0.00 0.00 0
159832 0.00 0.00 0.00 0
159833 0.00 0.00 0.00 0
159834 0.00 0.00 0.00 0
159835 0.00 0.00 0.00 0
159836 0.00 0.00 0.00 0
159837 0.00 0.00 0.00 0
159838 0.00 0.00 0.00 0
159839 0.00 0.00 0.00 0
159840 0.00 0.00 0.00 0
159841 0.00 0.00 0.00 0
159842 0.00 0.00 0.00 0
159843 0.00 0.00 0.00 0
159844 0.00 0.00 0.00 0
159845 0.00 0.00 0.00 0
159846 0.00 0.00 0.00 0
159847 0.00 0.00 0.00 0
159848 0.00 0.00 0.00 0
159849 0.00 0.00 0.00 0
159850 0.00 0.00 0.00 0
159851 0.00 0.00 0.00 0
159852 0.00 0.00 0.00 0
159853 0.00 0.00 0.00 0
159854 0.00 0.00 0.00 0
159855 0.00 0.00 0.00 0
159856 0.00 0.00 0.00 0
159857 0.00 0.00 0.00 0
159858 0.00 0.00 0.00 0
159859 0.00 0.00 0.00 0
159860 0.00 0.00 0.00 0
159861 0.00 0.00 0.00 0
159862 0.00 0.00 0.00 0
159863 0.00 0.00 0.00 0
159864 0.00 0.00 0.00 0
159865 0.00 0.00 0.00 0
159866 0.00 0.00 0.00 0
159867 0.00 0.00 0.00 0
159868 0.00 0.00 0.00 0
159869 0.00 0.00 0.00 0
159870 0.00 0.00 0.00 0
159871 0.00 0.00 0.00 0
159872 0.00 0.00 0.00 0
159873 0.00 0.00 0.00 0
159874 0.00 0.00 0.00 0
