# Pole_temporal
1674
37 0.00 0.00 0.00 0
152 0.00 0.00 0.00 0
333 0.00 0.00 0.00 0
334 0.00 0.00 0.00 0
335 0.00 0.00 0.00 0
336 0.00 0.00 0.00 0
337 0.00 0.00 0.00 0
813 0.00 0.00 0.00 0
814 0.00 0.00 0.00 0
815 0.00 0.00 0.00 0
816 0.00 0.00 0.00 0
817 0.00 0.00 0.00 0
1361 0.00 0.00 0.00 0
1362 0.00 0.00 0.00 0
1363 0.00 0.00 0.00 0
1367 0.00 0.00 0.00 0
1368 0.00 0.00 0.00 0
1753 0.00 0.00 0.00 0
1754 0.00 0.00 0.00 0
1755 0.00 0.00 0.00 0
1756 0.00 0.00 0.00 0
1757 0.00 0.00 0.00 0
1758 0.00 0.00 0.00 0
1759 0.00 0.00 0.00 0
2733 0.00 0.00 0.00 0
2734 0.00 0.00 0.00 0
2735 0.00 0.00 0.00 0
2736 0.00 0.00 0.00 0
2737 0.00 0.00 0.00 0
3281 0.00 0.00 0.00 0
3282 0.00 0.00 0.00 0
3283 0.00 0.00 0.00 0
3284 0.00 0.00 0.00 0
3285 0.00 0.00 0.00 0
3287 0.00 0.00 0.00 0
3288 0.00 0.00 0.00 0
3289 0.00 0.00 0.00 0
3290 0.00 0.00 0.00 0
3879 0.00 0.00 0.00 0
3880 0.00 0.00 0.00 0
3881 0.00 0.00 0.00 0
3882 0.00 0.00 0.00 0
3883 0.00 0.00 0.00 0
3884 0.00 0.00 0.00 0
3885 0.00 0.00 0.00 0
3886 0.00 0.00 0.00 0
3887 0.00 0.00 0.00 0
3888 0.00 0.00 0.00 0
3889 0.00 0.00 0.00 0
3890 0.00 0.00 0.00 0
3891 0.00 0.00 0.00 0
3892 0.00 0.00 0.00 0
5521 0.00 0.00 0.00 0
5523 0.00 0.00 0.00 0
5524 0.00 0.00 0.00 0
5525 0.00 0.00 0.00 0
5543 0.00 0.00 0.00 0
5544 0.00 0.00 0.00 0
5545 0.00 0.00 0.00 0
5546 0.00 0.00 0.00 0
6071 0.00 0.00 0.00 0
6072 0.00 0.00 0.00 0
6073 0.00 0.00 0.00 0
6074 0.00 0.00 0.00 0
6075 0.00 0.00 0.00 0
6076 0.00 0.00 0.00 0
6077 0.00 0.00 0.00 0
6078 0.00 0.00 0.00 0
6079 0.00 0.00 0.00 0
7057 0.00 0.00 0.00 0
7058 0.00 0.00 0.00 0
7059 0.00 0.00 0.00 0
7060 0.00 0.00 0.00 0
7061 0.00 0.00 0.00 0
7063 0.00 0.00 0.00 0
7070 0.00 0.00 0.00 0
7071 0.00 0.00 0.00 0
7072 0.00 0.00 0.00 0
7928 0.00 0.00 0.00 0
7929 0.00 0.00 0.00 0
7930 0.00 0.00 0.00 0
7931 0.00 0.00 0.00 0
7932 0.00 0.00 0.00 0
7933 0.00 0.00 0.00 0
7934 0.00 0.00 0.00 0
7935 0.00 0.00 0.00 0
7936 0.00 0.00 0.00 0
7937 0.00 0.00 0.00 0
7938 0.00 0.00 0.00 0
7939 0.00 0.00 0.00 0
7940 0.00 0.00 0.00 0
7941 0.00 0.00 0.00 0
7942 0.00 0.00 0.00 0
7943 0.00 0.00 0.00 0
7944 0.00 0.00 0.00 0
7945 0.00 0.00 0.00 0
8524 0.00 0.00 0.00 0
9863 0.00 0.00 0.00 0
9890 0.00 0.00 0.00 0
9891 0.00 0.00 0.00 0
9892 0.00 0.00 0.00 0
9893 0.00 0.00 0.00 0
9958 0.00 0.00 0.00 0
10413 0.00 0.00 0.00 0
10414 0.00 0.00 0.00 0
10415 0.00 0.00 0.00 0
10416 0.00 0.00 0.00 0
10417 0.00 0.00 0.00 0
10961 0.00 0.00 0.00 0
10962 0.00 0.00 0.00 0
10963 0.00 0.00 0.00 0
10964 0.00 0.00 0.00 0
10965 0.00 0.00 0.00 0
10966 0.00 0.00 0.00 0
10967 0.00 0.00 0.00 0
10968 0.00 0.00 0.00 0
10969 0.00 0.00 0.00 0
10970 0.00 0.00 0.00 0
11559 0.00 0.00 0.00 0
11560 0.00 0.00 0.00 0
11561 0.00 0.00 0.00 0
11562 0.00 0.00 0.00 0
11563 0.00 0.00 0.00 0
11564 0.00 0.00 0.00 0
11565 0.00 0.00 0.00 0
11566 0.00 0.00 0.00 0
11567 0.00 0.00 0.00 0
11568 0.00 0.00 0.00 0
11569 0.00 0.00 0.00 0
11570 0.00 0.00 0.00 0
11571 0.00 0.00 0.00 0
11572 0.00 0.00 0.00 0
13201 0.00 0.00 0.00 0
13202 0.00 0.00 0.00 0
13203 0.00 0.00 0.00 0
13204 0.00 0.00 0.00 0
13205 0.00 0.00 0.00 0
13223 0.00 0.00 0.00 0
13224 0.00 0.00 0.00 0
13225 0.00 0.00 0.00 0
13958 0.00 0.00 0.00 0
13959 0.00 0.00 0.00 0
13960 0.00 0.00 0.00 0
13961 0.00 0.00 0.00 0
13962 0.00 0.00 0.00 0
13963 0.00 0.00 0.00 0
13964 0.00 0.00 0.00 0
13965 0.00 0.00 0.00 0
13966 0.00 0.00 0.00 0
13967 0.00 0.00 0.00 0
13968 0.00 0.00 0.00 0
13969 0.00 0.00 0.00 0
13970 0.00 0.00 0.00 0
13971 0.00 0.00 0.00 0
13972 0.00 0.00 0.00 0
15601 0.00 0.00 0.00 0
15602 0.00 0.00 0.00 0
15603 0.00 0.00 0.00 0
15604 0.00 0.00 0.00 0
15605 0.00 0.00 0.00 0
15606 0.00 0.00 0.00 0
15607 0.00 0.00 0.00 0
15608 0.00 0.00 0.00 0
15609 0.00 0.00 0.00 0
15610 0.00 0.00 0.00 0
15611 0.00 0.00 0.00 0
15612 0.00 0.00 0.00 0
15623 0.00 0.00 0.00 0
15624 0.00 0.00 0.00 0
15625 0.00 0.00 0.00 0
15627 0.00 0.00 0.00 0
17395 0.00 0.00 0.00 0
17396 0.00 0.00 0.00 0
17397 0.00 0.00 0.00 0
17398 0.00 0.00 0.00 0
17399 0.00 0.00 0.00 0
17400 0.00 0.00 0.00 0
17401 0.00 0.00 0.00 0
17402 0.00 0.00 0.00 0
17403 0.00 0.00 0.00 0
17404 0.00 0.00 0.00 0
17405 0.00 0.00 0.00 0
17406 0.00 0.00 0.00 0
17407 0.00 0.00 0.00 0
17408 0.00 0.00 0.00 0
17409 0.00 0.00 0.00 0
17410 0.00 0.00 0.00 0
17411 0.00 0.00 0.00 0
17412 0.00 0.00 0.00 0
17413 0.00 0.00 0.00 0
17414 0.00 0.00 0.00 0
17415 0.00 0.00 0.00 0
17416 0.00 0.00 0.00 0
17417 0.00 0.00 0.00 0
17418 0.00 0.00 0.00 0
17419 0.00 0.00 0.00 0
17420 0.00 0.00 0.00 0
17421 0.00 0.00 0.00 0
17422 0.00 0.00 0.00 0
17423 0.00 0.00 0.00 0
17424 0.00 0.00 0.00 0
17425 0.00 0.00 0.00 0
17426 0.00 0.00 0.00 0
17427 0.00 0.00 0.00 0
17428 0.00 0.00 0.00 0
17429 0.00 0.00 0.00 0
17430 0.00 0.00 0.00 0
17431 0.00 0.00 0.00 0
17432 0.00 0.00 0.00 0
17433 0.00 0.00 0.00 0
17434 0.00 0.00 0.00 0
17435 0.00 0.00 0.00 0
17436 0.00 0.00 0.00 0
17437 0.00 0.00 0.00 0
18766 0.00 0.00 0.00 0
18786 0.00 0.00 0.00 0
22161 0.00 0.00 0.00 0
22162 0.00 0.00 0.00 0
22163 0.00 0.00 0.00 0
22164 0.00 0.00 0.00 0
22166 0.00 0.00 0.00 0
22167 0.00 0.00 0.00 0
22168 0.00 0.00 0.00 0
22329 0.00 0.00 0.00 0
22330 0.00 0.00 0.00 0
22331 0.00 0.00 0.00 0
22388 0.00 0.00 0.00 0
22389 0.00 0.00 0.00 0
22390 0.00 0.00 0.00 0
22391 0.00 0.00 0.00 0
22396 0.00 0.00 0.00 0
23351 0.00 0.00 0.00 0
23352 0.00 0.00 0.00 0
23353 0.00 0.00 0.00 0
23354 0.00 0.00 0.00 0
23355 0.00 0.00 0.00 0
23356 0.00 0.00 0.00 0
23357 0.00 0.00 0.00 0
23358 0.00 0.00 0.00 0
23359 0.00 0.00 0.00 0
24337 0.00 0.00 0.00 0
24338 0.00 0.00 0.00 0
24339 0.00 0.00 0.00 0
24340 0.00 0.00 0.00 0
24341 0.00 0.00 0.00 0
24342 0.00 0.00 0.00 0
24343 0.00 0.00 0.00 0
24344 0.00 0.00 0.00 0
24345 0.00 0.00 0.00 0
24347 0.00 0.00 0.00 0
24348 0.00 0.00 0.00 0
24350 0.00 0.00 0.00 0
24351 0.00 0.00 0.00 0
24352 0.00 0.00 0.00 0
24353 0.00 0.00 0.00 0
24354 0.00 0.00 0.00 0
24356 0.00 0.00 0.00 0
25413 0.00 0.00 0.00 0
25414 0.00 0.00 0.00 0
25415 0.00 0.00 0.00 0
25416 0.00 0.00 0.00 0
25417 0.00 0.00 0.00 0
25418 0.00 0.00 0.00 0
25419 0.00 0.00 0.00 0
25420 0.00 0.00 0.00 0
25421 0.00 0.00 0.00 0
25422 0.00 0.00 0.00 0
25423 0.00 0.00 0.00 0
25424 0.00 0.00 0.00 0
25425 0.00 0.00 0.00 0
25426 0.00 0.00 0.00 0
25427 0.00 0.00 0.00 0
25428 0.00 0.00 0.00 0
25429 0.00 0.00 0.00 0
25430 0.00 0.00 0.00 0
25431 0.00 0.00 0.00 0
25432 0.00 0.00 0.00 0
25433 0.00 0.00 0.00 0
25434 0.00 0.00 0.00 0
25435 0.00 0.00 0.00 0
25436 0.00 0.00 0.00 0
25437 0.00 0.00 0.00 0
25438 0.00 0.00 0.00 0
28369 0.00 0.00 0.00 0
28371 0.00 0.00 0.00 0
28372 0.00 0.00 0.00 0
28373 0.00 0.00 0.00 0
28374 0.00 0.00 0.00 0
28375 0.00 0.00 0.00 0
28376 0.00 0.00 0.00 0
28409 0.00 0.00 0.00 0
28410 0.00 0.00 0.00 0
28411 0.00 0.00 0.00 0
28412 0.00 0.00 0.00 0
28413 0.00 0.00 0.00 0
29525 0.00 0.00 0.00 0
29526 0.00 0.00 0.00 0
29527 0.00 0.00 0.00 0
29528 0.00 0.00 0.00 0
29529 0.00 0.00 0.00 0
29530 0.00 0.00 0.00 0
29531 0.00 0.00 0.00 0
29532 0.00 0.00 0.00 0
29533 0.00 0.00 0.00 0
29534 0.00 0.00 0.00 0
29535 0.00 0.00 0.00 0
29536 0.00 0.00 0.00 0
29537 0.00 0.00 0.00 0
29538 0.00 0.00 0.00 0
29539 0.00 0.00 0.00 0
29540 0.00 0.00 0.00 0
29541 0.00 0.00 0.00 0
29542 0.00 0.00 0.00 0
29543 0.00 0.00 0.00 0
29544 0.00 0.00 0.00 0
29545 0.00 0.00 0.00 0
31825 0.00 0.00 0.00 0
31826 0.00 0.00 0.00 0
31827 0.00 0.00 0.00 0
31828 0.00 0.00 0.00 0
31829 0.00 0.00 0.00 0
31830 0.00 0.00 0.00 0
31831 0.00 0.00 0.00 0
31832 0.00 0.00 0.00 0
31833 0.00 0.00 0.00 0
31834 0.00 0.00 0.00 0
31835 0.00 0.00 0.00 0
31837 0.00 0.00 0.00 0
31840 0.00 0.00 0.00 0
31856 0.00 0.00 0.00 0
31857 0.00 0.00 0.00 0
31858 0.00 0.00 0.00 0
31859 0.00 0.00 0.00 0
31860 0.00 0.00 0.00 0
31861 0.00 0.00 0.00 0
31862 0.00 0.00 0.00 0
34131 0.00 0.00 0.00 0
34132 0.00 0.00 0.00 0
34133 0.00 0.00 0.00 0
34135 0.00 0.00 0.00 0
34136 0.00 0.00 0.00 0
34137 0.00 0.00 0.00 0
34138 0.00 0.00 0.00 0
34139 0.00 0.00 0.00 0
34140 0.00 0.00 0.00 0
34141 0.00 0.00 0.00 0
34142 0.00 0.00 0.00 0
34143 0.00 0.00 0.00 0
34144 0.00 0.00 0.00 0
34145 0.00 0.00 0.00 0
34146 0.00 0.00 0.00 0
34147 0.00 0.00 0.00 0
34148 0.00 0.00 0.00 0
34149 0.00 0.00 0.00 0
34150 0.00 0.00 0.00 0
34151 0.00 0.00 0.00 0
34152 0.00 0.00 0.00 0
34153 0.00 0.00 0.00 0
34154 0.00 0.00 0.00 0
34155 0.00 0.00 0.00 0
34156 0.00 0.00 0.00 0
34157 0.00 0.00 0.00 0
34158 0.00 0.00 0.00 0
34159 0.00 0.00 0.00 0
34160 0.00 0.00 0.00 0
34161 0.00 0.00 0.00 0
34162 0.00 0.00 0.00 0
34163 0.00 0.00 0.00 0
34164 0.00 0.00 0.00 0
34165 0.00 0.00 0.00 0
34166 0.00 0.00 0.00 0
34167 0.00 0.00 0.00 0
34168 0.00 0.00 0.00 0
34169 0.00 0.00 0.00 0
34170 0.00 0.00 0.00 0
34171 0.00 0.00 0.00 0
34172 0.00 0.00 0.00 0
34173 0.00 0.00 0.00 0
34174 0.00 0.00 0.00 0
34175 0.00 0.00 0.00 0
34176 0.00 0.00 0.00 0
34177 0.00 0.00 0.00 0
34178 0.00 0.00 0.00 0
34179 0.00 0.00 0.00 0
34180 0.00 0.00 0.00 0
34181 0.00 0.00 0.00 0
34182 0.00 0.00 0.00 0
34183 0.00 0.00 0.00 0
35836 0.00 0.00 0.00 0
35839 0.00 0.00 0.00 0
35840 0.00 0.00 0.00 0
35841 0.00 0.00 0.00 0
35842 0.00 0.00 0.00 0
39826 0.00 0.00 0.00 0
39827 0.00 0.00 0.00 0
39907 0.00 0.00 0.00 0
39908 0.00 0.00 0.00 0
39909 0.00 0.00 0.00 0
39910 0.00 0.00 0.00 0
39911 0.00 0.00 0.00 0
39912 0.00 0.00 0.00 0
39913 0.00 0.00 0.00 0
39914 0.00 0.00 0.00 0
39915 0.00 0.00 0.00 0
39916 0.00 0.00 0.00 0
39917 0.00 0.00 0.00 0
39926 0.00 0.00 0.00 0
39927 0.00 0.00 0.00 0
39928 0.00 0.00 0.00 0
40108 0.00 0.00 0.00 0
40109 0.00 0.00 0.00 0
40110 0.00 0.00 0.00 0
40111 0.00 0.00 0.00 0
40112 0.00 0.00 0.00 0
40180 0.00 0.00 0.00 0
40181 0.00 0.00 0.00 0
40183 0.00 0.00 0.00 0
40190 0.00 0.00 0.00 0
41133 0.00 0.00 0.00 0
41134 0.00 0.00 0.00 0
41135 0.00 0.00 0.00 0
41136 0.00 0.00 0.00 0
41137 0.00 0.00 0.00 0
41681 0.00 0.00 0.00 0
41682 0.00 0.00 0.00 0
41683 0.00 0.00 0.00 0
41684 0.00 0.00 0.00 0
41685 0.00 0.00 0.00 0
41686 0.00 0.00 0.00 0
41687 0.00 0.00 0.00 0
41688 0.00 0.00 0.00 0
41689 0.00 0.00 0.00 0
41690 0.00 0.00 0.00 0
42279 0.00 0.00 0.00 0
42280 0.00 0.00 0.00 0
42281 0.00 0.00 0.00 0
42282 0.00 0.00 0.00 0
42283 0.00 0.00 0.00 0
42284 0.00 0.00 0.00 0
42285 0.00 0.00 0.00 0
42286 0.00 0.00 0.00 0
42287 0.00 0.00 0.00 0
42288 0.00 0.00 0.00 0
42289 0.00 0.00 0.00 0
42290 0.00 0.00 0.00 0
42291 0.00 0.00 0.00 0
42292 0.00 0.00 0.00 0
43921 0.00 0.00 0.00 0
43922 0.00 0.00 0.00 0
43923 0.00 0.00 0.00 0
43943 0.00 0.00 0.00 0
43944 0.00 0.00 0.00 0
43945 0.00 0.00 0.00 0
44678 0.00 0.00 0.00 0
44679 0.00 0.00 0.00 0
44680 0.00 0.00 0.00 0
44681 0.00 0.00 0.00 0
44682 0.00 0.00 0.00 0
44683 0.00 0.00 0.00 0
44684 0.00 0.00 0.00 0
44685 0.00 0.00 0.00 0
44686 0.00 0.00 0.00 0
44687 0.00 0.00 0.00 0
44688 0.00 0.00 0.00 0
44689 0.00 0.00 0.00 0
44690 0.00 0.00 0.00 0
44691 0.00 0.00 0.00 0
44692 0.00 0.00 0.00 0
46321 0.00 0.00 0.00 0
46322 0.00 0.00 0.00 0
46323 0.00 0.00 0.00 0
46324 0.00 0.00 0.00 0
46325 0.00 0.00 0.00 0
46326 0.00 0.00 0.00 0
46327 0.00 0.00 0.00 0
46328 0.00 0.00 0.00 0
46329 0.00 0.00 0.00 0
46330 0.00 0.00 0.00 0
46331 0.00 0.00 0.00 0
46332 0.00 0.00 0.00 0
46338 0.00 0.00 0.00 0
46339 0.00 0.00 0.00 0
46340 0.00 0.00 0.00 0
46342 0.00 0.00 0.00 0
46343 0.00 0.00 0.00 0
46344 0.00 0.00 0.00 0
46345 0.00 0.00 0.00 0
48116 0.00 0.00 0.00 0
48117 0.00 0.00 0.00 0
48118 0.00 0.00 0.00 0
48119 0.00 0.00 0.00 0
48120 0.00 0.00 0.00 0
48121 0.00 0.00 0.00 0
48122 0.00 0.00 0.00 0
48123 0.00 0.00 0.00 0
48124 0.00 0.00 0.00 0
48125 0.00 0.00 0.00 0
48126 0.00 0.00 0.00 0
48127 0.00 0.00 0.00 0
48128 0.00 0.00 0.00 0
48129 0.00 0.00 0.00 0
48130 0.00 0.00 0.00 0
48131 0.00 0.00 0.00 0
48132 0.00 0.00 0.00 0
48133 0.00 0.00 0.00 0
48134 0.00 0.00 0.00 0
48135 0.00 0.00 0.00 0
48136 0.00 0.00 0.00 0
48137 0.00 0.00 0.00 0
48138 0.00 0.00 0.00 0
48139 0.00 0.00 0.00 0
48140 0.00 0.00 0.00 0
48141 0.00 0.00 0.00 0
48142 0.00 0.00 0.00 0
48143 0.00 0.00 0.00 0
48144 0.00 0.00 0.00 0
48145 0.00 0.00 0.00 0
48146 0.00 0.00 0.00 0
48147 0.00 0.00 0.00 0
48148 0.00 0.00 0.00 0
48149 0.00 0.00 0.00 0
48150 0.00 0.00 0.00 0
48151 0.00 0.00 0.00 0
48152 0.00 0.00 0.00 0
48153 0.00 0.00 0.00 0
48154 0.00 0.00 0.00 0
48155 0.00 0.00 0.00 0
48156 0.00 0.00 0.00 0
48157 0.00 0.00 0.00 0
52881 0.00 0.00 0.00 0
52882 0.00 0.00 0.00 0
52883 0.00 0.00 0.00 0
52884 0.00 0.00 0.00 0
53049 0.00 0.00 0.00 0
53050 0.00 0.00 0.00 0
53051 0.00 0.00 0.00 0
53108 0.00 0.00 0.00 0
53109 0.00 0.00 0.00 0
53110 0.00 0.00 0.00 0
53111 0.00 0.00 0.00 0
53116 0.00 0.00 0.00 0
54278 0.00 0.00 0.00 0
54279 0.00 0.00 0.00 0
54280 0.00 0.00 0.00 0
54281 0.00 0.00 0.00 0
54282 0.00 0.00 0.00 0
54283 0.00 0.00 0.00 0
54284 0.00 0.00 0.00 0
54285 0.00 0.00 0.00 0
54286 0.00 0.00 0.00 0
54287 0.00 0.00 0.00 0
54288 0.00 0.00 0.00 0
54289 0.00 0.00 0.00 0
54290 0.00 0.00 0.00 0
54291 0.00 0.00 0.00 0
54292 0.00 0.00 0.00 0
55921 0.00 0.00 0.00 0
55922 0.00 0.00 0.00 0
55923 0.00 0.00 0.00 0
55924 0.00 0.00 0.00 0
55925 0.00 0.00 0.00 0
55926 0.00 0.00 0.00 0
55927 0.00 0.00 0.00 0
55928 0.00 0.00 0.00 0
55929 0.00 0.00 0.00 0
55930 0.00 0.00 0.00 0
55931 0.00 0.00 0.00 0
55932 0.00 0.00 0.00 0
55933 0.00 0.00 0.00 0
55934 0.00 0.00 0.00 0
55935 0.00 0.00 0.00 0
55936 0.00 0.00 0.00 0
55937 0.00 0.00 0.00 0
55938 0.00 0.00 0.00 0
55939 0.00 0.00 0.00 0
55940 0.00 0.00 0.00 0
55941 0.00 0.00 0.00 0
55942 0.00 0.00 0.00 0
55943 0.00 0.00 0.00 0
55944 0.00 0.00 0.00 0
55945 0.00 0.00 0.00 0
55946 0.00 0.00 0.00 0
55947 0.00 0.00 0.00 0
55948 0.00 0.00 0.00 0
55949 0.00 0.00 0.00 0
55950 0.00 0.00 0.00 0
55951 0.00 0.00 0.00 0
55952 0.00 0.00 0.00 0
57716 0.00 0.00 0.00 0
57717 0.00 0.00 0.00 0
57718 0.00 0.00 0.00 0
57719 0.00 0.00 0.00 0
57720 0.00 0.00 0.00 0
57721 0.00 0.00 0.00 0
57722 0.00 0.00 0.00 0
57723 0.00 0.00 0.00 0
57724 0.00 0.00 0.00 0
57725 0.00 0.00 0.00 0
57726 0.00 0.00 0.00 0
57727 0.00 0.00 0.00 0
57728 0.00 0.00 0.00 0
57729 0.00 0.00 0.00 0
57730 0.00 0.00 0.00 0
57731 0.00 0.00 0.00 0
57732 0.00 0.00 0.00 0
57733 0.00 0.00 0.00 0
57734 0.00 0.00 0.00 0
57735 0.00 0.00 0.00 0
57736 0.00 0.00 0.00 0
57737 0.00 0.00 0.00 0
57738 0.00 0.00 0.00 0
57739 0.00 0.00 0.00 0
57740 0.00 0.00 0.00 0
57741 0.00 0.00 0.00 0
57742 0.00 0.00 0.00 0
57743 0.00 0.00 0.00 0
57744 0.00 0.00 0.00 0
57745 0.00 0.00 0.00 0
57746 0.00 0.00 0.00 0
57747 0.00 0.00 0.00 0
57748 0.00 0.00 0.00 0
57749 0.00 0.00 0.00 0
57750 0.00 0.00 0.00 0
57751 0.00 0.00 0.00 0
57752 0.00 0.00 0.00 0
57753 0.00 0.00 0.00 0
57754 0.00 0.00 0.00 0
57755 0.00 0.00 0.00 0
57756 0.00 0.00 0.00 0
57757 0.00 0.00 0.00 0
62641 0.00 0.00 0.00 0
62642 0.00 0.00 0.00 0
62643 0.00 0.00 0.00 0
62644 0.00 0.00 0.00 0
62645 0.00 0.00 0.00 0
62646 0.00 0.00 0.00 0
62647 0.00 0.00 0.00 0
62648 0.00 0.00 0.00 0
62649 0.00 0.00 0.00 0
62650 0.00 0.00 0.00 0
62651 0.00 0.00 0.00 0
62653 0.00 0.00 0.00 0
62708 0.00 0.00 0.00 0
62709 0.00 0.00 0.00 0
62710 0.00 0.00 0.00 0
62711 0.00 0.00 0.00 0
62712 0.00 0.00 0.00 0
62713 0.00 0.00 0.00 0
62714 0.00 0.00 0.00 0
62715 0.00 0.00 0.00 0
62716 0.00 0.00 0.00 0
62718 0.00 0.00 0.00 0
64913 0.00 0.00 0.00 0
64914 0.00 0.00 0.00 0
64915 0.00 0.00 0.00 0
64916 0.00 0.00 0.00 0
64917 0.00 0.00 0.00 0
64918 0.00 0.00 0.00 0
64919 0.00 0.00 0.00 0
64920 0.00 0.00 0.00 0
64921 0.00 0.00 0.00 0
64922 0.00 0.00 0.00 0
64923 0.00 0.00 0.00 0
64924 0.00 0.00 0.00 0
64925 0.00 0.00 0.00 0
64926 0.00 0.00 0.00 0
64927 0.00 0.00 0.00 0
64928 0.00 0.00 0.00 0
64929 0.00 0.00 0.00 0
64930 0.00 0.00 0.00 0
64931 0.00 0.00 0.00 0
64932 0.00 0.00 0.00 0
64933 0.00 0.00 0.00 0
64934 0.00 0.00 0.00 0
64935 0.00 0.00 0.00 0
64936 0.00 0.00 0.00 0
64937 0.00 0.00 0.00 0
64938 0.00 0.00 0.00 0
64939 0.00 0.00 0.00 0
64940 0.00 0.00 0.00 0
64941 0.00 0.00 0.00 0
64942 0.00 0.00 0.00 0
64943 0.00 0.00 0.00 0
64944 0.00 0.00 0.00 0
64945 0.00 0.00 0.00 0
64946 0.00 0.00 0.00 0
64947 0.00 0.00 0.00 0
64948 0.00 0.00 0.00 0
64949 0.00 0.00 0.00 0
64950 0.00 0.00 0.00 0
64951 0.00 0.00 0.00 0
64952 0.00 0.00 0.00 0
64953 0.00 0.00 0.00 0
64954 0.00 0.00 0.00 0
64955 0.00 0.00 0.00 0
64956 0.00 0.00 0.00 0
64957 0.00 0.00 0.00 0
69841 0.00 0.00 0.00 0
69842 0.00 0.00 0.00 0
69843 0.00 0.00 0.00 0
69844 0.00 0.00 0.00 0
69845 0.00 0.00 0.00 0
69846 0.00 0.00 0.00 0
69847 0.00 0.00 0.00 0
69848 0.00 0.00 0.00 0
69849 0.00 0.00 0.00 0
69850 0.00 0.00 0.00 0
69851 0.00 0.00 0.00 0
69852 0.00 0.00 0.00 0
69853 0.00 0.00 0.00 0
69854 0.00 0.00 0.00 0
69855 0.00 0.00 0.00 0
69856 0.00 0.00 0.00 0
69857 0.00 0.00 0.00 0
69858 0.00 0.00 0.00 0
69859 0.00 0.00 0.00 0
69860 0.00 0.00 0.00 0
69861 0.00 0.00 0.00 0
69862 0.00 0.00 0.00 0
69863 0.00 0.00 0.00 0
69865 0.00 0.00 0.00 0
69866 0.00 0.00 0.00 0
69871 0.00 0.00 0.00 0
69872 0.00 0.00 0.00 0
69873 0.00 0.00 0.00 0
69875 0.00 0.00 0.00 0
69908 0.00 0.00 0.00 0
69909 0.00 0.00 0.00 0
69910 0.00 0.00 0.00 0
69911 0.00 0.00 0.00 0
69912 0.00 0.00 0.00 0
69913 0.00 0.00 0.00 0
69914 0.00 0.00 0.00 0
69915 0.00 0.00 0.00 0
69916 0.00 0.00 0.00 0
69917 0.00 0.00 0.00 0
69918 0.00 0.00 0.00 0
69919 0.00 0.00 0.00 0
69920 0.00 0.00 0.00 0
69921 0.00 0.00 0.00 0
69922 0.00 0.00 0.00 0
75225 0.00 0.00 0.00 0
75226 0.00 0.00 0.00 0
75227 0.00 0.00 0.00 0
75228 0.00 0.00 0.00 0
75229 0.00 0.00 0.00 0
75230 0.00 0.00 0.00 0
75231 0.00 0.00 0.00 0
75233 0.00 0.00 0.00 0
75234 0.00 0.00 0.00 0
75235 0.00 0.00 0.00 0
75236 0.00 0.00 0.00 0
75237 0.00 0.00 0.00 0
75238 0.00 0.00 0.00 0
75239 0.00 0.00 0.00 0
75240 0.00 0.00 0.00 0
75241 0.00 0.00 0.00 0
75242 0.00 0.00 0.00 0
75243 0.00 0.00 0.00 0
75244 0.00 0.00 0.00 0
75245 0.00 0.00 0.00 0
75246 0.00 0.00 0.00 0
75247 0.00 0.00 0.00 0
75248 0.00 0.00 0.00 0
75249 0.00 0.00 0.00 0
75250 0.00 0.00 0.00 0
75251 0.00 0.00 0.00 0
75252 0.00 0.00 0.00 0
75253 0.00 0.00 0.00 0
75254 0.00 0.00 0.00 0
75255 0.00 0.00 0.00 0
75256 0.00 0.00 0.00 0
75257 0.00 0.00 0.00 0
75258 0.00 0.00 0.00 0
75259 0.00 0.00 0.00 0
75260 0.00 0.00 0.00 0
75261 0.00 0.00 0.00 0
75262 0.00 0.00 0.00 0
75263 0.00 0.00 0.00 0
75264 0.00 0.00 0.00 0
75265 0.00 0.00 0.00 0
75266 0.00 0.00 0.00 0
75267 0.00 0.00 0.00 0
75268 0.00 0.00 0.00 0
75269 0.00 0.00 0.00 0
75270 0.00 0.00 0.00 0
75271 0.00 0.00 0.00 0
75272 0.00 0.00 0.00 0
75273 0.00 0.00 0.00 0
75274 0.00 0.00 0.00 0
75275 0.00 0.00 0.00 0
75276 0.00 0.00 0.00 0
75277 0.00 0.00 0.00 0
75278 0.00 0.00 0.00 0
75279 0.00 0.00 0.00 0
75280 0.00 0.00 0.00 0
75281 0.00 0.00 0.00 0
75282 0.00 0.00 0.00 0
75283 0.00 0.00 0.00 0
75284 0.00 0.00 0.00 0
75285 0.00 0.00 0.00 0
75286 0.00 0.00 0.00 0
75287 0.00 0.00 0.00 0
75288 0.00 0.00 0.00 0
75289 0.00 0.00 0.00 0
75290 0.00 0.00 0.00 0
75291 0.00 0.00 0.00 0
75292 0.00 0.00 0.00 0
75293 0.00 0.00 0.00 0
75294 0.00 0.00 0.00 0
75295 0.00 0.00 0.00 0
75296 0.00 0.00 0.00 0
75297 0.00 0.00 0.00 0
75298 0.00 0.00 0.00 0
75299 0.00 0.00 0.00 0
75300 0.00 0.00 0.00 0
75301 0.00 0.00 0.00 0
75302 0.00 0.00 0.00 0
75303 0.00 0.00 0.00 0
75304 0.00 0.00 0.00 0
75305 0.00 0.00 0.00 0
75306 0.00 0.00 0.00 0
75307 0.00 0.00 0.00 0
75308 0.00 0.00 0.00 0
75309 0.00 0.00 0.00 0
75310 0.00 0.00 0.00 0
75311 0.00 0.00 0.00 0
75312 0.00 0.00 0.00 0
75313 0.00 0.00 0.00 0
75314 0.00 0.00 0.00 0
75315 0.00 0.00 0.00 0
75316 0.00 0.00 0.00 0
75317 0.00 0.00 0.00 0
75318 0.00 0.00 0.00 0
75319 0.00 0.00 0.00 0
75320 0.00 0.00 0.00 0
75321 0.00 0.00 0.00 0
75322 0.00 0.00 0.00 0
75323 0.00 0.00 0.00 0
75324 0.00 0.00 0.00 0
75325 0.00 0.00 0.00 0
75326 0.00 0.00 0.00 0
75327 0.00 0.00 0.00 0
75328 0.00 0.00 0.00 0
75329 0.00 0.00 0.00 0
75330 0.00 0.00 0.00 0
75331 0.00 0.00 0.00 0
75332 0.00 0.00 0.00 0
75333 0.00 0.00 0.00 0
75334 0.00 0.00 0.00 0
75335 0.00 0.00 0.00 0
75336 0.00 0.00 0.00 0
75337 0.00 0.00 0.00 0
75338 0.00 0.00 0.00 0
75339 0.00 0.00 0.00 0
75340 0.00 0.00 0.00 0
75341 0.00 0.00 0.00 0
75342 0.00 0.00 0.00 0
75343 0.00 0.00 0.00 0
75344 0.00 0.00 0.00 0
75345 0.00 0.00 0.00 0
75346 0.00 0.00 0.00 0
75347 0.00 0.00 0.00 0
75348 0.00 0.00 0.00 0
75349 0.00 0.00 0.00 0
75350 0.00 0.00 0.00 0
75351 0.00 0.00 0.00 0
75352 0.00 0.00 0.00 0
79338 0.00 0.00 0.00 0
79386 0.00 0.00 0.00 0
79394 0.00 0.00 0.00 0
79395 0.00 0.00 0.00 0
79396 0.00 0.00 0.00 0
79397 0.00 0.00 0.00 0
79398 0.00 0.00 0.00 0
79399 0.00 0.00 0.00 0
79400 0.00 0.00 0.00 0
79401 0.00 0.00 0.00 0
79402 0.00 0.00 0.00 0
89320 0.00 0.00 0.00 0
89321 0.00 0.00 0.00 0
89322 0.00 0.00 0.00 0
89323 0.00 0.00 0.00 0
89324 0.00 0.00 0.00 0
89523 0.00 0.00 0.00 0
89524 0.00 0.00 0.00 0
89525 0.00 0.00 0.00 0
89526 0.00 0.00 0.00 0
89527 0.00 0.00 0.00 0
89528 0.00 0.00 0.00 0
89529 0.00 0.00 0.00 0
89530 0.00 0.00 0.00 0
89531 0.00 0.00 0.00 0
89532 0.00 0.00 0.00 0
89533 0.00 0.00 0.00 0
89534 0.00 0.00 0.00 0
89536 0.00 0.00 0.00 0
89538 0.00 0.00 0.00 0
89539 0.00 0.00 0.00 0
89540 0.00 0.00 0.00 0
89541 0.00 0.00 0.00 0
89542 0.00 0.00 0.00 0
89543 0.00 0.00 0.00 0
89544 0.00 0.00 0.00 0
89545 0.00 0.00 0.00 0
89546 0.00 0.00 0.00 0
89547 0.00 0.00 0.00 0
89548 0.00 0.00 0.00 0
89549 0.00 0.00 0.00 0
89571 0.00 0.00 0.00 0
89572 0.00 0.00 0.00 0
89573 0.00 0.00 0.00 0
89574 0.00 0.00 0.00 0
90024 0.00 0.00 0.00 0
90025 0.00 0.00 0.00 0
90026 0.00 0.00 0.00 0
90027 0.00 0.00 0.00 0
90028 0.00 0.00 0.00 0
90029 0.00 0.00 0.00 0
90030 0.00 0.00 0.00 0
90031 0.00 0.00 0.00 0
90032 0.00 0.00 0.00 0
90033 0.00 0.00 0.00 0
90034 0.00 0.00 0.00 0
90036 0.00 0.00 0.00 0
90203 0.00 0.00 0.00 0
90204 0.00 0.00 0.00 0
90205 0.00 0.00 0.00 0
90206 0.00 0.00 0.00 0
90207 0.00 0.00 0.00 0
90211 0.00 0.00 0.00 0
90212 0.00 0.00 0.00 0
90213 0.00 0.00 0.00 0
90226 0.00 0.00 0.00 0
90227 0.00 0.00 0.00 0
90232 0.00 0.00 0.00 0
92471 0.00 0.00 0.00 0
92472 0.00 0.00 0.00 0
92473 0.00 0.00 0.00 0
92474 0.00 0.00 0.00 0
92475 0.00 0.00 0.00 0
92476 0.00 0.00 0.00 0
92477 0.00 0.00 0.00 0
92478 0.00 0.00 0.00 0
92479 0.00 0.00 0.00 0
93457 0.00 0.00 0.00 0
93458 0.00 0.00 0.00 0
93459 0.00 0.00 0.00 0
93460 0.00 0.00 0.00 0
93461 0.00 0.00 0.00 0
93462 0.00 0.00 0.00 0
93463 0.00 0.00 0.00 0
93464 0.00 0.00 0.00 0
93465 0.00 0.00 0.00 0
93466 0.00 0.00 0.00 0
93467 0.00 0.00 0.00 0
93468 0.00 0.00 0.00 0
93469 0.00 0.00 0.00 0
93470 0.00 0.00 0.00 0
93471 0.00 0.00 0.00 0
93472 0.00 0.00 0.00 0
93473 0.00 0.00 0.00 0
93474 0.00 0.00 0.00 0
93475 0.00 0.00 0.00 0
93476 0.00 0.00 0.00 0
94533 0.00 0.00 0.00 0
94534 0.00 0.00 0.00 0
94535 0.00 0.00 0.00 0
94536 0.00 0.00 0.00 0
94537 0.00 0.00 0.00 0
94538 0.00 0.00 0.00 0
94539 0.00 0.00 0.00 0
94540 0.00 0.00 0.00 0
94541 0.00 0.00 0.00 0
94542 0.00 0.00 0.00 0
94543 0.00 0.00 0.00 0
94544 0.00 0.00 0.00 0
94545 0.00 0.00 0.00 0
94546 0.00 0.00 0.00 0
94547 0.00 0.00 0.00 0
94548 0.00 0.00 0.00 0
94549 0.00 0.00 0.00 0
94550 0.00 0.00 0.00 0
94551 0.00 0.00 0.00 0
94552 0.00 0.00 0.00 0
94553 0.00 0.00 0.00 0
94554 0.00 0.00 0.00 0
94555 0.00 0.00 0.00 0
94556 0.00 0.00 0.00 0
94557 0.00 0.00 0.00 0
94558 0.00 0.00 0.00 0
97489 0.00 0.00 0.00 0
97490 0.00 0.00 0.00 0
97491 0.00 0.00 0.00 0
97492 0.00 0.00 0.00 0
97493 0.00 0.00 0.00 0
97494 0.00 0.00 0.00 0
97495 0.00 0.00 0.00 0
97496 0.00 0.00 0.00 0
97529 0.00 0.00 0.00 0
97530 0.00 0.00 0.00 0
97531 0.00 0.00 0.00 0
97532 0.00 0.00 0.00 0
97533 0.00 0.00 0.00 0
98852 0.00 0.00 0.00 0
98853 0.00 0.00 0.00 0
98854 0.00 0.00 0.00 0
98855 0.00 0.00 0.00 0
98856 0.00 0.00 0.00 0
98857 0.00 0.00 0.00 0
98858 0.00 0.00 0.00 0
98859 0.00 0.00 0.00 0
98860 0.00 0.00 0.00 0
98861 0.00 0.00 0.00 0
98862 0.00 0.00 0.00 0
98863 0.00 0.00 0.00 0
98864 0.00 0.00 0.00 0
98865 0.00 0.00 0.00 0
98866 0.00 0.00 0.00 0
98867 0.00 0.00 0.00 0
98868 0.00 0.00 0.00 0
98869 0.00 0.00 0.00 0
98870 0.00 0.00 0.00 0
98871 0.00 0.00 0.00 0
98872 0.00 0.00 0.00 0
98873 0.00 0.00 0.00 0
98874 0.00 0.00 0.00 0
98875 0.00 0.00 0.00 0
98876 0.00 0.00 0.00 0
98877 0.00 0.00 0.00 0
98878 0.00 0.00 0.00 0
101809 0.00 0.00 0.00 0
101810 0.00 0.00 0.00 0
101811 0.00 0.00 0.00 0
101812 0.00 0.00 0.00 0
101813 0.00 0.00 0.00 0
101814 0.00 0.00 0.00 0
101815 0.00 0.00 0.00 0
101816 0.00 0.00 0.00 0
101817 0.00 0.00 0.00 0
101818 0.00 0.00 0.00 0
101819 0.00 0.00 0.00 0
101820 0.00 0.00 0.00 0
101821 0.00 0.00 0.00 0
101822 0.00 0.00 0.00 0
101823 0.00 0.00 0.00 0
101824 0.00 0.00 0.00 0
101825 0.00 0.00 0.00 0
101826 0.00 0.00 0.00 0
101827 0.00 0.00 0.00 0
101828 0.00 0.00 0.00 0
101829 0.00 0.00 0.00 0
101830 0.00 0.00 0.00 0
101849 0.00 0.00 0.00 0
101850 0.00 0.00 0.00 0
101851 0.00 0.00 0.00 0
101852 0.00 0.00 0.00 0
101853 0.00 0.00 0.00 0
101855 0.00 0.00 0.00 0
101857 0.00 0.00 0.00 0
105039 0.00 0.00 0.00 0
105040 0.00 0.00 0.00 0
105041 0.00 0.00 0.00 0
105042 0.00 0.00 0.00 0
105043 0.00 0.00 0.00 0
105044 0.00 0.00 0.00 0
105045 0.00 0.00 0.00 0
105046 0.00 0.00 0.00 0
105047 0.00 0.00 0.00 0
105048 0.00 0.00 0.00 0
105049 0.00 0.00 0.00 0
105050 0.00 0.00 0.00 0
105051 0.00 0.00 0.00 0
105052 0.00 0.00 0.00 0
105053 0.00 0.00 0.00 0
105054 0.00 0.00 0.00 0
105055 0.00 0.00 0.00 0
105056 0.00 0.00 0.00 0
105057 0.00 0.00 0.00 0
105058 0.00 0.00 0.00 0
105059 0.00 0.00 0.00 0
105060 0.00 0.00 0.00 0
105061 0.00 0.00 0.00 0
105062 0.00 0.00 0.00 0
105063 0.00 0.00 0.00 0
105064 0.00 0.00 0.00 0
105065 0.00 0.00 0.00 0
105066 0.00 0.00 0.00 0
105067 0.00 0.00 0.00 0
105068 0.00 0.00 0.00 0
105069 0.00 0.00 0.00 0
105070 0.00 0.00 0.00 0
105071 0.00 0.00 0.00 0
105072 0.00 0.00 0.00 0
105073 0.00 0.00 0.00 0
105074 0.00 0.00 0.00 0
105075 0.00 0.00 0.00 0
105076 0.00 0.00 0.00 0
105077 0.00 0.00 0.00 0
105078 0.00 0.00 0.00 0
105079 0.00 0.00 0.00 0
105080 0.00 0.00 0.00 0
105081 0.00 0.00 0.00 0
105082 0.00 0.00 0.00 0
105083 0.00 0.00 0.00 0
105084 0.00 0.00 0.00 0
105085 0.00 0.00 0.00 0
105086 0.00 0.00 0.00 0
105087 0.00 0.00 0.00 0
105088 0.00 0.00 0.00 0
105089 0.00 0.00 0.00 0
105090 0.00 0.00 0.00 0
105091 0.00 0.00 0.00 0
105092 0.00 0.00 0.00 0
105093 0.00 0.00 0.00 0
105094 0.00 0.00 0.00 0
105095 0.00 0.00 0.00 0
105096 0.00 0.00 0.00 0
105097 0.00 0.00 0.00 0
105098 0.00 0.00 0.00 0
105099 0.00 0.00 0.00 0
105100 0.00 0.00 0.00 0
105101 0.00 0.00 0.00 0
105102 0.00 0.00 0.00 0
105103 0.00 0.00 0.00 0
105104 0.00 0.00 0.00 0
105105 0.00 0.00 0.00 0
105106 0.00 0.00 0.00 0
105107 0.00 0.00 0.00 0
105108 0.00 0.00 0.00 0
105109 0.00 0.00 0.00 0
105110 0.00 0.00 0.00 0
105111 0.00 0.00 0.00 0
105112 0.00 0.00 0.00 0
105113 0.00 0.00 0.00 0
105114 0.00 0.00 0.00 0
105115 0.00 0.00 0.00 0
107505 0.00 0.00 0.00 0
107506 0.00 0.00 0.00 0
107507 0.00 0.00 0.00 0
107508 0.00 0.00 0.00 0
107542 0.00 0.00 0.00 0
107543 0.00 0.00 0.00 0
107544 0.00 0.00 0.00 0
107545 0.00 0.00 0.00 0
113619 0.00 0.00 0.00 0
113620 0.00 0.00 0.00 0
113621 0.00 0.00 0.00 0
113622 0.00 0.00 0.00 0
113623 0.00 0.00 0.00 0
113624 0.00 0.00 0.00 0
113628 0.00 0.00 0.00 0
113629 0.00 0.00 0.00 0
113630 0.00 0.00 0.00 0
113631 0.00 0.00 0.00 0
113632 0.00 0.00 0.00 0
113919 0.00 0.00 0.00 0
113920 0.00 0.00 0.00 0
113921 0.00 0.00 0.00 0
113922 0.00 0.00 0.00 0
113923 0.00 0.00 0.00 0
113924 0.00 0.00 0.00 0
113925 0.00 0.00 0.00 0
114026 0.00 0.00 0.00 0
114027 0.00 0.00 0.00 0
114028 0.00 0.00 0.00 0
114029 0.00 0.00 0.00 0
114030 0.00 0.00 0.00 0
114031 0.00 0.00 0.00 0
114040 0.00 0.00 0.00 0
115925 0.00 0.00 0.00 0
115926 0.00 0.00 0.00 0
115927 0.00 0.00 0.00 0
115928 0.00 0.00 0.00 0
115929 0.00 0.00 0.00 0
115930 0.00 0.00 0.00 0
115931 0.00 0.00 0.00 0
115932 0.00 0.00 0.00 0
115933 0.00 0.00 0.00 0
115934 0.00 0.00 0.00 0
115935 0.00 0.00 0.00 0
115936 0.00 0.00 0.00 0
115937 0.00 0.00 0.00 0
115938 0.00 0.00 0.00 0
115939 0.00 0.00 0.00 0
115940 0.00 0.00 0.00 0
115941 0.00 0.00 0.00 0
115942 0.00 0.00 0.00 0
115943 0.00 0.00 0.00 0
115944 0.00 0.00 0.00 0
115945 0.00 0.00 0.00 0
118225 0.00 0.00 0.00 0
118226 0.00 0.00 0.00 0
118227 0.00 0.00 0.00 0
118228 0.00 0.00 0.00 0
118229 0.00 0.00 0.00 0
118230 0.00 0.00 0.00 0
118231 0.00 0.00 0.00 0
118232 0.00 0.00 0.00 0
118233 0.00 0.00 0.00 0
118234 0.00 0.00 0.00 0
118235 0.00 0.00 0.00 0
118236 0.00 0.00 0.00 0
118237 0.00 0.00 0.00 0
118238 0.00 0.00 0.00 0
118239 0.00 0.00 0.00 0
118240 0.00 0.00 0.00 0
118241 0.00 0.00 0.00 0
118242 0.00 0.00 0.00 0
118243 0.00 0.00 0.00 0
118244 0.00 0.00 0.00 0
118245 0.00 0.00 0.00 0
118247 0.00 0.00 0.00 0
118248 0.00 0.00 0.00 0
118249 0.00 0.00 0.00 0
118250 0.00 0.00 0.00 0
118251 0.00 0.00 0.00 0
118252 0.00 0.00 0.00 0
118256 0.00 0.00 0.00 0
118257 0.00 0.00 0.00 0
118258 0.00 0.00 0.00 0
118259 0.00 0.00 0.00 0
118260 0.00 0.00 0.00 0
118261 0.00 0.00 0.00 0
118262 0.00 0.00 0.00 0
118263 0.00 0.00 0.00 0
118264 0.00 0.00 0.00 0
118271 0.00 0.00 0.00 0
120737 0.00 0.00 0.00 0
120738 0.00 0.00 0.00 0
120739 0.00 0.00 0.00 0
120740 0.00 0.00 0.00 0
120741 0.00 0.00 0.00 0
120742 0.00 0.00 0.00 0
120743 0.00 0.00 0.00 0
120744 0.00 0.00 0.00 0
120745 0.00 0.00 0.00 0
120746 0.00 0.00 0.00 0
120747 0.00 0.00 0.00 0
120748 0.00 0.00 0.00 0
120749 0.00 0.00 0.00 0
120750 0.00 0.00 0.00 0
120751 0.00 0.00 0.00 0
120752 0.00 0.00 0.00 0
120753 0.00 0.00 0.00 0
120754 0.00 0.00 0.00 0
120755 0.00 0.00 0.00 0
120756 0.00 0.00 0.00 0
120757 0.00 0.00 0.00 0
120758 0.00 0.00 0.00 0
120759 0.00 0.00 0.00 0
120760 0.00 0.00 0.00 0
120761 0.00 0.00 0.00 0
120762 0.00 0.00 0.00 0
120763 0.00 0.00 0.00 0
120764 0.00 0.00 0.00 0
120765 0.00 0.00 0.00 0
120766 0.00 0.00 0.00 0
120767 0.00 0.00 0.00 0
120768 0.00 0.00 0.00 0
120769 0.00 0.00 0.00 0
120770 0.00 0.00 0.00 0
120771 0.00 0.00 0.00 0
120772 0.00 0.00 0.00 0
120773 0.00 0.00 0.00 0
120774 0.00 0.00 0.00 0
120775 0.00 0.00 0.00 0
120776 0.00 0.00 0.00 0
120777 0.00 0.00 0.00 0
120778 0.00 0.00 0.00 0
120779 0.00 0.00 0.00 0
120780 0.00 0.00 0.00 0
120781 0.00 0.00 0.00 0
120782 0.00 0.00 0.00 0
120783 0.00 0.00 0.00 0
120784 0.00 0.00 0.00 0
120785 0.00 0.00 0.00 0
120786 0.00 0.00 0.00 0
120787 0.00 0.00 0.00 0
120788 0.00 0.00 0.00 0
120789 0.00 0.00 0.00 0
120790 0.00 0.00 0.00 0
120791 0.00 0.00 0.00 0
120792 0.00 0.00 0.00 0
120793 0.00 0.00 0.00 0
120794 0.00 0.00 0.00 0
120795 0.00 0.00 0.00 0
120796 0.00 0.00 0.00 0
127638 0.00 0.00 0.00 0
127639 0.00 0.00 0.00 0
127644 0.00 0.00 0.00 0
127645 0.00 0.00 0.00 0
127646 0.00 0.00 0.00 0
127647 0.00 0.00 0.00 0
127648 0.00 0.00 0.00 0
127649 0.00 0.00 0.00 0
127650 0.00 0.00 0.00 0
127651 0.00 0.00 0.00 0
127727 0.00 0.00 0.00 0
127728 0.00 0.00 0.00 0
127729 0.00 0.00 0.00 0
127730 0.00 0.00 0.00 0
127731 0.00 0.00 0.00 0
127732 0.00 0.00 0.00 0
127733 0.00 0.00 0.00 0
127734 0.00 0.00 0.00 0
127735 0.00 0.00 0.00 0
127736 0.00 0.00 0.00 0
127737 0.00 0.00 0.00 0
130607 0.00 0.00 0.00 0
130608 0.00 0.00 0.00 0
130609 0.00 0.00 0.00 0
130610 0.00 0.00 0.00 0
130611 0.00 0.00 0.00 0
130612 0.00 0.00 0.00 0
130613 0.00 0.00 0.00 0
130614 0.00 0.00 0.00 0
130615 0.00 0.00 0.00 0
130616 0.00 0.00 0.00 0
130617 0.00 0.00 0.00 0
130618 0.00 0.00 0.00 0
130619 0.00 0.00 0.00 0
130620 0.00 0.00 0.00 0
130621 0.00 0.00 0.00 0
130622 0.00 0.00 0.00 0
130623 0.00 0.00 0.00 0
130624 0.00 0.00 0.00 0
130625 0.00 0.00 0.00 0
130626 0.00 0.00 0.00 0
130627 0.00 0.00 0.00 0
130628 0.00 0.00 0.00 0
130629 0.00 0.00 0.00 0
130630 0.00 0.00 0.00 0
130631 0.00 0.00 0.00 0
130632 0.00 0.00 0.00 0
130633 0.00 0.00 0.00 0
130634 0.00 0.00 0.00 0
130635 0.00 0.00 0.00 0
130636 0.00 0.00 0.00 0
130637 0.00 0.00 0.00 0
130638 0.00 0.00 0.00 0
130639 0.00 0.00 0.00 0
130640 0.00 0.00 0.00 0
130641 0.00 0.00 0.00 0
130642 0.00 0.00 0.00 0
130643 0.00 0.00 0.00 0
130644 0.00 0.00 0.00 0
130645 0.00 0.00 0.00 0
130646 0.00 0.00 0.00 0
130647 0.00 0.00 0.00 0
130648 0.00 0.00 0.00 0
130649 0.00 0.00 0.00 0
130650 0.00 0.00 0.00 0
130651 0.00 0.00 0.00 0
130652 0.00 0.00 0.00 0
130653 0.00 0.00 0.00 0
130654 0.00 0.00 0.00 0
130655 0.00 0.00 0.00 0
130656 0.00 0.00 0.00 0
130657 0.00 0.00 0.00 0
130658 0.00 0.00 0.00 0
130659 0.00 0.00 0.00 0
130660 0.00 0.00 0.00 0
130661 0.00 0.00 0.00 0
130662 0.00 0.00 0.00 0
130663 0.00 0.00 0.00 0
136849 0.00 0.00 0.00 0
136850 0.00 0.00 0.00 0
136851 0.00 0.00 0.00 0
136852 0.00 0.00 0.00 0
136853 0.00 0.00 0.00 0
136854 0.00 0.00 0.00 0
136855 0.00 0.00 0.00 0
136856 0.00 0.00 0.00 0
136857 0.00 0.00 0.00 0
136858 0.00 0.00 0.00 0
136859 0.00 0.00 0.00 0
136860 0.00 0.00 0.00 0
136861 0.00 0.00 0.00 0
136862 0.00 0.00 0.00 0
136863 0.00 0.00 0.00 0
136864 0.00 0.00 0.00 0
136865 0.00 0.00 0.00 0
136866 0.00 0.00 0.00 0
136867 0.00 0.00 0.00 0
136868 0.00 0.00 0.00 0
136869 0.00 0.00 0.00 0
136870 0.00 0.00 0.00 0
136871 0.00 0.00 0.00 0
136872 0.00 0.00 0.00 0
136873 0.00 0.00 0.00 0
136874 0.00 0.00 0.00 0
136875 0.00 0.00 0.00 0
136876 0.00 0.00 0.00 0
136882 0.00 0.00 0.00 0
136888 0.00 0.00 0.00 0
136889 0.00 0.00 0.00 0
136890 0.00 0.00 0.00 0
136891 0.00 0.00 0.00 0
136892 0.00 0.00 0.00 0
136934 0.00 0.00 0.00 0
136935 0.00 0.00 0.00 0
136936 0.00 0.00 0.00 0
136937 0.00 0.00 0.00 0
136938 0.00 0.00 0.00 0
136939 0.00 0.00 0.00 0
136940 0.00 0.00 0.00 0
136941 0.00 0.00 0.00 0
136942 0.00 0.00 0.00 0
136943 0.00 0.00 0.00 0
136944 0.00 0.00 0.00 0
136945 0.00 0.00 0.00 0
136946 0.00 0.00 0.00 0
136947 0.00 0.00 0.00 0
136948 0.00 0.00 0.00 0
136949 0.00 0.00 0.00 0
136950 0.00 0.00 0.00 0
136951 0.00 0.00 0.00 0
136952 0.00 0.00 0.00 0
136956 0.00 0.00 0.00 0
143464 0.00 0.00 0.00 0
143465 0.00 0.00 0.00 0
143466 0.00 0.00 0.00 0
143467 0.00 0.00 0.00 0
143468 0.00 0.00 0.00 0
143469 0.00 0.00 0.00 0
143470 0.00 0.00 0.00 0
143474 0.00 0.00 0.00 0
143475 0.00 0.00 0.00 0
143476 0.00 0.00 0.00 0
143477 0.00 0.00 0.00 0
143478 0.00 0.00 0.00 0
143479 0.00 0.00 0.00 0
143480 0.00 0.00 0.00 0
143481 0.00 0.00 0.00 0
143482 0.00 0.00 0.00 0
143483 0.00 0.00 0.00 0
143484 0.00 0.00 0.00 0
143485 0.00 0.00 0.00 0
143486 0.00 0.00 0.00 0
143487 0.00 0.00 0.00 0
143488 0.00 0.00 0.00 0
143489 0.00 0.00 0.00 0
143490 0.00 0.00 0.00 0
143491 0.00 0.00 0.00 0
143492 0.00 0.00 0.00 0
143493 0.00 0.00 0.00 0
143494 0.00 0.00 0.00 0
143495 0.00 0.00 0.00 0
143496 0.00 0.00 0.00 0
143497 0.00 0.00 0.00 0
143498 0.00 0.00 0.00 0
143499 0.00 0.00 0.00 0
143500 0.00 0.00 0.00 0
143501 0.00 0.00 0.00 0
143502 0.00 0.00 0.00 0
143503 0.00 0.00 0.00 0
143504 0.00 0.00 0.00 0
143505 0.00 0.00 0.00 0
143506 0.00 0.00 0.00 0
143507 0.00 0.00 0.00 0
143508 0.00 0.00 0.00 0
143509 0.00 0.00 0.00 0
143510 0.00 0.00 0.00 0
143511 0.00 0.00 0.00 0
143512 0.00 0.00 0.00 0
143513 0.00 0.00 0.00 0
143514 0.00 0.00 0.00 0
143515 0.00 0.00 0.00 0
143516 0.00 0.00 0.00 0
143517 0.00 0.00 0.00 0
143518 0.00 0.00 0.00 0
143519 0.00 0.00 0.00 0
143520 0.00 0.00 0.00 0
143521 0.00 0.00 0.00 0
143522 0.00 0.00 0.00 0
143523 0.00 0.00 0.00 0
143524 0.00 0.00 0.00 0
143525 0.00 0.00 0.00 0
143526 0.00 0.00 0.00 0
143527 0.00 0.00 0.00 0
143528 0.00 0.00 0.00 0
143529 0.00 0.00 0.00 0
143530 0.00 0.00 0.00 0
143531 0.00 0.00 0.00 0
143532 0.00 0.00 0.00 0
143533 0.00 0.00 0.00 0
143534 0.00 0.00 0.00 0
143535 0.00 0.00 0.00 0
143536 0.00 0.00 0.00 0
143537 0.00 0.00 0.00 0
143538 0.00 0.00 0.00 0
143539 0.00 0.00 0.00 0
143540 0.00 0.00 0.00 0
143541 0.00 0.00 0.00 0
143542 0.00 0.00 0.00 0
143543 0.00 0.00 0.00 0
143544 0.00 0.00 0.00 0
143545 0.00 0.00 0.00 0
143546 0.00 0.00 0.00 0
143547 0.00 0.00 0.00 0
143548 0.00 0.00 0.00 0
143549 0.00 0.00 0.00 0
143550 0.00 0.00 0.00 0
143551 0.00 0.00 0.00 0
143552 0.00 0.00 0.00 0
143553 0.00 0.00 0.00 0
143554 0.00 0.00 0.00 0
143555 0.00 0.00 0.00 0
143556 0.00 0.00 0.00 0
143557 0.00 0.00 0.00 0
143558 0.00 0.00 0.00 0
143559 0.00 0.00 0.00 0
143560 0.00 0.00 0.00 0
143561 0.00 0.00 0.00 0
143562 0.00 0.00 0.00 0
143563 0.00 0.00 0.00 0
143564 0.00 0.00 0.00 0
143565 0.00 0.00 0.00 0
143566 0.00 0.00 0.00 0
143567 0.00 0.00 0.00 0
143568 0.00 0.00 0.00 0
143569 0.00 0.00 0.00 0
143570 0.00 0.00 0.00 0
143571 0.00 0.00 0.00 0
143572 0.00 0.00 0.00 0
143573 0.00 0.00 0.00 0
143574 0.00 0.00 0.00 0
143575 0.00 0.00 0.00 0
143576 0.00 0.00 0.00 0
143577 0.00 0.00 0.00 0
143578 0.00 0.00 0.00 0
143579 0.00 0.00 0.00 0
143580 0.00 0.00 0.00 0
143581 0.00 0.00 0.00 0
143582 0.00 0.00 0.00 0
143583 0.00 0.00 0.00 0
143584 0.00 0.00 0.00 0
143585 0.00 0.00 0.00 0
143586 0.00 0.00 0.00 0
143587 0.00 0.00 0.00 0
143588 0.00 0.00 0.00 0
143589 0.00 0.00 0.00 0
143590 0.00 0.00 0.00 0
143591 0.00 0.00 0.00 0
143592 0.00 0.00 0.00 0
143593 0.00 0.00 0.00 0
143594 0.00 0.00 0.00 0
143595 0.00 0.00 0.00 0
143596 0.00 0.00 0.00 0
143597 0.00 0.00 0.00 0
143598 0.00 0.00 0.00 0
143599 0.00 0.00 0.00 0
143600 0.00 0.00 0.00 0
143601 0.00 0.00 0.00 0
143602 0.00 0.00 0.00 0
143603 0.00 0.00 0.00 0
143604 0.00 0.00 0.00 0
143605 0.00 0.00 0.00 0
143606 0.00 0.00 0.00 0
143607 0.00 0.00 0.00 0
143608 0.00 0.00 0.00 0
143609 0.00 0.00 0.00 0
143610 0.00 0.00 0.00 0
143611 0.00 0.00 0.00 0
143612 0.00 0.00 0.00 0
143613 0.00 0.00 0.00 0
143614 0.00 0.00 0.00 0
143615 0.00 0.00 0.00 0
143616 0.00 0.00 0.00 0
143617 0.00 0.00 0.00 0
148495 0.00 0.00 0.00 0
148496 0.00 0.00 0.00 0
148497 0.00 0.00 0.00 0
148498 0.00 0.00 0.00 0
148506 0.00 0.00 0.00 0
148507 0.00 0.00 0.00 0
148508 0.00 0.00 0.00 0
148509 0.00 0.00 0.00 0
148510 0.00 0.00 0.00 0
148511 0.00 0.00 0.00 0
148512 0.00 0.00 0.00 0
148513 0.00 0.00 0.00 0
148514 0.00 0.00 0.00 0
148515 0.00 0.00 0.00 0
148516 0.00 0.00 0.00 0
160433 0.00 0.00 0.00 0
160435 0.00 0.00 0.00 0
160436 0.00 0.00 0.00 0
160437 0.00 0.00 0.00 0
160438 0.00 0.00 0.00 0
160439 0.00 0.00 0.00 0
160676 0.00 0.00 0.00 0
160677 0.00 0.00 0.00 0
160678 0.00 0.00 0.00 0
160679 0.00 0.00 0.00 0
160680 0.00 0.00 0.00 0
160681 0.00 0.00 0.00 0
160682 0.00 0.00 0.00 0
160683 0.00 0.00 0.00 0
160684 0.00 0.00 0.00 0
160685 0.00 0.00 0.00 0
160686 0.00 0.00 0.00 0
160687 0.00 0.00 0.00 0
160688 0.00 0.00 0.00 0
160689 0.00 0.00 0.00 0
160690 0.00 0.00 0.00 0
160691 0.00 0.00 0.00 0
160692 0.00 0.00 0.00 0
160693 0.00 0.00 0.00 0
160694 0.00 0.00 0.00 0
160695 0.00 0.00 0.00 0
160696 0.00 0.00 0.00 0
160697 0.00 0.00 0.00 0
160698 0.00 0.00 0.00 0
160699 0.00 0.00 0.00 0
160700 0.00 0.00 0.00 0
160701 0.00 0.00 0.00 0
160702 0.00 0.00 0.00 0
160703 0.00 0.00 0.00 0
160704 0.00 0.00 0.00 0
160705 0.00 0.00 0.00 0
160706 0.00 0.00 0.00 0
160707 0.00 0.00 0.00 0
160708 0.00 0.00 0.00 0
160709 0.00 0.00 0.00 0
160734 0.00 0.00 0.00 0
160735 0.00 0.00 0.00 0
160736 0.00 0.00 0.00 0
160737 0.00 0.00 0.00 0
160738 0.00 0.00 0.00 0
160739 0.00 0.00 0.00 0
160740 0.00 0.00 0.00 0
160741 0.00 0.00 0.00 0
160742 0.00 0.00 0.00 0
160743 0.00 0.00 0.00 0
160744 0.00 0.00 0.00 0
160745 0.00 0.00 0.00 0
160754 0.00 0.00 0.00 0
160755 0.00 0.00 0.00 0
160756 0.00 0.00 0.00 0
160757 0.00 0.00 0.00 0
160760 0.00 0.00 0.00 0
161278 0.00 0.00 0.00 0
161279 0.00 0.00 0.00 0
161280 0.00 0.00 0.00 0
161281 0.00 0.00 0.00 0
161282 0.00 0.00 0.00 0
161283 0.00 0.00 0.00 0
161284 0.00 0.00 0.00 0
161285 0.00 0.00 0.00 0
161287 0.00 0.00 0.00 0
161288 0.00 0.00 0.00 0
161289 0.00 0.00 0.00 0
161290 0.00 0.00 0.00 0
161291 0.00 0.00 0.00 0
161292 0.00 0.00 0.00 0
161293 0.00 0.00 0.00 0
161494 0.00 0.00 0.00 0
161495 0.00 0.00 0.00 0
161496 0.00 0.00 0.00 0
161497 0.00 0.00 0.00 0
161498 0.00 0.00 0.00 0
161499 0.00 0.00 0.00 0
161500 0.00 0.00 0.00 0
161503 0.00 0.00 0.00 0
161504 0.00 0.00 0.00 0
161511 0.00 0.00 0.00 0
161521 0.00 0.00 0.00 0
161522 0.00 0.00 0.00 0
161523 0.00 0.00 0.00 0
161526 0.00 0.00 0.00 0
161527 0.00 0.00 0.00 0
161528 0.00 0.00 0.00 0
