# Pole_occipital
1795
86 0.00 0.00 0.00 0
207 0.00 0.00 0.00 0
442 0.00 0.00 0.00 0
443 0.00 0.00 0.00 0
444 0.00 0.00 0.00 0
577 0.00 0.00 0.00 0
578 0.00 0.00 0.00 0
976 0.00 0.00 0.00 0
977 0.00 0.00 0.00 0
978 0.00 0.00 0.00 0
1275 0.00 0.00 0.00 0
1276 0.00 0.00 0.00 0
1278 0.00 0.00 0.00 0
1404 0.00 0.00 0.00 0
1522 0.00 0.00 0.00 0
1523 0.00 0.00 0.00 0
1524 0.00 0.00 0.00 0
1991 0.00 0.00 0.00 0
1992 0.00 0.00 0.00 0
1993 0.00 0.00 0.00 0
1994 0.00 0.00 0.00 0
1995 0.00 0.00 0.00 0
1996 0.00 0.00 0.00 0
2365 0.00 0.00 0.00 0
2366 0.00 0.00 0.00 0
2367 0.00 0.00 0.00 0
2368 0.00 0.00 0.00 0
2369 0.00 0.00 0.00 0
2370 0.00 0.00 0.00 0
2371 0.00 0.00 0.00 0
2896 0.00 0.00 0.00 0
2897 0.00 0.00 0.00 0
2898 0.00 0.00 0.00 0
3196 0.00 0.00 0.00 0
3324 0.00 0.00 0.00 0
3496 0.00 0.00 0.00 0
3497 0.00 0.00 0.00 0
3498 0.00 0.00 0.00 0
4366 0.00 0.00 0.00 0
4368 0.00 0.00 0.00 0
4369 0.00 0.00 0.00 0
4370 0.00 0.00 0.00 0
4371 0.00 0.00 0.00 0
4372 0.00 0.00 0.00 0
4373 0.00 0.00 0.00 0
4374 0.00 0.00 0.00 0
4375 0.00 0.00 0.00 0
4376 0.00 0.00 0.00 0
4378 0.00 0.00 0.00 0
5267 0.00 0.00 0.00 0
5268 0.00 0.00 0.00 0
5269 0.00 0.00 0.00 0
5270 0.00 0.00 0.00 0
5271 0.00 0.00 0.00 0
5272 0.00 0.00 0.00 0
5273 0.00 0.00 0.00 0
5274 0.00 0.00 0.00 0
5275 0.00 0.00 0.00 0
5276 0.00 0.00 0.00 0
5277 0.00 0.00 0.00 0
5278 0.00 0.00 0.00 0
5279 0.00 0.00 0.00 0
5280 0.00 0.00 0.00 0
5281 0.00 0.00 0.00 0
5649 0.00 0.00 0.00 0
6364 0.00 0.00 0.00 0
6365 0.00 0.00 0.00 0
6366 0.00 0.00 0.00 0
6367 0.00 0.00 0.00 0
6368 0.00 0.00 0.00 0
6370 0.00 0.00 0.00 0
6906 0.00 0.00 0.00 0
7390 0.00 0.00 0.00 0
7391 0.00 0.00 0.00 0
7392 0.00 0.00 0.00 0
7393 0.00 0.00 0.00 0
7394 0.00 0.00 0.00 0
7395 0.00 0.00 0.00 0
7396 0.00 0.00 0.00 0
7397 0.00 0.00 0.00 0
7815 0.00 0.00 0.00 0
8557 0.00 0.00 0.00 0
8558 0.00 0.00 0.00 0
8559 0.00 0.00 0.00 0
8560 0.00 0.00 0.00 0
8561 0.00 0.00 0.00 0
8562 0.00 0.00 0.00 0
8563 0.00 0.00 0.00 0
8564 0.00 0.00 0.00 0
8565 0.00 0.00 0.00 0
8566 0.00 0.00 0.00 0
8567 0.00 0.00 0.00 0
8568 0.00 0.00 0.00 0
8569 0.00 0.00 0.00 0
8570 0.00 0.00 0.00 0
8571 0.00 0.00 0.00 0
9650 0.00 0.00 0.00 0
9651 0.00 0.00 0.00 0
9652 0.00 0.00 0.00 0
9653 0.00 0.00 0.00 0
9654 0.00 0.00 0.00 0
9655 0.00 0.00 0.00 0
9656 0.00 0.00 0.00 0
9657 0.00 0.00 0.00 0
9659 0.00 0.00 0.00 0
9660 0.00 0.00 0.00 0
9661 0.00 0.00 0.00 0
9662 0.00 0.00 0.00 0
9663 0.00 0.00 0.00 0
9664 0.00 0.00 0.00 0
9665 0.00 0.00 0.00 0
9666 0.00 0.00 0.00 0
9667 0.00 0.00 0.00 0
9668 0.00 0.00 0.00 0
10576 0.00 0.00 0.00 0
10577 0.00 0.00 0.00 0
10578 0.00 0.00 0.00 0
11177 0.00 0.00 0.00 0
12046 0.00 0.00 0.00 0
12047 0.00 0.00 0.00 0
12048 0.00 0.00 0.00 0
12049 0.00 0.00 0.00 0
12050 0.00 0.00 0.00 0
12051 0.00 0.00 0.00 0
12052 0.00 0.00 0.00 0
12053 0.00 0.00 0.00 0
12054 0.00 0.00 0.00 0
12055 0.00 0.00 0.00 0
12056 0.00 0.00 0.00 0
12947 0.00 0.00 0.00 0
12948 0.00 0.00 0.00 0
12949 0.00 0.00 0.00 0
12950 0.00 0.00 0.00 0
12951 0.00 0.00 0.00 0
12952 0.00 0.00 0.00 0
12953 0.00 0.00 0.00 0
12954 0.00 0.00 0.00 0
12955 0.00 0.00 0.00 0
12956 0.00 0.00 0.00 0
12957 0.00 0.00 0.00 0
12958 0.00 0.00 0.00 0
12959 0.00 0.00 0.00 0
12960 0.00 0.00 0.00 0
12961 0.00 0.00 0.00 0
13329 0.00 0.00 0.00 0
13331 0.00 0.00 0.00 0
14446 0.00 0.00 0.00 0
14447 0.00 0.00 0.00 0
14448 0.00 0.00 0.00 0
14449 0.00 0.00 0.00 0
14450 0.00 0.00 0.00 0
14451 0.00 0.00 0.00 0
14452 0.00 0.00 0.00 0
14453 0.00 0.00 0.00 0
15349 0.00 0.00 0.00 0
15350 0.00 0.00 0.00 0
15351 0.00 0.00 0.00 0
16246 0.00 0.00 0.00 0
16247 0.00 0.00 0.00 0
16248 0.00 0.00 0.00 0
16249 0.00 0.00 0.00 0
16250 0.00 0.00 0.00 0
16251 0.00 0.00 0.00 0
16252 0.00 0.00 0.00 0
16253 0.00 0.00 0.00 0
16255 0.00 0.00 0.00 0
16260 0.00 0.00 0.00 0
17150 0.00 0.00 0.00 0
18859 0.00 0.00 0.00 0
18860 0.00 0.00 0.00 0
18861 0.00 0.00 0.00 0
18862 0.00 0.00 0.00 0
18863 0.00 0.00 0.00 0
18864 0.00 0.00 0.00 0
18865 0.00 0.00 0.00 0
18866 0.00 0.00 0.00 0
18867 0.00 0.00 0.00 0
18868 0.00 0.00 0.00 0
18869 0.00 0.00 0.00 0
18870 0.00 0.00 0.00 0
18871 0.00 0.00 0.00 0
18872 0.00 0.00 0.00 0
18873 0.00 0.00 0.00 0
18874 0.00 0.00 0.00 0
18875 0.00 0.00 0.00 0
18876 0.00 0.00 0.00 0
18877 0.00 0.00 0.00 0
18878 0.00 0.00 0.00 0
18879 0.00 0.00 0.00 0
18880 0.00 0.00 0.00 0
18881 0.00 0.00 0.00 0
18882 0.00 0.00 0.00 0
18883 0.00 0.00 0.00 0
18884 0.00 0.00 0.00 0
18885 0.00 0.00 0.00 0
18886 0.00 0.00 0.00 0
18887 0.00 0.00 0.00 0
18888 0.00 0.00 0.00 0
18889 0.00 0.00 0.00 0
18890 0.00 0.00 0.00 0
18891 0.00 0.00 0.00 0
18892 0.00 0.00 0.00 0
18893 0.00 0.00 0.00 0
18894 0.00 0.00 0.00 0
18895 0.00 0.00 0.00 0
18896 0.00 0.00 0.00 0
21558 0.00 0.00 0.00 0
21559 0.00 0.00 0.00 0
21560 0.00 0.00 0.00 0
21561 0.00 0.00 0.00 0
21564 0.00 0.00 0.00 0
21565 0.00 0.00 0.00 0
21566 0.00 0.00 0.00 0
21567 0.00 0.00 0.00 0
21568 0.00 0.00 0.00 0
21569 0.00 0.00 0.00 0
21570 0.00 0.00 0.00 0
21571 0.00 0.00 0.00 0
21572 0.00 0.00 0.00 0
21573 0.00 0.00 0.00 0
21574 0.00 0.00 0.00 0
21575 0.00 0.00 0.00 0
21576 0.00 0.00 0.00 0
21580 0.00 0.00 0.00 0
21581 0.00 0.00 0.00 0
21582 0.00 0.00 0.00 0
21583 0.00 0.00 0.00 0
21584 0.00 0.00 0.00 0
21585 0.00 0.00 0.00 0
21586 0.00 0.00 0.00 0
21587 0.00 0.00 0.00 0
21588 0.00 0.00 0.00 0
21589 0.00 0.00 0.00 0
21590 0.00 0.00 0.00 0
21591 0.00 0.00 0.00 0
21592 0.00 0.00 0.00 0
21593 0.00 0.00 0.00 0
21594 0.00 0.00 0.00 0
21595 0.00 0.00 0.00 0
21596 0.00 0.00 0.00 0
21597 0.00 0.00 0.00 0
21598 0.00 0.00 0.00 0
21599 0.00 0.00 0.00 0
21600 0.00 0.00 0.00 0
21601 0.00 0.00 0.00 0
21602 0.00 0.00 0.00 0
21603 0.00 0.00 0.00 0
21604 0.00 0.00 0.00 0
21605 0.00 0.00 0.00 0
22706 0.00 0.00 0.00 0
23644 0.00 0.00 0.00 0
23645 0.00 0.00 0.00 0
23646 0.00 0.00 0.00 0
23647 0.00 0.00 0.00 0
23648 0.00 0.00 0.00 0
24414 0.00 0.00 0.00 0
24416 0.00 0.00 0.00 0
24724 0.00 0.00 0.00 0
24725 0.00 0.00 0.00 0
24726 0.00 0.00 0.00 0
24727 0.00 0.00 0.00 0
24728 0.00 0.00 0.00 0
26292 0.00 0.00 0.00 0
26293 0.00 0.00 0.00 0
26294 0.00 0.00 0.00 0
26295 0.00 0.00 0.00 0
26296 0.00 0.00 0.00 0
26297 0.00 0.00 0.00 0
26298 0.00 0.00 0.00 0
26299 0.00 0.00 0.00 0
26300 0.00 0.00 0.00 0
26301 0.00 0.00 0.00 0
26302 0.00 0.00 0.00 0
26303 0.00 0.00 0.00 0
26304 0.00 0.00 0.00 0
26305 0.00 0.00 0.00 0
26306 0.00 0.00 0.00 0
26307 0.00 0.00 0.00 0
26308 0.00 0.00 0.00 0
26310 0.00 0.00 0.00 0
27913 0.00 0.00 0.00 0
27914 0.00 0.00 0.00 0
27915 0.00 0.00 0.00 0
27916 0.00 0.00 0.00 0
27917 0.00 0.00 0.00 0
27918 0.00 0.00 0.00 0
27919 0.00 0.00 0.00 0
27920 0.00 0.00 0.00 0
27921 0.00 0.00 0.00 0
27922 0.00 0.00 0.00 0
27923 0.00 0.00 0.00 0
27924 0.00 0.00 0.00 0
27925 0.00 0.00 0.00 0
27926 0.00 0.00 0.00 0
27927 0.00 0.00 0.00 0
27928 0.00 0.00 0.00 0
27929 0.00 0.00 0.00 0
27930 0.00 0.00 0.00 0
27931 0.00 0.00 0.00 0
27932 0.00 0.00 0.00 0
27933 0.00 0.00 0.00 0
27934 0.00 0.00 0.00 0
27935 0.00 0.00 0.00 0
27936 0.00 0.00 0.00 0
27937 0.00 0.00 0.00 0
27938 0.00 0.00 0.00 0
27939 0.00 0.00 0.00 0
28599 0.00 0.00 0.00 0
28600 0.00 0.00 0.00 0
28601 0.00 0.00 0.00 0
30208 0.00 0.00 0.00 0
30209 0.00 0.00 0.00 0
30210 0.00 0.00 0.00 0
30211 0.00 0.00 0.00 0
30212 0.00 0.00 0.00 0
30213 0.00 0.00 0.00 0
30214 0.00 0.00 0.00 0
30215 0.00 0.00 0.00 0
30216 0.00 0.00 0.00 0
30217 0.00 0.00 0.00 0
30218 0.00 0.00 0.00 0
30219 0.00 0.00 0.00 0
30220 0.00 0.00 0.00 0
31474 0.00 0.00 0.00 0
31475 0.00 0.00 0.00 0
31476 0.00 0.00 0.00 0
31481 0.00 0.00 0.00 0
31484 0.00 0.00 0.00 0
31485 0.00 0.00 0.00 0
31486 0.00 0.00 0.00 0
32006 0.00 0.00 0.00 0
32674 0.00 0.00 0.00 0
32675 0.00 0.00 0.00 0
32676 0.00 0.00 0.00 0
32677 0.00 0.00 0.00 0
32678 0.00 0.00 0.00 0
32679 0.00 0.00 0.00 0
32680 0.00 0.00 0.00 0
32681 0.00 0.00 0.00 0
32682 0.00 0.00 0.00 0
32683 0.00 0.00 0.00 0
32684 0.00 0.00 0.00 0
32685 0.00 0.00 0.00 0
32686 0.00 0.00 0.00 0
32687 0.00 0.00 0.00 0
32689 0.00 0.00 0.00 0
32690 0.00 0.00 0.00 0
32691 0.00 0.00 0.00 0
32692 0.00 0.00 0.00 0
32693 0.00 0.00 0.00 0
33820 0.00 0.00 0.00 0
33821 0.00 0.00 0.00 0
33832 0.00 0.00 0.00 0
35932 0.00 0.00 0.00 0
35933 0.00 0.00 0.00 0
35934 0.00 0.00 0.00 0
35935 0.00 0.00 0.00 0
35936 0.00 0.00 0.00 0
35937 0.00 0.00 0.00 0
35938 0.00 0.00 0.00 0
35939 0.00 0.00 0.00 0
35940 0.00 0.00 0.00 0
35941 0.00 0.00 0.00 0
35942 0.00 0.00 0.00 0
35943 0.00 0.00 0.00 0
35944 0.00 0.00 0.00 0
35945 0.00 0.00 0.00 0
35946 0.00 0.00 0.00 0
35947 0.00 0.00 0.00 0
35948 0.00 0.00 0.00 0
35949 0.00 0.00 0.00 0
35950 0.00 0.00 0.00 0
35951 0.00 0.00 0.00 0
35952 0.00 0.00 0.00 0
35953 0.00 0.00 0.00 0
35955 0.00 0.00 0.00 0
35956 0.00 0.00 0.00 0
35957 0.00 0.00 0.00 0
35958 0.00 0.00 0.00 0
35959 0.00 0.00 0.00 0
35960 0.00 0.00 0.00 0
35961 0.00 0.00 0.00 0
35962 0.00 0.00 0.00 0
35963 0.00 0.00 0.00 0
35964 0.00 0.00 0.00 0
35965 0.00 0.00 0.00 0
35966 0.00 0.00 0.00 0
35967 0.00 0.00 0.00 0
35968 0.00 0.00 0.00 0
35969 0.00 0.00 0.00 0
35970 0.00 0.00 0.00 0
35971 0.00 0.00 0.00 0
35972 0.00 0.00 0.00 0
35973 0.00 0.00 0.00 0
35974 0.00 0.00 0.00 0
35975 0.00 0.00 0.00 0
35977 0.00 0.00 0.00 0
35978 0.00 0.00 0.00 0
35979 0.00 0.00 0.00 0
35980 0.00 0.00 0.00 0
39187 0.00 0.00 0.00 0
39188 0.00 0.00 0.00 0
39189 0.00 0.00 0.00 0
39192 0.00 0.00 0.00 0
39193 0.00 0.00 0.00 0
39194 0.00 0.00 0.00 0
39195 0.00 0.00 0.00 0
39196 0.00 0.00 0.00 0
39197 0.00 0.00 0.00 0
39198 0.00 0.00 0.00 0
39199 0.00 0.00 0.00 0
39200 0.00 0.00 0.00 0
39201 0.00 0.00 0.00 0
39202 0.00 0.00 0.00 0
39203 0.00 0.00 0.00 0
39204 0.00 0.00 0.00 0
39205 0.00 0.00 0.00 0
39206 0.00 0.00 0.00 0
39207 0.00 0.00 0.00 0
39209 0.00 0.00 0.00 0
39210 0.00 0.00 0.00 0
39213 0.00 0.00 0.00 0
39214 0.00 0.00 0.00 0
39215 0.00 0.00 0.00 0
39216 0.00 0.00 0.00 0
39217 0.00 0.00 0.00 0
39218 0.00 0.00 0.00 0
39219 0.00 0.00 0.00 0
39220 0.00 0.00 0.00 0
39221 0.00 0.00 0.00 0
39222 0.00 0.00 0.00 0
39223 0.00 0.00 0.00 0
39224 0.00 0.00 0.00 0
39225 0.00 0.00 0.00 0
39226 0.00 0.00 0.00 0
39227 0.00 0.00 0.00 0
39228 0.00 0.00 0.00 0
39229 0.00 0.00 0.00 0
39230 0.00 0.00 0.00 0
39231 0.00 0.00 0.00 0
39232 0.00 0.00 0.00 0
39233 0.00 0.00 0.00 0
39234 0.00 0.00 0.00 0
39235 0.00 0.00 0.00 0
39236 0.00 0.00 0.00 0
39237 0.00 0.00 0.00 0
39238 0.00 0.00 0.00 0
39239 0.00 0.00 0.00 0
39240 0.00 0.00 0.00 0
39241 0.00 0.00 0.00 0
40561 0.00 0.00 0.00 0
41296 0.00 0.00 0.00 0
41297 0.00 0.00 0.00 0
41298 0.00 0.00 0.00 0
42766 0.00 0.00 0.00 0
42767 0.00 0.00 0.00 0
42768 0.00 0.00 0.00 0
42769 0.00 0.00 0.00 0
42770 0.00 0.00 0.00 0
42771 0.00 0.00 0.00 0
42772 0.00 0.00 0.00 0
42773 0.00 0.00 0.00 0
42774 0.00 0.00 0.00 0
42775 0.00 0.00 0.00 0
42776 0.00 0.00 0.00 0
43667 0.00 0.00 0.00 0
43668 0.00 0.00 0.00 0
43669 0.00 0.00 0.00 0
43670 0.00 0.00 0.00 0
43671 0.00 0.00 0.00 0
43673 0.00 0.00 0.00 0
43675 0.00 0.00 0.00 0
43676 0.00 0.00 0.00 0
43677 0.00 0.00 0.00 0
43678 0.00 0.00 0.00 0
43679 0.00 0.00 0.00 0
43680 0.00 0.00 0.00 0
43681 0.00 0.00 0.00 0
44049 0.00 0.00 0.00 0
44050 0.00 0.00 0.00 0
44051 0.00 0.00 0.00 0
45166 0.00 0.00 0.00 0
45167 0.00 0.00 0.00 0
45168 0.00 0.00 0.00 0
45169 0.00 0.00 0.00 0
45170 0.00 0.00 0.00 0
45171 0.00 0.00 0.00 0
45172 0.00 0.00 0.00 0
45173 0.00 0.00 0.00 0
46068 0.00 0.00 0.00 0
46069 0.00 0.00 0.00 0
46070 0.00 0.00 0.00 0
46071 0.00 0.00 0.00 0
46966 0.00 0.00 0.00 0
46967 0.00 0.00 0.00 0
46968 0.00 0.00 0.00 0
46969 0.00 0.00 0.00 0
46970 0.00 0.00 0.00 0
46971 0.00 0.00 0.00 0
46972 0.00 0.00 0.00 0
46973 0.00 0.00 0.00 0
49579 0.00 0.00 0.00 0
49580 0.00 0.00 0.00 0
49581 0.00 0.00 0.00 0
49582 0.00 0.00 0.00 0
49583 0.00 0.00 0.00 0
49584 0.00 0.00 0.00 0
49585 0.00 0.00 0.00 0
49586 0.00 0.00 0.00 0
49587 0.00 0.00 0.00 0
49588 0.00 0.00 0.00 0
49589 0.00 0.00 0.00 0
49590 0.00 0.00 0.00 0
49591 0.00 0.00 0.00 0
49592 0.00 0.00 0.00 0
49593 0.00 0.00 0.00 0
49594 0.00 0.00 0.00 0
49595 0.00 0.00 0.00 0
49596 0.00 0.00 0.00 0
49597 0.00 0.00 0.00 0
49598 0.00 0.00 0.00 0
49599 0.00 0.00 0.00 0
49600 0.00 0.00 0.00 0
49601 0.00 0.00 0.00 0
49602 0.00 0.00 0.00 0
49603 0.00 0.00 0.00 0
49604 0.00 0.00 0.00 0
49605 0.00 0.00 0.00 0
49606 0.00 0.00 0.00 0
49607 0.00 0.00 0.00 0
49608 0.00 0.00 0.00 0
49609 0.00 0.00 0.00 0
49610 0.00 0.00 0.00 0
49611 0.00 0.00 0.00 0
49612 0.00 0.00 0.00 0
49613 0.00 0.00 0.00 0
49614 0.00 0.00 0.00 0
49615 0.00 0.00 0.00 0
49616 0.00 0.00 0.00 0
52278 0.00 0.00 0.00 0
52279 0.00 0.00 0.00 0
52280 0.00 0.00 0.00 0
52281 0.00 0.00 0.00 0
52284 0.00 0.00 0.00 0
52285 0.00 0.00 0.00 0
52286 0.00 0.00 0.00 0
52287 0.00 0.00 0.00 0
52288 0.00 0.00 0.00 0
52289 0.00 0.00 0.00 0
52290 0.00 0.00 0.00 0
52291 0.00 0.00 0.00 0
52292 0.00 0.00 0.00 0
52293 0.00 0.00 0.00 0
52294 0.00 0.00 0.00 0
52295 0.00 0.00 0.00 0
52296 0.00 0.00 0.00 0
52300 0.00 0.00 0.00 0
52301 0.00 0.00 0.00 0
52302 0.00 0.00 0.00 0
52303 0.00 0.00 0.00 0
52304 0.00 0.00 0.00 0
52305 0.00 0.00 0.00 0
52306 0.00 0.00 0.00 0
52307 0.00 0.00 0.00 0
52308 0.00 0.00 0.00 0
52309 0.00 0.00 0.00 0
52310 0.00 0.00 0.00 0
52311 0.00 0.00 0.00 0
52312 0.00 0.00 0.00 0
52313 0.00 0.00 0.00 0
52314 0.00 0.00 0.00 0
52315 0.00 0.00 0.00 0
52316 0.00 0.00 0.00 0
52317 0.00 0.00 0.00 0
52318 0.00 0.00 0.00 0
52319 0.00 0.00 0.00 0
52320 0.00 0.00 0.00 0
52321 0.00 0.00 0.00 0
52322 0.00 0.00 0.00 0
52323 0.00 0.00 0.00 0
52324 0.00 0.00 0.00 0
52325 0.00 0.00 0.00 0
52326 0.00 0.00 0.00 0
53424 0.00 0.00 0.00 0
53426 0.00 0.00 0.00 0
54766 0.00 0.00 0.00 0
54767 0.00 0.00 0.00 0
54768 0.00 0.00 0.00 0
54769 0.00 0.00 0.00 0
54770 0.00 0.00 0.00 0
54771 0.00 0.00 0.00 0
54772 0.00 0.00 0.00 0
54773 0.00 0.00 0.00 0
55671 0.00 0.00 0.00 0
56049 0.00 0.00 0.00 0
56050 0.00 0.00 0.00 0
56051 0.00 0.00 0.00 0
56566 0.00 0.00 0.00 0
56567 0.00 0.00 0.00 0
56568 0.00 0.00 0.00 0
56569 0.00 0.00 0.00 0
56570 0.00 0.00 0.00 0
56571 0.00 0.00 0.00 0
56572 0.00 0.00 0.00 0
56573 0.00 0.00 0.00 0
59176 0.00 0.00 0.00 0
59177 0.00 0.00 0.00 0
59178 0.00 0.00 0.00 0
59179 0.00 0.00 0.00 0
59181 0.00 0.00 0.00 0
59182 0.00 0.00 0.00 0
59183 0.00 0.00 0.00 0
59184 0.00 0.00 0.00 0
59185 0.00 0.00 0.00 0
59186 0.00 0.00 0.00 0
59187 0.00 0.00 0.00 0
59188 0.00 0.00 0.00 0
59189 0.00 0.00 0.00 0
59190 0.00 0.00 0.00 0
59191 0.00 0.00 0.00 0
59192 0.00 0.00 0.00 0
59193 0.00 0.00 0.00 0
59194 0.00 0.00 0.00 0
59195 0.00 0.00 0.00 0
59196 0.00 0.00 0.00 0
59197 0.00 0.00 0.00 0
59198 0.00 0.00 0.00 0
59199 0.00 0.00 0.00 0
59200 0.00 0.00 0.00 0
59201 0.00 0.00 0.00 0
59202 0.00 0.00 0.00 0
59203 0.00 0.00 0.00 0
59204 0.00 0.00 0.00 0
59205 0.00 0.00 0.00 0
59206 0.00 0.00 0.00 0
61882 0.00 0.00 0.00 0
61883 0.00 0.00 0.00 0
61884 0.00 0.00 0.00 0
61885 0.00 0.00 0.00 0
61886 0.00 0.00 0.00 0
61887 0.00 0.00 0.00 0
61888 0.00 0.00 0.00 0
61889 0.00 0.00 0.00 0
61890 0.00 0.00 0.00 0
61891 0.00 0.00 0.00 0
61892 0.00 0.00 0.00 0
61893 0.00 0.00 0.00 0
61894 0.00 0.00 0.00 0
61895 0.00 0.00 0.00 0
61896 0.00 0.00 0.00 0
61897 0.00 0.00 0.00 0
61898 0.00 0.00 0.00 0
61899 0.00 0.00 0.00 0
61900 0.00 0.00 0.00 0
61901 0.00 0.00 0.00 0
61902 0.00 0.00 0.00 0
61903 0.00 0.00 0.00 0
61904 0.00 0.00 0.00 0
61905 0.00 0.00 0.00 0
61906 0.00 0.00 0.00 0
61907 0.00 0.00 0.00 0
61908 0.00 0.00 0.00 0
61909 0.00 0.00 0.00 0
61910 0.00 0.00 0.00 0
61911 0.00 0.00 0.00 0
61912 0.00 0.00 0.00 0
61913 0.00 0.00 0.00 0
61914 0.00 0.00 0.00 0
61915 0.00 0.00 0.00 0
61916 0.00 0.00 0.00 0
61917 0.00 0.00 0.00 0
61918 0.00 0.00 0.00 0
61919 0.00 0.00 0.00 0
61920 0.00 0.00 0.00 0
61921 0.00 0.00 0.00 0
61922 0.00 0.00 0.00 0
61923 0.00 0.00 0.00 0
61924 0.00 0.00 0.00 0
61925 0.00 0.00 0.00 0
61926 0.00 0.00 0.00 0
63024 0.00 0.00 0.00 0
63025 0.00 0.00 0.00 0
63026 0.00 0.00 0.00 0
66376 0.00 0.00 0.00 0
66377 0.00 0.00 0.00 0
66378 0.00 0.00 0.00 0
66379 0.00 0.00 0.00 0
66380 0.00 0.00 0.00 0
66381 0.00 0.00 0.00 0
66382 0.00 0.00 0.00 0
66383 0.00 0.00 0.00 0
66384 0.00 0.00 0.00 0
66385 0.00 0.00 0.00 0
66386 0.00 0.00 0.00 0
66387 0.00 0.00 0.00 0
66388 0.00 0.00 0.00 0
66389 0.00 0.00 0.00 0
66390 0.00 0.00 0.00 0
66391 0.00 0.00 0.00 0
66392 0.00 0.00 0.00 0
66393 0.00 0.00 0.00 0
66394 0.00 0.00 0.00 0
66395 0.00 0.00 0.00 0
66396 0.00 0.00 0.00 0
66397 0.00 0.00 0.00 0
66398 0.00 0.00 0.00 0
69090 0.00 0.00 0.00 0
69091 0.00 0.00 0.00 0
69092 0.00 0.00 0.00 0
69093 0.00 0.00 0.00 0
69094 0.00 0.00 0.00 0
69095 0.00 0.00 0.00 0
69096 0.00 0.00 0.00 0
69113 0.00 0.00 0.00 0
69114 0.00 0.00 0.00 0
69116 0.00 0.00 0.00 0
71776 0.00 0.00 0.00 0
71777 0.00 0.00 0.00 0
71778 0.00 0.00 0.00 0
71779 0.00 0.00 0.00 0
71780 0.00 0.00 0.00 0
71781 0.00 0.00 0.00 0
71782 0.00 0.00 0.00 0
71783 0.00 0.00 0.00 0
71784 0.00 0.00 0.00 0
71785 0.00 0.00 0.00 0
71786 0.00 0.00 0.00 0
71787 0.00 0.00 0.00 0
71788 0.00 0.00 0.00 0
71789 0.00 0.00 0.00 0
71790 0.00 0.00 0.00 0
71791 0.00 0.00 0.00 0
71792 0.00 0.00 0.00 0
71793 0.00 0.00 0.00 0
71794 0.00 0.00 0.00 0
71795 0.00 0.00 0.00 0
71796 0.00 0.00 0.00 0
71797 0.00 0.00 0.00 0
71798 0.00 0.00 0.00 0
71802 0.00 0.00 0.00 0
71803 0.00 0.00 0.00 0
71804 0.00 0.00 0.00 0
71805 0.00 0.00 0.00 0
71806 0.00 0.00 0.00 0
71810 0.00 0.00 0.00 0
71811 0.00 0.00 0.00 0
71812 0.00 0.00 0.00 0
71813 0.00 0.00 0.00 0
71814 0.00 0.00 0.00 0
71815 0.00 0.00 0.00 0
71816 0.00 0.00 0.00 0
71817 0.00 0.00 0.00 0
71818 0.00 0.00 0.00 0
71819 0.00 0.00 0.00 0
71820 0.00 0.00 0.00 0
71821 0.00 0.00 0.00 0
71822 0.00 0.00 0.00 0
74490 0.00 0.00 0.00 0
74493 0.00 0.00 0.00 0
74518 0.00 0.00 0.00 0
74519 0.00 0.00 0.00 0
74520 0.00 0.00 0.00 0
74521 0.00 0.00 0.00 0
79617 0.00 0.00 0.00 0
79618 0.00 0.00 0.00 0
79619 0.00 0.00 0.00 0
79620 0.00 0.00 0.00 0
79621 0.00 0.00 0.00 0
79622 0.00 0.00 0.00 0
79623 0.00 0.00 0.00 0
79624 0.00 0.00 0.00 0
79625 0.00 0.00 0.00 0
79626 0.00 0.00 0.00 0
79627 0.00 0.00 0.00 0
79628 0.00 0.00 0.00 0
79629 0.00 0.00 0.00 0
79630 0.00 0.00 0.00 0
79631 0.00 0.00 0.00 0
79632 0.00 0.00 0.00 0
79633 0.00 0.00 0.00 0
79634 0.00 0.00 0.00 0
79635 0.00 0.00 0.00 0
79636 0.00 0.00 0.00 0
79637 0.00 0.00 0.00 0
79638 0.00 0.00 0.00 0
79639 0.00 0.00 0.00 0
79640 0.00 0.00 0.00 0
79641 0.00 0.00 0.00 0
79642 0.00 0.00 0.00 0
79643 0.00 0.00 0.00 0
79644 0.00 0.00 0.00 0
79645 0.00 0.00 0.00 0
79646 0.00 0.00 0.00 0
79647 0.00 0.00 0.00 0
79648 0.00 0.00 0.00 0
79649 0.00 0.00 0.00 0
79650 0.00 0.00 0.00 0
79651 0.00 0.00 0.00 0
79652 0.00 0.00 0.00 0
79653 0.00 0.00 0.00 0
79654 0.00 0.00 0.00 0
79655 0.00 0.00 0.00 0
79656 0.00 0.00 0.00 0
79657 0.00 0.00 0.00 0
79658 0.00 0.00 0.00 0
79659 0.00 0.00 0.00 0
79660 0.00 0.00 0.00 0
79661 0.00 0.00 0.00 0
79662 0.00 0.00 0.00 0
79663 0.00 0.00 0.00 0
79664 0.00 0.00 0.00 0
79665 0.00 0.00 0.00 0
79666 0.00 0.00 0.00 0
79667 0.00 0.00 0.00 0
79668 0.00 0.00 0.00 0
79669 0.00 0.00 0.00 0
79670 0.00 0.00 0.00 0
79671 0.00 0.00 0.00 0
79672 0.00 0.00 0.00 0
79673 0.00 0.00 0.00 0
79674 0.00 0.00 0.00 0
79675 0.00 0.00 0.00 0
79676 0.00 0.00 0.00 0
79677 0.00 0.00 0.00 0
79678 0.00 0.00 0.00 0
79679 0.00 0.00 0.00 0
79680 0.00 0.00 0.00 0
79681 0.00 0.00 0.00 0
79682 0.00 0.00 0.00 0
79683 0.00 0.00 0.00 0
79684 0.00 0.00 0.00 0
79685 0.00 0.00 0.00 0
79686 0.00 0.00 0.00 0
79687 0.00 0.00 0.00 0
79688 0.00 0.00 0.00 0
79689 0.00 0.00 0.00 0
79690 0.00 0.00 0.00 0
79691 0.00 0.00 0.00 0
79692 0.00 0.00 0.00 0
79693 0.00 0.00 0.00 0
79694 0.00 0.00 0.00 0
79695 0.00 0.00 0.00 0
79696 0.00 0.00 0.00 0
79697 0.00 0.00 0.00 0
79698 0.00 0.00 0.00 0
79699 0.00 0.00 0.00 0
79700 0.00 0.00 0.00 0
79701 0.00 0.00 0.00 0
79702 0.00 0.00 0.00 0
79703 0.00 0.00 0.00 0
79704 0.00 0.00 0.00 0
79705 0.00 0.00 0.00 0
79706 0.00 0.00 0.00 0
79707 0.00 0.00 0.00 0
79708 0.00 0.00 0.00 0
79709 0.00 0.00 0.00 0
79710 0.00 0.00 0.00 0
79711 0.00 0.00 0.00 0
79712 0.00 0.00 0.00 0
79713 0.00 0.00 0.00 0
79714 0.00 0.00 0.00 0
79715 0.00 0.00 0.00 0
79716 0.00 0.00 0.00 0
79717 0.00 0.00 0.00 0
79718 0.00 0.00 0.00 0
79719 0.00 0.00 0.00 0
79720 0.00 0.00 0.00 0
79721 0.00 0.00 0.00 0
79722 0.00 0.00 0.00 0
79723 0.00 0.00 0.00 0
79724 0.00 0.00 0.00 0
79725 0.00 0.00 0.00 0
79726 0.00 0.00 0.00 0
79732 0.00 0.00 0.00 0
79733 0.00 0.00 0.00 0
79734 0.00 0.00 0.00 0
79735 0.00 0.00 0.00 0
79736 0.00 0.00 0.00 0
87715 0.00 0.00 0.00 0
87721 0.00 0.00 0.00 0
87722 0.00 0.00 0.00 0
87723 0.00 0.00 0.00 0
87724 0.00 0.00 0.00 0
87725 0.00 0.00 0.00 0
87726 0.00 0.00 0.00 0
87734 0.00 0.00 0.00 0
87735 0.00 0.00 0.00 0
87736 0.00 0.00 0.00 0
87737 0.00 0.00 0.00 0
87738 0.00 0.00 0.00 0
87739 0.00 0.00 0.00 0
87740 0.00 0.00 0.00 0
87741 0.00 0.00 0.00 0
87742 0.00 0.00 0.00 0
87743 0.00 0.00 0.00 0
87744 0.00 0.00 0.00 0
87745 0.00 0.00 0.00 0
87746 0.00 0.00 0.00 0
87747 0.00 0.00 0.00 0
87748 0.00 0.00 0.00 0
87749 0.00 0.00 0.00 0
87750 0.00 0.00 0.00 0
87751 0.00 0.00 0.00 0
87752 0.00 0.00 0.00 0
87753 0.00 0.00 0.00 0
87754 0.00 0.00 0.00 0
87755 0.00 0.00 0.00 0
87756 0.00 0.00 0.00 0
87757 0.00 0.00 0.00 0
87758 0.00 0.00 0.00 0
87759 0.00 0.00 0.00 0
87760 0.00 0.00 0.00 0
87761 0.00 0.00 0.00 0
87762 0.00 0.00 0.00 0
87763 0.00 0.00 0.00 0
87764 0.00 0.00 0.00 0
87765 0.00 0.00 0.00 0
87766 0.00 0.00 0.00 0
87767 0.00 0.00 0.00 0
87768 0.00 0.00 0.00 0
87769 0.00 0.00 0.00 0
87770 0.00 0.00 0.00 0
87771 0.00 0.00 0.00 0
87777 0.00 0.00 0.00 0
87778 0.00 0.00 0.00 0
87779 0.00 0.00 0.00 0
87780 0.00 0.00 0.00 0
87783 0.00 0.00 0.00 0
87785 0.00 0.00 0.00 0
87786 0.00 0.00 0.00 0
87787 0.00 0.00 0.00 0
87788 0.00 0.00 0.00 0
87789 0.00 0.00 0.00 0
87790 0.00 0.00 0.00 0
87791 0.00 0.00 0.00 0
87792 0.00 0.00 0.00 0
87793 0.00 0.00 0.00 0
87794 0.00 0.00 0.00 0
87796 0.00 0.00 0.00 0
87797 0.00 0.00 0.00 0
87798 0.00 0.00 0.00 0
87799 0.00 0.00 0.00 0
87800 0.00 0.00 0.00 0
87801 0.00 0.00 0.00 0
87802 0.00 0.00 0.00 0
87803 0.00 0.00 0.00 0
87804 0.00 0.00 0.00 0
87805 0.00 0.00 0.00 0
87806 0.00 0.00 0.00 0
87807 0.00 0.00 0.00 0
87808 0.00 0.00 0.00 0
87809 0.00 0.00 0.00 0
87810 0.00 0.00 0.00 0
87811 0.00 0.00 0.00 0
87812 0.00 0.00 0.00 0
87813 0.00 0.00 0.00 0
87814 0.00 0.00 0.00 0
87815 0.00 0.00 0.00 0
87816 0.00 0.00 0.00 0
87817 0.00 0.00 0.00 0
87818 0.00 0.00 0.00 0
87819 0.00 0.00 0.00 0
87820 0.00 0.00 0.00 0
87821 0.00 0.00 0.00 0
87822 0.00 0.00 0.00 0
87823 0.00 0.00 0.00 0
87824 0.00 0.00 0.00 0
87825 0.00 0.00 0.00 0
87826 0.00 0.00 0.00 0
87827 0.00 0.00 0.00 0
87828 0.00 0.00 0.00 0
87829 0.00 0.00 0.00 0
87830 0.00 0.00 0.00 0
87831 0.00 0.00 0.00 0
87832 0.00 0.00 0.00 0
87833 0.00 0.00 0.00 0
87834 0.00 0.00 0.00 0
87835 0.00 0.00 0.00 0
87836 0.00 0.00 0.00 0
87837 0.00 0.00 0.00 0
87838 0.00 0.00 0.00 0
87839 0.00 0.00 0.00 0
87840 0.00 0.00 0.00 0
87841 0.00 0.00 0.00 0
87842 0.00 0.00 0.00 0
87843 0.00 0.00 0.00 0
87844 0.00 0.00 0.00 0
87845 0.00 0.00 0.00 0
87846 0.00 0.00 0.00 0
87847 0.00 0.00 0.00 0
87848 0.00 0.00 0.00 0
87849 0.00 0.00 0.00 0
87850 0.00 0.00 0.00 0
87851 0.00 0.00 0.00 0
87852 0.00 0.00 0.00 0
87853 0.00 0.00 0.00 0
87854 0.00 0.00 0.00 0
87855 0.00 0.00 0.00 0
87856 0.00 0.00 0.00 0
87885 0.00 0.00 0.00 0
91157 0.00 0.00 0.00 0
91158 0.00 0.00 0.00 0
92764 0.00 0.00 0.00 0
92765 0.00 0.00 0.00 0
92766 0.00 0.00 0.00 0
92767 0.00 0.00 0.00 0
92768 0.00 0.00 0.00 0
93534 0.00 0.00 0.00 0
93535 0.00 0.00 0.00 0
93844 0.00 0.00 0.00 0
93845 0.00 0.00 0.00 0
95410 0.00 0.00 0.00 0
95411 0.00 0.00 0.00 0
95412 0.00 0.00 0.00 0
95413 0.00 0.00 0.00 0
95414 0.00 0.00 0.00 0
95415 0.00 0.00 0.00 0
95416 0.00 0.00 0.00 0
95417 0.00 0.00 0.00 0
95418 0.00 0.00 0.00 0
95419 0.00 0.00 0.00 0
95420 0.00 0.00 0.00 0
95421 0.00 0.00 0.00 0
95422 0.00 0.00 0.00 0
95423 0.00 0.00 0.00 0
95424 0.00 0.00 0.00 0
95425 0.00 0.00 0.00 0
95426 0.00 0.00 0.00 0
95427 0.00 0.00 0.00 0
95428 0.00 0.00 0.00 0
97033 0.00 0.00 0.00 0
97034 0.00 0.00 0.00 0
97035 0.00 0.00 0.00 0
97036 0.00 0.00 0.00 0
97037 0.00 0.00 0.00 0
97038 0.00 0.00 0.00 0
97039 0.00 0.00 0.00 0
97040 0.00 0.00 0.00 0
97041 0.00 0.00 0.00 0
97042 0.00 0.00 0.00 0
97043 0.00 0.00 0.00 0
97044 0.00 0.00 0.00 0
97045 0.00 0.00 0.00 0
97046 0.00 0.00 0.00 0
97047 0.00 0.00 0.00 0
97048 0.00 0.00 0.00 0
97049 0.00 0.00 0.00 0
97050 0.00 0.00 0.00 0
97051 0.00 0.00 0.00 0
97052 0.00 0.00 0.00 0
97053 0.00 0.00 0.00 0
97054 0.00 0.00 0.00 0
97055 0.00 0.00 0.00 0
97056 0.00 0.00 0.00 0
97057 0.00 0.00 0.00 0
97058 0.00 0.00 0.00 0
97059 0.00 0.00 0.00 0
97719 0.00 0.00 0.00 0
97720 0.00 0.00 0.00 0
97721 0.00 0.00 0.00 0
99730 0.00 0.00 0.00 0
99731 0.00 0.00 0.00 0
99732 0.00 0.00 0.00 0
99733 0.00 0.00 0.00 0
99734 0.00 0.00 0.00 0
99735 0.00 0.00 0.00 0
99736 0.00 0.00 0.00 0
99737 0.00 0.00 0.00 0
99738 0.00 0.00 0.00 0
99739 0.00 0.00 0.00 0
99740 0.00 0.00 0.00 0
99741 0.00 0.00 0.00 0
99742 0.00 0.00 0.00 0
99743 0.00 0.00 0.00 0
101358 0.00 0.00 0.00 0
101359 0.00 0.00 0.00 0
101360 0.00 0.00 0.00 0
101361 0.00 0.00 0.00 0
102970 0.00 0.00 0.00 0
102971 0.00 0.00 0.00 0
102972 0.00 0.00 0.00 0
102973 0.00 0.00 0.00 0
102974 0.00 0.00 0.00 0
102975 0.00 0.00 0.00 0
102976 0.00 0.00 0.00 0
102977 0.00 0.00 0.00 0
102978 0.00 0.00 0.00 0
102979 0.00 0.00 0.00 0
102980 0.00 0.00 0.00 0
102981 0.00 0.00 0.00 0
102982 0.00 0.00 0.00 0
102983 0.00 0.00 0.00 0
102987 0.00 0.00 0.00 0
102988 0.00 0.00 0.00 0
102994 0.00 0.00 0.00 0
102996 0.00 0.00 0.00 0
102997 0.00 0.00 0.00 0
104616 0.00 0.00 0.00 0
107673 0.00 0.00 0.00 0
107674 0.00 0.00 0.00 0
107675 0.00 0.00 0.00 0
107676 0.00 0.00 0.00 0
107677 0.00 0.00 0.00 0
107678 0.00 0.00 0.00 0
107679 0.00 0.00 0.00 0
107680 0.00 0.00 0.00 0
107681 0.00 0.00 0.00 0
107682 0.00 0.00 0.00 0
107683 0.00 0.00 0.00 0
107684 0.00 0.00 0.00 0
107685 0.00 0.00 0.00 0
107686 0.00 0.00 0.00 0
107687 0.00 0.00 0.00 0
107688 0.00 0.00 0.00 0
107689 0.00 0.00 0.00 0
107690 0.00 0.00 0.00 0
107691 0.00 0.00 0.00 0
107692 0.00 0.00 0.00 0
107693 0.00 0.00 0.00 0
107694 0.00 0.00 0.00 0
107695 0.00 0.00 0.00 0
107696 0.00 0.00 0.00 0
107697 0.00 0.00 0.00 0
107698 0.00 0.00 0.00 0
107699 0.00 0.00 0.00 0
107700 0.00 0.00 0.00 0
107701 0.00 0.00 0.00 0
107702 0.00 0.00 0.00 0
107703 0.00 0.00 0.00 0
107704 0.00 0.00 0.00 0
107705 0.00 0.00 0.00 0
107706 0.00 0.00 0.00 0
107707 0.00 0.00 0.00 0
107708 0.00 0.00 0.00 0
107709 0.00 0.00 0.00 0
107710 0.00 0.00 0.00 0
107711 0.00 0.00 0.00 0
107712 0.00 0.00 0.00 0
107713 0.00 0.00 0.00 0
107714 0.00 0.00 0.00 0
107715 0.00 0.00 0.00 0
107716 0.00 0.00 0.00 0
107717 0.00 0.00 0.00 0
107718 0.00 0.00 0.00 0
107719 0.00 0.00 0.00 0
107720 0.00 0.00 0.00 0
107721 0.00 0.00 0.00 0
107722 0.00 0.00 0.00 0
107723 0.00 0.00 0.00 0
107724 0.00 0.00 0.00 0
107725 0.00 0.00 0.00 0
107726 0.00 0.00 0.00 0
107727 0.00 0.00 0.00 0
107728 0.00 0.00 0.00 0
107729 0.00 0.00 0.00 0
107730 0.00 0.00 0.00 0
107731 0.00 0.00 0.00 0
107732 0.00 0.00 0.00 0
107733 0.00 0.00 0.00 0
107734 0.00 0.00 0.00 0
107735 0.00 0.00 0.00 0
107736 0.00 0.00 0.00 0
107737 0.00 0.00 0.00 0
107738 0.00 0.00 0.00 0
107739 0.00 0.00 0.00 0
107740 0.00 0.00 0.00 0
112534 0.00 0.00 0.00 0
112535 0.00 0.00 0.00 0
112536 0.00 0.00 0.00 0
112537 0.00 0.00 0.00 0
112538 0.00 0.00 0.00 0
112539 0.00 0.00 0.00 0
112544 0.00 0.00 0.00 0
112545 0.00 0.00 0.00 0
112546 0.00 0.00 0.00 0
112547 0.00 0.00 0.00 0
112548 0.00 0.00 0.00 0
112549 0.00 0.00 0.00 0
112550 0.00 0.00 0.00 0
112551 0.00 0.00 0.00 0
112552 0.00 0.00 0.00 0
112553 0.00 0.00 0.00 0
112554 0.00 0.00 0.00 0
112555 0.00 0.00 0.00 0
112556 0.00 0.00 0.00 0
112557 0.00 0.00 0.00 0
112558 0.00 0.00 0.00 0
112559 0.00 0.00 0.00 0
112560 0.00 0.00 0.00 0
112561 0.00 0.00 0.00 0
112562 0.00 0.00 0.00 0
112563 0.00 0.00 0.00 0
112564 0.00 0.00 0.00 0
112565 0.00 0.00 0.00 0
112566 0.00 0.00 0.00 0
112572 0.00 0.00 0.00 0
112573 0.00 0.00 0.00 0
112574 0.00 0.00 0.00 0
112575 0.00 0.00 0.00 0
112576 0.00 0.00 0.00 0
112577 0.00 0.00 0.00 0
112578 0.00 0.00 0.00 0
112579 0.00 0.00 0.00 0
112580 0.00 0.00 0.00 0
112581 0.00 0.00 0.00 0
112582 0.00 0.00 0.00 0
112583 0.00 0.00 0.00 0
112584 0.00 0.00 0.00 0
112585 0.00 0.00 0.00 0
112586 0.00 0.00 0.00 0
112587 0.00 0.00 0.00 0
112588 0.00 0.00 0.00 0
112589 0.00 0.00 0.00 0
112590 0.00 0.00 0.00 0
112591 0.00 0.00 0.00 0
112592 0.00 0.00 0.00 0
112593 0.00 0.00 0.00 0
112594 0.00 0.00 0.00 0
112595 0.00 0.00 0.00 0
112596 0.00 0.00 0.00 0
112597 0.00 0.00 0.00 0
112598 0.00 0.00 0.00 0
112599 0.00 0.00 0.00 0
112600 0.00 0.00 0.00 0
112601 0.00 0.00 0.00 0
112602 0.00 0.00 0.00 0
112603 0.00 0.00 0.00 0
112604 0.00 0.00 0.00 0
112605 0.00 0.00 0.00 0
112606 0.00 0.00 0.00 0
112607 0.00 0.00 0.00 0
112608 0.00 0.00 0.00 0
112609 0.00 0.00 0.00 0
112610 0.00 0.00 0.00 0
112611 0.00 0.00 0.00 0
112612 0.00 0.00 0.00 0
112613 0.00 0.00 0.00 0
112614 0.00 0.00 0.00 0
112615 0.00 0.00 0.00 0
112616 0.00 0.00 0.00 0
112617 0.00 0.00 0.00 0
112618 0.00 0.00 0.00 0
116608 0.00 0.00 0.00 0
116609 0.00 0.00 0.00 0
116610 0.00 0.00 0.00 0
116611 0.00 0.00 0.00 0
116612 0.00 0.00 0.00 0
116613 0.00 0.00 0.00 0
116614 0.00 0.00 0.00 0
116615 0.00 0.00 0.00 0
116616 0.00 0.00 0.00 0
116617 0.00 0.00 0.00 0
116618 0.00 0.00 0.00 0
118404 0.00 0.00 0.00 0
118406 0.00 0.00 0.00 0
118407 0.00 0.00 0.00 0
118409 0.00 0.00 0.00 0
119128 0.00 0.00 0.00 0
119129 0.00 0.00 0.00 0
119130 0.00 0.00 0.00 0
119131 0.00 0.00 0.00 0
119132 0.00 0.00 0.00 0
119133 0.00 0.00 0.00 0
119134 0.00 0.00 0.00 0
119135 0.00 0.00 0.00 0
119136 0.00 0.00 0.00 0
119137 0.00 0.00 0.00 0
119138 0.00 0.00 0.00 0
122789 0.00 0.00 0.00 0
122790 0.00 0.00 0.00 0
122791 0.00 0.00 0.00 0
122792 0.00 0.00 0.00 0
122793 0.00 0.00 0.00 0
122794 0.00 0.00 0.00 0
122795 0.00 0.00 0.00 0
122796 0.00 0.00 0.00 0
122797 0.00 0.00 0.00 0
122798 0.00 0.00 0.00 0
122799 0.00 0.00 0.00 0
122800 0.00 0.00 0.00 0
122801 0.00 0.00 0.00 0
122802 0.00 0.00 0.00 0
122803 0.00 0.00 0.00 0
122804 0.00 0.00 0.00 0
122805 0.00 0.00 0.00 0
122806 0.00 0.00 0.00 0
122807 0.00 0.00 0.00 0
122808 0.00 0.00 0.00 0
122809 0.00 0.00 0.00 0
122810 0.00 0.00 0.00 0
122811 0.00 0.00 0.00 0
122812 0.00 0.00 0.00 0
122813 0.00 0.00 0.00 0
122814 0.00 0.00 0.00 0
122815 0.00 0.00 0.00 0
122816 0.00 0.00 0.00 0
122817 0.00 0.00 0.00 0
122818 0.00 0.00 0.00 0
122819 0.00 0.00 0.00 0
122820 0.00 0.00 0.00 0
122821 0.00 0.00 0.00 0
122822 0.00 0.00 0.00 0
122823 0.00 0.00 0.00 0
122824 0.00 0.00 0.00 0
122826 0.00 0.00 0.00 0
122828 0.00 0.00 0.00 0
122829 0.00 0.00 0.00 0
122832 0.00 0.00 0.00 0
122833 0.00 0.00 0.00 0
122834 0.00 0.00 0.00 0
122835 0.00 0.00 0.00 0
122836 0.00 0.00 0.00 0
126571 0.00 0.00 0.00 0
126572 0.00 0.00 0.00 0
126573 0.00 0.00 0.00 0
126574 0.00 0.00 0.00 0
126575 0.00 0.00 0.00 0
126576 0.00 0.00 0.00 0
126577 0.00 0.00 0.00 0
126578 0.00 0.00 0.00 0
126579 0.00 0.00 0.00 0
126580 0.00 0.00 0.00 0
126581 0.00 0.00 0.00 0
126582 0.00 0.00 0.00 0
126583 0.00 0.00 0.00 0
126584 0.00 0.00 0.00 0
126585 0.00 0.00 0.00 0
126586 0.00 0.00 0.00 0
126587 0.00 0.00 0.00 0
126588 0.00 0.00 0.00 0
126589 0.00 0.00 0.00 0
126590 0.00 0.00 0.00 0
126591 0.00 0.00 0.00 0
126592 0.00 0.00 0.00 0
126594 0.00 0.00 0.00 0
126595 0.00 0.00 0.00 0
126596 0.00 0.00 0.00 0
126597 0.00 0.00 0.00 0
126598 0.00 0.00 0.00 0
126599 0.00 0.00 0.00 0
126600 0.00 0.00 0.00 0
126601 0.00 0.00 0.00 0
126602 0.00 0.00 0.00 0
126603 0.00 0.00 0.00 0
126604 0.00 0.00 0.00 0
126605 0.00 0.00 0.00 0
126606 0.00 0.00 0.00 0
126607 0.00 0.00 0.00 0
126608 0.00 0.00 0.00 0
126609 0.00 0.00 0.00 0
126610 0.00 0.00 0.00 0
126611 0.00 0.00 0.00 0
126612 0.00 0.00 0.00 0
126613 0.00 0.00 0.00 0
126614 0.00 0.00 0.00 0
126615 0.00 0.00 0.00 0
126616 0.00 0.00 0.00 0
126617 0.00 0.00 0.00 0
126618 0.00 0.00 0.00 0
126619 0.00 0.00 0.00 0
126620 0.00 0.00 0.00 0
126621 0.00 0.00 0.00 0
126622 0.00 0.00 0.00 0
126623 0.00 0.00 0.00 0
126624 0.00 0.00 0.00 0
126625 0.00 0.00 0.00 0
126626 0.00 0.00 0.00 0
126627 0.00 0.00 0.00 0
126628 0.00 0.00 0.00 0
126629 0.00 0.00 0.00 0
126630 0.00 0.00 0.00 0
126631 0.00 0.00 0.00 0
126632 0.00 0.00 0.00 0
126633 0.00 0.00 0.00 0
128169 0.00 0.00 0.00 0
128170 0.00 0.00 0.00 0
128171 0.00 0.00 0.00 0
128172 0.00 0.00 0.00 0
128173 0.00 0.00 0.00 0
128174 0.00 0.00 0.00 0
128175 0.00 0.00 0.00 0
132460 0.00 0.00 0.00 0
132461 0.00 0.00 0.00 0
132462 0.00 0.00 0.00 0
132463 0.00 0.00 0.00 0
132464 0.00 0.00 0.00 0
132465 0.00 0.00 0.00 0
132466 0.00 0.00 0.00 0
132467 0.00 0.00 0.00 0
132468 0.00 0.00 0.00 0
132469 0.00 0.00 0.00 0
132470 0.00 0.00 0.00 0
132471 0.00 0.00 0.00 0
132472 0.00 0.00 0.00 0
132473 0.00 0.00 0.00 0
132474 0.00 0.00 0.00 0
132475 0.00 0.00 0.00 0
132476 0.00 0.00 0.00 0
132477 0.00 0.00 0.00 0
132478 0.00 0.00 0.00 0
132479 0.00 0.00 0.00 0
132480 0.00 0.00 0.00 0
132481 0.00 0.00 0.00 0
132482 0.00 0.00 0.00 0
132483 0.00 0.00 0.00 0
132484 0.00 0.00 0.00 0
132485 0.00 0.00 0.00 0
132486 0.00 0.00 0.00 0
132487 0.00 0.00 0.00 0
132488 0.00 0.00 0.00 0
132489 0.00 0.00 0.00 0
132490 0.00 0.00 0.00 0
132491 0.00 0.00 0.00 0
132492 0.00 0.00 0.00 0
132493 0.00 0.00 0.00 0
132496 0.00 0.00 0.00 0
132497 0.00 0.00 0.00 0
135898 0.00 0.00 0.00 0
135899 0.00 0.00 0.00 0
135900 0.00 0.00 0.00 0
135901 0.00 0.00 0.00 0
135902 0.00 0.00 0.00 0
135903 0.00 0.00 0.00 0
135904 0.00 0.00 0.00 0
135905 0.00 0.00 0.00 0
135906 0.00 0.00 0.00 0
135915 0.00 0.00 0.00 0
135916 0.00 0.00 0.00 0
135917 0.00 0.00 0.00 0
135925 0.00 0.00 0.00 0
135926 0.00 0.00 0.00 0
135927 0.00 0.00 0.00 0
135928 0.00 0.00 0.00 0
135929 0.00 0.00 0.00 0
135930 0.00 0.00 0.00 0
135931 0.00 0.00 0.00 0
135932 0.00 0.00 0.00 0
135933 0.00 0.00 0.00 0
137334 0.00 0.00 0.00 0
137335 0.00 0.00 0.00 0
137340 0.00 0.00 0.00 0
139246 0.00 0.00 0.00 0
139247 0.00 0.00 0.00 0
139248 0.00 0.00 0.00 0
139249 0.00 0.00 0.00 0
139250 0.00 0.00 0.00 0
139251 0.00 0.00 0.00 0
139252 0.00 0.00 0.00 0
139253 0.00 0.00 0.00 0
139254 0.00 0.00 0.00 0
139255 0.00 0.00 0.00 0
139256 0.00 0.00 0.00 0
139257 0.00 0.00 0.00 0
139258 0.00 0.00 0.00 0
139259 0.00 0.00 0.00 0
139260 0.00 0.00 0.00 0
139261 0.00 0.00 0.00 0
139262 0.00 0.00 0.00 0
139263 0.00 0.00 0.00 0
139264 0.00 0.00 0.00 0
139265 0.00 0.00 0.00 0
139266 0.00 0.00 0.00 0
139267 0.00 0.00 0.00 0
139268 0.00 0.00 0.00 0
139269 0.00 0.00 0.00 0
139270 0.00 0.00 0.00 0
139271 0.00 0.00 0.00 0
139272 0.00 0.00 0.00 0
139273 0.00 0.00 0.00 0
139274 0.00 0.00 0.00 0
139277 0.00 0.00 0.00 0
139278 0.00 0.00 0.00 0
139279 0.00 0.00 0.00 0
139280 0.00 0.00 0.00 0
139281 0.00 0.00 0.00 0
139282 0.00 0.00 0.00 0
139283 0.00 0.00 0.00 0
139286 0.00 0.00 0.00 0
139288 0.00 0.00 0.00 0
139289 0.00 0.00 0.00 0
139290 0.00 0.00 0.00 0
139291 0.00 0.00 0.00 0
139292 0.00 0.00 0.00 0
139293 0.00 0.00 0.00 0
139294 0.00 0.00 0.00 0
139295 0.00 0.00 0.00 0
139296 0.00 0.00 0.00 0
139297 0.00 0.00 0.00 0
139298 0.00 0.00 0.00 0
139299 0.00 0.00 0.00 0
139300 0.00 0.00 0.00 0
139301 0.00 0.00 0.00 0
139302 0.00 0.00 0.00 0
139303 0.00 0.00 0.00 0
142564 0.00 0.00 0.00 0
142565 0.00 0.00 0.00 0
142566 0.00 0.00 0.00 0
142567 0.00 0.00 0.00 0
142568 0.00 0.00 0.00 0
142569 0.00 0.00 0.00 0
142570 0.00 0.00 0.00 0
148772 0.00 0.00 0.00 0
148776 0.00 0.00 0.00 0
148779 0.00 0.00 0.00 0
148780 0.00 0.00 0.00 0
148781 0.00 0.00 0.00 0
148782 0.00 0.00 0.00 0
148783 0.00 0.00 0.00 0
148784 0.00 0.00 0.00 0
148785 0.00 0.00 0.00 0
148786 0.00 0.00 0.00 0
148787 0.00 0.00 0.00 0
148788 0.00 0.00 0.00 0
148789 0.00 0.00 0.00 0
148790 0.00 0.00 0.00 0
148791 0.00 0.00 0.00 0
148792 0.00 0.00 0.00 0
148793 0.00 0.00 0.00 0
148794 0.00 0.00 0.00 0
148795 0.00 0.00 0.00 0
148796 0.00 0.00 0.00 0
148797 0.00 0.00 0.00 0
148798 0.00 0.00 0.00 0
148799 0.00 0.00 0.00 0
148800 0.00 0.00 0.00 0
148801 0.00 0.00 0.00 0
148802 0.00 0.00 0.00 0
148803 0.00 0.00 0.00 0
148804 0.00 0.00 0.00 0
148805 0.00 0.00 0.00 0
148806 0.00 0.00 0.00 0
148807 0.00 0.00 0.00 0
148808 0.00 0.00 0.00 0
148809 0.00 0.00 0.00 0
148810 0.00 0.00 0.00 0
148811 0.00 0.00 0.00 0
148812 0.00 0.00 0.00 0
148813 0.00 0.00 0.00 0
148814 0.00 0.00 0.00 0
148815 0.00 0.00 0.00 0
148816 0.00 0.00 0.00 0
148817 0.00 0.00 0.00 0
148818 0.00 0.00 0.00 0
148819 0.00 0.00 0.00 0
148820 0.00 0.00 0.00 0
148821 0.00 0.00 0.00 0
148822 0.00 0.00 0.00 0
148823 0.00 0.00 0.00 0
148824 0.00 0.00 0.00 0
148825 0.00 0.00 0.00 0
148826 0.00 0.00 0.00 0
148827 0.00 0.00 0.00 0
148828 0.00 0.00 0.00 0
148829 0.00 0.00 0.00 0
148830 0.00 0.00 0.00 0
148831 0.00 0.00 0.00 0
148832 0.00 0.00 0.00 0
148833 0.00 0.00 0.00 0
148834 0.00 0.00 0.00 0
148835 0.00 0.00 0.00 0
148836 0.00 0.00 0.00 0
148837 0.00 0.00 0.00 0
148838 0.00 0.00 0.00 0
148839 0.00 0.00 0.00 0
148840 0.00 0.00 0.00 0
148841 0.00 0.00 0.00 0
148842 0.00 0.00 0.00 0
148845 0.00 0.00 0.00 0
148846 0.00 0.00 0.00 0
148847 0.00 0.00 0.00 0
148848 0.00 0.00 0.00 0
148849 0.00 0.00 0.00 0
148850 0.00 0.00 0.00 0
148851 0.00 0.00 0.00 0
148852 0.00 0.00 0.00 0
148853 0.00 0.00 0.00 0
148854 0.00 0.00 0.00 0
148855 0.00 0.00 0.00 0
148856 0.00 0.00 0.00 0
148857 0.00 0.00 0.00 0
148858 0.00 0.00 0.00 0
148859 0.00 0.00 0.00 0
148860 0.00 0.00 0.00 0
148861 0.00 0.00 0.00 0
148862 0.00 0.00 0.00 0
148863 0.00 0.00 0.00 0
148864 0.00 0.00 0.00 0
148865 0.00 0.00 0.00 0
148866 0.00 0.00 0.00 0
148867 0.00 0.00 0.00 0
148868 0.00 0.00 0.00 0
148869 0.00 0.00 0.00 0
148870 0.00 0.00 0.00 0
148871 0.00 0.00 0.00 0
148872 0.00 0.00 0.00 0
148873 0.00 0.00 0.00 0
148874 0.00 0.00 0.00 0
148875 0.00 0.00 0.00 0
148876 0.00 0.00 0.00 0
148877 0.00 0.00 0.00 0
148878 0.00 0.00 0.00 0
148879 0.00 0.00 0.00 0
148880 0.00 0.00 0.00 0
148881 0.00 0.00 0.00 0
148882 0.00 0.00 0.00 0
148883 0.00 0.00 0.00 0
148884 0.00 0.00 0.00 0
148885 0.00 0.00 0.00 0
148886 0.00 0.00 0.00 0
148887 0.00 0.00 0.00 0
148888 0.00 0.00 0.00 0
148889 0.00 0.00 0.00 0
148890 0.00 0.00 0.00 0
148891 0.00 0.00 0.00 0
148892 0.00 0.00 0.00 0
148893 0.00 0.00 0.00 0
148894 0.00 0.00 0.00 0
148895 0.00 0.00 0.00 0
148896 0.00 0.00 0.00 0
148897 0.00 0.00 0.00 0
148898 0.00 0.00 0.00 0
148899 0.00 0.00 0.00 0
148900 0.00 0.00 0.00 0
148901 0.00 0.00 0.00 0
148902 0.00 0.00 0.00 0
148903 0.00 0.00 0.00 0
148904 0.00 0.00 0.00 0
148905 0.00 0.00 0.00 0
148906 0.00 0.00 0.00 0
148907 0.00 0.00 0.00 0
148908 0.00 0.00 0.00 0
148909 0.00 0.00 0.00 0
148910 0.00 0.00 0.00 0
148912 0.00 0.00 0.00 0
148913 0.00 0.00 0.00 0
148914 0.00 0.00 0.00 0
148915 0.00 0.00 0.00 0
148916 0.00 0.00 0.00 0
148917 0.00 0.00 0.00 0
148918 0.00 0.00 0.00 0
148919 0.00 0.00 0.00 0
148921 0.00 0.00 0.00 0
148922 0.00 0.00 0.00 0
148923 0.00 0.00 0.00 0
158517 0.00 0.00 0.00 0
158518 0.00 0.00 0.00 0
158519 0.00 0.00 0.00 0
158520 0.00 0.00 0.00 0
158521 0.00 0.00 0.00 0
158522 0.00 0.00 0.00 0
158523 0.00 0.00 0.00 0
158532 0.00 0.00 0.00 0
158533 0.00 0.00 0.00 0
158534 0.00 0.00 0.00 0
158535 0.00 0.00 0.00 0
158536 0.00 0.00 0.00 0
158537 0.00 0.00 0.00 0
158538 0.00 0.00 0.00 0
158539 0.00 0.00 0.00 0
158540 0.00 0.00 0.00 0
158541 0.00 0.00 0.00 0
158542 0.00 0.00 0.00 0
158543 0.00 0.00 0.00 0
158544 0.00 0.00 0.00 0
158545 0.00 0.00 0.00 0
158546 0.00 0.00 0.00 0
158547 0.00 0.00 0.00 0
158548 0.00 0.00 0.00 0
158549 0.00 0.00 0.00 0
158550 0.00 0.00 0.00 0
158551 0.00 0.00 0.00 0
158552 0.00 0.00 0.00 0
158553 0.00 0.00 0.00 0
158554 0.00 0.00 0.00 0
158555 0.00 0.00 0.00 0
158556 0.00 0.00 0.00 0
158557 0.00 0.00 0.00 0
158558 0.00 0.00 0.00 0
158559 0.00 0.00 0.00 0
158560 0.00 0.00 0.00 0
158561 0.00 0.00 0.00 0
158562 0.00 0.00 0.00 0
158563 0.00 0.00 0.00 0
158564 0.00 0.00 0.00 0
158565 0.00 0.00 0.00 0
158566 0.00 0.00 0.00 0
158567 0.00 0.00 0.00 0
158568 0.00 0.00 0.00 0
158569 0.00 0.00 0.00 0
158570 0.00 0.00 0.00 0
158571 0.00 0.00 0.00 0
158572 0.00 0.00 0.00 0
158573 0.00 0.00 0.00 0
158574 0.00 0.00 0.00 0
158575 0.00 0.00 0.00 0
158576 0.00 0.00 0.00 0
158577 0.00 0.00 0.00 0
158584 0.00 0.00 0.00 0
158586 0.00 0.00 0.00 0
158593 0.00 0.00 0.00 0
158594 0.00 0.00 0.00 0
158595 0.00 0.00 0.00 0
158596 0.00 0.00 0.00 0
158597 0.00 0.00 0.00 0
158598 0.00 0.00 0.00 0
158599 0.00 0.00 0.00 0
158600 0.00 0.00 0.00 0
158601 0.00 0.00 0.00 0
158602 0.00 0.00 0.00 0
158603 0.00 0.00 0.00 0
158604 0.00 0.00 0.00 0
158606 0.00 0.00 0.00 0
158607 0.00 0.00 0.00 0
158608 0.00 0.00 0.00 0
158609 0.00 0.00 0.00 0
158610 0.00 0.00 0.00 0
158611 0.00 0.00 0.00 0
158612 0.00 0.00 0.00 0
158613 0.00 0.00 0.00 0
158614 0.00 0.00 0.00 0
158615 0.00 0.00 0.00 0
158616 0.00 0.00 0.00 0
158617 0.00 0.00 0.00 0
158618 0.00 0.00 0.00 0
158619 0.00 0.00 0.00 0
158620 0.00 0.00 0.00 0
158621 0.00 0.00 0.00 0
158622 0.00 0.00 0.00 0
158623 0.00 0.00 0.00 0
158624 0.00 0.00 0.00 0
158625 0.00 0.00 0.00 0
158626 0.00 0.00 0.00 0
158627 0.00 0.00 0.00 0
158628 0.00 0.00 0.00 0
158629 0.00 0.00 0.00 0
158630 0.00 0.00 0.00 0
158631 0.00 0.00 0.00 0
158632 0.00 0.00 0.00 0
158633 0.00 0.00 0.00 0
158634 0.00 0.00 0.00 0
158635 0.00 0.00 0.00 0
158636 0.00 0.00 0.00 0
158637 0.00 0.00 0.00 0
158638 0.00 0.00 0.00 0
158639 0.00 0.00 0.00 0
158640 0.00 0.00 0.00 0
158641 0.00 0.00 0.00 0
158642 0.00 0.00 0.00 0
158643 0.00 0.00 0.00 0
158644 0.00 0.00 0.00 0
158645 0.00 0.00 0.00 0
158646 0.00 0.00 0.00 0
158647 0.00 0.00 0.00 0
158648 0.00 0.00 0.00 0
158649 0.00 0.00 0.00 0
158650 0.00 0.00 0.00 0
158651 0.00 0.00 0.00 0
158652 0.00 0.00 0.00 0
158653 0.00 0.00 0.00 0
158654 0.00 0.00 0.00 0
158655 0.00 0.00 0.00 0
158656 0.00 0.00 0.00 0
158657 0.00 0.00 0.00 0
158658 0.00 0.00 0.00 0
158659 0.00 0.00 0.00 0
158660 0.00 0.00 0.00 0
158661 0.00 0.00 0.00 0
158662 0.00 0.00 0.00 0
158663 0.00 0.00 0.00 0
158664 0.00 0.00 0.00 0
158665 0.00 0.00 0.00 0
158666 0.00 0.00 0.00 0
158667 0.00 0.00 0.00 0
158668 0.00 0.00 0.00 0
158669 0.00 0.00 0.00 0
158670 0.00 0.00 0.00 0
158671 0.00 0.00 0.00 0
158672 0.00 0.00 0.00 0
158673 0.00 0.00 0.00 0
158674 0.00 0.00 0.00 0
158675 0.00 0.00 0.00 0
158676 0.00 0.00 0.00 0
158677 0.00 0.00 0.00 0
158678 0.00 0.00 0.00 0
158679 0.00 0.00 0.00 0
158680 0.00 0.00 0.00 0
158681 0.00 0.00 0.00 0
158682 0.00 0.00 0.00 0
158691 0.00 0.00 0.00 0
158692 0.00 0.00 0.00 0
158693 0.00 0.00 0.00 0
162637 0.00 0.00 0.00 0
162638 0.00 0.00 0.00 0
162639 0.00 0.00 0.00 0
162655 0.00 0.00 0.00 0
