# Pole_occipital
2794
6 0.00 0.00 0.00 0
88 0.00 0.00 0.00 0
131 0.00 0.00 0.00 0
207 0.00 0.00 0.00 0
208 0.00 0.00 0.00 0
339 0.00 0.00 0.00 0
446 0.00 0.00 0.00 0
550 0.00 0.00 0.00 0
551 0.00 0.00 0.00 0
552 0.00 0.00 0.00 0
616 0.00 0.00 0.00 0
617 0.00 0.00 0.00 0
686 0.00 0.00 0.00 0
688 0.00 0.00 0.00 0
979 0.00 0.00 0.00 0
981 0.00 0.00 0.00 0
983 0.00 0.00 0.00 0
1215 0.00 0.00 0.00 0
1373 0.00 0.00 0.00 0
1374 0.00 0.00 0.00 0
1375 0.00 0.00 0.00 0
1376 0.00 0.00 0.00 0
1377 0.00 0.00 0.00 0
1378 0.00 0.00 0.00 0
1379 0.00 0.00 0.00 0
1525 0.00 0.00 0.00 0
1526 0.00 0.00 0.00 0
1761 0.00 0.00 0.00 0
1762 0.00 0.00 0.00 0
2290 0.00 0.00 0.00 0
2291 0.00 0.00 0.00 0
2292 0.00 0.00 0.00 0
2293 0.00 0.00 0.00 0
2343 0.00 0.00 0.00 0
2344 0.00 0.00 0.00 0
2482 0.00 0.00 0.00 0
2483 0.00 0.00 0.00 0
2484 0.00 0.00 0.00 0
2485 0.00 0.00 0.00 0
2486 0.00 0.00 0.00 0
2487 0.00 0.00 0.00 0
2488 0.00 0.00 0.00 0
2606 0.00 0.00 0.00 0
2607 0.00 0.00 0.00 0
2608 0.00 0.00 0.00 0
2899 0.00 0.00 0.00 0
2900 0.00 0.00 0.00 0
2901 0.00 0.00 0.00 0
2902 0.00 0.00 0.00 0
2903 0.00 0.00 0.00 0
3293 0.00 0.00 0.00 0
3294 0.00 0.00 0.00 0
3295 0.00 0.00 0.00 0
3298 0.00 0.00 0.00 0
3299 0.00 0.00 0.00 0
3300 0.00 0.00 0.00 0
3499 0.00 0.00 0.00 0
3501 0.00 0.00 0.00 0
3502 0.00 0.00 0.00 0
3503 0.00 0.00 0.00 0
4384 0.00 0.00 0.00 0
5084 0.00 0.00 0.00 0
5085 0.00 0.00 0.00 0
5086 0.00 0.00 0.00 0
5087 0.00 0.00 0.00 0
5088 0.00 0.00 0.00 0
5089 0.00 0.00 0.00 0
5090 0.00 0.00 0.00 0
5091 0.00 0.00 0.00 0
5215 0.00 0.00 0.00 0
5217 0.00 0.00 0.00 0
5218 0.00 0.00 0.00 0
5284 0.00 0.00 0.00 0
5285 0.00 0.00 0.00 0
5286 0.00 0.00 0.00 0
5558 0.00 0.00 0.00 0
5559 0.00 0.00 0.00 0
5560 0.00 0.00 0.00 0
5561 0.00 0.00 0.00 0
5562 0.00 0.00 0.00 0
5563 0.00 0.00 0.00 0
5564 0.00 0.00 0.00 0
5565 0.00 0.00 0.00 0
5566 0.00 0.00 0.00 0
5567 0.00 0.00 0.00 0
5568 0.00 0.00 0.00 0
5569 0.00 0.00 0.00 0
5570 0.00 0.00 0.00 0
5571 0.00 0.00 0.00 0
5572 0.00 0.00 0.00 0
5573 0.00 0.00 0.00 0
5574 0.00 0.00 0.00 0
5575 0.00 0.00 0.00 0
5576 0.00 0.00 0.00 0
5577 0.00 0.00 0.00 0
5844 0.00 0.00 0.00 0
5845 0.00 0.00 0.00 0
5846 0.00 0.00 0.00 0
6370 0.00 0.00 0.00 0
6371 0.00 0.00 0.00 0
6372 0.00 0.00 0.00 0
6375 0.00 0.00 0.00 0
6376 0.00 0.00 0.00 0
6377 0.00 0.00 0.00 0
6794 0.00 0.00 0.00 0
6795 0.00 0.00 0.00 0
6797 0.00 0.00 0.00 0
6798 0.00 0.00 0.00 0
7079 0.00 0.00 0.00 0
7080 0.00 0.00 0.00 0
7081 0.00 0.00 0.00 0
7082 0.00 0.00 0.00 0
7083 0.00 0.00 0.00 0
7084 0.00 0.00 0.00 0
7085 0.00 0.00 0.00 0
7087 0.00 0.00 0.00 0
7088 0.00 0.00 0.00 0
7089 0.00 0.00 0.00 0
7090 0.00 0.00 0.00 0
7397 0.00 0.00 0.00 0
7398 0.00 0.00 0.00 0
7399 0.00 0.00 0.00 0
7400 0.00 0.00 0.00 0
7947 0.00 0.00 0.00 0
7949 0.00 0.00 0.00 0
7950 0.00 0.00 0.00 0
7952 0.00 0.00 0.00 0
7953 0.00 0.00 0.00 0
9430 0.00 0.00 0.00 0
9431 0.00 0.00 0.00 0
9432 0.00 0.00 0.00 0
9433 0.00 0.00 0.00 0
9434 0.00 0.00 0.00 0
9435 0.00 0.00 0.00 0
9436 0.00 0.00 0.00 0
9437 0.00 0.00 0.00 0
9438 0.00 0.00 0.00 0
9439 0.00 0.00 0.00 0
9440 0.00 0.00 0.00 0
9449 0.00 0.00 0.00 0
9450 0.00 0.00 0.00 0
9585 0.00 0.00 0.00 0
9589 0.00 0.00 0.00 0
9590 0.00 0.00 0.00 0
9591 0.00 0.00 0.00 0
9592 0.00 0.00 0.00 0
9673 0.00 0.00 0.00 0
10000 0.00 0.00 0.00 0
10001 0.00 0.00 0.00 0
10002 0.00 0.00 0.00 0
10003 0.00 0.00 0.00 0
10004 0.00 0.00 0.00 0
10005 0.00 0.00 0.00 0
10006 0.00 0.00 0.00 0
10007 0.00 0.00 0.00 0
10008 0.00 0.00 0.00 0
10009 0.00 0.00 0.00 0
10010 0.00 0.00 0.00 0
10011 0.00 0.00 0.00 0
10012 0.00 0.00 0.00 0
10013 0.00 0.00 0.00 0
10014 0.00 0.00 0.00 0
10015 0.00 0.00 0.00 0
10016 0.00 0.00 0.00 0
10017 0.00 0.00 0.00 0
10018 0.00 0.00 0.00 0
10019 0.00 0.00 0.00 0
10020 0.00 0.00 0.00 0
10021 0.00 0.00 0.00 0
10022 0.00 0.00 0.00 0
10023 0.00 0.00 0.00 0
10045 0.00 0.00 0.00 0
10286 0.00 0.00 0.00 0
10287 0.00 0.00 0.00 0
10288 0.00 0.00 0.00 0
10579 0.00 0.00 0.00 0
10580 0.00 0.00 0.00 0
10581 0.00 0.00 0.00 0
10582 0.00 0.00 0.00 0
10583 0.00 0.00 0.00 0
10973 0.00 0.00 0.00 0
10974 0.00 0.00 0.00 0
10975 0.00 0.00 0.00 0
10979 0.00 0.00 0.00 0
10980 0.00 0.00 0.00 0
11179 0.00 0.00 0.00 0
11180 0.00 0.00 0.00 0
11181 0.00 0.00 0.00 0
11182 0.00 0.00 0.00 0
11183 0.00 0.00 0.00 0
12054 0.00 0.00 0.00 0
12056 0.00 0.00 0.00 0
12064 0.00 0.00 0.00 0
12066 0.00 0.00 0.00 0
12068 0.00 0.00 0.00 0
12764 0.00 0.00 0.00 0
12765 0.00 0.00 0.00 0
12766 0.00 0.00 0.00 0
12767 0.00 0.00 0.00 0
12768 0.00 0.00 0.00 0
12769 0.00 0.00 0.00 0
12770 0.00 0.00 0.00 0
12771 0.00 0.00 0.00 0
12895 0.00 0.00 0.00 0
12896 0.00 0.00 0.00 0
12897 0.00 0.00 0.00 0
12898 0.00 0.00 0.00 0
12965 0.00 0.00 0.00 0
12966 0.00 0.00 0.00 0
13238 0.00 0.00 0.00 0
13239 0.00 0.00 0.00 0
13240 0.00 0.00 0.00 0
13241 0.00 0.00 0.00 0
13242 0.00 0.00 0.00 0
13243 0.00 0.00 0.00 0
13244 0.00 0.00 0.00 0
13245 0.00 0.00 0.00 0
13246 0.00 0.00 0.00 0
13247 0.00 0.00 0.00 0
13248 0.00 0.00 0.00 0
13249 0.00 0.00 0.00 0
13250 0.00 0.00 0.00 0
13251 0.00 0.00 0.00 0
13252 0.00 0.00 0.00 0
13253 0.00 0.00 0.00 0
13254 0.00 0.00 0.00 0
13255 0.00 0.00 0.00 0
13579 0.00 0.00 0.00 0
13580 0.00 0.00 0.00 0
13581 0.00 0.00 0.00 0
13582 0.00 0.00 0.00 0
13583 0.00 0.00 0.00 0
14454 0.00 0.00 0.00 0
14455 0.00 0.00 0.00 0
14456 0.00 0.00 0.00 0
14457 0.00 0.00 0.00 0
14458 0.00 0.00 0.00 0
14459 0.00 0.00 0.00 0
14463 0.00 0.00 0.00 0
14464 0.00 0.00 0.00 0
14465 0.00 0.00 0.00 0
14466 0.00 0.00 0.00 0
14467 0.00 0.00 0.00 0
14468 0.00 0.00 0.00 0
15168 0.00 0.00 0.00 0
15169 0.00 0.00 0.00 0
15170 0.00 0.00 0.00 0
15638 0.00 0.00 0.00 0
15639 0.00 0.00 0.00 0
15640 0.00 0.00 0.00 0
15641 0.00 0.00 0.00 0
15642 0.00 0.00 0.00 0
15643 0.00 0.00 0.00 0
15644 0.00 0.00 0.00 0
15645 0.00 0.00 0.00 0
15646 0.00 0.00 0.00 0
15647 0.00 0.00 0.00 0
15648 0.00 0.00 0.00 0
15649 0.00 0.00 0.00 0
15650 0.00 0.00 0.00 0
15651 0.00 0.00 0.00 0
15652 0.00 0.00 0.00 0
15653 0.00 0.00 0.00 0
15654 0.00 0.00 0.00 0
15655 0.00 0.00 0.00 0
15656 0.00 0.00 0.00 0
15658 0.00 0.00 0.00 0
16257 0.00 0.00 0.00 0
16259 0.00 0.00 0.00 0
16260 0.00 0.00 0.00 0
16261 0.00 0.00 0.00 0
16262 0.00 0.00 0.00 0
16263 0.00 0.00 0.00 0
16264 0.00 0.00 0.00 0
16265 0.00 0.00 0.00 0
16266 0.00 0.00 0.00 0
16267 0.00 0.00 0.00 0
16268 0.00 0.00 0.00 0
17443 0.00 0.00 0.00 0
17444 0.00 0.00 0.00 0
17445 0.00 0.00 0.00 0
17450 0.00 0.00 0.00 0
17451 0.00 0.00 0.00 0
17452 0.00 0.00 0.00 0
17453 0.00 0.00 0.00 0
17454 0.00 0.00 0.00 0
18887 0.00 0.00 0.00 0
21014 0.00 0.00 0.00 0
21015 0.00 0.00 0.00 0
21016 0.00 0.00 0.00 0
21017 0.00 0.00 0.00 0
21018 0.00 0.00 0.00 0
21019 0.00 0.00 0.00 0
21020 0.00 0.00 0.00 0
21021 0.00 0.00 0.00 0
21022 0.00 0.00 0.00 0
21023 0.00 0.00 0.00 0
21024 0.00 0.00 0.00 0
21025 0.00 0.00 0.00 0
21026 0.00 0.00 0.00 0
21027 0.00 0.00 0.00 0
21028 0.00 0.00 0.00 0
21029 0.00 0.00 0.00 0
21030 0.00 0.00 0.00 0
21031 0.00 0.00 0.00 0
21032 0.00 0.00 0.00 0
21033 0.00 0.00 0.00 0
21034 0.00 0.00 0.00 0
21035 0.00 0.00 0.00 0
21036 0.00 0.00 0.00 0
21057 0.00 0.00 0.00 0
21058 0.00 0.00 0.00 0
21059 0.00 0.00 0.00 0
21060 0.00 0.00 0.00 0
21400 0.00 0.00 0.00 0
21401 0.00 0.00 0.00 0
21402 0.00 0.00 0.00 0
21403 0.00 0.00 0.00 0
21408 0.00 0.00 0.00 0
21410 0.00 0.00 0.00 0
21411 0.00 0.00 0.00 0
21412 0.00 0.00 0.00 0
21413 0.00 0.00 0.00 0
21414 0.00 0.00 0.00 0
21415 0.00 0.00 0.00 0
21416 0.00 0.00 0.00 0
21417 0.00 0.00 0.00 0
21418 0.00 0.00 0.00 0
21617 0.00 0.00 0.00 0
21618 0.00 0.00 0.00 0
21619 0.00 0.00 0.00 0
21620 0.00 0.00 0.00 0
21621 0.00 0.00 0.00 0
22433 0.00 0.00 0.00 0
22434 0.00 0.00 0.00 0
22435 0.00 0.00 0.00 0
22436 0.00 0.00 0.00 0
22437 0.00 0.00 0.00 0
22438 0.00 0.00 0.00 0
22439 0.00 0.00 0.00 0
22440 0.00 0.00 0.00 0
22441 0.00 0.00 0.00 0
22442 0.00 0.00 0.00 0
22443 0.00 0.00 0.00 0
22444 0.00 0.00 0.00 0
22445 0.00 0.00 0.00 0
22446 0.00 0.00 0.00 0
22447 0.00 0.00 0.00 0
22448 0.00 0.00 0.00 0
22449 0.00 0.00 0.00 0
22450 0.00 0.00 0.00 0
22451 0.00 0.00 0.00 0
22452 0.00 0.00 0.00 0
22453 0.00 0.00 0.00 0
22454 0.00 0.00 0.00 0
22455 0.00 0.00 0.00 0
22456 0.00 0.00 0.00 0
22457 0.00 0.00 0.00 0
22458 0.00 0.00 0.00 0
22459 0.00 0.00 0.00 0
22460 0.00 0.00 0.00 0
22461 0.00 0.00 0.00 0
22462 0.00 0.00 0.00 0
22463 0.00 0.00 0.00 0
22464 0.00 0.00 0.00 0
22465 0.00 0.00 0.00 0
22466 0.00 0.00 0.00 0
22467 0.00 0.00 0.00 0
22468 0.00 0.00 0.00 0
22469 0.00 0.00 0.00 0
22470 0.00 0.00 0.00 0
22471 0.00 0.00 0.00 0
22472 0.00 0.00 0.00 0
22473 0.00 0.00 0.00 0
22474 0.00 0.00 0.00 0
22475 0.00 0.00 0.00 0
22476 0.00 0.00 0.00 0
22477 0.00 0.00 0.00 0
22478 0.00 0.00 0.00 0
22479 0.00 0.00 0.00 0
22480 0.00 0.00 0.00 0
22481 0.00 0.00 0.00 0
22482 0.00 0.00 0.00 0
22483 0.00 0.00 0.00 0
22484 0.00 0.00 0.00 0
22485 0.00 0.00 0.00 0
22486 0.00 0.00 0.00 0
22487 0.00 0.00 0.00 0
22488 0.00 0.00 0.00 0
22490 0.00 0.00 0.00 0
22491 0.00 0.00 0.00 0
22492 0.00 0.00 0.00 0
22493 0.00 0.00 0.00 0
22494 0.00 0.00 0.00 0
22495 0.00 0.00 0.00 0
22547 0.00 0.00 0.00 0
23122 0.00 0.00 0.00 0
23123 0.00 0.00 0.00 0
23124 0.00 0.00 0.00 0
23125 0.00 0.00 0.00 0
23126 0.00 0.00 0.00 0
23649 0.00 0.00 0.00 0
23650 0.00 0.00 0.00 0
23651 0.00 0.00 0.00 0
23652 0.00 0.00 0.00 0
23653 0.00 0.00 0.00 0
23654 0.00 0.00 0.00 0
23655 0.00 0.00 0.00 0
23656 0.00 0.00 0.00 0
23657 0.00 0.00 0.00 0
24359 0.00 0.00 0.00 0
24360 0.00 0.00 0.00 0
24361 0.00 0.00 0.00 0
24362 0.00 0.00 0.00 0
24363 0.00 0.00 0.00 0
24367 0.00 0.00 0.00 0
24368 0.00 0.00 0.00 0
24369 0.00 0.00 0.00 0
24370 0.00 0.00 0.00 0
24371 0.00 0.00 0.00 0
24372 0.00 0.00 0.00 0
24732 0.00 0.00 0.00 0
24733 0.00 0.00 0.00 0
24734 0.00 0.00 0.00 0
24735 0.00 0.00 0.00 0
24736 0.00 0.00 0.00 0
24737 0.00 0.00 0.00 0
27584 0.00 0.00 0.00 0
27585 0.00 0.00 0.00 0
27586 0.00 0.00 0.00 0
27587 0.00 0.00 0.00 0
27588 0.00 0.00 0.00 0
27589 0.00 0.00 0.00 0
27590 0.00 0.00 0.00 0
27591 0.00 0.00 0.00 0
27592 0.00 0.00 0.00 0
27593 0.00 0.00 0.00 0
27594 0.00 0.00 0.00 0
27595 0.00 0.00 0.00 0
27822 0.00 0.00 0.00 0
27823 0.00 0.00 0.00 0
27824 0.00 0.00 0.00 0
27825 0.00 0.00 0.00 0
27826 0.00 0.00 0.00 0
27945 0.00 0.00 0.00 0
27946 0.00 0.00 0.00 0
27947 0.00 0.00 0.00 0
27948 0.00 0.00 0.00 0
28436 0.00 0.00 0.00 0
28437 0.00 0.00 0.00 0
28438 0.00 0.00 0.00 0
28439 0.00 0.00 0.00 0
28440 0.00 0.00 0.00 0
28441 0.00 0.00 0.00 0
28442 0.00 0.00 0.00 0
28443 0.00 0.00 0.00 0
28444 0.00 0.00 0.00 0
28445 0.00 0.00 0.00 0
28446 0.00 0.00 0.00 0
28447 0.00 0.00 0.00 0
28448 0.00 0.00 0.00 0
28449 0.00 0.00 0.00 0
28450 0.00 0.00 0.00 0
28451 0.00 0.00 0.00 0
28452 0.00 0.00 0.00 0
28453 0.00 0.00 0.00 0
28454 0.00 0.00 0.00 0
28455 0.00 0.00 0.00 0
28456 0.00 0.00 0.00 0
28457 0.00 0.00 0.00 0
28458 0.00 0.00 0.00 0
28459 0.00 0.00 0.00 0
28460 0.00 0.00 0.00 0
28461 0.00 0.00 0.00 0
28462 0.00 0.00 0.00 0
28463 0.00 0.00 0.00 0
28464 0.00 0.00 0.00 0
28465 0.00 0.00 0.00 0
28466 0.00 0.00 0.00 0
28467 0.00 0.00 0.00 0
28468 0.00 0.00 0.00 0
28469 0.00 0.00 0.00 0
28470 0.00 0.00 0.00 0
28994 0.00 0.00 0.00 0
28995 0.00 0.00 0.00 0
28996 0.00 0.00 0.00 0
28997 0.00 0.00 0.00 0
28998 0.00 0.00 0.00 0
28999 0.00 0.00 0.00 0
29000 0.00 0.00 0.00 0
30219 0.00 0.00 0.00 0
30220 0.00 0.00 0.00 0
30221 0.00 0.00 0.00 0
30222 0.00 0.00 0.00 0
30223 0.00 0.00 0.00 0
30224 0.00 0.00 0.00 0
30225 0.00 0.00 0.00 0
30226 0.00 0.00 0.00 0
30234 0.00 0.00 0.00 0
30235 0.00 0.00 0.00 0
30236 0.00 0.00 0.00 0
30237 0.00 0.00 0.00 0
30238 0.00 0.00 0.00 0
30239 0.00 0.00 0.00 0
31214 0.00 0.00 0.00 0
31215 0.00 0.00 0.00 0
31216 0.00 0.00 0.00 0
31217 0.00 0.00 0.00 0
31218 0.00 0.00 0.00 0
31221 0.00 0.00 0.00 0
31223 0.00 0.00 0.00 0
31224 0.00 0.00 0.00 0
31877 0.00 0.00 0.00 0
31878 0.00 0.00 0.00 0
31879 0.00 0.00 0.00 0
31880 0.00 0.00 0.00 0
31881 0.00 0.00 0.00 0
31882 0.00 0.00 0.00 0
31883 0.00 0.00 0.00 0
31884 0.00 0.00 0.00 0
31885 0.00 0.00 0.00 0
31886 0.00 0.00 0.00 0
31887 0.00 0.00 0.00 0
31888 0.00 0.00 0.00 0
31889 0.00 0.00 0.00 0
31890 0.00 0.00 0.00 0
31891 0.00 0.00 0.00 0
31892 0.00 0.00 0.00 0
31894 0.00 0.00 0.00 0
31895 0.00 0.00 0.00 0
31896 0.00 0.00 0.00 0
31897 0.00 0.00 0.00 0
31898 0.00 0.00 0.00 0
31899 0.00 0.00 0.00 0
31900 0.00 0.00 0.00 0
31901 0.00 0.00 0.00 0
31902 0.00 0.00 0.00 0
31903 0.00 0.00 0.00 0
31904 0.00 0.00 0.00 0
31905 0.00 0.00 0.00 0
31907 0.00 0.00 0.00 0
32684 0.00 0.00 0.00 0
32692 0.00 0.00 0.00 0
32693 0.00 0.00 0.00 0
32694 0.00 0.00 0.00 0
32695 0.00 0.00 0.00 0
32696 0.00 0.00 0.00 0
32697 0.00 0.00 0.00 0
32698 0.00 0.00 0.00 0
32699 0.00 0.00 0.00 0
32700 0.00 0.00 0.00 0
32701 0.00 0.00 0.00 0
32702 0.00 0.00 0.00 0
34184 0.00 0.00 0.00 0
34185 0.00 0.00 0.00 0
34187 0.00 0.00 0.00 0
34188 0.00 0.00 0.00 0
34191 0.00 0.00 0.00 0
34192 0.00 0.00 0.00 0
34193 0.00 0.00 0.00 0
34194 0.00 0.00 0.00 0
34197 0.00 0.00 0.00 0
34199 0.00 0.00 0.00 0
34200 0.00 0.00 0.00 0
34201 0.00 0.00 0.00 0
34202 0.00 0.00 0.00 0
34203 0.00 0.00 0.00 0
34204 0.00 0.00 0.00 0
34205 0.00 0.00 0.00 0
34206 0.00 0.00 0.00 0
38530 0.00 0.00 0.00 0
38531 0.00 0.00 0.00 0
38532 0.00 0.00 0.00 0
38533 0.00 0.00 0.00 0
38534 0.00 0.00 0.00 0
38535 0.00 0.00 0.00 0
38536 0.00 0.00 0.00 0
38537 0.00 0.00 0.00 0
38538 0.00 0.00 0.00 0
38539 0.00 0.00 0.00 0
38540 0.00 0.00 0.00 0
38541 0.00 0.00 0.00 0
38542 0.00 0.00 0.00 0
38543 0.00 0.00 0.00 0
38544 0.00 0.00 0.00 0
38545 0.00 0.00 0.00 0
38546 0.00 0.00 0.00 0
38547 0.00 0.00 0.00 0
38548 0.00 0.00 0.00 0
38549 0.00 0.00 0.00 0
38550 0.00 0.00 0.00 0
38551 0.00 0.00 0.00 0
38552 0.00 0.00 0.00 0
38553 0.00 0.00 0.00 0
38554 0.00 0.00 0.00 0
38555 0.00 0.00 0.00 0
38556 0.00 0.00 0.00 0
38557 0.00 0.00 0.00 0
38558 0.00 0.00 0.00 0
38578 0.00 0.00 0.00 0
38583 0.00 0.00 0.00 0
38584 0.00 0.00 0.00 0
38585 0.00 0.00 0.00 0
38586 0.00 0.00 0.00 0
38590 0.00 0.00 0.00 0
38997 0.00 0.00 0.00 0
39007 0.00 0.00 0.00 0
39008 0.00 0.00 0.00 0
39009 0.00 0.00 0.00 0
39010 0.00 0.00 0.00 0
39011 0.00 0.00 0.00 0
39012 0.00 0.00 0.00 0
39013 0.00 0.00 0.00 0
39014 0.00 0.00 0.00 0
39015 0.00 0.00 0.00 0
39016 0.00 0.00 0.00 0
39255 0.00 0.00 0.00 0
39259 0.00 0.00 0.00 0
39260 0.00 0.00 0.00 0
40234 0.00 0.00 0.00 0
40235 0.00 0.00 0.00 0
40236 0.00 0.00 0.00 0
40237 0.00 0.00 0.00 0
40238 0.00 0.00 0.00 0
40239 0.00 0.00 0.00 0
40240 0.00 0.00 0.00 0
40241 0.00 0.00 0.00 0
40242 0.00 0.00 0.00 0
40243 0.00 0.00 0.00 0
40244 0.00 0.00 0.00 0
40245 0.00 0.00 0.00 0
40246 0.00 0.00 0.00 0
40247 0.00 0.00 0.00 0
40248 0.00 0.00 0.00 0
40249 0.00 0.00 0.00 0
40250 0.00 0.00 0.00 0
40251 0.00 0.00 0.00 0
40252 0.00 0.00 0.00 0
40253 0.00 0.00 0.00 0
40254 0.00 0.00 0.00 0
40255 0.00 0.00 0.00 0
40256 0.00 0.00 0.00 0
40257 0.00 0.00 0.00 0
40258 0.00 0.00 0.00 0
40259 0.00 0.00 0.00 0
40260 0.00 0.00 0.00 0
40261 0.00 0.00 0.00 0
40262 0.00 0.00 0.00 0
40263 0.00 0.00 0.00 0
40264 0.00 0.00 0.00 0
40265 0.00 0.00 0.00 0
40266 0.00 0.00 0.00 0
40267 0.00 0.00 0.00 0
40268 0.00 0.00 0.00 0
40269 0.00 0.00 0.00 0
40270 0.00 0.00 0.00 0
40271 0.00 0.00 0.00 0
40272 0.00 0.00 0.00 0
40273 0.00 0.00 0.00 0
40274 0.00 0.00 0.00 0
40277 0.00 0.00 0.00 0
40278 0.00 0.00 0.00 0
40279 0.00 0.00 0.00 0
40280 0.00 0.00 0.00 0
40281 0.00 0.00 0.00 0
40282 0.00 0.00 0.00 0
40283 0.00 0.00 0.00 0
40284 0.00 0.00 0.00 0
40285 0.00 0.00 0.00 0
40286 0.00 0.00 0.00 0
40287 0.00 0.00 0.00 0
40288 0.00 0.00 0.00 0
40289 0.00 0.00 0.00 0
40290 0.00 0.00 0.00 0
40291 0.00 0.00 0.00 0
40292 0.00 0.00 0.00 0
40293 0.00 0.00 0.00 0
40294 0.00 0.00 0.00 0
40295 0.00 0.00 0.00 0
40296 0.00 0.00 0.00 0
40297 0.00 0.00 0.00 0
40298 0.00 0.00 0.00 0
40299 0.00 0.00 0.00 0
40300 0.00 0.00 0.00 0
40301 0.00 0.00 0.00 0
40302 0.00 0.00 0.00 0
40303 0.00 0.00 0.00 0
40304 0.00 0.00 0.00 0
40305 0.00 0.00 0.00 0
40306 0.00 0.00 0.00 0
40370 0.00 0.00 0.00 0
40371 0.00 0.00 0.00 0
41006 0.00 0.00 0.00 0
41007 0.00 0.00 0.00 0
41008 0.00 0.00 0.00 0
41299 0.00 0.00 0.00 0
41300 0.00 0.00 0.00 0
41301 0.00 0.00 0.00 0
41302 0.00 0.00 0.00 0
41303 0.00 0.00 0.00 0
41693 0.00 0.00 0.00 0
41694 0.00 0.00 0.00 0
41695 0.00 0.00 0.00 0
41699 0.00 0.00 0.00 0
41899 0.00 0.00 0.00 0
41900 0.00 0.00 0.00 0
41901 0.00 0.00 0.00 0
41902 0.00 0.00 0.00 0
41903 0.00 0.00 0.00 0
42774 0.00 0.00 0.00 0
42775 0.00 0.00 0.00 0
42776 0.00 0.00 0.00 0
42784 0.00 0.00 0.00 0
42785 0.00 0.00 0.00 0
42786 0.00 0.00 0.00 0
42787 0.00 0.00 0.00 0
42788 0.00 0.00 0.00 0
43484 0.00 0.00 0.00 0
43485 0.00 0.00 0.00 0
43486 0.00 0.00 0.00 0
43487 0.00 0.00 0.00 0
43488 0.00 0.00 0.00 0
43489 0.00 0.00 0.00 0
43490 0.00 0.00 0.00 0
43491 0.00 0.00 0.00 0
43615 0.00 0.00 0.00 0
43616 0.00 0.00 0.00 0
43617 0.00 0.00 0.00 0
43618 0.00 0.00 0.00 0
43958 0.00 0.00 0.00 0
43959 0.00 0.00 0.00 0
43960 0.00 0.00 0.00 0
43961 0.00 0.00 0.00 0
43962 0.00 0.00 0.00 0
43963 0.00 0.00 0.00 0
43964 0.00 0.00 0.00 0
43965 0.00 0.00 0.00 0
43966 0.00 0.00 0.00 0
43967 0.00 0.00 0.00 0
43968 0.00 0.00 0.00 0
43969 0.00 0.00 0.00 0
43970 0.00 0.00 0.00 0
43971 0.00 0.00 0.00 0
43972 0.00 0.00 0.00 0
43973 0.00 0.00 0.00 0
43974 0.00 0.00 0.00 0
43975 0.00 0.00 0.00 0
44296 0.00 0.00 0.00 0
44298 0.00 0.00 0.00 0
44299 0.00 0.00 0.00 0
44300 0.00 0.00 0.00 0
44301 0.00 0.00 0.00 0
44302 0.00 0.00 0.00 0
44303 0.00 0.00 0.00 0
45174 0.00 0.00 0.00 0
45175 0.00 0.00 0.00 0
45176 0.00 0.00 0.00 0
45177 0.00 0.00 0.00 0
45178 0.00 0.00 0.00 0
45179 0.00 0.00 0.00 0
45180 0.00 0.00 0.00 0
45181 0.00 0.00 0.00 0
45183 0.00 0.00 0.00 0
45184 0.00 0.00 0.00 0
45185 0.00 0.00 0.00 0
45186 0.00 0.00 0.00 0
45187 0.00 0.00 0.00 0
45188 0.00 0.00 0.00 0
45888 0.00 0.00 0.00 0
45889 0.00 0.00 0.00 0
45890 0.00 0.00 0.00 0
46358 0.00 0.00 0.00 0
46359 0.00 0.00 0.00 0
46360 0.00 0.00 0.00 0
46361 0.00 0.00 0.00 0
46362 0.00 0.00 0.00 0
46363 0.00 0.00 0.00 0
46364 0.00 0.00 0.00 0
46365 0.00 0.00 0.00 0
46366 0.00 0.00 0.00 0
46367 0.00 0.00 0.00 0
46368 0.00 0.00 0.00 0
46369 0.00 0.00 0.00 0
46370 0.00 0.00 0.00 0
46371 0.00 0.00 0.00 0
46372 0.00 0.00 0.00 0
46373 0.00 0.00 0.00 0
46374 0.00 0.00 0.00 0
46375 0.00 0.00 0.00 0
46376 0.00 0.00 0.00 0
46377 0.00 0.00 0.00 0
46378 0.00 0.00 0.00 0
46977 0.00 0.00 0.00 0
46978 0.00 0.00 0.00 0
46979 0.00 0.00 0.00 0
46980 0.00 0.00 0.00 0
46981 0.00 0.00 0.00 0
46982 0.00 0.00 0.00 0
46983 0.00 0.00 0.00 0
46984 0.00 0.00 0.00 0
46985 0.00 0.00 0.00 0
46986 0.00 0.00 0.00 0
46987 0.00 0.00 0.00 0
46988 0.00 0.00 0.00 0
48161 0.00 0.00 0.00 0
48163 0.00 0.00 0.00 0
48164 0.00 0.00 0.00 0
48165 0.00 0.00 0.00 0
48172 0.00 0.00 0.00 0
51734 0.00 0.00 0.00 0
51735 0.00 0.00 0.00 0
51736 0.00 0.00 0.00 0
51737 0.00 0.00 0.00 0
51738 0.00 0.00 0.00 0
51739 0.00 0.00 0.00 0
51740 0.00 0.00 0.00 0
51741 0.00 0.00 0.00 0
51742 0.00 0.00 0.00 0
51743 0.00 0.00 0.00 0
51744 0.00 0.00 0.00 0
51745 0.00 0.00 0.00 0
51746 0.00 0.00 0.00 0
51747 0.00 0.00 0.00 0
51748 0.00 0.00 0.00 0
51749 0.00 0.00 0.00 0
51750 0.00 0.00 0.00 0
51751 0.00 0.00 0.00 0
51752 0.00 0.00 0.00 0
51753 0.00 0.00 0.00 0
51754 0.00 0.00 0.00 0
51755 0.00 0.00 0.00 0
51756 0.00 0.00 0.00 0
51778 0.00 0.00 0.00 0
52121 0.00 0.00 0.00 0
52128 0.00 0.00 0.00 0
52129 0.00 0.00 0.00 0
52130 0.00 0.00 0.00 0
52131 0.00 0.00 0.00 0
52132 0.00 0.00 0.00 0
52133 0.00 0.00 0.00 0
52134 0.00 0.00 0.00 0
52135 0.00 0.00 0.00 0
52136 0.00 0.00 0.00 0
52137 0.00 0.00 0.00 0
52138 0.00 0.00 0.00 0
52330 0.00 0.00 0.00 0
52336 0.00 0.00 0.00 0
52337 0.00 0.00 0.00 0
52338 0.00 0.00 0.00 0
52339 0.00 0.00 0.00 0
52340 0.00 0.00 0.00 0
52341 0.00 0.00 0.00 0
53153 0.00 0.00 0.00 0
53154 0.00 0.00 0.00 0
53155 0.00 0.00 0.00 0
53156 0.00 0.00 0.00 0
53157 0.00 0.00 0.00 0
53158 0.00 0.00 0.00 0
53159 0.00 0.00 0.00 0
53160 0.00 0.00 0.00 0
53161 0.00 0.00 0.00 0
53162 0.00 0.00 0.00 0
53163 0.00 0.00 0.00 0
53164 0.00 0.00 0.00 0
53165 0.00 0.00 0.00 0
53166 0.00 0.00 0.00 0
53167 0.00 0.00 0.00 0
53168 0.00 0.00 0.00 0
53169 0.00 0.00 0.00 0
53170 0.00 0.00 0.00 0
53171 0.00 0.00 0.00 0
53172 0.00 0.00 0.00 0
53173 0.00 0.00 0.00 0
53174 0.00 0.00 0.00 0
53175 0.00 0.00 0.00 0
53176 0.00 0.00 0.00 0
53177 0.00 0.00 0.00 0
53178 0.00 0.00 0.00 0
53179 0.00 0.00 0.00 0
53180 0.00 0.00 0.00 0
53181 0.00 0.00 0.00 0
53182 0.00 0.00 0.00 0
53183 0.00 0.00 0.00 0
53184 0.00 0.00 0.00 0
53185 0.00 0.00 0.00 0
53186 0.00 0.00 0.00 0
53187 0.00 0.00 0.00 0
53188 0.00 0.00 0.00 0
53189 0.00 0.00 0.00 0
53190 0.00 0.00 0.00 0
53191 0.00 0.00 0.00 0
53192 0.00 0.00 0.00 0
53193 0.00 0.00 0.00 0
53194 0.00 0.00 0.00 0
53195 0.00 0.00 0.00 0
53196 0.00 0.00 0.00 0
53197 0.00 0.00 0.00 0
53198 0.00 0.00 0.00 0
53199 0.00 0.00 0.00 0
53200 0.00 0.00 0.00 0
53201 0.00 0.00 0.00 0
53202 0.00 0.00 0.00 0
53203 0.00 0.00 0.00 0
53204 0.00 0.00 0.00 0
53205 0.00 0.00 0.00 0
53206 0.00 0.00 0.00 0
53207 0.00 0.00 0.00 0
53208 0.00 0.00 0.00 0
53210 0.00 0.00 0.00 0
53211 0.00 0.00 0.00 0
53212 0.00 0.00 0.00 0
53213 0.00 0.00 0.00 0
53214 0.00 0.00 0.00 0
53896 0.00 0.00 0.00 0
53897 0.00 0.00 0.00 0
53898 0.00 0.00 0.00 0
53899 0.00 0.00 0.00 0
53900 0.00 0.00 0.00 0
53901 0.00 0.00 0.00 0
53902 0.00 0.00 0.00 0
53903 0.00 0.00 0.00 0
54774 0.00 0.00 0.00 0
54775 0.00 0.00 0.00 0
54776 0.00 0.00 0.00 0
54777 0.00 0.00 0.00 0
54778 0.00 0.00 0.00 0
54779 0.00 0.00 0.00 0
54780 0.00 0.00 0.00 0
54781 0.00 0.00 0.00 0
54782 0.00 0.00 0.00 0
54783 0.00 0.00 0.00 0
54784 0.00 0.00 0.00 0
54785 0.00 0.00 0.00 0
54786 0.00 0.00 0.00 0
54787 0.00 0.00 0.00 0
54788 0.00 0.00 0.00 0
55958 0.00 0.00 0.00 0
55959 0.00 0.00 0.00 0
55960 0.00 0.00 0.00 0
55961 0.00 0.00 0.00 0
55962 0.00 0.00 0.00 0
55963 0.00 0.00 0.00 0
55964 0.00 0.00 0.00 0
55965 0.00 0.00 0.00 0
55971 0.00 0.00 0.00 0
55972 0.00 0.00 0.00 0
55973 0.00 0.00 0.00 0
55974 0.00 0.00 0.00 0
55975 0.00 0.00 0.00 0
55976 0.00 0.00 0.00 0
55977 0.00 0.00 0.00 0
55978 0.00 0.00 0.00 0
55979 0.00 0.00 0.00 0
55980 0.00 0.00 0.00 0
56576 0.00 0.00 0.00 0
56577 0.00 0.00 0.00 0
56578 0.00 0.00 0.00 0
56579 0.00 0.00 0.00 0
56580 0.00 0.00 0.00 0
56581 0.00 0.00 0.00 0
56582 0.00 0.00 0.00 0
56583 0.00 0.00 0.00 0
56584 0.00 0.00 0.00 0
56585 0.00 0.00 0.00 0
56586 0.00 0.00 0.00 0
56587 0.00 0.00 0.00 0
56588 0.00 0.00 0.00 0
59232 0.00 0.00 0.00 0
59234 0.00 0.00 0.00 0
59236 0.00 0.00 0.00 0
61334 0.00 0.00 0.00 0
61335 0.00 0.00 0.00 0
61336 0.00 0.00 0.00 0
61337 0.00 0.00 0.00 0
61338 0.00 0.00 0.00 0
61339 0.00 0.00 0.00 0
61340 0.00 0.00 0.00 0
61341 0.00 0.00 0.00 0
61342 0.00 0.00 0.00 0
61343 0.00 0.00 0.00 0
61344 0.00 0.00 0.00 0
61345 0.00 0.00 0.00 0
61346 0.00 0.00 0.00 0
61347 0.00 0.00 0.00 0
61348 0.00 0.00 0.00 0
61349 0.00 0.00 0.00 0
61351 0.00 0.00 0.00 0
61352 0.00 0.00 0.00 0
61353 0.00 0.00 0.00 0
61354 0.00 0.00 0.00 0
61356 0.00 0.00 0.00 0
61727 0.00 0.00 0.00 0
61728 0.00 0.00 0.00 0
61729 0.00 0.00 0.00 0
61730 0.00 0.00 0.00 0
61731 0.00 0.00 0.00 0
61732 0.00 0.00 0.00 0
61733 0.00 0.00 0.00 0
61734 0.00 0.00 0.00 0
61735 0.00 0.00 0.00 0
61736 0.00 0.00 0.00 0
61737 0.00 0.00 0.00 0
61738 0.00 0.00 0.00 0
61935 0.00 0.00 0.00 0
61936 0.00 0.00 0.00 0
61937 0.00 0.00 0.00 0
61938 0.00 0.00 0.00 0
61939 0.00 0.00 0.00 0
61940 0.00 0.00 0.00 0
61941 0.00 0.00 0.00 0
62753 0.00 0.00 0.00 0
62754 0.00 0.00 0.00 0
62755 0.00 0.00 0.00 0
62756 0.00 0.00 0.00 0
62757 0.00 0.00 0.00 0
62758 0.00 0.00 0.00 0
62759 0.00 0.00 0.00 0
62760 0.00 0.00 0.00 0
62761 0.00 0.00 0.00 0
62762 0.00 0.00 0.00 0
62763 0.00 0.00 0.00 0
62764 0.00 0.00 0.00 0
62765 0.00 0.00 0.00 0
62766 0.00 0.00 0.00 0
62767 0.00 0.00 0.00 0
62768 0.00 0.00 0.00 0
62769 0.00 0.00 0.00 0
62770 0.00 0.00 0.00 0
62771 0.00 0.00 0.00 0
62772 0.00 0.00 0.00 0
62773 0.00 0.00 0.00 0
62774 0.00 0.00 0.00 0
62775 0.00 0.00 0.00 0
62776 0.00 0.00 0.00 0
62777 0.00 0.00 0.00 0
62778 0.00 0.00 0.00 0
62779 0.00 0.00 0.00 0
62780 0.00 0.00 0.00 0
62781 0.00 0.00 0.00 0
62782 0.00 0.00 0.00 0
62783 0.00 0.00 0.00 0
62784 0.00 0.00 0.00 0
62785 0.00 0.00 0.00 0
62786 0.00 0.00 0.00 0
62787 0.00 0.00 0.00 0
62788 0.00 0.00 0.00 0
62789 0.00 0.00 0.00 0
62790 0.00 0.00 0.00 0
62791 0.00 0.00 0.00 0
62792 0.00 0.00 0.00 0
62793 0.00 0.00 0.00 0
62794 0.00 0.00 0.00 0
62795 0.00 0.00 0.00 0
62796 0.00 0.00 0.00 0
62797 0.00 0.00 0.00 0
62798 0.00 0.00 0.00 0
62799 0.00 0.00 0.00 0
62800 0.00 0.00 0.00 0
62801 0.00 0.00 0.00 0
62802 0.00 0.00 0.00 0
62803 0.00 0.00 0.00 0
62804 0.00 0.00 0.00 0
62805 0.00 0.00 0.00 0
62806 0.00 0.00 0.00 0
62807 0.00 0.00 0.00 0
62808 0.00 0.00 0.00 0
63771 0.00 0.00 0.00 0
63772 0.00 0.00 0.00 0
63773 0.00 0.00 0.00 0
63774 0.00 0.00 0.00 0
63775 0.00 0.00 0.00 0
63776 0.00 0.00 0.00 0
63777 0.00 0.00 0.00 0
63778 0.00 0.00 0.00 0
63779 0.00 0.00 0.00 0
63780 0.00 0.00 0.00 0
63781 0.00 0.00 0.00 0
63782 0.00 0.00 0.00 0
63783 0.00 0.00 0.00 0
63784 0.00 0.00 0.00 0
63785 0.00 0.00 0.00 0
63786 0.00 0.00 0.00 0
63787 0.00 0.00 0.00 0
63788 0.00 0.00 0.00 0
66399 0.00 0.00 0.00 0
66400 0.00 0.00 0.00 0
66402 0.00 0.00 0.00 0
66403 0.00 0.00 0.00 0
66404 0.00 0.00 0.00 0
66405 0.00 0.00 0.00 0
66406 0.00 0.00 0.00 0
66407 0.00 0.00 0.00 0
66408 0.00 0.00 0.00 0
66409 0.00 0.00 0.00 0
66410 0.00 0.00 0.00 0
66411 0.00 0.00 0.00 0
66412 0.00 0.00 0.00 0
66413 0.00 0.00 0.00 0
66414 0.00 0.00 0.00 0
66415 0.00 0.00 0.00 0
66416 0.00 0.00 0.00 0
66428 0.00 0.00 0.00 0
66429 0.00 0.00 0.00 0
66430 0.00 0.00 0.00 0
66431 0.00 0.00 0.00 0
66432 0.00 0.00 0.00 0
66433 0.00 0.00 0.00 0
66434 0.00 0.00 0.00 0
66435 0.00 0.00 0.00 0
66436 0.00 0.00 0.00 0
66437 0.00 0.00 0.00 0
66438 0.00 0.00 0.00 0
66439 0.00 0.00 0.00 0
66440 0.00 0.00 0.00 0
66441 0.00 0.00 0.00 0
66442 0.00 0.00 0.00 0
66443 0.00 0.00 0.00 0
68534 0.00 0.00 0.00 0
68535 0.00 0.00 0.00 0
68536 0.00 0.00 0.00 0
68540 0.00 0.00 0.00 0
68544 0.00 0.00 0.00 0
68545 0.00 0.00 0.00 0
68546 0.00 0.00 0.00 0
68547 0.00 0.00 0.00 0
68550 0.00 0.00 0.00 0
68552 0.00 0.00 0.00 0
68553 0.00 0.00 0.00 0
68554 0.00 0.00 0.00 0
68555 0.00 0.00 0.00 0
68556 0.00 0.00 0.00 0
68935 0.00 0.00 0.00 0
68937 0.00 0.00 0.00 0
68938 0.00 0.00 0.00 0
69953 0.00 0.00 0.00 0
69954 0.00 0.00 0.00 0
69955 0.00 0.00 0.00 0
69956 0.00 0.00 0.00 0
69957 0.00 0.00 0.00 0
69958 0.00 0.00 0.00 0
69959 0.00 0.00 0.00 0
69960 0.00 0.00 0.00 0
69961 0.00 0.00 0.00 0
69962 0.00 0.00 0.00 0
69963 0.00 0.00 0.00 0
69964 0.00 0.00 0.00 0
69965 0.00 0.00 0.00 0
69966 0.00 0.00 0.00 0
69967 0.00 0.00 0.00 0
69968 0.00 0.00 0.00 0
69969 0.00 0.00 0.00 0
69970 0.00 0.00 0.00 0
69971 0.00 0.00 0.00 0
69972 0.00 0.00 0.00 0
69973 0.00 0.00 0.00 0
69974 0.00 0.00 0.00 0
69975 0.00 0.00 0.00 0
69976 0.00 0.00 0.00 0
69977 0.00 0.00 0.00 0
69978 0.00 0.00 0.00 0
69982 0.00 0.00 0.00 0
69983 0.00 0.00 0.00 0
69987 0.00 0.00 0.00 0
69988 0.00 0.00 0.00 0
69989 0.00 0.00 0.00 0
69990 0.00 0.00 0.00 0
69991 0.00 0.00 0.00 0
69992 0.00 0.00 0.00 0
69993 0.00 0.00 0.00 0
69994 0.00 0.00 0.00 0
69995 0.00 0.00 0.00 0
69996 0.00 0.00 0.00 0
69997 0.00 0.00 0.00 0
69998 0.00 0.00 0.00 0
69999 0.00 0.00 0.00 0
70000 0.00 0.00 0.00 0
70001 0.00 0.00 0.00 0
70002 0.00 0.00 0.00 0
70003 0.00 0.00 0.00 0
70004 0.00 0.00 0.00 0
70005 0.00 0.00 0.00 0
70006 0.00 0.00 0.00 0
70007 0.00 0.00 0.00 0
70008 0.00 0.00 0.00 0
70012 0.00 0.00 0.00 0
70016 0.00 0.00 0.00 0
70017 0.00 0.00 0.00 0
70018 0.00 0.00 0.00 0
71797 0.00 0.00 0.00 0
71798 0.00 0.00 0.00 0
71817 0.00 0.00 0.00 0
71818 0.00 0.00 0.00 0
71819 0.00 0.00 0.00 0
71820 0.00 0.00 0.00 0
71821 0.00 0.00 0.00 0
71822 0.00 0.00 0.00 0
71823 0.00 0.00 0.00 0
71824 0.00 0.00 0.00 0
71825 0.00 0.00 0.00 0
71826 0.00 0.00 0.00 0
71827 0.00 0.00 0.00 0
71828 0.00 0.00 0.00 0
71829 0.00 0.00 0.00 0
71830 0.00 0.00 0.00 0
71831 0.00 0.00 0.00 0
71832 0.00 0.00 0.00 0
71833 0.00 0.00 0.00 0
71834 0.00 0.00 0.00 0
71835 0.00 0.00 0.00 0
71836 0.00 0.00 0.00 0
71837 0.00 0.00 0.00 0
71838 0.00 0.00 0.00 0
71839 0.00 0.00 0.00 0
71840 0.00 0.00 0.00 0
71841 0.00 0.00 0.00 0
71842 0.00 0.00 0.00 0
71843 0.00 0.00 0.00 0
75354 0.00 0.00 0.00 0
75358 0.00 0.00 0.00 0
75359 0.00 0.00 0.00 0
75360 0.00 0.00 0.00 0
75367 0.00 0.00 0.00 0
75368 0.00 0.00 0.00 0
75369 0.00 0.00 0.00 0
75370 0.00 0.00 0.00 0
75371 0.00 0.00 0.00 0
75372 0.00 0.00 0.00 0
75373 0.00 0.00 0.00 0
75374 0.00 0.00 0.00 0
75375 0.00 0.00 0.00 0
75383 0.00 0.00 0.00 0
75387 0.00 0.00 0.00 0
75388 0.00 0.00 0.00 0
75389 0.00 0.00 0.00 0
75390 0.00 0.00 0.00 0
75391 0.00 0.00 0.00 0
75392 0.00 0.00 0.00 0
75393 0.00 0.00 0.00 0
75394 0.00 0.00 0.00 0
75395 0.00 0.00 0.00 0
75396 0.00 0.00 0.00 0
75397 0.00 0.00 0.00 0
75398 0.00 0.00 0.00 0
75399 0.00 0.00 0.00 0
75400 0.00 0.00 0.00 0
75402 0.00 0.00 0.00 0
75403 0.00 0.00 0.00 0
75404 0.00 0.00 0.00 0
75405 0.00 0.00 0.00 0
79697 0.00 0.00 0.00 0
79698 0.00 0.00 0.00 0
79699 0.00 0.00 0.00 0
86084 0.00 0.00 0.00 0
86085 0.00 0.00 0.00 0
86086 0.00 0.00 0.00 0
86087 0.00 0.00 0.00 0
86088 0.00 0.00 0.00 0
86089 0.00 0.00 0.00 0
86090 0.00 0.00 0.00 0
86091 0.00 0.00 0.00 0
86092 0.00 0.00 0.00 0
86093 0.00 0.00 0.00 0
86094 0.00 0.00 0.00 0
86095 0.00 0.00 0.00 0
86096 0.00 0.00 0.00 0
86097 0.00 0.00 0.00 0
86098 0.00 0.00 0.00 0
86099 0.00 0.00 0.00 0
86100 0.00 0.00 0.00 0
86101 0.00 0.00 0.00 0
86102 0.00 0.00 0.00 0
86103 0.00 0.00 0.00 0
86104 0.00 0.00 0.00 0
86105 0.00 0.00 0.00 0
86106 0.00 0.00 0.00 0
86107 0.00 0.00 0.00 0
86108 0.00 0.00 0.00 0
86109 0.00 0.00 0.00 0
86110 0.00 0.00 0.00 0
86111 0.00 0.00 0.00 0
86112 0.00 0.00 0.00 0
86113 0.00 0.00 0.00 0
86114 0.00 0.00 0.00 0
86115 0.00 0.00 0.00 0
86116 0.00 0.00 0.00 0
86117 0.00 0.00 0.00 0
86118 0.00 0.00 0.00 0
86119 0.00 0.00 0.00 0
86120 0.00 0.00 0.00 0
86121 0.00 0.00 0.00 0
86122 0.00 0.00 0.00 0
86123 0.00 0.00 0.00 0
86124 0.00 0.00 0.00 0
86125 0.00 0.00 0.00 0
86126 0.00 0.00 0.00 0
86127 0.00 0.00 0.00 0
86128 0.00 0.00 0.00 0
86129 0.00 0.00 0.00 0
86130 0.00 0.00 0.00 0
86131 0.00 0.00 0.00 0
86132 0.00 0.00 0.00 0
86133 0.00 0.00 0.00 0
86134 0.00 0.00 0.00 0
86135 0.00 0.00 0.00 0
86136 0.00 0.00 0.00 0
86137 0.00 0.00 0.00 0
86138 0.00 0.00 0.00 0
86139 0.00 0.00 0.00 0
86140 0.00 0.00 0.00 0
86141 0.00 0.00 0.00 0
86142 0.00 0.00 0.00 0
86143 0.00 0.00 0.00 0
86144 0.00 0.00 0.00 0
86145 0.00 0.00 0.00 0
86146 0.00 0.00 0.00 0
86147 0.00 0.00 0.00 0
86148 0.00 0.00 0.00 0
86149 0.00 0.00 0.00 0
86150 0.00 0.00 0.00 0
86151 0.00 0.00 0.00 0
86213 0.00 0.00 0.00 0
86214 0.00 0.00 0.00 0
86215 0.00 0.00 0.00 0
86216 0.00 0.00 0.00 0
86217 0.00 0.00 0.00 0
86218 0.00 0.00 0.00 0
86219 0.00 0.00 0.00 0
86220 0.00 0.00 0.00 0
86221 0.00 0.00 0.00 0
86222 0.00 0.00 0.00 0
86223 0.00 0.00 0.00 0
86224 0.00 0.00 0.00 0
86226 0.00 0.00 0.00 0
86230 0.00 0.00 0.00 0
86231 0.00 0.00 0.00 0
86232 0.00 0.00 0.00 0
87243 0.00 0.00 0.00 0
87244 0.00 0.00 0.00 0
87245 0.00 0.00 0.00 0
87247 0.00 0.00 0.00 0
87249 0.00 0.00 0.00 0
87250 0.00 0.00 0.00 0
87251 0.00 0.00 0.00 0
87252 0.00 0.00 0.00 0
87253 0.00 0.00 0.00 0
87273 0.00 0.00 0.00 0
87275 0.00 0.00 0.00 0
87277 0.00 0.00 0.00 0
87278 0.00 0.00 0.00 0
87279 0.00 0.00 0.00 0
87280 0.00 0.00 0.00 0
87281 0.00 0.00 0.00 0
87282 0.00 0.00 0.00 0
87283 0.00 0.00 0.00 0
87284 0.00 0.00 0.00 0
87285 0.00 0.00 0.00 0
87286 0.00 0.00 0.00 0
87287 0.00 0.00 0.00 0
87288 0.00 0.00 0.00 0
87289 0.00 0.00 0.00 0
87290 0.00 0.00 0.00 0
87291 0.00 0.00 0.00 0
87292 0.00 0.00 0.00 0
87293 0.00 0.00 0.00 0
87294 0.00 0.00 0.00 0
87295 0.00 0.00 0.00 0
87296 0.00 0.00 0.00 0
87297 0.00 0.00 0.00 0
87298 0.00 0.00 0.00 0
87887 0.00 0.00 0.00 0
87888 0.00 0.00 0.00 0
87889 0.00 0.00 0.00 0
87890 0.00 0.00 0.00 0
87891 0.00 0.00 0.00 0
87895 0.00 0.00 0.00 0
87901 0.00 0.00 0.00 0
87902 0.00 0.00 0.00 0
87903 0.00 0.00 0.00 0
87904 0.00 0.00 0.00 0
87905 0.00 0.00 0.00 0
87906 0.00 0.00 0.00 0
90338 0.00 0.00 0.00 0
90339 0.00 0.00 0.00 0
90340 0.00 0.00 0.00 0
90341 0.00 0.00 0.00 0
90342 0.00 0.00 0.00 0
90343 0.00 0.00 0.00 0
90344 0.00 0.00 0.00 0
90345 0.00 0.00 0.00 0
90346 0.00 0.00 0.00 0
90347 0.00 0.00 0.00 0
90348 0.00 0.00 0.00 0
90349 0.00 0.00 0.00 0
90350 0.00 0.00 0.00 0
90351 0.00 0.00 0.00 0
90352 0.00 0.00 0.00 0
90353 0.00 0.00 0.00 0
90354 0.00 0.00 0.00 0
90355 0.00 0.00 0.00 0
90356 0.00 0.00 0.00 0
90357 0.00 0.00 0.00 0
90358 0.00 0.00 0.00 0
90359 0.00 0.00 0.00 0
90360 0.00 0.00 0.00 0
90361 0.00 0.00 0.00 0
90362 0.00 0.00 0.00 0
90363 0.00 0.00 0.00 0
90364 0.00 0.00 0.00 0
90365 0.00 0.00 0.00 0
90366 0.00 0.00 0.00 0
90367 0.00 0.00 0.00 0
90368 0.00 0.00 0.00 0
90369 0.00 0.00 0.00 0
90370 0.00 0.00 0.00 0
90371 0.00 0.00 0.00 0
90372 0.00 0.00 0.00 0
90373 0.00 0.00 0.00 0
90374 0.00 0.00 0.00 0
90375 0.00 0.00 0.00 0
90376 0.00 0.00 0.00 0
90377 0.00 0.00 0.00 0
90378 0.00 0.00 0.00 0
90379 0.00 0.00 0.00 0
90380 0.00 0.00 0.00 0
90381 0.00 0.00 0.00 0
90382 0.00 0.00 0.00 0
90383 0.00 0.00 0.00 0
90384 0.00 0.00 0.00 0
90385 0.00 0.00 0.00 0
90386 0.00 0.00 0.00 0
90387 0.00 0.00 0.00 0
90388 0.00 0.00 0.00 0
90389 0.00 0.00 0.00 0
90390 0.00 0.00 0.00 0
90391 0.00 0.00 0.00 0
90392 0.00 0.00 0.00 0
90393 0.00 0.00 0.00 0
90394 0.00 0.00 0.00 0
90395 0.00 0.00 0.00 0
90396 0.00 0.00 0.00 0
90397 0.00 0.00 0.00 0
90398 0.00 0.00 0.00 0
90399 0.00 0.00 0.00 0
90400 0.00 0.00 0.00 0
90401 0.00 0.00 0.00 0
90402 0.00 0.00 0.00 0
90403 0.00 0.00 0.00 0
90404 0.00 0.00 0.00 0
90405 0.00 0.00 0.00 0
90406 0.00 0.00 0.00 0
90407 0.00 0.00 0.00 0
90408 0.00 0.00 0.00 0
90409 0.00 0.00 0.00 0
90410 0.00 0.00 0.00 0
90411 0.00 0.00 0.00 0
90412 0.00 0.00 0.00 0
90413 0.00 0.00 0.00 0
90414 0.00 0.00 0.00 0
90415 0.00 0.00 0.00 0
90416 0.00 0.00 0.00 0
90417 0.00 0.00 0.00 0
90418 0.00 0.00 0.00 0
90419 0.00 0.00 0.00 0
90420 0.00 0.00 0.00 0
90421 0.00 0.00 0.00 0
90422 0.00 0.00 0.00 0
90423 0.00 0.00 0.00 0
90424 0.00 0.00 0.00 0
90425 0.00 0.00 0.00 0
90426 0.00 0.00 0.00 0
90427 0.00 0.00 0.00 0
90428 0.00 0.00 0.00 0
90429 0.00 0.00 0.00 0
90430 0.00 0.00 0.00 0
90431 0.00 0.00 0.00 0
90432 0.00 0.00 0.00 0
90433 0.00 0.00 0.00 0
90434 0.00 0.00 0.00 0
90435 0.00 0.00 0.00 0
90436 0.00 0.00 0.00 0
90437 0.00 0.00 0.00 0
90438 0.00 0.00 0.00 0
90439 0.00 0.00 0.00 0
90440 0.00 0.00 0.00 0
90441 0.00 0.00 0.00 0
90442 0.00 0.00 0.00 0
90443 0.00 0.00 0.00 0
90444 0.00 0.00 0.00 0
90446 0.00 0.00 0.00 0
90447 0.00 0.00 0.00 0
90448 0.00 0.00 0.00 0
90449 0.00 0.00 0.00 0
90450 0.00 0.00 0.00 0
90451 0.00 0.00 0.00 0
90452 0.00 0.00 0.00 0
90453 0.00 0.00 0.00 0
90454 0.00 0.00 0.00 0
90455 0.00 0.00 0.00 0
90456 0.00 0.00 0.00 0
90457 0.00 0.00 0.00 0
90458 0.00 0.00 0.00 0
90459 0.00 0.00 0.00 0
90460 0.00 0.00 0.00 0
90461 0.00 0.00 0.00 0
90462 0.00 0.00 0.00 0
90463 0.00 0.00 0.00 0
90464 0.00 0.00 0.00 0
90465 0.00 0.00 0.00 0
90466 0.00 0.00 0.00 0
90467 0.00 0.00 0.00 0
90468 0.00 0.00 0.00 0
90469 0.00 0.00 0.00 0
90470 0.00 0.00 0.00 0
90471 0.00 0.00 0.00 0
90472 0.00 0.00 0.00 0
90473 0.00 0.00 0.00 0
90474 0.00 0.00 0.00 0
90475 0.00 0.00 0.00 0
90476 0.00 0.00 0.00 0
90477 0.00 0.00 0.00 0
90478 0.00 0.00 0.00 0
90479 0.00 0.00 0.00 0
90480 0.00 0.00 0.00 0
90481 0.00 0.00 0.00 0
90482 0.00 0.00 0.00 0
90483 0.00 0.00 0.00 0
90484 0.00 0.00 0.00 0
90485 0.00 0.00 0.00 0
90486 0.00 0.00 0.00 0
90487 0.00 0.00 0.00 0
90488 0.00 0.00 0.00 0
90489 0.00 0.00 0.00 0
90490 0.00 0.00 0.00 0
90491 0.00 0.00 0.00 0
90492 0.00 0.00 0.00 0
90493 0.00 0.00 0.00 0
90494 0.00 0.00 0.00 0
90495 0.00 0.00 0.00 0
90496 0.00 0.00 0.00 0
90497 0.00 0.00 0.00 0
90498 0.00 0.00 0.00 0
90499 0.00 0.00 0.00 0
90500 0.00 0.00 0.00 0
90501 0.00 0.00 0.00 0
90502 0.00 0.00 0.00 0
90503 0.00 0.00 0.00 0
90504 0.00 0.00 0.00 0
90505 0.00 0.00 0.00 0
90506 0.00 0.00 0.00 0
90507 0.00 0.00 0.00 0
90508 0.00 0.00 0.00 0
90509 0.00 0.00 0.00 0
90510 0.00 0.00 0.00 0
90511 0.00 0.00 0.00 0
90512 0.00 0.00 0.00 0
90513 0.00 0.00 0.00 0
90514 0.00 0.00 0.00 0
90515 0.00 0.00 0.00 0
90516 0.00 0.00 0.00 0
90517 0.00 0.00 0.00 0
90518 0.00 0.00 0.00 0
90519 0.00 0.00 0.00 0
90520 0.00 0.00 0.00 0
90679 0.00 0.00 0.00 0
90680 0.00 0.00 0.00 0
90681 0.00 0.00 0.00 0
90682 0.00 0.00 0.00 0
90683 0.00 0.00 0.00 0
92242 0.00 0.00 0.00 0
92243 0.00 0.00 0.00 0
92244 0.00 0.00 0.00 0
92245 0.00 0.00 0.00 0
92246 0.00 0.00 0.00 0
92769 0.00 0.00 0.00 0
92770 0.00 0.00 0.00 0
92771 0.00 0.00 0.00 0
92772 0.00 0.00 0.00 0
92773 0.00 0.00 0.00 0
92774 0.00 0.00 0.00 0
92775 0.00 0.00 0.00 0
92776 0.00 0.00 0.00 0
92777 0.00 0.00 0.00 0
93479 0.00 0.00 0.00 0
93480 0.00 0.00 0.00 0
93481 0.00 0.00 0.00 0
93482 0.00 0.00 0.00 0
93483 0.00 0.00 0.00 0
93488 0.00 0.00 0.00 0
93489 0.00 0.00 0.00 0
93490 0.00 0.00 0.00 0
93491 0.00 0.00 0.00 0
93492 0.00 0.00 0.00 0
93849 0.00 0.00 0.00 0
93850 0.00 0.00 0.00 0
93851 0.00 0.00 0.00 0
93852 0.00 0.00 0.00 0
93853 0.00 0.00 0.00 0
93854 0.00 0.00 0.00 0
93855 0.00 0.00 0.00 0
93856 0.00 0.00 0.00 0
93857 0.00 0.00 0.00 0
95442 0.00 0.00 0.00 0
95443 0.00 0.00 0.00 0
95444 0.00 0.00 0.00 0
95445 0.00 0.00 0.00 0
95449 0.00 0.00 0.00 0
95450 0.00 0.00 0.00 0
96704 0.00 0.00 0.00 0
96705 0.00 0.00 0.00 0
96706 0.00 0.00 0.00 0
96707 0.00 0.00 0.00 0
96708 0.00 0.00 0.00 0
96709 0.00 0.00 0.00 0
96710 0.00 0.00 0.00 0
96711 0.00 0.00 0.00 0
96712 0.00 0.00 0.00 0
96713 0.00 0.00 0.00 0
96714 0.00 0.00 0.00 0
96715 0.00 0.00 0.00 0
96716 0.00 0.00 0.00 0
96717 0.00 0.00 0.00 0
96939 0.00 0.00 0.00 0
96940 0.00 0.00 0.00 0
96941 0.00 0.00 0.00 0
96942 0.00 0.00 0.00 0
96943 0.00 0.00 0.00 0
96944 0.00 0.00 0.00 0
96945 0.00 0.00 0.00 0
96946 0.00 0.00 0.00 0
97065 0.00 0.00 0.00 0
97067 0.00 0.00 0.00 0
97068 0.00 0.00 0.00 0
97556 0.00 0.00 0.00 0
97557 0.00 0.00 0.00 0
97558 0.00 0.00 0.00 0
97559 0.00 0.00 0.00 0
97560 0.00 0.00 0.00 0
97561 0.00 0.00 0.00 0
97562 0.00 0.00 0.00 0
97563 0.00 0.00 0.00 0
97564 0.00 0.00 0.00 0
97565 0.00 0.00 0.00 0
97566 0.00 0.00 0.00 0
97567 0.00 0.00 0.00 0
97568 0.00 0.00 0.00 0
97569 0.00 0.00 0.00 0
97570 0.00 0.00 0.00 0
97571 0.00 0.00 0.00 0
97572 0.00 0.00 0.00 0
97573 0.00 0.00 0.00 0
97574 0.00 0.00 0.00 0
97575 0.00 0.00 0.00 0
97576 0.00 0.00 0.00 0
97577 0.00 0.00 0.00 0
97578 0.00 0.00 0.00 0
97579 0.00 0.00 0.00 0
97580 0.00 0.00 0.00 0
97581 0.00 0.00 0.00 0
97582 0.00 0.00 0.00 0
97583 0.00 0.00 0.00 0
97584 0.00 0.00 0.00 0
97585 0.00 0.00 0.00 0
97586 0.00 0.00 0.00 0
97587 0.00 0.00 0.00 0
98169 0.00 0.00 0.00 0
98170 0.00 0.00 0.00 0
98171 0.00 0.00 0.00 0
98172 0.00 0.00 0.00 0
98173 0.00 0.00 0.00 0
98174 0.00 0.00 0.00 0
98175 0.00 0.00 0.00 0
98176 0.00 0.00 0.00 0
98177 0.00 0.00 0.00 0
99744 0.00 0.00 0.00 0
99745 0.00 0.00 0.00 0
99746 0.00 0.00 0.00 0
99747 0.00 0.00 0.00 0
99748 0.00 0.00 0.00 0
99749 0.00 0.00 0.00 0
99750 0.00 0.00 0.00 0
99751 0.00 0.00 0.00 0
99752 0.00 0.00 0.00 0
99753 0.00 0.00 0.00 0
99754 0.00 0.00 0.00 0
99755 0.00 0.00 0.00 0
99761 0.00 0.00 0.00 0
99762 0.00 0.00 0.00 0
99763 0.00 0.00 0.00 0
99764 0.00 0.00 0.00 0
99765 0.00 0.00 0.00 0
99766 0.00 0.00 0.00 0
99767 0.00 0.00 0.00 0
99768 0.00 0.00 0.00 0
99769 0.00 0.00 0.00 0
99770 0.00 0.00 0.00 0
101031 0.00 0.00 0.00 0
101032 0.00 0.00 0.00 0
101033 0.00 0.00 0.00 0
101034 0.00 0.00 0.00 0
101035 0.00 0.00 0.00 0
101036 0.00 0.00 0.00 0
101037 0.00 0.00 0.00 0
101876 0.00 0.00 0.00 0
101877 0.00 0.00 0.00 0
101878 0.00 0.00 0.00 0
101879 0.00 0.00 0.00 0
101880 0.00 0.00 0.00 0
101881 0.00 0.00 0.00 0
101882 0.00 0.00 0.00 0
101883 0.00 0.00 0.00 0
101884 0.00 0.00 0.00 0
101885 0.00 0.00 0.00 0
101886 0.00 0.00 0.00 0
101887 0.00 0.00 0.00 0
101888 0.00 0.00 0.00 0
101889 0.00 0.00 0.00 0
101890 0.00 0.00 0.00 0
101891 0.00 0.00 0.00 0
101892 0.00 0.00 0.00 0
101893 0.00 0.00 0.00 0
101895 0.00 0.00 0.00 0
101897 0.00 0.00 0.00 0
101898 0.00 0.00 0.00 0
101899 0.00 0.00 0.00 0
101900 0.00 0.00 0.00 0
101901 0.00 0.00 0.00 0
101902 0.00 0.00 0.00 0
101903 0.00 0.00 0.00 0
101904 0.00 0.00 0.00 0
101905 0.00 0.00 0.00 0
101906 0.00 0.00 0.00 0
101907 0.00 0.00 0.00 0
101908 0.00 0.00 0.00 0
101910 0.00 0.00 0.00 0
102992 0.00 0.00 0.00 0
102993 0.00 0.00 0.00 0
102994 0.00 0.00 0.00 0
102995 0.00 0.00 0.00 0
102996 0.00 0.00 0.00 0
102997 0.00 0.00 0.00 0
102998 0.00 0.00 0.00 0
102999 0.00 0.00 0.00 0
103000 0.00 0.00 0.00 0
103001 0.00 0.00 0.00 0
103002 0.00 0.00 0.00 0
103003 0.00 0.00 0.00 0
103004 0.00 0.00 0.00 0
103005 0.00 0.00 0.00 0
103006 0.00 0.00 0.00 0
103007 0.00 0.00 0.00 0
103008 0.00 0.00 0.00 0
103009 0.00 0.00 0.00 0
103010 0.00 0.00 0.00 0
105125 0.00 0.00 0.00 0
105126 0.00 0.00 0.00 0
105127 0.00 0.00 0.00 0
105128 0.00 0.00 0.00 0
105129 0.00 0.00 0.00 0
105138 0.00 0.00 0.00 0
105139 0.00 0.00 0.00 0
105140 0.00 0.00 0.00 0
105141 0.00 0.00 0.00 0
105142 0.00 0.00 0.00 0
105143 0.00 0.00 0.00 0
105144 0.00 0.00 0.00 0
105145 0.00 0.00 0.00 0
107723 0.00 0.00 0.00 0
111554 0.00 0.00 0.00 0
111555 0.00 0.00 0.00 0
111556 0.00 0.00 0.00 0
111557 0.00 0.00 0.00 0
111558 0.00 0.00 0.00 0
111559 0.00 0.00 0.00 0
111560 0.00 0.00 0.00 0
111561 0.00 0.00 0.00 0
111562 0.00 0.00 0.00 0
111563 0.00 0.00 0.00 0
111564 0.00 0.00 0.00 0
111565 0.00 0.00 0.00 0
111566 0.00 0.00 0.00 0
111567 0.00 0.00 0.00 0
111568 0.00 0.00 0.00 0
111569 0.00 0.00 0.00 0
111570 0.00 0.00 0.00 0
111571 0.00 0.00 0.00 0
111572 0.00 0.00 0.00 0
111573 0.00 0.00 0.00 0
111574 0.00 0.00 0.00 0
111575 0.00 0.00 0.00 0
111576 0.00 0.00 0.00 0
111577 0.00 0.00 0.00 0
111578 0.00 0.00 0.00 0
111579 0.00 0.00 0.00 0
111580 0.00 0.00 0.00 0
111581 0.00 0.00 0.00 0
111582 0.00 0.00 0.00 0
111583 0.00 0.00 0.00 0
111584 0.00 0.00 0.00 0
111585 0.00 0.00 0.00 0
111586 0.00 0.00 0.00 0
111587 0.00 0.00 0.00 0
111588 0.00 0.00 0.00 0
111589 0.00 0.00 0.00 0
111590 0.00 0.00 0.00 0
111591 0.00 0.00 0.00 0
111592 0.00 0.00 0.00 0
111593 0.00 0.00 0.00 0
111594 0.00 0.00 0.00 0
111632 0.00 0.00 0.00 0
111633 0.00 0.00 0.00 0
111634 0.00 0.00 0.00 0
111635 0.00 0.00 0.00 0
111636 0.00 0.00 0.00 0
111637 0.00 0.00 0.00 0
111643 0.00 0.00 0.00 0
111644 0.00 0.00 0.00 0
112250 0.00 0.00 0.00 0
112251 0.00 0.00 0.00 0
112252 0.00 0.00 0.00 0
112253 0.00 0.00 0.00 0
112254 0.00 0.00 0.00 0
112255 0.00 0.00 0.00 0
112262 0.00 0.00 0.00 0
112268 0.00 0.00 0.00 0
112269 0.00 0.00 0.00 0
112270 0.00 0.00 0.00 0
112271 0.00 0.00 0.00 0
112272 0.00 0.00 0.00 0
112273 0.00 0.00 0.00 0
112274 0.00 0.00 0.00 0
112275 0.00 0.00 0.00 0
112276 0.00 0.00 0.00 0
112277 0.00 0.00 0.00 0
112278 0.00 0.00 0.00 0
112279 0.00 0.00 0.00 0
112280 0.00 0.00 0.00 0
112281 0.00 0.00 0.00 0
112282 0.00 0.00 0.00 0
112637 0.00 0.00 0.00 0
112638 0.00 0.00 0.00 0
112639 0.00 0.00 0.00 0
112640 0.00 0.00 0.00 0
112641 0.00 0.00 0.00 0
112642 0.00 0.00 0.00 0
112643 0.00 0.00 0.00 0
112644 0.00 0.00 0.00 0
112645 0.00 0.00 0.00 0
112646 0.00 0.00 0.00 0
112647 0.00 0.00 0.00 0
114107 0.00 0.00 0.00 0
114108 0.00 0.00 0.00 0
114109 0.00 0.00 0.00 0
114110 0.00 0.00 0.00 0
114111 0.00 0.00 0.00 0
114112 0.00 0.00 0.00 0
114113 0.00 0.00 0.00 0
114114 0.00 0.00 0.00 0
114115 0.00 0.00 0.00 0
114116 0.00 0.00 0.00 0
114117 0.00 0.00 0.00 0
114118 0.00 0.00 0.00 0
114119 0.00 0.00 0.00 0
114120 0.00 0.00 0.00 0
114121 0.00 0.00 0.00 0
114122 0.00 0.00 0.00 0
114123 0.00 0.00 0.00 0
114124 0.00 0.00 0.00 0
114125 0.00 0.00 0.00 0
114126 0.00 0.00 0.00 0
114127 0.00 0.00 0.00 0
114128 0.00 0.00 0.00 0
114129 0.00 0.00 0.00 0
114130 0.00 0.00 0.00 0
114131 0.00 0.00 0.00 0
114132 0.00 0.00 0.00 0
114133 0.00 0.00 0.00 0
114134 0.00 0.00 0.00 0
114135 0.00 0.00 0.00 0
114136 0.00 0.00 0.00 0
114137 0.00 0.00 0.00 0
114138 0.00 0.00 0.00 0
114139 0.00 0.00 0.00 0
114140 0.00 0.00 0.00 0
114141 0.00 0.00 0.00 0
114142 0.00 0.00 0.00 0
114143 0.00 0.00 0.00 0
114144 0.00 0.00 0.00 0
114145 0.00 0.00 0.00 0
114146 0.00 0.00 0.00 0
114147 0.00 0.00 0.00 0
114148 0.00 0.00 0.00 0
114149 0.00 0.00 0.00 0
114150 0.00 0.00 0.00 0
114151 0.00 0.00 0.00 0
114152 0.00 0.00 0.00 0
114153 0.00 0.00 0.00 0
114154 0.00 0.00 0.00 0
114155 0.00 0.00 0.00 0
114156 0.00 0.00 0.00 0
114157 0.00 0.00 0.00 0
114158 0.00 0.00 0.00 0
114159 0.00 0.00 0.00 0
114160 0.00 0.00 0.00 0
114161 0.00 0.00 0.00 0
114162 0.00 0.00 0.00 0
114163 0.00 0.00 0.00 0
114164 0.00 0.00 0.00 0
114165 0.00 0.00 0.00 0
114166 0.00 0.00 0.00 0
114167 0.00 0.00 0.00 0
114168 0.00 0.00 0.00 0
114169 0.00 0.00 0.00 0
114170 0.00 0.00 0.00 0
114171 0.00 0.00 0.00 0
114172 0.00 0.00 0.00 0
114173 0.00 0.00 0.00 0
114174 0.00 0.00 0.00 0
114175 0.00 0.00 0.00 0
114176 0.00 0.00 0.00 0
114177 0.00 0.00 0.00 0
114178 0.00 0.00 0.00 0
114179 0.00 0.00 0.00 0
114180 0.00 0.00 0.00 0
114181 0.00 0.00 0.00 0
114182 0.00 0.00 0.00 0
114183 0.00 0.00 0.00 0
114184 0.00 0.00 0.00 0
114185 0.00 0.00 0.00 0
114186 0.00 0.00 0.00 0
114187 0.00 0.00 0.00 0
114188 0.00 0.00 0.00 0
114189 0.00 0.00 0.00 0
114190 0.00 0.00 0.00 0
114191 0.00 0.00 0.00 0
114192 0.00 0.00 0.00 0
114193 0.00 0.00 0.00 0
114194 0.00 0.00 0.00 0
114195 0.00 0.00 0.00 0
114196 0.00 0.00 0.00 0
114197 0.00 0.00 0.00 0
114198 0.00 0.00 0.00 0
114199 0.00 0.00 0.00 0
114200 0.00 0.00 0.00 0
114201 0.00 0.00 0.00 0
114202 0.00 0.00 0.00 0
114203 0.00 0.00 0.00 0
114204 0.00 0.00 0.00 0
114205 0.00 0.00 0.00 0
114206 0.00 0.00 0.00 0
114208 0.00 0.00 0.00 0
114209 0.00 0.00 0.00 0
114210 0.00 0.00 0.00 0
114211 0.00 0.00 0.00 0
114212 0.00 0.00 0.00 0
114213 0.00 0.00 0.00 0
114214 0.00 0.00 0.00 0
114215 0.00 0.00 0.00 0
114216 0.00 0.00 0.00 0
114217 0.00 0.00 0.00 0
114218 0.00 0.00 0.00 0
114219 0.00 0.00 0.00 0
114311 0.00 0.00 0.00 0
114312 0.00 0.00 0.00 0
114313 0.00 0.00 0.00 0
114314 0.00 0.00 0.00 0
115390 0.00 0.00 0.00 0
115391 0.00 0.00 0.00 0
115392 0.00 0.00 0.00 0
115393 0.00 0.00 0.00 0
115394 0.00 0.00 0.00 0
115395 0.00 0.00 0.00 0
115396 0.00 0.00 0.00 0
115397 0.00 0.00 0.00 0
115398 0.00 0.00 0.00 0
115399 0.00 0.00 0.00 0
115400 0.00 0.00 0.00 0
116619 0.00 0.00 0.00 0
116620 0.00 0.00 0.00 0
116621 0.00 0.00 0.00 0
116622 0.00 0.00 0.00 0
116623 0.00 0.00 0.00 0
116624 0.00 0.00 0.00 0
116625 0.00 0.00 0.00 0
116626 0.00 0.00 0.00 0
116627 0.00 0.00 0.00 0
116628 0.00 0.00 0.00 0
116629 0.00 0.00 0.00 0
116630 0.00 0.00 0.00 0
116631 0.00 0.00 0.00 0
116632 0.00 0.00 0.00 0
116633 0.00 0.00 0.00 0
116634 0.00 0.00 0.00 0
116635 0.00 0.00 0.00 0
116636 0.00 0.00 0.00 0
116637 0.00 0.00 0.00 0
116638 0.00 0.00 0.00 0
116639 0.00 0.00 0.00 0
118277 0.00 0.00 0.00 0
118278 0.00 0.00 0.00 0
118279 0.00 0.00 0.00 0
118280 0.00 0.00 0.00 0
118281 0.00 0.00 0.00 0
118282 0.00 0.00 0.00 0
118283 0.00 0.00 0.00 0
118284 0.00 0.00 0.00 0
118285 0.00 0.00 0.00 0
118286 0.00 0.00 0.00 0
118287 0.00 0.00 0.00 0
118288 0.00 0.00 0.00 0
118289 0.00 0.00 0.00 0
118290 0.00 0.00 0.00 0
118296 0.00 0.00 0.00 0
118297 0.00 0.00 0.00 0
118298 0.00 0.00 0.00 0
118299 0.00 0.00 0.00 0
118300 0.00 0.00 0.00 0
118301 0.00 0.00 0.00 0
118302 0.00 0.00 0.00 0
118303 0.00 0.00 0.00 0
118304 0.00 0.00 0.00 0
118305 0.00 0.00 0.00 0
118306 0.00 0.00 0.00 0
118307 0.00 0.00 0.00 0
118308 0.00 0.00 0.00 0
119144 0.00 0.00 0.00 0
119147 0.00 0.00 0.00 0
119148 0.00 0.00 0.00 0
119149 0.00 0.00 0.00 0
119150 0.00 0.00 0.00 0
119151 0.00 0.00 0.00 0
119152 0.00 0.00 0.00 0
119153 0.00 0.00 0.00 0
119154 0.00 0.00 0.00 0
119155 0.00 0.00 0.00 0
119156 0.00 0.00 0.00 0
119157 0.00 0.00 0.00 0
119158 0.00 0.00 0.00 0
119159 0.00 0.00 0.00 0
120807 0.00 0.00 0.00 0
125804 0.00 0.00 0.00 0
125805 0.00 0.00 0.00 0
125806 0.00 0.00 0.00 0
125807 0.00 0.00 0.00 0
125808 0.00 0.00 0.00 0
125809 0.00 0.00 0.00 0
125810 0.00 0.00 0.00 0
125811 0.00 0.00 0.00 0
125812 0.00 0.00 0.00 0
125813 0.00 0.00 0.00 0
125814 0.00 0.00 0.00 0
125815 0.00 0.00 0.00 0
125816 0.00 0.00 0.00 0
125817 0.00 0.00 0.00 0
125818 0.00 0.00 0.00 0
125819 0.00 0.00 0.00 0
125820 0.00 0.00 0.00 0
125821 0.00 0.00 0.00 0
125822 0.00 0.00 0.00 0
125823 0.00 0.00 0.00 0
125824 0.00 0.00 0.00 0
125825 0.00 0.00 0.00 0
125826 0.00 0.00 0.00 0
125829 0.00 0.00 0.00 0
125830 0.00 0.00 0.00 0
125831 0.00 0.00 0.00 0
125832 0.00 0.00 0.00 0
126356 0.00 0.00 0.00 0
126357 0.00 0.00 0.00 0
126358 0.00 0.00 0.00 0
126359 0.00 0.00 0.00 0
126360 0.00 0.00 0.00 0
126361 0.00 0.00 0.00 0
126362 0.00 0.00 0.00 0
126363 0.00 0.00 0.00 0
126364 0.00 0.00 0.00 0
126365 0.00 0.00 0.00 0
126366 0.00 0.00 0.00 0
126367 0.00 0.00 0.00 0
126368 0.00 0.00 0.00 0
126369 0.00 0.00 0.00 0
126370 0.00 0.00 0.00 0
126645 0.00 0.00 0.00 0
126646 0.00 0.00 0.00 0
126648 0.00 0.00 0.00 0
126649 0.00 0.00 0.00 0
126650 0.00 0.00 0.00 0
126651 0.00 0.00 0.00 0
126652 0.00 0.00 0.00 0
126653 0.00 0.00 0.00 0
126654 0.00 0.00 0.00 0
127790 0.00 0.00 0.00 0
127791 0.00 0.00 0.00 0
127792 0.00 0.00 0.00 0
127793 0.00 0.00 0.00 0
127794 0.00 0.00 0.00 0
127795 0.00 0.00 0.00 0
127796 0.00 0.00 0.00 0
127797 0.00 0.00 0.00 0
127798 0.00 0.00 0.00 0
127799 0.00 0.00 0.00 0
127800 0.00 0.00 0.00 0
127801 0.00 0.00 0.00 0
127802 0.00 0.00 0.00 0
127803 0.00 0.00 0.00 0
127804 0.00 0.00 0.00 0
127805 0.00 0.00 0.00 0
127806 0.00 0.00 0.00 0
127807 0.00 0.00 0.00 0
127808 0.00 0.00 0.00 0
127809 0.00 0.00 0.00 0
127810 0.00 0.00 0.00 0
127811 0.00 0.00 0.00 0
127812 0.00 0.00 0.00 0
127813 0.00 0.00 0.00 0
127814 0.00 0.00 0.00 0
127815 0.00 0.00 0.00 0
127816 0.00 0.00 0.00 0
127817 0.00 0.00 0.00 0
127818 0.00 0.00 0.00 0
127819 0.00 0.00 0.00 0
127820 0.00 0.00 0.00 0
127821 0.00 0.00 0.00 0
127822 0.00 0.00 0.00 0
127823 0.00 0.00 0.00 0
127824 0.00 0.00 0.00 0
127825 0.00 0.00 0.00 0
127826 0.00 0.00 0.00 0
127827 0.00 0.00 0.00 0
127828 0.00 0.00 0.00 0
127829 0.00 0.00 0.00 0
127830 0.00 0.00 0.00 0
127831 0.00 0.00 0.00 0
127832 0.00 0.00 0.00 0
127833 0.00 0.00 0.00 0
127834 0.00 0.00 0.00 0
127835 0.00 0.00 0.00 0
127836 0.00 0.00 0.00 0
127837 0.00 0.00 0.00 0
127838 0.00 0.00 0.00 0
127839 0.00 0.00 0.00 0
127840 0.00 0.00 0.00 0
127841 0.00 0.00 0.00 0
127842 0.00 0.00 0.00 0
127843 0.00 0.00 0.00 0
127844 0.00 0.00 0.00 0
127845 0.00 0.00 0.00 0
127846 0.00 0.00 0.00 0
127847 0.00 0.00 0.00 0
127848 0.00 0.00 0.00 0
127849 0.00 0.00 0.00 0
127850 0.00 0.00 0.00 0
127851 0.00 0.00 0.00 0
127852 0.00 0.00 0.00 0
127853 0.00 0.00 0.00 0
127854 0.00 0.00 0.00 0
127855 0.00 0.00 0.00 0
127856 0.00 0.00 0.00 0
127857 0.00 0.00 0.00 0
127858 0.00 0.00 0.00 0
127859 0.00 0.00 0.00 0
127860 0.00 0.00 0.00 0
127861 0.00 0.00 0.00 0
127862 0.00 0.00 0.00 0
127863 0.00 0.00 0.00 0
127864 0.00 0.00 0.00 0
127865 0.00 0.00 0.00 0
127866 0.00 0.00 0.00 0
127867 0.00 0.00 0.00 0
127868 0.00 0.00 0.00 0
129162 0.00 0.00 0.00 0
129163 0.00 0.00 0.00 0
129164 0.00 0.00 0.00 0
129165 0.00 0.00 0.00 0
129166 0.00 0.00 0.00 0
129167 0.00 0.00 0.00 0
129168 0.00 0.00 0.00 0
129169 0.00 0.00 0.00 0
129170 0.00 0.00 0.00 0
129171 0.00 0.00 0.00 0
129172 0.00 0.00 0.00 0
129173 0.00 0.00 0.00 0
129174 0.00 0.00 0.00 0
129175 0.00 0.00 0.00 0
129176 0.00 0.00 0.00 0
129177 0.00 0.00 0.00 0
129178 0.00 0.00 0.00 0
129179 0.00 0.00 0.00 0
129180 0.00 0.00 0.00 0
129181 0.00 0.00 0.00 0
129182 0.00 0.00 0.00 0
132489 0.00 0.00 0.00 0
132490 0.00 0.00 0.00 0
132491 0.00 0.00 0.00 0
132492 0.00 0.00 0.00 0
132493 0.00 0.00 0.00 0
132494 0.00 0.00 0.00 0
132495 0.00 0.00 0.00 0
132496 0.00 0.00 0.00 0
132497 0.00 0.00 0.00 0
132498 0.00 0.00 0.00 0
132500 0.00 0.00 0.00 0
132501 0.00 0.00 0.00 0
132502 0.00 0.00 0.00 0
132503 0.00 0.00 0.00 0
132504 0.00 0.00 0.00 0
132505 0.00 0.00 0.00 0
132506 0.00 0.00 0.00 0
132507 0.00 0.00 0.00 0
132512 0.00 0.00 0.00 0
132528 0.00 0.00 0.00 0
132529 0.00 0.00 0.00 0
132530 0.00 0.00 0.00 0
132531 0.00 0.00 0.00 0
132532 0.00 0.00 0.00 0
132533 0.00 0.00 0.00 0
132534 0.00 0.00 0.00 0
132535 0.00 0.00 0.00 0
132536 0.00 0.00 0.00 0
132537 0.00 0.00 0.00 0
132538 0.00 0.00 0.00 0
132539 0.00 0.00 0.00 0
132540 0.00 0.00 0.00 0
132541 0.00 0.00 0.00 0
132542 0.00 0.00 0.00 0
132543 0.00 0.00 0.00 0
132544 0.00 0.00 0.00 0
132545 0.00 0.00 0.00 0
135194 0.00 0.00 0.00 0
135195 0.00 0.00 0.00 0
135196 0.00 0.00 0.00 0
135197 0.00 0.00 0.00 0
135198 0.00 0.00 0.00 0
135199 0.00 0.00 0.00 0
135200 0.00 0.00 0.00 0
135201 0.00 0.00 0.00 0
135202 0.00 0.00 0.00 0
135203 0.00 0.00 0.00 0
135204 0.00 0.00 0.00 0
135208 0.00 0.00 0.00 0
135209 0.00 0.00 0.00 0
135212 0.00 0.00 0.00 0
135213 0.00 0.00 0.00 0
135214 0.00 0.00 0.00 0
135215 0.00 0.00 0.00 0
135216 0.00 0.00 0.00 0
135218 0.00 0.00 0.00 0
135219 0.00 0.00 0.00 0
135220 0.00 0.00 0.00 0
135221 0.00 0.00 0.00 0
135222 0.00 0.00 0.00 0
135705 0.00 0.00 0.00 0
135706 0.00 0.00 0.00 0
136991 0.00 0.00 0.00 0
136992 0.00 0.00 0.00 0
136993 0.00 0.00 0.00 0
136994 0.00 0.00 0.00 0
136995 0.00 0.00 0.00 0
136996 0.00 0.00 0.00 0
136997 0.00 0.00 0.00 0
136998 0.00 0.00 0.00 0
136999 0.00 0.00 0.00 0
137000 0.00 0.00 0.00 0
137001 0.00 0.00 0.00 0
137002 0.00 0.00 0.00 0
137003 0.00 0.00 0.00 0
137004 0.00 0.00 0.00 0
137005 0.00 0.00 0.00 0
137006 0.00 0.00 0.00 0
137007 0.00 0.00 0.00 0
137008 0.00 0.00 0.00 0
137009 0.00 0.00 0.00 0
137010 0.00 0.00 0.00 0
137011 0.00 0.00 0.00 0
137012 0.00 0.00 0.00 0
137013 0.00 0.00 0.00 0
137014 0.00 0.00 0.00 0
137015 0.00 0.00 0.00 0
137016 0.00 0.00 0.00 0
137017 0.00 0.00 0.00 0
137018 0.00 0.00 0.00 0
137019 0.00 0.00 0.00 0
137020 0.00 0.00 0.00 0
137021 0.00 0.00 0.00 0
137022 0.00 0.00 0.00 0
137023 0.00 0.00 0.00 0
137024 0.00 0.00 0.00 0
137025 0.00 0.00 0.00 0
137026 0.00 0.00 0.00 0
137027 0.00 0.00 0.00 0
137028 0.00 0.00 0.00 0
137029 0.00 0.00 0.00 0
137030 0.00 0.00 0.00 0
137031 0.00 0.00 0.00 0
137037 0.00 0.00 0.00 0
137038 0.00 0.00 0.00 0
137039 0.00 0.00 0.00 0
137040 0.00 0.00 0.00 0
137041 0.00 0.00 0.00 0
137042 0.00 0.00 0.00 0
137043 0.00 0.00 0.00 0
137044 0.00 0.00 0.00 0
137045 0.00 0.00 0.00 0
137046 0.00 0.00 0.00 0
137047 0.00 0.00 0.00 0
137048 0.00 0.00 0.00 0
137049 0.00 0.00 0.00 0
137050 0.00 0.00 0.00 0
137051 0.00 0.00 0.00 0
137052 0.00 0.00 0.00 0
137053 0.00 0.00 0.00 0
137054 0.00 0.00 0.00 0
137055 0.00 0.00 0.00 0
137056 0.00 0.00 0.00 0
137057 0.00 0.00 0.00 0
137058 0.00 0.00 0.00 0
137059 0.00 0.00 0.00 0
137060 0.00 0.00 0.00 0
137061 0.00 0.00 0.00 0
137063 0.00 0.00 0.00 0
137064 0.00 0.00 0.00 0
137065 0.00 0.00 0.00 0
137066 0.00 0.00 0.00 0
137067 0.00 0.00 0.00 0
137068 0.00 0.00 0.00 0
137069 0.00 0.00 0.00 0
137070 0.00 0.00 0.00 0
137072 0.00 0.00 0.00 0
137073 0.00 0.00 0.00 0
139272 0.00 0.00 0.00 0
139273 0.00 0.00 0.00 0
139274 0.00 0.00 0.00 0
139295 0.00 0.00 0.00 0
139296 0.00 0.00 0.00 0
139297 0.00 0.00 0.00 0
139298 0.00 0.00 0.00 0
139299 0.00 0.00 0.00 0
139300 0.00 0.00 0.00 0
139301 0.00 0.00 0.00 0
139302 0.00 0.00 0.00 0
139303 0.00 0.00 0.00 0
139304 0.00 0.00 0.00 0
139305 0.00 0.00 0.00 0
139306 0.00 0.00 0.00 0
139307 0.00 0.00 0.00 0
139308 0.00 0.00 0.00 0
139309 0.00 0.00 0.00 0
139310 0.00 0.00 0.00 0
139311 0.00 0.00 0.00 0
139312 0.00 0.00 0.00 0
139313 0.00 0.00 0.00 0
139314 0.00 0.00 0.00 0
139315 0.00 0.00 0.00 0
139316 0.00 0.00 0.00 0
139317 0.00 0.00 0.00 0
139318 0.00 0.00 0.00 0
139319 0.00 0.00 0.00 0
139320 0.00 0.00 0.00 0
139321 0.00 0.00 0.00 0
139322 0.00 0.00 0.00 0
139323 0.00 0.00 0.00 0
139324 0.00 0.00 0.00 0
139325 0.00 0.00 0.00 0
139326 0.00 0.00 0.00 0
139327 0.00 0.00 0.00 0
139328 0.00 0.00 0.00 0
143618 0.00 0.00 0.00 0
143619 0.00 0.00 0.00 0
143620 0.00 0.00 0.00 0
143621 0.00 0.00 0.00 0
143622 0.00 0.00 0.00 0
143625 0.00 0.00 0.00 0
143626 0.00 0.00 0.00 0
143627 0.00 0.00 0.00 0
143628 0.00 0.00 0.00 0
143635 0.00 0.00 0.00 0
143636 0.00 0.00 0.00 0
143637 0.00 0.00 0.00 0
143638 0.00 0.00 0.00 0
143639 0.00 0.00 0.00 0
143640 0.00 0.00 0.00 0
143641 0.00 0.00 0.00 0
143642 0.00 0.00 0.00 0
143643 0.00 0.00 0.00 0
143644 0.00 0.00 0.00 0
143645 0.00 0.00 0.00 0
143646 0.00 0.00 0.00 0
143654 0.00 0.00 0.00 0
143655 0.00 0.00 0.00 0
143659 0.00 0.00 0.00 0
143660 0.00 0.00 0.00 0
143661 0.00 0.00 0.00 0
143662 0.00 0.00 0.00 0
143663 0.00 0.00 0.00 0
143664 0.00 0.00 0.00 0
143665 0.00 0.00 0.00 0
143666 0.00 0.00 0.00 0
143667 0.00 0.00 0.00 0
143668 0.00 0.00 0.00 0
143669 0.00 0.00 0.00 0
143670 0.00 0.00 0.00 0
143671 0.00 0.00 0.00 0
143672 0.00 0.00 0.00 0
143673 0.00 0.00 0.00 0
143674 0.00 0.00 0.00 0
143675 0.00 0.00 0.00 0
143676 0.00 0.00 0.00 0
143677 0.00 0.00 0.00 0
143678 0.00 0.00 0.00 0
143679 0.00 0.00 0.00 0
143680 0.00 0.00 0.00 0
143681 0.00 0.00 0.00 0
143682 0.00 0.00 0.00 0
143689 0.00 0.00 0.00 0
143690 0.00 0.00 0.00 0
143691 0.00 0.00 0.00 0
148872 0.00 0.00 0.00 0
148873 0.00 0.00 0.00 0
156550 0.00 0.00 0.00 0
156551 0.00 0.00 0.00 0
156552 0.00 0.00 0.00 0
156553 0.00 0.00 0.00 0
156554 0.00 0.00 0.00 0
156555 0.00 0.00 0.00 0
156556 0.00 0.00 0.00 0
156557 0.00 0.00 0.00 0
156558 0.00 0.00 0.00 0
156559 0.00 0.00 0.00 0
156560 0.00 0.00 0.00 0
156561 0.00 0.00 0.00 0
156562 0.00 0.00 0.00 0
156563 0.00 0.00 0.00 0
156564 0.00 0.00 0.00 0
156565 0.00 0.00 0.00 0
156566 0.00 0.00 0.00 0
156567 0.00 0.00 0.00 0
156568 0.00 0.00 0.00 0
156569 0.00 0.00 0.00 0
156570 0.00 0.00 0.00 0
156571 0.00 0.00 0.00 0
156572 0.00 0.00 0.00 0
156573 0.00 0.00 0.00 0
156574 0.00 0.00 0.00 0
156575 0.00 0.00 0.00 0
156576 0.00 0.00 0.00 0
156577 0.00 0.00 0.00 0
156578 0.00 0.00 0.00 0
156579 0.00 0.00 0.00 0
156580 0.00 0.00 0.00 0
156581 0.00 0.00 0.00 0
156582 0.00 0.00 0.00 0
156583 0.00 0.00 0.00 0
156584 0.00 0.00 0.00 0
156585 0.00 0.00 0.00 0
156586 0.00 0.00 0.00 0
156587 0.00 0.00 0.00 0
156588 0.00 0.00 0.00 0
156589 0.00 0.00 0.00 0
156590 0.00 0.00 0.00 0
156591 0.00 0.00 0.00 0
156592 0.00 0.00 0.00 0
156593 0.00 0.00 0.00 0
156594 0.00 0.00 0.00 0
156595 0.00 0.00 0.00 0
156596 0.00 0.00 0.00 0
156597 0.00 0.00 0.00 0
156598 0.00 0.00 0.00 0
156599 0.00 0.00 0.00 0
156600 0.00 0.00 0.00 0
156601 0.00 0.00 0.00 0
156602 0.00 0.00 0.00 0
156603 0.00 0.00 0.00 0
156604 0.00 0.00 0.00 0
156605 0.00 0.00 0.00 0
156606 0.00 0.00 0.00 0
156607 0.00 0.00 0.00 0
156608 0.00 0.00 0.00 0
156609 0.00 0.00 0.00 0
156610 0.00 0.00 0.00 0
156611 0.00 0.00 0.00 0
156612 0.00 0.00 0.00 0
156613 0.00 0.00 0.00 0
156614 0.00 0.00 0.00 0
156615 0.00 0.00 0.00 0
156616 0.00 0.00 0.00 0
156617 0.00 0.00 0.00 0
156618 0.00 0.00 0.00 0
156619 0.00 0.00 0.00 0
156620 0.00 0.00 0.00 0
156621 0.00 0.00 0.00 0
156622 0.00 0.00 0.00 0
156623 0.00 0.00 0.00 0
156624 0.00 0.00 0.00 0
156625 0.00 0.00 0.00 0
156626 0.00 0.00 0.00 0
156627 0.00 0.00 0.00 0
156628 0.00 0.00 0.00 0
156629 0.00 0.00 0.00 0
156630 0.00 0.00 0.00 0
156631 0.00 0.00 0.00 0
156632 0.00 0.00 0.00 0
156657 0.00 0.00 0.00 0
156658 0.00 0.00 0.00 0
156659 0.00 0.00 0.00 0
156686 0.00 0.00 0.00 0
156687 0.00 0.00 0.00 0
156688 0.00 0.00 0.00 0
156689 0.00 0.00 0.00 0
156691 0.00 0.00 0.00 0
156692 0.00 0.00 0.00 0
156693 0.00 0.00 0.00 0
156705 0.00 0.00 0.00 0
156706 0.00 0.00 0.00 0
156707 0.00 0.00 0.00 0
156708 0.00 0.00 0.00 0
156709 0.00 0.00 0.00 0
156710 0.00 0.00 0.00 0
156711 0.00 0.00 0.00 0
156712 0.00 0.00 0.00 0
156713 0.00 0.00 0.00 0
156714 0.00 0.00 0.00 0
156715 0.00 0.00 0.00 0
156716 0.00 0.00 0.00 0
156717 0.00 0.00 0.00 0
156718 0.00 0.00 0.00 0
156727 0.00 0.00 0.00 0
156728 0.00 0.00 0.00 0
156729 0.00 0.00 0.00 0
157940 0.00 0.00 0.00 0
157949 0.00 0.00 0.00 0
157952 0.00 0.00 0.00 0
157982 0.00 0.00 0.00 0
157983 0.00 0.00 0.00 0
157984 0.00 0.00 0.00 0
157985 0.00 0.00 0.00 0
157986 0.00 0.00 0.00 0
157987 0.00 0.00 0.00 0
157988 0.00 0.00 0.00 0
157989 0.00 0.00 0.00 0
157990 0.00 0.00 0.00 0
157991 0.00 0.00 0.00 0
157992 0.00 0.00 0.00 0
157993 0.00 0.00 0.00 0
157994 0.00 0.00 0.00 0
157995 0.00 0.00 0.00 0
157996 0.00 0.00 0.00 0
157997 0.00 0.00 0.00 0
157998 0.00 0.00 0.00 0
157999 0.00 0.00 0.00 0
158000 0.00 0.00 0.00 0
158001 0.00 0.00 0.00 0
158002 0.00 0.00 0.00 0
158003 0.00 0.00 0.00 0
158004 0.00 0.00 0.00 0
158005 0.00 0.00 0.00 0
158006 0.00 0.00 0.00 0
158007 0.00 0.00 0.00 0
158008 0.00 0.00 0.00 0
158720 0.00 0.00 0.00 0
158721 0.00 0.00 0.00 0
158722 0.00 0.00 0.00 0
158728 0.00 0.00 0.00 0
158729 0.00 0.00 0.00 0
158730 0.00 0.00 0.00 0
158731 0.00 0.00 0.00 0
158732 0.00 0.00 0.00 0
158733 0.00 0.00 0.00 0
158734 0.00 0.00 0.00 0
158735 0.00 0.00 0.00 0
158736 0.00 0.00 0.00 0
158737 0.00 0.00 0.00 0
158738 0.00 0.00 0.00 0
161656 0.00 0.00 0.00 0
161657 0.00 0.00 0.00 0
161658 0.00 0.00 0.00 0
161659 0.00 0.00 0.00 0
161660 0.00 0.00 0.00 0
161661 0.00 0.00 0.00 0
161662 0.00 0.00 0.00 0
161663 0.00 0.00 0.00 0
161664 0.00 0.00 0.00 0
161665 0.00 0.00 0.00 0
161666 0.00 0.00 0.00 0
161667 0.00 0.00 0.00 0
161668 0.00 0.00 0.00 0
161669 0.00 0.00 0.00 0
161670 0.00 0.00 0.00 0
161671 0.00 0.00 0.00 0
161672 0.00 0.00 0.00 0
161673 0.00 0.00 0.00 0
161674 0.00 0.00 0.00 0
161675 0.00 0.00 0.00 0
161676 0.00 0.00 0.00 0
161677 0.00 0.00 0.00 0
161678 0.00 0.00 0.00 0
161679 0.00 0.00 0.00 0
161680 0.00 0.00 0.00 0
161681 0.00 0.00 0.00 0
161682 0.00 0.00 0.00 0
161683 0.00 0.00 0.00 0
161684 0.00 0.00 0.00 0
161685 0.00 0.00 0.00 0
161686 0.00 0.00 0.00 0
161687 0.00 0.00 0.00 0
161688 0.00 0.00 0.00 0
161689 0.00 0.00 0.00 0
161690 0.00 0.00 0.00 0
161691 0.00 0.00 0.00 0
161692 0.00 0.00 0.00 0
161693 0.00 0.00 0.00 0
161694 0.00 0.00 0.00 0
161695 0.00 0.00 0.00 0
161696 0.00 0.00 0.00 0
161697 0.00 0.00 0.00 0
161698 0.00 0.00 0.00 0
161699 0.00 0.00 0.00 0
161700 0.00 0.00 0.00 0
161701 0.00 0.00 0.00 0
161702 0.00 0.00 0.00 0
161703 0.00 0.00 0.00 0
161704 0.00 0.00 0.00 0
161705 0.00 0.00 0.00 0
161706 0.00 0.00 0.00 0
161707 0.00 0.00 0.00 0
161708 0.00 0.00 0.00 0
161709 0.00 0.00 0.00 0
161710 0.00 0.00 0.00 0
161711 0.00 0.00 0.00 0
161712 0.00 0.00 0.00 0
161713 0.00 0.00 0.00 0
161714 0.00 0.00 0.00 0
161715 0.00 0.00 0.00 0
161716 0.00 0.00 0.00 0
161717 0.00 0.00 0.00 0
161718 0.00 0.00 0.00 0
161719 0.00 0.00 0.00 0
161720 0.00 0.00 0.00 0
161721 0.00 0.00 0.00 0
161722 0.00 0.00 0.00 0
161723 0.00 0.00 0.00 0
161724 0.00 0.00 0.00 0
161725 0.00 0.00 0.00 0
161726 0.00 0.00 0.00 0
161727 0.00 0.00 0.00 0
161728 0.00 0.00 0.00 0
161729 0.00 0.00 0.00 0
161730 0.00 0.00 0.00 0
161731 0.00 0.00 0.00 0
161732 0.00 0.00 0.00 0
161733 0.00 0.00 0.00 0
161734 0.00 0.00 0.00 0
161735 0.00 0.00 0.00 0
161736 0.00 0.00 0.00 0
161737 0.00 0.00 0.00 0
161738 0.00 0.00 0.00 0
161739 0.00 0.00 0.00 0
161740 0.00 0.00 0.00 0
161741 0.00 0.00 0.00 0
161742 0.00 0.00 0.00 0
161743 0.00 0.00 0.00 0
161744 0.00 0.00 0.00 0
161745 0.00 0.00 0.00 0
161746 0.00 0.00 0.00 0
161747 0.00 0.00 0.00 0
161748 0.00 0.00 0.00 0
161749 0.00 0.00 0.00 0
161750 0.00 0.00 0.00 0
161751 0.00 0.00 0.00 0
161752 0.00 0.00 0.00 0
161753 0.00 0.00 0.00 0
161754 0.00 0.00 0.00 0
161755 0.00 0.00 0.00 0
161756 0.00 0.00 0.00 0
161757 0.00 0.00 0.00 0
161758 0.00 0.00 0.00 0
161759 0.00 0.00 0.00 0
161760 0.00 0.00 0.00 0
161761 0.00 0.00 0.00 0
161762 0.00 0.00 0.00 0
161763 0.00 0.00 0.00 0
161764 0.00 0.00 0.00 0
161765 0.00 0.00 0.00 0
161766 0.00 0.00 0.00 0
161767 0.00 0.00 0.00 0
161768 0.00 0.00 0.00 0
161769 0.00 0.00 0.00 0
161770 0.00 0.00 0.00 0
161771 0.00 0.00 0.00 0
161772 0.00 0.00 0.00 0
161773 0.00 0.00 0.00 0
161774 0.00 0.00 0.00 0
161775 0.00 0.00 0.00 0
161776 0.00 0.00 0.00 0
161777 0.00 0.00 0.00 0
161778 0.00 0.00 0.00 0
161779 0.00 0.00 0.00 0
161780 0.00 0.00 0.00 0
161781 0.00 0.00 0.00 0
161784 0.00 0.00 0.00 0
161785 0.00 0.00 0.00 0
161786 0.00 0.00 0.00 0
161787 0.00 0.00 0.00 0
161788 0.00 0.00 0.00 0
161789 0.00 0.00 0.00 0
161790 0.00 0.00 0.00 0
161791 0.00 0.00 0.00 0
161792 0.00 0.00 0.00 0
161793 0.00 0.00 0.00 0
161794 0.00 0.00 0.00 0
161795 0.00 0.00 0.00 0
161796 0.00 0.00 0.00 0
161797 0.00 0.00 0.00 0
161798 0.00 0.00 0.00 0
161799 0.00 0.00 0.00 0
161800 0.00 0.00 0.00 0
161801 0.00 0.00 0.00 0
161802 0.00 0.00 0.00 0
161803 0.00 0.00 0.00 0
161804 0.00 0.00 0.00 0
161805 0.00 0.00 0.00 0
161806 0.00 0.00 0.00 0
161807 0.00 0.00 0.00 0
161808 0.00 0.00 0.00 0
161809 0.00 0.00 0.00 0
161810 0.00 0.00 0.00 0
161811 0.00 0.00 0.00 0
161812 0.00 0.00 0.00 0
161813 0.00 0.00 0.00 0
161814 0.00 0.00 0.00 0
161815 0.00 0.00 0.00 0
161816 0.00 0.00 0.00 0
161817 0.00 0.00 0.00 0
161818 0.00 0.00 0.00 0
161819 0.00 0.00 0.00 0
161820 0.00 0.00 0.00 0
161821 0.00 0.00 0.00 0
161822 0.00 0.00 0.00 0
161823 0.00 0.00 0.00 0
161824 0.00 0.00 0.00 0
161825 0.00 0.00 0.00 0
161826 0.00 0.00 0.00 0
161827 0.00 0.00 0.00 0
161828 0.00 0.00 0.00 0
161829 0.00 0.00 0.00 0
161830 0.00 0.00 0.00 0
161831 0.00 0.00 0.00 0
161832 0.00 0.00 0.00 0
161833 0.00 0.00 0.00 0
161834 0.00 0.00 0.00 0
161835 0.00 0.00 0.00 0
161836 0.00 0.00 0.00 0
161837 0.00 0.00 0.00 0
161838 0.00 0.00 0.00 0
161839 0.00 0.00 0.00 0
161840 0.00 0.00 0.00 0
161841 0.00 0.00 0.00 0
161842 0.00 0.00 0.00 0
161843 0.00 0.00 0.00 0
161844 0.00 0.00 0.00 0
161845 0.00 0.00 0.00 0
161846 0.00 0.00 0.00 0
161847 0.00 0.00 0.00 0
161848 0.00 0.00 0.00 0
161849 0.00 0.00 0.00 0
161850 0.00 0.00 0.00 0
161851 0.00 0.00 0.00 0
161852 0.00 0.00 0.00 0
161853 0.00 0.00 0.00 0
161854 0.00 0.00 0.00 0
161855 0.00 0.00 0.00 0
161856 0.00 0.00 0.00 0
161857 0.00 0.00 0.00 0
161858 0.00 0.00 0.00 0
161860 0.00 0.00 0.00 0
161861 0.00 0.00 0.00 0
161862 0.00 0.00 0.00 0
161863 0.00 0.00 0.00 0
161864 0.00 0.00 0.00 0
161865 0.00 0.00 0.00 0
161866 0.00 0.00 0.00 0
161867 0.00 0.00 0.00 0
161868 0.00 0.00 0.00 0
161869 0.00 0.00 0.00 0
161870 0.00 0.00 0.00 0
161871 0.00 0.00 0.00 0
161872 0.00 0.00 0.00 0
161873 0.00 0.00 0.00 0
161874 0.00 0.00 0.00 0
161875 0.00 0.00 0.00 0
162063 0.00 0.00 0.00 0
162064 0.00 0.00 0.00 0
162065 0.00 0.00 0.00 0
162066 0.00 0.00 0.00 0
162067 0.00 0.00 0.00 0
162068 0.00 0.00 0.00 0
