# S_calcarine
2783
31 0.00 0.00 0.00 0
83 0.00 0.00 0.00 0
203 0.00 0.00 0.00 0
204 0.00 0.00 0.00 0
290 0.00 0.00 0.00 0
338 0.00 0.00 0.00 0
437 0.00 0.00 0.00 0
554 0.00 0.00 0.00 0
557 0.00 0.00 0.00 0
558 0.00 0.00 0.00 0
559 0.00 0.00 0.00 0
683 0.00 0.00 0.00 0
684 0.00 0.00 0.00 0
818 0.00 0.00 0.00 0
819 0.00 0.00 0.00 0
968 0.00 0.00 0.00 0
970 0.00 0.00 0.00 0
971 0.00 0.00 0.00 0
1229 0.00 0.00 0.00 0
1230 0.00 0.00 0.00 0
1231 0.00 0.00 0.00 0
1232 0.00 0.00 0.00 0
1233 0.00 0.00 0.00 0
1234 0.00 0.00 0.00 0
1235 0.00 0.00 0.00 0
1517 0.00 0.00 0.00 0
1518 0.00 0.00 0.00 0
1519 0.00 0.00 0.00 0
1520 0.00 0.00 0.00 0
1760 0.00 0.00 0.00 0
1979 0.00 0.00 0.00 0
2298 0.00 0.00 0.00 0
2299 0.00 0.00 0.00 0
2300 0.00 0.00 0.00 0
2308 0.00 0.00 0.00 0
2309 0.00 0.00 0.00 0
2310 0.00 0.00 0.00 0
2311 0.00 0.00 0.00 0
2312 0.00 0.00 0.00 0
2313 0.00 0.00 0.00 0
2314 0.00 0.00 0.00 0
2315 0.00 0.00 0.00 0
2316 0.00 0.00 0.00 0
2317 0.00 0.00 0.00 0
2738 0.00 0.00 0.00 0
2739 0.00 0.00 0.00 0
2740 0.00 0.00 0.00 0
2888 0.00 0.00 0.00 0
2889 0.00 0.00 0.00 0
2890 0.00 0.00 0.00 0
2892 0.00 0.00 0.00 0
3150 0.00 0.00 0.00 0
3153 0.00 0.00 0.00 0
3488 0.00 0.00 0.00 0
3489 0.00 0.00 0.00 0
3490 0.00 0.00 0.00 0
3492 0.00 0.00 0.00 0
3893 0.00 0.00 0.00 0
3894 0.00 0.00 0.00 0
3895 0.00 0.00 0.00 0
4343 0.00 0.00 0.00 0
4351 0.00 0.00 0.00 0
4352 0.00 0.00 0.00 0
4353 0.00 0.00 0.00 0
5103 0.00 0.00 0.00 0
5104 0.00 0.00 0.00 0
5105 0.00 0.00 0.00 0
5106 0.00 0.00 0.00 0
5125 0.00 0.00 0.00 0
5126 0.00 0.00 0.00 0
5127 0.00 0.00 0.00 0
5128 0.00 0.00 0.00 0
5129 0.00 0.00 0.00 0
5130 0.00 0.00 0.00 0
5131 0.00 0.00 0.00 0
5132 0.00 0.00 0.00 0
5133 0.00 0.00 0.00 0
5134 0.00 0.00 0.00 0
5135 0.00 0.00 0.00 0
5136 0.00 0.00 0.00 0
5139 0.00 0.00 0.00 0
5140 0.00 0.00 0.00 0
5141 0.00 0.00 0.00 0
5142 0.00 0.00 0.00 0
5143 0.00 0.00 0.00 0
5144 0.00 0.00 0.00 0
5145 0.00 0.00 0.00 0
5146 0.00 0.00 0.00 0
5147 0.00 0.00 0.00 0
5148 0.00 0.00 0.00 0
5149 0.00 0.00 0.00 0
5150 0.00 0.00 0.00 0
5837 0.00 0.00 0.00 0
5838 0.00 0.00 0.00 0
5839 0.00 0.00 0.00 0
6080 0.00 0.00 0.00 0
6081 0.00 0.00 0.00 0
6082 0.00 0.00 0.00 0
6083 0.00 0.00 0.00 0
6350 0.00 0.00 0.00 0
6351 0.00 0.00 0.00 0
6352 0.00 0.00 0.00 0
6355 0.00 0.00 0.00 0
6356 0.00 0.00 0.00 0
6357 0.00 0.00 0.00 0
6820 0.00 0.00 0.00 0
6821 0.00 0.00 0.00 0
6822 0.00 0.00 0.00 0
6823 0.00 0.00 0.00 0
6824 0.00 0.00 0.00 0
6825 0.00 0.00 0.00 0
6826 0.00 0.00 0.00 0
6827 0.00 0.00 0.00 0
6828 0.00 0.00 0.00 0
6829 0.00 0.00 0.00 0
6830 0.00 0.00 0.00 0
6831 0.00 0.00 0.00 0
6832 0.00 0.00 0.00 0
7379 0.00 0.00 0.00 0
7380 0.00 0.00 0.00 0
7381 0.00 0.00 0.00 0
7382 0.00 0.00 0.00 0
7383 0.00 0.00 0.00 0
7384 0.00 0.00 0.00 0
7385 0.00 0.00 0.00 0
7386 0.00 0.00 0.00 0
7387 0.00 0.00 0.00 0
7752 0.00 0.00 0.00 0
7946 0.00 0.00 0.00 0
7948 0.00 0.00 0.00 0
7951 0.00 0.00 0.00 0
8525 0.00 0.00 0.00 0
8536 0.00 0.00 0.00 0
8537 0.00 0.00 0.00 0
9451 0.00 0.00 0.00 0
9452 0.00 0.00 0.00 0
9454 0.00 0.00 0.00 0
9455 0.00 0.00 0.00 0
9456 0.00 0.00 0.00 0
9457 0.00 0.00 0.00 0
9458 0.00 0.00 0.00 0
9481 0.00 0.00 0.00 0
9482 0.00 0.00 0.00 0
9483 0.00 0.00 0.00 0
9484 0.00 0.00 0.00 0
9485 0.00 0.00 0.00 0
9486 0.00 0.00 0.00 0
9487 0.00 0.00 0.00 0
9488 0.00 0.00 0.00 0
9489 0.00 0.00 0.00 0
9490 0.00 0.00 0.00 0
9491 0.00 0.00 0.00 0
9492 0.00 0.00 0.00 0
9493 0.00 0.00 0.00 0
9494 0.00 0.00 0.00 0
9496 0.00 0.00 0.00 0
9497 0.00 0.00 0.00 0
9498 0.00 0.00 0.00 0
9499 0.00 0.00 0.00 0
9500 0.00 0.00 0.00 0
9501 0.00 0.00 0.00 0
9502 0.00 0.00 0.00 0
9503 0.00 0.00 0.00 0
9504 0.00 0.00 0.00 0
9505 0.00 0.00 0.00 0
9506 0.00 0.00 0.00 0
9507 0.00 0.00 0.00 0
9508 0.00 0.00 0.00 0
9509 0.00 0.00 0.00 0
9510 0.00 0.00 0.00 0
9511 0.00 0.00 0.00 0
10418 0.00 0.00 0.00 0
10419 0.00 0.00 0.00 0
10420 0.00 0.00 0.00 0
10568 0.00 0.00 0.00 0
10569 0.00 0.00 0.00 0
10570 0.00 0.00 0.00 0
11168 0.00 0.00 0.00 0
11169 0.00 0.00 0.00 0
11170 0.00 0.00 0.00 0
11573 0.00 0.00 0.00 0
11574 0.00 0.00 0.00 0
11575 0.00 0.00 0.00 0
12023 0.00 0.00 0.00 0
12024 0.00 0.00 0.00 0
12025 0.00 0.00 0.00 0
12031 0.00 0.00 0.00 0
12032 0.00 0.00 0.00 0
12033 0.00 0.00 0.00 0
12783 0.00 0.00 0.00 0
12784 0.00 0.00 0.00 0
12785 0.00 0.00 0.00 0
12786 0.00 0.00 0.00 0
12805 0.00 0.00 0.00 0
12806 0.00 0.00 0.00 0
12807 0.00 0.00 0.00 0
12808 0.00 0.00 0.00 0
12809 0.00 0.00 0.00 0
12810 0.00 0.00 0.00 0
12811 0.00 0.00 0.00 0
12812 0.00 0.00 0.00 0
12813 0.00 0.00 0.00 0
12814 0.00 0.00 0.00 0
12815 0.00 0.00 0.00 0
12816 0.00 0.00 0.00 0
12817 0.00 0.00 0.00 0
12819 0.00 0.00 0.00 0
12820 0.00 0.00 0.00 0
12821 0.00 0.00 0.00 0
12822 0.00 0.00 0.00 0
12823 0.00 0.00 0.00 0
12824 0.00 0.00 0.00 0
12825 0.00 0.00 0.00 0
12826 0.00 0.00 0.00 0
12828 0.00 0.00 0.00 0
13568 0.00 0.00 0.00 0
13569 0.00 0.00 0.00 0
13570 0.00 0.00 0.00 0
13973 0.00 0.00 0.00 0
13974 0.00 0.00 0.00 0
13975 0.00 0.00 0.00 0
13976 0.00 0.00 0.00 0
13977 0.00 0.00 0.00 0
13978 0.00 0.00 0.00 0
14423 0.00 0.00 0.00 0
14424 0.00 0.00 0.00 0
14425 0.00 0.00 0.00 0
14426 0.00 0.00 0.00 0
14427 0.00 0.00 0.00 0
14428 0.00 0.00 0.00 0
14430 0.00 0.00 0.00 0
14431 0.00 0.00 0.00 0
14432 0.00 0.00 0.00 0
14433 0.00 0.00 0.00 0
15207 0.00 0.00 0.00 0
15208 0.00 0.00 0.00 0
15209 0.00 0.00 0.00 0
15210 0.00 0.00 0.00 0
15211 0.00 0.00 0.00 0
15212 0.00 0.00 0.00 0
15213 0.00 0.00 0.00 0
15214 0.00 0.00 0.00 0
15215 0.00 0.00 0.00 0
15216 0.00 0.00 0.00 0
15217 0.00 0.00 0.00 0
15218 0.00 0.00 0.00 0
15219 0.00 0.00 0.00 0
15220 0.00 0.00 0.00 0
15221 0.00 0.00 0.00 0
15222 0.00 0.00 0.00 0
15223 0.00 0.00 0.00 0
15224 0.00 0.00 0.00 0
15225 0.00 0.00 0.00 0
15226 0.00 0.00 0.00 0
16223 0.00 0.00 0.00 0
16224 0.00 0.00 0.00 0
16225 0.00 0.00 0.00 0
16226 0.00 0.00 0.00 0
16227 0.00 0.00 0.00 0
16228 0.00 0.00 0.00 0
16229 0.00 0.00 0.00 0
16230 0.00 0.00 0.00 0
16231 0.00 0.00 0.00 0
16232 0.00 0.00 0.00 0
16233 0.00 0.00 0.00 0
16234 0.00 0.00 0.00 0
16235 0.00 0.00 0.00 0
16236 0.00 0.00 0.00 0
16237 0.00 0.00 0.00 0
16238 0.00 0.00 0.00 0
16239 0.00 0.00 0.00 0
16240 0.00 0.00 0.00 0
17025 0.00 0.00 0.00 0
17026 0.00 0.00 0.00 0
17438 0.00 0.00 0.00 0
17439 0.00 0.00 0.00 0
17440 0.00 0.00 0.00 0
17441 0.00 0.00 0.00 0
17442 0.00 0.00 0.00 0
17446 0.00 0.00 0.00 0
17447 0.00 0.00 0.00 0
17448 0.00 0.00 0.00 0
18788 0.00 0.00 0.00 0
18811 0.00 0.00 0.00 0
18812 0.00 0.00 0.00 0
18813 0.00 0.00 0.00 0
18814 0.00 0.00 0.00 0
18815 0.00 0.00 0.00 0
18816 0.00 0.00 0.00 0
18819 0.00 0.00 0.00 0
18820 0.00 0.00 0.00 0
18821 0.00 0.00 0.00 0
21064 0.00 0.00 0.00 0
21065 0.00 0.00 0.00 0
21066 0.00 0.00 0.00 0
21070 0.00 0.00 0.00 0
21071 0.00 0.00 0.00 0
21072 0.00 0.00 0.00 0
21073 0.00 0.00 0.00 0
21074 0.00 0.00 0.00 0
21075 0.00 0.00 0.00 0
21076 0.00 0.00 0.00 0
21077 0.00 0.00 0.00 0
21078 0.00 0.00 0.00 0
21079 0.00 0.00 0.00 0
21080 0.00 0.00 0.00 0
21081 0.00 0.00 0.00 0
21138 0.00 0.00 0.00 0
21139 0.00 0.00 0.00 0
21140 0.00 0.00 0.00 0
21141 0.00 0.00 0.00 0
21142 0.00 0.00 0.00 0
21143 0.00 0.00 0.00 0
21144 0.00 0.00 0.00 0
21145 0.00 0.00 0.00 0
21146 0.00 0.00 0.00 0
21147 0.00 0.00 0.00 0
21148 0.00 0.00 0.00 0
21149 0.00 0.00 0.00 0
21150 0.00 0.00 0.00 0
21151 0.00 0.00 0.00 0
21152 0.00 0.00 0.00 0
21153 0.00 0.00 0.00 0
21154 0.00 0.00 0.00 0
21155 0.00 0.00 0.00 0
21156 0.00 0.00 0.00 0
21157 0.00 0.00 0.00 0
21158 0.00 0.00 0.00 0
21159 0.00 0.00 0.00 0
21160 0.00 0.00 0.00 0
21161 0.00 0.00 0.00 0
21162 0.00 0.00 0.00 0
21163 0.00 0.00 0.00 0
21164 0.00 0.00 0.00 0
21165 0.00 0.00 0.00 0
21166 0.00 0.00 0.00 0
21167 0.00 0.00 0.00 0
21168 0.00 0.00 0.00 0
21169 0.00 0.00 0.00 0
21170 0.00 0.00 0.00 0
21171 0.00 0.00 0.00 0
21175 0.00 0.00 0.00 0
21177 0.00 0.00 0.00 0
21178 0.00 0.00 0.00 0
21179 0.00 0.00 0.00 0
21180 0.00 0.00 0.00 0
21181 0.00 0.00 0.00 0
21182 0.00 0.00 0.00 0
21183 0.00 0.00 0.00 0
21184 0.00 0.00 0.00 0
21185 0.00 0.00 0.00 0
21186 0.00 0.00 0.00 0
21187 0.00 0.00 0.00 0
21188 0.00 0.00 0.00 0
21189 0.00 0.00 0.00 0
21190 0.00 0.00 0.00 0
21191 0.00 0.00 0.00 0
21192 0.00 0.00 0.00 0
21193 0.00 0.00 0.00 0
21194 0.00 0.00 0.00 0
21195 0.00 0.00 0.00 0
21196 0.00 0.00 0.00 0
21197 0.00 0.00 0.00 0
21198 0.00 0.00 0.00 0
21199 0.00 0.00 0.00 0
21200 0.00 0.00 0.00 0
21201 0.00 0.00 0.00 0
21202 0.00 0.00 0.00 0
21203 0.00 0.00 0.00 0
21204 0.00 0.00 0.00 0
21205 0.00 0.00 0.00 0
21206 0.00 0.00 0.00 0
21207 0.00 0.00 0.00 0
21208 0.00 0.00 0.00 0
21209 0.00 0.00 0.00 0
21210 0.00 0.00 0.00 0
21211 0.00 0.00 0.00 0
21213 0.00 0.00 0.00 0
23117 0.00 0.00 0.00 0
23118 0.00 0.00 0.00 0
23360 0.00 0.00 0.00 0
23361 0.00 0.00 0.00 0
23362 0.00 0.00 0.00 0
23363 0.00 0.00 0.00 0
23364 0.00 0.00 0.00 0
23630 0.00 0.00 0.00 0
23631 0.00 0.00 0.00 0
23632 0.00 0.00 0.00 0
23633 0.00 0.00 0.00 0
23634 0.00 0.00 0.00 0
23635 0.00 0.00 0.00 0
23636 0.00 0.00 0.00 0
23637 0.00 0.00 0.00 0
23638 0.00 0.00 0.00 0
24101 0.00 0.00 0.00 0
24102 0.00 0.00 0.00 0
24103 0.00 0.00 0.00 0
24104 0.00 0.00 0.00 0
24107 0.00 0.00 0.00 0
24108 0.00 0.00 0.00 0
24109 0.00 0.00 0.00 0
24110 0.00 0.00 0.00 0
24111 0.00 0.00 0.00 0
24710 0.00 0.00 0.00 0
24711 0.00 0.00 0.00 0
24712 0.00 0.00 0.00 0
24713 0.00 0.00 0.00 0
24714 0.00 0.00 0.00 0
24715 0.00 0.00 0.00 0
24716 0.00 0.00 0.00 0
24717 0.00 0.00 0.00 0
24718 0.00 0.00 0.00 0
24719 0.00 0.00 0.00 0
24720 0.00 0.00 0.00 0
25439 0.00 0.00 0.00 0
25440 0.00 0.00 0.00 0
25441 0.00 0.00 0.00 0
25442 0.00 0.00 0.00 0
25443 0.00 0.00 0.00 0
25444 0.00 0.00 0.00 0
25445 0.00 0.00 0.00 0
26249 0.00 0.00 0.00 0
26263 0.00 0.00 0.00 0
26264 0.00 0.00 0.00 0
26265 0.00 0.00 0.00 0
26266 0.00 0.00 0.00 0
26267 0.00 0.00 0.00 0
27619 0.00 0.00 0.00 0
27620 0.00 0.00 0.00 0
27621 0.00 0.00 0.00 0
27622 0.00 0.00 0.00 0
27623 0.00 0.00 0.00 0
27624 0.00 0.00 0.00 0
27657 0.00 0.00 0.00 0
27658 0.00 0.00 0.00 0
27659 0.00 0.00 0.00 0
27660 0.00 0.00 0.00 0
27661 0.00 0.00 0.00 0
27662 0.00 0.00 0.00 0
27663 0.00 0.00 0.00 0
27664 0.00 0.00 0.00 0
27665 0.00 0.00 0.00 0
27666 0.00 0.00 0.00 0
27667 0.00 0.00 0.00 0
27668 0.00 0.00 0.00 0
27669 0.00 0.00 0.00 0
27670 0.00 0.00 0.00 0
27671 0.00 0.00 0.00 0
27672 0.00 0.00 0.00 0
27673 0.00 0.00 0.00 0
27674 0.00 0.00 0.00 0
27675 0.00 0.00 0.00 0
27676 0.00 0.00 0.00 0
27677 0.00 0.00 0.00 0
27678 0.00 0.00 0.00 0
27683 0.00 0.00 0.00 0
27684 0.00 0.00 0.00 0
27685 0.00 0.00 0.00 0
27686 0.00 0.00 0.00 0
27687 0.00 0.00 0.00 0
27688 0.00 0.00 0.00 0
27689 0.00 0.00 0.00 0
27690 0.00 0.00 0.00 0
27691 0.00 0.00 0.00 0
27692 0.00 0.00 0.00 0
27693 0.00 0.00 0.00 0
27694 0.00 0.00 0.00 0
27695 0.00 0.00 0.00 0
27696 0.00 0.00 0.00 0
27697 0.00 0.00 0.00 0
27698 0.00 0.00 0.00 0
27699 0.00 0.00 0.00 0
27700 0.00 0.00 0.00 0
27701 0.00 0.00 0.00 0
27702 0.00 0.00 0.00 0
27703 0.00 0.00 0.00 0
28979 0.00 0.00 0.00 0
28980 0.00 0.00 0.00 0
28981 0.00 0.00 0.00 0
28982 0.00 0.00 0.00 0
28983 0.00 0.00 0.00 0
28984 0.00 0.00 0.00 0
28985 0.00 0.00 0.00 0
28986 0.00 0.00 0.00 0
29546 0.00 0.00 0.00 0
29547 0.00 0.00 0.00 0
29548 0.00 0.00 0.00 0
29549 0.00 0.00 0.00 0
29550 0.00 0.00 0.00 0
29551 0.00 0.00 0.00 0
29552 0.00 0.00 0.00 0
29553 0.00 0.00 0.00 0
30176 0.00 0.00 0.00 0
30177 0.00 0.00 0.00 0
30178 0.00 0.00 0.00 0
30179 0.00 0.00 0.00 0
30180 0.00 0.00 0.00 0
30181 0.00 0.00 0.00 0
30182 0.00 0.00 0.00 0
30187 0.00 0.00 0.00 0
30188 0.00 0.00 0.00 0
30189 0.00 0.00 0.00 0
30190 0.00 0.00 0.00 0
30191 0.00 0.00 0.00 0
30192 0.00 0.00 0.00 0
30193 0.00 0.00 0.00 0
31274 0.00 0.00 0.00 0
31275 0.00 0.00 0.00 0
31276 0.00 0.00 0.00 0
31277 0.00 0.00 0.00 0
31278 0.00 0.00 0.00 0
31279 0.00 0.00 0.00 0
31280 0.00 0.00 0.00 0
31281 0.00 0.00 0.00 0
31282 0.00 0.00 0.00 0
31283 0.00 0.00 0.00 0
31284 0.00 0.00 0.00 0
31285 0.00 0.00 0.00 0
31286 0.00 0.00 0.00 0
31287 0.00 0.00 0.00 0
31288 0.00 0.00 0.00 0
31289 0.00 0.00 0.00 0
31290 0.00 0.00 0.00 0
31291 0.00 0.00 0.00 0
31292 0.00 0.00 0.00 0
31293 0.00 0.00 0.00 0
31294 0.00 0.00 0.00 0
31295 0.00 0.00 0.00 0
31296 0.00 0.00 0.00 0
31297 0.00 0.00 0.00 0
31298 0.00 0.00 0.00 0
31299 0.00 0.00 0.00 0
31300 0.00 0.00 0.00 0
31301 0.00 0.00 0.00 0
31302 0.00 0.00 0.00 0
31303 0.00 0.00 0.00 0
31304 0.00 0.00 0.00 0
31305 0.00 0.00 0.00 0
31306 0.00 0.00 0.00 0
32645 0.00 0.00 0.00 0
32646 0.00 0.00 0.00 0
32647 0.00 0.00 0.00 0
32648 0.00 0.00 0.00 0
32649 0.00 0.00 0.00 0
32650 0.00 0.00 0.00 0
32651 0.00 0.00 0.00 0
32652 0.00 0.00 0.00 0
32653 0.00 0.00 0.00 0
32654 0.00 0.00 0.00 0
32655 0.00 0.00 0.00 0
32656 0.00 0.00 0.00 0
32657 0.00 0.00 0.00 0
32658 0.00 0.00 0.00 0
32659 0.00 0.00 0.00 0
32660 0.00 0.00 0.00 0
32661 0.00 0.00 0.00 0
32662 0.00 0.00 0.00 0
32663 0.00 0.00 0.00 0
32664 0.00 0.00 0.00 0
32665 0.00 0.00 0.00 0
32666 0.00 0.00 0.00 0
32667 0.00 0.00 0.00 0
32668 0.00 0.00 0.00 0
32669 0.00 0.00 0.00 0
32670 0.00 0.00 0.00 0
33650 0.00 0.00 0.00 0
33651 0.00 0.00 0.00 0
33659 0.00 0.00 0.00 0
33660 0.00 0.00 0.00 0
33662 0.00 0.00 0.00 0
34186 0.00 0.00 0.00 0
34189 0.00 0.00 0.00 0
34190 0.00 0.00 0.00 0
34195 0.00 0.00 0.00 0
34196 0.00 0.00 0.00 0
34198 0.00 0.00 0.00 0
35843 0.00 0.00 0.00 0
35844 0.00 0.00 0.00 0
35845 0.00 0.00 0.00 0
35872 0.00 0.00 0.00 0
35873 0.00 0.00 0.00 0
35874 0.00 0.00 0.00 0
35875 0.00 0.00 0.00 0
35876 0.00 0.00 0.00 0
35877 0.00 0.00 0.00 0
35881 0.00 0.00 0.00 0
35882 0.00 0.00 0.00 0
38587 0.00 0.00 0.00 0
38588 0.00 0.00 0.00 0
38591 0.00 0.00 0.00 0
38592 0.00 0.00 0.00 0
38593 0.00 0.00 0.00 0
38594 0.00 0.00 0.00 0
38599 0.00 0.00 0.00 0
38600 0.00 0.00 0.00 0
38601 0.00 0.00 0.00 0
38602 0.00 0.00 0.00 0
38603 0.00 0.00 0.00 0
38604 0.00 0.00 0.00 0
38605 0.00 0.00 0.00 0
38606 0.00 0.00 0.00 0
38607 0.00 0.00 0.00 0
38608 0.00 0.00 0.00 0
38609 0.00 0.00 0.00 0
38610 0.00 0.00 0.00 0
38611 0.00 0.00 0.00 0
38612 0.00 0.00 0.00 0
38675 0.00 0.00 0.00 0
38679 0.00 0.00 0.00 0
38682 0.00 0.00 0.00 0
38683 0.00 0.00 0.00 0
38684 0.00 0.00 0.00 0
38685 0.00 0.00 0.00 0
38686 0.00 0.00 0.00 0
38687 0.00 0.00 0.00 0
38688 0.00 0.00 0.00 0
38689 0.00 0.00 0.00 0
38690 0.00 0.00 0.00 0
38691 0.00 0.00 0.00 0
38692 0.00 0.00 0.00 0
38693 0.00 0.00 0.00 0
38694 0.00 0.00 0.00 0
38695 0.00 0.00 0.00 0
38696 0.00 0.00 0.00 0
38697 0.00 0.00 0.00 0
38698 0.00 0.00 0.00 0
38699 0.00 0.00 0.00 0
38700 0.00 0.00 0.00 0
38701 0.00 0.00 0.00 0
38702 0.00 0.00 0.00 0
38703 0.00 0.00 0.00 0
38704 0.00 0.00 0.00 0
38705 0.00 0.00 0.00 0
38706 0.00 0.00 0.00 0
38707 0.00 0.00 0.00 0
38708 0.00 0.00 0.00 0
38709 0.00 0.00 0.00 0
38710 0.00 0.00 0.00 0
38711 0.00 0.00 0.00 0
38712 0.00 0.00 0.00 0
38713 0.00 0.00 0.00 0
38714 0.00 0.00 0.00 0
38715 0.00 0.00 0.00 0
38716 0.00 0.00 0.00 0
38717 0.00 0.00 0.00 0
38718 0.00 0.00 0.00 0
38719 0.00 0.00 0.00 0
38720 0.00 0.00 0.00 0
38726 0.00 0.00 0.00 0
38727 0.00 0.00 0.00 0
38728 0.00 0.00 0.00 0
38729 0.00 0.00 0.00 0
38730 0.00 0.00 0.00 0
38731 0.00 0.00 0.00 0
38732 0.00 0.00 0.00 0
38733 0.00 0.00 0.00 0
38734 0.00 0.00 0.00 0
38735 0.00 0.00 0.00 0
38736 0.00 0.00 0.00 0
38737 0.00 0.00 0.00 0
38738 0.00 0.00 0.00 0
38739 0.00 0.00 0.00 0
38740 0.00 0.00 0.00 0
38741 0.00 0.00 0.00 0
38742 0.00 0.00 0.00 0
38743 0.00 0.00 0.00 0
38744 0.00 0.00 0.00 0
38745 0.00 0.00 0.00 0
38746 0.00 0.00 0.00 0
38747 0.00 0.00 0.00 0
38748 0.00 0.00 0.00 0
38749 0.00 0.00 0.00 0
38750 0.00 0.00 0.00 0
38751 0.00 0.00 0.00 0
38752 0.00 0.00 0.00 0
38753 0.00 0.00 0.00 0
38754 0.00 0.00 0.00 0
38755 0.00 0.00 0.00 0
38756 0.00 0.00 0.00 0
38757 0.00 0.00 0.00 0
38758 0.00 0.00 0.00 0
38759 0.00 0.00 0.00 0
38760 0.00 0.00 0.00 0
38761 0.00 0.00 0.00 0
38762 0.00 0.00 0.00 0
38763 0.00 0.00 0.00 0
38764 0.00 0.00 0.00 0
38765 0.00 0.00 0.00 0
38766 0.00 0.00 0.00 0
38767 0.00 0.00 0.00 0
38768 0.00 0.00 0.00 0
38769 0.00 0.00 0.00 0
38770 0.00 0.00 0.00 0
38771 0.00 0.00 0.00 0
40315 0.00 0.00 0.00 0
41138 0.00 0.00 0.00 0
41139 0.00 0.00 0.00 0
41140 0.00 0.00 0.00 0
41288 0.00 0.00 0.00 0
41289 0.00 0.00 0.00 0
41290 0.00 0.00 0.00 0
41888 0.00 0.00 0.00 0
41889 0.00 0.00 0.00 0
41890 0.00 0.00 0.00 0
42293 0.00 0.00 0.00 0
42294 0.00 0.00 0.00 0
42295 0.00 0.00 0.00 0
42743 0.00 0.00 0.00 0
42744 0.00 0.00 0.00 0
42745 0.00 0.00 0.00 0
42751 0.00 0.00 0.00 0
42752 0.00 0.00 0.00 0
42753 0.00 0.00 0.00 0
43502 0.00 0.00 0.00 0
43503 0.00 0.00 0.00 0
43504 0.00 0.00 0.00 0
43505 0.00 0.00 0.00 0
43506 0.00 0.00 0.00 0
43525 0.00 0.00 0.00 0
43526 0.00 0.00 0.00 0
43527 0.00 0.00 0.00 0
43528 0.00 0.00 0.00 0
43529 0.00 0.00 0.00 0
43530 0.00 0.00 0.00 0
43531 0.00 0.00 0.00 0
43532 0.00 0.00 0.00 0
43533 0.00 0.00 0.00 0
43534 0.00 0.00 0.00 0
43535 0.00 0.00 0.00 0
43536 0.00 0.00 0.00 0
43537 0.00 0.00 0.00 0
43538 0.00 0.00 0.00 0
43539 0.00 0.00 0.00 0
43540 0.00 0.00 0.00 0
43541 0.00 0.00 0.00 0
43542 0.00 0.00 0.00 0
43543 0.00 0.00 0.00 0
43544 0.00 0.00 0.00 0
43545 0.00 0.00 0.00 0
43546 0.00 0.00 0.00 0
44288 0.00 0.00 0.00 0
44289 0.00 0.00 0.00 0
44290 0.00 0.00 0.00 0
44693 0.00 0.00 0.00 0
44694 0.00 0.00 0.00 0
44695 0.00 0.00 0.00 0
44696 0.00 0.00 0.00 0
44697 0.00 0.00 0.00 0
44698 0.00 0.00 0.00 0
45143 0.00 0.00 0.00 0
45144 0.00 0.00 0.00 0
45145 0.00 0.00 0.00 0
45146 0.00 0.00 0.00 0
45147 0.00 0.00 0.00 0
45148 0.00 0.00 0.00 0
45149 0.00 0.00 0.00 0
45150 0.00 0.00 0.00 0
45151 0.00 0.00 0.00 0
45152 0.00 0.00 0.00 0
45153 0.00 0.00 0.00 0
45927 0.00 0.00 0.00 0
45928 0.00 0.00 0.00 0
45929 0.00 0.00 0.00 0
45930 0.00 0.00 0.00 0
45931 0.00 0.00 0.00 0
45932 0.00 0.00 0.00 0
45933 0.00 0.00 0.00 0
45934 0.00 0.00 0.00 0
45935 0.00 0.00 0.00 0
45936 0.00 0.00 0.00 0
45937 0.00 0.00 0.00 0
45938 0.00 0.00 0.00 0
45939 0.00 0.00 0.00 0
45940 0.00 0.00 0.00 0
45941 0.00 0.00 0.00 0
45942 0.00 0.00 0.00 0
45943 0.00 0.00 0.00 0
45944 0.00 0.00 0.00 0
45945 0.00 0.00 0.00 0
45946 0.00 0.00 0.00 0
46943 0.00 0.00 0.00 0
46944 0.00 0.00 0.00 0
46945 0.00 0.00 0.00 0
46946 0.00 0.00 0.00 0
46947 0.00 0.00 0.00 0
46948 0.00 0.00 0.00 0
46949 0.00 0.00 0.00 0
46950 0.00 0.00 0.00 0
46951 0.00 0.00 0.00 0
46952 0.00 0.00 0.00 0
46953 0.00 0.00 0.00 0
46954 0.00 0.00 0.00 0
46955 0.00 0.00 0.00 0
46956 0.00 0.00 0.00 0
46957 0.00 0.00 0.00 0
46958 0.00 0.00 0.00 0
46959 0.00 0.00 0.00 0
46960 0.00 0.00 0.00 0
47732 0.00 0.00 0.00 0
47734 0.00 0.00 0.00 0
48158 0.00 0.00 0.00 0
48159 0.00 0.00 0.00 0
48160 0.00 0.00 0.00 0
48162 0.00 0.00 0.00 0
48166 0.00 0.00 0.00 0
48167 0.00 0.00 0.00 0
48168 0.00 0.00 0.00 0
49508 0.00 0.00 0.00 0
49531 0.00 0.00 0.00 0
49532 0.00 0.00 0.00 0
49533 0.00 0.00 0.00 0
49534 0.00 0.00 0.00 0
49535 0.00 0.00 0.00 0
49539 0.00 0.00 0.00 0
49540 0.00 0.00 0.00 0
49541 0.00 0.00 0.00 0
51784 0.00 0.00 0.00 0
51785 0.00 0.00 0.00 0
51786 0.00 0.00 0.00 0
51790 0.00 0.00 0.00 0
51791 0.00 0.00 0.00 0
51792 0.00 0.00 0.00 0
51793 0.00 0.00 0.00 0
51794 0.00 0.00 0.00 0
51795 0.00 0.00 0.00 0
51796 0.00 0.00 0.00 0
51797 0.00 0.00 0.00 0
51798 0.00 0.00 0.00 0
51799 0.00 0.00 0.00 0
51800 0.00 0.00 0.00 0
51801 0.00 0.00 0.00 0
51858 0.00 0.00 0.00 0
51859 0.00 0.00 0.00 0
51860 0.00 0.00 0.00 0
51861 0.00 0.00 0.00 0
51862 0.00 0.00 0.00 0
51863 0.00 0.00 0.00 0
51864 0.00 0.00 0.00 0
51865 0.00 0.00 0.00 0
51866 0.00 0.00 0.00 0
51867 0.00 0.00 0.00 0
51868 0.00 0.00 0.00 0
51869 0.00 0.00 0.00 0
51870 0.00 0.00 0.00 0
51871 0.00 0.00 0.00 0
51872 0.00 0.00 0.00 0
51873 0.00 0.00 0.00 0
51874 0.00 0.00 0.00 0
51875 0.00 0.00 0.00 0
51876 0.00 0.00 0.00 0
51877 0.00 0.00 0.00 0
51878 0.00 0.00 0.00 0
51879 0.00 0.00 0.00 0
51880 0.00 0.00 0.00 0
51881 0.00 0.00 0.00 0
51882 0.00 0.00 0.00 0
51883 0.00 0.00 0.00 0
51884 0.00 0.00 0.00 0
51885 0.00 0.00 0.00 0
51886 0.00 0.00 0.00 0
51887 0.00 0.00 0.00 0
51888 0.00 0.00 0.00 0
51889 0.00 0.00 0.00 0
51890 0.00 0.00 0.00 0
51891 0.00 0.00 0.00 0
51895 0.00 0.00 0.00 0
51896 0.00 0.00 0.00 0
51897 0.00 0.00 0.00 0
51898 0.00 0.00 0.00 0
51899 0.00 0.00 0.00 0
51900 0.00 0.00 0.00 0
51901 0.00 0.00 0.00 0
51902 0.00 0.00 0.00 0
51903 0.00 0.00 0.00 0
51904 0.00 0.00 0.00 0
51905 0.00 0.00 0.00 0
51906 0.00 0.00 0.00 0
51907 0.00 0.00 0.00 0
51908 0.00 0.00 0.00 0
51909 0.00 0.00 0.00 0
51910 0.00 0.00 0.00 0
51911 0.00 0.00 0.00 0
51912 0.00 0.00 0.00 0
51913 0.00 0.00 0.00 0
51914 0.00 0.00 0.00 0
51915 0.00 0.00 0.00 0
51916 0.00 0.00 0.00 0
51917 0.00 0.00 0.00 0
51918 0.00 0.00 0.00 0
51919 0.00 0.00 0.00 0
51920 0.00 0.00 0.00 0
51921 0.00 0.00 0.00 0
51922 0.00 0.00 0.00 0
51923 0.00 0.00 0.00 0
51924 0.00 0.00 0.00 0
51925 0.00 0.00 0.00 0
51926 0.00 0.00 0.00 0
51927 0.00 0.00 0.00 0
51928 0.00 0.00 0.00 0
51929 0.00 0.00 0.00 0
51930 0.00 0.00 0.00 0
51931 0.00 0.00 0.00 0
53888 0.00 0.00 0.00 0
53889 0.00 0.00 0.00 0
54293 0.00 0.00 0.00 0
54294 0.00 0.00 0.00 0
54295 0.00 0.00 0.00 0
54296 0.00 0.00 0.00 0
54297 0.00 0.00 0.00 0
54298 0.00 0.00 0.00 0
54299 0.00 0.00 0.00 0
54300 0.00 0.00 0.00 0
54743 0.00 0.00 0.00 0
54744 0.00 0.00 0.00 0
54745 0.00 0.00 0.00 0
54746 0.00 0.00 0.00 0
54747 0.00 0.00 0.00 0
54748 0.00 0.00 0.00 0
54749 0.00 0.00 0.00 0
54750 0.00 0.00 0.00 0
54751 0.00 0.00 0.00 0
54752 0.00 0.00 0.00 0
55528 0.00 0.00 0.00 0
55529 0.00 0.00 0.00 0
55530 0.00 0.00 0.00 0
55531 0.00 0.00 0.00 0
55543 0.00 0.00 0.00 0
55544 0.00 0.00 0.00 0
55545 0.00 0.00 0.00 0
56543 0.00 0.00 0.00 0
56544 0.00 0.00 0.00 0
56545 0.00 0.00 0.00 0
56546 0.00 0.00 0.00 0
56547 0.00 0.00 0.00 0
56548 0.00 0.00 0.00 0
56549 0.00 0.00 0.00 0
56550 0.00 0.00 0.00 0
56552 0.00 0.00 0.00 0
56557 0.00 0.00 0.00 0
57758 0.00 0.00 0.00 0
57759 0.00 0.00 0.00 0
57760 0.00 0.00 0.00 0
57761 0.00 0.00 0.00 0
57762 0.00 0.00 0.00 0
57763 0.00 0.00 0.00 0
57764 0.00 0.00 0.00 0
57765 0.00 0.00 0.00 0
59108 0.00 0.00 0.00 0
59110 0.00 0.00 0.00 0
59131 0.00 0.00 0.00 0
59132 0.00 0.00 0.00 0
59133 0.00 0.00 0.00 0
59134 0.00 0.00 0.00 0
59135 0.00 0.00 0.00 0
59136 0.00 0.00 0.00 0
59137 0.00 0.00 0.00 0
59138 0.00 0.00 0.00 0
61390 0.00 0.00 0.00 0
61391 0.00 0.00 0.00 0
61392 0.00 0.00 0.00 0
61393 0.00 0.00 0.00 0
61394 0.00 0.00 0.00 0
61395 0.00 0.00 0.00 0
61396 0.00 0.00 0.00 0
61397 0.00 0.00 0.00 0
61398 0.00 0.00 0.00 0
61399 0.00 0.00 0.00 0
61400 0.00 0.00 0.00 0
61401 0.00 0.00 0.00 0
61455 0.00 0.00 0.00 0
61456 0.00 0.00 0.00 0
61457 0.00 0.00 0.00 0
61458 0.00 0.00 0.00 0
61459 0.00 0.00 0.00 0
61460 0.00 0.00 0.00 0
61461 0.00 0.00 0.00 0
61462 0.00 0.00 0.00 0
61463 0.00 0.00 0.00 0
61464 0.00 0.00 0.00 0
61465 0.00 0.00 0.00 0
61466 0.00 0.00 0.00 0
61467 0.00 0.00 0.00 0
61468 0.00 0.00 0.00 0
61469 0.00 0.00 0.00 0
61470 0.00 0.00 0.00 0
61471 0.00 0.00 0.00 0
61472 0.00 0.00 0.00 0
61473 0.00 0.00 0.00 0
61474 0.00 0.00 0.00 0
61475 0.00 0.00 0.00 0
61476 0.00 0.00 0.00 0
61477 0.00 0.00 0.00 0
61478 0.00 0.00 0.00 0
61479 0.00 0.00 0.00 0
61480 0.00 0.00 0.00 0
61481 0.00 0.00 0.00 0
61482 0.00 0.00 0.00 0
61483 0.00 0.00 0.00 0
61484 0.00 0.00 0.00 0
61485 0.00 0.00 0.00 0
61486 0.00 0.00 0.00 0
61487 0.00 0.00 0.00 0
61488 0.00 0.00 0.00 0
61489 0.00 0.00 0.00 0
61490 0.00 0.00 0.00 0
61491 0.00 0.00 0.00 0
61498 0.00 0.00 0.00 0
61499 0.00 0.00 0.00 0
61500 0.00 0.00 0.00 0
61501 0.00 0.00 0.00 0
61502 0.00 0.00 0.00 0
61503 0.00 0.00 0.00 0
61504 0.00 0.00 0.00 0
61505 0.00 0.00 0.00 0
61506 0.00 0.00 0.00 0
61507 0.00 0.00 0.00 0
61508 0.00 0.00 0.00 0
61509 0.00 0.00 0.00 0
61510 0.00 0.00 0.00 0
61511 0.00 0.00 0.00 0
61512 0.00 0.00 0.00 0
61513 0.00 0.00 0.00 0
61514 0.00 0.00 0.00 0
61515 0.00 0.00 0.00 0
61516 0.00 0.00 0.00 0
61517 0.00 0.00 0.00 0
61518 0.00 0.00 0.00 0
61519 0.00 0.00 0.00 0
61520 0.00 0.00 0.00 0
61521 0.00 0.00 0.00 0
61522 0.00 0.00 0.00 0
61523 0.00 0.00 0.00 0
61524 0.00 0.00 0.00 0
61525 0.00 0.00 0.00 0
61526 0.00 0.00 0.00 0
61527 0.00 0.00 0.00 0
61528 0.00 0.00 0.00 0
61529 0.00 0.00 0.00 0
61530 0.00 0.00 0.00 0
61531 0.00 0.00 0.00 0
63743 0.00 0.00 0.00 0
63744 0.00 0.00 0.00 0
63745 0.00 0.00 0.00 0
63746 0.00 0.00 0.00 0
63747 0.00 0.00 0.00 0
63748 0.00 0.00 0.00 0
63749 0.00 0.00 0.00 0
63750 0.00 0.00 0.00 0
63751 0.00 0.00 0.00 0
63752 0.00 0.00 0.00 0
63753 0.00 0.00 0.00 0
63755 0.00 0.00 0.00 0
63756 0.00 0.00 0.00 0
63757 0.00 0.00 0.00 0
63758 0.00 0.00 0.00 0
63759 0.00 0.00 0.00 0
64958 0.00 0.00 0.00 0
64959 0.00 0.00 0.00 0
64960 0.00 0.00 0.00 0
64961 0.00 0.00 0.00 0
64962 0.00 0.00 0.00 0
64963 0.00 0.00 0.00 0
64964 0.00 0.00 0.00 0
64965 0.00 0.00 0.00 0
64966 0.00 0.00 0.00 0
64967 0.00 0.00 0.00 0
64968 0.00 0.00 0.00 0
64969 0.00 0.00 0.00 0
64970 0.00 0.00 0.00 0
64971 0.00 0.00 0.00 0
64972 0.00 0.00 0.00 0
64973 0.00 0.00 0.00 0
64974 0.00 0.00 0.00 0
64975 0.00 0.00 0.00 0
66308 0.00 0.00 0.00 0
66309 0.00 0.00 0.00 0
66310 0.00 0.00 0.00 0
66311 0.00 0.00 0.00 0
66312 0.00 0.00 0.00 0
66313 0.00 0.00 0.00 0
66314 0.00 0.00 0.00 0
66315 0.00 0.00 0.00 0
66316 0.00 0.00 0.00 0
66317 0.00 0.00 0.00 0
66318 0.00 0.00 0.00 0
66319 0.00 0.00 0.00 0
66320 0.00 0.00 0.00 0
66321 0.00 0.00 0.00 0
66322 0.00 0.00 0.00 0
66331 0.00 0.00 0.00 0
66332 0.00 0.00 0.00 0
66333 0.00 0.00 0.00 0
66334 0.00 0.00 0.00 0
66335 0.00 0.00 0.00 0
66336 0.00 0.00 0.00 0
66337 0.00 0.00 0.00 0
66338 0.00 0.00 0.00 0
66339 0.00 0.00 0.00 0
66340 0.00 0.00 0.00 0
66341 0.00 0.00 0.00 0
66343 0.00 0.00 0.00 0
68661 0.00 0.00 0.00 0
68662 0.00 0.00 0.00 0
68663 0.00 0.00 0.00 0
68664 0.00 0.00 0.00 0
68665 0.00 0.00 0.00 0
68666 0.00 0.00 0.00 0
68667 0.00 0.00 0.00 0
68668 0.00 0.00 0.00 0
68669 0.00 0.00 0.00 0
68670 0.00 0.00 0.00 0
68671 0.00 0.00 0.00 0
68672 0.00 0.00 0.00 0
68673 0.00 0.00 0.00 0
68674 0.00 0.00 0.00 0
68675 0.00 0.00 0.00 0
68676 0.00 0.00 0.00 0
68677 0.00 0.00 0.00 0
68678 0.00 0.00 0.00 0
68679 0.00 0.00 0.00 0
68680 0.00 0.00 0.00 0
68681 0.00 0.00 0.00 0
68682 0.00 0.00 0.00 0
68683 0.00 0.00 0.00 0
68684 0.00 0.00 0.00 0
68685 0.00 0.00 0.00 0
68686 0.00 0.00 0.00 0
68687 0.00 0.00 0.00 0
68688 0.00 0.00 0.00 0
68689 0.00 0.00 0.00 0
68690 0.00 0.00 0.00 0
68691 0.00 0.00 0.00 0
68692 0.00 0.00 0.00 0
68693 0.00 0.00 0.00 0
68694 0.00 0.00 0.00 0
68695 0.00 0.00 0.00 0
68696 0.00 0.00 0.00 0
68697 0.00 0.00 0.00 0
68698 0.00 0.00 0.00 0
68699 0.00 0.00 0.00 0
68700 0.00 0.00 0.00 0
68701 0.00 0.00 0.00 0
68702 0.00 0.00 0.00 0
68703 0.00 0.00 0.00 0
68704 0.00 0.00 0.00 0
68705 0.00 0.00 0.00 0
68706 0.00 0.00 0.00 0
68707 0.00 0.00 0.00 0
68708 0.00 0.00 0.00 0
68709 0.00 0.00 0.00 0
68710 0.00 0.00 0.00 0
68711 0.00 0.00 0.00 0
68712 0.00 0.00 0.00 0
68713 0.00 0.00 0.00 0
68714 0.00 0.00 0.00 0
68715 0.00 0.00 0.00 0
68716 0.00 0.00 0.00 0
68717 0.00 0.00 0.00 0
68718 0.00 0.00 0.00 0
68719 0.00 0.00 0.00 0
68720 0.00 0.00 0.00 0
68721 0.00 0.00 0.00 0
68722 0.00 0.00 0.00 0
68723 0.00 0.00 0.00 0
68724 0.00 0.00 0.00 0
68726 0.00 0.00 0.00 0
68727 0.00 0.00 0.00 0
68728 0.00 0.00 0.00 0
68729 0.00 0.00 0.00 0
68730 0.00 0.00 0.00 0
68731 0.00 0.00 0.00 0
71708 0.00 0.00 0.00 0
71709 0.00 0.00 0.00 0
71710 0.00 0.00 0.00 0
71711 0.00 0.00 0.00 0
71712 0.00 0.00 0.00 0
71713 0.00 0.00 0.00 0
71714 0.00 0.00 0.00 0
71715 0.00 0.00 0.00 0
71716 0.00 0.00 0.00 0
71717 0.00 0.00 0.00 0
71718 0.00 0.00 0.00 0
71719 0.00 0.00 0.00 0
71720 0.00 0.00 0.00 0
71721 0.00 0.00 0.00 0
71722 0.00 0.00 0.00 0
71723 0.00 0.00 0.00 0
71724 0.00 0.00 0.00 0
71725 0.00 0.00 0.00 0
71726 0.00 0.00 0.00 0
71727 0.00 0.00 0.00 0
71728 0.00 0.00 0.00 0
71729 0.00 0.00 0.00 0
71730 0.00 0.00 0.00 0
71731 0.00 0.00 0.00 0
71732 0.00 0.00 0.00 0
71733 0.00 0.00 0.00 0
71734 0.00 0.00 0.00 0
71735 0.00 0.00 0.00 0
71736 0.00 0.00 0.00 0
71737 0.00 0.00 0.00 0
71738 0.00 0.00 0.00 0
71739 0.00 0.00 0.00 0
71740 0.00 0.00 0.00 0
71741 0.00 0.00 0.00 0
71742 0.00 0.00 0.00 0
71743 0.00 0.00 0.00 0
71744 0.00 0.00 0.00 0
71745 0.00 0.00 0.00 0
71746 0.00 0.00 0.00 0
71747 0.00 0.00 0.00 0
71748 0.00 0.00 0.00 0
71749 0.00 0.00 0.00 0
71750 0.00 0.00 0.00 0
71751 0.00 0.00 0.00 0
71752 0.00 0.00 0.00 0
71753 0.00 0.00 0.00 0
71754 0.00 0.00 0.00 0
71755 0.00 0.00 0.00 0
71756 0.00 0.00 0.00 0
71757 0.00 0.00 0.00 0
71758 0.00 0.00 0.00 0
71759 0.00 0.00 0.00 0
71760 0.00 0.00 0.00 0
71761 0.00 0.00 0.00 0
71762 0.00 0.00 0.00 0
71763 0.00 0.00 0.00 0
71765 0.00 0.00 0.00 0
71766 0.00 0.00 0.00 0
71767 0.00 0.00 0.00 0
71768 0.00 0.00 0.00 0
71769 0.00 0.00 0.00 0
74089 0.00 0.00 0.00 0
74090 0.00 0.00 0.00 0
74091 0.00 0.00 0.00 0
74111 0.00 0.00 0.00 0
74112 0.00 0.00 0.00 0
74113 0.00 0.00 0.00 0
74114 0.00 0.00 0.00 0
74115 0.00 0.00 0.00 0
74117 0.00 0.00 0.00 0
74118 0.00 0.00 0.00 0
74119 0.00 0.00 0.00 0
74120 0.00 0.00 0.00 0
75353 0.00 0.00 0.00 0
75355 0.00 0.00 0.00 0
75356 0.00 0.00 0.00 0
75357 0.00 0.00 0.00 0
75361 0.00 0.00 0.00 0
75362 0.00 0.00 0.00 0
75363 0.00 0.00 0.00 0
75364 0.00 0.00 0.00 0
75365 0.00 0.00 0.00 0
75366 0.00 0.00 0.00 0
75376 0.00 0.00 0.00 0
75377 0.00 0.00 0.00 0
75378 0.00 0.00 0.00 0
75379 0.00 0.00 0.00 0
75380 0.00 0.00 0.00 0
75381 0.00 0.00 0.00 0
75382 0.00 0.00 0.00 0
75385 0.00 0.00 0.00 0
79403 0.00 0.00 0.00 0
79404 0.00 0.00 0.00 0
79405 0.00 0.00 0.00 0
79426 0.00 0.00 0.00 0
79427 0.00 0.00 0.00 0
79471 0.00 0.00 0.00 0
79472 0.00 0.00 0.00 0
79473 0.00 0.00 0.00 0
79474 0.00 0.00 0.00 0
79475 0.00 0.00 0.00 0
79476 0.00 0.00 0.00 0
79477 0.00 0.00 0.00 0
79478 0.00 0.00 0.00 0
79479 0.00 0.00 0.00 0
79480 0.00 0.00 0.00 0
79481 0.00 0.00 0.00 0
79482 0.00 0.00 0.00 0
79483 0.00 0.00 0.00 0
79484 0.00 0.00 0.00 0
79485 0.00 0.00 0.00 0
79486 0.00 0.00 0.00 0
79487 0.00 0.00 0.00 0
79488 0.00 0.00 0.00 0
79494 0.00 0.00 0.00 0
79495 0.00 0.00 0.00 0
79496 0.00 0.00 0.00 0
79497 0.00 0.00 0.00 0
79498 0.00 0.00 0.00 0
79499 0.00 0.00 0.00 0
79500 0.00 0.00 0.00 0
86225 0.00 0.00 0.00 0
86233 0.00 0.00 0.00 0
86234 0.00 0.00 0.00 0
86235 0.00 0.00 0.00 0
86236 0.00 0.00 0.00 0
86237 0.00 0.00 0.00 0
86238 0.00 0.00 0.00 0
86239 0.00 0.00 0.00 0
86240 0.00 0.00 0.00 0
86241 0.00 0.00 0.00 0
86252 0.00 0.00 0.00 0
86253 0.00 0.00 0.00 0
86254 0.00 0.00 0.00 0
86255 0.00 0.00 0.00 0
86256 0.00 0.00 0.00 0
86257 0.00 0.00 0.00 0
86258 0.00 0.00 0.00 0
86259 0.00 0.00 0.00 0
86260 0.00 0.00 0.00 0
86261 0.00 0.00 0.00 0
86262 0.00 0.00 0.00 0
86263 0.00 0.00 0.00 0
86264 0.00 0.00 0.00 0
86265 0.00 0.00 0.00 0
86266 0.00 0.00 0.00 0
86267 0.00 0.00 0.00 0
86268 0.00 0.00 0.00 0
86269 0.00 0.00 0.00 0
86270 0.00 0.00 0.00 0
86271 0.00 0.00 0.00 0
86272 0.00 0.00 0.00 0
86273 0.00 0.00 0.00 0
86274 0.00 0.00 0.00 0
86275 0.00 0.00 0.00 0
86276 0.00 0.00 0.00 0
86277 0.00 0.00 0.00 0
86278 0.00 0.00 0.00 0
86279 0.00 0.00 0.00 0
86280 0.00 0.00 0.00 0
86281 0.00 0.00 0.00 0
86282 0.00 0.00 0.00 0
86283 0.00 0.00 0.00 0
86284 0.00 0.00 0.00 0
86285 0.00 0.00 0.00 0
86286 0.00 0.00 0.00 0
86444 0.00 0.00 0.00 0
86453 0.00 0.00 0.00 0
86454 0.00 0.00 0.00 0
86455 0.00 0.00 0.00 0
86456 0.00 0.00 0.00 0
86457 0.00 0.00 0.00 0
86458 0.00 0.00 0.00 0
86460 0.00 0.00 0.00 0
86461 0.00 0.00 0.00 0
86462 0.00 0.00 0.00 0
86463 0.00 0.00 0.00 0
86464 0.00 0.00 0.00 0
86465 0.00 0.00 0.00 0
86466 0.00 0.00 0.00 0
86467 0.00 0.00 0.00 0
86468 0.00 0.00 0.00 0
86469 0.00 0.00 0.00 0
86470 0.00 0.00 0.00 0
86471 0.00 0.00 0.00 0
86472 0.00 0.00 0.00 0
86473 0.00 0.00 0.00 0
86474 0.00 0.00 0.00 0
86475 0.00 0.00 0.00 0
86476 0.00 0.00 0.00 0
86477 0.00 0.00 0.00 0
86478 0.00 0.00 0.00 0
86479 0.00 0.00 0.00 0
86480 0.00 0.00 0.00 0
86481 0.00 0.00 0.00 0
86482 0.00 0.00 0.00 0
86483 0.00 0.00 0.00 0
86484 0.00 0.00 0.00 0
86485 0.00 0.00 0.00 0
86486 0.00 0.00 0.00 0
86487 0.00 0.00 0.00 0
86488 0.00 0.00 0.00 0
86489 0.00 0.00 0.00 0
86490 0.00 0.00 0.00 0
86491 0.00 0.00 0.00 0
86492 0.00 0.00 0.00 0
86493 0.00 0.00 0.00 0
86494 0.00 0.00 0.00 0
86495 0.00 0.00 0.00 0
86496 0.00 0.00 0.00 0
86497 0.00 0.00 0.00 0
86498 0.00 0.00 0.00 0
86499 0.00 0.00 0.00 0
86500 0.00 0.00 0.00 0
86501 0.00 0.00 0.00 0
86502 0.00 0.00 0.00 0
86503 0.00 0.00 0.00 0
86504 0.00 0.00 0.00 0
86505 0.00 0.00 0.00 0
86506 0.00 0.00 0.00 0
86507 0.00 0.00 0.00 0
86508 0.00 0.00 0.00 0
86509 0.00 0.00 0.00 0
86510 0.00 0.00 0.00 0
86511 0.00 0.00 0.00 0
86512 0.00 0.00 0.00 0
86513 0.00 0.00 0.00 0
86514 0.00 0.00 0.00 0
86515 0.00 0.00 0.00 0
86516 0.00 0.00 0.00 0
86517 0.00 0.00 0.00 0
86518 0.00 0.00 0.00 0
86519 0.00 0.00 0.00 0
86520 0.00 0.00 0.00 0
86521 0.00 0.00 0.00 0
86522 0.00 0.00 0.00 0
86523 0.00 0.00 0.00 0
86524 0.00 0.00 0.00 0
86525 0.00 0.00 0.00 0
86526 0.00 0.00 0.00 0
86527 0.00 0.00 0.00 0
86528 0.00 0.00 0.00 0
86529 0.00 0.00 0.00 0
86530 0.00 0.00 0.00 0
86531 0.00 0.00 0.00 0
86532 0.00 0.00 0.00 0
86533 0.00 0.00 0.00 0
86534 0.00 0.00 0.00 0
86535 0.00 0.00 0.00 0
86536 0.00 0.00 0.00 0
86537 0.00 0.00 0.00 0
86538 0.00 0.00 0.00 0
86539 0.00 0.00 0.00 0
86540 0.00 0.00 0.00 0
86541 0.00 0.00 0.00 0
86542 0.00 0.00 0.00 0
86543 0.00 0.00 0.00 0
86544 0.00 0.00 0.00 0
86545 0.00 0.00 0.00 0
86546 0.00 0.00 0.00 0
86547 0.00 0.00 0.00 0
86548 0.00 0.00 0.00 0
86549 0.00 0.00 0.00 0
86550 0.00 0.00 0.00 0
86551 0.00 0.00 0.00 0
86552 0.00 0.00 0.00 0
86553 0.00 0.00 0.00 0
86554 0.00 0.00 0.00 0
86555 0.00 0.00 0.00 0
86556 0.00 0.00 0.00 0
86572 0.00 0.00 0.00 0
86573 0.00 0.00 0.00 0
86574 0.00 0.00 0.00 0
86575 0.00 0.00 0.00 0
86576 0.00 0.00 0.00 0
86577 0.00 0.00 0.00 0
86578 0.00 0.00 0.00 0
86579 0.00 0.00 0.00 0
86580 0.00 0.00 0.00 0
86581 0.00 0.00 0.00 0
86582 0.00 0.00 0.00 0
86583 0.00 0.00 0.00 0
86584 0.00 0.00 0.00 0
86585 0.00 0.00 0.00 0
86586 0.00 0.00 0.00 0
86587 0.00 0.00 0.00 0
86588 0.00 0.00 0.00 0
86589 0.00 0.00 0.00 0
86590 0.00 0.00 0.00 0
86591 0.00 0.00 0.00 0
86592 0.00 0.00 0.00 0
86593 0.00 0.00 0.00 0
86594 0.00 0.00 0.00 0
86595 0.00 0.00 0.00 0
86596 0.00 0.00 0.00 0
86597 0.00 0.00 0.00 0
86598 0.00 0.00 0.00 0
86599 0.00 0.00 0.00 0
86600 0.00 0.00 0.00 0
86601 0.00 0.00 0.00 0
86602 0.00 0.00 0.00 0
86603 0.00 0.00 0.00 0
86604 0.00 0.00 0.00 0
86605 0.00 0.00 0.00 0
86606 0.00 0.00 0.00 0
86607 0.00 0.00 0.00 0
86608 0.00 0.00 0.00 0
86609 0.00 0.00 0.00 0
86610 0.00 0.00 0.00 0
86611 0.00 0.00 0.00 0
86612 0.00 0.00 0.00 0
86613 0.00 0.00 0.00 0
86614 0.00 0.00 0.00 0
86615 0.00 0.00 0.00 0
86616 0.00 0.00 0.00 0
86617 0.00 0.00 0.00 0
86618 0.00 0.00 0.00 0
86619 0.00 0.00 0.00 0
86620 0.00 0.00 0.00 0
86621 0.00 0.00 0.00 0
86622 0.00 0.00 0.00 0
86623 0.00 0.00 0.00 0
86624 0.00 0.00 0.00 0
86625 0.00 0.00 0.00 0
86626 0.00 0.00 0.00 0
86627 0.00 0.00 0.00 0
86628 0.00 0.00 0.00 0
86629 0.00 0.00 0.00 0
86630 0.00 0.00 0.00 0
86631 0.00 0.00 0.00 0
86632 0.00 0.00 0.00 0
86633 0.00 0.00 0.00 0
86634 0.00 0.00 0.00 0
86635 0.00 0.00 0.00 0
86636 0.00 0.00 0.00 0
86637 0.00 0.00 0.00 0
86638 0.00 0.00 0.00 0
86639 0.00 0.00 0.00 0
86640 0.00 0.00 0.00 0
86641 0.00 0.00 0.00 0
86642 0.00 0.00 0.00 0
86643 0.00 0.00 0.00 0
86644 0.00 0.00 0.00 0
86645 0.00 0.00 0.00 0
86646 0.00 0.00 0.00 0
86647 0.00 0.00 0.00 0
86648 0.00 0.00 0.00 0
86649 0.00 0.00 0.00 0
86650 0.00 0.00 0.00 0
86651 0.00 0.00 0.00 0
86652 0.00 0.00 0.00 0
86653 0.00 0.00 0.00 0
86654 0.00 0.00 0.00 0
86655 0.00 0.00 0.00 0
86656 0.00 0.00 0.00 0
86657 0.00 0.00 0.00 0
86658 0.00 0.00 0.00 0
86659 0.00 0.00 0.00 0
86660 0.00 0.00 0.00 0
86661 0.00 0.00 0.00 0
86662 0.00 0.00 0.00 0
86663 0.00 0.00 0.00 0
86664 0.00 0.00 0.00 0
86665 0.00 0.00 0.00 0
86666 0.00 0.00 0.00 0
86667 0.00 0.00 0.00 0
86668 0.00 0.00 0.00 0
86669 0.00 0.00 0.00 0
86670 0.00 0.00 0.00 0
86671 0.00 0.00 0.00 0
86672 0.00 0.00 0.00 0
86673 0.00 0.00 0.00 0
86674 0.00 0.00 0.00 0
86675 0.00 0.00 0.00 0
86676 0.00 0.00 0.00 0
86677 0.00 0.00 0.00 0
86678 0.00 0.00 0.00 0
86679 0.00 0.00 0.00 0
86680 0.00 0.00 0.00 0
86681 0.00 0.00 0.00 0
86682 0.00 0.00 0.00 0
86683 0.00 0.00 0.00 0
86684 0.00 0.00 0.00 0
86685 0.00 0.00 0.00 0
86686 0.00 0.00 0.00 0
90541 0.00 0.00 0.00 0
90542 0.00 0.00 0.00 0
90543 0.00 0.00 0.00 0
92480 0.00 0.00 0.00 0
92481 0.00 0.00 0.00 0
92482 0.00 0.00 0.00 0
92483 0.00 0.00 0.00 0
92484 0.00 0.00 0.00 0
92750 0.00 0.00 0.00 0
92751 0.00 0.00 0.00 0
92752 0.00 0.00 0.00 0
92753 0.00 0.00 0.00 0
92754 0.00 0.00 0.00 0
93830 0.00 0.00 0.00 0
93831 0.00 0.00 0.00 0
93832 0.00 0.00 0.00 0
93833 0.00 0.00 0.00 0
93834 0.00 0.00 0.00 0
94559 0.00 0.00 0.00 0
94560 0.00 0.00 0.00 0
94561 0.00 0.00 0.00 0
94562 0.00 0.00 0.00 0
94563 0.00 0.00 0.00 0
95369 0.00 0.00 0.00 0
95370 0.00 0.00 0.00 0
95371 0.00 0.00 0.00 0
95372 0.00 0.00 0.00 0
95383 0.00 0.00 0.00 0
95384 0.00 0.00 0.00 0
95385 0.00 0.00 0.00 0
95386 0.00 0.00 0.00 0
95387 0.00 0.00 0.00 0
96738 0.00 0.00 0.00 0
96739 0.00 0.00 0.00 0
96740 0.00 0.00 0.00 0
96741 0.00 0.00 0.00 0
96742 0.00 0.00 0.00 0
96743 0.00 0.00 0.00 0
96744 0.00 0.00 0.00 0
96777 0.00 0.00 0.00 0
96778 0.00 0.00 0.00 0
96779 0.00 0.00 0.00 0
96780 0.00 0.00 0.00 0
96781 0.00 0.00 0.00 0
96782 0.00 0.00 0.00 0
96783 0.00 0.00 0.00 0
96784 0.00 0.00 0.00 0
96785 0.00 0.00 0.00 0
96786 0.00 0.00 0.00 0
96787 0.00 0.00 0.00 0
96788 0.00 0.00 0.00 0
96789 0.00 0.00 0.00 0
96790 0.00 0.00 0.00 0
96791 0.00 0.00 0.00 0
96792 0.00 0.00 0.00 0
96793 0.00 0.00 0.00 0
96794 0.00 0.00 0.00 0
96795 0.00 0.00 0.00 0
96796 0.00 0.00 0.00 0
96797 0.00 0.00 0.00 0
96798 0.00 0.00 0.00 0
96799 0.00 0.00 0.00 0
96801 0.00 0.00 0.00 0
96802 0.00 0.00 0.00 0
96803 0.00 0.00 0.00 0
96804 0.00 0.00 0.00 0
96805 0.00 0.00 0.00 0
96806 0.00 0.00 0.00 0
96807 0.00 0.00 0.00 0
96808 0.00 0.00 0.00 0
96809 0.00 0.00 0.00 0
96810 0.00 0.00 0.00 0
96811 0.00 0.00 0.00 0
96812 0.00 0.00 0.00 0
96813 0.00 0.00 0.00 0
96814 0.00 0.00 0.00 0
96815 0.00 0.00 0.00 0
96816 0.00 0.00 0.00 0
96817 0.00 0.00 0.00 0
96818 0.00 0.00 0.00 0
96819 0.00 0.00 0.00 0
96820 0.00 0.00 0.00 0
96821 0.00 0.00 0.00 0
96822 0.00 0.00 0.00 0
98150 0.00 0.00 0.00 0
98151 0.00 0.00 0.00 0
98152 0.00 0.00 0.00 0
98153 0.00 0.00 0.00 0
98154 0.00 0.00 0.00 0
98879 0.00 0.00 0.00 0
98880 0.00 0.00 0.00 0
98881 0.00 0.00 0.00 0
98882 0.00 0.00 0.00 0
98883 0.00 0.00 0.00 0
98884 0.00 0.00 0.00 0
98885 0.00 0.00 0.00 0
98886 0.00 0.00 0.00 0
98887 0.00 0.00 0.00 0
98888 0.00 0.00 0.00 0
98889 0.00 0.00 0.00 0
99689 0.00 0.00 0.00 0
99690 0.00 0.00 0.00 0
99691 0.00 0.00 0.00 0
99692 0.00 0.00 0.00 0
99693 0.00 0.00 0.00 0
99694 0.00 0.00 0.00 0
99695 0.00 0.00 0.00 0
99696 0.00 0.00 0.00 0
99697 0.00 0.00 0.00 0
99698 0.00 0.00 0.00 0
99703 0.00 0.00 0.00 0
99704 0.00 0.00 0.00 0
99705 0.00 0.00 0.00 0
99706 0.00 0.00 0.00 0
99707 0.00 0.00 0.00 0
99708 0.00 0.00 0.00 0
99709 0.00 0.00 0.00 0
101101 0.00 0.00 0.00 0
101102 0.00 0.00 0.00 0
101103 0.00 0.00 0.00 0
101104 0.00 0.00 0.00 0
101105 0.00 0.00 0.00 0
101106 0.00 0.00 0.00 0
101107 0.00 0.00 0.00 0
101108 0.00 0.00 0.00 0
101109 0.00 0.00 0.00 0
101110 0.00 0.00 0.00 0
101111 0.00 0.00 0.00 0
101112 0.00 0.00 0.00 0
101113 0.00 0.00 0.00 0
101114 0.00 0.00 0.00 0
101115 0.00 0.00 0.00 0
101116 0.00 0.00 0.00 0
101117 0.00 0.00 0.00 0
101118 0.00 0.00 0.00 0
101119 0.00 0.00 0.00 0
101120 0.00 0.00 0.00 0
101121 0.00 0.00 0.00 0
101122 0.00 0.00 0.00 0
101123 0.00 0.00 0.00 0
101124 0.00 0.00 0.00 0
101125 0.00 0.00 0.00 0
101126 0.00 0.00 0.00 0
101127 0.00 0.00 0.00 0
101128 0.00 0.00 0.00 0
101129 0.00 0.00 0.00 0
101130 0.00 0.00 0.00 0
101131 0.00 0.00 0.00 0
101132 0.00 0.00 0.00 0
101133 0.00 0.00 0.00 0
101134 0.00 0.00 0.00 0
101135 0.00 0.00 0.00 0
101136 0.00 0.00 0.00 0
102929 0.00 0.00 0.00 0
102930 0.00 0.00 0.00 0
102931 0.00 0.00 0.00 0
102932 0.00 0.00 0.00 0
102933 0.00 0.00 0.00 0
102934 0.00 0.00 0.00 0
102935 0.00 0.00 0.00 0
102936 0.00 0.00 0.00 0
102937 0.00 0.00 0.00 0
102938 0.00 0.00 0.00 0
102939 0.00 0.00 0.00 0
102940 0.00 0.00 0.00 0
102941 0.00 0.00 0.00 0
102942 0.00 0.00 0.00 0
102943 0.00 0.00 0.00 0
102944 0.00 0.00 0.00 0
102945 0.00 0.00 0.00 0
102946 0.00 0.00 0.00 0
102947 0.00 0.00 0.00 0
102948 0.00 0.00 0.00 0
102949 0.00 0.00 0.00 0
102950 0.00 0.00 0.00 0
102951 0.00 0.00 0.00 0
102952 0.00 0.00 0.00 0
102953 0.00 0.00 0.00 0
102954 0.00 0.00 0.00 0
102955 0.00 0.00 0.00 0
102956 0.00 0.00 0.00 0
102957 0.00 0.00 0.00 0
102958 0.00 0.00 0.00 0
102959 0.00 0.00 0.00 0
102960 0.00 0.00 0.00 0
102962 0.00 0.00 0.00 0
104373 0.00 0.00 0.00 0
104374 0.00 0.00 0.00 0
104375 0.00 0.00 0.00 0
105116 0.00 0.00 0.00 0
105117 0.00 0.00 0.00 0
105118 0.00 0.00 0.00 0
105119 0.00 0.00 0.00 0
105120 0.00 0.00 0.00 0
105121 0.00 0.00 0.00 0
105122 0.00 0.00 0.00 0
105123 0.00 0.00 0.00 0
105124 0.00 0.00 0.00 0
105130 0.00 0.00 0.00 0
105131 0.00 0.00 0.00 0
105132 0.00 0.00 0.00 0
105133 0.00 0.00 0.00 0
105134 0.00 0.00 0.00 0
107546 0.00 0.00 0.00 0
107547 0.00 0.00 0.00 0
107548 0.00 0.00 0.00 0
107587 0.00 0.00 0.00 0
107588 0.00 0.00 0.00 0
107589 0.00 0.00 0.00 0
107590 0.00 0.00 0.00 0
107591 0.00 0.00 0.00 0
107592 0.00 0.00 0.00 0
107593 0.00 0.00 0.00 0
107594 0.00 0.00 0.00 0
107595 0.00 0.00 0.00 0
107596 0.00 0.00 0.00 0
107601 0.00 0.00 0.00 0
107602 0.00 0.00 0.00 0
107603 0.00 0.00 0.00 0
107604 0.00 0.00 0.00 0
107605 0.00 0.00 0.00 0
111645 0.00 0.00 0.00 0
111646 0.00 0.00 0.00 0
111647 0.00 0.00 0.00 0
111648 0.00 0.00 0.00 0
111654 0.00 0.00 0.00 0
111655 0.00 0.00 0.00 0
111656 0.00 0.00 0.00 0
111657 0.00 0.00 0.00 0
111658 0.00 0.00 0.00 0
111659 0.00 0.00 0.00 0
111660 0.00 0.00 0.00 0
111661 0.00 0.00 0.00 0
111662 0.00 0.00 0.00 0
111663 0.00 0.00 0.00 0
111664 0.00 0.00 0.00 0
111665 0.00 0.00 0.00 0
111666 0.00 0.00 0.00 0
111667 0.00 0.00 0.00 0
111668 0.00 0.00 0.00 0
111669 0.00 0.00 0.00 0
111670 0.00 0.00 0.00 0
111671 0.00 0.00 0.00 0
111672 0.00 0.00 0.00 0
111673 0.00 0.00 0.00 0
111674 0.00 0.00 0.00 0
111675 0.00 0.00 0.00 0
111776 0.00 0.00 0.00 0
111777 0.00 0.00 0.00 0
111778 0.00 0.00 0.00 0
111779 0.00 0.00 0.00 0
111780 0.00 0.00 0.00 0
111781 0.00 0.00 0.00 0
111782 0.00 0.00 0.00 0
111783 0.00 0.00 0.00 0
111784 0.00 0.00 0.00 0
111785 0.00 0.00 0.00 0
111786 0.00 0.00 0.00 0
111787 0.00 0.00 0.00 0
111788 0.00 0.00 0.00 0
111789 0.00 0.00 0.00 0
111790 0.00 0.00 0.00 0
111791 0.00 0.00 0.00 0
111792 0.00 0.00 0.00 0
111793 0.00 0.00 0.00 0
111794 0.00 0.00 0.00 0
111795 0.00 0.00 0.00 0
111796 0.00 0.00 0.00 0
111797 0.00 0.00 0.00 0
111798 0.00 0.00 0.00 0
111799 0.00 0.00 0.00 0
111800 0.00 0.00 0.00 0
111801 0.00 0.00 0.00 0
111802 0.00 0.00 0.00 0
111803 0.00 0.00 0.00 0
111804 0.00 0.00 0.00 0
111805 0.00 0.00 0.00 0
111806 0.00 0.00 0.00 0
111807 0.00 0.00 0.00 0
111808 0.00 0.00 0.00 0
111809 0.00 0.00 0.00 0
111810 0.00 0.00 0.00 0
111811 0.00 0.00 0.00 0
111812 0.00 0.00 0.00 0
111813 0.00 0.00 0.00 0
111814 0.00 0.00 0.00 0
111815 0.00 0.00 0.00 0
111816 0.00 0.00 0.00 0
111817 0.00 0.00 0.00 0
111818 0.00 0.00 0.00 0
111819 0.00 0.00 0.00 0
111820 0.00 0.00 0.00 0
111821 0.00 0.00 0.00 0
111822 0.00 0.00 0.00 0
111823 0.00 0.00 0.00 0
111824 0.00 0.00 0.00 0
111825 0.00 0.00 0.00 0
111826 0.00 0.00 0.00 0
111827 0.00 0.00 0.00 0
111828 0.00 0.00 0.00 0
111829 0.00 0.00 0.00 0
111830 0.00 0.00 0.00 0
111831 0.00 0.00 0.00 0
111832 0.00 0.00 0.00 0
111833 0.00 0.00 0.00 0
111834 0.00 0.00 0.00 0
111835 0.00 0.00 0.00 0
111836 0.00 0.00 0.00 0
111837 0.00 0.00 0.00 0
111843 0.00 0.00 0.00 0
111845 0.00 0.00 0.00 0
111846 0.00 0.00 0.00 0
111847 0.00 0.00 0.00 0
111848 0.00 0.00 0.00 0
111849 0.00 0.00 0.00 0
111850 0.00 0.00 0.00 0
111851 0.00 0.00 0.00 0
111852 0.00 0.00 0.00 0
111853 0.00 0.00 0.00 0
111854 0.00 0.00 0.00 0
111855 0.00 0.00 0.00 0
111856 0.00 0.00 0.00 0
111857 0.00 0.00 0.00 0
111858 0.00 0.00 0.00 0
111859 0.00 0.00 0.00 0
111860 0.00 0.00 0.00 0
111861 0.00 0.00 0.00 0
111862 0.00 0.00 0.00 0
111863 0.00 0.00 0.00 0
111864 0.00 0.00 0.00 0
111865 0.00 0.00 0.00 0
111866 0.00 0.00 0.00 0
111867 0.00 0.00 0.00 0
111868 0.00 0.00 0.00 0
111869 0.00 0.00 0.00 0
111870 0.00 0.00 0.00 0
111871 0.00 0.00 0.00 0
111872 0.00 0.00 0.00 0
111873 0.00 0.00 0.00 0
111874 0.00 0.00 0.00 0
111875 0.00 0.00 0.00 0
111876 0.00 0.00 0.00 0
111877 0.00 0.00 0.00 0
111878 0.00 0.00 0.00 0
111879 0.00 0.00 0.00 0
111880 0.00 0.00 0.00 0
111881 0.00 0.00 0.00 0
111882 0.00 0.00 0.00 0
111883 0.00 0.00 0.00 0
111884 0.00 0.00 0.00 0
111885 0.00 0.00 0.00 0
111886 0.00 0.00 0.00 0
111887 0.00 0.00 0.00 0
111888 0.00 0.00 0.00 0
111889 0.00 0.00 0.00 0
111890 0.00 0.00 0.00 0
111891 0.00 0.00 0.00 0
111892 0.00 0.00 0.00 0
111893 0.00 0.00 0.00 0
111894 0.00 0.00 0.00 0
111895 0.00 0.00 0.00 0
111896 0.00 0.00 0.00 0
111897 0.00 0.00 0.00 0
111898 0.00 0.00 0.00 0
111899 0.00 0.00 0.00 0
111900 0.00 0.00 0.00 0
111901 0.00 0.00 0.00 0
111902 0.00 0.00 0.00 0
111903 0.00 0.00 0.00 0
111904 0.00 0.00 0.00 0
111905 0.00 0.00 0.00 0
111906 0.00 0.00 0.00 0
111907 0.00 0.00 0.00 0
111908 0.00 0.00 0.00 0
111909 0.00 0.00 0.00 0
111910 0.00 0.00 0.00 0
111911 0.00 0.00 0.00 0
115379 0.00 0.00 0.00 0
115380 0.00 0.00 0.00 0
115381 0.00 0.00 0.00 0
115382 0.00 0.00 0.00 0
115946 0.00 0.00 0.00 0
115947 0.00 0.00 0.00 0
115948 0.00 0.00 0.00 0
115949 0.00 0.00 0.00 0
115950 0.00 0.00 0.00 0
115951 0.00 0.00 0.00 0
115952 0.00 0.00 0.00 0
115953 0.00 0.00 0.00 0
115954 0.00 0.00 0.00 0
115955 0.00 0.00 0.00 0
115956 0.00 0.00 0.00 0
116576 0.00 0.00 0.00 0
116577 0.00 0.00 0.00 0
116578 0.00 0.00 0.00 0
116579 0.00 0.00 0.00 0
116580 0.00 0.00 0.00 0
116581 0.00 0.00 0.00 0
116582 0.00 0.00 0.00 0
116583 0.00 0.00 0.00 0
116584 0.00 0.00 0.00 0
116585 0.00 0.00 0.00 0
116586 0.00 0.00 0.00 0
116587 0.00 0.00 0.00 0
116588 0.00 0.00 0.00 0
116589 0.00 0.00 0.00 0
116590 0.00 0.00 0.00 0
116591 0.00 0.00 0.00 0
116593 0.00 0.00 0.00 0
116594 0.00 0.00 0.00 0
116595 0.00 0.00 0.00 0
117677 0.00 0.00 0.00 0
117678 0.00 0.00 0.00 0
117679 0.00 0.00 0.00 0
117680 0.00 0.00 0.00 0
117681 0.00 0.00 0.00 0
117683 0.00 0.00 0.00 0
117684 0.00 0.00 0.00 0
117685 0.00 0.00 0.00 0
117686 0.00 0.00 0.00 0
117687 0.00 0.00 0.00 0
117689 0.00 0.00 0.00 0
117690 0.00 0.00 0.00 0
117691 0.00 0.00 0.00 0
117692 0.00 0.00 0.00 0
117694 0.00 0.00 0.00 0
117695 0.00 0.00 0.00 0
117696 0.00 0.00 0.00 0
117697 0.00 0.00 0.00 0
117698 0.00 0.00 0.00 0
117699 0.00 0.00 0.00 0
117700 0.00 0.00 0.00 0
117701 0.00 0.00 0.00 0
119096 0.00 0.00 0.00 0
119097 0.00 0.00 0.00 0
119098 0.00 0.00 0.00 0
119099 0.00 0.00 0.00 0
119100 0.00 0.00 0.00 0
119101 0.00 0.00 0.00 0
119102 0.00 0.00 0.00 0
119103 0.00 0.00 0.00 0
119104 0.00 0.00 0.00 0
119105 0.00 0.00 0.00 0
119106 0.00 0.00 0.00 0
119107 0.00 0.00 0.00 0
119108 0.00 0.00 0.00 0
119109 0.00 0.00 0.00 0
119110 0.00 0.00 0.00 0
119111 0.00 0.00 0.00 0
119113 0.00 0.00 0.00 0
119114 0.00 0.00 0.00 0
119115 0.00 0.00 0.00 0
119116 0.00 0.00 0.00 0
119117 0.00 0.00 0.00 0
119118 0.00 0.00 0.00 0
119119 0.00 0.00 0.00 0
120797 0.00 0.00 0.00 0
120798 0.00 0.00 0.00 0
120799 0.00 0.00 0.00 0
120800 0.00 0.00 0.00 0
120801 0.00 0.00 0.00 0
120802 0.00 0.00 0.00 0
120803 0.00 0.00 0.00 0
120804 0.00 0.00 0.00 0
120805 0.00 0.00 0.00 0
120806 0.00 0.00 0.00 0
120808 0.00 0.00 0.00 0
120809 0.00 0.00 0.00 0
120810 0.00 0.00 0.00 0
122687 0.00 0.00 0.00 0
122719 0.00 0.00 0.00 0
122720 0.00 0.00 0.00 0
122721 0.00 0.00 0.00 0
122722 0.00 0.00 0.00 0
122723 0.00 0.00 0.00 0
122724 0.00 0.00 0.00 0
122725 0.00 0.00 0.00 0
122726 0.00 0.00 0.00 0
122727 0.00 0.00 0.00 0
122728 0.00 0.00 0.00 0
122729 0.00 0.00 0.00 0
125882 0.00 0.00 0.00 0
125883 0.00 0.00 0.00 0
125884 0.00 0.00 0.00 0
125885 0.00 0.00 0.00 0
125886 0.00 0.00 0.00 0
125887 0.00 0.00 0.00 0
125888 0.00 0.00 0.00 0
125889 0.00 0.00 0.00 0
125890 0.00 0.00 0.00 0
125891 0.00 0.00 0.00 0
125892 0.00 0.00 0.00 0
125893 0.00 0.00 0.00 0
125894 0.00 0.00 0.00 0
125895 0.00 0.00 0.00 0
125896 0.00 0.00 0.00 0
125897 0.00 0.00 0.00 0
125898 0.00 0.00 0.00 0
125975 0.00 0.00 0.00 0
125976 0.00 0.00 0.00 0
125977 0.00 0.00 0.00 0
125978 0.00 0.00 0.00 0
125979 0.00 0.00 0.00 0
125980 0.00 0.00 0.00 0
125981 0.00 0.00 0.00 0
125982 0.00 0.00 0.00 0
125983 0.00 0.00 0.00 0
125984 0.00 0.00 0.00 0
125985 0.00 0.00 0.00 0
125986 0.00 0.00 0.00 0
125987 0.00 0.00 0.00 0
125988 0.00 0.00 0.00 0
125989 0.00 0.00 0.00 0
125990 0.00 0.00 0.00 0
125991 0.00 0.00 0.00 0
125992 0.00 0.00 0.00 0
125993 0.00 0.00 0.00 0
125994 0.00 0.00 0.00 0
125995 0.00 0.00 0.00 0
125996 0.00 0.00 0.00 0
125997 0.00 0.00 0.00 0
125998 0.00 0.00 0.00 0
125999 0.00 0.00 0.00 0
126000 0.00 0.00 0.00 0
126001 0.00 0.00 0.00 0
126002 0.00 0.00 0.00 0
126003 0.00 0.00 0.00 0
126004 0.00 0.00 0.00 0
126005 0.00 0.00 0.00 0
126006 0.00 0.00 0.00 0
126007 0.00 0.00 0.00 0
126008 0.00 0.00 0.00 0
126009 0.00 0.00 0.00 0
126010 0.00 0.00 0.00 0
126011 0.00 0.00 0.00 0
126012 0.00 0.00 0.00 0
126013 0.00 0.00 0.00 0
126014 0.00 0.00 0.00 0
126015 0.00 0.00 0.00 0
126016 0.00 0.00 0.00 0
126017 0.00 0.00 0.00 0
126018 0.00 0.00 0.00 0
126019 0.00 0.00 0.00 0
126020 0.00 0.00 0.00 0
126021 0.00 0.00 0.00 0
126022 0.00 0.00 0.00 0
126023 0.00 0.00 0.00 0
126024 0.00 0.00 0.00 0
126033 0.00 0.00 0.00 0
126034 0.00 0.00 0.00 0
126035 0.00 0.00 0.00 0
126036 0.00 0.00 0.00 0
126037 0.00 0.00 0.00 0
126038 0.00 0.00 0.00 0
126039 0.00 0.00 0.00 0
126040 0.00 0.00 0.00 0
126041 0.00 0.00 0.00 0
126042 0.00 0.00 0.00 0
126043 0.00 0.00 0.00 0
126044 0.00 0.00 0.00 0
126045 0.00 0.00 0.00 0
126046 0.00 0.00 0.00 0
126047 0.00 0.00 0.00 0
126048 0.00 0.00 0.00 0
126049 0.00 0.00 0.00 0
126050 0.00 0.00 0.00 0
126051 0.00 0.00 0.00 0
126052 0.00 0.00 0.00 0
126053 0.00 0.00 0.00 0
126054 0.00 0.00 0.00 0
126055 0.00 0.00 0.00 0
126056 0.00 0.00 0.00 0
126057 0.00 0.00 0.00 0
126058 0.00 0.00 0.00 0
126059 0.00 0.00 0.00 0
126060 0.00 0.00 0.00 0
126061 0.00 0.00 0.00 0
126062 0.00 0.00 0.00 0
126063 0.00 0.00 0.00 0
126064 0.00 0.00 0.00 0
126065 0.00 0.00 0.00 0
126066 0.00 0.00 0.00 0
126067 0.00 0.00 0.00 0
126068 0.00 0.00 0.00 0
126069 0.00 0.00 0.00 0
126070 0.00 0.00 0.00 0
126071 0.00 0.00 0.00 0
126072 0.00 0.00 0.00 0
126073 0.00 0.00 0.00 0
126074 0.00 0.00 0.00 0
126075 0.00 0.00 0.00 0
126076 0.00 0.00 0.00 0
126077 0.00 0.00 0.00 0
126078 0.00 0.00 0.00 0
126079 0.00 0.00 0.00 0
126080 0.00 0.00 0.00 0
126081 0.00 0.00 0.00 0
126082 0.00 0.00 0.00 0
126083 0.00 0.00 0.00 0
126084 0.00 0.00 0.00 0
129125 0.00 0.00 0.00 0
129126 0.00 0.00 0.00 0
129127 0.00 0.00 0.00 0
129128 0.00 0.00 0.00 0
129129 0.00 0.00 0.00 0
129130 0.00 0.00 0.00 0
129131 0.00 0.00 0.00 0
129132 0.00 0.00 0.00 0
129133 0.00 0.00 0.00 0
129134 0.00 0.00 0.00 0
129135 0.00 0.00 0.00 0
129136 0.00 0.00 0.00 0
129137 0.00 0.00 0.00 0
129138 0.00 0.00 0.00 0
129139 0.00 0.00 0.00 0
129140 0.00 0.00 0.00 0
129141 0.00 0.00 0.00 0
129142 0.00 0.00 0.00 0
129143 0.00 0.00 0.00 0
129144 0.00 0.00 0.00 0
129145 0.00 0.00 0.00 0
129146 0.00 0.00 0.00 0
130664 0.00 0.00 0.00 0
130665 0.00 0.00 0.00 0
130666 0.00 0.00 0.00 0
130667 0.00 0.00 0.00 0
130668 0.00 0.00 0.00 0
130669 0.00 0.00 0.00 0
130670 0.00 0.00 0.00 0
130671 0.00 0.00 0.00 0
130672 0.00 0.00 0.00 0
130673 0.00 0.00 0.00 0
130674 0.00 0.00 0.00 0
130675 0.00 0.00 0.00 0
130676 0.00 0.00 0.00 0
130677 0.00 0.00 0.00 0
130678 0.00 0.00 0.00 0
130679 0.00 0.00 0.00 0
130680 0.00 0.00 0.00 0
130681 0.00 0.00 0.00 0
130682 0.00 0.00 0.00 0
130683 0.00 0.00 0.00 0
130684 0.00 0.00 0.00 0
130685 0.00 0.00 0.00 0
132374 0.00 0.00 0.00 0
132375 0.00 0.00 0.00 0
132376 0.00 0.00 0.00 0
132377 0.00 0.00 0.00 0
132378 0.00 0.00 0.00 0
132379 0.00 0.00 0.00 0
132380 0.00 0.00 0.00 0
132381 0.00 0.00 0.00 0
132385 0.00 0.00 0.00 0
132386 0.00 0.00 0.00 0
132387 0.00 0.00 0.00 0
132388 0.00 0.00 0.00 0
132389 0.00 0.00 0.00 0
132390 0.00 0.00 0.00 0
132391 0.00 0.00 0.00 0
132403 0.00 0.00 0.00 0
132404 0.00 0.00 0.00 0
132405 0.00 0.00 0.00 0
132406 0.00 0.00 0.00 0
132407 0.00 0.00 0.00 0
132408 0.00 0.00 0.00 0
132409 0.00 0.00 0.00 0
132410 0.00 0.00 0.00 0
132411 0.00 0.00 0.00 0
132412 0.00 0.00 0.00 0
132414 0.00 0.00 0.00 0
132415 0.00 0.00 0.00 0
132416 0.00 0.00 0.00 0
132417 0.00 0.00 0.00 0
132418 0.00 0.00 0.00 0
132419 0.00 0.00 0.00 0
132420 0.00 0.00 0.00 0
135279 0.00 0.00 0.00 0
135357 0.00 0.00 0.00 0
135358 0.00 0.00 0.00 0
135359 0.00 0.00 0.00 0
135360 0.00 0.00 0.00 0
135361 0.00 0.00 0.00 0
135362 0.00 0.00 0.00 0
135363 0.00 0.00 0.00 0
135364 0.00 0.00 0.00 0
135365 0.00 0.00 0.00 0
135366 0.00 0.00 0.00 0
135367 0.00 0.00 0.00 0
135368 0.00 0.00 0.00 0
135369 0.00 0.00 0.00 0
135370 0.00 0.00 0.00 0
135371 0.00 0.00 0.00 0
135372 0.00 0.00 0.00 0
135373 0.00 0.00 0.00 0
135374 0.00 0.00 0.00 0
135375 0.00 0.00 0.00 0
135376 0.00 0.00 0.00 0
135377 0.00 0.00 0.00 0
135378 0.00 0.00 0.00 0
135379 0.00 0.00 0.00 0
135380 0.00 0.00 0.00 0
135381 0.00 0.00 0.00 0
135382 0.00 0.00 0.00 0
135383 0.00 0.00 0.00 0
135384 0.00 0.00 0.00 0
135385 0.00 0.00 0.00 0
135386 0.00 0.00 0.00 0
135387 0.00 0.00 0.00 0
135388 0.00 0.00 0.00 0
135389 0.00 0.00 0.00 0
135390 0.00 0.00 0.00 0
135391 0.00 0.00 0.00 0
135392 0.00 0.00 0.00 0
135393 0.00 0.00 0.00 0
135394 0.00 0.00 0.00 0
135395 0.00 0.00 0.00 0
135396 0.00 0.00 0.00 0
135397 0.00 0.00 0.00 0
135398 0.00 0.00 0.00 0
135399 0.00 0.00 0.00 0
135400 0.00 0.00 0.00 0
135401 0.00 0.00 0.00 0
135402 0.00 0.00 0.00 0
135403 0.00 0.00 0.00 0
135404 0.00 0.00 0.00 0
135405 0.00 0.00 0.00 0
135406 0.00 0.00 0.00 0
135407 0.00 0.00 0.00 0
135408 0.00 0.00 0.00 0
135409 0.00 0.00 0.00 0
135410 0.00 0.00 0.00 0
135411 0.00 0.00 0.00 0
135412 0.00 0.00 0.00 0
135413 0.00 0.00 0.00 0
135414 0.00 0.00 0.00 0
135415 0.00 0.00 0.00 0
135416 0.00 0.00 0.00 0
135417 0.00 0.00 0.00 0
135418 0.00 0.00 0.00 0
135419 0.00 0.00 0.00 0
135420 0.00 0.00 0.00 0
135421 0.00 0.00 0.00 0
135422 0.00 0.00 0.00 0
135423 0.00 0.00 0.00 0
135424 0.00 0.00 0.00 0
135425 0.00 0.00 0.00 0
135426 0.00 0.00 0.00 0
135427 0.00 0.00 0.00 0
135428 0.00 0.00 0.00 0
135429 0.00 0.00 0.00 0
135430 0.00 0.00 0.00 0
135431 0.00 0.00 0.00 0
135432 0.00 0.00 0.00 0
135433 0.00 0.00 0.00 0
135434 0.00 0.00 0.00 0
135435 0.00 0.00 0.00 0
135436 0.00 0.00 0.00 0
135437 0.00 0.00 0.00 0
135438 0.00 0.00 0.00 0
135439 0.00 0.00 0.00 0
135440 0.00 0.00 0.00 0
135441 0.00 0.00 0.00 0
135442 0.00 0.00 0.00 0
135443 0.00 0.00 0.00 0
135444 0.00 0.00 0.00 0
139163 0.00 0.00 0.00 0
139164 0.00 0.00 0.00 0
139165 0.00 0.00 0.00 0
139166 0.00 0.00 0.00 0
139167 0.00 0.00 0.00 0
139168 0.00 0.00 0.00 0
139169 0.00 0.00 0.00 0
139170 0.00 0.00 0.00 0
139171 0.00 0.00 0.00 0
139172 0.00 0.00 0.00 0
139173 0.00 0.00 0.00 0
139174 0.00 0.00 0.00 0
139175 0.00 0.00 0.00 0
139176 0.00 0.00 0.00 0
139177 0.00 0.00 0.00 0
139178 0.00 0.00 0.00 0
139179 0.00 0.00 0.00 0
139180 0.00 0.00 0.00 0
139181 0.00 0.00 0.00 0
139182 0.00 0.00 0.00 0
139183 0.00 0.00 0.00 0
139184 0.00 0.00 0.00 0
139185 0.00 0.00 0.00 0
139186 0.00 0.00 0.00 0
139187 0.00 0.00 0.00 0
139188 0.00 0.00 0.00 0
139189 0.00 0.00 0.00 0
139190 0.00 0.00 0.00 0
139191 0.00 0.00 0.00 0
139192 0.00 0.00 0.00 0
139193 0.00 0.00 0.00 0
139194 0.00 0.00 0.00 0
139195 0.00 0.00 0.00 0
139196 0.00 0.00 0.00 0
139197 0.00 0.00 0.00 0
139198 0.00 0.00 0.00 0
139199 0.00 0.00 0.00 0
139200 0.00 0.00 0.00 0
139201 0.00 0.00 0.00 0
139202 0.00 0.00 0.00 0
139203 0.00 0.00 0.00 0
139204 0.00 0.00 0.00 0
139205 0.00 0.00 0.00 0
139206 0.00 0.00 0.00 0
139207 0.00 0.00 0.00 0
139208 0.00 0.00 0.00 0
139209 0.00 0.00 0.00 0
139210 0.00 0.00 0.00 0
139211 0.00 0.00 0.00 0
139212 0.00 0.00 0.00 0
139213 0.00 0.00 0.00 0
139214 0.00 0.00 0.00 0
139215 0.00 0.00 0.00 0
139216 0.00 0.00 0.00 0
139217 0.00 0.00 0.00 0
139218 0.00 0.00 0.00 0
139219 0.00 0.00 0.00 0
139220 0.00 0.00 0.00 0
139221 0.00 0.00 0.00 0
139222 0.00 0.00 0.00 0
139223 0.00 0.00 0.00 0
139224 0.00 0.00 0.00 0
139225 0.00 0.00 0.00 0
139226 0.00 0.00 0.00 0
139227 0.00 0.00 0.00 0
139228 0.00 0.00 0.00 0
139229 0.00 0.00 0.00 0
139230 0.00 0.00 0.00 0
139231 0.00 0.00 0.00 0
139232 0.00 0.00 0.00 0
139233 0.00 0.00 0.00 0
139234 0.00 0.00 0.00 0
139235 0.00 0.00 0.00 0
139236 0.00 0.00 0.00 0
139237 0.00 0.00 0.00 0
139238 0.00 0.00 0.00 0
139239 0.00 0.00 0.00 0
142074 0.00 0.00 0.00 0
142075 0.00 0.00 0.00 0
142076 0.00 0.00 0.00 0
142077 0.00 0.00 0.00 0
142100 0.00 0.00 0.00 0
142101 0.00 0.00 0.00 0
142102 0.00 0.00 0.00 0
142103 0.00 0.00 0.00 0
142104 0.00 0.00 0.00 0
142105 0.00 0.00 0.00 0
142108 0.00 0.00 0.00 0
142110 0.00 0.00 0.00 0
142111 0.00 0.00 0.00 0
142112 0.00 0.00 0.00 0
143623 0.00 0.00 0.00 0
143624 0.00 0.00 0.00 0
143629 0.00 0.00 0.00 0
143630 0.00 0.00 0.00 0
143631 0.00 0.00 0.00 0
143632 0.00 0.00 0.00 0
143633 0.00 0.00 0.00 0
143634 0.00 0.00 0.00 0
143647 0.00 0.00 0.00 0
143648 0.00 0.00 0.00 0
143649 0.00 0.00 0.00 0
143650 0.00 0.00 0.00 0
143651 0.00 0.00 0.00 0
143652 0.00 0.00 0.00 0
143653 0.00 0.00 0.00 0
143656 0.00 0.00 0.00 0
143657 0.00 0.00 0.00 0
143658 0.00 0.00 0.00 0
148517 0.00 0.00 0.00 0
148518 0.00 0.00 0.00 0
148519 0.00 0.00 0.00 0
148520 0.00 0.00 0.00 0
148521 0.00 0.00 0.00 0
148522 0.00 0.00 0.00 0
148546 0.00 0.00 0.00 0
148547 0.00 0.00 0.00 0
148600 0.00 0.00 0.00 0
148601 0.00 0.00 0.00 0
148602 0.00 0.00 0.00 0
148603 0.00 0.00 0.00 0
148604 0.00 0.00 0.00 0
148605 0.00 0.00 0.00 0
148606 0.00 0.00 0.00 0
148607 0.00 0.00 0.00 0
148608 0.00 0.00 0.00 0
148609 0.00 0.00 0.00 0
148610 0.00 0.00 0.00 0
148611 0.00 0.00 0.00 0
148612 0.00 0.00 0.00 0
148613 0.00 0.00 0.00 0
148614 0.00 0.00 0.00 0
148615 0.00 0.00 0.00 0
148616 0.00 0.00 0.00 0
148617 0.00 0.00 0.00 0
148618 0.00 0.00 0.00 0
148627 0.00 0.00 0.00 0
148628 0.00 0.00 0.00 0
148629 0.00 0.00 0.00 0
148630 0.00 0.00 0.00 0
148631 0.00 0.00 0.00 0
148632 0.00 0.00 0.00 0
148633 0.00 0.00 0.00 0
148634 0.00 0.00 0.00 0
156719 0.00 0.00 0.00 0
156720 0.00 0.00 0.00 0
156721 0.00 0.00 0.00 0
156722 0.00 0.00 0.00 0
156730 0.00 0.00 0.00 0
156731 0.00 0.00 0.00 0
156732 0.00 0.00 0.00 0
156733 0.00 0.00 0.00 0
156734 0.00 0.00 0.00 0
156735 0.00 0.00 0.00 0
156736 0.00 0.00 0.00 0
156737 0.00 0.00 0.00 0
156738 0.00 0.00 0.00 0
156739 0.00 0.00 0.00 0
156740 0.00 0.00 0.00 0
156749 0.00 0.00 0.00 0
156753 0.00 0.00 0.00 0
156754 0.00 0.00 0.00 0
156756 0.00 0.00 0.00 0
156757 0.00 0.00 0.00 0
156758 0.00 0.00 0.00 0
156759 0.00 0.00 0.00 0
156760 0.00 0.00 0.00 0
156761 0.00 0.00 0.00 0
156762 0.00 0.00 0.00 0
156763 0.00 0.00 0.00 0
156764 0.00 0.00 0.00 0
156765 0.00 0.00 0.00 0
156766 0.00 0.00 0.00 0
156767 0.00 0.00 0.00 0
156768 0.00 0.00 0.00 0
156769 0.00 0.00 0.00 0
156770 0.00 0.00 0.00 0
156771 0.00 0.00 0.00 0
156772 0.00 0.00 0.00 0
156773 0.00 0.00 0.00 0
156774 0.00 0.00 0.00 0
156775 0.00 0.00 0.00 0
156776 0.00 0.00 0.00 0
156777 0.00 0.00 0.00 0
156778 0.00 0.00 0.00 0
156779 0.00 0.00 0.00 0
156780 0.00 0.00 0.00 0
156781 0.00 0.00 0.00 0
156782 0.00 0.00 0.00 0
156783 0.00 0.00 0.00 0
156784 0.00 0.00 0.00 0
156785 0.00 0.00 0.00 0
156786 0.00 0.00 0.00 0
156787 0.00 0.00 0.00 0
156788 0.00 0.00 0.00 0
156789 0.00 0.00 0.00 0
156790 0.00 0.00 0.00 0
156791 0.00 0.00 0.00 0
156792 0.00 0.00 0.00 0
156793 0.00 0.00 0.00 0
156794 0.00 0.00 0.00 0
156983 0.00 0.00 0.00 0
156996 0.00 0.00 0.00 0
156997 0.00 0.00 0.00 0
157005 0.00 0.00 0.00 0
157006 0.00 0.00 0.00 0
157007 0.00 0.00 0.00 0
157008 0.00 0.00 0.00 0
157009 0.00 0.00 0.00 0
157010 0.00 0.00 0.00 0
157011 0.00 0.00 0.00 0
157012 0.00 0.00 0.00 0
157013 0.00 0.00 0.00 0
157014 0.00 0.00 0.00 0
157015 0.00 0.00 0.00 0
157016 0.00 0.00 0.00 0
157017 0.00 0.00 0.00 0
157018 0.00 0.00 0.00 0
157019 0.00 0.00 0.00 0
157020 0.00 0.00 0.00 0
157021 0.00 0.00 0.00 0
157022 0.00 0.00 0.00 0
157023 0.00 0.00 0.00 0
157024 0.00 0.00 0.00 0
157025 0.00 0.00 0.00 0
157026 0.00 0.00 0.00 0
157027 0.00 0.00 0.00 0
157028 0.00 0.00 0.00 0
157029 0.00 0.00 0.00 0
157030 0.00 0.00 0.00 0
157031 0.00 0.00 0.00 0
157032 0.00 0.00 0.00 0
157033 0.00 0.00 0.00 0
157034 0.00 0.00 0.00 0
157035 0.00 0.00 0.00 0
157036 0.00 0.00 0.00 0
157037 0.00 0.00 0.00 0
157038 0.00 0.00 0.00 0
157039 0.00 0.00 0.00 0
157040 0.00 0.00 0.00 0
157041 0.00 0.00 0.00 0
157042 0.00 0.00 0.00 0
157043 0.00 0.00 0.00 0
157044 0.00 0.00 0.00 0
157045 0.00 0.00 0.00 0
157046 0.00 0.00 0.00 0
157047 0.00 0.00 0.00 0
157048 0.00 0.00 0.00 0
157049 0.00 0.00 0.00 0
157050 0.00 0.00 0.00 0
157051 0.00 0.00 0.00 0
157052 0.00 0.00 0.00 0
157053 0.00 0.00 0.00 0
157054 0.00 0.00 0.00 0
157055 0.00 0.00 0.00 0
157056 0.00 0.00 0.00 0
157057 0.00 0.00 0.00 0
157058 0.00 0.00 0.00 0
157059 0.00 0.00 0.00 0
157060 0.00 0.00 0.00 0
157061 0.00 0.00 0.00 0
157062 0.00 0.00 0.00 0
157063 0.00 0.00 0.00 0
157064 0.00 0.00 0.00 0
157065 0.00 0.00 0.00 0
157066 0.00 0.00 0.00 0
157067 0.00 0.00 0.00 0
157068 0.00 0.00 0.00 0
157069 0.00 0.00 0.00 0
157070 0.00 0.00 0.00 0
157071 0.00 0.00 0.00 0
157072 0.00 0.00 0.00 0
157073 0.00 0.00 0.00 0
157074 0.00 0.00 0.00 0
157075 0.00 0.00 0.00 0
157076 0.00 0.00 0.00 0
157077 0.00 0.00 0.00 0
157078 0.00 0.00 0.00 0
157079 0.00 0.00 0.00 0
157080 0.00 0.00 0.00 0
157081 0.00 0.00 0.00 0
157082 0.00 0.00 0.00 0
157083 0.00 0.00 0.00 0
157084 0.00 0.00 0.00 0
157085 0.00 0.00 0.00 0
157086 0.00 0.00 0.00 0
157087 0.00 0.00 0.00 0
157088 0.00 0.00 0.00 0
157089 0.00 0.00 0.00 0
157090 0.00 0.00 0.00 0
157091 0.00 0.00 0.00 0
157092 0.00 0.00 0.00 0
157093 0.00 0.00 0.00 0
157094 0.00 0.00 0.00 0
157095 0.00 0.00 0.00 0
157096 0.00 0.00 0.00 0
157097 0.00 0.00 0.00 0
157098 0.00 0.00 0.00 0
157099 0.00 0.00 0.00 0
157100 0.00 0.00 0.00 0
157101 0.00 0.00 0.00 0
157102 0.00 0.00 0.00 0
157103 0.00 0.00 0.00 0
157104 0.00 0.00 0.00 0
157105 0.00 0.00 0.00 0
157106 0.00 0.00 0.00 0
157107 0.00 0.00 0.00 0
157108 0.00 0.00 0.00 0
157109 0.00 0.00 0.00 0
157110 0.00 0.00 0.00 0
157111 0.00 0.00 0.00 0
157112 0.00 0.00 0.00 0
157113 0.00 0.00 0.00 0
157114 0.00 0.00 0.00 0
157115 0.00 0.00 0.00 0
157116 0.00 0.00 0.00 0
157117 0.00 0.00 0.00 0
157118 0.00 0.00 0.00 0
157127 0.00 0.00 0.00 0
157136 0.00 0.00 0.00 0
157137 0.00 0.00 0.00 0
157138 0.00 0.00 0.00 0
157139 0.00 0.00 0.00 0
157140 0.00 0.00 0.00 0
157141 0.00 0.00 0.00 0
157142 0.00 0.00 0.00 0
157143 0.00 0.00 0.00 0
157144 0.00 0.00 0.00 0
157145 0.00 0.00 0.00 0
157146 0.00 0.00 0.00 0
157147 0.00 0.00 0.00 0
157148 0.00 0.00 0.00 0
157149 0.00 0.00 0.00 0
157150 0.00 0.00 0.00 0
157151 0.00 0.00 0.00 0
157152 0.00 0.00 0.00 0
157153 0.00 0.00 0.00 0
157154 0.00 0.00 0.00 0
157155 0.00 0.00 0.00 0
157156 0.00 0.00 0.00 0
157157 0.00 0.00 0.00 0
157158 0.00 0.00 0.00 0
157159 0.00 0.00 0.00 0
157160 0.00 0.00 0.00 0
157161 0.00 0.00 0.00 0
157162 0.00 0.00 0.00 0
157163 0.00 0.00 0.00 0
157164 0.00 0.00 0.00 0
157165 0.00 0.00 0.00 0
157166 0.00 0.00 0.00 0
157167 0.00 0.00 0.00 0
157168 0.00 0.00 0.00 0
157169 0.00 0.00 0.00 0
157170 0.00 0.00 0.00 0
157171 0.00 0.00 0.00 0
157172 0.00 0.00 0.00 0
157173 0.00 0.00 0.00 0
157174 0.00 0.00 0.00 0
157175 0.00 0.00 0.00 0
157176 0.00 0.00 0.00 0
157177 0.00 0.00 0.00 0
157178 0.00 0.00 0.00 0
157179 0.00 0.00 0.00 0
157180 0.00 0.00 0.00 0
157181 0.00 0.00 0.00 0
157182 0.00 0.00 0.00 0
157183 0.00 0.00 0.00 0
157184 0.00 0.00 0.00 0
157185 0.00 0.00 0.00 0
157186 0.00 0.00 0.00 0
157187 0.00 0.00 0.00 0
157188 0.00 0.00 0.00 0
157189 0.00 0.00 0.00 0
157190 0.00 0.00 0.00 0
157191 0.00 0.00 0.00 0
157192 0.00 0.00 0.00 0
157193 0.00 0.00 0.00 0
157194 0.00 0.00 0.00 0
157195 0.00 0.00 0.00 0
157196 0.00 0.00 0.00 0
157197 0.00 0.00 0.00 0
157198 0.00 0.00 0.00 0
157199 0.00 0.00 0.00 0
157200 0.00 0.00 0.00 0
157201 0.00 0.00 0.00 0
157202 0.00 0.00 0.00 0
157203 0.00 0.00 0.00 0
157204 0.00 0.00 0.00 0
157205 0.00 0.00 0.00 0
157206 0.00 0.00 0.00 0
157207 0.00 0.00 0.00 0
157208 0.00 0.00 0.00 0
157209 0.00 0.00 0.00 0
157210 0.00 0.00 0.00 0
157211 0.00 0.00 0.00 0
157212 0.00 0.00 0.00 0
157213 0.00 0.00 0.00 0
157214 0.00 0.00 0.00 0
157215 0.00 0.00 0.00 0
157216 0.00 0.00 0.00 0
157217 0.00 0.00 0.00 0
157218 0.00 0.00 0.00 0
157219 0.00 0.00 0.00 0
157220 0.00 0.00 0.00 0
157221 0.00 0.00 0.00 0
157222 0.00 0.00 0.00 0
157223 0.00 0.00 0.00 0
157224 0.00 0.00 0.00 0
157225 0.00 0.00 0.00 0
157226 0.00 0.00 0.00 0
157227 0.00 0.00 0.00 0
157228 0.00 0.00 0.00 0
157229 0.00 0.00 0.00 0
157230 0.00 0.00 0.00 0
157231 0.00 0.00 0.00 0
157232 0.00 0.00 0.00 0
157233 0.00 0.00 0.00 0
157234 0.00 0.00 0.00 0
157235 0.00 0.00 0.00 0
157236 0.00 0.00 0.00 0
157237 0.00 0.00 0.00 0
157238 0.00 0.00 0.00 0
157239 0.00 0.00 0.00 0
157240 0.00 0.00 0.00 0
157241 0.00 0.00 0.00 0
157242 0.00 0.00 0.00 0
157243 0.00 0.00 0.00 0
157244 0.00 0.00 0.00 0
157245 0.00 0.00 0.00 0
157246 0.00 0.00 0.00 0
157247 0.00 0.00 0.00 0
157248 0.00 0.00 0.00 0
157249 0.00 0.00 0.00 0
157250 0.00 0.00 0.00 0
157251 0.00 0.00 0.00 0
157252 0.00 0.00 0.00 0
157253 0.00 0.00 0.00 0
157254 0.00 0.00 0.00 0
157255 0.00 0.00 0.00 0
157256 0.00 0.00 0.00 0
157257 0.00 0.00 0.00 0
157258 0.00 0.00 0.00 0
157259 0.00 0.00 0.00 0
157260 0.00 0.00 0.00 0
157261 0.00 0.00 0.00 0
157262 0.00 0.00 0.00 0
157263 0.00 0.00 0.00 0
157264 0.00 0.00 0.00 0
157265 0.00 0.00 0.00 0
157266 0.00 0.00 0.00 0
157267 0.00 0.00 0.00 0
157268 0.00 0.00 0.00 0
157269 0.00 0.00 0.00 0
157270 0.00 0.00 0.00 0
157271 0.00 0.00 0.00 0
157272 0.00 0.00 0.00 0
157273 0.00 0.00 0.00 0
161899 0.00 0.00 0.00 0
161900 0.00 0.00 0.00 0
161901 0.00 0.00 0.00 0
161904 0.00 0.00 0.00 0
161905 0.00 0.00 0.00 0
