# S_calcarine
3122
7 0.00 0.00 0.00 0
34 0.00 0.00 0.00 0
91 0.00 0.00 0.00 0
138 0.00 0.00 0.00 0
209 0.00 0.00 0.00 0
210 0.00 0.00 0.00 0
211 0.00 0.00 0.00 0
346 0.00 0.00 0.00 0
450 0.00 0.00 0.00 0
570 0.00 0.00 0.00 0
625 0.00 0.00 0.00 0
689 0.00 0.00 0.00 0
690 0.00 0.00 0.00 0
691 0.00 0.00 0.00 0
826 0.00 0.00 0.00 0
827 0.00 0.00 0.00 0
828 0.00 0.00 0.00 0
987 0.00 0.00 0.00 0
988 0.00 0.00 0.00 0
989 0.00 0.00 0.00 0
1396 0.00 0.00 0.00 0
1397 0.00 0.00 0.00 0
1398 0.00 0.00 0.00 0
1527 0.00 0.00 0.00 0
1528 0.00 0.00 0.00 0
1529 0.00 0.00 0.00 0
1530 0.00 0.00 0.00 0
1531 0.00 0.00 0.00 0
1774 0.00 0.00 0.00 0
1775 0.00 0.00 0.00 0
1776 0.00 0.00 0.00 0
1990 0.00 0.00 0.00 0
2006 0.00 0.00 0.00 0
2007 0.00 0.00 0.00 0
2008 0.00 0.00 0.00 0
2009 0.00 0.00 0.00 0
2346 0.00 0.00 0.00 0
2348 0.00 0.00 0.00 0
2349 0.00 0.00 0.00 0
2352 0.00 0.00 0.00 0
2353 0.00 0.00 0.00 0
2426 0.00 0.00 0.00 0
2509 0.00 0.00 0.00 0
2510 0.00 0.00 0.00 0
2511 0.00 0.00 0.00 0
2512 0.00 0.00 0.00 0
2609 0.00 0.00 0.00 0
2610 0.00 0.00 0.00 0
2611 0.00 0.00 0.00 0
2746 0.00 0.00 0.00 0
2747 0.00 0.00 0.00 0
2748 0.00 0.00 0.00 0
2907 0.00 0.00 0.00 0
2908 0.00 0.00 0.00 0
2909 0.00 0.00 0.00 0
2910 0.00 0.00 0.00 0
3316 0.00 0.00 0.00 0
3317 0.00 0.00 0.00 0
3318 0.00 0.00 0.00 0
3504 0.00 0.00 0.00 0
3505 0.00 0.00 0.00 0
3506 0.00 0.00 0.00 0
3507 0.00 0.00 0.00 0
3508 0.00 0.00 0.00 0
3509 0.00 0.00 0.00 0
3510 0.00 0.00 0.00 0
3511 0.00 0.00 0.00 0
3916 0.00 0.00 0.00 0
3917 0.00 0.00 0.00 0
3918 0.00 0.00 0.00 0
3919 0.00 0.00 0.00 0
3920 0.00 0.00 0.00 0
3947 0.00 0.00 0.00 0
4367 0.00 0.00 0.00 0
4397 0.00 0.00 0.00 0
4398 0.00 0.00 0.00 0
4399 0.00 0.00 0.00 0
4400 0.00 0.00 0.00 0
4401 0.00 0.00 0.00 0
4402 0.00 0.00 0.00 0
4403 0.00 0.00 0.00 0
4404 0.00 0.00 0.00 0
4405 0.00 0.00 0.00 0
4406 0.00 0.00 0.00 0
5224 0.00 0.00 0.00 0
5225 0.00 0.00 0.00 0
5226 0.00 0.00 0.00 0
5233 0.00 0.00 0.00 0
5234 0.00 0.00 0.00 0
5235 0.00 0.00 0.00 0
5420 0.00 0.00 0.00 0
5626 0.00 0.00 0.00 0
5627 0.00 0.00 0.00 0
5628 0.00 0.00 0.00 0
5629 0.00 0.00 0.00 0
5630 0.00 0.00 0.00 0
5631 0.00 0.00 0.00 0
5632 0.00 0.00 0.00 0
5633 0.00 0.00 0.00 0
5634 0.00 0.00 0.00 0
5635 0.00 0.00 0.00 0
5847 0.00 0.00 0.00 0
5848 0.00 0.00 0.00 0
5849 0.00 0.00 0.00 0
5850 0.00 0.00 0.00 0
5851 0.00 0.00 0.00 0
6094 0.00 0.00 0.00 0
6095 0.00 0.00 0.00 0
6096 0.00 0.00 0.00 0
6097 0.00 0.00 0.00 0
6383 0.00 0.00 0.00 0
6384 0.00 0.00 0.00 0
6385 0.00 0.00 0.00 0
6386 0.00 0.00 0.00 0
6387 0.00 0.00 0.00 0
6388 0.00 0.00 0.00 0
6389 0.00 0.00 0.00 0
7120 0.00 0.00 0.00 0
7121 0.00 0.00 0.00 0
7122 0.00 0.00 0.00 0
7123 0.00 0.00 0.00 0
7124 0.00 0.00 0.00 0
7403 0.00 0.00 0.00 0
7404 0.00 0.00 0.00 0
7405 0.00 0.00 0.00 0
7406 0.00 0.00 0.00 0
7407 0.00 0.00 0.00 0
7408 0.00 0.00 0.00 0
7409 0.00 0.00 0.00 0
7410 0.00 0.00 0.00 0
7411 0.00 0.00 0.00 0
7978 0.00 0.00 0.00 0
7979 0.00 0.00 0.00 0
7980 0.00 0.00 0.00 0
7981 0.00 0.00 0.00 0
7982 0.00 0.00 0.00 0
7983 0.00 0.00 0.00 0
7984 0.00 0.00 0.00 0
8554 0.00 0.00 0.00 0
8555 0.00 0.00 0.00 0
8556 0.00 0.00 0.00 0
8594 0.00 0.00 0.00 0
8595 0.00 0.00 0.00 0
8596 0.00 0.00 0.00 0
8597 0.00 0.00 0.00 0
8598 0.00 0.00 0.00 0
8599 0.00 0.00 0.00 0
8603 0.00 0.00 0.00 0
8604 0.00 0.00 0.00 0
8606 0.00 0.00 0.00 0
9593 0.00 0.00 0.00 0
9594 0.00 0.00 0.00 0
9595 0.00 0.00 0.00 0
9596 0.00 0.00 0.00 0
9597 0.00 0.00 0.00 0
9600 0.00 0.00 0.00 0
9601 0.00 0.00 0.00 0
9602 0.00 0.00 0.00 0
9603 0.00 0.00 0.00 0
9610 0.00 0.00 0.00 0
9611 0.00 0.00 0.00 0
9612 0.00 0.00 0.00 0
9613 0.00 0.00 0.00 0
9614 0.00 0.00 0.00 0
9615 0.00 0.00 0.00 0
9617 0.00 0.00 0.00 0
9618 0.00 0.00 0.00 0
9619 0.00 0.00 0.00 0
9620 0.00 0.00 0.00 0
9621 0.00 0.00 0.00 0
9648 0.00 0.00 0.00 0
9649 0.00 0.00 0.00 0
9755 0.00 0.00 0.00 0
9830 0.00 0.00 0.00 0
9831 0.00 0.00 0.00 0
9833 0.00 0.00 0.00 0
9834 0.00 0.00 0.00 0
9835 0.00 0.00 0.00 0
9836 0.00 0.00 0.00 0
10081 0.00 0.00 0.00 0
10082 0.00 0.00 0.00 0
10083 0.00 0.00 0.00 0
10084 0.00 0.00 0.00 0
10085 0.00 0.00 0.00 0
10086 0.00 0.00 0.00 0
10087 0.00 0.00 0.00 0
10088 0.00 0.00 0.00 0
10089 0.00 0.00 0.00 0
10090 0.00 0.00 0.00 0
10091 0.00 0.00 0.00 0
10092 0.00 0.00 0.00 0
10095 0.00 0.00 0.00 0
10096 0.00 0.00 0.00 0
10108 0.00 0.00 0.00 0
10289 0.00 0.00 0.00 0
10290 0.00 0.00 0.00 0
10291 0.00 0.00 0.00 0
10426 0.00 0.00 0.00 0
10427 0.00 0.00 0.00 0
10428 0.00 0.00 0.00 0
10587 0.00 0.00 0.00 0
10588 0.00 0.00 0.00 0
10589 0.00 0.00 0.00 0
10590 0.00 0.00 0.00 0
10591 0.00 0.00 0.00 0
10996 0.00 0.00 0.00 0
10997 0.00 0.00 0.00 0
10998 0.00 0.00 0.00 0
11184 0.00 0.00 0.00 0
11185 0.00 0.00 0.00 0
11186 0.00 0.00 0.00 0
11187 0.00 0.00 0.00 0
11188 0.00 0.00 0.00 0
11189 0.00 0.00 0.00 0
11190 0.00 0.00 0.00 0
11191 0.00 0.00 0.00 0
11596 0.00 0.00 0.00 0
11597 0.00 0.00 0.00 0
11598 0.00 0.00 0.00 0
12077 0.00 0.00 0.00 0
12078 0.00 0.00 0.00 0
12079 0.00 0.00 0.00 0
12080 0.00 0.00 0.00 0
12081 0.00 0.00 0.00 0
12082 0.00 0.00 0.00 0
12083 0.00 0.00 0.00 0
12084 0.00 0.00 0.00 0
12085 0.00 0.00 0.00 0
12086 0.00 0.00 0.00 0
12905 0.00 0.00 0.00 0
12915 0.00 0.00 0.00 0
13306 0.00 0.00 0.00 0
13307 0.00 0.00 0.00 0
13308 0.00 0.00 0.00 0
13309 0.00 0.00 0.00 0
13310 0.00 0.00 0.00 0
13311 0.00 0.00 0.00 0
13312 0.00 0.00 0.00 0
13313 0.00 0.00 0.00 0
13584 0.00 0.00 0.00 0
13585 0.00 0.00 0.00 0
13586 0.00 0.00 0.00 0
13587 0.00 0.00 0.00 0
13588 0.00 0.00 0.00 0
13589 0.00 0.00 0.00 0
13590 0.00 0.00 0.00 0
13591 0.00 0.00 0.00 0
13996 0.00 0.00 0.00 0
13997 0.00 0.00 0.00 0
13998 0.00 0.00 0.00 0
13999 0.00 0.00 0.00 0
14000 0.00 0.00 0.00 0
14001 0.00 0.00 0.00 0
14002 0.00 0.00 0.00 0
14003 0.00 0.00 0.00 0
14477 0.00 0.00 0.00 0
14478 0.00 0.00 0.00 0
14479 0.00 0.00 0.00 0
14480 0.00 0.00 0.00 0
14481 0.00 0.00 0.00 0
14482 0.00 0.00 0.00 0
14483 0.00 0.00 0.00 0
14484 0.00 0.00 0.00 0
14485 0.00 0.00 0.00 0
14486 0.00 0.00 0.00 0
15706 0.00 0.00 0.00 0
15707 0.00 0.00 0.00 0
15708 0.00 0.00 0.00 0
15709 0.00 0.00 0.00 0
15710 0.00 0.00 0.00 0
15711 0.00 0.00 0.00 0
15712 0.00 0.00 0.00 0
15713 0.00 0.00 0.00 0
16270 0.00 0.00 0.00 0
16271 0.00 0.00 0.00 0
16272 0.00 0.00 0.00 0
16273 0.00 0.00 0.00 0
16274 0.00 0.00 0.00 0
16275 0.00 0.00 0.00 0
16276 0.00 0.00 0.00 0
16277 0.00 0.00 0.00 0
16278 0.00 0.00 0.00 0
16279 0.00 0.00 0.00 0
16280 0.00 0.00 0.00 0
16281 0.00 0.00 0.00 0
16282 0.00 0.00 0.00 0
16283 0.00 0.00 0.00 0
16284 0.00 0.00 0.00 0
16285 0.00 0.00 0.00 0
16286 0.00 0.00 0.00 0
16287 0.00 0.00 0.00 0
16288 0.00 0.00 0.00 0
16289 0.00 0.00 0.00 0
16290 0.00 0.00 0.00 0
16291 0.00 0.00 0.00 0
17506 0.00 0.00 0.00 0
17507 0.00 0.00 0.00 0
17508 0.00 0.00 0.00 0
17509 0.00 0.00 0.00 0
17510 0.00 0.00 0.00 0
17511 0.00 0.00 0.00 0
17512 0.00 0.00 0.00 0
17513 0.00 0.00 0.00 0
17514 0.00 0.00 0.00 0
17515 0.00 0.00 0.00 0
17516 0.00 0.00 0.00 0
17517 0.00 0.00 0.00 0
17518 0.00 0.00 0.00 0
17519 0.00 0.00 0.00 0
18856 0.00 0.00 0.00 0
18857 0.00 0.00 0.00 0
18858 0.00 0.00 0.00 0
18947 0.00 0.00 0.00 0
18949 0.00 0.00 0.00 0
18950 0.00 0.00 0.00 0
18951 0.00 0.00 0.00 0
18952 0.00 0.00 0.00 0
18953 0.00 0.00 0.00 0
18954 0.00 0.00 0.00 0
18955 0.00 0.00 0.00 0
18956 0.00 0.00 0.00 0
18957 0.00 0.00 0.00 0
18958 0.00 0.00 0.00 0
18959 0.00 0.00 0.00 0
18960 0.00 0.00 0.00 0
18961 0.00 0.00 0.00 0
18962 0.00 0.00 0.00 0
18963 0.00 0.00 0.00 0
18964 0.00 0.00 0.00 0
18965 0.00 0.00 0.00 0
18971 0.00 0.00 0.00 0
18972 0.00 0.00 0.00 0
18973 0.00 0.00 0.00 0
18974 0.00 0.00 0.00 0
18975 0.00 0.00 0.00 0
18976 0.00 0.00 0.00 0
18977 0.00 0.00 0.00 0
18978 0.00 0.00 0.00 0
18979 0.00 0.00 0.00 0
21420 0.00 0.00 0.00 0
21423 0.00 0.00 0.00 0
21424 0.00 0.00 0.00 0
21425 0.00 0.00 0.00 0
21426 0.00 0.00 0.00 0
21430 0.00 0.00 0.00 0
21432 0.00 0.00 0.00 0
21433 0.00 0.00 0.00 0
21434 0.00 0.00 0.00 0
21435 0.00 0.00 0.00 0
21436 0.00 0.00 0.00 0
21437 0.00 0.00 0.00 0
21438 0.00 0.00 0.00 0
21439 0.00 0.00 0.00 0
21440 0.00 0.00 0.00 0
21441 0.00 0.00 0.00 0
21458 0.00 0.00 0.00 0
21459 0.00 0.00 0.00 0
21460 0.00 0.00 0.00 0
21461 0.00 0.00 0.00 0
21462 0.00 0.00 0.00 0
21463 0.00 0.00 0.00 0
21464 0.00 0.00 0.00 0
21465 0.00 0.00 0.00 0
21466 0.00 0.00 0.00 0
21467 0.00 0.00 0.00 0
21468 0.00 0.00 0.00 0
21469 0.00 0.00 0.00 0
21470 0.00 0.00 0.00 0
21471 0.00 0.00 0.00 0
21478 0.00 0.00 0.00 0
21479 0.00 0.00 0.00 0
21480 0.00 0.00 0.00 0
21481 0.00 0.00 0.00 0
21485 0.00 0.00 0.00 0
21486 0.00 0.00 0.00 0
21553 0.00 0.00 0.00 0
21554 0.00 0.00 0.00 0
21555 0.00 0.00 0.00 0
21556 0.00 0.00 0.00 0
22009 0.00 0.00 0.00 0
22010 0.00 0.00 0.00 0
22011 0.00 0.00 0.00 0
22015 0.00 0.00 0.00 0
22016 0.00 0.00 0.00 0
22017 0.00 0.00 0.00 0
22018 0.00 0.00 0.00 0
22019 0.00 0.00 0.00 0
22020 0.00 0.00 0.00 0
22021 0.00 0.00 0.00 0
22022 0.00 0.00 0.00 0
22023 0.00 0.00 0.00 0
22024 0.00 0.00 0.00 0
22025 0.00 0.00 0.00 0
22026 0.00 0.00 0.00 0
22636 0.00 0.00 0.00 0
22637 0.00 0.00 0.00 0
22638 0.00 0.00 0.00 0
22639 0.00 0.00 0.00 0
22640 0.00 0.00 0.00 0
22641 0.00 0.00 0.00 0
22642 0.00 0.00 0.00 0
22643 0.00 0.00 0.00 0
22644 0.00 0.00 0.00 0
22645 0.00 0.00 0.00 0
22646 0.00 0.00 0.00 0
22647 0.00 0.00 0.00 0
22648 0.00 0.00 0.00 0
22649 0.00 0.00 0.00 0
22650 0.00 0.00 0.00 0
22651 0.00 0.00 0.00 0
22652 0.00 0.00 0.00 0
22653 0.00 0.00 0.00 0
22654 0.00 0.00 0.00 0
22655 0.00 0.00 0.00 0
22656 0.00 0.00 0.00 0
22657 0.00 0.00 0.00 0
22658 0.00 0.00 0.00 0
22659 0.00 0.00 0.00 0
22660 0.00 0.00 0.00 0
22661 0.00 0.00 0.00 0
22662 0.00 0.00 0.00 0
22663 0.00 0.00 0.00 0
22664 0.00 0.00 0.00 0
22665 0.00 0.00 0.00 0
22666 0.00 0.00 0.00 0
22673 0.00 0.00 0.00 0
22674 0.00 0.00 0.00 0
22675 0.00 0.00 0.00 0
22704 0.00 0.00 0.00 0
22705 0.00 0.00 0.00 0
23127 0.00 0.00 0.00 0
23128 0.00 0.00 0.00 0
23129 0.00 0.00 0.00 0
23130 0.00 0.00 0.00 0
23131 0.00 0.00 0.00 0
23374 0.00 0.00 0.00 0
23375 0.00 0.00 0.00 0
23376 0.00 0.00 0.00 0
23377 0.00 0.00 0.00 0
23378 0.00 0.00 0.00 0
23663 0.00 0.00 0.00 0
23664 0.00 0.00 0.00 0
23665 0.00 0.00 0.00 0
23666 0.00 0.00 0.00 0
23667 0.00 0.00 0.00 0
23668 0.00 0.00 0.00 0
23669 0.00 0.00 0.00 0
23670 0.00 0.00 0.00 0
24400 0.00 0.00 0.00 0
24401 0.00 0.00 0.00 0
24402 0.00 0.00 0.00 0
24403 0.00 0.00 0.00 0
24404 0.00 0.00 0.00 0
24738 0.00 0.00 0.00 0
24739 0.00 0.00 0.00 0
24740 0.00 0.00 0.00 0
24741 0.00 0.00 0.00 0
24742 0.00 0.00 0.00 0
24743 0.00 0.00 0.00 0
24744 0.00 0.00 0.00 0
24745 0.00 0.00 0.00 0
24746 0.00 0.00 0.00 0
24747 0.00 0.00 0.00 0
24748 0.00 0.00 0.00 0
24749 0.00 0.00 0.00 0
24750 0.00 0.00 0.00 0
24751 0.00 0.00 0.00 0
25480 0.00 0.00 0.00 0
25481 0.00 0.00 0.00 0
25482 0.00 0.00 0.00 0
25483 0.00 0.00 0.00 0
25484 0.00 0.00 0.00 0
25485 0.00 0.00 0.00 0
25486 0.00 0.00 0.00 0
25487 0.00 0.00 0.00 0
25535 0.00 0.00 0.00 0
26290 0.00 0.00 0.00 0
26291 0.00 0.00 0.00 0
26345 0.00 0.00 0.00 0
26346 0.00 0.00 0.00 0
26347 0.00 0.00 0.00 0
26348 0.00 0.00 0.00 0
26349 0.00 0.00 0.00 0
26350 0.00 0.00 0.00 0
26351 0.00 0.00 0.00 0
26352 0.00 0.00 0.00 0
26353 0.00 0.00 0.00 0
26354 0.00 0.00 0.00 0
26355 0.00 0.00 0.00 0
26356 0.00 0.00 0.00 0
26357 0.00 0.00 0.00 0
26358 0.00 0.00 0.00 0
26359 0.00 0.00 0.00 0
26360 0.00 0.00 0.00 0
26361 0.00 0.00 0.00 0
26362 0.00 0.00 0.00 0
27836 0.00 0.00 0.00 0
27837 0.00 0.00 0.00 0
27838 0.00 0.00 0.00 0
27839 0.00 0.00 0.00 0
27840 0.00 0.00 0.00 0
27851 0.00 0.00 0.00 0
27852 0.00 0.00 0.00 0
27853 0.00 0.00 0.00 0
27854 0.00 0.00 0.00 0
27855 0.00 0.00 0.00 0
27856 0.00 0.00 0.00 0
27857 0.00 0.00 0.00 0
27858 0.00 0.00 0.00 0
28187 0.00 0.00 0.00 0
28188 0.00 0.00 0.00 0
28189 0.00 0.00 0.00 0
28190 0.00 0.00 0.00 0
28558 0.00 0.00 0.00 0
28559 0.00 0.00 0.00 0
28560 0.00 0.00 0.00 0
28561 0.00 0.00 0.00 0
28562 0.00 0.00 0.00 0
28563 0.00 0.00 0.00 0
28564 0.00 0.00 0.00 0
28565 0.00 0.00 0.00 0
28566 0.00 0.00 0.00 0
28567 0.00 0.00 0.00 0
28568 0.00 0.00 0.00 0
28569 0.00 0.00 0.00 0
28570 0.00 0.00 0.00 0
28571 0.00 0.00 0.00 0
28572 0.00 0.00 0.00 0
28573 0.00 0.00 0.00 0
28574 0.00 0.00 0.00 0
28575 0.00 0.00 0.00 0
29001 0.00 0.00 0.00 0
29002 0.00 0.00 0.00 0
29003 0.00 0.00 0.00 0
29004 0.00 0.00 0.00 0
29005 0.00 0.00 0.00 0
29006 0.00 0.00 0.00 0
29007 0.00 0.00 0.00 0
29008 0.00 0.00 0.00 0
29009 0.00 0.00 0.00 0
29010 0.00 0.00 0.00 0
29011 0.00 0.00 0.00 0
29578 0.00 0.00 0.00 0
29579 0.00 0.00 0.00 0
29580 0.00 0.00 0.00 0
29581 0.00 0.00 0.00 0
29582 0.00 0.00 0.00 0
29583 0.00 0.00 0.00 0
29584 0.00 0.00 0.00 0
29585 0.00 0.00 0.00 0
29586 0.00 0.00 0.00 0
29587 0.00 0.00 0.00 0
30251 0.00 0.00 0.00 0
30252 0.00 0.00 0.00 0
30253 0.00 0.00 0.00 0
30254 0.00 0.00 0.00 0
30255 0.00 0.00 0.00 0
30256 0.00 0.00 0.00 0
30257 0.00 0.00 0.00 0
30258 0.00 0.00 0.00 0
30259 0.00 0.00 0.00 0
30260 0.00 0.00 0.00 0
30261 0.00 0.00 0.00 0
30262 0.00 0.00 0.00 0
30263 0.00 0.00 0.00 0
30264 0.00 0.00 0.00 0
30265 0.00 0.00 0.00 0
30266 0.00 0.00 0.00 0
31972 0.00 0.00 0.00 0
31973 0.00 0.00 0.00 0
31974 0.00 0.00 0.00 0
31975 0.00 0.00 0.00 0
31976 0.00 0.00 0.00 0
31977 0.00 0.00 0.00 0
31978 0.00 0.00 0.00 0
31979 0.00 0.00 0.00 0
31980 0.00 0.00 0.00 0
31981 0.00 0.00 0.00 0
31982 0.00 0.00 0.00 0
32706 0.00 0.00 0.00 0
32707 0.00 0.00 0.00 0
32708 0.00 0.00 0.00 0
32709 0.00 0.00 0.00 0
32710 0.00 0.00 0.00 0
32711 0.00 0.00 0.00 0
32712 0.00 0.00 0.00 0
32713 0.00 0.00 0.00 0
32714 0.00 0.00 0.00 0
32715 0.00 0.00 0.00 0
32716 0.00 0.00 0.00 0
32717 0.00 0.00 0.00 0
32718 0.00 0.00 0.00 0
32719 0.00 0.00 0.00 0
32720 0.00 0.00 0.00 0
32721 0.00 0.00 0.00 0
32722 0.00 0.00 0.00 0
32723 0.00 0.00 0.00 0
32724 0.00 0.00 0.00 0
32725 0.00 0.00 0.00 0
32726 0.00 0.00 0.00 0
32727 0.00 0.00 0.00 0
32728 0.00 0.00 0.00 0
32729 0.00 0.00 0.00 0
32730 0.00 0.00 0.00 0
32731 0.00 0.00 0.00 0
34270 0.00 0.00 0.00 0
34271 0.00 0.00 0.00 0
34272 0.00 0.00 0.00 0
34273 0.00 0.00 0.00 0
34274 0.00 0.00 0.00 0
34275 0.00 0.00 0.00 0
34276 0.00 0.00 0.00 0
34277 0.00 0.00 0.00 0
34278 0.00 0.00 0.00 0
34279 0.00 0.00 0.00 0
34281 0.00 0.00 0.00 0
34282 0.00 0.00 0.00 0
34283 0.00 0.00 0.00 0
34284 0.00 0.00 0.00 0
34285 0.00 0.00 0.00 0
34286 0.00 0.00 0.00 0
34287 0.00 0.00 0.00 0
35926 0.00 0.00 0.00 0
35927 0.00 0.00 0.00 0
35928 0.00 0.00 0.00 0
35929 0.00 0.00 0.00 0
35930 0.00 0.00 0.00 0
35931 0.00 0.00 0.00 0
36041 0.00 0.00 0.00 0
36042 0.00 0.00 0.00 0
36047 0.00 0.00 0.00 0
36048 0.00 0.00 0.00 0
36049 0.00 0.00 0.00 0
36050 0.00 0.00 0.00 0
36051 0.00 0.00 0.00 0
36052 0.00 0.00 0.00 0
36053 0.00 0.00 0.00 0
36054 0.00 0.00 0.00 0
36059 0.00 0.00 0.00 0
36068 0.00 0.00 0.00 0
36069 0.00 0.00 0.00 0
36070 0.00 0.00 0.00 0
36071 0.00 0.00 0.00 0
36072 0.00 0.00 0.00 0
36074 0.00 0.00 0.00 0
36075 0.00 0.00 0.00 0
36076 0.00 0.00 0.00 0
36078 0.00 0.00 0.00 0
36079 0.00 0.00 0.00 0
39017 0.00 0.00 0.00 0
39018 0.00 0.00 0.00 0
39019 0.00 0.00 0.00 0
39020 0.00 0.00 0.00 0
39021 0.00 0.00 0.00 0
39023 0.00 0.00 0.00 0
39024 0.00 0.00 0.00 0
39025 0.00 0.00 0.00 0
39026 0.00 0.00 0.00 0
39027 0.00 0.00 0.00 0
39034 0.00 0.00 0.00 0
39035 0.00 0.00 0.00 0
39036 0.00 0.00 0.00 0
39037 0.00 0.00 0.00 0
39038 0.00 0.00 0.00 0
39039 0.00 0.00 0.00 0
39040 0.00 0.00 0.00 0
39041 0.00 0.00 0.00 0
39042 0.00 0.00 0.00 0
39043 0.00 0.00 0.00 0
39044 0.00 0.00 0.00 0
39045 0.00 0.00 0.00 0
39065 0.00 0.00 0.00 0
39066 0.00 0.00 0.00 0
39067 0.00 0.00 0.00 0
39068 0.00 0.00 0.00 0
39069 0.00 0.00 0.00 0
39070 0.00 0.00 0.00 0
39071 0.00 0.00 0.00 0
39072 0.00 0.00 0.00 0
39073 0.00 0.00 0.00 0
39074 0.00 0.00 0.00 0
39075 0.00 0.00 0.00 0
39076 0.00 0.00 0.00 0
39077 0.00 0.00 0.00 0
39078 0.00 0.00 0.00 0
39079 0.00 0.00 0.00 0
39080 0.00 0.00 0.00 0
39081 0.00 0.00 0.00 0
39084 0.00 0.00 0.00 0
39087 0.00 0.00 0.00 0
39088 0.00 0.00 0.00 0
39089 0.00 0.00 0.00 0
39090 0.00 0.00 0.00 0
39091 0.00 0.00 0.00 0
39092 0.00 0.00 0.00 0
39093 0.00 0.00 0.00 0
39095 0.00 0.00 0.00 0
39096 0.00 0.00 0.00 0
39097 0.00 0.00 0.00 0
39098 0.00 0.00 0.00 0
39099 0.00 0.00 0.00 0
39178 0.00 0.00 0.00 0
39179 0.00 0.00 0.00 0
39180 0.00 0.00 0.00 0
39181 0.00 0.00 0.00 0
39182 0.00 0.00 0.00 0
39183 0.00 0.00 0.00 0
39184 0.00 0.00 0.00 0
39185 0.00 0.00 0.00 0
39186 0.00 0.00 0.00 0
39502 0.00 0.00 0.00 0
39503 0.00 0.00 0.00 0
39726 0.00 0.00 0.00 0
39727 0.00 0.00 0.00 0
39728 0.00 0.00 0.00 0
39729 0.00 0.00 0.00 0
39734 0.00 0.00 0.00 0
39735 0.00 0.00 0.00 0
39736 0.00 0.00 0.00 0
39737 0.00 0.00 0.00 0
39738 0.00 0.00 0.00 0
39739 0.00 0.00 0.00 0
39740 0.00 0.00 0.00 0
39741 0.00 0.00 0.00 0
39742 0.00 0.00 0.00 0
39743 0.00 0.00 0.00 0
39744 0.00 0.00 0.00 0
39745 0.00 0.00 0.00 0
39746 0.00 0.00 0.00 0
40477 0.00 0.00 0.00 0
40478 0.00 0.00 0.00 0
40479 0.00 0.00 0.00 0
40480 0.00 0.00 0.00 0
40481 0.00 0.00 0.00 0
40482 0.00 0.00 0.00 0
40483 0.00 0.00 0.00 0
40484 0.00 0.00 0.00 0
40485 0.00 0.00 0.00 0
40486 0.00 0.00 0.00 0
40487 0.00 0.00 0.00 0
40488 0.00 0.00 0.00 0
40489 0.00 0.00 0.00 0
40490 0.00 0.00 0.00 0
40491 0.00 0.00 0.00 0
40492 0.00 0.00 0.00 0
40493 0.00 0.00 0.00 0
40494 0.00 0.00 0.00 0
40495 0.00 0.00 0.00 0
40496 0.00 0.00 0.00 0
40497 0.00 0.00 0.00 0
40498 0.00 0.00 0.00 0
40499 0.00 0.00 0.00 0
40500 0.00 0.00 0.00 0
40501 0.00 0.00 0.00 0
40502 0.00 0.00 0.00 0
40503 0.00 0.00 0.00 0
40504 0.00 0.00 0.00 0
40505 0.00 0.00 0.00 0
40506 0.00 0.00 0.00 0
40507 0.00 0.00 0.00 0
40508 0.00 0.00 0.00 0
40509 0.00 0.00 0.00 0
40510 0.00 0.00 0.00 0
40511 0.00 0.00 0.00 0
40512 0.00 0.00 0.00 0
40518 0.00 0.00 0.00 0
40519 0.00 0.00 0.00 0
40520 0.00 0.00 0.00 0
40521 0.00 0.00 0.00 0
40522 0.00 0.00 0.00 0
40523 0.00 0.00 0.00 0
40524 0.00 0.00 0.00 0
40526 0.00 0.00 0.00 0
40527 0.00 0.00 0.00 0
40528 0.00 0.00 0.00 0
40529 0.00 0.00 0.00 0
40530 0.00 0.00 0.00 0
40558 0.00 0.00 0.00 0
40559 0.00 0.00 0.00 0
40560 0.00 0.00 0.00 0
40563 0.00 0.00 0.00 0
41009 0.00 0.00 0.00 0
41010 0.00 0.00 0.00 0
41011 0.00 0.00 0.00 0
41146 0.00 0.00 0.00 0
41147 0.00 0.00 0.00 0
41148 0.00 0.00 0.00 0
41307 0.00 0.00 0.00 0
41308 0.00 0.00 0.00 0
41309 0.00 0.00 0.00 0
41310 0.00 0.00 0.00 0
41311 0.00 0.00 0.00 0
41716 0.00 0.00 0.00 0
41717 0.00 0.00 0.00 0
41718 0.00 0.00 0.00 0
41904 0.00 0.00 0.00 0
41905 0.00 0.00 0.00 0
41906 0.00 0.00 0.00 0
41907 0.00 0.00 0.00 0
41908 0.00 0.00 0.00 0
41909 0.00 0.00 0.00 0
41910 0.00 0.00 0.00 0
41911 0.00 0.00 0.00 0
42316 0.00 0.00 0.00 0
42317 0.00 0.00 0.00 0
42318 0.00 0.00 0.00 0
42797 0.00 0.00 0.00 0
42798 0.00 0.00 0.00 0
42799 0.00 0.00 0.00 0
42800 0.00 0.00 0.00 0
42801 0.00 0.00 0.00 0
42802 0.00 0.00 0.00 0
42803 0.00 0.00 0.00 0
42804 0.00 0.00 0.00 0
42805 0.00 0.00 0.00 0
42806 0.00 0.00 0.00 0
44026 0.00 0.00 0.00 0
44027 0.00 0.00 0.00 0
44028 0.00 0.00 0.00 0
44029 0.00 0.00 0.00 0
44030 0.00 0.00 0.00 0
44031 0.00 0.00 0.00 0
44032 0.00 0.00 0.00 0
44033 0.00 0.00 0.00 0
44304 0.00 0.00 0.00 0
44305 0.00 0.00 0.00 0
44306 0.00 0.00 0.00 0
44307 0.00 0.00 0.00 0
44308 0.00 0.00 0.00 0
44309 0.00 0.00 0.00 0
44310 0.00 0.00 0.00 0
44311 0.00 0.00 0.00 0
44716 0.00 0.00 0.00 0
44717 0.00 0.00 0.00 0
44718 0.00 0.00 0.00 0
44719 0.00 0.00 0.00 0
44720 0.00 0.00 0.00 0
44721 0.00 0.00 0.00 0
44722 0.00 0.00 0.00 0
44723 0.00 0.00 0.00 0
45197 0.00 0.00 0.00 0
45198 0.00 0.00 0.00 0
45199 0.00 0.00 0.00 0
45200 0.00 0.00 0.00 0
45201 0.00 0.00 0.00 0
45202 0.00 0.00 0.00 0
45203 0.00 0.00 0.00 0
45204 0.00 0.00 0.00 0
45205 0.00 0.00 0.00 0
45206 0.00 0.00 0.00 0
46426 0.00 0.00 0.00 0
46427 0.00 0.00 0.00 0
46428 0.00 0.00 0.00 0
46429 0.00 0.00 0.00 0
46430 0.00 0.00 0.00 0
46431 0.00 0.00 0.00 0
46432 0.00 0.00 0.00 0
46433 0.00 0.00 0.00 0
46989 0.00 0.00 0.00 0
46990 0.00 0.00 0.00 0
46991 0.00 0.00 0.00 0
46992 0.00 0.00 0.00 0
46993 0.00 0.00 0.00 0
46994 0.00 0.00 0.00 0
46995 0.00 0.00 0.00 0
46996 0.00 0.00 0.00 0
46997 0.00 0.00 0.00 0
46998 0.00 0.00 0.00 0
46999 0.00 0.00 0.00 0
47000 0.00 0.00 0.00 0
47001 0.00 0.00 0.00 0
47002 0.00 0.00 0.00 0
47003 0.00 0.00 0.00 0
47004 0.00 0.00 0.00 0
47005 0.00 0.00 0.00 0
47006 0.00 0.00 0.00 0
47007 0.00 0.00 0.00 0
47008 0.00 0.00 0.00 0
47009 0.00 0.00 0.00 0
47010 0.00 0.00 0.00 0
47011 0.00 0.00 0.00 0
48226 0.00 0.00 0.00 0
48227 0.00 0.00 0.00 0
48228 0.00 0.00 0.00 0
48229 0.00 0.00 0.00 0
48230 0.00 0.00 0.00 0
48231 0.00 0.00 0.00 0
48232 0.00 0.00 0.00 0
48233 0.00 0.00 0.00 0
48234 0.00 0.00 0.00 0
48235 0.00 0.00 0.00 0
48236 0.00 0.00 0.00 0
48238 0.00 0.00 0.00 0
49576 0.00 0.00 0.00 0
49577 0.00 0.00 0.00 0
49578 0.00 0.00 0.00 0
49667 0.00 0.00 0.00 0
49668 0.00 0.00 0.00 0
49669 0.00 0.00 0.00 0
49670 0.00 0.00 0.00 0
49671 0.00 0.00 0.00 0
49672 0.00 0.00 0.00 0
49673 0.00 0.00 0.00 0
49674 0.00 0.00 0.00 0
49675 0.00 0.00 0.00 0
49676 0.00 0.00 0.00 0
49677 0.00 0.00 0.00 0
49678 0.00 0.00 0.00 0
49679 0.00 0.00 0.00 0
49680 0.00 0.00 0.00 0
49681 0.00 0.00 0.00 0
49682 0.00 0.00 0.00 0
49683 0.00 0.00 0.00 0
49684 0.00 0.00 0.00 0
49685 0.00 0.00 0.00 0
49686 0.00 0.00 0.00 0
49691 0.00 0.00 0.00 0
49692 0.00 0.00 0.00 0
49693 0.00 0.00 0.00 0
49694 0.00 0.00 0.00 0
49695 0.00 0.00 0.00 0
49696 0.00 0.00 0.00 0
49697 0.00 0.00 0.00 0
49698 0.00 0.00 0.00 0
49699 0.00 0.00 0.00 0
52144 0.00 0.00 0.00 0
52145 0.00 0.00 0.00 0
52146 0.00 0.00 0.00 0
52150 0.00 0.00 0.00 0
52151 0.00 0.00 0.00 0
52152 0.00 0.00 0.00 0
52153 0.00 0.00 0.00 0
52154 0.00 0.00 0.00 0
52155 0.00 0.00 0.00 0
52156 0.00 0.00 0.00 0
52157 0.00 0.00 0.00 0
52158 0.00 0.00 0.00 0
52159 0.00 0.00 0.00 0
52160 0.00 0.00 0.00 0
52161 0.00 0.00 0.00 0
52180 0.00 0.00 0.00 0
52181 0.00 0.00 0.00 0
52182 0.00 0.00 0.00 0
52183 0.00 0.00 0.00 0
52184 0.00 0.00 0.00 0
52185 0.00 0.00 0.00 0
52186 0.00 0.00 0.00 0
52187 0.00 0.00 0.00 0
52188 0.00 0.00 0.00 0
52189 0.00 0.00 0.00 0
52190 0.00 0.00 0.00 0
52191 0.00 0.00 0.00 0
52198 0.00 0.00 0.00 0
52200 0.00 0.00 0.00 0
52205 0.00 0.00 0.00 0
52273 0.00 0.00 0.00 0
52274 0.00 0.00 0.00 0
52275 0.00 0.00 0.00 0
52728 0.00 0.00 0.00 0
52729 0.00 0.00 0.00 0
52730 0.00 0.00 0.00 0
52731 0.00 0.00 0.00 0
52735 0.00 0.00 0.00 0
52736 0.00 0.00 0.00 0
52737 0.00 0.00 0.00 0
52738 0.00 0.00 0.00 0
52739 0.00 0.00 0.00 0
52740 0.00 0.00 0.00 0
52741 0.00 0.00 0.00 0
52742 0.00 0.00 0.00 0
52743 0.00 0.00 0.00 0
52744 0.00 0.00 0.00 0
52745 0.00 0.00 0.00 0
52746 0.00 0.00 0.00 0
53356 0.00 0.00 0.00 0
53357 0.00 0.00 0.00 0
53358 0.00 0.00 0.00 0
53359 0.00 0.00 0.00 0
53360 0.00 0.00 0.00 0
53361 0.00 0.00 0.00 0
53362 0.00 0.00 0.00 0
53363 0.00 0.00 0.00 0
53364 0.00 0.00 0.00 0
53365 0.00 0.00 0.00 0
53366 0.00 0.00 0.00 0
53367 0.00 0.00 0.00 0
53368 0.00 0.00 0.00 0
53369 0.00 0.00 0.00 0
53370 0.00 0.00 0.00 0
53371 0.00 0.00 0.00 0
53372 0.00 0.00 0.00 0
53373 0.00 0.00 0.00 0
53374 0.00 0.00 0.00 0
53375 0.00 0.00 0.00 0
53376 0.00 0.00 0.00 0
53377 0.00 0.00 0.00 0
53378 0.00 0.00 0.00 0
53379 0.00 0.00 0.00 0
53380 0.00 0.00 0.00 0
53381 0.00 0.00 0.00 0
53382 0.00 0.00 0.00 0
53383 0.00 0.00 0.00 0
53384 0.00 0.00 0.00 0
53385 0.00 0.00 0.00 0
53386 0.00 0.00 0.00 0
53395 0.00 0.00 0.00 0
53425 0.00 0.00 0.00 0
53904 0.00 0.00 0.00 0
53905 0.00 0.00 0.00 0
53906 0.00 0.00 0.00 0
53907 0.00 0.00 0.00 0
53908 0.00 0.00 0.00 0
53909 0.00 0.00 0.00 0
53910 0.00 0.00 0.00 0
53911 0.00 0.00 0.00 0
54316 0.00 0.00 0.00 0
54317 0.00 0.00 0.00 0
54318 0.00 0.00 0.00 0
54319 0.00 0.00 0.00 0
54320 0.00 0.00 0.00 0
54321 0.00 0.00 0.00 0
54322 0.00 0.00 0.00 0
54323 0.00 0.00 0.00 0
54797 0.00 0.00 0.00 0
54798 0.00 0.00 0.00 0
54799 0.00 0.00 0.00 0
54800 0.00 0.00 0.00 0
54801 0.00 0.00 0.00 0
54802 0.00 0.00 0.00 0
54803 0.00 0.00 0.00 0
54804 0.00 0.00 0.00 0
54805 0.00 0.00 0.00 0
54806 0.00 0.00 0.00 0
54807 0.00 0.00 0.00 0
54808 0.00 0.00 0.00 0
54809 0.00 0.00 0.00 0
56026 0.00 0.00 0.00 0
56027 0.00 0.00 0.00 0
56028 0.00 0.00 0.00 0
56029 0.00 0.00 0.00 0
56030 0.00 0.00 0.00 0
56031 0.00 0.00 0.00 0
56032 0.00 0.00 0.00 0
56033 0.00 0.00 0.00 0
56589 0.00 0.00 0.00 0
56590 0.00 0.00 0.00 0
56591 0.00 0.00 0.00 0
56592 0.00 0.00 0.00 0
56593 0.00 0.00 0.00 0
56594 0.00 0.00 0.00 0
56595 0.00 0.00 0.00 0
56596 0.00 0.00 0.00 0
56597 0.00 0.00 0.00 0
56598 0.00 0.00 0.00 0
56599 0.00 0.00 0.00 0
56600 0.00 0.00 0.00 0
56601 0.00 0.00 0.00 0
56602 0.00 0.00 0.00 0
56603 0.00 0.00 0.00 0
56604 0.00 0.00 0.00 0
56605 0.00 0.00 0.00 0
56606 0.00 0.00 0.00 0
56607 0.00 0.00 0.00 0
56608 0.00 0.00 0.00 0
56609 0.00 0.00 0.00 0
56610 0.00 0.00 0.00 0
56611 0.00 0.00 0.00 0
57826 0.00 0.00 0.00 0
57827 0.00 0.00 0.00 0
57828 0.00 0.00 0.00 0
57829 0.00 0.00 0.00 0
57830 0.00 0.00 0.00 0
57831 0.00 0.00 0.00 0
57832 0.00 0.00 0.00 0
57833 0.00 0.00 0.00 0
57834 0.00 0.00 0.00 0
57835 0.00 0.00 0.00 0
57836 0.00 0.00 0.00 0
57917 0.00 0.00 0.00 0
59267 0.00 0.00 0.00 0
59268 0.00 0.00 0.00 0
59269 0.00 0.00 0.00 0
59270 0.00 0.00 0.00 0
59271 0.00 0.00 0.00 0
59272 0.00 0.00 0.00 0
59273 0.00 0.00 0.00 0
59274 0.00 0.00 0.00 0
59275 0.00 0.00 0.00 0
59276 0.00 0.00 0.00 0
59277 0.00 0.00 0.00 0
59278 0.00 0.00 0.00 0
59279 0.00 0.00 0.00 0
59280 0.00 0.00 0.00 0
59281 0.00 0.00 0.00 0
59282 0.00 0.00 0.00 0
59283 0.00 0.00 0.00 0
59284 0.00 0.00 0.00 0
59285 0.00 0.00 0.00 0
59286 0.00 0.00 0.00 0
59287 0.00 0.00 0.00 0
59288 0.00 0.00 0.00 0
59289 0.00 0.00 0.00 0
59290 0.00 0.00 0.00 0
59291 0.00 0.00 0.00 0
59292 0.00 0.00 0.00 0
59293 0.00 0.00 0.00 0
59294 0.00 0.00 0.00 0
59295 0.00 0.00 0.00 0
59296 0.00 0.00 0.00 0
61753 0.00 0.00 0.00 0
61754 0.00 0.00 0.00 0
61755 0.00 0.00 0.00 0
61756 0.00 0.00 0.00 0
61757 0.00 0.00 0.00 0
61758 0.00 0.00 0.00 0
61759 0.00 0.00 0.00 0
61760 0.00 0.00 0.00 0
61761 0.00 0.00 0.00 0
61780 0.00 0.00 0.00 0
61781 0.00 0.00 0.00 0
61782 0.00 0.00 0.00 0
61783 0.00 0.00 0.00 0
61784 0.00 0.00 0.00 0
61785 0.00 0.00 0.00 0
61786 0.00 0.00 0.00 0
61787 0.00 0.00 0.00 0
61788 0.00 0.00 0.00 0
61789 0.00 0.00 0.00 0
61790 0.00 0.00 0.00 0
62337 0.00 0.00 0.00 0
62338 0.00 0.00 0.00 0
62339 0.00 0.00 0.00 0
62340 0.00 0.00 0.00 0
62956 0.00 0.00 0.00 0
62957 0.00 0.00 0.00 0
62958 0.00 0.00 0.00 0
62959 0.00 0.00 0.00 0
62960 0.00 0.00 0.00 0
62961 0.00 0.00 0.00 0
62962 0.00 0.00 0.00 0
62963 0.00 0.00 0.00 0
62964 0.00 0.00 0.00 0
62965 0.00 0.00 0.00 0
62966 0.00 0.00 0.00 0
62967 0.00 0.00 0.00 0
62968 0.00 0.00 0.00 0
62969 0.00 0.00 0.00 0
62970 0.00 0.00 0.00 0
62971 0.00 0.00 0.00 0
62972 0.00 0.00 0.00 0
62973 0.00 0.00 0.00 0
62974 0.00 0.00 0.00 0
62975 0.00 0.00 0.00 0
62976 0.00 0.00 0.00 0
62977 0.00 0.00 0.00 0
62978 0.00 0.00 0.00 0
62979 0.00 0.00 0.00 0
62980 0.00 0.00 0.00 0
62981 0.00 0.00 0.00 0
63789 0.00 0.00 0.00 0
63790 0.00 0.00 0.00 0
63791 0.00 0.00 0.00 0
63792 0.00 0.00 0.00 0
63793 0.00 0.00 0.00 0
63794 0.00 0.00 0.00 0
63795 0.00 0.00 0.00 0
63796 0.00 0.00 0.00 0
63797 0.00 0.00 0.00 0
63798 0.00 0.00 0.00 0
63799 0.00 0.00 0.00 0
63800 0.00 0.00 0.00 0
63801 0.00 0.00 0.00 0
63802 0.00 0.00 0.00 0
63803 0.00 0.00 0.00 0
63804 0.00 0.00 0.00 0
63805 0.00 0.00 0.00 0
63806 0.00 0.00 0.00 0
63807 0.00 0.00 0.00 0
63808 0.00 0.00 0.00 0
63809 0.00 0.00 0.00 0
63810 0.00 0.00 0.00 0
63811 0.00 0.00 0.00 0
65026 0.00 0.00 0.00 0
65027 0.00 0.00 0.00 0
65028 0.00 0.00 0.00 0
65029 0.00 0.00 0.00 0
65030 0.00 0.00 0.00 0
65031 0.00 0.00 0.00 0
65032 0.00 0.00 0.00 0
65033 0.00 0.00 0.00 0
65034 0.00 0.00 0.00 0
65035 0.00 0.00 0.00 0
65036 0.00 0.00 0.00 0
65037 0.00 0.00 0.00 0
65038 0.00 0.00 0.00 0
65039 0.00 0.00 0.00 0
65040 0.00 0.00 0.00 0
65041 0.00 0.00 0.00 0
65042 0.00 0.00 0.00 0
65043 0.00 0.00 0.00 0
65044 0.00 0.00 0.00 0
65045 0.00 0.00 0.00 0
65046 0.00 0.00 0.00 0
66467 0.00 0.00 0.00 0
66468 0.00 0.00 0.00 0
66469 0.00 0.00 0.00 0
66470 0.00 0.00 0.00 0
66471 0.00 0.00 0.00 0
66472 0.00 0.00 0.00 0
66473 0.00 0.00 0.00 0
66474 0.00 0.00 0.00 0
66475 0.00 0.00 0.00 0
66476 0.00 0.00 0.00 0
66477 0.00 0.00 0.00 0
66478 0.00 0.00 0.00 0
66479 0.00 0.00 0.00 0
66480 0.00 0.00 0.00 0
66481 0.00 0.00 0.00 0
66482 0.00 0.00 0.00 0
66483 0.00 0.00 0.00 0
66484 0.00 0.00 0.00 0
66485 0.00 0.00 0.00 0
66486 0.00 0.00 0.00 0
66487 0.00 0.00 0.00 0
66488 0.00 0.00 0.00 0
66489 0.00 0.00 0.00 0
66490 0.00 0.00 0.00 0
66491 0.00 0.00 0.00 0
66492 0.00 0.00 0.00 0
66493 0.00 0.00 0.00 0
66494 0.00 0.00 0.00 0
66495 0.00 0.00 0.00 0
66496 0.00 0.00 0.00 0
66497 0.00 0.00 0.00 0
66498 0.00 0.00 0.00 0
66499 0.00 0.00 0.00 0
70156 0.00 0.00 0.00 0
70157 0.00 0.00 0.00 0
70158 0.00 0.00 0.00 0
70159 0.00 0.00 0.00 0
70160 0.00 0.00 0.00 0
70161 0.00 0.00 0.00 0
70162 0.00 0.00 0.00 0
70163 0.00 0.00 0.00 0
70164 0.00 0.00 0.00 0
70165 0.00 0.00 0.00 0
70166 0.00 0.00 0.00 0
70167 0.00 0.00 0.00 0
70168 0.00 0.00 0.00 0
70169 0.00 0.00 0.00 0
70170 0.00 0.00 0.00 0
70171 0.00 0.00 0.00 0
70172 0.00 0.00 0.00 0
70173 0.00 0.00 0.00 0
70174 0.00 0.00 0.00 0
70175 0.00 0.00 0.00 0
70176 0.00 0.00 0.00 0
70177 0.00 0.00 0.00 0
70178 0.00 0.00 0.00 0
71847 0.00 0.00 0.00 0
71848 0.00 0.00 0.00 0
71849 0.00 0.00 0.00 0
71850 0.00 0.00 0.00 0
71851 0.00 0.00 0.00 0
71852 0.00 0.00 0.00 0
71853 0.00 0.00 0.00 0
71854 0.00 0.00 0.00 0
71855 0.00 0.00 0.00 0
71856 0.00 0.00 0.00 0
71857 0.00 0.00 0.00 0
71858 0.00 0.00 0.00 0
71859 0.00 0.00 0.00 0
71860 0.00 0.00 0.00 0
71861 0.00 0.00 0.00 0
71862 0.00 0.00 0.00 0
71863 0.00 0.00 0.00 0
71864 0.00 0.00 0.00 0
71865 0.00 0.00 0.00 0
71866 0.00 0.00 0.00 0
71867 0.00 0.00 0.00 0
71868 0.00 0.00 0.00 0
71869 0.00 0.00 0.00 0
71870 0.00 0.00 0.00 0
71871 0.00 0.00 0.00 0
71872 0.00 0.00 0.00 0
71873 0.00 0.00 0.00 0
71874 0.00 0.00 0.00 0
71875 0.00 0.00 0.00 0
71876 0.00 0.00 0.00 0
71877 0.00 0.00 0.00 0
71878 0.00 0.00 0.00 0
71879 0.00 0.00 0.00 0
71880 0.00 0.00 0.00 0
71881 0.00 0.00 0.00 0
71882 0.00 0.00 0.00 0
71883 0.00 0.00 0.00 0
71884 0.00 0.00 0.00 0
71885 0.00 0.00 0.00 0
71886 0.00 0.00 0.00 0
71887 0.00 0.00 0.00 0
71888 0.00 0.00 0.00 0
71889 0.00 0.00 0.00 0
71890 0.00 0.00 0.00 0
71891 0.00 0.00 0.00 0
71892 0.00 0.00 0.00 0
71893 0.00 0.00 0.00 0
71894 0.00 0.00 0.00 0
71895 0.00 0.00 0.00 0
71896 0.00 0.00 0.00 0
71897 0.00 0.00 0.00 0
71898 0.00 0.00 0.00 0
71899 0.00 0.00 0.00 0
71900 0.00 0.00 0.00 0
71901 0.00 0.00 0.00 0
71902 0.00 0.00 0.00 0
71903 0.00 0.00 0.00 0
71904 0.00 0.00 0.00 0
71905 0.00 0.00 0.00 0
71906 0.00 0.00 0.00 0
71907 0.00 0.00 0.00 0
71908 0.00 0.00 0.00 0
71909 0.00 0.00 0.00 0
71910 0.00 0.00 0.00 0
71911 0.00 0.00 0.00 0
75556 0.00 0.00 0.00 0
75557 0.00 0.00 0.00 0
75558 0.00 0.00 0.00 0
75559 0.00 0.00 0.00 0
75560 0.00 0.00 0.00 0
75561 0.00 0.00 0.00 0
75562 0.00 0.00 0.00 0
75563 0.00 0.00 0.00 0
75564 0.00 0.00 0.00 0
75565 0.00 0.00 0.00 0
75566 0.00 0.00 0.00 0
75567 0.00 0.00 0.00 0
75568 0.00 0.00 0.00 0
75569 0.00 0.00 0.00 0
75570 0.00 0.00 0.00 0
75571 0.00 0.00 0.00 0
75572 0.00 0.00 0.00 0
75573 0.00 0.00 0.00 0
75574 0.00 0.00 0.00 0
75575 0.00 0.00 0.00 0
75576 0.00 0.00 0.00 0
75577 0.00 0.00 0.00 0
75578 0.00 0.00 0.00 0
75579 0.00 0.00 0.00 0
75580 0.00 0.00 0.00 0
75581 0.00 0.00 0.00 0
75582 0.00 0.00 0.00 0
75583 0.00 0.00 0.00 0
75584 0.00 0.00 0.00 0
75585 0.00 0.00 0.00 0
75586 0.00 0.00 0.00 0
75587 0.00 0.00 0.00 0
75588 0.00 0.00 0.00 0
75589 0.00 0.00 0.00 0
75590 0.00 0.00 0.00 0
75591 0.00 0.00 0.00 0
75592 0.00 0.00 0.00 0
75593 0.00 0.00 0.00 0
75594 0.00 0.00 0.00 0
75595 0.00 0.00 0.00 0
75596 0.00 0.00 0.00 0
79606 0.00 0.00 0.00 0
79607 0.00 0.00 0.00 0
79608 0.00 0.00 0.00 0
79609 0.00 0.00 0.00 0
79610 0.00 0.00 0.00 0
79611 0.00 0.00 0.00 0
79612 0.00 0.00 0.00 0
79613 0.00 0.00 0.00 0
79614 0.00 0.00 0.00 0
79615 0.00 0.00 0.00 0
79616 0.00 0.00 0.00 0
79885 0.00 0.00 0.00 0
79886 0.00 0.00 0.00 0
79887 0.00 0.00 0.00 0
79888 0.00 0.00 0.00 0
79889 0.00 0.00 0.00 0
79890 0.00 0.00 0.00 0
79894 0.00 0.00 0.00 0
79895 0.00 0.00 0.00 0
79896 0.00 0.00 0.00 0
79900 0.00 0.00 0.00 0
79901 0.00 0.00 0.00 0
79902 0.00 0.00 0.00 0
79903 0.00 0.00 0.00 0
79904 0.00 0.00 0.00 0
79905 0.00 0.00 0.00 0
79906 0.00 0.00 0.00 0
79907 0.00 0.00 0.00 0
79908 0.00 0.00 0.00 0
79909 0.00 0.00 0.00 0
79910 0.00 0.00 0.00 0
79911 0.00 0.00 0.00 0
79912 0.00 0.00 0.00 0
79913 0.00 0.00 0.00 0
79914 0.00 0.00 0.00 0
79915 0.00 0.00 0.00 0
79916 0.00 0.00 0.00 0
79917 0.00 0.00 0.00 0
79918 0.00 0.00 0.00 0
79919 0.00 0.00 0.00 0
79920 0.00 0.00 0.00 0
79930 0.00 0.00 0.00 0
79931 0.00 0.00 0.00 0
79932 0.00 0.00 0.00 0
79952 0.00 0.00 0.00 0
79953 0.00 0.00 0.00 0
79954 0.00 0.00 0.00 0
79955 0.00 0.00 0.00 0
79956 0.00 0.00 0.00 0
79957 0.00 0.00 0.00 0
79958 0.00 0.00 0.00 0
79959 0.00 0.00 0.00 0
79960 0.00 0.00 0.00 0
79961 0.00 0.00 0.00 0
79962 0.00 0.00 0.00 0
79963 0.00 0.00 0.00 0
79964 0.00 0.00 0.00 0
79967 0.00 0.00 0.00 0
79968 0.00 0.00 0.00 0
79969 0.00 0.00 0.00 0
79970 0.00 0.00 0.00 0
79971 0.00 0.00 0.00 0
79972 0.00 0.00 0.00 0
79973 0.00 0.00 0.00 0
79974 0.00 0.00 0.00 0
79981 0.00 0.00 0.00 0
87299 0.00 0.00 0.00 0
87300 0.00 0.00 0.00 0
87301 0.00 0.00 0.00 0
87302 0.00 0.00 0.00 0
87303 0.00 0.00 0.00 0
87304 0.00 0.00 0.00 0
87305 0.00 0.00 0.00 0
87306 0.00 0.00 0.00 0
87310 0.00 0.00 0.00 0
87311 0.00 0.00 0.00 0
87312 0.00 0.00 0.00 0
87313 0.00 0.00 0.00 0
87314 0.00 0.00 0.00 0
87315 0.00 0.00 0.00 0
87316 0.00 0.00 0.00 0
87317 0.00 0.00 0.00 0
87318 0.00 0.00 0.00 0
87319 0.00 0.00 0.00 0
87320 0.00 0.00 0.00 0
87321 0.00 0.00 0.00 0
87338 0.00 0.00 0.00 0
87339 0.00 0.00 0.00 0
87340 0.00 0.00 0.00 0
87341 0.00 0.00 0.00 0
87342 0.00 0.00 0.00 0
87343 0.00 0.00 0.00 0
87344 0.00 0.00 0.00 0
87345 0.00 0.00 0.00 0
87346 0.00 0.00 0.00 0
87347 0.00 0.00 0.00 0
87348 0.00 0.00 0.00 0
87349 0.00 0.00 0.00 0
87350 0.00 0.00 0.00 0
87351 0.00 0.00 0.00 0
87352 0.00 0.00 0.00 0
87353 0.00 0.00 0.00 0
87354 0.00 0.00 0.00 0
87355 0.00 0.00 0.00 0
87356 0.00 0.00 0.00 0
87357 0.00 0.00 0.00 0
87358 0.00 0.00 0.00 0
87359 0.00 0.00 0.00 0
87360 0.00 0.00 0.00 0
87361 0.00 0.00 0.00 0
87362 0.00 0.00 0.00 0
87363 0.00 0.00 0.00 0
87364 0.00 0.00 0.00 0
87365 0.00 0.00 0.00 0
87366 0.00 0.00 0.00 0
87415 0.00 0.00 0.00 0
87416 0.00 0.00 0.00 0
87417 0.00 0.00 0.00 0
87418 0.00 0.00 0.00 0
87419 0.00 0.00 0.00 0
87420 0.00 0.00 0.00 0
87421 0.00 0.00 0.00 0
87422 0.00 0.00 0.00 0
87423 0.00 0.00 0.00 0
87424 0.00 0.00 0.00 0
87425 0.00 0.00 0.00 0
87426 0.00 0.00 0.00 0
87427 0.00 0.00 0.00 0
87428 0.00 0.00 0.00 0
87429 0.00 0.00 0.00 0
87430 0.00 0.00 0.00 0
87431 0.00 0.00 0.00 0
87432 0.00 0.00 0.00 0
87433 0.00 0.00 0.00 0
87434 0.00 0.00 0.00 0
87435 0.00 0.00 0.00 0
87436 0.00 0.00 0.00 0
87437 0.00 0.00 0.00 0
87438 0.00 0.00 0.00 0
87439 0.00 0.00 0.00 0
87440 0.00 0.00 0.00 0
87441 0.00 0.00 0.00 0
87442 0.00 0.00 0.00 0
87443 0.00 0.00 0.00 0
87444 0.00 0.00 0.00 0
87445 0.00 0.00 0.00 0
87446 0.00 0.00 0.00 0
87447 0.00 0.00 0.00 0
87448 0.00 0.00 0.00 0
87449 0.00 0.00 0.00 0
87450 0.00 0.00 0.00 0
87451 0.00 0.00 0.00 0
87452 0.00 0.00 0.00 0
87453 0.00 0.00 0.00 0
87454 0.00 0.00 0.00 0
87455 0.00 0.00 0.00 0
87456 0.00 0.00 0.00 0
87471 0.00 0.00 0.00 0
87472 0.00 0.00 0.00 0
87473 0.00 0.00 0.00 0
87474 0.00 0.00 0.00 0
87475 0.00 0.00 0.00 0
87476 0.00 0.00 0.00 0
87477 0.00 0.00 0.00 0
87478 0.00 0.00 0.00 0
87479 0.00 0.00 0.00 0
87480 0.00 0.00 0.00 0
87481 0.00 0.00 0.00 0
87482 0.00 0.00 0.00 0
87483 0.00 0.00 0.00 0
87484 0.00 0.00 0.00 0
87485 0.00 0.00 0.00 0
87486 0.00 0.00 0.00 0
87490 0.00 0.00 0.00 0
87491 0.00 0.00 0.00 0
87492 0.00 0.00 0.00 0
87493 0.00 0.00 0.00 0
87494 0.00 0.00 0.00 0
87495 0.00 0.00 0.00 0
87496 0.00 0.00 0.00 0
87497 0.00 0.00 0.00 0
87498 0.00 0.00 0.00 0
87499 0.00 0.00 0.00 0
87500 0.00 0.00 0.00 0
87501 0.00 0.00 0.00 0
87698 0.00 0.00 0.00 0
87699 0.00 0.00 0.00 0
87700 0.00 0.00 0.00 0
87701 0.00 0.00 0.00 0
87702 0.00 0.00 0.00 0
87703 0.00 0.00 0.00 0
87704 0.00 0.00 0.00 0
87705 0.00 0.00 0.00 0
87706 0.00 0.00 0.00 0
87707 0.00 0.00 0.00 0
87708 0.00 0.00 0.00 0
87709 0.00 0.00 0.00 0
87710 0.00 0.00 0.00 0
87711 0.00 0.00 0.00 0
87716 0.00 0.00 0.00 0
87717 0.00 0.00 0.00 0
87718 0.00 0.00 0.00 0
87719 0.00 0.00 0.00 0
87720 0.00 0.00 0.00 0
88512 0.00 0.00 0.00 0
88513 0.00 0.00 0.00 0
89065 0.00 0.00 0.00 0
89067 0.00 0.00 0.00 0
89068 0.00 0.00 0.00 0
89069 0.00 0.00 0.00 0
89070 0.00 0.00 0.00 0
89071 0.00 0.00 0.00 0
89072 0.00 0.00 0.00 0
89073 0.00 0.00 0.00 0
89074 0.00 0.00 0.00 0
89075 0.00 0.00 0.00 0
89076 0.00 0.00 0.00 0
89088 0.00 0.00 0.00 0
89089 0.00 0.00 0.00 0
89090 0.00 0.00 0.00 0
89091 0.00 0.00 0.00 0
89092 0.00 0.00 0.00 0
89093 0.00 0.00 0.00 0
89094 0.00 0.00 0.00 0
89095 0.00 0.00 0.00 0
89096 0.00 0.00 0.00 0
89097 0.00 0.00 0.00 0
89098 0.00 0.00 0.00 0
89099 0.00 0.00 0.00 0
89100 0.00 0.00 0.00 0
89101 0.00 0.00 0.00 0
89102 0.00 0.00 0.00 0
89103 0.00 0.00 0.00 0
89104 0.00 0.00 0.00 0
89105 0.00 0.00 0.00 0
89106 0.00 0.00 0.00 0
89107 0.00 0.00 0.00 0
89108 0.00 0.00 0.00 0
89109 0.00 0.00 0.00 0
89110 0.00 0.00 0.00 0
89111 0.00 0.00 0.00 0
89112 0.00 0.00 0.00 0
89113 0.00 0.00 0.00 0
89114 0.00 0.00 0.00 0
89115 0.00 0.00 0.00 0
89116 0.00 0.00 0.00 0
89117 0.00 0.00 0.00 0
89118 0.00 0.00 0.00 0
89119 0.00 0.00 0.00 0
89120 0.00 0.00 0.00 0
89121 0.00 0.00 0.00 0
90946 0.00 0.00 0.00 0
90947 0.00 0.00 0.00 0
90948 0.00 0.00 0.00 0
90949 0.00 0.00 0.00 0
90950 0.00 0.00 0.00 0
90951 0.00 0.00 0.00 0
90952 0.00 0.00 0.00 0
90953 0.00 0.00 0.00 0
90954 0.00 0.00 0.00 0
90955 0.00 0.00 0.00 0
90956 0.00 0.00 0.00 0
90957 0.00 0.00 0.00 0
90958 0.00 0.00 0.00 0
90959 0.00 0.00 0.00 0
90960 0.00 0.00 0.00 0
90961 0.00 0.00 0.00 0
90962 0.00 0.00 0.00 0
90963 0.00 0.00 0.00 0
90964 0.00 0.00 0.00 0
90965 0.00 0.00 0.00 0
90966 0.00 0.00 0.00 0
90967 0.00 0.00 0.00 0
90968 0.00 0.00 0.00 0
90969 0.00 0.00 0.00 0
90970 0.00 0.00 0.00 0
90971 0.00 0.00 0.00 0
90972 0.00 0.00 0.00 0
90973 0.00 0.00 0.00 0
90974 0.00 0.00 0.00 0
90975 0.00 0.00 0.00 0
90976 0.00 0.00 0.00 0
90977 0.00 0.00 0.00 0
90978 0.00 0.00 0.00 0
90979 0.00 0.00 0.00 0
90980 0.00 0.00 0.00 0
90981 0.00 0.00 0.00 0
90982 0.00 0.00 0.00 0
90983 0.00 0.00 0.00 0
90984 0.00 0.00 0.00 0
90985 0.00 0.00 0.00 0
90986 0.00 0.00 0.00 0
90987 0.00 0.00 0.00 0
90988 0.00 0.00 0.00 0
90989 0.00 0.00 0.00 0
90990 0.00 0.00 0.00 0
90991 0.00 0.00 0.00 0
90992 0.00 0.00 0.00 0
90993 0.00 0.00 0.00 0
90994 0.00 0.00 0.00 0
90995 0.00 0.00 0.00 0
90996 0.00 0.00 0.00 0
90997 0.00 0.00 0.00 0
90998 0.00 0.00 0.00 0
90999 0.00 0.00 0.00 0
91000 0.00 0.00 0.00 0
91001 0.00 0.00 0.00 0
91002 0.00 0.00 0.00 0
91003 0.00 0.00 0.00 0
91004 0.00 0.00 0.00 0
91005 0.00 0.00 0.00 0
91006 0.00 0.00 0.00 0
91007 0.00 0.00 0.00 0
91008 0.00 0.00 0.00 0
91009 0.00 0.00 0.00 0
91010 0.00 0.00 0.00 0
91011 0.00 0.00 0.00 0
91012 0.00 0.00 0.00 0
91013 0.00 0.00 0.00 0
91014 0.00 0.00 0.00 0
91015 0.00 0.00 0.00 0
91016 0.00 0.00 0.00 0
91017 0.00 0.00 0.00 0
91018 0.00 0.00 0.00 0
91019 0.00 0.00 0.00 0
91020 0.00 0.00 0.00 0
91021 0.00 0.00 0.00 0
91022 0.00 0.00 0.00 0
91023 0.00 0.00 0.00 0
91024 0.00 0.00 0.00 0
91025 0.00 0.00 0.00 0
91026 0.00 0.00 0.00 0
91027 0.00 0.00 0.00 0
91028 0.00 0.00 0.00 0
91029 0.00 0.00 0.00 0
91030 0.00 0.00 0.00 0
91031 0.00 0.00 0.00 0
91032 0.00 0.00 0.00 0
91033 0.00 0.00 0.00 0
91034 0.00 0.00 0.00 0
91035 0.00 0.00 0.00 0
91036 0.00 0.00 0.00 0
91053 0.00 0.00 0.00 0
91054 0.00 0.00 0.00 0
91055 0.00 0.00 0.00 0
91056 0.00 0.00 0.00 0
91057 0.00 0.00 0.00 0
91058 0.00 0.00 0.00 0
91059 0.00 0.00 0.00 0
91060 0.00 0.00 0.00 0
91061 0.00 0.00 0.00 0
91062 0.00 0.00 0.00 0
91063 0.00 0.00 0.00 0
91064 0.00 0.00 0.00 0
91065 0.00 0.00 0.00 0
91066 0.00 0.00 0.00 0
91072 0.00 0.00 0.00 0
91073 0.00 0.00 0.00 0
91074 0.00 0.00 0.00 0
91075 0.00 0.00 0.00 0
91076 0.00 0.00 0.00 0
91078 0.00 0.00 0.00 0
91079 0.00 0.00 0.00 0
91080 0.00 0.00 0.00 0
91081 0.00 0.00 0.00 0
91082 0.00 0.00 0.00 0
91149 0.00 0.00 0.00 0
91150 0.00 0.00 0.00 0
91151 0.00 0.00 0.00 0
91152 0.00 0.00 0.00 0
91153 0.00 0.00 0.00 0
91154 0.00 0.00 0.00 0
91155 0.00 0.00 0.00 0
91156 0.00 0.00 0.00 0
92247 0.00 0.00 0.00 0
92248 0.00 0.00 0.00 0
92249 0.00 0.00 0.00 0
92250 0.00 0.00 0.00 0
92251 0.00 0.00 0.00 0
92494 0.00 0.00 0.00 0
92495 0.00 0.00 0.00 0
92496 0.00 0.00 0.00 0
92497 0.00 0.00 0.00 0
92498 0.00 0.00 0.00 0
92783 0.00 0.00 0.00 0
92784 0.00 0.00 0.00 0
92785 0.00 0.00 0.00 0
92786 0.00 0.00 0.00 0
92787 0.00 0.00 0.00 0
92788 0.00 0.00 0.00 0
92789 0.00 0.00 0.00 0
92790 0.00 0.00 0.00 0
92791 0.00 0.00 0.00 0
93520 0.00 0.00 0.00 0
93521 0.00 0.00 0.00 0
93522 0.00 0.00 0.00 0
93523 0.00 0.00 0.00 0
93524 0.00 0.00 0.00 0
93858 0.00 0.00 0.00 0
93859 0.00 0.00 0.00 0
93860 0.00 0.00 0.00 0
93861 0.00 0.00 0.00 0
93862 0.00 0.00 0.00 0
93863 0.00 0.00 0.00 0
93864 0.00 0.00 0.00 0
93865 0.00 0.00 0.00 0
93866 0.00 0.00 0.00 0
93867 0.00 0.00 0.00 0
93868 0.00 0.00 0.00 0
93869 0.00 0.00 0.00 0
93870 0.00 0.00 0.00 0
93871 0.00 0.00 0.00 0
94600 0.00 0.00 0.00 0
94601 0.00 0.00 0.00 0
94602 0.00 0.00 0.00 0
94603 0.00 0.00 0.00 0
94604 0.00 0.00 0.00 0
94655 0.00 0.00 0.00 0
94656 0.00 0.00 0.00 0
95465 0.00 0.00 0.00 0
95466 0.00 0.00 0.00 0
95467 0.00 0.00 0.00 0
95468 0.00 0.00 0.00 0
95469 0.00 0.00 0.00 0
95470 0.00 0.00 0.00 0
95471 0.00 0.00 0.00 0
95472 0.00 0.00 0.00 0
95473 0.00 0.00 0.00 0
95474 0.00 0.00 0.00 0
95475 0.00 0.00 0.00 0
95476 0.00 0.00 0.00 0
95477 0.00 0.00 0.00 0
95478 0.00 0.00 0.00 0
95479 0.00 0.00 0.00 0
95480 0.00 0.00 0.00 0
95481 0.00 0.00 0.00 0
95482 0.00 0.00 0.00 0
96957 0.00 0.00 0.00 0
96959 0.00 0.00 0.00 0
96960 0.00 0.00 0.00 0
96975 0.00 0.00 0.00 0
97678 0.00 0.00 0.00 0
97679 0.00 0.00 0.00 0
97680 0.00 0.00 0.00 0
97681 0.00 0.00 0.00 0
97682 0.00 0.00 0.00 0
97683 0.00 0.00 0.00 0
97684 0.00 0.00 0.00 0
97685 0.00 0.00 0.00 0
97686 0.00 0.00 0.00 0
97687 0.00 0.00 0.00 0
97688 0.00 0.00 0.00 0
97689 0.00 0.00 0.00 0
97690 0.00 0.00 0.00 0
97691 0.00 0.00 0.00 0
98178 0.00 0.00 0.00 0
98179 0.00 0.00 0.00 0
98180 0.00 0.00 0.00 0
98181 0.00 0.00 0.00 0
98182 0.00 0.00 0.00 0
98183 0.00 0.00 0.00 0
98184 0.00 0.00 0.00 0
98185 0.00 0.00 0.00 0
98186 0.00 0.00 0.00 0
98187 0.00 0.00 0.00 0
98188 0.00 0.00 0.00 0
98189 0.00 0.00 0.00 0
98190 0.00 0.00 0.00 0
98191 0.00 0.00 0.00 0
98920 0.00 0.00 0.00 0
98921 0.00 0.00 0.00 0
98922 0.00 0.00 0.00 0
98923 0.00 0.00 0.00 0
98924 0.00 0.00 0.00 0
98925 0.00 0.00 0.00 0
98926 0.00 0.00 0.00 0
98927 0.00 0.00 0.00 0
98928 0.00 0.00 0.00 0
98929 0.00 0.00 0.00 0
98930 0.00 0.00 0.00 0
98931 0.00 0.00 0.00 0
98932 0.00 0.00 0.00 0
98933 0.00 0.00 0.00 0
99785 0.00 0.00 0.00 0
99786 0.00 0.00 0.00 0
99787 0.00 0.00 0.00 0
99788 0.00 0.00 0.00 0
99789 0.00 0.00 0.00 0
99790 0.00 0.00 0.00 0
99791 0.00 0.00 0.00 0
99792 0.00 0.00 0.00 0
99793 0.00 0.00 0.00 0
99794 0.00 0.00 0.00 0
99795 0.00 0.00 0.00 0
99796 0.00 0.00 0.00 0
99797 0.00 0.00 0.00 0
99798 0.00 0.00 0.00 0
99799 0.00 0.00 0.00 0
99800 0.00 0.00 0.00 0
99801 0.00 0.00 0.00 0
99802 0.00 0.00 0.00 0
99803 0.00 0.00 0.00 0
99804 0.00 0.00 0.00 0
101998 0.00 0.00 0.00 0
101999 0.00 0.00 0.00 0
102000 0.00 0.00 0.00 0
102001 0.00 0.00 0.00 0
102002 0.00 0.00 0.00 0
102003 0.00 0.00 0.00 0
102004 0.00 0.00 0.00 0
102005 0.00 0.00 0.00 0
102006 0.00 0.00 0.00 0
102007 0.00 0.00 0.00 0
102008 0.00 0.00 0.00 0
102009 0.00 0.00 0.00 0
102010 0.00 0.00 0.00 0
102011 0.00 0.00 0.00 0
103014 0.00 0.00 0.00 0
103015 0.00 0.00 0.00 0
103016 0.00 0.00 0.00 0
103017 0.00 0.00 0.00 0
103018 0.00 0.00 0.00 0
103019 0.00 0.00 0.00 0
103020 0.00 0.00 0.00 0
103021 0.00 0.00 0.00 0
103022 0.00 0.00 0.00 0
103023 0.00 0.00 0.00 0
103024 0.00 0.00 0.00 0
103025 0.00 0.00 0.00 0
103026 0.00 0.00 0.00 0
103027 0.00 0.00 0.00 0
103028 0.00 0.00 0.00 0
103029 0.00 0.00 0.00 0
103030 0.00 0.00 0.00 0
103031 0.00 0.00 0.00 0
103032 0.00 0.00 0.00 0
103033 0.00 0.00 0.00 0
103034 0.00 0.00 0.00 0
103035 0.00 0.00 0.00 0
103036 0.00 0.00 0.00 0
103037 0.00 0.00 0.00 0
103038 0.00 0.00 0.00 0
103039 0.00 0.00 0.00 0
103040 0.00 0.00 0.00 0
103041 0.00 0.00 0.00 0
103042 0.00 0.00 0.00 0
103043 0.00 0.00 0.00 0
103044 0.00 0.00 0.00 0
103045 0.00 0.00 0.00 0
103046 0.00 0.00 0.00 0
103047 0.00 0.00 0.00 0
103048 0.00 0.00 0.00 0
103049 0.00 0.00 0.00 0
103050 0.00 0.00 0.00 0
103051 0.00 0.00 0.00 0
105238 0.00 0.00 0.00 0
105239 0.00 0.00 0.00 0
105240 0.00 0.00 0.00 0
105241 0.00 0.00 0.00 0
105242 0.00 0.00 0.00 0
105243 0.00 0.00 0.00 0
105244 0.00 0.00 0.00 0
105245 0.00 0.00 0.00 0
105246 0.00 0.00 0.00 0
105247 0.00 0.00 0.00 0
105248 0.00 0.00 0.00 0
105249 0.00 0.00 0.00 0
105250 0.00 0.00 0.00 0
105251 0.00 0.00 0.00 0
105252 0.00 0.00 0.00 0
105253 0.00 0.00 0.00 0
105254 0.00 0.00 0.00 0
105255 0.00 0.00 0.00 0
105256 0.00 0.00 0.00 0
105257 0.00 0.00 0.00 0
105258 0.00 0.00 0.00 0
105259 0.00 0.00 0.00 0
105260 0.00 0.00 0.00 0
105261 0.00 0.00 0.00 0
105262 0.00 0.00 0.00 0
105263 0.00 0.00 0.00 0
107668 0.00 0.00 0.00 0
107669 0.00 0.00 0.00 0
107670 0.00 0.00 0.00 0
107671 0.00 0.00 0.00 0
107672 0.00 0.00 0.00 0
107831 0.00 0.00 0.00 0
107833 0.00 0.00 0.00 0
107834 0.00 0.00 0.00 0
107835 0.00 0.00 0.00 0
107836 0.00 0.00 0.00 0
107837 0.00 0.00 0.00 0
107838 0.00 0.00 0.00 0
107839 0.00 0.00 0.00 0
107840 0.00 0.00 0.00 0
107841 0.00 0.00 0.00 0
107842 0.00 0.00 0.00 0
107843 0.00 0.00 0.00 0
107844 0.00 0.00 0.00 0
107845 0.00 0.00 0.00 0
107846 0.00 0.00 0.00 0
107847 0.00 0.00 0.00 0
107848 0.00 0.00 0.00 0
107849 0.00 0.00 0.00 0
107850 0.00 0.00 0.00 0
107851 0.00 0.00 0.00 0
107852 0.00 0.00 0.00 0
107853 0.00 0.00 0.00 0
107854 0.00 0.00 0.00 0
107855 0.00 0.00 0.00 0
107856 0.00 0.00 0.00 0
107857 0.00 0.00 0.00 0
107858 0.00 0.00 0.00 0
107859 0.00 0.00 0.00 0
107860 0.00 0.00 0.00 0
107861 0.00 0.00 0.00 0
107863 0.00 0.00 0.00 0
107864 0.00 0.00 0.00 0
107865 0.00 0.00 0.00 0
107875 0.00 0.00 0.00 0
107876 0.00 0.00 0.00 0
107877 0.00 0.00 0.00 0
107878 0.00 0.00 0.00 0
107879 0.00 0.00 0.00 0
107880 0.00 0.00 0.00 0
107881 0.00 0.00 0.00 0
107882 0.00 0.00 0.00 0
107883 0.00 0.00 0.00 0
107884 0.00 0.00 0.00 0
107885 0.00 0.00 0.00 0
107886 0.00 0.00 0.00 0
107887 0.00 0.00 0.00 0
107888 0.00 0.00 0.00 0
107889 0.00 0.00 0.00 0
112283 0.00 0.00 0.00 0
112284 0.00 0.00 0.00 0
112285 0.00 0.00 0.00 0
112291 0.00 0.00 0.00 0
112292 0.00 0.00 0.00 0
112293 0.00 0.00 0.00 0
112294 0.00 0.00 0.00 0
112295 0.00 0.00 0.00 0
112296 0.00 0.00 0.00 0
112306 0.00 0.00 0.00 0
112307 0.00 0.00 0.00 0
112308 0.00 0.00 0.00 0
112309 0.00 0.00 0.00 0
112310 0.00 0.00 0.00 0
112311 0.00 0.00 0.00 0
112312 0.00 0.00 0.00 0
112313 0.00 0.00 0.00 0
112314 0.00 0.00 0.00 0
112315 0.00 0.00 0.00 0
112316 0.00 0.00 0.00 0
112317 0.00 0.00 0.00 0
112318 0.00 0.00 0.00 0
112319 0.00 0.00 0.00 0
112320 0.00 0.00 0.00 0
112321 0.00 0.00 0.00 0
112322 0.00 0.00 0.00 0
112323 0.00 0.00 0.00 0
112354 0.00 0.00 0.00 0
112355 0.00 0.00 0.00 0
112356 0.00 0.00 0.00 0
112357 0.00 0.00 0.00 0
112358 0.00 0.00 0.00 0
112359 0.00 0.00 0.00 0
112360 0.00 0.00 0.00 0
112361 0.00 0.00 0.00 0
112362 0.00 0.00 0.00 0
112363 0.00 0.00 0.00 0
112364 0.00 0.00 0.00 0
112365 0.00 0.00 0.00 0
112366 0.00 0.00 0.00 0
112367 0.00 0.00 0.00 0
112368 0.00 0.00 0.00 0
112369 0.00 0.00 0.00 0
112370 0.00 0.00 0.00 0
112371 0.00 0.00 0.00 0
112372 0.00 0.00 0.00 0
112373 0.00 0.00 0.00 0
112374 0.00 0.00 0.00 0
112375 0.00 0.00 0.00 0
112376 0.00 0.00 0.00 0
112377 0.00 0.00 0.00 0
112388 0.00 0.00 0.00 0
112389 0.00 0.00 0.00 0
112390 0.00 0.00 0.00 0
112391 0.00 0.00 0.00 0
112392 0.00 0.00 0.00 0
112393 0.00 0.00 0.00 0
112394 0.00 0.00 0.00 0
112395 0.00 0.00 0.00 0
112400 0.00 0.00 0.00 0
112401 0.00 0.00 0.00 0
112402 0.00 0.00 0.00 0
112403 0.00 0.00 0.00 0
112404 0.00 0.00 0.00 0
112523 0.00 0.00 0.00 0
112524 0.00 0.00 0.00 0
112525 0.00 0.00 0.00 0
112526 0.00 0.00 0.00 0
112527 0.00 0.00 0.00 0
112528 0.00 0.00 0.00 0
112529 0.00 0.00 0.00 0
112530 0.00 0.00 0.00 0
113344 0.00 0.00 0.00 0
113345 0.00 0.00 0.00 0
113346 0.00 0.00 0.00 0
113347 0.00 0.00 0.00 0
113348 0.00 0.00 0.00 0
113349 0.00 0.00 0.00 0
113357 0.00 0.00 0.00 0
113358 0.00 0.00 0.00 0
113359 0.00 0.00 0.00 0
113360 0.00 0.00 0.00 0
113361 0.00 0.00 0.00 0
113362 0.00 0.00 0.00 0
113363 0.00 0.00 0.00 0
113364 0.00 0.00 0.00 0
113365 0.00 0.00 0.00 0
113366 0.00 0.00 0.00 0
113367 0.00 0.00 0.00 0
113368 0.00 0.00 0.00 0
113369 0.00 0.00 0.00 0
113370 0.00 0.00 0.00 0
113371 0.00 0.00 0.00 0
113372 0.00 0.00 0.00 0
113373 0.00 0.00 0.00 0
113374 0.00 0.00 0.00 0
113375 0.00 0.00 0.00 0
113376 0.00 0.00 0.00 0
114472 0.00 0.00 0.00 0
114473 0.00 0.00 0.00 0
114474 0.00 0.00 0.00 0
114475 0.00 0.00 0.00 0
114476 0.00 0.00 0.00 0
114477 0.00 0.00 0.00 0
114478 0.00 0.00 0.00 0
114479 0.00 0.00 0.00 0
114480 0.00 0.00 0.00 0
114481 0.00 0.00 0.00 0
114482 0.00 0.00 0.00 0
114483 0.00 0.00 0.00 0
114484 0.00 0.00 0.00 0
114485 0.00 0.00 0.00 0
114486 0.00 0.00 0.00 0
114487 0.00 0.00 0.00 0
114488 0.00 0.00 0.00 0
114489 0.00 0.00 0.00 0
114490 0.00 0.00 0.00 0
114491 0.00 0.00 0.00 0
114492 0.00 0.00 0.00 0
114493 0.00 0.00 0.00 0
114494 0.00 0.00 0.00 0
114495 0.00 0.00 0.00 0
114496 0.00 0.00 0.00 0
114497 0.00 0.00 0.00 0
114498 0.00 0.00 0.00 0
114499 0.00 0.00 0.00 0
114500 0.00 0.00 0.00 0
114501 0.00 0.00 0.00 0
114502 0.00 0.00 0.00 0
114503 0.00 0.00 0.00 0
114504 0.00 0.00 0.00 0
114505 0.00 0.00 0.00 0
114506 0.00 0.00 0.00 0
114507 0.00 0.00 0.00 0
114508 0.00 0.00 0.00 0
114509 0.00 0.00 0.00 0
114510 0.00 0.00 0.00 0
114511 0.00 0.00 0.00 0
114512 0.00 0.00 0.00 0
114513 0.00 0.00 0.00 0
114514 0.00 0.00 0.00 0
114515 0.00 0.00 0.00 0
114516 0.00 0.00 0.00 0
114517 0.00 0.00 0.00 0
114518 0.00 0.00 0.00 0
114519 0.00 0.00 0.00 0
114520 0.00 0.00 0.00 0
114521 0.00 0.00 0.00 0
114522 0.00 0.00 0.00 0
114523 0.00 0.00 0.00 0
114524 0.00 0.00 0.00 0
114525 0.00 0.00 0.00 0
114526 0.00 0.00 0.00 0
114537 0.00 0.00 0.00 0
114539 0.00 0.00 0.00 0
114540 0.00 0.00 0.00 0
114541 0.00 0.00 0.00 0
114542 0.00 0.00 0.00 0
114543 0.00 0.00 0.00 0
114544 0.00 0.00 0.00 0
114594 0.00 0.00 0.00 0
114595 0.00 0.00 0.00 0
114596 0.00 0.00 0.00 0
114597 0.00 0.00 0.00 0
114598 0.00 0.00 0.00 0
115401 0.00 0.00 0.00 0
115402 0.00 0.00 0.00 0
115403 0.00 0.00 0.00 0
115404 0.00 0.00 0.00 0
115405 0.00 0.00 0.00 0
115406 0.00 0.00 0.00 0
115407 0.00 0.00 0.00 0
115408 0.00 0.00 0.00 0
115409 0.00 0.00 0.00 0
115410 0.00 0.00 0.00 0
115411 0.00 0.00 0.00 0
115978 0.00 0.00 0.00 0
115979 0.00 0.00 0.00 0
115980 0.00 0.00 0.00 0
115981 0.00 0.00 0.00 0
115982 0.00 0.00 0.00 0
115983 0.00 0.00 0.00 0
115984 0.00 0.00 0.00 0
115985 0.00 0.00 0.00 0
115986 0.00 0.00 0.00 0
115987 0.00 0.00 0.00 0
115988 0.00 0.00 0.00 0
116651 0.00 0.00 0.00 0
116652 0.00 0.00 0.00 0
116653 0.00 0.00 0.00 0
116654 0.00 0.00 0.00 0
116655 0.00 0.00 0.00 0
116656 0.00 0.00 0.00 0
116657 0.00 0.00 0.00 0
116658 0.00 0.00 0.00 0
116659 0.00 0.00 0.00 0
116660 0.00 0.00 0.00 0
116661 0.00 0.00 0.00 0
116662 0.00 0.00 0.00 0
116663 0.00 0.00 0.00 0
116664 0.00 0.00 0.00 0
116665 0.00 0.00 0.00 0
116666 0.00 0.00 0.00 0
116667 0.00 0.00 0.00 0
116668 0.00 0.00 0.00 0
116669 0.00 0.00 0.00 0
118372 0.00 0.00 0.00 0
118373 0.00 0.00 0.00 0
118374 0.00 0.00 0.00 0
118375 0.00 0.00 0.00 0
118376 0.00 0.00 0.00 0
118377 0.00 0.00 0.00 0
118378 0.00 0.00 0.00 0
118379 0.00 0.00 0.00 0
118380 0.00 0.00 0.00 0
118381 0.00 0.00 0.00 0
118382 0.00 0.00 0.00 0
119160 0.00 0.00 0.00 0
119161 0.00 0.00 0.00 0
119162 0.00 0.00 0.00 0
119163 0.00 0.00 0.00 0
119164 0.00 0.00 0.00 0
119165 0.00 0.00 0.00 0
119166 0.00 0.00 0.00 0
119167 0.00 0.00 0.00 0
119168 0.00 0.00 0.00 0
119169 0.00 0.00 0.00 0
119170 0.00 0.00 0.00 0
119171 0.00 0.00 0.00 0
119172 0.00 0.00 0.00 0
119173 0.00 0.00 0.00 0
119174 0.00 0.00 0.00 0
119175 0.00 0.00 0.00 0
119176 0.00 0.00 0.00 0
119177 0.00 0.00 0.00 0
119178 0.00 0.00 0.00 0
119179 0.00 0.00 0.00 0
119180 0.00 0.00 0.00 0
119181 0.00 0.00 0.00 0
119182 0.00 0.00 0.00 0
119183 0.00 0.00 0.00 0
119184 0.00 0.00 0.00 0
119185 0.00 0.00 0.00 0
119186 0.00 0.00 0.00 0
119187 0.00 0.00 0.00 0
119188 0.00 0.00 0.00 0
119189 0.00 0.00 0.00 0
119190 0.00 0.00 0.00 0
119191 0.00 0.00 0.00 0
120892 0.00 0.00 0.00 0
120893 0.00 0.00 0.00 0
120894 0.00 0.00 0.00 0
120895 0.00 0.00 0.00 0
120896 0.00 0.00 0.00 0
120897 0.00 0.00 0.00 0
120898 0.00 0.00 0.00 0
120899 0.00 0.00 0.00 0
120900 0.00 0.00 0.00 0
120901 0.00 0.00 0.00 0
120902 0.00 0.00 0.00 0
120903 0.00 0.00 0.00 0
120904 0.00 0.00 0.00 0
120905 0.00 0.00 0.00 0
120906 0.00 0.00 0.00 0
120907 0.00 0.00 0.00 0
120908 0.00 0.00 0.00 0
120909 0.00 0.00 0.00 0
120910 0.00 0.00 0.00 0
120911 0.00 0.00 0.00 0
122782 0.00 0.00 0.00 0
122783 0.00 0.00 0.00 0
122784 0.00 0.00 0.00 0
122785 0.00 0.00 0.00 0
122786 0.00 0.00 0.00 0
122909 0.00 0.00 0.00 0
122910 0.00 0.00 0.00 0
122911 0.00 0.00 0.00 0
122912 0.00 0.00 0.00 0
122913 0.00 0.00 0.00 0
122914 0.00 0.00 0.00 0
122915 0.00 0.00 0.00 0
122916 0.00 0.00 0.00 0
122917 0.00 0.00 0.00 0
122918 0.00 0.00 0.00 0
122919 0.00 0.00 0.00 0
122920 0.00 0.00 0.00 0
122921 0.00 0.00 0.00 0
122922 0.00 0.00 0.00 0
122923 0.00 0.00 0.00 0
122924 0.00 0.00 0.00 0
122925 0.00 0.00 0.00 0
122926 0.00 0.00 0.00 0
122927 0.00 0.00 0.00 0
122928 0.00 0.00 0.00 0
122929 0.00 0.00 0.00 0
122930 0.00 0.00 0.00 0
122931 0.00 0.00 0.00 0
122932 0.00 0.00 0.00 0
122933 0.00 0.00 0.00 0
122934 0.00 0.00 0.00 0
122935 0.00 0.00 0.00 0
122936 0.00 0.00 0.00 0
122937 0.00 0.00 0.00 0
122938 0.00 0.00 0.00 0
122939 0.00 0.00 0.00 0
122940 0.00 0.00 0.00 0
122941 0.00 0.00 0.00 0
122942 0.00 0.00 0.00 0
122943 0.00 0.00 0.00 0
122944 0.00 0.00 0.00 0
122945 0.00 0.00 0.00 0
122946 0.00 0.00 0.00 0
122947 0.00 0.00 0.00 0
122948 0.00 0.00 0.00 0
122949 0.00 0.00 0.00 0
122950 0.00 0.00 0.00 0
126390 0.00 0.00 0.00 0
126391 0.00 0.00 0.00 0
126392 0.00 0.00 0.00 0
126393 0.00 0.00 0.00 0
126394 0.00 0.00 0.00 0
126395 0.00 0.00 0.00 0
126396 0.00 0.00 0.00 0
126397 0.00 0.00 0.00 0
126398 0.00 0.00 0.00 0
126399 0.00 0.00 0.00 0
126400 0.00 0.00 0.00 0
126401 0.00 0.00 0.00 0
126402 0.00 0.00 0.00 0
126427 0.00 0.00 0.00 0
126428 0.00 0.00 0.00 0
126429 0.00 0.00 0.00 0
126430 0.00 0.00 0.00 0
126431 0.00 0.00 0.00 0
126432 0.00 0.00 0.00 0
126433 0.00 0.00 0.00 0
126434 0.00 0.00 0.00 0
126435 0.00 0.00 0.00 0
126436 0.00 0.00 0.00 0
126437 0.00 0.00 0.00 0
126438 0.00 0.00 0.00 0
126439 0.00 0.00 0.00 0
126440 0.00 0.00 0.00 0
126441 0.00 0.00 0.00 0
126442 0.00 0.00 0.00 0
126443 0.00 0.00 0.00 0
126444 0.00 0.00 0.00 0
127210 0.00 0.00 0.00 0
127211 0.00 0.00 0.00 0
127212 0.00 0.00 0.00 0
127213 0.00 0.00 0.00 0
127214 0.00 0.00 0.00 0
127215 0.00 0.00 0.00 0
127217 0.00 0.00 0.00 0
127218 0.00 0.00 0.00 0
127219 0.00 0.00 0.00 0
127220 0.00 0.00 0.00 0
128074 0.00 0.00 0.00 0
128075 0.00 0.00 0.00 0
128076 0.00 0.00 0.00 0
128077 0.00 0.00 0.00 0
128078 0.00 0.00 0.00 0
128079 0.00 0.00 0.00 0
128080 0.00 0.00 0.00 0
128081 0.00 0.00 0.00 0
128082 0.00 0.00 0.00 0
128083 0.00 0.00 0.00 0
128084 0.00 0.00 0.00 0
128085 0.00 0.00 0.00 0
128086 0.00 0.00 0.00 0
128087 0.00 0.00 0.00 0
128088 0.00 0.00 0.00 0
128089 0.00 0.00 0.00 0
128090 0.00 0.00 0.00 0
128091 0.00 0.00 0.00 0
128092 0.00 0.00 0.00 0
128093 0.00 0.00 0.00 0
128094 0.00 0.00 0.00 0
128095 0.00 0.00 0.00 0
128096 0.00 0.00 0.00 0
128097 0.00 0.00 0.00 0
128098 0.00 0.00 0.00 0
128099 0.00 0.00 0.00 0
128100 0.00 0.00 0.00 0
128101 0.00 0.00 0.00 0
128102 0.00 0.00 0.00 0
128103 0.00 0.00 0.00 0
128104 0.00 0.00 0.00 0
128105 0.00 0.00 0.00 0
128106 0.00 0.00 0.00 0
128107 0.00 0.00 0.00 0
128108 0.00 0.00 0.00 0
128109 0.00 0.00 0.00 0
128110 0.00 0.00 0.00 0
128111 0.00 0.00 0.00 0
128112 0.00 0.00 0.00 0
128113 0.00 0.00 0.00 0
128114 0.00 0.00 0.00 0
128115 0.00 0.00 0.00 0
129183 0.00 0.00 0.00 0
129184 0.00 0.00 0.00 0
129185 0.00 0.00 0.00 0
129186 0.00 0.00 0.00 0
129187 0.00 0.00 0.00 0
129188 0.00 0.00 0.00 0
129189 0.00 0.00 0.00 0
129190 0.00 0.00 0.00 0
129191 0.00 0.00 0.00 0
129192 0.00 0.00 0.00 0
129193 0.00 0.00 0.00 0
129194 0.00 0.00 0.00 0
129195 0.00 0.00 0.00 0
129196 0.00 0.00 0.00 0
129197 0.00 0.00 0.00 0
129198 0.00 0.00 0.00 0
129199 0.00 0.00 0.00 0
129200 0.00 0.00 0.00 0
129201 0.00 0.00 0.00 0
129202 0.00 0.00 0.00 0
129203 0.00 0.00 0.00 0
129204 0.00 0.00 0.00 0
129205 0.00 0.00 0.00 0
129206 0.00 0.00 0.00 0
129207 0.00 0.00 0.00 0
129208 0.00 0.00 0.00 0
129209 0.00 0.00 0.00 0
129210 0.00 0.00 0.00 0
129211 0.00 0.00 0.00 0
130750 0.00 0.00 0.00 0
130751 0.00 0.00 0.00 0
130752 0.00 0.00 0.00 0
130753 0.00 0.00 0.00 0
130754 0.00 0.00 0.00 0
130755 0.00 0.00 0.00 0
130756 0.00 0.00 0.00 0
130757 0.00 0.00 0.00 0
130758 0.00 0.00 0.00 0
130759 0.00 0.00 0.00 0
130760 0.00 0.00 0.00 0
130761 0.00 0.00 0.00 0
130762 0.00 0.00 0.00 0
130763 0.00 0.00 0.00 0
130764 0.00 0.00 0.00 0
130765 0.00 0.00 0.00 0
130766 0.00 0.00 0.00 0
130767 0.00 0.00 0.00 0
130768 0.00 0.00 0.00 0
130769 0.00 0.00 0.00 0
130770 0.00 0.00 0.00 0
130771 0.00 0.00 0.00 0
130772 0.00 0.00 0.00 0
130773 0.00 0.00 0.00 0
130774 0.00 0.00 0.00 0
130775 0.00 0.00 0.00 0
132575 0.00 0.00 0.00 0
132576 0.00 0.00 0.00 0
132577 0.00 0.00 0.00 0
132578 0.00 0.00 0.00 0
132579 0.00 0.00 0.00 0
132580 0.00 0.00 0.00 0
132581 0.00 0.00 0.00 0
132582 0.00 0.00 0.00 0
132583 0.00 0.00 0.00 0
132584 0.00 0.00 0.00 0
132585 0.00 0.00 0.00 0
132586 0.00 0.00 0.00 0
132587 0.00 0.00 0.00 0
132588 0.00 0.00 0.00 0
132589 0.00 0.00 0.00 0
132590 0.00 0.00 0.00 0
132591 0.00 0.00 0.00 0
132592 0.00 0.00 0.00 0
132593 0.00 0.00 0.00 0
132594 0.00 0.00 0.00 0
132595 0.00 0.00 0.00 0
132596 0.00 0.00 0.00 0
132597 0.00 0.00 0.00 0
132598 0.00 0.00 0.00 0
132599 0.00 0.00 0.00 0
132600 0.00 0.00 0.00 0
132601 0.00 0.00 0.00 0
132602 0.00 0.00 0.00 0
132603 0.00 0.00 0.00 0
132604 0.00 0.00 0.00 0
132605 0.00 0.00 0.00 0
132606 0.00 0.00 0.00 0
132607 0.00 0.00 0.00 0
132608 0.00 0.00 0.00 0
132609 0.00 0.00 0.00 0
132610 0.00 0.00 0.00 0
132611 0.00 0.00 0.00 0
132612 0.00 0.00 0.00 0
132614 0.00 0.00 0.00 0
132615 0.00 0.00 0.00 0
132616 0.00 0.00 0.00 0
132617 0.00 0.00 0.00 0
132618 0.00 0.00 0.00 0
132619 0.00 0.00 0.00 0
132620 0.00 0.00 0.00 0
137248 0.00 0.00 0.00 0
137249 0.00 0.00 0.00 0
137250 0.00 0.00 0.00 0
137251 0.00 0.00 0.00 0
137252 0.00 0.00 0.00 0
137253 0.00 0.00 0.00 0
137254 0.00 0.00 0.00 0
137255 0.00 0.00 0.00 0
137256 0.00 0.00 0.00 0
137257 0.00 0.00 0.00 0
137258 0.00 0.00 0.00 0
137259 0.00 0.00 0.00 0
137260 0.00 0.00 0.00 0
137261 0.00 0.00 0.00 0
137262 0.00 0.00 0.00 0
137263 0.00 0.00 0.00 0
137264 0.00 0.00 0.00 0
137265 0.00 0.00 0.00 0
137266 0.00 0.00 0.00 0
137267 0.00 0.00 0.00 0
137268 0.00 0.00 0.00 0
137269 0.00 0.00 0.00 0
137270 0.00 0.00 0.00 0
137271 0.00 0.00 0.00 0
137272 0.00 0.00 0.00 0
137273 0.00 0.00 0.00 0
137274 0.00 0.00 0.00 0
137275 0.00 0.00 0.00 0
137276 0.00 0.00 0.00 0
139336 0.00 0.00 0.00 0
139337 0.00 0.00 0.00 0
139338 0.00 0.00 0.00 0
139339 0.00 0.00 0.00 0
139340 0.00 0.00 0.00 0
139341 0.00 0.00 0.00 0
139342 0.00 0.00 0.00 0
139343 0.00 0.00 0.00 0
139344 0.00 0.00 0.00 0
139345 0.00 0.00 0.00 0
139346 0.00 0.00 0.00 0
139347 0.00 0.00 0.00 0
139348 0.00 0.00 0.00 0
139349 0.00 0.00 0.00 0
139350 0.00 0.00 0.00 0
139351 0.00 0.00 0.00 0
139352 0.00 0.00 0.00 0
139353 0.00 0.00 0.00 0
139354 0.00 0.00 0.00 0
139355 0.00 0.00 0.00 0
139356 0.00 0.00 0.00 0
139357 0.00 0.00 0.00 0
139358 0.00 0.00 0.00 0
139359 0.00 0.00 0.00 0
139360 0.00 0.00 0.00 0
139361 0.00 0.00 0.00 0
139362 0.00 0.00 0.00 0
139363 0.00 0.00 0.00 0
139364 0.00 0.00 0.00 0
139365 0.00 0.00 0.00 0
139366 0.00 0.00 0.00 0
139367 0.00 0.00 0.00 0
139368 0.00 0.00 0.00 0
139369 0.00 0.00 0.00 0
139370 0.00 0.00 0.00 0
139371 0.00 0.00 0.00 0
139372 0.00 0.00 0.00 0
139373 0.00 0.00 0.00 0
139374 0.00 0.00 0.00 0
139375 0.00 0.00 0.00 0
139376 0.00 0.00 0.00 0
139377 0.00 0.00 0.00 0
139378 0.00 0.00 0.00 0
139379 0.00 0.00 0.00 0
139380 0.00 0.00 0.00 0
139381 0.00 0.00 0.00 0
139382 0.00 0.00 0.00 0
139383 0.00 0.00 0.00 0
139384 0.00 0.00 0.00 0
139385 0.00 0.00 0.00 0
139386 0.00 0.00 0.00 0
139387 0.00 0.00 0.00 0
139388 0.00 0.00 0.00 0
139389 0.00 0.00 0.00 0
139390 0.00 0.00 0.00 0
139391 0.00 0.00 0.00 0
139392 0.00 0.00 0.00 0
139393 0.00 0.00 0.00 0
139394 0.00 0.00 0.00 0
139395 0.00 0.00 0.00 0
139396 0.00 0.00 0.00 0
139397 0.00 0.00 0.00 0
139398 0.00 0.00 0.00 0
139399 0.00 0.00 0.00 0
139400 0.00 0.00 0.00 0
139401 0.00 0.00 0.00 0
139402 0.00 0.00 0.00 0
139403 0.00 0.00 0.00 0
139404 0.00 0.00 0.00 0
139405 0.00 0.00 0.00 0
139406 0.00 0.00 0.00 0
139407 0.00 0.00 0.00 0
139408 0.00 0.00 0.00 0
139409 0.00 0.00 0.00 0
139410 0.00 0.00 0.00 0
139411 0.00 0.00 0.00 0
143866 0.00 0.00 0.00 0
143867 0.00 0.00 0.00 0
143868 0.00 0.00 0.00 0
143869 0.00 0.00 0.00 0
143870 0.00 0.00 0.00 0
143871 0.00 0.00 0.00 0
143872 0.00 0.00 0.00 0
143873 0.00 0.00 0.00 0
143874 0.00 0.00 0.00 0
143875 0.00 0.00 0.00 0
143876 0.00 0.00 0.00 0
143877 0.00 0.00 0.00 0
143878 0.00 0.00 0.00 0
143879 0.00 0.00 0.00 0
143880 0.00 0.00 0.00 0
143881 0.00 0.00 0.00 0
143882 0.00 0.00 0.00 0
143883 0.00 0.00 0.00 0
143884 0.00 0.00 0.00 0
143885 0.00 0.00 0.00 0
143886 0.00 0.00 0.00 0
143887 0.00 0.00 0.00 0
143888 0.00 0.00 0.00 0
143889 0.00 0.00 0.00 0
143890 0.00 0.00 0.00 0
143891 0.00 0.00 0.00 0
143895 0.00 0.00 0.00 0
143896 0.00 0.00 0.00 0
143897 0.00 0.00 0.00 0
143898 0.00 0.00 0.00 0
143899 0.00 0.00 0.00 0
143900 0.00 0.00 0.00 0
143901 0.00 0.00 0.00 0
143902 0.00 0.00 0.00 0
143903 0.00 0.00 0.00 0
143904 0.00 0.00 0.00 0
143905 0.00 0.00 0.00 0
143906 0.00 0.00 0.00 0
143907 0.00 0.00 0.00 0
143908 0.00 0.00 0.00 0
143909 0.00 0.00 0.00 0
143910 0.00 0.00 0.00 0
143911 0.00 0.00 0.00 0
143912 0.00 0.00 0.00 0
143913 0.00 0.00 0.00 0
143914 0.00 0.00 0.00 0
143915 0.00 0.00 0.00 0
143916 0.00 0.00 0.00 0
143917 0.00 0.00 0.00 0
143918 0.00 0.00 0.00 0
148762 0.00 0.00 0.00 0
148763 0.00 0.00 0.00 0
148764 0.00 0.00 0.00 0
148765 0.00 0.00 0.00 0
148766 0.00 0.00 0.00 0
148767 0.00 0.00 0.00 0
148768 0.00 0.00 0.00 0
148769 0.00 0.00 0.00 0
148770 0.00 0.00 0.00 0
148771 0.00 0.00 0.00 0
148773 0.00 0.00 0.00 0
148774 0.00 0.00 0.00 0
148775 0.00 0.00 0.00 0
148777 0.00 0.00 0.00 0
148778 0.00 0.00 0.00 0
149099 0.00 0.00 0.00 0
149100 0.00 0.00 0.00 0
149101 0.00 0.00 0.00 0
149102 0.00 0.00 0.00 0
149103 0.00 0.00 0.00 0
149104 0.00 0.00 0.00 0
149117 0.00 0.00 0.00 0
149118 0.00 0.00 0.00 0
149119 0.00 0.00 0.00 0
149120 0.00 0.00 0.00 0
149121 0.00 0.00 0.00 0
149122 0.00 0.00 0.00 0
149123 0.00 0.00 0.00 0
149124 0.00 0.00 0.00 0
149125 0.00 0.00 0.00 0
149126 0.00 0.00 0.00 0
149127 0.00 0.00 0.00 0
149128 0.00 0.00 0.00 0
149129 0.00 0.00 0.00 0
149130 0.00 0.00 0.00 0
149131 0.00 0.00 0.00 0
149132 0.00 0.00 0.00 0
149133 0.00 0.00 0.00 0
149134 0.00 0.00 0.00 0
149135 0.00 0.00 0.00 0
149136 0.00 0.00 0.00 0
149137 0.00 0.00 0.00 0
149138 0.00 0.00 0.00 0
149139 0.00 0.00 0.00 0
149140 0.00 0.00 0.00 0
149153 0.00 0.00 0.00 0
149154 0.00 0.00 0.00 0
149156 0.00 0.00 0.00 0
149180 0.00 0.00 0.00 0
149181 0.00 0.00 0.00 0
149182 0.00 0.00 0.00 0
149183 0.00 0.00 0.00 0
149184 0.00 0.00 0.00 0
149185 0.00 0.00 0.00 0
149186 0.00 0.00 0.00 0
149187 0.00 0.00 0.00 0
149188 0.00 0.00 0.00 0
149189 0.00 0.00 0.00 0
149190 0.00 0.00 0.00 0
149191 0.00 0.00 0.00 0
149192 0.00 0.00 0.00 0
149193 0.00 0.00 0.00 0
149194 0.00 0.00 0.00 0
149195 0.00 0.00 0.00 0
149198 0.00 0.00 0.00 0
149199 0.00 0.00 0.00 0
149200 0.00 0.00 0.00 0
149201 0.00 0.00 0.00 0
149202 0.00 0.00 0.00 0
149203 0.00 0.00 0.00 0
149204 0.00 0.00 0.00 0
149205 0.00 0.00 0.00 0
149206 0.00 0.00 0.00 0
149208 0.00 0.00 0.00 0
149209 0.00 0.00 0.00 0
149212 0.00 0.00 0.00 0
149213 0.00 0.00 0.00 0
149214 0.00 0.00 0.00 0
149215 0.00 0.00 0.00 0
149216 0.00 0.00 0.00 0
149217 0.00 0.00 0.00 0
158009 0.00 0.00 0.00 0
158010 0.00 0.00 0.00 0
158011 0.00 0.00 0.00 0
158012 0.00 0.00 0.00 0
158013 0.00 0.00 0.00 0
158014 0.00 0.00 0.00 0
158015 0.00 0.00 0.00 0
158016 0.00 0.00 0.00 0
158017 0.00 0.00 0.00 0
158018 0.00 0.00 0.00 0
158019 0.00 0.00 0.00 0
158025 0.00 0.00 0.00 0
158026 0.00 0.00 0.00 0
158027 0.00 0.00 0.00 0
158028 0.00 0.00 0.00 0
158029 0.00 0.00 0.00 0
158030 0.00 0.00 0.00 0
158031 0.00 0.00 0.00 0
158032 0.00 0.00 0.00 0
158033 0.00 0.00 0.00 0
158034 0.00 0.00 0.00 0
158035 0.00 0.00 0.00 0
158036 0.00 0.00 0.00 0
158037 0.00 0.00 0.00 0
158056 0.00 0.00 0.00 0
158057 0.00 0.00 0.00 0
158058 0.00 0.00 0.00 0
158059 0.00 0.00 0.00 0
158060 0.00 0.00 0.00 0
158061 0.00 0.00 0.00 0
158062 0.00 0.00 0.00 0
158063 0.00 0.00 0.00 0
158064 0.00 0.00 0.00 0
158065 0.00 0.00 0.00 0
158066 0.00 0.00 0.00 0
158067 0.00 0.00 0.00 0
158068 0.00 0.00 0.00 0
158069 0.00 0.00 0.00 0
158070 0.00 0.00 0.00 0
158071 0.00 0.00 0.00 0
158072 0.00 0.00 0.00 0
158073 0.00 0.00 0.00 0
158074 0.00 0.00 0.00 0
158075 0.00 0.00 0.00 0
158076 0.00 0.00 0.00 0
158077 0.00 0.00 0.00 0
158078 0.00 0.00 0.00 0
158079 0.00 0.00 0.00 0
158080 0.00 0.00 0.00 0
158081 0.00 0.00 0.00 0
158082 0.00 0.00 0.00 0
158083 0.00 0.00 0.00 0
158084 0.00 0.00 0.00 0
158085 0.00 0.00 0.00 0
158086 0.00 0.00 0.00 0
158087 0.00 0.00 0.00 0
158088 0.00 0.00 0.00 0
158089 0.00 0.00 0.00 0
158090 0.00 0.00 0.00 0
158091 0.00 0.00 0.00 0
158148 0.00 0.00 0.00 0
158149 0.00 0.00 0.00 0
158150 0.00 0.00 0.00 0
158151 0.00 0.00 0.00 0
158152 0.00 0.00 0.00 0
158153 0.00 0.00 0.00 0
158154 0.00 0.00 0.00 0
158155 0.00 0.00 0.00 0
158156 0.00 0.00 0.00 0
158157 0.00 0.00 0.00 0
158158 0.00 0.00 0.00 0
158159 0.00 0.00 0.00 0
158160 0.00 0.00 0.00 0
158161 0.00 0.00 0.00 0
158162 0.00 0.00 0.00 0
158163 0.00 0.00 0.00 0
158164 0.00 0.00 0.00 0
158165 0.00 0.00 0.00 0
158166 0.00 0.00 0.00 0
158167 0.00 0.00 0.00 0
158168 0.00 0.00 0.00 0
158169 0.00 0.00 0.00 0
158170 0.00 0.00 0.00 0
158171 0.00 0.00 0.00 0
158172 0.00 0.00 0.00 0
158173 0.00 0.00 0.00 0
158174 0.00 0.00 0.00 0
158175 0.00 0.00 0.00 0
158176 0.00 0.00 0.00 0
158177 0.00 0.00 0.00 0
158178 0.00 0.00 0.00 0
158179 0.00 0.00 0.00 0
158180 0.00 0.00 0.00 0
158181 0.00 0.00 0.00 0
158182 0.00 0.00 0.00 0
158183 0.00 0.00 0.00 0
158184 0.00 0.00 0.00 0
158185 0.00 0.00 0.00 0
158186 0.00 0.00 0.00 0
158187 0.00 0.00 0.00 0
158188 0.00 0.00 0.00 0
158189 0.00 0.00 0.00 0
158190 0.00 0.00 0.00 0
158191 0.00 0.00 0.00 0
158192 0.00 0.00 0.00 0
158193 0.00 0.00 0.00 0
158194 0.00 0.00 0.00 0
158195 0.00 0.00 0.00 0
158196 0.00 0.00 0.00 0
158197 0.00 0.00 0.00 0
158198 0.00 0.00 0.00 0
158199 0.00 0.00 0.00 0
158207 0.00 0.00 0.00 0
158208 0.00 0.00 0.00 0
158215 0.00 0.00 0.00 0
158216 0.00 0.00 0.00 0
158217 0.00 0.00 0.00 0
158218 0.00 0.00 0.00 0
158219 0.00 0.00 0.00 0
158220 0.00 0.00 0.00 0
158221 0.00 0.00 0.00 0
158222 0.00 0.00 0.00 0
158223 0.00 0.00 0.00 0
158224 0.00 0.00 0.00 0
158225 0.00 0.00 0.00 0
158226 0.00 0.00 0.00 0
158227 0.00 0.00 0.00 0
158228 0.00 0.00 0.00 0
158229 0.00 0.00 0.00 0
158230 0.00 0.00 0.00 0
158231 0.00 0.00 0.00 0
158232 0.00 0.00 0.00 0
158233 0.00 0.00 0.00 0
158234 0.00 0.00 0.00 0
158235 0.00 0.00 0.00 0
158241 0.00 0.00 0.00 0
158242 0.00 0.00 0.00 0
158243 0.00 0.00 0.00 0
158244 0.00 0.00 0.00 0
158245 0.00 0.00 0.00 0
158246 0.00 0.00 0.00 0
158247 0.00 0.00 0.00 0
158248 0.00 0.00 0.00 0
158249 0.00 0.00 0.00 0
158250 0.00 0.00 0.00 0
158251 0.00 0.00 0.00 0
158252 0.00 0.00 0.00 0
158253 0.00 0.00 0.00 0
158489 0.00 0.00 0.00 0
158490 0.00 0.00 0.00 0
158491 0.00 0.00 0.00 0
158492 0.00 0.00 0.00 0
158493 0.00 0.00 0.00 0
158494 0.00 0.00 0.00 0
158495 0.00 0.00 0.00 0
158496 0.00 0.00 0.00 0
158497 0.00 0.00 0.00 0
158498 0.00 0.00 0.00 0
158499 0.00 0.00 0.00 0
158500 0.00 0.00 0.00 0
158501 0.00 0.00 0.00 0
158502 0.00 0.00 0.00 0
158503 0.00 0.00 0.00 0
158504 0.00 0.00 0.00 0
158505 0.00 0.00 0.00 0
158507 0.00 0.00 0.00 0
158508 0.00 0.00 0.00 0
158509 0.00 0.00 0.00 0
158510 0.00 0.00 0.00 0
158511 0.00 0.00 0.00 0
158512 0.00 0.00 0.00 0
158513 0.00 0.00 0.00 0
158514 0.00 0.00 0.00 0
158515 0.00 0.00 0.00 0
158516 0.00 0.00 0.00 0
159460 0.00 0.00 0.00 0
159461 0.00 0.00 0.00 0
159463 0.00 0.00 0.00 0
159464 0.00 0.00 0.00 0
159465 0.00 0.00 0.00 0
159466 0.00 0.00 0.00 0
159467 0.00 0.00 0.00 0
160125 0.00 0.00 0.00 0
160133 0.00 0.00 0.00 0
160134 0.00 0.00 0.00 0
160135 0.00 0.00 0.00 0
160136 0.00 0.00 0.00 0
160137 0.00 0.00 0.00 0
160138 0.00 0.00 0.00 0
160139 0.00 0.00 0.00 0
160140 0.00 0.00 0.00 0
160141 0.00 0.00 0.00 0
160142 0.00 0.00 0.00 0
160143 0.00 0.00 0.00 0
160160 0.00 0.00 0.00 0
160161 0.00 0.00 0.00 0
160162 0.00 0.00 0.00 0
160163 0.00 0.00 0.00 0
160164 0.00 0.00 0.00 0
160165 0.00 0.00 0.00 0
160166 0.00 0.00 0.00 0
160167 0.00 0.00 0.00 0
160168 0.00 0.00 0.00 0
160169 0.00 0.00 0.00 0
160170 0.00 0.00 0.00 0
160171 0.00 0.00 0.00 0
160172 0.00 0.00 0.00 0
160173 0.00 0.00 0.00 0
160174 0.00 0.00 0.00 0
160175 0.00 0.00 0.00 0
160176 0.00 0.00 0.00 0
160177 0.00 0.00 0.00 0
160178 0.00 0.00 0.00 0
160179 0.00 0.00 0.00 0
160180 0.00 0.00 0.00 0
160181 0.00 0.00 0.00 0
160182 0.00 0.00 0.00 0
160183 0.00 0.00 0.00 0
160184 0.00 0.00 0.00 0
160185 0.00 0.00 0.00 0
160186 0.00 0.00 0.00 0
160187 0.00 0.00 0.00 0
160188 0.00 0.00 0.00 0
160189 0.00 0.00 0.00 0
160190 0.00 0.00 0.00 0
160191 0.00 0.00 0.00 0
160192 0.00 0.00 0.00 0
160193 0.00 0.00 0.00 0
160194 0.00 0.00 0.00 0
160195 0.00 0.00 0.00 0
160196 0.00 0.00 0.00 0
162385 0.00 0.00 0.00 0
162386 0.00 0.00 0.00 0
162387 0.00 0.00 0.00 0
162388 0.00 0.00 0.00 0
162389 0.00 0.00 0.00 0
162390 0.00 0.00 0.00 0
162391 0.00 0.00 0.00 0
162392 0.00 0.00 0.00 0
162393 0.00 0.00 0.00 0
162394 0.00 0.00 0.00 0
162395 0.00 0.00 0.00 0
162396 0.00 0.00 0.00 0
162397 0.00 0.00 0.00 0
162398 0.00 0.00 0.00 0
162399 0.00 0.00 0.00 0
162400 0.00 0.00 0.00 0
162401 0.00 0.00 0.00 0
162402 0.00 0.00 0.00 0
162403 0.00 0.00 0.00 0
162404 0.00 0.00 0.00 0
162405 0.00 0.00 0.00 0
162406 0.00 0.00 0.00 0
162407 0.00 0.00 0.00 0
162408 0.00 0.00 0.00 0
162409 0.00 0.00 0.00 0
162410 0.00 0.00 0.00 0
162411 0.00 0.00 0.00 0
162412 0.00 0.00 0.00 0
162413 0.00 0.00 0.00 0
162414 0.00 0.00 0.00 0
162415 0.00 0.00 0.00 0
162416 0.00 0.00 0.00 0
162417 0.00 0.00 0.00 0
162418 0.00 0.00 0.00 0
162419 0.00 0.00 0.00 0
162420 0.00 0.00 0.00 0
162421 0.00 0.00 0.00 0
162422 0.00 0.00 0.00 0
162423 0.00 0.00 0.00 0
162424 0.00 0.00 0.00 0
162425 0.00 0.00 0.00 0
162426 0.00 0.00 0.00 0
162427 0.00 0.00 0.00 0
162428 0.00 0.00 0.00 0
162429 0.00 0.00 0.00 0
162430 0.00 0.00 0.00 0
162431 0.00 0.00 0.00 0
162432 0.00 0.00 0.00 0
162433 0.00 0.00 0.00 0
162434 0.00 0.00 0.00 0
162435 0.00 0.00 0.00 0
162436 0.00 0.00 0.00 0
162437 0.00 0.00 0.00 0
162438 0.00 0.00 0.00 0
162439 0.00 0.00 0.00 0
162440 0.00 0.00 0.00 0
162441 0.00 0.00 0.00 0
162442 0.00 0.00 0.00 0
162443 0.00 0.00 0.00 0
162444 0.00 0.00 0.00 0
162445 0.00 0.00 0.00 0
162446 0.00 0.00 0.00 0
162447 0.00 0.00 0.00 0
162448 0.00 0.00 0.00 0
162449 0.00 0.00 0.00 0
162450 0.00 0.00 0.00 0
162451 0.00 0.00 0.00 0
162452 0.00 0.00 0.00 0
162453 0.00 0.00 0.00 0
162454 0.00 0.00 0.00 0
162455 0.00 0.00 0.00 0
162456 0.00 0.00 0.00 0
162457 0.00 0.00 0.00 0
162458 0.00 0.00 0.00 0
162459 0.00 0.00 0.00 0
162460 0.00 0.00 0.00 0
162461 0.00 0.00 0.00 0
162462 0.00 0.00 0.00 0
162463 0.00 0.00 0.00 0
162464 0.00 0.00 0.00 0
162465 0.00 0.00 0.00 0
162466 0.00 0.00 0.00 0
162467 0.00 0.00 0.00 0
162468 0.00 0.00 0.00 0
162469 0.00 0.00 0.00 0
162470 0.00 0.00 0.00 0
162471 0.00 0.00 0.00 0
162472 0.00 0.00 0.00 0
162473 0.00 0.00 0.00 0
162474 0.00 0.00 0.00 0
162475 0.00 0.00 0.00 0
162476 0.00 0.00 0.00 0
162477 0.00 0.00 0.00 0
162478 0.00 0.00 0.00 0
162479 0.00 0.00 0.00 0
162480 0.00 0.00 0.00 0
162481 0.00 0.00 0.00 0
162482 0.00 0.00 0.00 0
162483 0.00 0.00 0.00 0
162484 0.00 0.00 0.00 0
162485 0.00 0.00 0.00 0
162486 0.00 0.00 0.00 0
162487 0.00 0.00 0.00 0
162488 0.00 0.00 0.00 0
162489 0.00 0.00 0.00 0
162490 0.00 0.00 0.00 0
162491 0.00 0.00 0.00 0
162492 0.00 0.00 0.00 0
162510 0.00 0.00 0.00 0
162511 0.00 0.00 0.00 0
162512 0.00 0.00 0.00 0
162513 0.00 0.00 0.00 0
162514 0.00 0.00 0.00 0
162515 0.00 0.00 0.00 0
162516 0.00 0.00 0.00 0
162517 0.00 0.00 0.00 0
162518 0.00 0.00 0.00 0
162519 0.00 0.00 0.00 0
162520 0.00 0.00 0.00 0
162521 0.00 0.00 0.00 0
162522 0.00 0.00 0.00 0
162523 0.00 0.00 0.00 0
162524 0.00 0.00 0.00 0
162525 0.00 0.00 0.00 0
162526 0.00 0.00 0.00 0
162527 0.00 0.00 0.00 0
162528 0.00 0.00 0.00 0
162534 0.00 0.00 0.00 0
162535 0.00 0.00 0.00 0
162536 0.00 0.00 0.00 0
162537 0.00 0.00 0.00 0
162538 0.00 0.00 0.00 0
162539 0.00 0.00 0.00 0
162540 0.00 0.00 0.00 0
162541 0.00 0.00 0.00 0
162542 0.00 0.00 0.00 0
162543 0.00 0.00 0.00 0
162544 0.00 0.00 0.00 0
162545 0.00 0.00 0.00 0
162546 0.00 0.00 0.00 0
162547 0.00 0.00 0.00 0
162548 0.00 0.00 0.00 0
162628 0.00 0.00 0.00 0
162629 0.00 0.00 0.00 0
162630 0.00 0.00 0.00 0
162631 0.00 0.00 0.00 0
162632 0.00 0.00 0.00 0
162633 0.00 0.00 0.00 0
162634 0.00 0.00 0.00 0
162635 0.00 0.00 0.00 0
162636 0.00 0.00 0.00 0
162642 0.00 0.00 0.00 0
162643 0.00 0.00 0.00 0
162644 0.00 0.00 0.00 0
162645 0.00 0.00 0.00 0
162646 0.00 0.00 0.00 0
162647 0.00 0.00 0.00 0
