# S_cingul-Marginalis
2382
97 0.00 0.00 0.00 0
98 0.00 0.00 0.00 0
221 0.00 0.00 0.00 0
277 0.00 0.00 0.00 0
279 0.00 0.00 0.00 0
463 0.00 0.00 0.00 0
465 0.00 0.00 0.00 0
466 0.00 0.00 0.00 0
757 0.00 0.00 0.00 0
758 0.00 0.00 0.00 0
1015 0.00 0.00 0.00 0
1016 0.00 0.00 0.00 0
1017 0.00 0.00 0.00 0
1019 0.00 0.00 0.00 0
1020 0.00 0.00 0.00 0
1021 0.00 0.00 0.00 0
1055 0.00 0.00 0.00 0
1057 0.00 0.00 0.00 0
1058 0.00 0.00 0.00 0
1192 0.00 0.00 0.00 0
1194 0.00 0.00 0.00 0
1546 0.00 0.00 0.00 0
1547 0.00 0.00 0.00 0
1651 0.00 0.00 0.00 0
1652 0.00 0.00 0.00 0
1653 0.00 0.00 0.00 0
1654 0.00 0.00 0.00 0
2043 0.00 0.00 0.00 0
2044 0.00 0.00 0.00 0
2045 0.00 0.00 0.00 0
2046 0.00 0.00 0.00 0
2047 0.00 0.00 0.00 0
2048 0.00 0.00 0.00 0
2049 0.00 0.00 0.00 0
2050 0.00 0.00 0.00 0
2678 0.00 0.00 0.00 0
2935 0.00 0.00 0.00 0
2936 0.00 0.00 0.00 0
2937 0.00 0.00 0.00 0
2938 0.00 0.00 0.00 0
2939 0.00 0.00 0.00 0
2940 0.00 0.00 0.00 0
2941 0.00 0.00 0.00 0
2975 0.00 0.00 0.00 0
2976 0.00 0.00 0.00 0
2977 0.00 0.00 0.00 0
2978 0.00 0.00 0.00 0
3112 0.00 0.00 0.00 0
3113 0.00 0.00 0.00 0
3114 0.00 0.00 0.00 0
3535 0.00 0.00 0.00 0
3536 0.00 0.00 0.00 0
3578 0.00 0.00 0.00 0
3712 0.00 0.00 0.00 0
3713 0.00 0.00 0.00 0
3714 0.00 0.00 0.00 0
3715 0.00 0.00 0.00 0
3716 0.00 0.00 0.00 0
3717 0.00 0.00 0.00 0
4482 0.00 0.00 0.00 0
4483 0.00 0.00 0.00 0
4484 0.00 0.00 0.00 0
4485 0.00 0.00 0.00 0
4486 0.00 0.00 0.00 0
4487 0.00 0.00 0.00 0
4488 0.00 0.00 0.00 0
4489 0.00 0.00 0.00 0
4490 0.00 0.00 0.00 0
4491 0.00 0.00 0.00 0
4492 0.00 0.00 0.00 0
4493 0.00 0.00 0.00 0
4494 0.00 0.00 0.00 0
4495 0.00 0.00 0.00 0
4496 0.00 0.00 0.00 0
4497 0.00 0.00 0.00 0
4498 0.00 0.00 0.00 0
4499 0.00 0.00 0.00 0
4500 0.00 0.00 0.00 0
4501 0.00 0.00 0.00 0
4610 0.00 0.00 0.00 0
5025 0.00 0.00 0.00 0
5026 0.00 0.00 0.00 0
5971 0.00 0.00 0.00 0
5972 0.00 0.00 0.00 0
5973 0.00 0.00 0.00 0
5974 0.00 0.00 0.00 0
5975 0.00 0.00 0.00 0
6433 0.00 0.00 0.00 0
6434 0.00 0.00 0.00 0
6435 0.00 0.00 0.00 0
6436 0.00 0.00 0.00 0
6437 0.00 0.00 0.00 0
6438 0.00 0.00 0.00 0
6439 0.00 0.00 0.00 0
6440 0.00 0.00 0.00 0
6441 0.00 0.00 0.00 0
6442 0.00 0.00 0.00 0
6443 0.00 0.00 0.00 0
6444 0.00 0.00 0.00 0
6445 0.00 0.00 0.00 0
6505 0.00 0.00 0.00 0
6507 0.00 0.00 0.00 0
6508 0.00 0.00 0.00 0
6511 0.00 0.00 0.00 0
6512 0.00 0.00 0.00 0
6754 0.00 0.00 0.00 0
6756 0.00 0.00 0.00 0
7444 0.00 0.00 0.00 0
7445 0.00 0.00 0.00 0
7446 0.00 0.00 0.00 0
7447 0.00 0.00 0.00 0
7448 0.00 0.00 0.00 0
7504 0.00 0.00 0.00 0
7505 0.00 0.00 0.00 0
7693 0.00 0.00 0.00 0
7694 0.00 0.00 0.00 0
7695 0.00 0.00 0.00 0
7696 0.00 0.00 0.00 0
7697 0.00 0.00 0.00 0
7698 0.00 0.00 0.00 0
7699 0.00 0.00 0.00 0
7702 0.00 0.00 0.00 0
8699 0.00 0.00 0.00 0
8700 0.00 0.00 0.00 0
8701 0.00 0.00 0.00 0
8702 0.00 0.00 0.00 0
8703 0.00 0.00 0.00 0
8704 0.00 0.00 0.00 0
8705 0.00 0.00 0.00 0
8706 0.00 0.00 0.00 0
8707 0.00 0.00 0.00 0
8708 0.00 0.00 0.00 0
8709 0.00 0.00 0.00 0
8710 0.00 0.00 0.00 0
8711 0.00 0.00 0.00 0
8712 0.00 0.00 0.00 0
8713 0.00 0.00 0.00 0
8714 0.00 0.00 0.00 0
8715 0.00 0.00 0.00 0
8716 0.00 0.00 0.00 0
8717 0.00 0.00 0.00 0
8718 0.00 0.00 0.00 0
8719 0.00 0.00 0.00 0
8720 0.00 0.00 0.00 0
8721 0.00 0.00 0.00 0
9358 0.00 0.00 0.00 0
9378 0.00 0.00 0.00 0
10615 0.00 0.00 0.00 0
10616 0.00 0.00 0.00 0
10617 0.00 0.00 0.00 0
10618 0.00 0.00 0.00 0
10619 0.00 0.00 0.00 0
10620 0.00 0.00 0.00 0
10621 0.00 0.00 0.00 0
10655 0.00 0.00 0.00 0
10656 0.00 0.00 0.00 0
10657 0.00 0.00 0.00 0
10658 0.00 0.00 0.00 0
10792 0.00 0.00 0.00 0
10793 0.00 0.00 0.00 0
10794 0.00 0.00 0.00 0
11392 0.00 0.00 0.00 0
11393 0.00 0.00 0.00 0
11394 0.00 0.00 0.00 0
11395 0.00 0.00 0.00 0
11396 0.00 0.00 0.00 0
11397 0.00 0.00 0.00 0
12160 0.00 0.00 0.00 0
12161 0.00 0.00 0.00 0
12162 0.00 0.00 0.00 0
12163 0.00 0.00 0.00 0
12164 0.00 0.00 0.00 0
12165 0.00 0.00 0.00 0
12166 0.00 0.00 0.00 0
12167 0.00 0.00 0.00 0
12168 0.00 0.00 0.00 0
12169 0.00 0.00 0.00 0
12170 0.00 0.00 0.00 0
12171 0.00 0.00 0.00 0
12172 0.00 0.00 0.00 0
12173 0.00 0.00 0.00 0
12174 0.00 0.00 0.00 0
12175 0.00 0.00 0.00 0
12176 0.00 0.00 0.00 0
12177 0.00 0.00 0.00 0
12178 0.00 0.00 0.00 0
12179 0.00 0.00 0.00 0
12180 0.00 0.00 0.00 0
12181 0.00 0.00 0.00 0
12290 0.00 0.00 0.00 0
12291 0.00 0.00 0.00 0
12292 0.00 0.00 0.00 0
12705 0.00 0.00 0.00 0
12706 0.00 0.00 0.00 0
13792 0.00 0.00 0.00 0
13793 0.00 0.00 0.00 0
13794 0.00 0.00 0.00 0
13795 0.00 0.00 0.00 0
13796 0.00 0.00 0.00 0
13797 0.00 0.00 0.00 0
13798 0.00 0.00 0.00 0
13799 0.00 0.00 0.00 0
14560 0.00 0.00 0.00 0
14561 0.00 0.00 0.00 0
14562 0.00 0.00 0.00 0
14563 0.00 0.00 0.00 0
14564 0.00 0.00 0.00 0
14565 0.00 0.00 0.00 0
14566 0.00 0.00 0.00 0
14567 0.00 0.00 0.00 0
14568 0.00 0.00 0.00 0
14569 0.00 0.00 0.00 0
14570 0.00 0.00 0.00 0
14571 0.00 0.00 0.00 0
14572 0.00 0.00 0.00 0
14573 0.00 0.00 0.00 0
14574 0.00 0.00 0.00 0
14575 0.00 0.00 0.00 0
14576 0.00 0.00 0.00 0
14577 0.00 0.00 0.00 0
14578 0.00 0.00 0.00 0
14579 0.00 0.00 0.00 0
14580 0.00 0.00 0.00 0
14581 0.00 0.00 0.00 0
14680 0.00 0.00 0.00 0
14681 0.00 0.00 0.00 0
14682 0.00 0.00 0.00 0
14683 0.00 0.00 0.00 0
14684 0.00 0.00 0.00 0
14685 0.00 0.00 0.00 0
14687 0.00 0.00 0.00 0
14688 0.00 0.00 0.00 0
14689 0.00 0.00 0.00 0
14690 0.00 0.00 0.00 0
14691 0.00 0.00 0.00 0
14692 0.00 0.00 0.00 0
14693 0.00 0.00 0.00 0
15097 0.00 0.00 0.00 0
15098 0.00 0.00 0.00 0
15099 0.00 0.00 0.00 0
15100 0.00 0.00 0.00 0
15101 0.00 0.00 0.00 0
15102 0.00 0.00 0.00 0
16360 0.00 0.00 0.00 0
16361 0.00 0.00 0.00 0
16362 0.00 0.00 0.00 0
16363 0.00 0.00 0.00 0
16364 0.00 0.00 0.00 0
16365 0.00 0.00 0.00 0
16366 0.00 0.00 0.00 0
16488 0.00 0.00 0.00 0
16489 0.00 0.00 0.00 0
16490 0.00 0.00 0.00 0
16491 0.00 0.00 0.00 0
16492 0.00 0.00 0.00 0
16493 0.00 0.00 0.00 0
16897 0.00 0.00 0.00 0
16898 0.00 0.00 0.00 0
16899 0.00 0.00 0.00 0
16900 0.00 0.00 0.00 0
16901 0.00 0.00 0.00 0
16902 0.00 0.00 0.00 0
16903 0.00 0.00 0.00 0
16904 0.00 0.00 0.00 0
16905 0.00 0.00 0.00 0
16906 0.00 0.00 0.00 0
16907 0.00 0.00 0.00 0
16908 0.00 0.00 0.00 0
16909 0.00 0.00 0.00 0
16910 0.00 0.00 0.00 0
16911 0.00 0.00 0.00 0
16912 0.00 0.00 0.00 0
16919 0.00 0.00 0.00 0
19198 0.00 0.00 0.00 0
19200 0.00 0.00 0.00 0
19202 0.00 0.00 0.00 0
19203 0.00 0.00 0.00 0
19204 0.00 0.00 0.00 0
19205 0.00 0.00 0.00 0
19206 0.00 0.00 0.00 0
19207 0.00 0.00 0.00 0
19208 0.00 0.00 0.00 0
19209 0.00 0.00 0.00 0
19210 0.00 0.00 0.00 0
19211 0.00 0.00 0.00 0
19212 0.00 0.00 0.00 0
19213 0.00 0.00 0.00 0
19214 0.00 0.00 0.00 0
19215 0.00 0.00 0.00 0
19216 0.00 0.00 0.00 0
19217 0.00 0.00 0.00 0
19218 0.00 0.00 0.00 0
19219 0.00 0.00 0.00 0
19220 0.00 0.00 0.00 0
19221 0.00 0.00 0.00 0
19222 0.00 0.00 0.00 0
19223 0.00 0.00 0.00 0
19224 0.00 0.00 0.00 0
19225 0.00 0.00 0.00 0
19226 0.00 0.00 0.00 0
19227 0.00 0.00 0.00 0
19228 0.00 0.00 0.00 0
19229 0.00 0.00 0.00 0
19230 0.00 0.00 0.00 0
19231 0.00 0.00 0.00 0
19232 0.00 0.00 0.00 0
19233 0.00 0.00 0.00 0
19234 0.00 0.00 0.00 0
19235 0.00 0.00 0.00 0
19236 0.00 0.00 0.00 0
19237 0.00 0.00 0.00 0
19238 0.00 0.00 0.00 0
19239 0.00 0.00 0.00 0
19240 0.00 0.00 0.00 0
19241 0.00 0.00 0.00 0
19242 0.00 0.00 0.00 0
19243 0.00 0.00 0.00 0
19244 0.00 0.00 0.00 0
19245 0.00 0.00 0.00 0
19246 0.00 0.00 0.00 0
19247 0.00 0.00 0.00 0
19248 0.00 0.00 0.00 0
19249 0.00 0.00 0.00 0
19250 0.00 0.00 0.00 0
19251 0.00 0.00 0.00 0
19252 0.00 0.00 0.00 0
19253 0.00 0.00 0.00 0
19254 0.00 0.00 0.00 0
19255 0.00 0.00 0.00 0
19256 0.00 0.00 0.00 0
19257 0.00 0.00 0.00 0
20835 0.00 0.00 0.00 0
20836 0.00 0.00 0.00 0
20837 0.00 0.00 0.00 0
20839 0.00 0.00 0.00 0
20886 0.00 0.00 0.00 0
23252 0.00 0.00 0.00 0
23713 0.00 0.00 0.00 0
23714 0.00 0.00 0.00 0
23715 0.00 0.00 0.00 0
23716 0.00 0.00 0.00 0
23717 0.00 0.00 0.00 0
23718 0.00 0.00 0.00 0
23719 0.00 0.00 0.00 0
23720 0.00 0.00 0.00 0
23721 0.00 0.00 0.00 0
23722 0.00 0.00 0.00 0
23723 0.00 0.00 0.00 0
23724 0.00 0.00 0.00 0
23725 0.00 0.00 0.00 0
23785 0.00 0.00 0.00 0
23786 0.00 0.00 0.00 0
23787 0.00 0.00 0.00 0
23788 0.00 0.00 0.00 0
23789 0.00 0.00 0.00 0
23790 0.00 0.00 0.00 0
23791 0.00 0.00 0.00 0
23792 0.00 0.00 0.00 0
24034 0.00 0.00 0.00 0
24035 0.00 0.00 0.00 0
24036 0.00 0.00 0.00 0
24037 0.00 0.00 0.00 0
24038 0.00 0.00 0.00 0
24793 0.00 0.00 0.00 0
24794 0.00 0.00 0.00 0
24795 0.00 0.00 0.00 0
24796 0.00 0.00 0.00 0
24870 0.00 0.00 0.00 0
24871 0.00 0.00 0.00 0
24872 0.00 0.00 0.00 0
25114 0.00 0.00 0.00 0
25115 0.00 0.00 0.00 0
25116 0.00 0.00 0.00 0
25117 0.00 0.00 0.00 0
25118 0.00 0.00 0.00 0
25119 0.00 0.00 0.00 0
25120 0.00 0.00 0.00 0
25121 0.00 0.00 0.00 0
25122 0.00 0.00 0.00 0
25123 0.00 0.00 0.00 0
26497 0.00 0.00 0.00 0
26498 0.00 0.00 0.00 0
26499 0.00 0.00 0.00 0
26500 0.00 0.00 0.00 0
26501 0.00 0.00 0.00 0
26502 0.00 0.00 0.00 0
26503 0.00 0.00 0.00 0
26504 0.00 0.00 0.00 0
26505 0.00 0.00 0.00 0
26506 0.00 0.00 0.00 0
26507 0.00 0.00 0.00 0
26508 0.00 0.00 0.00 0
26509 0.00 0.00 0.00 0
26510 0.00 0.00 0.00 0
26511 0.00 0.00 0.00 0
26512 0.00 0.00 0.00 0
26513 0.00 0.00 0.00 0
26514 0.00 0.00 0.00 0
26515 0.00 0.00 0.00 0
26516 0.00 0.00 0.00 0
26517 0.00 0.00 0.00 0
26518 0.00 0.00 0.00 0
26519 0.00 0.00 0.00 0
26520 0.00 0.00 0.00 0
26521 0.00 0.00 0.00 0
26522 0.00 0.00 0.00 0
26523 0.00 0.00 0.00 0
26524 0.00 0.00 0.00 0
26525 0.00 0.00 0.00 0
26526 0.00 0.00 0.00 0
26527 0.00 0.00 0.00 0
26528 0.00 0.00 0.00 0
26529 0.00 0.00 0.00 0
26530 0.00 0.00 0.00 0
26531 0.00 0.00 0.00 0
26532 0.00 0.00 0.00 0
26728 0.00 0.00 0.00 0
26729 0.00 0.00 0.00 0
26730 0.00 0.00 0.00 0
27477 0.00 0.00 0.00 0
27478 0.00 0.00 0.00 0
27479 0.00 0.00 0.00 0
29293 0.00 0.00 0.00 0
29294 0.00 0.00 0.00 0
29295 0.00 0.00 0.00 0
29296 0.00 0.00 0.00 0
29297 0.00 0.00 0.00 0
29298 0.00 0.00 0.00 0
29299 0.00 0.00 0.00 0
29300 0.00 0.00 0.00 0
29301 0.00 0.00 0.00 0
29302 0.00 0.00 0.00 0
29303 0.00 0.00 0.00 0
30367 0.00 0.00 0.00 0
30368 0.00 0.00 0.00 0
30369 0.00 0.00 0.00 0
30370 0.00 0.00 0.00 0
30371 0.00 0.00 0.00 0
30372 0.00 0.00 0.00 0
30373 0.00 0.00 0.00 0
30374 0.00 0.00 0.00 0
30375 0.00 0.00 0.00 0
30376 0.00 0.00 0.00 0
30377 0.00 0.00 0.00 0
30378 0.00 0.00 0.00 0
30379 0.00 0.00 0.00 0
30380 0.00 0.00 0.00 0
30381 0.00 0.00 0.00 0
30382 0.00 0.00 0.00 0
30383 0.00 0.00 0.00 0
30384 0.00 0.00 0.00 0
30385 0.00 0.00 0.00 0
30386 0.00 0.00 0.00 0
30387 0.00 0.00 0.00 0
30388 0.00 0.00 0.00 0
30389 0.00 0.00 0.00 0
30390 0.00 0.00 0.00 0
30391 0.00 0.00 0.00 0
30392 0.00 0.00 0.00 0
30393 0.00 0.00 0.00 0
30394 0.00 0.00 0.00 0
30395 0.00 0.00 0.00 0
30396 0.00 0.00 0.00 0
30397 0.00 0.00 0.00 0
30540 0.00 0.00 0.00 0
30541 0.00 0.00 0.00 0
30548 0.00 0.00 0.00 0
30549 0.00 0.00 0.00 0
30550 0.00 0.00 0.00 0
30551 0.00 0.00 0.00 0
30552 0.00 0.00 0.00 0
30553 0.00 0.00 0.00 0
30554 0.00 0.00 0.00 0
31120 0.00 0.00 0.00 0
31125 0.00 0.00 0.00 0
32818 0.00 0.00 0.00 0
32819 0.00 0.00 0.00 0
32820 0.00 0.00 0.00 0
32821 0.00 0.00 0.00 0
32822 0.00 0.00 0.00 0
32823 0.00 0.00 0.00 0
32824 0.00 0.00 0.00 0
32825 0.00 0.00 0.00 0
32826 0.00 0.00 0.00 0
32827 0.00 0.00 0.00 0
32828 0.00 0.00 0.00 0
32836 0.00 0.00 0.00 0
32837 0.00 0.00 0.00 0
32980 0.00 0.00 0.00 0
32981 0.00 0.00 0.00 0
32982 0.00 0.00 0.00 0
32983 0.00 0.00 0.00 0
32984 0.00 0.00 0.00 0
32985 0.00 0.00 0.00 0
32986 0.00 0.00 0.00 0
32987 0.00 0.00 0.00 0
33499 0.00 0.00 0.00 0
33500 0.00 0.00 0.00 0
33501 0.00 0.00 0.00 0
33502 0.00 0.00 0.00 0
33503 0.00 0.00 0.00 0
33504 0.00 0.00 0.00 0
33505 0.00 0.00 0.00 0
33506 0.00 0.00 0.00 0
33507 0.00 0.00 0.00 0
33508 0.00 0.00 0.00 0
33509 0.00 0.00 0.00 0
33510 0.00 0.00 0.00 0
33511 0.00 0.00 0.00 0
33512 0.00 0.00 0.00 0
33513 0.00 0.00 0.00 0
33514 0.00 0.00 0.00 0
33515 0.00 0.00 0.00 0
33516 0.00 0.00 0.00 0
33517 0.00 0.00 0.00 0
33518 0.00 0.00 0.00 0
33523 0.00 0.00 0.00 0
33527 0.00 0.00 0.00 0
36348 0.00 0.00 0.00 0
36349 0.00 0.00 0.00 0
36350 0.00 0.00 0.00 0
36351 0.00 0.00 0.00 0
36352 0.00 0.00 0.00 0
36353 0.00 0.00 0.00 0
36354 0.00 0.00 0.00 0
36355 0.00 0.00 0.00 0
36356 0.00 0.00 0.00 0
36357 0.00 0.00 0.00 0
36358 0.00 0.00 0.00 0
36359 0.00 0.00 0.00 0
36360 0.00 0.00 0.00 0
36361 0.00 0.00 0.00 0
36362 0.00 0.00 0.00 0
36363 0.00 0.00 0.00 0
36364 0.00 0.00 0.00 0
36365 0.00 0.00 0.00 0
36366 0.00 0.00 0.00 0
36367 0.00 0.00 0.00 0
36368 0.00 0.00 0.00 0
36369 0.00 0.00 0.00 0
36370 0.00 0.00 0.00 0
36371 0.00 0.00 0.00 0
36372 0.00 0.00 0.00 0
36373 0.00 0.00 0.00 0
36374 0.00 0.00 0.00 0
36375 0.00 0.00 0.00 0
36376 0.00 0.00 0.00 0
36377 0.00 0.00 0.00 0
36378 0.00 0.00 0.00 0
36379 0.00 0.00 0.00 0
36380 0.00 0.00 0.00 0
36381 0.00 0.00 0.00 0
36382 0.00 0.00 0.00 0
36383 0.00 0.00 0.00 0
36384 0.00 0.00 0.00 0
36385 0.00 0.00 0.00 0
36386 0.00 0.00 0.00 0
36387 0.00 0.00 0.00 0
36388 0.00 0.00 0.00 0
36389 0.00 0.00 0.00 0
36390 0.00 0.00 0.00 0
36391 0.00 0.00 0.00 0
36392 0.00 0.00 0.00 0
36393 0.00 0.00 0.00 0
36394 0.00 0.00 0.00 0
36395 0.00 0.00 0.00 0
36396 0.00 0.00 0.00 0
36397 0.00 0.00 0.00 0
36398 0.00 0.00 0.00 0
36399 0.00 0.00 0.00 0
36400 0.00 0.00 0.00 0
36401 0.00 0.00 0.00 0
36402 0.00 0.00 0.00 0
36403 0.00 0.00 0.00 0
36404 0.00 0.00 0.00 0
36405 0.00 0.00 0.00 0
36406 0.00 0.00 0.00 0
36407 0.00 0.00 0.00 0
36408 0.00 0.00 0.00 0
36409 0.00 0.00 0.00 0
36410 0.00 0.00 0.00 0
36411 0.00 0.00 0.00 0
36412 0.00 0.00 0.00 0
36413 0.00 0.00 0.00 0
36414 0.00 0.00 0.00 0
36415 0.00 0.00 0.00 0
38314 0.00 0.00 0.00 0
38315 0.00 0.00 0.00 0
38316 0.00 0.00 0.00 0
38317 0.00 0.00 0.00 0
38318 0.00 0.00 0.00 0
38319 0.00 0.00 0.00 0
38374 0.00 0.00 0.00 0
38375 0.00 0.00 0.00 0
38376 0.00 0.00 0.00 0
41335 0.00 0.00 0.00 0
41336 0.00 0.00 0.00 0
41337 0.00 0.00 0.00 0
41338 0.00 0.00 0.00 0
41339 0.00 0.00 0.00 0
41340 0.00 0.00 0.00 0
41341 0.00 0.00 0.00 0
41375 0.00 0.00 0.00 0
41376 0.00 0.00 0.00 0
41377 0.00 0.00 0.00 0
41378 0.00 0.00 0.00 0
41512 0.00 0.00 0.00 0
41513 0.00 0.00 0.00 0
41514 0.00 0.00 0.00 0
42112 0.00 0.00 0.00 0
42113 0.00 0.00 0.00 0
42114 0.00 0.00 0.00 0
42115 0.00 0.00 0.00 0
42116 0.00 0.00 0.00 0
42117 0.00 0.00 0.00 0
42119 0.00 0.00 0.00 0
42880 0.00 0.00 0.00 0
42881 0.00 0.00 0.00 0
42882 0.00 0.00 0.00 0
42883 0.00 0.00 0.00 0
42884 0.00 0.00 0.00 0
42885 0.00 0.00 0.00 0
42886 0.00 0.00 0.00 0
42887 0.00 0.00 0.00 0
42888 0.00 0.00 0.00 0
42889 0.00 0.00 0.00 0
42890 0.00 0.00 0.00 0
42891 0.00 0.00 0.00 0
42892 0.00 0.00 0.00 0
42893 0.00 0.00 0.00 0
42894 0.00 0.00 0.00 0
42895 0.00 0.00 0.00 0
42896 0.00 0.00 0.00 0
42897 0.00 0.00 0.00 0
42899 0.00 0.00 0.00 0
43010 0.00 0.00 0.00 0
43011 0.00 0.00 0.00 0
43012 0.00 0.00 0.00 0
43013 0.00 0.00 0.00 0
44512 0.00 0.00 0.00 0
44513 0.00 0.00 0.00 0
44514 0.00 0.00 0.00 0
44515 0.00 0.00 0.00 0
44516 0.00 0.00 0.00 0
44517 0.00 0.00 0.00 0
44518 0.00 0.00 0.00 0
44519 0.00 0.00 0.00 0
45280 0.00 0.00 0.00 0
45281 0.00 0.00 0.00 0
45282 0.00 0.00 0.00 0
45283 0.00 0.00 0.00 0
45284 0.00 0.00 0.00 0
45285 0.00 0.00 0.00 0
45286 0.00 0.00 0.00 0
45287 0.00 0.00 0.00 0
45288 0.00 0.00 0.00 0
45289 0.00 0.00 0.00 0
45290 0.00 0.00 0.00 0
45291 0.00 0.00 0.00 0
45292 0.00 0.00 0.00 0
45293 0.00 0.00 0.00 0
45294 0.00 0.00 0.00 0
45295 0.00 0.00 0.00 0
45296 0.00 0.00 0.00 0
45297 0.00 0.00 0.00 0
45298 0.00 0.00 0.00 0
45299 0.00 0.00 0.00 0
45300 0.00 0.00 0.00 0
45301 0.00 0.00 0.00 0
45400 0.00 0.00 0.00 0
45401 0.00 0.00 0.00 0
45402 0.00 0.00 0.00 0
45403 0.00 0.00 0.00 0
45404 0.00 0.00 0.00 0
45405 0.00 0.00 0.00 0
45406 0.00 0.00 0.00 0
45407 0.00 0.00 0.00 0
45408 0.00 0.00 0.00 0
45409 0.00 0.00 0.00 0
45410 0.00 0.00 0.00 0
45411 0.00 0.00 0.00 0
45412 0.00 0.00 0.00 0
45413 0.00 0.00 0.00 0
45817 0.00 0.00 0.00 0
45818 0.00 0.00 0.00 0
45819 0.00 0.00 0.00 0
45820 0.00 0.00 0.00 0
45821 0.00 0.00 0.00 0
45822 0.00 0.00 0.00 0
45824 0.00 0.00 0.00 0
47080 0.00 0.00 0.00 0
47081 0.00 0.00 0.00 0
47082 0.00 0.00 0.00 0
47084 0.00 0.00 0.00 0
47085 0.00 0.00 0.00 0
47086 0.00 0.00 0.00 0
47208 0.00 0.00 0.00 0
47209 0.00 0.00 0.00 0
47210 0.00 0.00 0.00 0
47211 0.00 0.00 0.00 0
47212 0.00 0.00 0.00 0
47213 0.00 0.00 0.00 0
47617 0.00 0.00 0.00 0
47618 0.00 0.00 0.00 0
47619 0.00 0.00 0.00 0
47620 0.00 0.00 0.00 0
47621 0.00 0.00 0.00 0
47622 0.00 0.00 0.00 0
47623 0.00 0.00 0.00 0
47624 0.00 0.00 0.00 0
47625 0.00 0.00 0.00 0
47626 0.00 0.00 0.00 0
47627 0.00 0.00 0.00 0
47628 0.00 0.00 0.00 0
47629 0.00 0.00 0.00 0
47630 0.00 0.00 0.00 0
47631 0.00 0.00 0.00 0
47632 0.00 0.00 0.00 0
47638 0.00 0.00 0.00 0
49918 0.00 0.00 0.00 0
49919 0.00 0.00 0.00 0
49920 0.00 0.00 0.00 0
49921 0.00 0.00 0.00 0
49922 0.00 0.00 0.00 0
49923 0.00 0.00 0.00 0
49924 0.00 0.00 0.00 0
49925 0.00 0.00 0.00 0
49926 0.00 0.00 0.00 0
49927 0.00 0.00 0.00 0
49928 0.00 0.00 0.00 0
49929 0.00 0.00 0.00 0
49930 0.00 0.00 0.00 0
49931 0.00 0.00 0.00 0
49932 0.00 0.00 0.00 0
49933 0.00 0.00 0.00 0
49934 0.00 0.00 0.00 0
49935 0.00 0.00 0.00 0
49936 0.00 0.00 0.00 0
49937 0.00 0.00 0.00 0
49938 0.00 0.00 0.00 0
49939 0.00 0.00 0.00 0
49940 0.00 0.00 0.00 0
49941 0.00 0.00 0.00 0
49942 0.00 0.00 0.00 0
49943 0.00 0.00 0.00 0
49944 0.00 0.00 0.00 0
49945 0.00 0.00 0.00 0
49946 0.00 0.00 0.00 0
49947 0.00 0.00 0.00 0
49948 0.00 0.00 0.00 0
49949 0.00 0.00 0.00 0
49950 0.00 0.00 0.00 0
49951 0.00 0.00 0.00 0
49952 0.00 0.00 0.00 0
49953 0.00 0.00 0.00 0
49954 0.00 0.00 0.00 0
49955 0.00 0.00 0.00 0
49956 0.00 0.00 0.00 0
49957 0.00 0.00 0.00 0
49958 0.00 0.00 0.00 0
49959 0.00 0.00 0.00 0
49960 0.00 0.00 0.00 0
49961 0.00 0.00 0.00 0
49962 0.00 0.00 0.00 0
49963 0.00 0.00 0.00 0
49964 0.00 0.00 0.00 0
49965 0.00 0.00 0.00 0
49966 0.00 0.00 0.00 0
49967 0.00 0.00 0.00 0
49968 0.00 0.00 0.00 0
49969 0.00 0.00 0.00 0
49970 0.00 0.00 0.00 0
49971 0.00 0.00 0.00 0
49972 0.00 0.00 0.00 0
49973 0.00 0.00 0.00 0
49974 0.00 0.00 0.00 0
49975 0.00 0.00 0.00 0
49976 0.00 0.00 0.00 0
49977 0.00 0.00 0.00 0
51555 0.00 0.00 0.00 0
51556 0.00 0.00 0.00 0
51557 0.00 0.00 0.00 0
54880 0.00 0.00 0.00 0
54881 0.00 0.00 0.00 0
54882 0.00 0.00 0.00 0
54883 0.00 0.00 0.00 0
54884 0.00 0.00 0.00 0
54885 0.00 0.00 0.00 0
54886 0.00 0.00 0.00 0
54887 0.00 0.00 0.00 0
54888 0.00 0.00 0.00 0
54889 0.00 0.00 0.00 0
54890 0.00 0.00 0.00 0
54891 0.00 0.00 0.00 0
54892 0.00 0.00 0.00 0
54893 0.00 0.00 0.00 0
54894 0.00 0.00 0.00 0
54895 0.00 0.00 0.00 0
54896 0.00 0.00 0.00 0
54897 0.00 0.00 0.00 0
54898 0.00 0.00 0.00 0
54899 0.00 0.00 0.00 0
54900 0.00 0.00 0.00 0
54901 0.00 0.00 0.00 0
55000 0.00 0.00 0.00 0
55001 0.00 0.00 0.00 0
55002 0.00 0.00 0.00 0
55003 0.00 0.00 0.00 0
55004 0.00 0.00 0.00 0
55005 0.00 0.00 0.00 0
55006 0.00 0.00 0.00 0
55007 0.00 0.00 0.00 0
55008 0.00 0.00 0.00 0
55009 0.00 0.00 0.00 0
55010 0.00 0.00 0.00 0
55011 0.00 0.00 0.00 0
55012 0.00 0.00 0.00 0
55013 0.00 0.00 0.00 0
55417 0.00 0.00 0.00 0
55418 0.00 0.00 0.00 0
55419 0.00 0.00 0.00 0
55420 0.00 0.00 0.00 0
55421 0.00 0.00 0.00 0
55422 0.00 0.00 0.00 0
55423 0.00 0.00 0.00 0
55424 0.00 0.00 0.00 0
56680 0.00 0.00 0.00 0
56681 0.00 0.00 0.00 0
56682 0.00 0.00 0.00 0
56811 0.00 0.00 0.00 0
56812 0.00 0.00 0.00 0
56813 0.00 0.00 0.00 0
57217 0.00 0.00 0.00 0
57218 0.00 0.00 0.00 0
57219 0.00 0.00 0.00 0
57220 0.00 0.00 0.00 0
57221 0.00 0.00 0.00 0
57222 0.00 0.00 0.00 0
57223 0.00 0.00 0.00 0
57224 0.00 0.00 0.00 0
57225 0.00 0.00 0.00 0
57226 0.00 0.00 0.00 0
57227 0.00 0.00 0.00 0
57228 0.00 0.00 0.00 0
57229 0.00 0.00 0.00 0
57230 0.00 0.00 0.00 0
57231 0.00 0.00 0.00 0
57232 0.00 0.00 0.00 0
57233 0.00 0.00 0.00 0
57234 0.00 0.00 0.00 0
59518 0.00 0.00 0.00 0
59519 0.00 0.00 0.00 0
59520 0.00 0.00 0.00 0
59521 0.00 0.00 0.00 0
59522 0.00 0.00 0.00 0
59523 0.00 0.00 0.00 0
59524 0.00 0.00 0.00 0
59525 0.00 0.00 0.00 0
59526 0.00 0.00 0.00 0
59527 0.00 0.00 0.00 0
59528 0.00 0.00 0.00 0
59529 0.00 0.00 0.00 0
59530 0.00 0.00 0.00 0
59531 0.00 0.00 0.00 0
59532 0.00 0.00 0.00 0
59533 0.00 0.00 0.00 0
59534 0.00 0.00 0.00 0
59535 0.00 0.00 0.00 0
59536 0.00 0.00 0.00 0
59537 0.00 0.00 0.00 0
59538 0.00 0.00 0.00 0
59539 0.00 0.00 0.00 0
59540 0.00 0.00 0.00 0
59541 0.00 0.00 0.00 0
59542 0.00 0.00 0.00 0
59543 0.00 0.00 0.00 0
59544 0.00 0.00 0.00 0
59545 0.00 0.00 0.00 0
59546 0.00 0.00 0.00 0
59547 0.00 0.00 0.00 0
59548 0.00 0.00 0.00 0
59549 0.00 0.00 0.00 0
59550 0.00 0.00 0.00 0
59551 0.00 0.00 0.00 0
59552 0.00 0.00 0.00 0
59553 0.00 0.00 0.00 0
59554 0.00 0.00 0.00 0
59555 0.00 0.00 0.00 0
59556 0.00 0.00 0.00 0
59557 0.00 0.00 0.00 0
59558 0.00 0.00 0.00 0
59559 0.00 0.00 0.00 0
59560 0.00 0.00 0.00 0
59561 0.00 0.00 0.00 0
59562 0.00 0.00 0.00 0
59563 0.00 0.00 0.00 0
59564 0.00 0.00 0.00 0
59565 0.00 0.00 0.00 0
59566 0.00 0.00 0.00 0
59567 0.00 0.00 0.00 0
59568 0.00 0.00 0.00 0
59569 0.00 0.00 0.00 0
59570 0.00 0.00 0.00 0
59571 0.00 0.00 0.00 0
59572 0.00 0.00 0.00 0
59573 0.00 0.00 0.00 0
59574 0.00 0.00 0.00 0
59575 0.00 0.00 0.00 0
59576 0.00 0.00 0.00 0
59577 0.00 0.00 0.00 0
59905 0.00 0.00 0.00 0
59906 0.00 0.00 0.00 0
59907 0.00 0.00 0.00 0
59908 0.00 0.00 0.00 0
59909 0.00 0.00 0.00 0
61155 0.00 0.00 0.00 0
61156 0.00 0.00 0.00 0
61157 0.00 0.00 0.00 0
61159 0.00 0.00 0.00 0
64417 0.00 0.00 0.00 0
64418 0.00 0.00 0.00 0
64419 0.00 0.00 0.00 0
64420 0.00 0.00 0.00 0
64421 0.00 0.00 0.00 0
64422 0.00 0.00 0.00 0
64423 0.00 0.00 0.00 0
64424 0.00 0.00 0.00 0
64425 0.00 0.00 0.00 0
64426 0.00 0.00 0.00 0
64427 0.00 0.00 0.00 0
64428 0.00 0.00 0.00 0
64429 0.00 0.00 0.00 0
64430 0.00 0.00 0.00 0
64431 0.00 0.00 0.00 0
64432 0.00 0.00 0.00 0
64433 0.00 0.00 0.00 0
64434 0.00 0.00 0.00 0
64435 0.00 0.00 0.00 0
64436 0.00 0.00 0.00 0
64437 0.00 0.00 0.00 0
64438 0.00 0.00 0.00 0
64439 0.00 0.00 0.00 0
66715 0.00 0.00 0.00 0
66716 0.00 0.00 0.00 0
66717 0.00 0.00 0.00 0
66718 0.00 0.00 0.00 0
66719 0.00 0.00 0.00 0
66720 0.00 0.00 0.00 0
66721 0.00 0.00 0.00 0
66722 0.00 0.00 0.00 0
66723 0.00 0.00 0.00 0
66724 0.00 0.00 0.00 0
66725 0.00 0.00 0.00 0
66726 0.00 0.00 0.00 0
66727 0.00 0.00 0.00 0
66728 0.00 0.00 0.00 0
66729 0.00 0.00 0.00 0
66730 0.00 0.00 0.00 0
66731 0.00 0.00 0.00 0
66732 0.00 0.00 0.00 0
66733 0.00 0.00 0.00 0
66734 0.00 0.00 0.00 0
66735 0.00 0.00 0.00 0
66736 0.00 0.00 0.00 0
66737 0.00 0.00 0.00 0
66738 0.00 0.00 0.00 0
66739 0.00 0.00 0.00 0
66740 0.00 0.00 0.00 0
66741 0.00 0.00 0.00 0
66742 0.00 0.00 0.00 0
66743 0.00 0.00 0.00 0
66744 0.00 0.00 0.00 0
66745 0.00 0.00 0.00 0
66746 0.00 0.00 0.00 0
66747 0.00 0.00 0.00 0
66748 0.00 0.00 0.00 0
66749 0.00 0.00 0.00 0
66750 0.00 0.00 0.00 0
66751 0.00 0.00 0.00 0
66752 0.00 0.00 0.00 0
66753 0.00 0.00 0.00 0
66754 0.00 0.00 0.00 0
66755 0.00 0.00 0.00 0
66756 0.00 0.00 0.00 0
66757 0.00 0.00 0.00 0
66758 0.00 0.00 0.00 0
66759 0.00 0.00 0.00 0
66760 0.00 0.00 0.00 0
66761 0.00 0.00 0.00 0
66762 0.00 0.00 0.00 0
66763 0.00 0.00 0.00 0
66764 0.00 0.00 0.00 0
66765 0.00 0.00 0.00 0
66766 0.00 0.00 0.00 0
66767 0.00 0.00 0.00 0
66768 0.00 0.00 0.00 0
66769 0.00 0.00 0.00 0
66770 0.00 0.00 0.00 0
66771 0.00 0.00 0.00 0
66772 0.00 0.00 0.00 0
66773 0.00 0.00 0.00 0
66774 0.00 0.00 0.00 0
66775 0.00 0.00 0.00 0
66776 0.00 0.00 0.00 0
66777 0.00 0.00 0.00 0
66778 0.00 0.00 0.00 0
66779 0.00 0.00 0.00 0
66780 0.00 0.00 0.00 0
66781 0.00 0.00 0.00 0
67078 0.00 0.00 0.00 0
67083 0.00 0.00 0.00 0
67084 0.00 0.00 0.00 0
67085 0.00 0.00 0.00 0
67086 0.00 0.00 0.00 0
67087 0.00 0.00 0.00 0
67088 0.00 0.00 0.00 0
67100 0.00 0.00 0.00 0
67101 0.00 0.00 0.00 0
67102 0.00 0.00 0.00 0
67103 0.00 0.00 0.00 0
67104 0.00 0.00 0.00 0
67105 0.00 0.00 0.00 0
67106 0.00 0.00 0.00 0
67107 0.00 0.00 0.00 0
67108 0.00 0.00 0.00 0
67109 0.00 0.00 0.00 0
67110 0.00 0.00 0.00 0
67111 0.00 0.00 0.00 0
67112 0.00 0.00 0.00 0
67113 0.00 0.00 0.00 0
67114 0.00 0.00 0.00 0
67115 0.00 0.00 0.00 0
67116 0.00 0.00 0.00 0
67117 0.00 0.00 0.00 0
67118 0.00 0.00 0.00 0
68332 0.00 0.00 0.00 0
68333 0.00 0.00 0.00 0
68334 0.00 0.00 0.00 0
68335 0.00 0.00 0.00 0
68340 0.00 0.00 0.00 0
68341 0.00 0.00 0.00 0
68342 0.00 0.00 0.00 0
68343 0.00 0.00 0.00 0
68344 0.00 0.00 0.00 0
72115 0.00 0.00 0.00 0
72116 0.00 0.00 0.00 0
72117 0.00 0.00 0.00 0
72118 0.00 0.00 0.00 0
72119 0.00 0.00 0.00 0
72120 0.00 0.00 0.00 0
72121 0.00 0.00 0.00 0
72122 0.00 0.00 0.00 0
72123 0.00 0.00 0.00 0
72124 0.00 0.00 0.00 0
72125 0.00 0.00 0.00 0
72126 0.00 0.00 0.00 0
72127 0.00 0.00 0.00 0
72128 0.00 0.00 0.00 0
72129 0.00 0.00 0.00 0
72130 0.00 0.00 0.00 0
72131 0.00 0.00 0.00 0
72132 0.00 0.00 0.00 0
72133 0.00 0.00 0.00 0
72134 0.00 0.00 0.00 0
72135 0.00 0.00 0.00 0
72136 0.00 0.00 0.00 0
72137 0.00 0.00 0.00 0
72159 0.00 0.00 0.00 0
72161 0.00 0.00 0.00 0
72498 0.00 0.00 0.00 0
72499 0.00 0.00 0.00 0
72500 0.00 0.00 0.00 0
72501 0.00 0.00 0.00 0
72502 0.00 0.00 0.00 0
72503 0.00 0.00 0.00 0
72504 0.00 0.00 0.00 0
72505 0.00 0.00 0.00 0
72506 0.00 0.00 0.00 0
72507 0.00 0.00 0.00 0
72508 0.00 0.00 0.00 0
72509 0.00 0.00 0.00 0
72510 0.00 0.00 0.00 0
72511 0.00 0.00 0.00 0
72512 0.00 0.00 0.00 0
72513 0.00 0.00 0.00 0
72514 0.00 0.00 0.00 0
72515 0.00 0.00 0.00 0
72516 0.00 0.00 0.00 0
72517 0.00 0.00 0.00 0
72518 0.00 0.00 0.00 0
73732 0.00 0.00 0.00 0
73733 0.00 0.00 0.00 0
73734 0.00 0.00 0.00 0
73735 0.00 0.00 0.00 0
73736 0.00 0.00 0.00 0
73737 0.00 0.00 0.00 0
73738 0.00 0.00 0.00 0
73739 0.00 0.00 0.00 0
73740 0.00 0.00 0.00 0
73741 0.00 0.00 0.00 0
73742 0.00 0.00 0.00 0
73743 0.00 0.00 0.00 0
73744 0.00 0.00 0.00 0
73745 0.00 0.00 0.00 0
73746 0.00 0.00 0.00 0
73747 0.00 0.00 0.00 0
73748 0.00 0.00 0.00 0
73749 0.00 0.00 0.00 0
73750 0.00 0.00 0.00 0
73751 0.00 0.00 0.00 0
73752 0.00 0.00 0.00 0
73753 0.00 0.00 0.00 0
73754 0.00 0.00 0.00 0
73755 0.00 0.00 0.00 0
73756 0.00 0.00 0.00 0
73757 0.00 0.00 0.00 0
73758 0.00 0.00 0.00 0
73759 0.00 0.00 0.00 0
73760 0.00 0.00 0.00 0
73761 0.00 0.00 0.00 0
73762 0.00 0.00 0.00 0
73763 0.00 0.00 0.00 0
73764 0.00 0.00 0.00 0
73765 0.00 0.00 0.00 0
73766 0.00 0.00 0.00 0
73767 0.00 0.00 0.00 0
73768 0.00 0.00 0.00 0
73769 0.00 0.00 0.00 0
73770 0.00 0.00 0.00 0
73771 0.00 0.00 0.00 0
73772 0.00 0.00 0.00 0
73773 0.00 0.00 0.00 0
73774 0.00 0.00 0.00 0
73775 0.00 0.00 0.00 0
73776 0.00 0.00 0.00 0
73788 0.00 0.00 0.00 0
73789 0.00 0.00 0.00 0
73790 0.00 0.00 0.00 0
73791 0.00 0.00 0.00 0
80638 0.00 0.00 0.00 0
80642 0.00 0.00 0.00 0
80643 0.00 0.00 0.00 0
80644 0.00 0.00 0.00 0
80645 0.00 0.00 0.00 0
80646 0.00 0.00 0.00 0
80647 0.00 0.00 0.00 0
80648 0.00 0.00 0.00 0
80649 0.00 0.00 0.00 0
80650 0.00 0.00 0.00 0
80651 0.00 0.00 0.00 0
80652 0.00 0.00 0.00 0
80653 0.00 0.00 0.00 0
80654 0.00 0.00 0.00 0
80655 0.00 0.00 0.00 0
80656 0.00 0.00 0.00 0
80657 0.00 0.00 0.00 0
80658 0.00 0.00 0.00 0
80659 0.00 0.00 0.00 0
80660 0.00 0.00 0.00 0
80661 0.00 0.00 0.00 0
80662 0.00 0.00 0.00 0
80663 0.00 0.00 0.00 0
80664 0.00 0.00 0.00 0
80665 0.00 0.00 0.00 0
80666 0.00 0.00 0.00 0
80667 0.00 0.00 0.00 0
80668 0.00 0.00 0.00 0
80669 0.00 0.00 0.00 0
80670 0.00 0.00 0.00 0
80671 0.00 0.00 0.00 0
80672 0.00 0.00 0.00 0
80673 0.00 0.00 0.00 0
80674 0.00 0.00 0.00 0
80675 0.00 0.00 0.00 0
80676 0.00 0.00 0.00 0
80677 0.00 0.00 0.00 0
80678 0.00 0.00 0.00 0
80679 0.00 0.00 0.00 0
80680 0.00 0.00 0.00 0
80681 0.00 0.00 0.00 0
80682 0.00 0.00 0.00 0
80683 0.00 0.00 0.00 0
80684 0.00 0.00 0.00 0
80685 0.00 0.00 0.00 0
80686 0.00 0.00 0.00 0
80687 0.00 0.00 0.00 0
80688 0.00 0.00 0.00 0
80689 0.00 0.00 0.00 0
80690 0.00 0.00 0.00 0
80691 0.00 0.00 0.00 0
80692 0.00 0.00 0.00 0
80693 0.00 0.00 0.00 0
80694 0.00 0.00 0.00 0
80695 0.00 0.00 0.00 0
80696 0.00 0.00 0.00 0
80697 0.00 0.00 0.00 0
80698 0.00 0.00 0.00 0
80699 0.00 0.00 0.00 0
80700 0.00 0.00 0.00 0
80701 0.00 0.00 0.00 0
80702 0.00 0.00 0.00 0
80703 0.00 0.00 0.00 0
80704 0.00 0.00 0.00 0
80705 0.00 0.00 0.00 0
80706 0.00 0.00 0.00 0
80707 0.00 0.00 0.00 0
80708 0.00 0.00 0.00 0
80709 0.00 0.00 0.00 0
80710 0.00 0.00 0.00 0
80711 0.00 0.00 0.00 0
80712 0.00 0.00 0.00 0
80713 0.00 0.00 0.00 0
80714 0.00 0.00 0.00 0
80715 0.00 0.00 0.00 0
80716 0.00 0.00 0.00 0
80717 0.00 0.00 0.00 0
80718 0.00 0.00 0.00 0
80719 0.00 0.00 0.00 0
80720 0.00 0.00 0.00 0
80721 0.00 0.00 0.00 0
80722 0.00 0.00 0.00 0
80723 0.00 0.00 0.00 0
80724 0.00 0.00 0.00 0
80725 0.00 0.00 0.00 0
80726 0.00 0.00 0.00 0
80727 0.00 0.00 0.00 0
80728 0.00 0.00 0.00 0
80729 0.00 0.00 0.00 0
80730 0.00 0.00 0.00 0
80731 0.00 0.00 0.00 0
80732 0.00 0.00 0.00 0
80733 0.00 0.00 0.00 0
80734 0.00 0.00 0.00 0
80735 0.00 0.00 0.00 0
80736 0.00 0.00 0.00 0
80737 0.00 0.00 0.00 0
80738 0.00 0.00 0.00 0
80739 0.00 0.00 0.00 0
80740 0.00 0.00 0.00 0
80741 0.00 0.00 0.00 0
80742 0.00 0.00 0.00 0
80743 0.00 0.00 0.00 0
80744 0.00 0.00 0.00 0
80745 0.00 0.00 0.00 0
80746 0.00 0.00 0.00 0
80747 0.00 0.00 0.00 0
80748 0.00 0.00 0.00 0
80749 0.00 0.00 0.00 0
80750 0.00 0.00 0.00 0
80751 0.00 0.00 0.00 0
80752 0.00 0.00 0.00 0
80753 0.00 0.00 0.00 0
80754 0.00 0.00 0.00 0
80755 0.00 0.00 0.00 0
80756 0.00 0.00 0.00 0
80757 0.00 0.00 0.00 0
80758 0.00 0.00 0.00 0
80759 0.00 0.00 0.00 0
80760 0.00 0.00 0.00 0
80761 0.00 0.00 0.00 0
80762 0.00 0.00 0.00 0
80763 0.00 0.00 0.00 0
80764 0.00 0.00 0.00 0
80765 0.00 0.00 0.00 0
80766 0.00 0.00 0.00 0
80767 0.00 0.00 0.00 0
80768 0.00 0.00 0.00 0
80769 0.00 0.00 0.00 0
80770 0.00 0.00 0.00 0
80771 0.00 0.00 0.00 0
80772 0.00 0.00 0.00 0
80773 0.00 0.00 0.00 0
80774 0.00 0.00 0.00 0
80775 0.00 0.00 0.00 0
80776 0.00 0.00 0.00 0
80777 0.00 0.00 0.00 0
80778 0.00 0.00 0.00 0
80779 0.00 0.00 0.00 0
80780 0.00 0.00 0.00 0
80781 0.00 0.00 0.00 0
80782 0.00 0.00 0.00 0
80783 0.00 0.00 0.00 0
80784 0.00 0.00 0.00 0
80785 0.00 0.00 0.00 0
80786 0.00 0.00 0.00 0
80787 0.00 0.00 0.00 0
80788 0.00 0.00 0.00 0
80789 0.00 0.00 0.00 0
80790 0.00 0.00 0.00 0
80791 0.00 0.00 0.00 0
80792 0.00 0.00 0.00 0
80793 0.00 0.00 0.00 0
80794 0.00 0.00 0.00 0
80795 0.00 0.00 0.00 0
80796 0.00 0.00 0.00 0
80797 0.00 0.00 0.00 0
80798 0.00 0.00 0.00 0
80799 0.00 0.00 0.00 0
80800 0.00 0.00 0.00 0
80801 0.00 0.00 0.00 0
80802 0.00 0.00 0.00 0
80803 0.00 0.00 0.00 0
80804 0.00 0.00 0.00 0
80805 0.00 0.00 0.00 0
80806 0.00 0.00 0.00 0
80807 0.00 0.00 0.00 0
80808 0.00 0.00 0.00 0
80809 0.00 0.00 0.00 0
80810 0.00 0.00 0.00 0
80812 0.00 0.00 0.00 0
81798 0.00 0.00 0.00 0
85545 0.00 0.00 0.00 0
85546 0.00 0.00 0.00 0
85547 0.00 0.00 0.00 0
85548 0.00 0.00 0.00 0
85549 0.00 0.00 0.00 0
85550 0.00 0.00 0.00 0
85551 0.00 0.00 0.00 0
85552 0.00 0.00 0.00 0
85553 0.00 0.00 0.00 0
85554 0.00 0.00 0.00 0
85555 0.00 0.00 0.00 0
85557 0.00 0.00 0.00 0
85558 0.00 0.00 0.00 0
85559 0.00 0.00 0.00 0
85560 0.00 0.00 0.00 0
85696 0.00 0.00 0.00 0
85697 0.00 0.00 0.00 0
85698 0.00 0.00 0.00 0
85699 0.00 0.00 0.00 0
85700 0.00 0.00 0.00 0
85701 0.00 0.00 0.00 0
85702 0.00 0.00 0.00 0
85741 0.00 0.00 0.00 0
92833 0.00 0.00 0.00 0
92834 0.00 0.00 0.00 0
92835 0.00 0.00 0.00 0
92836 0.00 0.00 0.00 0
92837 0.00 0.00 0.00 0
92838 0.00 0.00 0.00 0
92839 0.00 0.00 0.00 0
92840 0.00 0.00 0.00 0
92841 0.00 0.00 0.00 0
92842 0.00 0.00 0.00 0
92843 0.00 0.00 0.00 0
92844 0.00 0.00 0.00 0
92845 0.00 0.00 0.00 0
92905 0.00 0.00 0.00 0
92906 0.00 0.00 0.00 0
92907 0.00 0.00 0.00 0
92908 0.00 0.00 0.00 0
92909 0.00 0.00 0.00 0
92910 0.00 0.00 0.00 0
92911 0.00 0.00 0.00 0
92912 0.00 0.00 0.00 0
93154 0.00 0.00 0.00 0
93155 0.00 0.00 0.00 0
93156 0.00 0.00 0.00 0
93157 0.00 0.00 0.00 0
93158 0.00 0.00 0.00 0
94234 0.00 0.00 0.00 0
94235 0.00 0.00 0.00 0
94236 0.00 0.00 0.00 0
94237 0.00 0.00 0.00 0
94238 0.00 0.00 0.00 0
94239 0.00 0.00 0.00 0
94240 0.00 0.00 0.00 0
94241 0.00 0.00 0.00 0
94242 0.00 0.00 0.00 0
94243 0.00 0.00 0.00 0
95616 0.00 0.00 0.00 0
95617 0.00 0.00 0.00 0
95618 0.00 0.00 0.00 0
95619 0.00 0.00 0.00 0
95620 0.00 0.00 0.00 0
95621 0.00 0.00 0.00 0
95622 0.00 0.00 0.00 0
95623 0.00 0.00 0.00 0
95624 0.00 0.00 0.00 0
95625 0.00 0.00 0.00 0
95626 0.00 0.00 0.00 0
95627 0.00 0.00 0.00 0
95628 0.00 0.00 0.00 0
95629 0.00 0.00 0.00 0
95630 0.00 0.00 0.00 0
95631 0.00 0.00 0.00 0
95632 0.00 0.00 0.00 0
95633 0.00 0.00 0.00 0
95634 0.00 0.00 0.00 0
95635 0.00 0.00 0.00 0
95636 0.00 0.00 0.00 0
95637 0.00 0.00 0.00 0
95638 0.00 0.00 0.00 0
95639 0.00 0.00 0.00 0
95640 0.00 0.00 0.00 0
95641 0.00 0.00 0.00 0
95642 0.00 0.00 0.00 0
95643 0.00 0.00 0.00 0
95644 0.00 0.00 0.00 0
95645 0.00 0.00 0.00 0
95646 0.00 0.00 0.00 0
95647 0.00 0.00 0.00 0
95648 0.00 0.00 0.00 0
95649 0.00 0.00 0.00 0
95650 0.00 0.00 0.00 0
95651 0.00 0.00 0.00 0
95652 0.00 0.00 0.00 0
95848 0.00 0.00 0.00 0
95849 0.00 0.00 0.00 0
95850 0.00 0.00 0.00 0
95851 0.00 0.00 0.00 0
95852 0.00 0.00 0.00 0
96597 0.00 0.00 0.00 0
96598 0.00 0.00 0.00 0
96599 0.00 0.00 0.00 0
98554 0.00 0.00 0.00 0
98555 0.00 0.00 0.00 0
98556 0.00 0.00 0.00 0
98557 0.00 0.00 0.00 0
98558 0.00 0.00 0.00 0
98559 0.00 0.00 0.00 0
98560 0.00 0.00 0.00 0
98561 0.00 0.00 0.00 0
98562 0.00 0.00 0.00 0
98563 0.00 0.00 0.00 0
98564 0.00 0.00 0.00 0
98565 0.00 0.00 0.00 0
98566 0.00 0.00 0.00 0
98567 0.00 0.00 0.00 0
99934 0.00 0.00 0.00 0
99935 0.00 0.00 0.00 0
99936 0.00 0.00 0.00 0
99937 0.00 0.00 0.00 0
99938 0.00 0.00 0.00 0
99939 0.00 0.00 0.00 0
99940 0.00 0.00 0.00 0
99941 0.00 0.00 0.00 0
99942 0.00 0.00 0.00 0
99943 0.00 0.00 0.00 0
99944 0.00 0.00 0.00 0
99945 0.00 0.00 0.00 0
99946 0.00 0.00 0.00 0
99947 0.00 0.00 0.00 0
99948 0.00 0.00 0.00 0
99949 0.00 0.00 0.00 0
99950 0.00 0.00 0.00 0
99951 0.00 0.00 0.00 0
99952 0.00 0.00 0.00 0
99953 0.00 0.00 0.00 0
99954 0.00 0.00 0.00 0
99955 0.00 0.00 0.00 0
99956 0.00 0.00 0.00 0
99957 0.00 0.00 0.00 0
99958 0.00 0.00 0.00 0
99959 0.00 0.00 0.00 0
99960 0.00 0.00 0.00 0
99961 0.00 0.00 0.00 0
99962 0.00 0.00 0.00 0
99963 0.00 0.00 0.00 0
99964 0.00 0.00 0.00 0
99965 0.00 0.00 0.00 0
99966 0.00 0.00 0.00 0
99967 0.00 0.00 0.00 0
99968 0.00 0.00 0.00 0
99969 0.00 0.00 0.00 0
99970 0.00 0.00 0.00 0
99971 0.00 0.00 0.00 0
99972 0.00 0.00 0.00 0
99973 0.00 0.00 0.00 0
100150 0.00 0.00 0.00 0
100151 0.00 0.00 0.00 0
100152 0.00 0.00 0.00 0
100153 0.00 0.00 0.00 0
100154 0.00 0.00 0.00 0
100155 0.00 0.00 0.00 0
100156 0.00 0.00 0.00 0
100157 0.00 0.00 0.00 0
100158 0.00 0.00 0.00 0
100159 0.00 0.00 0.00 0
100161 0.00 0.00 0.00 0
100162 0.00 0.00 0.00 0
100163 0.00 0.00 0.00 0
100164 0.00 0.00 0.00 0
100165 0.00 0.00 0.00 0
100166 0.00 0.00 0.00 0
100167 0.00 0.00 0.00 0
100168 0.00 0.00 0.00 0
100169 0.00 0.00 0.00 0
100170 0.00 0.00 0.00 0
100171 0.00 0.00 0.00 0
100172 0.00 0.00 0.00 0
100173 0.00 0.00 0.00 0
100174 0.00 0.00 0.00 0
100175 0.00 0.00 0.00 0
100903 0.00 0.00 0.00 0
100904 0.00 0.00 0.00 0
100905 0.00 0.00 0.00 0
100906 0.00 0.00 0.00 0
100907 0.00 0.00 0.00 0
100908 0.00 0.00 0.00 0
100909 0.00 0.00 0.00 0
100910 0.00 0.00 0.00 0
100911 0.00 0.00 0.00 0
100912 0.00 0.00 0.00 0
103174 0.00 0.00 0.00 0
103175 0.00 0.00 0.00 0
103176 0.00 0.00 0.00 0
103177 0.00 0.00 0.00 0
103178 0.00 0.00 0.00 0
103179 0.00 0.00 0.00 0
103180 0.00 0.00 0.00 0
103181 0.00 0.00 0.00 0
103182 0.00 0.00 0.00 0
103183 0.00 0.00 0.00 0
103184 0.00 0.00 0.00 0
103185 0.00 0.00 0.00 0
103186 0.00 0.00 0.00 0
103187 0.00 0.00 0.00 0
103404 0.00 0.00 0.00 0
103405 0.00 0.00 0.00 0
103406 0.00 0.00 0.00 0
103407 0.00 0.00 0.00 0
103408 0.00 0.00 0.00 0
103409 0.00 0.00 0.00 0
103410 0.00 0.00 0.00 0
103411 0.00 0.00 0.00 0
103412 0.00 0.00 0.00 0
103413 0.00 0.00 0.00 0
103414 0.00 0.00 0.00 0
103415 0.00 0.00 0.00 0
104143 0.00 0.00 0.00 0
104144 0.00 0.00 0.00 0
104145 0.00 0.00 0.00 0
104146 0.00 0.00 0.00 0
104147 0.00 0.00 0.00 0
104148 0.00 0.00 0.00 0
104149 0.00 0.00 0.00 0
104150 0.00 0.00 0.00 0
104151 0.00 0.00 0.00 0
104152 0.00 0.00 0.00 0
104153 0.00 0.00 0.00 0
104154 0.00 0.00 0.00 0
104155 0.00 0.00 0.00 0
104156 0.00 0.00 0.00 0
104157 0.00 0.00 0.00 0
104158 0.00 0.00 0.00 0
104159 0.00 0.00 0.00 0
104160 0.00 0.00 0.00 0
104161 0.00 0.00 0.00 0
104162 0.00 0.00 0.00 0
104163 0.00 0.00 0.00 0
104164 0.00 0.00 0.00 0
104165 0.00 0.00 0.00 0
104166 0.00 0.00 0.00 0
104167 0.00 0.00 0.00 0
104168 0.00 0.00 0.00 0
104169 0.00 0.00 0.00 0
104170 0.00 0.00 0.00 0
104179 0.00 0.00 0.00 0
104181 0.00 0.00 0.00 0
104182 0.00 0.00 0.00 0
104183 0.00 0.00 0.00 0
108288 0.00 0.00 0.00 0
108289 0.00 0.00 0.00 0
108290 0.00 0.00 0.00 0
108291 0.00 0.00 0.00 0
108292 0.00 0.00 0.00 0
108293 0.00 0.00 0.00 0
108294 0.00 0.00 0.00 0
108295 0.00 0.00 0.00 0
108296 0.00 0.00 0.00 0
108297 0.00 0.00 0.00 0
108298 0.00 0.00 0.00 0
108299 0.00 0.00 0.00 0
108300 0.00 0.00 0.00 0
108301 0.00 0.00 0.00 0
108302 0.00 0.00 0.00 0
108303 0.00 0.00 0.00 0
108304 0.00 0.00 0.00 0
108305 0.00 0.00 0.00 0
108306 0.00 0.00 0.00 0
108307 0.00 0.00 0.00 0
108308 0.00 0.00 0.00 0
108309 0.00 0.00 0.00 0
108310 0.00 0.00 0.00 0
108311 0.00 0.00 0.00 0
108312 0.00 0.00 0.00 0
108313 0.00 0.00 0.00 0
108314 0.00 0.00 0.00 0
108315 0.00 0.00 0.00 0
108316 0.00 0.00 0.00 0
108317 0.00 0.00 0.00 0
108318 0.00 0.00 0.00 0
108319 0.00 0.00 0.00 0
108320 0.00 0.00 0.00 0
108321 0.00 0.00 0.00 0
108322 0.00 0.00 0.00 0
108323 0.00 0.00 0.00 0
108324 0.00 0.00 0.00 0
108325 0.00 0.00 0.00 0
108326 0.00 0.00 0.00 0
108327 0.00 0.00 0.00 0
108328 0.00 0.00 0.00 0
108329 0.00 0.00 0.00 0
108330 0.00 0.00 0.00 0
108331 0.00 0.00 0.00 0
108332 0.00 0.00 0.00 0
108333 0.00 0.00 0.00 0
108334 0.00 0.00 0.00 0
108335 0.00 0.00 0.00 0
108336 0.00 0.00 0.00 0
108337 0.00 0.00 0.00 0
108338 0.00 0.00 0.00 0
108339 0.00 0.00 0.00 0
108340 0.00 0.00 0.00 0
108341 0.00 0.00 0.00 0
108342 0.00 0.00 0.00 0
108343 0.00 0.00 0.00 0
108344 0.00 0.00 0.00 0
108345 0.00 0.00 0.00 0
108346 0.00 0.00 0.00 0
108347 0.00 0.00 0.00 0
108348 0.00 0.00 0.00 0
108349 0.00 0.00 0.00 0
108350 0.00 0.00 0.00 0
108351 0.00 0.00 0.00 0
108352 0.00 0.00 0.00 0
108353 0.00 0.00 0.00 0
108354 0.00 0.00 0.00 0
108355 0.00 0.00 0.00 0
108356 0.00 0.00 0.00 0
108357 0.00 0.00 0.00 0
108358 0.00 0.00 0.00 0
108359 0.00 0.00 0.00 0
108360 0.00 0.00 0.00 0
108361 0.00 0.00 0.00 0
108362 0.00 0.00 0.00 0
108363 0.00 0.00 0.00 0
108364 0.00 0.00 0.00 0
108365 0.00 0.00 0.00 0
108366 0.00 0.00 0.00 0
108367 0.00 0.00 0.00 0
108368 0.00 0.00 0.00 0
108369 0.00 0.00 0.00 0
108370 0.00 0.00 0.00 0
108371 0.00 0.00 0.00 0
108372 0.00 0.00 0.00 0
108373 0.00 0.00 0.00 0
108374 0.00 0.00 0.00 0
108375 0.00 0.00 0.00 0
108376 0.00 0.00 0.00 0
108377 0.00 0.00 0.00 0
108378 0.00 0.00 0.00 0
108379 0.00 0.00 0.00 0
108380 0.00 0.00 0.00 0
108381 0.00 0.00 0.00 0
108382 0.00 0.00 0.00 0
108383 0.00 0.00 0.00 0
108384 0.00 0.00 0.00 0
108385 0.00 0.00 0.00 0
108386 0.00 0.00 0.00 0
108387 0.00 0.00 0.00 0
108388 0.00 0.00 0.00 0
108389 0.00 0.00 0.00 0
111231 0.00 0.00 0.00 0
111232 0.00 0.00 0.00 0
111233 0.00 0.00 0.00 0
111234 0.00 0.00 0.00 0
111235 0.00 0.00 0.00 0
111236 0.00 0.00 0.00 0
111237 0.00 0.00 0.00 0
115693 0.00 0.00 0.00 0
115694 0.00 0.00 0.00 0
115695 0.00 0.00 0.00 0
115696 0.00 0.00 0.00 0
115697 0.00 0.00 0.00 0
116767 0.00 0.00 0.00 0
116768 0.00 0.00 0.00 0
116769 0.00 0.00 0.00 0
116770 0.00 0.00 0.00 0
116771 0.00 0.00 0.00 0
116772 0.00 0.00 0.00 0
116773 0.00 0.00 0.00 0
116774 0.00 0.00 0.00 0
116775 0.00 0.00 0.00 0
116776 0.00 0.00 0.00 0
116777 0.00 0.00 0.00 0
116779 0.00 0.00 0.00 0
116780 0.00 0.00 0.00 0
116781 0.00 0.00 0.00 0
116782 0.00 0.00 0.00 0
116783 0.00 0.00 0.00 0
116784 0.00 0.00 0.00 0
116785 0.00 0.00 0.00 0
116786 0.00 0.00 0.00 0
116787 0.00 0.00 0.00 0
116788 0.00 0.00 0.00 0
116789 0.00 0.00 0.00 0
116790 0.00 0.00 0.00 0
116791 0.00 0.00 0.00 0
116792 0.00 0.00 0.00 0
116793 0.00 0.00 0.00 0
116794 0.00 0.00 0.00 0
116795 0.00 0.00 0.00 0
116796 0.00 0.00 0.00 0
116797 0.00 0.00 0.00 0
116935 0.00 0.00 0.00 0
116936 0.00 0.00 0.00 0
116937 0.00 0.00 0.00 0
116938 0.00 0.00 0.00 0
116939 0.00 0.00 0.00 0
116940 0.00 0.00 0.00 0
116941 0.00 0.00 0.00 0
116942 0.00 0.00 0.00 0
116943 0.00 0.00 0.00 0
116944 0.00 0.00 0.00 0
116945 0.00 0.00 0.00 0
116946 0.00 0.00 0.00 0
116947 0.00 0.00 0.00 0
116948 0.00 0.00 0.00 0
116949 0.00 0.00 0.00 0
116950 0.00 0.00 0.00 0
116951 0.00 0.00 0.00 0
116952 0.00 0.00 0.00 0
116953 0.00 0.00 0.00 0
116954 0.00 0.00 0.00 0
117520 0.00 0.00 0.00 0
117521 0.00 0.00 0.00 0
117522 0.00 0.00 0.00 0
117523 0.00 0.00 0.00 0
117524 0.00 0.00 0.00 0
117525 0.00 0.00 0.00 0
117526 0.00 0.00 0.00 0
117527 0.00 0.00 0.00 0
117528 0.00 0.00 0.00 0
117529 0.00 0.00 0.00 0
117530 0.00 0.00 0.00 0
119287 0.00 0.00 0.00 0
119288 0.00 0.00 0.00 0
119289 0.00 0.00 0.00 0
119290 0.00 0.00 0.00 0
119291 0.00 0.00 0.00 0
119292 0.00 0.00 0.00 0
119293 0.00 0.00 0.00 0
119294 0.00 0.00 0.00 0
119295 0.00 0.00 0.00 0
119466 0.00 0.00 0.00 0
119468 0.00 0.00 0.00 0
119469 0.00 0.00 0.00 0
119470 0.00 0.00 0.00 0
119471 0.00 0.00 0.00 0
119472 0.00 0.00 0.00 0
119473 0.00 0.00 0.00 0
119474 0.00 0.00 0.00 0
120040 0.00 0.00 0.00 0
120041 0.00 0.00 0.00 0
120042 0.00 0.00 0.00 0
120043 0.00 0.00 0.00 0
120044 0.00 0.00 0.00 0
120045 0.00 0.00 0.00 0
120046 0.00 0.00 0.00 0
120047 0.00 0.00 0.00 0
120048 0.00 0.00 0.00 0
120049 0.00 0.00 0.00 0
120050 0.00 0.00 0.00 0
120051 0.00 0.00 0.00 0
120052 0.00 0.00 0.00 0
120053 0.00 0.00 0.00 0
120054 0.00 0.00 0.00 0
120055 0.00 0.00 0.00 0
120056 0.00 0.00 0.00 0
120057 0.00 0.00 0.00 0
120058 0.00 0.00 0.00 0
120059 0.00 0.00 0.00 0
120060 0.00 0.00 0.00 0
120061 0.00 0.00 0.00 0
123264 0.00 0.00 0.00 0
123265 0.00 0.00 0.00 0
123266 0.00 0.00 0.00 0
123267 0.00 0.00 0.00 0
123268 0.00 0.00 0.00 0
123269 0.00 0.00 0.00 0
123270 0.00 0.00 0.00 0
123271 0.00 0.00 0.00 0
123272 0.00 0.00 0.00 0
123273 0.00 0.00 0.00 0
123274 0.00 0.00 0.00 0
123275 0.00 0.00 0.00 0
123276 0.00 0.00 0.00 0
123277 0.00 0.00 0.00 0
123278 0.00 0.00 0.00 0
123279 0.00 0.00 0.00 0
123280 0.00 0.00 0.00 0
123281 0.00 0.00 0.00 0
123282 0.00 0.00 0.00 0
123283 0.00 0.00 0.00 0
123284 0.00 0.00 0.00 0
123285 0.00 0.00 0.00 0
123286 0.00 0.00 0.00 0
123287 0.00 0.00 0.00 0
123288 0.00 0.00 0.00 0
123289 0.00 0.00 0.00 0
123290 0.00 0.00 0.00 0
123291 0.00 0.00 0.00 0
123292 0.00 0.00 0.00 0
123293 0.00 0.00 0.00 0
123294 0.00 0.00 0.00 0
123295 0.00 0.00 0.00 0
123296 0.00 0.00 0.00 0
123297 0.00 0.00 0.00 0
123298 0.00 0.00 0.00 0
123299 0.00 0.00 0.00 0
123300 0.00 0.00 0.00 0
123301 0.00 0.00 0.00 0
123302 0.00 0.00 0.00 0
123303 0.00 0.00 0.00 0
123304 0.00 0.00 0.00 0
123305 0.00 0.00 0.00 0
123306 0.00 0.00 0.00 0
123307 0.00 0.00 0.00 0
123308 0.00 0.00 0.00 0
123309 0.00 0.00 0.00 0
123310 0.00 0.00 0.00 0
123311 0.00 0.00 0.00 0
123312 0.00 0.00 0.00 0
123313 0.00 0.00 0.00 0
123314 0.00 0.00 0.00 0
123315 0.00 0.00 0.00 0
123316 0.00 0.00 0.00 0
123317 0.00 0.00 0.00 0
123318 0.00 0.00 0.00 0
123319 0.00 0.00 0.00 0
123320 0.00 0.00 0.00 0
123321 0.00 0.00 0.00 0
123322 0.00 0.00 0.00 0
123323 0.00 0.00 0.00 0
123324 0.00 0.00 0.00 0
123325 0.00 0.00 0.00 0
123326 0.00 0.00 0.00 0
123327 0.00 0.00 0.00 0
123328 0.00 0.00 0.00 0
123329 0.00 0.00 0.00 0
123330 0.00 0.00 0.00 0
123331 0.00 0.00 0.00 0
123332 0.00 0.00 0.00 0
123333 0.00 0.00 0.00 0
123334 0.00 0.00 0.00 0
123335 0.00 0.00 0.00 0
123336 0.00 0.00 0.00 0
123337 0.00 0.00 0.00 0
123338 0.00 0.00 0.00 0
123339 0.00 0.00 0.00 0
123340 0.00 0.00 0.00 0
123341 0.00 0.00 0.00 0
123342 0.00 0.00 0.00 0
123343 0.00 0.00 0.00 0
123344 0.00 0.00 0.00 0
123345 0.00 0.00 0.00 0
123346 0.00 0.00 0.00 0
123802 0.00 0.00 0.00 0
123803 0.00 0.00 0.00 0
123804 0.00 0.00 0.00 0
123805 0.00 0.00 0.00 0
123806 0.00 0.00 0.00 0
123807 0.00 0.00 0.00 0
123808 0.00 0.00 0.00 0
125553 0.00 0.00 0.00 0
125554 0.00 0.00 0.00 0
125555 0.00 0.00 0.00 0
125556 0.00 0.00 0.00 0
125557 0.00 0.00 0.00 0
125558 0.00 0.00 0.00 0
125559 0.00 0.00 0.00 0
125560 0.00 0.00 0.00 0
129979 0.00 0.00 0.00 0
129980 0.00 0.00 0.00 0
129981 0.00 0.00 0.00 0
129982 0.00 0.00 0.00 0
129983 0.00 0.00 0.00 0
129984 0.00 0.00 0.00 0
129985 0.00 0.00 0.00 0
129986 0.00 0.00 0.00 0
129987 0.00 0.00 0.00 0
129988 0.00 0.00 0.00 0
129989 0.00 0.00 0.00 0
129990 0.00 0.00 0.00 0
129991 0.00 0.00 0.00 0
129992 0.00 0.00 0.00 0
129993 0.00 0.00 0.00 0
129994 0.00 0.00 0.00 0
129995 0.00 0.00 0.00 0
129996 0.00 0.00 0.00 0
129997 0.00 0.00 0.00 0
129998 0.00 0.00 0.00 0
129999 0.00 0.00 0.00 0
130000 0.00 0.00 0.00 0
130001 0.00 0.00 0.00 0
130002 0.00 0.00 0.00 0
130003 0.00 0.00 0.00 0
130004 0.00 0.00 0.00 0
130005 0.00 0.00 0.00 0
130006 0.00 0.00 0.00 0
130007 0.00 0.00 0.00 0
132889 0.00 0.00 0.00 0
132890 0.00 0.00 0.00 0
132891 0.00 0.00 0.00 0
132892 0.00 0.00 0.00 0
132893 0.00 0.00 0.00 0
132894 0.00 0.00 0.00 0
132895 0.00 0.00 0.00 0
132896 0.00 0.00 0.00 0
132897 0.00 0.00 0.00 0
132898 0.00 0.00 0.00 0
132899 0.00 0.00 0.00 0
132900 0.00 0.00 0.00 0
132901 0.00 0.00 0.00 0
132902 0.00 0.00 0.00 0
132903 0.00 0.00 0.00 0
132904 0.00 0.00 0.00 0
132905 0.00 0.00 0.00 0
132906 0.00 0.00 0.00 0
132907 0.00 0.00 0.00 0
132908 0.00 0.00 0.00 0
132909 0.00 0.00 0.00 0
132910 0.00 0.00 0.00 0
132911 0.00 0.00 0.00 0
132912 0.00 0.00 0.00 0
132913 0.00 0.00 0.00 0
132914 0.00 0.00 0.00 0
132915 0.00 0.00 0.00 0
132916 0.00 0.00 0.00 0
132917 0.00 0.00 0.00 0
132918 0.00 0.00 0.00 0
132919 0.00 0.00 0.00 0
132920 0.00 0.00 0.00 0
132921 0.00 0.00 0.00 0
132922 0.00 0.00 0.00 0
132923 0.00 0.00 0.00 0
132924 0.00 0.00 0.00 0
132925 0.00 0.00 0.00 0
132926 0.00 0.00 0.00 0
132927 0.00 0.00 0.00 0
132928 0.00 0.00 0.00 0
132929 0.00 0.00 0.00 0
132930 0.00 0.00 0.00 0
132931 0.00 0.00 0.00 0
132932 0.00 0.00 0.00 0
132933 0.00 0.00 0.00 0
132934 0.00 0.00 0.00 0
132935 0.00 0.00 0.00 0
132936 0.00 0.00 0.00 0
132937 0.00 0.00 0.00 0
132938 0.00 0.00 0.00 0
132939 0.00 0.00 0.00 0
132940 0.00 0.00 0.00 0
132941 0.00 0.00 0.00 0
132942 0.00 0.00 0.00 0
132943 0.00 0.00 0.00 0
132944 0.00 0.00 0.00 0
132945 0.00 0.00 0.00 0
132946 0.00 0.00 0.00 0
132947 0.00 0.00 0.00 0
132948 0.00 0.00 0.00 0
132949 0.00 0.00 0.00 0
132950 0.00 0.00 0.00 0
132951 0.00 0.00 0.00 0
132952 0.00 0.00 0.00 0
132953 0.00 0.00 0.00 0
132954 0.00 0.00 0.00 0
132955 0.00 0.00 0.00 0
132956 0.00 0.00 0.00 0
132957 0.00 0.00 0.00 0
132958 0.00 0.00 0.00 0
132959 0.00 0.00 0.00 0
132960 0.00 0.00 0.00 0
132961 0.00 0.00 0.00 0
132962 0.00 0.00 0.00 0
132963 0.00 0.00 0.00 0
132964 0.00 0.00 0.00 0
132965 0.00 0.00 0.00 0
132966 0.00 0.00 0.00 0
132967 0.00 0.00 0.00 0
132968 0.00 0.00 0.00 0
132969 0.00 0.00 0.00 0
132970 0.00 0.00 0.00 0
132971 0.00 0.00 0.00 0
132972 0.00 0.00 0.00 0
133356 0.00 0.00 0.00 0
133357 0.00 0.00 0.00 0
133358 0.00 0.00 0.00 0
133359 0.00 0.00 0.00 0
133360 0.00 0.00 0.00 0
133361 0.00 0.00 0.00 0
133381 0.00 0.00 0.00 0
133382 0.00 0.00 0.00 0
133383 0.00 0.00 0.00 0
133384 0.00 0.00 0.00 0
133385 0.00 0.00 0.00 0
133386 0.00 0.00 0.00 0
133387 0.00 0.00 0.00 0
133388 0.00 0.00 0.00 0
133389 0.00 0.00 0.00 0
133390 0.00 0.00 0.00 0
133391 0.00 0.00 0.00 0
133392 0.00 0.00 0.00 0
133393 0.00 0.00 0.00 0
133394 0.00 0.00 0.00 0
133395 0.00 0.00 0.00 0
133396 0.00 0.00 0.00 0
133397 0.00 0.00 0.00 0
133398 0.00 0.00 0.00 0
133399 0.00 0.00 0.00 0
133400 0.00 0.00 0.00 0
134943 0.00 0.00 0.00 0
134949 0.00 0.00 0.00 0
134950 0.00 0.00 0.00 0
134951 0.00 0.00 0.00 0
134952 0.00 0.00 0.00 0
134953 0.00 0.00 0.00 0
134954 0.00 0.00 0.00 0
139660 0.00 0.00 0.00 0
139661 0.00 0.00 0.00 0
139662 0.00 0.00 0.00 0
139663 0.00 0.00 0.00 0
139664 0.00 0.00 0.00 0
139665 0.00 0.00 0.00 0
139666 0.00 0.00 0.00 0
139667 0.00 0.00 0.00 0
139668 0.00 0.00 0.00 0
139669 0.00 0.00 0.00 0
139670 0.00 0.00 0.00 0
139671 0.00 0.00 0.00 0
139672 0.00 0.00 0.00 0
139673 0.00 0.00 0.00 0
139674 0.00 0.00 0.00 0
139675 0.00 0.00 0.00 0
139676 0.00 0.00 0.00 0
139677 0.00 0.00 0.00 0
139678 0.00 0.00 0.00 0
139679 0.00 0.00 0.00 0
139680 0.00 0.00 0.00 0
139681 0.00 0.00 0.00 0
139682 0.00 0.00 0.00 0
139683 0.00 0.00 0.00 0
139684 0.00 0.00 0.00 0
139685 0.00 0.00 0.00 0
139686 0.00 0.00 0.00 0
139687 0.00 0.00 0.00 0
139688 0.00 0.00 0.00 0
139712 0.00 0.00 0.00 0
139713 0.00 0.00 0.00 0
139714 0.00 0.00 0.00 0
139715 0.00 0.00 0.00 0
139716 0.00 0.00 0.00 0
139717 0.00 0.00 0.00 0
139718 0.00 0.00 0.00 0
139721 0.00 0.00 0.00 0
139722 0.00 0.00 0.00 0
139723 0.00 0.00 0.00 0
139736 0.00 0.00 0.00 0
139739 0.00 0.00 0.00 0
139740 0.00 0.00 0.00 0
140129 0.00 0.00 0.00 0
140130 0.00 0.00 0.00 0
140131 0.00 0.00 0.00 0
140132 0.00 0.00 0.00 0
140133 0.00 0.00 0.00 0
140134 0.00 0.00 0.00 0
140135 0.00 0.00 0.00 0
140136 0.00 0.00 0.00 0
140137 0.00 0.00 0.00 0
140138 0.00 0.00 0.00 0
140139 0.00 0.00 0.00 0
140140 0.00 0.00 0.00 0
140141 0.00 0.00 0.00 0
140142 0.00 0.00 0.00 0
140143 0.00 0.00 0.00 0
140144 0.00 0.00 0.00 0
140145 0.00 0.00 0.00 0
140146 0.00 0.00 0.00 0
140147 0.00 0.00 0.00 0
140148 0.00 0.00 0.00 0
140149 0.00 0.00 0.00 0
140150 0.00 0.00 0.00 0
140151 0.00 0.00 0.00 0
140152 0.00 0.00 0.00 0
140153 0.00 0.00 0.00 0
141637 0.00 0.00 0.00 0
141638 0.00 0.00 0.00 0
141639 0.00 0.00 0.00 0
141640 0.00 0.00 0.00 0
141641 0.00 0.00 0.00 0
141642 0.00 0.00 0.00 0
141643 0.00 0.00 0.00 0
141644 0.00 0.00 0.00 0
141645 0.00 0.00 0.00 0
141646 0.00 0.00 0.00 0
141647 0.00 0.00 0.00 0
141648 0.00 0.00 0.00 0
141649 0.00 0.00 0.00 0
141650 0.00 0.00 0.00 0
141651 0.00 0.00 0.00 0
141652 0.00 0.00 0.00 0
141653 0.00 0.00 0.00 0
141654 0.00 0.00 0.00 0
141655 0.00 0.00 0.00 0
141656 0.00 0.00 0.00 0
141657 0.00 0.00 0.00 0
141658 0.00 0.00 0.00 0
141659 0.00 0.00 0.00 0
141660 0.00 0.00 0.00 0
141661 0.00 0.00 0.00 0
141662 0.00 0.00 0.00 0
141663 0.00 0.00 0.00 0
141664 0.00 0.00 0.00 0
141665 0.00 0.00 0.00 0
141666 0.00 0.00 0.00 0
141667 0.00 0.00 0.00 0
141668 0.00 0.00 0.00 0
141669 0.00 0.00 0.00 0
141670 0.00 0.00 0.00 0
141671 0.00 0.00 0.00 0
141672 0.00 0.00 0.00 0
141673 0.00 0.00 0.00 0
141674 0.00 0.00 0.00 0
141675 0.00 0.00 0.00 0
141676 0.00 0.00 0.00 0
141677 0.00 0.00 0.00 0
141678 0.00 0.00 0.00 0
141679 0.00 0.00 0.00 0
141680 0.00 0.00 0.00 0
141681 0.00 0.00 0.00 0
141682 0.00 0.00 0.00 0
141683 0.00 0.00 0.00 0
141684 0.00 0.00 0.00 0
141685 0.00 0.00 0.00 0
141686 0.00 0.00 0.00 0
141687 0.00 0.00 0.00 0
141688 0.00 0.00 0.00 0
141689 0.00 0.00 0.00 0
141690 0.00 0.00 0.00 0
141691 0.00 0.00 0.00 0
141692 0.00 0.00 0.00 0
141708 0.00 0.00 0.00 0
150012 0.00 0.00 0.00 0
150013 0.00 0.00 0.00 0
150014 0.00 0.00 0.00 0
150015 0.00 0.00 0.00 0
150016 0.00 0.00 0.00 0
150017 0.00 0.00 0.00 0
150018 0.00 0.00 0.00 0
150019 0.00 0.00 0.00 0
150020 0.00 0.00 0.00 0
150021 0.00 0.00 0.00 0
150022 0.00 0.00 0.00 0
150023 0.00 0.00 0.00 0
150024 0.00 0.00 0.00 0
150025 0.00 0.00 0.00 0
150026 0.00 0.00 0.00 0
150027 0.00 0.00 0.00 0
150028 0.00 0.00 0.00 0
150029 0.00 0.00 0.00 0
150030 0.00 0.00 0.00 0
150031 0.00 0.00 0.00 0
150032 0.00 0.00 0.00 0
150033 0.00 0.00 0.00 0
150034 0.00 0.00 0.00 0
150035 0.00 0.00 0.00 0
150036 0.00 0.00 0.00 0
150039 0.00 0.00 0.00 0
150040 0.00 0.00 0.00 0
150041 0.00 0.00 0.00 0
150042 0.00 0.00 0.00 0
150043 0.00 0.00 0.00 0
150044 0.00 0.00 0.00 0
150045 0.00 0.00 0.00 0
150046 0.00 0.00 0.00 0
150047 0.00 0.00 0.00 0
150048 0.00 0.00 0.00 0
150049 0.00 0.00 0.00 0
150050 0.00 0.00 0.00 0
150051 0.00 0.00 0.00 0
150052 0.00 0.00 0.00 0
150053 0.00 0.00 0.00 0
150054 0.00 0.00 0.00 0
150055 0.00 0.00 0.00 0
150056 0.00 0.00 0.00 0
150057 0.00 0.00 0.00 0
150058 0.00 0.00 0.00 0
150059 0.00 0.00 0.00 0
150060 0.00 0.00 0.00 0
150061 0.00 0.00 0.00 0
150062 0.00 0.00 0.00 0
150063 0.00 0.00 0.00 0
150064 0.00 0.00 0.00 0
150065 0.00 0.00 0.00 0
150066 0.00 0.00 0.00 0
150067 0.00 0.00 0.00 0
150068 0.00 0.00 0.00 0
150069 0.00 0.00 0.00 0
150070 0.00 0.00 0.00 0
150071 0.00 0.00 0.00 0
150072 0.00 0.00 0.00 0
150073 0.00 0.00 0.00 0
150074 0.00 0.00 0.00 0
150075 0.00 0.00 0.00 0
150076 0.00 0.00 0.00 0
150077 0.00 0.00 0.00 0
150078 0.00 0.00 0.00 0
150079 0.00 0.00 0.00 0
150080 0.00 0.00 0.00 0
150081 0.00 0.00 0.00 0
150082 0.00 0.00 0.00 0
150083 0.00 0.00 0.00 0
150084 0.00 0.00 0.00 0
150085 0.00 0.00 0.00 0
150086 0.00 0.00 0.00 0
150087 0.00 0.00 0.00 0
150088 0.00 0.00 0.00 0
150089 0.00 0.00 0.00 0
150090 0.00 0.00 0.00 0
150091 0.00 0.00 0.00 0
150092 0.00 0.00 0.00 0
150093 0.00 0.00 0.00 0
150094 0.00 0.00 0.00 0
150095 0.00 0.00 0.00 0
150096 0.00 0.00 0.00 0
150097 0.00 0.00 0.00 0
150098 0.00 0.00 0.00 0
150099 0.00 0.00 0.00 0
150100 0.00 0.00 0.00 0
150101 0.00 0.00 0.00 0
150102 0.00 0.00 0.00 0
150103 0.00 0.00 0.00 0
150104 0.00 0.00 0.00 0
150105 0.00 0.00 0.00 0
150106 0.00 0.00 0.00 0
150107 0.00 0.00 0.00 0
150108 0.00 0.00 0.00 0
150109 0.00 0.00 0.00 0
150110 0.00 0.00 0.00 0
150111 0.00 0.00 0.00 0
150112 0.00 0.00 0.00 0
150113 0.00 0.00 0.00 0
150114 0.00 0.00 0.00 0
150115 0.00 0.00 0.00 0
150116 0.00 0.00 0.00 0
150117 0.00 0.00 0.00 0
150118 0.00 0.00 0.00 0
150119 0.00 0.00 0.00 0
150120 0.00 0.00 0.00 0
150121 0.00 0.00 0.00 0
150122 0.00 0.00 0.00 0
150123 0.00 0.00 0.00 0
150124 0.00 0.00 0.00 0
150125 0.00 0.00 0.00 0
150126 0.00 0.00 0.00 0
150127 0.00 0.00 0.00 0
150128 0.00 0.00 0.00 0
150129 0.00 0.00 0.00 0
150130 0.00 0.00 0.00 0
150131 0.00 0.00 0.00 0
150132 0.00 0.00 0.00 0
150133 0.00 0.00 0.00 0
150134 0.00 0.00 0.00 0
150135 0.00 0.00 0.00 0
150136 0.00 0.00 0.00 0
150137 0.00 0.00 0.00 0
150138 0.00 0.00 0.00 0
150139 0.00 0.00 0.00 0
150140 0.00 0.00 0.00 0
150141 0.00 0.00 0.00 0
150142 0.00 0.00 0.00 0
150143 0.00 0.00 0.00 0
150144 0.00 0.00 0.00 0
150145 0.00 0.00 0.00 0
150146 0.00 0.00 0.00 0
150147 0.00 0.00 0.00 0
150148 0.00 0.00 0.00 0
150149 0.00 0.00 0.00 0
150150 0.00 0.00 0.00 0
150151 0.00 0.00 0.00 0
150152 0.00 0.00 0.00 0
150153 0.00 0.00 0.00 0
150154 0.00 0.00 0.00 0
150155 0.00 0.00 0.00 0
150156 0.00 0.00 0.00 0
150157 0.00 0.00 0.00 0
150158 0.00 0.00 0.00 0
150159 0.00 0.00 0.00 0
150160 0.00 0.00 0.00 0
150161 0.00 0.00 0.00 0
150162 0.00 0.00 0.00 0
150163 0.00 0.00 0.00 0
150164 0.00 0.00 0.00 0
150165 0.00 0.00 0.00 0
150166 0.00 0.00 0.00 0
150167 0.00 0.00 0.00 0
150168 0.00 0.00 0.00 0
150169 0.00 0.00 0.00 0
150170 0.00 0.00 0.00 0
150171 0.00 0.00 0.00 0
150172 0.00 0.00 0.00 0
150173 0.00 0.00 0.00 0
150174 0.00 0.00 0.00 0
150175 0.00 0.00 0.00 0
150176 0.00 0.00 0.00 0
150177 0.00 0.00 0.00 0
150178 0.00 0.00 0.00 0
150179 0.00 0.00 0.00 0
150180 0.00 0.00 0.00 0
150181 0.00 0.00 0.00 0
150182 0.00 0.00 0.00 0
150183 0.00 0.00 0.00 0
150184 0.00 0.00 0.00 0
150185 0.00 0.00 0.00 0
150186 0.00 0.00 0.00 0
150187 0.00 0.00 0.00 0
150188 0.00 0.00 0.00 0
150189 0.00 0.00 0.00 0
150190 0.00 0.00 0.00 0
150191 0.00 0.00 0.00 0
150192 0.00 0.00 0.00 0
150193 0.00 0.00 0.00 0
150194 0.00 0.00 0.00 0
150195 0.00 0.00 0.00 0
150196 0.00 0.00 0.00 0
150197 0.00 0.00 0.00 0
150198 0.00 0.00 0.00 0
150199 0.00 0.00 0.00 0
150200 0.00 0.00 0.00 0
150201 0.00 0.00 0.00 0
150202 0.00 0.00 0.00 0
150203 0.00 0.00 0.00 0
150204 0.00 0.00 0.00 0
150205 0.00 0.00 0.00 0
150206 0.00 0.00 0.00 0
150207 0.00 0.00 0.00 0
150208 0.00 0.00 0.00 0
150209 0.00 0.00 0.00 0
150210 0.00 0.00 0.00 0
150211 0.00 0.00 0.00 0
150212 0.00 0.00 0.00 0
150213 0.00 0.00 0.00 0
150214 0.00 0.00 0.00 0
150215 0.00 0.00 0.00 0
150216 0.00 0.00 0.00 0
150217 0.00 0.00 0.00 0
150218 0.00 0.00 0.00 0
155902 0.00 0.00 0.00 0
155903 0.00 0.00 0.00 0
155904 0.00 0.00 0.00 0
155905 0.00 0.00 0.00 0
155906 0.00 0.00 0.00 0
155907 0.00 0.00 0.00 0
155908 0.00 0.00 0.00 0
155909 0.00 0.00 0.00 0
155910 0.00 0.00 0.00 0
155911 0.00 0.00 0.00 0
155912 0.00 0.00 0.00 0
155913 0.00 0.00 0.00 0
155914 0.00 0.00 0.00 0
155915 0.00 0.00 0.00 0
155916 0.00 0.00 0.00 0
155917 0.00 0.00 0.00 0
155918 0.00 0.00 0.00 0
155919 0.00 0.00 0.00 0
156082 0.00 0.00 0.00 0
156083 0.00 0.00 0.00 0
156084 0.00 0.00 0.00 0
156085 0.00 0.00 0.00 0
156086 0.00 0.00 0.00 0
156087 0.00 0.00 0.00 0
156088 0.00 0.00 0.00 0
156089 0.00 0.00 0.00 0
156090 0.00 0.00 0.00 0
156115 0.00 0.00 0.00 0
156116 0.00 0.00 0.00 0
156117 0.00 0.00 0.00 0
156136 0.00 0.00 0.00 0
156137 0.00 0.00 0.00 0
156138 0.00 0.00 0.00 0
