# S_circular_insula_inf
2197
28 0.00 0.00 0.00 0
125 0.00 0.00 0.00 0
432 0.00 0.00 0.00 0
434 0.00 0.00 0.00 0
435 0.00 0.00 0.00 0
535 0.00 0.00 0.00 0
536 0.00 0.00 0.00 0
537 0.00 0.00 0.00 0
538 0.00 0.00 0.00 0
810 0.00 0.00 0.00 0
960 0.00 0.00 0.00 0
961 0.00 0.00 0.00 0
962 0.00 0.00 0.00 0
964 0.00 0.00 0.00 0
1175 0.00 0.00 0.00 0
1176 0.00 0.00 0.00 0
1178 0.00 0.00 0.00 0
1183 0.00 0.00 0.00 0
1641 0.00 0.00 0.00 0
1968 0.00 0.00 0.00 0
1969 0.00 0.00 0.00 0
1970 0.00 0.00 0.00 0
1971 0.00 0.00 0.00 0
1972 0.00 0.00 0.00 0
1973 0.00 0.00 0.00 0
1974 0.00 0.00 0.00 0
2244 0.00 0.00 0.00 0
2245 0.00 0.00 0.00 0
2247 0.00 0.00 0.00 0
2248 0.00 0.00 0.00 0
2250 0.00 0.00 0.00 0
2251 0.00 0.00 0.00 0
2252 0.00 0.00 0.00 0
2253 0.00 0.00 0.00 0
2254 0.00 0.00 0.00 0
2255 0.00 0.00 0.00 0
2256 0.00 0.00 0.00 0
2730 0.00 0.00 0.00 0
2732 0.00 0.00 0.00 0
2881 0.00 0.00 0.00 0
3094 0.00 0.00 0.00 0
3095 0.00 0.00 0.00 0
3096 0.00 0.00 0.00 0
4320 0.00 0.00 0.00 0
4321 0.00 0.00 0.00 0
4322 0.00 0.00 0.00 0
4323 0.00 0.00 0.00 0
4324 0.00 0.00 0.00 0
4325 0.00 0.00 0.00 0
4326 0.00 0.00 0.00 0
4327 0.00 0.00 0.00 0
4331 0.00 0.00 0.00 0
4332 0.00 0.00 0.00 0
4333 0.00 0.00 0.00 0
4334 0.00 0.00 0.00 0
4967 0.00 0.00 0.00 0
4968 0.00 0.00 0.00 0
4969 0.00 0.00 0.00 0
4970 0.00 0.00 0.00 0
4971 0.00 0.00 0.00 0
4975 0.00 0.00 0.00 0
4976 0.00 0.00 0.00 0
4977 0.00 0.00 0.00 0
4978 0.00 0.00 0.00 0
4979 0.00 0.00 0.00 0
4983 0.00 0.00 0.00 0
4985 0.00 0.00 0.00 0
4986 0.00 0.00 0.00 0
4987 0.00 0.00 0.00 0
4988 0.00 0.00 0.00 0
4989 0.00 0.00 0.00 0
4990 0.00 0.00 0.00 0
4991 0.00 0.00 0.00 0
4992 0.00 0.00 0.00 0
4993 0.00 0.00 0.00 0
4994 0.00 0.00 0.00 0
4995 0.00 0.00 0.00 0
4996 0.00 0.00 0.00 0
4998 0.00 0.00 0.00 0
6336 0.00 0.00 0.00 0
6337 0.00 0.00 0.00 0
6338 0.00 0.00 0.00 0
6339 0.00 0.00 0.00 0
6340 0.00 0.00 0.00 0
6345 0.00 0.00 0.00 0
6724 0.00 0.00 0.00 0
6725 0.00 0.00 0.00 0
6726 0.00 0.00 0.00 0
6736 0.00 0.00 0.00 0
6737 0.00 0.00 0.00 0
6738 0.00 0.00 0.00 0
6739 0.00 0.00 0.00 0
6740 0.00 0.00 0.00 0
6741 0.00 0.00 0.00 0
7671 0.00 0.00 0.00 0
8496 0.00 0.00 0.00 0
8497 0.00 0.00 0.00 0
8498 0.00 0.00 0.00 0
8499 0.00 0.00 0.00 0
8500 0.00 0.00 0.00 0
8501 0.00 0.00 0.00 0
8502 0.00 0.00 0.00 0
8508 0.00 0.00 0.00 0
8509 0.00 0.00 0.00 0
8510 0.00 0.00 0.00 0
8511 0.00 0.00 0.00 0
8512 0.00 0.00 0.00 0
8513 0.00 0.00 0.00 0
8514 0.00 0.00 0.00 0
9293 0.00 0.00 0.00 0
9294 0.00 0.00 0.00 0
9295 0.00 0.00 0.00 0
9298 0.00 0.00 0.00 0
9299 0.00 0.00 0.00 0
9300 0.00 0.00 0.00 0
9301 0.00 0.00 0.00 0
9302 0.00 0.00 0.00 0
9303 0.00 0.00 0.00 0
9304 0.00 0.00 0.00 0
9310 0.00 0.00 0.00 0
9311 0.00 0.00 0.00 0
9312 0.00 0.00 0.00 0
9313 0.00 0.00 0.00 0
9314 0.00 0.00 0.00 0
9315 0.00 0.00 0.00 0
9316 0.00 0.00 0.00 0
9317 0.00 0.00 0.00 0
9318 0.00 0.00 0.00 0
9319 0.00 0.00 0.00 0
9320 0.00 0.00 0.00 0
9321 0.00 0.00 0.00 0
9322 0.00 0.00 0.00 0
9323 0.00 0.00 0.00 0
9324 0.00 0.00 0.00 0
9325 0.00 0.00 0.00 0
9326 0.00 0.00 0.00 0
9327 0.00 0.00 0.00 0
9328 0.00 0.00 0.00 0
9329 0.00 0.00 0.00 0
9330 0.00 0.00 0.00 0
10410 0.00 0.00 0.00 0
10411 0.00 0.00 0.00 0
10412 0.00 0.00 0.00 0
10561 0.00 0.00 0.00 0
10772 0.00 0.00 0.00 0
10774 0.00 0.00 0.00 0
10775 0.00 0.00 0.00 0
10776 0.00 0.00 0.00 0
12000 0.00 0.00 0.00 0
12001 0.00 0.00 0.00 0
12002 0.00 0.00 0.00 0
12003 0.00 0.00 0.00 0
12004 0.00 0.00 0.00 0
12005 0.00 0.00 0.00 0
12006 0.00 0.00 0.00 0
12007 0.00 0.00 0.00 0
12011 0.00 0.00 0.00 0
12012 0.00 0.00 0.00 0
12013 0.00 0.00 0.00 0
12014 0.00 0.00 0.00 0
12647 0.00 0.00 0.00 0
12648 0.00 0.00 0.00 0
12649 0.00 0.00 0.00 0
12650 0.00 0.00 0.00 0
12651 0.00 0.00 0.00 0
12655 0.00 0.00 0.00 0
12656 0.00 0.00 0.00 0
12657 0.00 0.00 0.00 0
12658 0.00 0.00 0.00 0
12659 0.00 0.00 0.00 0
12663 0.00 0.00 0.00 0
12664 0.00 0.00 0.00 0
12665 0.00 0.00 0.00 0
12666 0.00 0.00 0.00 0
12667 0.00 0.00 0.00 0
12668 0.00 0.00 0.00 0
12669 0.00 0.00 0.00 0
12670 0.00 0.00 0.00 0
12671 0.00 0.00 0.00 0
12672 0.00 0.00 0.00 0
12673 0.00 0.00 0.00 0
12674 0.00 0.00 0.00 0
12675 0.00 0.00 0.00 0
12676 0.00 0.00 0.00 0
14400 0.00 0.00 0.00 0
14401 0.00 0.00 0.00 0
14402 0.00 0.00 0.00 0
14403 0.00 0.00 0.00 0
14404 0.00 0.00 0.00 0
14405 0.00 0.00 0.00 0
14406 0.00 0.00 0.00 0
14407 0.00 0.00 0.00 0
14414 0.00 0.00 0.00 0
14415 0.00 0.00 0.00 0
15047 0.00 0.00 0.00 0
15048 0.00 0.00 0.00 0
15049 0.00 0.00 0.00 0
15050 0.00 0.00 0.00 0
15051 0.00 0.00 0.00 0
15068 0.00 0.00 0.00 0
16851 0.00 0.00 0.00 0
18720 0.00 0.00 0.00 0
18721 0.00 0.00 0.00 0
18722 0.00 0.00 0.00 0
18723 0.00 0.00 0.00 0
18724 0.00 0.00 0.00 0
18725 0.00 0.00 0.00 0
18726 0.00 0.00 0.00 0
18727 0.00 0.00 0.00 0
18728 0.00 0.00 0.00 0
18729 0.00 0.00 0.00 0
18730 0.00 0.00 0.00 0
18731 0.00 0.00 0.00 0
18732 0.00 0.00 0.00 0
18733 0.00 0.00 0.00 0
18734 0.00 0.00 0.00 0
18735 0.00 0.00 0.00 0
18737 0.00 0.00 0.00 0
18738 0.00 0.00 0.00 0
18740 0.00 0.00 0.00 0
18742 0.00 0.00 0.00 0
18746 0.00 0.00 0.00 0
18747 0.00 0.00 0.00 0
18748 0.00 0.00 0.00 0
18749 0.00 0.00 0.00 0
18750 0.00 0.00 0.00 0
18753 0.00 0.00 0.00 0
18754 0.00 0.00 0.00 0
18755 0.00 0.00 0.00 0
18756 0.00 0.00 0.00 0
18757 0.00 0.00 0.00 0
18758 0.00 0.00 0.00 0
18759 0.00 0.00 0.00 0
18760 0.00 0.00 0.00 0
18761 0.00 0.00 0.00 0
18762 0.00 0.00 0.00 0
18763 0.00 0.00 0.00 0
20665 0.00 0.00 0.00 0
20671 0.00 0.00 0.00 0
20672 0.00 0.00 0.00 0
20673 0.00 0.00 0.00 0
20674 0.00 0.00 0.00 0
20675 0.00 0.00 0.00 0
20676 0.00 0.00 0.00 0
20688 0.00 0.00 0.00 0
20689 0.00 0.00 0.00 0
20690 0.00 0.00 0.00 0
20691 0.00 0.00 0.00 0
20692 0.00 0.00 0.00 0
20693 0.00 0.00 0.00 0
20694 0.00 0.00 0.00 0
20695 0.00 0.00 0.00 0
20696 0.00 0.00 0.00 0
20697 0.00 0.00 0.00 0
20698 0.00 0.00 0.00 0
20699 0.00 0.00 0.00 0
20711 0.00 0.00 0.00 0
20713 0.00 0.00 0.00 0
20714 0.00 0.00 0.00 0
20715 0.00 0.00 0.00 0
20716 0.00 0.00 0.00 0
20717 0.00 0.00 0.00 0
20718 0.00 0.00 0.00 0
20719 0.00 0.00 0.00 0
20720 0.00 0.00 0.00 0
20721 0.00 0.00 0.00 0
20722 0.00 0.00 0.00 0
20723 0.00 0.00 0.00 0
20724 0.00 0.00 0.00 0
20725 0.00 0.00 0.00 0
20726 0.00 0.00 0.00 0
20727 0.00 0.00 0.00 0
20728 0.00 0.00 0.00 0
20729 0.00 0.00 0.00 0
20730 0.00 0.00 0.00 0
20731 0.00 0.00 0.00 0
20732 0.00 0.00 0.00 0
20733 0.00 0.00 0.00 0
20734 0.00 0.00 0.00 0
20735 0.00 0.00 0.00 0
20736 0.00 0.00 0.00 0
20737 0.00 0.00 0.00 0
20738 0.00 0.00 0.00 0
20739 0.00 0.00 0.00 0
20740 0.00 0.00 0.00 0
20741 0.00 0.00 0.00 0
20742 0.00 0.00 0.00 0
20743 0.00 0.00 0.00 0
20744 0.00 0.00 0.00 0
20745 0.00 0.00 0.00 0
20746 0.00 0.00 0.00 0
20747 0.00 0.00 0.00 0
20748 0.00 0.00 0.00 0
20749 0.00 0.00 0.00 0
20750 0.00 0.00 0.00 0
20751 0.00 0.00 0.00 0
20752 0.00 0.00 0.00 0
20753 0.00 0.00 0.00 0
20754 0.00 0.00 0.00 0
20755 0.00 0.00 0.00 0
20756 0.00 0.00 0.00 0
20757 0.00 0.00 0.00 0
20758 0.00 0.00 0.00 0
20759 0.00 0.00 0.00 0
20760 0.00 0.00 0.00 0
20761 0.00 0.00 0.00 0
20763 0.00 0.00 0.00 0
22298 0.00 0.00 0.00 0
22299 0.00 0.00 0.00 0
23346 0.00 0.00 0.00 0
23348 0.00 0.00 0.00 0
23616 0.00 0.00 0.00 0
23617 0.00 0.00 0.00 0
23618 0.00 0.00 0.00 0
23619 0.00 0.00 0.00 0
24003 0.00 0.00 0.00 0
24004 0.00 0.00 0.00 0
24005 0.00 0.00 0.00 0
24006 0.00 0.00 0.00 0
25086 0.00 0.00 0.00 0
26208 0.00 0.00 0.00 0
26209 0.00 0.00 0.00 0
26210 0.00 0.00 0.00 0
26211 0.00 0.00 0.00 0
26212 0.00 0.00 0.00 0
26213 0.00 0.00 0.00 0
26214 0.00 0.00 0.00 0
26215 0.00 0.00 0.00 0
26216 0.00 0.00 0.00 0
26217 0.00 0.00 0.00 0
26218 0.00 0.00 0.00 0
26219 0.00 0.00 0.00 0
26220 0.00 0.00 0.00 0
26221 0.00 0.00 0.00 0
26226 0.00 0.00 0.00 0
26227 0.00 0.00 0.00 0
26228 0.00 0.00 0.00 0
26229 0.00 0.00 0.00 0
26230 0.00 0.00 0.00 0
26231 0.00 0.00 0.00 0
26232 0.00 0.00 0.00 0
26233 0.00 0.00 0.00 0
26234 0.00 0.00 0.00 0
27373 0.00 0.00 0.00 0
27374 0.00 0.00 0.00 0
27375 0.00 0.00 0.00 0
27376 0.00 0.00 0.00 0
27377 0.00 0.00 0.00 0
27378 0.00 0.00 0.00 0
27379 0.00 0.00 0.00 0
27380 0.00 0.00 0.00 0
27381 0.00 0.00 0.00 0
27387 0.00 0.00 0.00 0
27388 0.00 0.00 0.00 0
27389 0.00 0.00 0.00 0
27390 0.00 0.00 0.00 0
27391 0.00 0.00 0.00 0
27392 0.00 0.00 0.00 0
27393 0.00 0.00 0.00 0
27394 0.00 0.00 0.00 0
27395 0.00 0.00 0.00 0
27404 0.00 0.00 0.00 0
27405 0.00 0.00 0.00 0
27406 0.00 0.00 0.00 0
27407 0.00 0.00 0.00 0
27408 0.00 0.00 0.00 0
27409 0.00 0.00 0.00 0
27410 0.00 0.00 0.00 0
27411 0.00 0.00 0.00 0
27412 0.00 0.00 0.00 0
27413 0.00 0.00 0.00 0
27414 0.00 0.00 0.00 0
27415 0.00 0.00 0.00 0
27416 0.00 0.00 0.00 0
27417 0.00 0.00 0.00 0
27418 0.00 0.00 0.00 0
27419 0.00 0.00 0.00 0
27420 0.00 0.00 0.00 0
27421 0.00 0.00 0.00 0
27422 0.00 0.00 0.00 0
27423 0.00 0.00 0.00 0
27424 0.00 0.00 0.00 0
27425 0.00 0.00 0.00 0
27426 0.00 0.00 0.00 0
27428 0.00 0.00 0.00 0
27429 0.00 0.00 0.00 0
27430 0.00 0.00 0.00 0
27431 0.00 0.00 0.00 0
27432 0.00 0.00 0.00 0
28355 0.00 0.00 0.00 0
30144 0.00 0.00 0.00 0
30145 0.00 0.00 0.00 0
30146 0.00 0.00 0.00 0
30147 0.00 0.00 0.00 0
30148 0.00 0.00 0.00 0
30149 0.00 0.00 0.00 0
30150 0.00 0.00 0.00 0
30151 0.00 0.00 0.00 0
30152 0.00 0.00 0.00 0
30153 0.00 0.00 0.00 0
30154 0.00 0.00 0.00 0
30162 0.00 0.00 0.00 0
30163 0.00 0.00 0.00 0
30164 0.00 0.00 0.00 0
30165 0.00 0.00 0.00 0
31050 0.00 0.00 0.00 0
31051 0.00 0.00 0.00 0
31052 0.00 0.00 0.00 0
31053 0.00 0.00 0.00 0
31054 0.00 0.00 0.00 0
31055 0.00 0.00 0.00 0
31056 0.00 0.00 0.00 0
31077 0.00 0.00 0.00 0
31078 0.00 0.00 0.00 0
31079 0.00 0.00 0.00 0
31080 0.00 0.00 0.00 0
31081 0.00 0.00 0.00 0
31082 0.00 0.00 0.00 0
31086 0.00 0.00 0.00 0
31087 0.00 0.00 0.00 0
31088 0.00 0.00 0.00 0
31089 0.00 0.00 0.00 0
31090 0.00 0.00 0.00 0
31091 0.00 0.00 0.00 0
33440 0.00 0.00 0.00 0
33441 0.00 0.00 0.00 0
35760 0.00 0.00 0.00 0
35761 0.00 0.00 0.00 0
35762 0.00 0.00 0.00 0
35763 0.00 0.00 0.00 0
35765 0.00 0.00 0.00 0
35766 0.00 0.00 0.00 0
35767 0.00 0.00 0.00 0
35768 0.00 0.00 0.00 0
35771 0.00 0.00 0.00 0
35772 0.00 0.00 0.00 0
35773 0.00 0.00 0.00 0
35774 0.00 0.00 0.00 0
35775 0.00 0.00 0.00 0
35776 0.00 0.00 0.00 0
35777 0.00 0.00 0.00 0
35786 0.00 0.00 0.00 0
35787 0.00 0.00 0.00 0
35791 0.00 0.00 0.00 0
35793 0.00 0.00 0.00 0
35794 0.00 0.00 0.00 0
35795 0.00 0.00 0.00 0
35796 0.00 0.00 0.00 0
35797 0.00 0.00 0.00 0
35799 0.00 0.00 0.00 0
35800 0.00 0.00 0.00 0
35801 0.00 0.00 0.00 0
35802 0.00 0.00 0.00 0
35803 0.00 0.00 0.00 0
35804 0.00 0.00 0.00 0
35805 0.00 0.00 0.00 0
35806 0.00 0.00 0.00 0
35807 0.00 0.00 0.00 0
35808 0.00 0.00 0.00 0
35809 0.00 0.00 0.00 0
35810 0.00 0.00 0.00 0
35811 0.00 0.00 0.00 0
35812 0.00 0.00 0.00 0
38119 0.00 0.00 0.00 0
38120 0.00 0.00 0.00 0
38121 0.00 0.00 0.00 0
38122 0.00 0.00 0.00 0
38123 0.00 0.00 0.00 0
38124 0.00 0.00 0.00 0
38125 0.00 0.00 0.00 0
38134 0.00 0.00 0.00 0
38138 0.00 0.00 0.00 0
38139 0.00 0.00 0.00 0
38141 0.00 0.00 0.00 0
38142 0.00 0.00 0.00 0
38143 0.00 0.00 0.00 0
38144 0.00 0.00 0.00 0
38145 0.00 0.00 0.00 0
38146 0.00 0.00 0.00 0
38147 0.00 0.00 0.00 0
38148 0.00 0.00 0.00 0
38149 0.00 0.00 0.00 0
38150 0.00 0.00 0.00 0
38151 0.00 0.00 0.00 0
38152 0.00 0.00 0.00 0
38161 0.00 0.00 0.00 0
38169 0.00 0.00 0.00 0
38170 0.00 0.00 0.00 0
38171 0.00 0.00 0.00 0
38172 0.00 0.00 0.00 0
38173 0.00 0.00 0.00 0
38174 0.00 0.00 0.00 0
38175 0.00 0.00 0.00 0
38176 0.00 0.00 0.00 0
38177 0.00 0.00 0.00 0
38178 0.00 0.00 0.00 0
38179 0.00 0.00 0.00 0
38180 0.00 0.00 0.00 0
38181 0.00 0.00 0.00 0
38182 0.00 0.00 0.00 0
38183 0.00 0.00 0.00 0
38184 0.00 0.00 0.00 0
38185 0.00 0.00 0.00 0
38186 0.00 0.00 0.00 0
38187 0.00 0.00 0.00 0
38188 0.00 0.00 0.00 0
38189 0.00 0.00 0.00 0
38190 0.00 0.00 0.00 0
38191 0.00 0.00 0.00 0
38192 0.00 0.00 0.00 0
38193 0.00 0.00 0.00 0
38194 0.00 0.00 0.00 0
38195 0.00 0.00 0.00 0
38196 0.00 0.00 0.00 0
38197 0.00 0.00 0.00 0
38198 0.00 0.00 0.00 0
38199 0.00 0.00 0.00 0
38200 0.00 0.00 0.00 0
38201 0.00 0.00 0.00 0
38202 0.00 0.00 0.00 0
38203 0.00 0.00 0.00 0
38204 0.00 0.00 0.00 0
38205 0.00 0.00 0.00 0
38206 0.00 0.00 0.00 0
38207 0.00 0.00 0.00 0
38208 0.00 0.00 0.00 0
38209 0.00 0.00 0.00 0
38210 0.00 0.00 0.00 0
38211 0.00 0.00 0.00 0
38212 0.00 0.00 0.00 0
38213 0.00 0.00 0.00 0
38214 0.00 0.00 0.00 0
38215 0.00 0.00 0.00 0
38216 0.00 0.00 0.00 0
38217 0.00 0.00 0.00 0
38218 0.00 0.00 0.00 0
38219 0.00 0.00 0.00 0
38220 0.00 0.00 0.00 0
38221 0.00 0.00 0.00 0
38222 0.00 0.00 0.00 0
38223 0.00 0.00 0.00 0
38224 0.00 0.00 0.00 0
38225 0.00 0.00 0.00 0
38226 0.00 0.00 0.00 0
38227 0.00 0.00 0.00 0
38228 0.00 0.00 0.00 0
38229 0.00 0.00 0.00 0
38230 0.00 0.00 0.00 0
38231 0.00 0.00 0.00 0
40072 0.00 0.00 0.00 0
41130 0.00 0.00 0.00 0
41131 0.00 0.00 0.00 0
41132 0.00 0.00 0.00 0
41492 0.00 0.00 0.00 0
41493 0.00 0.00 0.00 0
41494 0.00 0.00 0.00 0
41495 0.00 0.00 0.00 0
41496 0.00 0.00 0.00 0
42720 0.00 0.00 0.00 0
42721 0.00 0.00 0.00 0
42722 0.00 0.00 0.00 0
42723 0.00 0.00 0.00 0
42724 0.00 0.00 0.00 0
42725 0.00 0.00 0.00 0
42726 0.00 0.00 0.00 0
42727 0.00 0.00 0.00 0
42731 0.00 0.00 0.00 0
42732 0.00 0.00 0.00 0
42733 0.00 0.00 0.00 0
42734 0.00 0.00 0.00 0
42735 0.00 0.00 0.00 0
43367 0.00 0.00 0.00 0
43368 0.00 0.00 0.00 0
43369 0.00 0.00 0.00 0
43370 0.00 0.00 0.00 0
43371 0.00 0.00 0.00 0
43375 0.00 0.00 0.00 0
43376 0.00 0.00 0.00 0
43377 0.00 0.00 0.00 0
43378 0.00 0.00 0.00 0
43379 0.00 0.00 0.00 0
43383 0.00 0.00 0.00 0
43384 0.00 0.00 0.00 0
43385 0.00 0.00 0.00 0
43386 0.00 0.00 0.00 0
43387 0.00 0.00 0.00 0
43388 0.00 0.00 0.00 0
43389 0.00 0.00 0.00 0
43390 0.00 0.00 0.00 0
43391 0.00 0.00 0.00 0
43392 0.00 0.00 0.00 0
43393 0.00 0.00 0.00 0
43394 0.00 0.00 0.00 0
43395 0.00 0.00 0.00 0
43396 0.00 0.00 0.00 0
45120 0.00 0.00 0.00 0
45121 0.00 0.00 0.00 0
45122 0.00 0.00 0.00 0
45123 0.00 0.00 0.00 0
45124 0.00 0.00 0.00 0
45125 0.00 0.00 0.00 0
45126 0.00 0.00 0.00 0
45127 0.00 0.00 0.00 0
45767 0.00 0.00 0.00 0
45768 0.00 0.00 0.00 0
45769 0.00 0.00 0.00 0
45770 0.00 0.00 0.00 0
45771 0.00 0.00 0.00 0
47571 0.00 0.00 0.00 0
49440 0.00 0.00 0.00 0
49441 0.00 0.00 0.00 0
49442 0.00 0.00 0.00 0
49443 0.00 0.00 0.00 0
49444 0.00 0.00 0.00 0
49445 0.00 0.00 0.00 0
49446 0.00 0.00 0.00 0
49447 0.00 0.00 0.00 0
49448 0.00 0.00 0.00 0
49449 0.00 0.00 0.00 0
49450 0.00 0.00 0.00 0
49451 0.00 0.00 0.00 0
49452 0.00 0.00 0.00 0
49453 0.00 0.00 0.00 0
49454 0.00 0.00 0.00 0
49455 0.00 0.00 0.00 0
49456 0.00 0.00 0.00 0
49457 0.00 0.00 0.00 0
49458 0.00 0.00 0.00 0
49459 0.00 0.00 0.00 0
49460 0.00 0.00 0.00 0
49461 0.00 0.00 0.00 0
49462 0.00 0.00 0.00 0
49466 0.00 0.00 0.00 0
49467 0.00 0.00 0.00 0
49468 0.00 0.00 0.00 0
49469 0.00 0.00 0.00 0
49470 0.00 0.00 0.00 0
49472 0.00 0.00 0.00 0
49473 0.00 0.00 0.00 0
49474 0.00 0.00 0.00 0
49475 0.00 0.00 0.00 0
49476 0.00 0.00 0.00 0
49477 0.00 0.00 0.00 0
49478 0.00 0.00 0.00 0
49479 0.00 0.00 0.00 0
49480 0.00 0.00 0.00 0
49481 0.00 0.00 0.00 0
49482 0.00 0.00 0.00 0
49483 0.00 0.00 0.00 0
51385 0.00 0.00 0.00 0
51391 0.00 0.00 0.00 0
51392 0.00 0.00 0.00 0
51393 0.00 0.00 0.00 0
51394 0.00 0.00 0.00 0
51395 0.00 0.00 0.00 0
51396 0.00 0.00 0.00 0
51408 0.00 0.00 0.00 0
51409 0.00 0.00 0.00 0
51410 0.00 0.00 0.00 0
51411 0.00 0.00 0.00 0
51412 0.00 0.00 0.00 0
51413 0.00 0.00 0.00 0
51414 0.00 0.00 0.00 0
51415 0.00 0.00 0.00 0
51416 0.00 0.00 0.00 0
51417 0.00 0.00 0.00 0
51418 0.00 0.00 0.00 0
51419 0.00 0.00 0.00 0
51431 0.00 0.00 0.00 0
51432 0.00 0.00 0.00 0
51433 0.00 0.00 0.00 0
51434 0.00 0.00 0.00 0
51435 0.00 0.00 0.00 0
51436 0.00 0.00 0.00 0
51437 0.00 0.00 0.00 0
51438 0.00 0.00 0.00 0
51439 0.00 0.00 0.00 0
51440 0.00 0.00 0.00 0
51441 0.00 0.00 0.00 0
51442 0.00 0.00 0.00 0
51443 0.00 0.00 0.00 0
51444 0.00 0.00 0.00 0
51445 0.00 0.00 0.00 0
51446 0.00 0.00 0.00 0
51447 0.00 0.00 0.00 0
51448 0.00 0.00 0.00 0
51449 0.00 0.00 0.00 0
51450 0.00 0.00 0.00 0
51451 0.00 0.00 0.00 0
51452 0.00 0.00 0.00 0
51453 0.00 0.00 0.00 0
51454 0.00 0.00 0.00 0
51455 0.00 0.00 0.00 0
51456 0.00 0.00 0.00 0
51457 0.00 0.00 0.00 0
51458 0.00 0.00 0.00 0
51459 0.00 0.00 0.00 0
51460 0.00 0.00 0.00 0
51461 0.00 0.00 0.00 0
51462 0.00 0.00 0.00 0
51463 0.00 0.00 0.00 0
51464 0.00 0.00 0.00 0
51465 0.00 0.00 0.00 0
51466 0.00 0.00 0.00 0
51467 0.00 0.00 0.00 0
51468 0.00 0.00 0.00 0
51469 0.00 0.00 0.00 0
51470 0.00 0.00 0.00 0
51471 0.00 0.00 0.00 0
51473 0.00 0.00 0.00 0
51474 0.00 0.00 0.00 0
51475 0.00 0.00 0.00 0
51476 0.00 0.00 0.00 0
51477 0.00 0.00 0.00 0
51478 0.00 0.00 0.00 0
51479 0.00 0.00 0.00 0
51480 0.00 0.00 0.00 0
51481 0.00 0.00 0.00 0
53018 0.00 0.00 0.00 0
53019 0.00 0.00 0.00 0
53020 0.00 0.00 0.00 0
54270 0.00 0.00 0.00 0
54271 0.00 0.00 0.00 0
54272 0.00 0.00 0.00 0
54273 0.00 0.00 0.00 0
54274 0.00 0.00 0.00 0
54720 0.00 0.00 0.00 0
54721 0.00 0.00 0.00 0
54722 0.00 0.00 0.00 0
54724 0.00 0.00 0.00 0
55360 0.00 0.00 0.00 0
55365 0.00 0.00 0.00 0
55366 0.00 0.00 0.00 0
55367 0.00 0.00 0.00 0
55368 0.00 0.00 0.00 0
55369 0.00 0.00 0.00 0
55370 0.00 0.00 0.00 0
55371 0.00 0.00 0.00 0
59040 0.00 0.00 0.00 0
59041 0.00 0.00 0.00 0
59042 0.00 0.00 0.00 0
59043 0.00 0.00 0.00 0
59044 0.00 0.00 0.00 0
59045 0.00 0.00 0.00 0
59046 0.00 0.00 0.00 0
59047 0.00 0.00 0.00 0
59048 0.00 0.00 0.00 0
59049 0.00 0.00 0.00 0
59050 0.00 0.00 0.00 0
59051 0.00 0.00 0.00 0
59052 0.00 0.00 0.00 0
59053 0.00 0.00 0.00 0
59054 0.00 0.00 0.00 0
59055 0.00 0.00 0.00 0
59056 0.00 0.00 0.00 0
59057 0.00 0.00 0.00 0
59058 0.00 0.00 0.00 0
59059 0.00 0.00 0.00 0
59060 0.00 0.00 0.00 0
59061 0.00 0.00 0.00 0
59062 0.00 0.00 0.00 0
59070 0.00 0.00 0.00 0
59071 0.00 0.00 0.00 0
59072 0.00 0.00 0.00 0
59073 0.00 0.00 0.00 0
59074 0.00 0.00 0.00 0
59075 0.00 0.00 0.00 0
59076 0.00 0.00 0.00 0
59077 0.00 0.00 0.00 0
59078 0.00 0.00 0.00 0
59079 0.00 0.00 0.00 0
59080 0.00 0.00 0.00 0
59081 0.00 0.00 0.00 0
59082 0.00 0.00 0.00 0
59083 0.00 0.00 0.00 0
59084 0.00 0.00 0.00 0
60982 0.00 0.00 0.00 0
60983 0.00 0.00 0.00 0
60984 0.00 0.00 0.00 0
60985 0.00 0.00 0.00 0
60986 0.00 0.00 0.00 0
60987 0.00 0.00 0.00 0
60988 0.00 0.00 0.00 0
60989 0.00 0.00 0.00 0
60990 0.00 0.00 0.00 0
60991 0.00 0.00 0.00 0
60992 0.00 0.00 0.00 0
60993 0.00 0.00 0.00 0
60994 0.00 0.00 0.00 0
60995 0.00 0.00 0.00 0
60996 0.00 0.00 0.00 0
61005 0.00 0.00 0.00 0
61006 0.00 0.00 0.00 0
61007 0.00 0.00 0.00 0
61008 0.00 0.00 0.00 0
61009 0.00 0.00 0.00 0
61010 0.00 0.00 0.00 0
61011 0.00 0.00 0.00 0
61012 0.00 0.00 0.00 0
61013 0.00 0.00 0.00 0
61014 0.00 0.00 0.00 0
61015 0.00 0.00 0.00 0
61016 0.00 0.00 0.00 0
61017 0.00 0.00 0.00 0
61018 0.00 0.00 0.00 0
61019 0.00 0.00 0.00 0
61030 0.00 0.00 0.00 0
61031 0.00 0.00 0.00 0
61032 0.00 0.00 0.00 0
61033 0.00 0.00 0.00 0
61034 0.00 0.00 0.00 0
61035 0.00 0.00 0.00 0
61036 0.00 0.00 0.00 0
61037 0.00 0.00 0.00 0
61038 0.00 0.00 0.00 0
61039 0.00 0.00 0.00 0
61040 0.00 0.00 0.00 0
61041 0.00 0.00 0.00 0
61042 0.00 0.00 0.00 0
61043 0.00 0.00 0.00 0
61044 0.00 0.00 0.00 0
61045 0.00 0.00 0.00 0
61046 0.00 0.00 0.00 0
61047 0.00 0.00 0.00 0
61048 0.00 0.00 0.00 0
61049 0.00 0.00 0.00 0
61050 0.00 0.00 0.00 0
61051 0.00 0.00 0.00 0
61052 0.00 0.00 0.00 0
61053 0.00 0.00 0.00 0
61054 0.00 0.00 0.00 0
61055 0.00 0.00 0.00 0
61056 0.00 0.00 0.00 0
61057 0.00 0.00 0.00 0
61058 0.00 0.00 0.00 0
61059 0.00 0.00 0.00 0
61060 0.00 0.00 0.00 0
61061 0.00 0.00 0.00 0
61062 0.00 0.00 0.00 0
61063 0.00 0.00 0.00 0
61064 0.00 0.00 0.00 0
61065 0.00 0.00 0.00 0
61066 0.00 0.00 0.00 0
61067 0.00 0.00 0.00 0
61068 0.00 0.00 0.00 0
61069 0.00 0.00 0.00 0
61070 0.00 0.00 0.00 0
61071 0.00 0.00 0.00 0
61076 0.00 0.00 0.00 0
61077 0.00 0.00 0.00 0
61078 0.00 0.00 0.00 0
61079 0.00 0.00 0.00 0
61080 0.00 0.00 0.00 0
62618 0.00 0.00 0.00 0
62619 0.00 0.00 0.00 0
62620 0.00 0.00 0.00 0
66240 0.00 0.00 0.00 0
66241 0.00 0.00 0.00 0
66242 0.00 0.00 0.00 0
66243 0.00 0.00 0.00 0
66244 0.00 0.00 0.00 0
66245 0.00 0.00 0.00 0
66246 0.00 0.00 0.00 0
66247 0.00 0.00 0.00 0
66248 0.00 0.00 0.00 0
66249 0.00 0.00 0.00 0
66250 0.00 0.00 0.00 0
66251 0.00 0.00 0.00 0
66252 0.00 0.00 0.00 0
66253 0.00 0.00 0.00 0
66254 0.00 0.00 0.00 0
66255 0.00 0.00 0.00 0
66256 0.00 0.00 0.00 0
66257 0.00 0.00 0.00 0
66258 0.00 0.00 0.00 0
66259 0.00 0.00 0.00 0
66260 0.00 0.00 0.00 0
66261 0.00 0.00 0.00 0
66262 0.00 0.00 0.00 0
66278 0.00 0.00 0.00 0
66279 0.00 0.00 0.00 0
66280 0.00 0.00 0.00 0
66281 0.00 0.00 0.00 0
66282 0.00 0.00 0.00 0
66283 0.00 0.00 0.00 0
66284 0.00 0.00 0.00 0
66285 0.00 0.00 0.00 0
66286 0.00 0.00 0.00 0
66287 0.00 0.00 0.00 0
68181 0.00 0.00 0.00 0
68182 0.00 0.00 0.00 0
68183 0.00 0.00 0.00 0
68184 0.00 0.00 0.00 0
68185 0.00 0.00 0.00 0
68186 0.00 0.00 0.00 0
68187 0.00 0.00 0.00 0
68188 0.00 0.00 0.00 0
68189 0.00 0.00 0.00 0
68190 0.00 0.00 0.00 0
68191 0.00 0.00 0.00 0
68192 0.00 0.00 0.00 0
68193 0.00 0.00 0.00 0
68194 0.00 0.00 0.00 0
68195 0.00 0.00 0.00 0
68196 0.00 0.00 0.00 0
68240 0.00 0.00 0.00 0
68241 0.00 0.00 0.00 0
68242 0.00 0.00 0.00 0
68243 0.00 0.00 0.00 0
68244 0.00 0.00 0.00 0
68245 0.00 0.00 0.00 0
68246 0.00 0.00 0.00 0
68247 0.00 0.00 0.00 0
68248 0.00 0.00 0.00 0
68249 0.00 0.00 0.00 0
68258 0.00 0.00 0.00 0
68259 0.00 0.00 0.00 0
68262 0.00 0.00 0.00 0
68263 0.00 0.00 0.00 0
68264 0.00 0.00 0.00 0
68265 0.00 0.00 0.00 0
68266 0.00 0.00 0.00 0
73592 0.00 0.00 0.00 0
73594 0.00 0.00 0.00 0
73595 0.00 0.00 0.00 0
73596 0.00 0.00 0.00 0
79200 0.00 0.00 0.00 0
79201 0.00 0.00 0.00 0
79202 0.00 0.00 0.00 0
79203 0.00 0.00 0.00 0
79204 0.00 0.00 0.00 0
79205 0.00 0.00 0.00 0
79206 0.00 0.00 0.00 0
79207 0.00 0.00 0.00 0
79208 0.00 0.00 0.00 0
79209 0.00 0.00 0.00 0
79210 0.00 0.00 0.00 0
79211 0.00 0.00 0.00 0
79212 0.00 0.00 0.00 0
79213 0.00 0.00 0.00 0
79214 0.00 0.00 0.00 0
79215 0.00 0.00 0.00 0
79216 0.00 0.00 0.00 0
79217 0.00 0.00 0.00 0
79218 0.00 0.00 0.00 0
79219 0.00 0.00 0.00 0
79220 0.00 0.00 0.00 0
79223 0.00 0.00 0.00 0
79224 0.00 0.00 0.00 0
79225 0.00 0.00 0.00 0
79226 0.00 0.00 0.00 0
79227 0.00 0.00 0.00 0
79228 0.00 0.00 0.00 0
79229 0.00 0.00 0.00 0
79230 0.00 0.00 0.00 0
79231 0.00 0.00 0.00 0
79232 0.00 0.00 0.00 0
79233 0.00 0.00 0.00 0
79234 0.00 0.00 0.00 0
79235 0.00 0.00 0.00 0
79236 0.00 0.00 0.00 0
79237 0.00 0.00 0.00 0
79238 0.00 0.00 0.00 0
79239 0.00 0.00 0.00 0
79240 0.00 0.00 0.00 0
79241 0.00 0.00 0.00 0
79242 0.00 0.00 0.00 0
79253 0.00 0.00 0.00 0
79254 0.00 0.00 0.00 0
79255 0.00 0.00 0.00 0
79260 0.00 0.00 0.00 0
79261 0.00 0.00 0.00 0
79262 0.00 0.00 0.00 0
79279 0.00 0.00 0.00 0
79280 0.00 0.00 0.00 0
79281 0.00 0.00 0.00 0
79282 0.00 0.00 0.00 0
79283 0.00 0.00 0.00 0
79284 0.00 0.00 0.00 0
79285 0.00 0.00 0.00 0
79286 0.00 0.00 0.00 0
79287 0.00 0.00 0.00 0
79288 0.00 0.00 0.00 0
79289 0.00 0.00 0.00 0
79290 0.00 0.00 0.00 0
79294 0.00 0.00 0.00 0
79295 0.00 0.00 0.00 0
79296 0.00 0.00 0.00 0
79297 0.00 0.00 0.00 0
79298 0.00 0.00 0.00 0
79299 0.00 0.00 0.00 0
79300 0.00 0.00 0.00 0
79301 0.00 0.00 0.00 0
79302 0.00 0.00 0.00 0
79303 0.00 0.00 0.00 0
79304 0.00 0.00 0.00 0
79305 0.00 0.00 0.00 0
79306 0.00 0.00 0.00 0
79307 0.00 0.00 0.00 0
79308 0.00 0.00 0.00 0
79309 0.00 0.00 0.00 0
79310 0.00 0.00 0.00 0
79311 0.00 0.00 0.00 0
79312 0.00 0.00 0.00 0
79313 0.00 0.00 0.00 0
79314 0.00 0.00 0.00 0
79315 0.00 0.00 0.00 0
79316 0.00 0.00 0.00 0
79317 0.00 0.00 0.00 0
79318 0.00 0.00 0.00 0
79319 0.00 0.00 0.00 0
79320 0.00 0.00 0.00 0
79321 0.00 0.00 0.00 0
79322 0.00 0.00 0.00 0
79323 0.00 0.00 0.00 0
79324 0.00 0.00 0.00 0
79325 0.00 0.00 0.00 0
79326 0.00 0.00 0.00 0
79327 0.00 0.00 0.00 0
79328 0.00 0.00 0.00 0
79329 0.00 0.00 0.00 0
79330 0.00 0.00 0.00 0
85035 0.00 0.00 0.00 0
85036 0.00 0.00 0.00 0
85037 0.00 0.00 0.00 0
85052 0.00 0.00 0.00 0
85054 0.00 0.00 0.00 0
85055 0.00 0.00 0.00 0
85056 0.00 0.00 0.00 0
85057 0.00 0.00 0.00 0
85058 0.00 0.00 0.00 0
85059 0.00 0.00 0.00 0
85060 0.00 0.00 0.00 0
85061 0.00 0.00 0.00 0
85062 0.00 0.00 0.00 0
85063 0.00 0.00 0.00 0
85064 0.00 0.00 0.00 0
85065 0.00 0.00 0.00 0
85066 0.00 0.00 0.00 0
85067 0.00 0.00 0.00 0
85068 0.00 0.00 0.00 0
85069 0.00 0.00 0.00 0
85070 0.00 0.00 0.00 0
85071 0.00 0.00 0.00 0
85093 0.00 0.00 0.00 0
85094 0.00 0.00 0.00 0
85103 0.00 0.00 0.00 0
85104 0.00 0.00 0.00 0
85105 0.00 0.00 0.00 0
85106 0.00 0.00 0.00 0
85107 0.00 0.00 0.00 0
85108 0.00 0.00 0.00 0
85112 0.00 0.00 0.00 0
85113 0.00 0.00 0.00 0
85114 0.00 0.00 0.00 0
85115 0.00 0.00 0.00 0
85116 0.00 0.00 0.00 0
85117 0.00 0.00 0.00 0
85118 0.00 0.00 0.00 0
85119 0.00 0.00 0.00 0
85120 0.00 0.00 0.00 0
85121 0.00 0.00 0.00 0
85122 0.00 0.00 0.00 0
85123 0.00 0.00 0.00 0
85124 0.00 0.00 0.00 0
85125 0.00 0.00 0.00 0
85126 0.00 0.00 0.00 0
85127 0.00 0.00 0.00 0
85128 0.00 0.00 0.00 0
85129 0.00 0.00 0.00 0
85130 0.00 0.00 0.00 0
85131 0.00 0.00 0.00 0
85132 0.00 0.00 0.00 0
85133 0.00 0.00 0.00 0
85134 0.00 0.00 0.00 0
85135 0.00 0.00 0.00 0
85136 0.00 0.00 0.00 0
85137 0.00 0.00 0.00 0
85138 0.00 0.00 0.00 0
85139 0.00 0.00 0.00 0
85181 0.00 0.00 0.00 0
85182 0.00 0.00 0.00 0
85183 0.00 0.00 0.00 0
85184 0.00 0.00 0.00 0
85185 0.00 0.00 0.00 0
85186 0.00 0.00 0.00 0
85187 0.00 0.00 0.00 0
85188 0.00 0.00 0.00 0
85189 0.00 0.00 0.00 0
85190 0.00 0.00 0.00 0
85191 0.00 0.00 0.00 0
85192 0.00 0.00 0.00 0
85193 0.00 0.00 0.00 0
85194 0.00 0.00 0.00 0
85195 0.00 0.00 0.00 0
85196 0.00 0.00 0.00 0
85197 0.00 0.00 0.00 0
85198 0.00 0.00 0.00 0
85199 0.00 0.00 0.00 0
85200 0.00 0.00 0.00 0
85201 0.00 0.00 0.00 0
85202 0.00 0.00 0.00 0
85203 0.00 0.00 0.00 0
85204 0.00 0.00 0.00 0
85205 0.00 0.00 0.00 0
85206 0.00 0.00 0.00 0
85207 0.00 0.00 0.00 0
85208 0.00 0.00 0.00 0
85209 0.00 0.00 0.00 0
85210 0.00 0.00 0.00 0
85211 0.00 0.00 0.00 0
85212 0.00 0.00 0.00 0
85213 0.00 0.00 0.00 0
85214 0.00 0.00 0.00 0
85215 0.00 0.00 0.00 0
85216 0.00 0.00 0.00 0
85217 0.00 0.00 0.00 0
85218 0.00 0.00 0.00 0
85219 0.00 0.00 0.00 0
85220 0.00 0.00 0.00 0
85221 0.00 0.00 0.00 0
85222 0.00 0.00 0.00 0
85223 0.00 0.00 0.00 0
85224 0.00 0.00 0.00 0
85225 0.00 0.00 0.00 0
85226 0.00 0.00 0.00 0
85227 0.00 0.00 0.00 0
85228 0.00 0.00 0.00 0
85229 0.00 0.00 0.00 0
85230 0.00 0.00 0.00 0
85231 0.00 0.00 0.00 0
85232 0.00 0.00 0.00 0
85233 0.00 0.00 0.00 0
85234 0.00 0.00 0.00 0
85235 0.00 0.00 0.00 0
85236 0.00 0.00 0.00 0
85237 0.00 0.00 0.00 0
85238 0.00 0.00 0.00 0
85239 0.00 0.00 0.00 0
85240 0.00 0.00 0.00 0
85241 0.00 0.00 0.00 0
85242 0.00 0.00 0.00 0
85243 0.00 0.00 0.00 0
85244 0.00 0.00 0.00 0
85245 0.00 0.00 0.00 0
85246 0.00 0.00 0.00 0
85247 0.00 0.00 0.00 0
85248 0.00 0.00 0.00 0
85249 0.00 0.00 0.00 0
85250 0.00 0.00 0.00 0
85251 0.00 0.00 0.00 0
85252 0.00 0.00 0.00 0
85253 0.00 0.00 0.00 0
85254 0.00 0.00 0.00 0
85255 0.00 0.00 0.00 0
85256 0.00 0.00 0.00 0
85257 0.00 0.00 0.00 0
85258 0.00 0.00 0.00 0
85259 0.00 0.00 0.00 0
85260 0.00 0.00 0.00 0
85261 0.00 0.00 0.00 0
85262 0.00 0.00 0.00 0
85263 0.00 0.00 0.00 0
85264 0.00 0.00 0.00 0
85265 0.00 0.00 0.00 0
85266 0.00 0.00 0.00 0
85267 0.00 0.00 0.00 0
85268 0.00 0.00 0.00 0
85269 0.00 0.00 0.00 0
85270 0.00 0.00 0.00 0
85271 0.00 0.00 0.00 0
85272 0.00 0.00 0.00 0
85273 0.00 0.00 0.00 0
85274 0.00 0.00 0.00 0
85275 0.00 0.00 0.00 0
85276 0.00 0.00 0.00 0
85277 0.00 0.00 0.00 0
85278 0.00 0.00 0.00 0
85279 0.00 0.00 0.00 0
85280 0.00 0.00 0.00 0
85281 0.00 0.00 0.00 0
85282 0.00 0.00 0.00 0
85283 0.00 0.00 0.00 0
85284 0.00 0.00 0.00 0
85285 0.00 0.00 0.00 0
85286 0.00 0.00 0.00 0
85287 0.00 0.00 0.00 0
85288 0.00 0.00 0.00 0
85289 0.00 0.00 0.00 0
85290 0.00 0.00 0.00 0
85291 0.00 0.00 0.00 0
85292 0.00 0.00 0.00 0
85293 0.00 0.00 0.00 0
85294 0.00 0.00 0.00 0
85295 0.00 0.00 0.00 0
85296 0.00 0.00 0.00 0
85297 0.00 0.00 0.00 0
85298 0.00 0.00 0.00 0
85299 0.00 0.00 0.00 0
85300 0.00 0.00 0.00 0
85301 0.00 0.00 0.00 0
85302 0.00 0.00 0.00 0
85303 0.00 0.00 0.00 0
85304 0.00 0.00 0.00 0
85305 0.00 0.00 0.00 0
85306 0.00 0.00 0.00 0
85307 0.00 0.00 0.00 0
85308 0.00 0.00 0.00 0
85309 0.00 0.00 0.00 0
85310 0.00 0.00 0.00 0
85311 0.00 0.00 0.00 0
85312 0.00 0.00 0.00 0
85313 0.00 0.00 0.00 0
85314 0.00 0.00 0.00 0
85315 0.00 0.00 0.00 0
85316 0.00 0.00 0.00 0
85317 0.00 0.00 0.00 0
85318 0.00 0.00 0.00 0
85319 0.00 0.00 0.00 0
85320 0.00 0.00 0.00 0
85321 0.00 0.00 0.00 0
85322 0.00 0.00 0.00 0
85323 0.00 0.00 0.00 0
85324 0.00 0.00 0.00 0
85325 0.00 0.00 0.00 0
85326 0.00 0.00 0.00 0
85327 0.00 0.00 0.00 0
85328 0.00 0.00 0.00 0
85329 0.00 0.00 0.00 0
85330 0.00 0.00 0.00 0
85331 0.00 0.00 0.00 0
85332 0.00 0.00 0.00 0
85333 0.00 0.00 0.00 0
85334 0.00 0.00 0.00 0
85335 0.00 0.00 0.00 0
85336 0.00 0.00 0.00 0
89933 0.00 0.00 0.00 0
89934 0.00 0.00 0.00 0
89935 0.00 0.00 0.00 0
92466 0.00 0.00 0.00 0
92467 0.00 0.00 0.00 0
92468 0.00 0.00 0.00 0
92469 0.00 0.00 0.00 0
92470 0.00 0.00 0.00 0
93120 0.00 0.00 0.00 0
93121 0.00 0.00 0.00 0
93122 0.00 0.00 0.00 0
93123 0.00 0.00 0.00 0
93124 0.00 0.00 0.00 0
93125 0.00 0.00 0.00 0
93126 0.00 0.00 0.00 0
95328 0.00 0.00 0.00 0
95329 0.00 0.00 0.00 0
95330 0.00 0.00 0.00 0
95331 0.00 0.00 0.00 0
95332 0.00 0.00 0.00 0
95333 0.00 0.00 0.00 0
95334 0.00 0.00 0.00 0
95335 0.00 0.00 0.00 0
95336 0.00 0.00 0.00 0
95337 0.00 0.00 0.00 0
95338 0.00 0.00 0.00 0
95339 0.00 0.00 0.00 0
95340 0.00 0.00 0.00 0
95341 0.00 0.00 0.00 0
95347 0.00 0.00 0.00 0
95348 0.00 0.00 0.00 0
95349 0.00 0.00 0.00 0
95350 0.00 0.00 0.00 0
95351 0.00 0.00 0.00 0
95352 0.00 0.00 0.00 0
95353 0.00 0.00 0.00 0
95354 0.00 0.00 0.00 0
96493 0.00 0.00 0.00 0
96494 0.00 0.00 0.00 0
96495 0.00 0.00 0.00 0
96496 0.00 0.00 0.00 0
96497 0.00 0.00 0.00 0
96498 0.00 0.00 0.00 0
96499 0.00 0.00 0.00 0
96500 0.00 0.00 0.00 0
96501 0.00 0.00 0.00 0
96507 0.00 0.00 0.00 0
96508 0.00 0.00 0.00 0
96509 0.00 0.00 0.00 0
96510 0.00 0.00 0.00 0
96511 0.00 0.00 0.00 0
96512 0.00 0.00 0.00 0
96513 0.00 0.00 0.00 0
96514 0.00 0.00 0.00 0
96515 0.00 0.00 0.00 0
96521 0.00 0.00 0.00 0
96522 0.00 0.00 0.00 0
96523 0.00 0.00 0.00 0
96524 0.00 0.00 0.00 0
96525 0.00 0.00 0.00 0
96526 0.00 0.00 0.00 0
96527 0.00 0.00 0.00 0
96528 0.00 0.00 0.00 0
96529 0.00 0.00 0.00 0
96530 0.00 0.00 0.00 0
96531 0.00 0.00 0.00 0
96532 0.00 0.00 0.00 0
96533 0.00 0.00 0.00 0
96534 0.00 0.00 0.00 0
96535 0.00 0.00 0.00 0
96536 0.00 0.00 0.00 0
96537 0.00 0.00 0.00 0
96538 0.00 0.00 0.00 0
96539 0.00 0.00 0.00 0
96540 0.00 0.00 0.00 0
96541 0.00 0.00 0.00 0
96542 0.00 0.00 0.00 0
96543 0.00 0.00 0.00 0
96544 0.00 0.00 0.00 0
96545 0.00 0.00 0.00 0
96546 0.00 0.00 0.00 0
99648 0.00 0.00 0.00 0
99649 0.00 0.00 0.00 0
99650 0.00 0.00 0.00 0
99651 0.00 0.00 0.00 0
99652 0.00 0.00 0.00 0
99653 0.00 0.00 0.00 0
99654 0.00 0.00 0.00 0
99655 0.00 0.00 0.00 0
99656 0.00 0.00 0.00 0
99657 0.00 0.00 0.00 0
99658 0.00 0.00 0.00 0
99659 0.00 0.00 0.00 0
99660 0.00 0.00 0.00 0
99661 0.00 0.00 0.00 0
99672 0.00 0.00 0.00 0
99674 0.00 0.00 0.00 0
99675 0.00 0.00 0.00 0
99676 0.00 0.00 0.00 0
99677 0.00 0.00 0.00 0
100812 0.00 0.00 0.00 0
100813 0.00 0.00 0.00 0
100814 0.00 0.00 0.00 0
100815 0.00 0.00 0.00 0
100816 0.00 0.00 0.00 0
100817 0.00 0.00 0.00 0
100818 0.00 0.00 0.00 0
100819 0.00 0.00 0.00 0
100820 0.00 0.00 0.00 0
100821 0.00 0.00 0.00 0
100850 0.00 0.00 0.00 0
100858 0.00 0.00 0.00 0
104060 0.00 0.00 0.00 0
104061 0.00 0.00 0.00 0
107424 0.00 0.00 0.00 0
107425 0.00 0.00 0.00 0
107426 0.00 0.00 0.00 0
107427 0.00 0.00 0.00 0
107428 0.00 0.00 0.00 0
107429 0.00 0.00 0.00 0
107430 0.00 0.00 0.00 0
107431 0.00 0.00 0.00 0
107432 0.00 0.00 0.00 0
107433 0.00 0.00 0.00 0
107434 0.00 0.00 0.00 0
107435 0.00 0.00 0.00 0
107436 0.00 0.00 0.00 0
107437 0.00 0.00 0.00 0
107438 0.00 0.00 0.00 0
107439 0.00 0.00 0.00 0
107440 0.00 0.00 0.00 0
107441 0.00 0.00 0.00 0
107442 0.00 0.00 0.00 0
107443 0.00 0.00 0.00 0
107444 0.00 0.00 0.00 0
107445 0.00 0.00 0.00 0
107446 0.00 0.00 0.00 0
107447 0.00 0.00 0.00 0
107448 0.00 0.00 0.00 0
107449 0.00 0.00 0.00 0
107450 0.00 0.00 0.00 0
107451 0.00 0.00 0.00 0
107456 0.00 0.00 0.00 0
107457 0.00 0.00 0.00 0
107458 0.00 0.00 0.00 0
107462 0.00 0.00 0.00 0
107470 0.00 0.00 0.00 0
107471 0.00 0.00 0.00 0
107472 0.00 0.00 0.00 0
107473 0.00 0.00 0.00 0
107474 0.00 0.00 0.00 0
107475 0.00 0.00 0.00 0
107476 0.00 0.00 0.00 0
107477 0.00 0.00 0.00 0
107478 0.00 0.00 0.00 0
107482 0.00 0.00 0.00 0
107483 0.00 0.00 0.00 0
107484 0.00 0.00 0.00 0
107485 0.00 0.00 0.00 0
107486 0.00 0.00 0.00 0
107487 0.00 0.00 0.00 0
107488 0.00 0.00 0.00 0
107489 0.00 0.00 0.00 0
107490 0.00 0.00 0.00 0
107491 0.00 0.00 0.00 0
107492 0.00 0.00 0.00 0
107493 0.00 0.00 0.00 0
107494 0.00 0.00 0.00 0
107495 0.00 0.00 0.00 0
107496 0.00 0.00 0.00 0
107497 0.00 0.00 0.00 0
107498 0.00 0.00 0.00 0
107499 0.00 0.00 0.00 0
107500 0.00 0.00 0.00 0
107501 0.00 0.00 0.00 0
110925 0.00 0.00 0.00 0
110926 0.00 0.00 0.00 0
110937 0.00 0.00 0.00 0
110938 0.00 0.00 0.00 0
110939 0.00 0.00 0.00 0
110940 0.00 0.00 0.00 0
110941 0.00 0.00 0.00 0
110942 0.00 0.00 0.00 0
110943 0.00 0.00 0.00 0
110944 0.00 0.00 0.00 0
110945 0.00 0.00 0.00 0
110946 0.00 0.00 0.00 0
110965 0.00 0.00 0.00 0
110966 0.00 0.00 0.00 0
110967 0.00 0.00 0.00 0
110968 0.00 0.00 0.00 0
110969 0.00 0.00 0.00 0
110970 0.00 0.00 0.00 0
110971 0.00 0.00 0.00 0
110972 0.00 0.00 0.00 0
110973 0.00 0.00 0.00 0
110974 0.00 0.00 0.00 0
110975 0.00 0.00 0.00 0
110976 0.00 0.00 0.00 0
110977 0.00 0.00 0.00 0
110978 0.00 0.00 0.00 0
110979 0.00 0.00 0.00 0
110980 0.00 0.00 0.00 0
110981 0.00 0.00 0.00 0
110982 0.00 0.00 0.00 0
110983 0.00 0.00 0.00 0
110984 0.00 0.00 0.00 0
110985 0.00 0.00 0.00 0
110986 0.00 0.00 0.00 0
110987 0.00 0.00 0.00 0
111007 0.00 0.00 0.00 0
111009 0.00 0.00 0.00 0
111010 0.00 0.00 0.00 0
111013 0.00 0.00 0.00 0
111014 0.00 0.00 0.00 0
111015 0.00 0.00 0.00 0
111016 0.00 0.00 0.00 0
111017 0.00 0.00 0.00 0
111018 0.00 0.00 0.00 0
111019 0.00 0.00 0.00 0
111020 0.00 0.00 0.00 0
111021 0.00 0.00 0.00 0
111022 0.00 0.00 0.00 0
111023 0.00 0.00 0.00 0
111024 0.00 0.00 0.00 0
111025 0.00 0.00 0.00 0
111026 0.00 0.00 0.00 0
111027 0.00 0.00 0.00 0
111028 0.00 0.00 0.00 0
111029 0.00 0.00 0.00 0
111030 0.00 0.00 0.00 0
111031 0.00 0.00 0.00 0
111032 0.00 0.00 0.00 0
111033 0.00 0.00 0.00 0
111034 0.00 0.00 0.00 0
111035 0.00 0.00 0.00 0
111036 0.00 0.00 0.00 0
111037 0.00 0.00 0.00 0
111038 0.00 0.00 0.00 0
111039 0.00 0.00 0.00 0
111040 0.00 0.00 0.00 0
111041 0.00 0.00 0.00 0
111042 0.00 0.00 0.00 0
111043 0.00 0.00 0.00 0
111044 0.00 0.00 0.00 0
111045 0.00 0.00 0.00 0
111046 0.00 0.00 0.00 0
111047 0.00 0.00 0.00 0
111048 0.00 0.00 0.00 0
111049 0.00 0.00 0.00 0
111050 0.00 0.00 0.00 0
111051 0.00 0.00 0.00 0
111052 0.00 0.00 0.00 0
111053 0.00 0.00 0.00 0
111054 0.00 0.00 0.00 0
111055 0.00 0.00 0.00 0
111056 0.00 0.00 0.00 0
111057 0.00 0.00 0.00 0
111058 0.00 0.00 0.00 0
111059 0.00 0.00 0.00 0
111060 0.00 0.00 0.00 0
111061 0.00 0.00 0.00 0
111062 0.00 0.00 0.00 0
111063 0.00 0.00 0.00 0
111064 0.00 0.00 0.00 0
111065 0.00 0.00 0.00 0
111066 0.00 0.00 0.00 0
111067 0.00 0.00 0.00 0
111068 0.00 0.00 0.00 0
111069 0.00 0.00 0.00 0
111070 0.00 0.00 0.00 0
111071 0.00 0.00 0.00 0
111072 0.00 0.00 0.00 0
111073 0.00 0.00 0.00 0
111074 0.00 0.00 0.00 0
111075 0.00 0.00 0.00 0
111076 0.00 0.00 0.00 0
111077 0.00 0.00 0.00 0
111078 0.00 0.00 0.00 0
111079 0.00 0.00 0.00 0
111080 0.00 0.00 0.00 0
111081 0.00 0.00 0.00 0
111082 0.00 0.00 0.00 0
111083 0.00 0.00 0.00 0
111084 0.00 0.00 0.00 0
111085 0.00 0.00 0.00 0
111086 0.00 0.00 0.00 0
111087 0.00 0.00 0.00 0
111088 0.00 0.00 0.00 0
111089 0.00 0.00 0.00 0
111090 0.00 0.00 0.00 0
111091 0.00 0.00 0.00 0
111092 0.00 0.00 0.00 0
111093 0.00 0.00 0.00 0
111094 0.00 0.00 0.00 0
111095 0.00 0.00 0.00 0
111096 0.00 0.00 0.00 0
111097 0.00 0.00 0.00 0
111098 0.00 0.00 0.00 0
111099 0.00 0.00 0.00 0
113864 0.00 0.00 0.00 0
113865 0.00 0.00 0.00 0
113866 0.00 0.00 0.00 0
113867 0.00 0.00 0.00 0
115914 0.00 0.00 0.00 0
115916 0.00 0.00 0.00 0
115917 0.00 0.00 0.00 0
115919 0.00 0.00 0.00 0
116544 0.00 0.00 0.00 0
116545 0.00 0.00 0.00 0
116546 0.00 0.00 0.00 0
116547 0.00 0.00 0.00 0
116548 0.00 0.00 0.00 0
116549 0.00 0.00 0.00 0
116550 0.00 0.00 0.00 0
116551 0.00 0.00 0.00 0
116552 0.00 0.00 0.00 0
116553 0.00 0.00 0.00 0
116554 0.00 0.00 0.00 0
117449 0.00 0.00 0.00 0
117450 0.00 0.00 0.00 0
117451 0.00 0.00 0.00 0
117452 0.00 0.00 0.00 0
117453 0.00 0.00 0.00 0
117454 0.00 0.00 0.00 0
117455 0.00 0.00 0.00 0
117456 0.00 0.00 0.00 0
119976 0.00 0.00 0.00 0
122592 0.00 0.00 0.00 0
122593 0.00 0.00 0.00 0
122594 0.00 0.00 0.00 0
122595 0.00 0.00 0.00 0
122596 0.00 0.00 0.00 0
122597 0.00 0.00 0.00 0
122598 0.00 0.00 0.00 0
122599 0.00 0.00 0.00 0
122600 0.00 0.00 0.00 0
122601 0.00 0.00 0.00 0
122602 0.00 0.00 0.00 0
122603 0.00 0.00 0.00 0
122604 0.00 0.00 0.00 0
122605 0.00 0.00 0.00 0
122606 0.00 0.00 0.00 0
122607 0.00 0.00 0.00 0
122608 0.00 0.00 0.00 0
122609 0.00 0.00 0.00 0
122610 0.00 0.00 0.00 0
122611 0.00 0.00 0.00 0
122612 0.00 0.00 0.00 0
122613 0.00 0.00 0.00 0
122614 0.00 0.00 0.00 0
122615 0.00 0.00 0.00 0
122616 0.00 0.00 0.00 0
122617 0.00 0.00 0.00 0
122618 0.00 0.00 0.00 0
122619 0.00 0.00 0.00 0
122620 0.00 0.00 0.00 0
122621 0.00 0.00 0.00 0
122622 0.00 0.00 0.00 0
122623 0.00 0.00 0.00 0
122633 0.00 0.00 0.00 0
122634 0.00 0.00 0.00 0
122635 0.00 0.00 0.00 0
122636 0.00 0.00 0.00 0
122637 0.00 0.00 0.00 0
122638 0.00 0.00 0.00 0
122639 0.00 0.00 0.00 0
122640 0.00 0.00 0.00 0
122641 0.00 0.00 0.00 0
122642 0.00 0.00 0.00 0
122643 0.00 0.00 0.00 0
122644 0.00 0.00 0.00 0
122645 0.00 0.00 0.00 0
122646 0.00 0.00 0.00 0
122647 0.00 0.00 0.00 0
122648 0.00 0.00 0.00 0
122649 0.00 0.00 0.00 0
122650 0.00 0.00 0.00 0
122651 0.00 0.00 0.00 0
122652 0.00 0.00 0.00 0
122653 0.00 0.00 0.00 0
122654 0.00 0.00 0.00 0
125311 0.00 0.00 0.00 0
125312 0.00 0.00 0.00 0
125313 0.00 0.00 0.00 0
125314 0.00 0.00 0.00 0
125315 0.00 0.00 0.00 0
125316 0.00 0.00 0.00 0
125317 0.00 0.00 0.00 0
125318 0.00 0.00 0.00 0
125319 0.00 0.00 0.00 0
125320 0.00 0.00 0.00 0
125321 0.00 0.00 0.00 0
125322 0.00 0.00 0.00 0
125323 0.00 0.00 0.00 0
125324 0.00 0.00 0.00 0
125325 0.00 0.00 0.00 0
125326 0.00 0.00 0.00 0
125327 0.00 0.00 0.00 0
125328 0.00 0.00 0.00 0
125329 0.00 0.00 0.00 0
125330 0.00 0.00 0.00 0
125331 0.00 0.00 0.00 0
125343 0.00 0.00 0.00 0
125344 0.00 0.00 0.00 0
125345 0.00 0.00 0.00 0
125346 0.00 0.00 0.00 0
125347 0.00 0.00 0.00 0
125348 0.00 0.00 0.00 0
125349 0.00 0.00 0.00 0
125350 0.00 0.00 0.00 0
125351 0.00 0.00 0.00 0
125352 0.00 0.00 0.00 0
125353 0.00 0.00 0.00 0
125354 0.00 0.00 0.00 0
125355 0.00 0.00 0.00 0
125356 0.00 0.00 0.00 0
125357 0.00 0.00 0.00 0
125358 0.00 0.00 0.00 0
125359 0.00 0.00 0.00 0
125360 0.00 0.00 0.00 0
125361 0.00 0.00 0.00 0
125362 0.00 0.00 0.00 0
125363 0.00 0.00 0.00 0
125380 0.00 0.00 0.00 0
125381 0.00 0.00 0.00 0
125382 0.00 0.00 0.00 0
125383 0.00 0.00 0.00 0
125384 0.00 0.00 0.00 0
125385 0.00 0.00 0.00 0
125386 0.00 0.00 0.00 0
125387 0.00 0.00 0.00 0
125388 0.00 0.00 0.00 0
125389 0.00 0.00 0.00 0
125390 0.00 0.00 0.00 0
125391 0.00 0.00 0.00 0
125392 0.00 0.00 0.00 0
125393 0.00 0.00 0.00 0
125394 0.00 0.00 0.00 0
125395 0.00 0.00 0.00 0
125396 0.00 0.00 0.00 0
125397 0.00 0.00 0.00 0
125398 0.00 0.00 0.00 0
125399 0.00 0.00 0.00 0
125400 0.00 0.00 0.00 0
125401 0.00 0.00 0.00 0
125402 0.00 0.00 0.00 0
125403 0.00 0.00 0.00 0
125404 0.00 0.00 0.00 0
125405 0.00 0.00 0.00 0
125406 0.00 0.00 0.00 0
125407 0.00 0.00 0.00 0
125408 0.00 0.00 0.00 0
125409 0.00 0.00 0.00 0
125410 0.00 0.00 0.00 0
125411 0.00 0.00 0.00 0
125412 0.00 0.00 0.00 0
125413 0.00 0.00 0.00 0
125414 0.00 0.00 0.00 0
125415 0.00 0.00 0.00 0
125416 0.00 0.00 0.00 0
125417 0.00 0.00 0.00 0
125418 0.00 0.00 0.00 0
125419 0.00 0.00 0.00 0
125420 0.00 0.00 0.00 0
125421 0.00 0.00 0.00 0
125422 0.00 0.00 0.00 0
125423 0.00 0.00 0.00 0
125424 0.00 0.00 0.00 0
125425 0.00 0.00 0.00 0
125426 0.00 0.00 0.00 0
125427 0.00 0.00 0.00 0
125428 0.00 0.00 0.00 0
125429 0.00 0.00 0.00 0
125430 0.00 0.00 0.00 0
125431 0.00 0.00 0.00 0
125432 0.00 0.00 0.00 0
125433 0.00 0.00 0.00 0
125434 0.00 0.00 0.00 0
125435 0.00 0.00 0.00 0
125436 0.00 0.00 0.00 0
125438 0.00 0.00 0.00 0
125439 0.00 0.00 0.00 0
125440 0.00 0.00 0.00 0
125441 0.00 0.00 0.00 0
125443 0.00 0.00 0.00 0
125444 0.00 0.00 0.00 0
125445 0.00 0.00 0.00 0
125446 0.00 0.00 0.00 0
125447 0.00 0.00 0.00 0
125448 0.00 0.00 0.00 0
125449 0.00 0.00 0.00 0
125450 0.00 0.00 0.00 0
127601 0.00 0.00 0.00 0
127602 0.00 0.00 0.00 0
127603 0.00 0.00 0.00 0
132288 0.00 0.00 0.00 0
132289 0.00 0.00 0.00 0
132290 0.00 0.00 0.00 0
132291 0.00 0.00 0.00 0
132292 0.00 0.00 0.00 0
132293 0.00 0.00 0.00 0
132294 0.00 0.00 0.00 0
132295 0.00 0.00 0.00 0
132296 0.00 0.00 0.00 0
132297 0.00 0.00 0.00 0
132298 0.00 0.00 0.00 0
132299 0.00 0.00 0.00 0
132300 0.00 0.00 0.00 0
132301 0.00 0.00 0.00 0
132302 0.00 0.00 0.00 0
132303 0.00 0.00 0.00 0
132304 0.00 0.00 0.00 0
132305 0.00 0.00 0.00 0
132306 0.00 0.00 0.00 0
132307 0.00 0.00 0.00 0
132308 0.00 0.00 0.00 0
132309 0.00 0.00 0.00 0
132310 0.00 0.00 0.00 0
132311 0.00 0.00 0.00 0
132312 0.00 0.00 0.00 0
132313 0.00 0.00 0.00 0
132314 0.00 0.00 0.00 0
132315 0.00 0.00 0.00 0
132316 0.00 0.00 0.00 0
132336 0.00 0.00 0.00 0
132337 0.00 0.00 0.00 0
132338 0.00 0.00 0.00 0
132339 0.00 0.00 0.00 0
132340 0.00 0.00 0.00 0
132341 0.00 0.00 0.00 0
132342 0.00 0.00 0.00 0
132343 0.00 0.00 0.00 0
132344 0.00 0.00 0.00 0
132345 0.00 0.00 0.00 0
132347 0.00 0.00 0.00 0
134748 0.00 0.00 0.00 0
134750 0.00 0.00 0.00 0
134751 0.00 0.00 0.00 0
134752 0.00 0.00 0.00 0
134753 0.00 0.00 0.00 0
134754 0.00 0.00 0.00 0
134755 0.00 0.00 0.00 0
134756 0.00 0.00 0.00 0
134757 0.00 0.00 0.00 0
134758 0.00 0.00 0.00 0
134759 0.00 0.00 0.00 0
134760 0.00 0.00 0.00 0
134761 0.00 0.00 0.00 0
134762 0.00 0.00 0.00 0
134763 0.00 0.00 0.00 0
134764 0.00 0.00 0.00 0
134765 0.00 0.00 0.00 0
134766 0.00 0.00 0.00 0
134786 0.00 0.00 0.00 0
134787 0.00 0.00 0.00 0
134788 0.00 0.00 0.00 0
134789 0.00 0.00 0.00 0
134792 0.00 0.00 0.00 0
134793 0.00 0.00 0.00 0
134794 0.00 0.00 0.00 0
134795 0.00 0.00 0.00 0
134821 0.00 0.00 0.00 0
134822 0.00 0.00 0.00 0
134823 0.00 0.00 0.00 0
134824 0.00 0.00 0.00 0
134825 0.00 0.00 0.00 0
134826 0.00 0.00 0.00 0
134827 0.00 0.00 0.00 0
134828 0.00 0.00 0.00 0
134829 0.00 0.00 0.00 0
134830 0.00 0.00 0.00 0
134831 0.00 0.00 0.00 0
134832 0.00 0.00 0.00 0
134833 0.00 0.00 0.00 0
134834 0.00 0.00 0.00 0
134840 0.00 0.00 0.00 0
134841 0.00 0.00 0.00 0
134842 0.00 0.00 0.00 0
134843 0.00 0.00 0.00 0
134844 0.00 0.00 0.00 0
134845 0.00 0.00 0.00 0
134846 0.00 0.00 0.00 0
134848 0.00 0.00 0.00 0
134849 0.00 0.00 0.00 0
134850 0.00 0.00 0.00 0
134851 0.00 0.00 0.00 0
134852 0.00 0.00 0.00 0
134853 0.00 0.00 0.00 0
134854 0.00 0.00 0.00 0
134855 0.00 0.00 0.00 0
134856 0.00 0.00 0.00 0
134858 0.00 0.00 0.00 0
134859 0.00 0.00 0.00 0
134860 0.00 0.00 0.00 0
141469 0.00 0.00 0.00 0
141470 0.00 0.00 0.00 0
141471 0.00 0.00 0.00 0
148272 0.00 0.00 0.00 0
148273 0.00 0.00 0.00 0
148274 0.00 0.00 0.00 0
148275 0.00 0.00 0.00 0
148276 0.00 0.00 0.00 0
148277 0.00 0.00 0.00 0
148278 0.00 0.00 0.00 0
148279 0.00 0.00 0.00 0
148280 0.00 0.00 0.00 0
148281 0.00 0.00 0.00 0
148283 0.00 0.00 0.00 0
148284 0.00 0.00 0.00 0
148285 0.00 0.00 0.00 0
148286 0.00 0.00 0.00 0
148287 0.00 0.00 0.00 0
148288 0.00 0.00 0.00 0
148289 0.00 0.00 0.00 0
148291 0.00 0.00 0.00 0
148292 0.00 0.00 0.00 0
148293 0.00 0.00 0.00 0
148294 0.00 0.00 0.00 0
148295 0.00 0.00 0.00 0
148296 0.00 0.00 0.00 0
148301 0.00 0.00 0.00 0
148302 0.00 0.00 0.00 0
148303 0.00 0.00 0.00 0
148304 0.00 0.00 0.00 0
148305 0.00 0.00 0.00 0
148306 0.00 0.00 0.00 0
148307 0.00 0.00 0.00 0
148308 0.00 0.00 0.00 0
148309 0.00 0.00 0.00 0
148310 0.00 0.00 0.00 0
148311 0.00 0.00 0.00 0
148312 0.00 0.00 0.00 0
148313 0.00 0.00 0.00 0
148314 0.00 0.00 0.00 0
148315 0.00 0.00 0.00 0
148316 0.00 0.00 0.00 0
148317 0.00 0.00 0.00 0
148318 0.00 0.00 0.00 0
148319 0.00 0.00 0.00 0
148320 0.00 0.00 0.00 0
148321 0.00 0.00 0.00 0
148322 0.00 0.00 0.00 0
148323 0.00 0.00 0.00 0
148324 0.00 0.00 0.00 0
148337 0.00 0.00 0.00 0
148347 0.00 0.00 0.00 0
148348 0.00 0.00 0.00 0
148350 0.00 0.00 0.00 0
148351 0.00 0.00 0.00 0
148362 0.00 0.00 0.00 0
148363 0.00 0.00 0.00 0
148367 0.00 0.00 0.00 0
148370 0.00 0.00 0.00 0
148371 0.00 0.00 0.00 0
148372 0.00 0.00 0.00 0
148373 0.00 0.00 0.00 0
148374 0.00 0.00 0.00 0
148375 0.00 0.00 0.00 0
148376 0.00 0.00 0.00 0
148377 0.00 0.00 0.00 0
148378 0.00 0.00 0.00 0
148379 0.00 0.00 0.00 0
148380 0.00 0.00 0.00 0
148381 0.00 0.00 0.00 0
148387 0.00 0.00 0.00 0
148388 0.00 0.00 0.00 0
148389 0.00 0.00 0.00 0
148390 0.00 0.00 0.00 0
148391 0.00 0.00 0.00 0
148392 0.00 0.00 0.00 0
148393 0.00 0.00 0.00 0
148394 0.00 0.00 0.00 0
148395 0.00 0.00 0.00 0
148396 0.00 0.00 0.00 0
148397 0.00 0.00 0.00 0
148398 0.00 0.00 0.00 0
148399 0.00 0.00 0.00 0
148400 0.00 0.00 0.00 0
148401 0.00 0.00 0.00 0
148402 0.00 0.00 0.00 0
148403 0.00 0.00 0.00 0
148404 0.00 0.00 0.00 0
148405 0.00 0.00 0.00 0
148406 0.00 0.00 0.00 0
148407 0.00 0.00 0.00 0
148408 0.00 0.00 0.00 0
148409 0.00 0.00 0.00 0
148410 0.00 0.00 0.00 0
148411 0.00 0.00 0.00 0
148412 0.00 0.00 0.00 0
148413 0.00 0.00 0.00 0
148414 0.00 0.00 0.00 0
148415 0.00 0.00 0.00 0
148416 0.00 0.00 0.00 0
148417 0.00 0.00 0.00 0
148418 0.00 0.00 0.00 0
148419 0.00 0.00 0.00 0
148420 0.00 0.00 0.00 0
148421 0.00 0.00 0.00 0
148422 0.00 0.00 0.00 0
148423 0.00 0.00 0.00 0
148424 0.00 0.00 0.00 0
148425 0.00 0.00 0.00 0
148426 0.00 0.00 0.00 0
148427 0.00 0.00 0.00 0
148428 0.00 0.00 0.00 0
155291 0.00 0.00 0.00 0
155316 0.00 0.00 0.00 0
155317 0.00 0.00 0.00 0
155318 0.00 0.00 0.00 0
155319 0.00 0.00 0.00 0
155320 0.00 0.00 0.00 0
155321 0.00 0.00 0.00 0
155322 0.00 0.00 0.00 0
155323 0.00 0.00 0.00 0
155324 0.00 0.00 0.00 0
155325 0.00 0.00 0.00 0
155326 0.00 0.00 0.00 0
155327 0.00 0.00 0.00 0
155328 0.00 0.00 0.00 0
155329 0.00 0.00 0.00 0
155330 0.00 0.00 0.00 0
155331 0.00 0.00 0.00 0
155332 0.00 0.00 0.00 0
155333 0.00 0.00 0.00 0
155334 0.00 0.00 0.00 0
155335 0.00 0.00 0.00 0
155361 0.00 0.00 0.00 0
155362 0.00 0.00 0.00 0
155372 0.00 0.00 0.00 0
155373 0.00 0.00 0.00 0
155374 0.00 0.00 0.00 0
155375 0.00 0.00 0.00 0
155376 0.00 0.00 0.00 0
155377 0.00 0.00 0.00 0
155383 0.00 0.00 0.00 0
155384 0.00 0.00 0.00 0
155385 0.00 0.00 0.00 0
155386 0.00 0.00 0.00 0
155387 0.00 0.00 0.00 0
155388 0.00 0.00 0.00 0
155389 0.00 0.00 0.00 0
155390 0.00 0.00 0.00 0
155391 0.00 0.00 0.00 0
155392 0.00 0.00 0.00 0
155393 0.00 0.00 0.00 0
155394 0.00 0.00 0.00 0
155395 0.00 0.00 0.00 0
155396 0.00 0.00 0.00 0
155397 0.00 0.00 0.00 0
155398 0.00 0.00 0.00 0
155399 0.00 0.00 0.00 0
155400 0.00 0.00 0.00 0
155401 0.00 0.00 0.00 0
155402 0.00 0.00 0.00 0
155403 0.00 0.00 0.00 0
155404 0.00 0.00 0.00 0
155405 0.00 0.00 0.00 0
155406 0.00 0.00 0.00 0
155407 0.00 0.00 0.00 0
155408 0.00 0.00 0.00 0
155409 0.00 0.00 0.00 0
155410 0.00 0.00 0.00 0
155411 0.00 0.00 0.00 0
155412 0.00 0.00 0.00 0
155413 0.00 0.00 0.00 0
155414 0.00 0.00 0.00 0
155415 0.00 0.00 0.00 0
155416 0.00 0.00 0.00 0
155443 0.00 0.00 0.00 0
155468 0.00 0.00 0.00 0
155469 0.00 0.00 0.00 0
155470 0.00 0.00 0.00 0
155471 0.00 0.00 0.00 0
155472 0.00 0.00 0.00 0
155473 0.00 0.00 0.00 0
155474 0.00 0.00 0.00 0
155475 0.00 0.00 0.00 0
155476 0.00 0.00 0.00 0
155477 0.00 0.00 0.00 0
155478 0.00 0.00 0.00 0
155479 0.00 0.00 0.00 0
155480 0.00 0.00 0.00 0
155481 0.00 0.00 0.00 0
155482 0.00 0.00 0.00 0
155483 0.00 0.00 0.00 0
155484 0.00 0.00 0.00 0
155485 0.00 0.00 0.00 0
155486 0.00 0.00 0.00 0
155487 0.00 0.00 0.00 0
155488 0.00 0.00 0.00 0
155489 0.00 0.00 0.00 0
155490 0.00 0.00 0.00 0
155491 0.00 0.00 0.00 0
155492 0.00 0.00 0.00 0
155493 0.00 0.00 0.00 0
155494 0.00 0.00 0.00 0
155495 0.00 0.00 0.00 0
155496 0.00 0.00 0.00 0
155497 0.00 0.00 0.00 0
155498 0.00 0.00 0.00 0
155499 0.00 0.00 0.00 0
155500 0.00 0.00 0.00 0
155501 0.00 0.00 0.00 0
155502 0.00 0.00 0.00 0
155503 0.00 0.00 0.00 0
155504 0.00 0.00 0.00 0
155505 0.00 0.00 0.00 0
155506 0.00 0.00 0.00 0
155507 0.00 0.00 0.00 0
155508 0.00 0.00 0.00 0
155509 0.00 0.00 0.00 0
155510 0.00 0.00 0.00 0
155511 0.00 0.00 0.00 0
155512 0.00 0.00 0.00 0
155513 0.00 0.00 0.00 0
155514 0.00 0.00 0.00 0
155515 0.00 0.00 0.00 0
155516 0.00 0.00 0.00 0
155517 0.00 0.00 0.00 0
155518 0.00 0.00 0.00 0
155519 0.00 0.00 0.00 0
155520 0.00 0.00 0.00 0
155521 0.00 0.00 0.00 0
155522 0.00 0.00 0.00 0
155523 0.00 0.00 0.00 0
155524 0.00 0.00 0.00 0
155525 0.00 0.00 0.00 0
155526 0.00 0.00 0.00 0
155527 0.00 0.00 0.00 0
155528 0.00 0.00 0.00 0
155529 0.00 0.00 0.00 0
155530 0.00 0.00 0.00 0
155531 0.00 0.00 0.00 0
155532 0.00 0.00 0.00 0
155533 0.00 0.00 0.00 0
155534 0.00 0.00 0.00 0
155535 0.00 0.00 0.00 0
155536 0.00 0.00 0.00 0
155537 0.00 0.00 0.00 0
155538 0.00 0.00 0.00 0
155539 0.00 0.00 0.00 0
155540 0.00 0.00 0.00 0
155541 0.00 0.00 0.00 0
155542 0.00 0.00 0.00 0
155543 0.00 0.00 0.00 0
155544 0.00 0.00 0.00 0
155545 0.00 0.00 0.00 0
155546 0.00 0.00 0.00 0
155547 0.00 0.00 0.00 0
155548 0.00 0.00 0.00 0
155549 0.00 0.00 0.00 0
155550 0.00 0.00 0.00 0
155551 0.00 0.00 0.00 0
155552 0.00 0.00 0.00 0
155553 0.00 0.00 0.00 0
155554 0.00 0.00 0.00 0
155555 0.00 0.00 0.00 0
155556 0.00 0.00 0.00 0
155557 0.00 0.00 0.00 0
155558 0.00 0.00 0.00 0
155559 0.00 0.00 0.00 0
155560 0.00 0.00 0.00 0
155561 0.00 0.00 0.00 0
155562 0.00 0.00 0.00 0
155563 0.00 0.00 0.00 0
155564 0.00 0.00 0.00 0
155565 0.00 0.00 0.00 0
155566 0.00 0.00 0.00 0
155567 0.00 0.00 0.00 0
155568 0.00 0.00 0.00 0
155569 0.00 0.00 0.00 0
155570 0.00 0.00 0.00 0
155571 0.00 0.00 0.00 0
155572 0.00 0.00 0.00 0
155573 0.00 0.00 0.00 0
155574 0.00 0.00 0.00 0
155575 0.00 0.00 0.00 0
155576 0.00 0.00 0.00 0
155577 0.00 0.00 0.00 0
155578 0.00 0.00 0.00 0
155579 0.00 0.00 0.00 0
155580 0.00 0.00 0.00 0
155581 0.00 0.00 0.00 0
155582 0.00 0.00 0.00 0
155583 0.00 0.00 0.00 0
155584 0.00 0.00 0.00 0
155585 0.00 0.00 0.00 0
155586 0.00 0.00 0.00 0
155587 0.00 0.00 0.00 0
155588 0.00 0.00 0.00 0
155589 0.00 0.00 0.00 0
155590 0.00 0.00 0.00 0
155591 0.00 0.00 0.00 0
155592 0.00 0.00 0.00 0
155593 0.00 0.00 0.00 0
155594 0.00 0.00 0.00 0
155595 0.00 0.00 0.00 0
155596 0.00 0.00 0.00 0
155597 0.00 0.00 0.00 0
155598 0.00 0.00 0.00 0
155599 0.00 0.00 0.00 0
155600 0.00 0.00 0.00 0
155601 0.00 0.00 0.00 0
155602 0.00 0.00 0.00 0
155603 0.00 0.00 0.00 0
155604 0.00 0.00 0.00 0
155605 0.00 0.00 0.00 0
155606 0.00 0.00 0.00 0
155607 0.00 0.00 0.00 0
155608 0.00 0.00 0.00 0
155609 0.00 0.00 0.00 0
155610 0.00 0.00 0.00 0
155611 0.00 0.00 0.00 0
155612 0.00 0.00 0.00 0
155613 0.00 0.00 0.00 0
155614 0.00 0.00 0.00 0
155615 0.00 0.00 0.00 0
155616 0.00 0.00 0.00 0
155617 0.00 0.00 0.00 0
155618 0.00 0.00 0.00 0
155619 0.00 0.00 0.00 0
155620 0.00 0.00 0.00 0
155621 0.00 0.00 0.00 0
155622 0.00 0.00 0.00 0
155623 0.00 0.00 0.00 0
155624 0.00 0.00 0.00 0
155625 0.00 0.00 0.00 0
155626 0.00 0.00 0.00 0
155627 0.00 0.00 0.00 0
155628 0.00 0.00 0.00 0
155629 0.00 0.00 0.00 0
155630 0.00 0.00 0.00 0
155631 0.00 0.00 0.00 0
155632 0.00 0.00 0.00 0
155633 0.00 0.00 0.00 0
155634 0.00 0.00 0.00 0
155635 0.00 0.00 0.00 0
155636 0.00 0.00 0.00 0
155637 0.00 0.00 0.00 0
155638 0.00 0.00 0.00 0
155639 0.00 0.00 0.00 0
155640 0.00 0.00 0.00 0
155641 0.00 0.00 0.00 0
155642 0.00 0.00 0.00 0
155643 0.00 0.00 0.00 0
155644 0.00 0.00 0.00 0
155645 0.00 0.00 0.00 0
155646 0.00 0.00 0.00 0
155647 0.00 0.00 0.00 0
155648 0.00 0.00 0.00 0
155649 0.00 0.00 0.00 0
155650 0.00 0.00 0.00 0
155651 0.00 0.00 0.00 0
155652 0.00 0.00 0.00 0
161170 0.00 0.00 0.00 0
161171 0.00 0.00 0.00 0
161172 0.00 0.00 0.00 0
161173 0.00 0.00 0.00 0
161174 0.00 0.00 0.00 0
