# S_circular_insula_ant
843
9 0.00 0.00 0.00 0
202 0.00 0.00 0.00 0
513 0.00 0.00 0.00 0
530 0.00 0.00 0.00 0
597 0.00 0.00 0.00 0
682 0.00 0.00 0.00 0
1328 0.00 0.00 0.00 0
2180 0.00 0.00 0.00 0
2181 0.00 0.00 0.00 0
2233 0.00 0.00 0.00 0
2234 0.00 0.00 0.00 0
2427 0.00 0.00 0.00 0
2428 0.00 0.00 0.00 0
2600 0.00 0.00 0.00 0
2601 0.00 0.00 0.00 0
2602 0.00 0.00 0.00 0
3483 0.00 0.00 0.00 0
4816 0.00 0.00 0.00 0
4948 0.00 0.00 0.00 0
5012 0.00 0.00 0.00 0
5014 0.00 0.00 0.00 0
5015 0.00 0.00 0.00 0
5016 0.00 0.00 0.00 0
5422 0.00 0.00 0.00 0
5423 0.00 0.00 0.00 0
5424 0.00 0.00 0.00 0
5425 0.00 0.00 0.00 0
5426 0.00 0.00 0.00 0
5427 0.00 0.00 0.00 0
5428 0.00 0.00 0.00 0
5429 0.00 0.00 0.00 0
5835 0.00 0.00 0.00 0
5836 0.00 0.00 0.00 0
6998 0.00 0.00 0.00 0
7001 0.00 0.00 0.00 0
9104 0.00 0.00 0.00 0
9105 0.00 0.00 0.00 0
9106 0.00 0.00 0.00 0
9107 0.00 0.00 0.00 0
9108 0.00 0.00 0.00 0
9262 0.00 0.00 0.00 0
9263 0.00 0.00 0.00 0
9264 0.00 0.00 0.00 0
9265 0.00 0.00 0.00 0
9266 0.00 0.00 0.00 0
9348 0.00 0.00 0.00 0
9837 0.00 0.00 0.00 0
9838 0.00 0.00 0.00 0
9839 0.00 0.00 0.00 0
9840 0.00 0.00 0.00 0
9841 0.00 0.00 0.00 0
9842 0.00 0.00 0.00 0
9848 0.00 0.00 0.00 0
9851 0.00 0.00 0.00 0
10280 0.00 0.00 0.00 0
10281 0.00 0.00 0.00 0
10282 0.00 0.00 0.00 0
11163 0.00 0.00 0.00 0
11167 0.00 0.00 0.00 0
12692 0.00 0.00 0.00 0
12693 0.00 0.00 0.00 0
12694 0.00 0.00 0.00 0
12695 0.00 0.00 0.00 0
12696 0.00 0.00 0.00 0
13102 0.00 0.00 0.00 0
13103 0.00 0.00 0.00 0
13104 0.00 0.00 0.00 0
13105 0.00 0.00 0.00 0
13106 0.00 0.00 0.00 0
13107 0.00 0.00 0.00 0
13108 0.00 0.00 0.00 0
13109 0.00 0.00 0.00 0
13563 0.00 0.00 0.00 0
13564 0.00 0.00 0.00 0
13565 0.00 0.00 0.00 0
13566 0.00 0.00 0.00 0
13567 0.00 0.00 0.00 0
15508 0.00 0.00 0.00 0
20205 0.00 0.00 0.00 0
20206 0.00 0.00 0.00 0
20207 0.00 0.00 0.00 0
20209 0.00 0.00 0.00 0
20210 0.00 0.00 0.00 0
20211 0.00 0.00 0.00 0
20600 0.00 0.00 0.00 0
20601 0.00 0.00 0.00 0
20602 0.00 0.00 0.00 0
20603 0.00 0.00 0.00 0
20604 0.00 0.00 0.00 0
20605 0.00 0.00 0.00 0
20606 0.00 0.00 0.00 0
20607 0.00 0.00 0.00 0
20608 0.00 0.00 0.00 0
20807 0.00 0.00 0.00 0
20808 0.00 0.00 0.00 0
20809 0.00 0.00 0.00 0
20810 0.00 0.00 0.00 0
20811 0.00 0.00 0.00 0
22027 0.00 0.00 0.00 0
22028 0.00 0.00 0.00 0
22029 0.00 0.00 0.00 0
22030 0.00 0.00 0.00 0
22031 0.00 0.00 0.00 0
22032 0.00 0.00 0.00 0
22033 0.00 0.00 0.00 0
22034 0.00 0.00 0.00 0
22035 0.00 0.00 0.00 0
22036 0.00 0.00 0.00 0
22037 0.00 0.00 0.00 0
22038 0.00 0.00 0.00 0
22039 0.00 0.00 0.00 0
22040 0.00 0.00 0.00 0
22041 0.00 0.00 0.00 0
22042 0.00 0.00 0.00 0
22043 0.00 0.00 0.00 0
22044 0.00 0.00 0.00 0
22063 0.00 0.00 0.00 0
22064 0.00 0.00 0.00 0
22065 0.00 0.00 0.00 0
22066 0.00 0.00 0.00 0
23112 0.00 0.00 0.00 0
23113 0.00 0.00 0.00 0
23114 0.00 0.00 0.00 0
23115 0.00 0.00 0.00 0
23116 0.00 0.00 0.00 0
27099 0.00 0.00 0.00 0
27100 0.00 0.00 0.00 0
27101 0.00 0.00 0.00 0
27337 0.00 0.00 0.00 0
27338 0.00 0.00 0.00 0
27339 0.00 0.00 0.00 0
27340 0.00 0.00 0.00 0
27460 0.00 0.00 0.00 0
27461 0.00 0.00 0.00 0
27462 0.00 0.00 0.00 0
28192 0.00 0.00 0.00 0
28193 0.00 0.00 0.00 0
28194 0.00 0.00 0.00 0
28195 0.00 0.00 0.00 0
28196 0.00 0.00 0.00 0
28197 0.00 0.00 0.00 0
28198 0.00 0.00 0.00 0
28199 0.00 0.00 0.00 0
28200 0.00 0.00 0.00 0
28201 0.00 0.00 0.00 0
28202 0.00 0.00 0.00 0
28203 0.00 0.00 0.00 0
28204 0.00 0.00 0.00 0
28976 0.00 0.00 0.00 0
28977 0.00 0.00 0.00 0
28978 0.00 0.00 0.00 0
31687 0.00 0.00 0.00 0
31688 0.00 0.00 0.00 0
31689 0.00 0.00 0.00 0
31690 0.00 0.00 0.00 0
31691 0.00 0.00 0.00 0
31694 0.00 0.00 0.00 0
31695 0.00 0.00 0.00 0
31696 0.00 0.00 0.00 0
31697 0.00 0.00 0.00 0
37556 0.00 0.00 0.00 0
37557 0.00 0.00 0.00 0
37558 0.00 0.00 0.00 0
37559 0.00 0.00 0.00 0
37560 0.00 0.00 0.00 0
37561 0.00 0.00 0.00 0
37562 0.00 0.00 0.00 0
37563 0.00 0.00 0.00 0
37564 0.00 0.00 0.00 0
37565 0.00 0.00 0.00 0
37566 0.00 0.00 0.00 0
38030 0.00 0.00 0.00 0
38031 0.00 0.00 0.00 0
38032 0.00 0.00 0.00 0
38033 0.00 0.00 0.00 0
38034 0.00 0.00 0.00 0
38035 0.00 0.00 0.00 0
38036 0.00 0.00 0.00 0
38037 0.00 0.00 0.00 0
38038 0.00 0.00 0.00 0
38039 0.00 0.00 0.00 0
38040 0.00 0.00 0.00 0
38041 0.00 0.00 0.00 0
38042 0.00 0.00 0.00 0
38284 0.00 0.00 0.00 0
38285 0.00 0.00 0.00 0
38286 0.00 0.00 0.00 0
39747 0.00 0.00 0.00 0
39748 0.00 0.00 0.00 0
39749 0.00 0.00 0.00 0
39750 0.00 0.00 0.00 0
39751 0.00 0.00 0.00 0
39752 0.00 0.00 0.00 0
39753 0.00 0.00 0.00 0
39754 0.00 0.00 0.00 0
39755 0.00 0.00 0.00 0
39756 0.00 0.00 0.00 0
39757 0.00 0.00 0.00 0
39758 0.00 0.00 0.00 0
39759 0.00 0.00 0.00 0
39760 0.00 0.00 0.00 0
39761 0.00 0.00 0.00 0
39762 0.00 0.00 0.00 0
39763 0.00 0.00 0.00 0
39764 0.00 0.00 0.00 0
39765 0.00 0.00 0.00 0
39768 0.00 0.00 0.00 0
39781 0.00 0.00 0.00 0
39782 0.00 0.00 0.00 0
39789 0.00 0.00 0.00 0
39790 0.00 0.00 0.00 0
39791 0.00 0.00 0.00 0
39792 0.00 0.00 0.00 0
41000 0.00 0.00 0.00 0
41001 0.00 0.00 0.00 0
41002 0.00 0.00 0.00 0
41883 0.00 0.00 0.00 0
41887 0.00 0.00 0.00 0
43412 0.00 0.00 0.00 0
43413 0.00 0.00 0.00 0
43414 0.00 0.00 0.00 0
43415 0.00 0.00 0.00 0
43416 0.00 0.00 0.00 0
43822 0.00 0.00 0.00 0
43823 0.00 0.00 0.00 0
43824 0.00 0.00 0.00 0
43825 0.00 0.00 0.00 0
43826 0.00 0.00 0.00 0
43827 0.00 0.00 0.00 0
43828 0.00 0.00 0.00 0
43829 0.00 0.00 0.00 0
44283 0.00 0.00 0.00 0
44284 0.00 0.00 0.00 0
44285 0.00 0.00 0.00 0
44286 0.00 0.00 0.00 0
44287 0.00 0.00 0.00 0
50925 0.00 0.00 0.00 0
50926 0.00 0.00 0.00 0
50927 0.00 0.00 0.00 0
50929 0.00 0.00 0.00 0
51314 0.00 0.00 0.00 0
51318 0.00 0.00 0.00 0
51319 0.00 0.00 0.00 0
51320 0.00 0.00 0.00 0
51321 0.00 0.00 0.00 0
51322 0.00 0.00 0.00 0
51323 0.00 0.00 0.00 0
51324 0.00 0.00 0.00 0
51325 0.00 0.00 0.00 0
51326 0.00 0.00 0.00 0
51327 0.00 0.00 0.00 0
51328 0.00 0.00 0.00 0
51527 0.00 0.00 0.00 0
51528 0.00 0.00 0.00 0
51529 0.00 0.00 0.00 0
51530 0.00 0.00 0.00 0
51531 0.00 0.00 0.00 0
52747 0.00 0.00 0.00 0
52748 0.00 0.00 0.00 0
52749 0.00 0.00 0.00 0
52750 0.00 0.00 0.00 0
52751 0.00 0.00 0.00 0
52752 0.00 0.00 0.00 0
52753 0.00 0.00 0.00 0
52754 0.00 0.00 0.00 0
52755 0.00 0.00 0.00 0
52756 0.00 0.00 0.00 0
52757 0.00 0.00 0.00 0
52758 0.00 0.00 0.00 0
52759 0.00 0.00 0.00 0
52760 0.00 0.00 0.00 0
52761 0.00 0.00 0.00 0
52762 0.00 0.00 0.00 0
52763 0.00 0.00 0.00 0
52764 0.00 0.00 0.00 0
52784 0.00 0.00 0.00 0
53880 0.00 0.00 0.00 0
53881 0.00 0.00 0.00 0
53882 0.00 0.00 0.00 0
53883 0.00 0.00 0.00 0
53884 0.00 0.00 0.00 0
53885 0.00 0.00 0.00 0
53886 0.00 0.00 0.00 0
53887 0.00 0.00 0.00 0
60525 0.00 0.00 0.00 0
60526 0.00 0.00 0.00 0
60527 0.00 0.00 0.00 0
60923 0.00 0.00 0.00 0
60927 0.00 0.00 0.00 0
60928 0.00 0.00 0.00 0
61119 0.00 0.00 0.00 0
61120 0.00 0.00 0.00 0
61121 0.00 0.00 0.00 0
61122 0.00 0.00 0.00 0
61124 0.00 0.00 0.00 0
61125 0.00 0.00 0.00 0
61126 0.00 0.00 0.00 0
61127 0.00 0.00 0.00 0
61128 0.00 0.00 0.00 0
61129 0.00 0.00 0.00 0
61130 0.00 0.00 0.00 0
61131 0.00 0.00 0.00 0
62347 0.00 0.00 0.00 0
62348 0.00 0.00 0.00 0
62349 0.00 0.00 0.00 0
62350 0.00 0.00 0.00 0
62351 0.00 0.00 0.00 0
62352 0.00 0.00 0.00 0
62353 0.00 0.00 0.00 0
62354 0.00 0.00 0.00 0
62355 0.00 0.00 0.00 0
62356 0.00 0.00 0.00 0
62357 0.00 0.00 0.00 0
62358 0.00 0.00 0.00 0
62359 0.00 0.00 0.00 0
62360 0.00 0.00 0.00 0
62361 0.00 0.00 0.00 0
62362 0.00 0.00 0.00 0
62363 0.00 0.00 0.00 0
62364 0.00 0.00 0.00 0
62365 0.00 0.00 0.00 0
62366 0.00 0.00 0.00 0
62367 0.00 0.00 0.00 0
62368 0.00 0.00 0.00 0
62369 0.00 0.00 0.00 0
63728 0.00 0.00 0.00 0
63730 0.00 0.00 0.00 0
63731 0.00 0.00 0.00 0
63732 0.00 0.00 0.00 0
63733 0.00 0.00 0.00 0
63737 0.00 0.00 0.00 0
63738 0.00 0.00 0.00 0
63739 0.00 0.00 0.00 0
63740 0.00 0.00 0.00 0
63741 0.00 0.00 0.00 0
63742 0.00 0.00 0.00 0
69548 0.00 0.00 0.00 0
69553 0.00 0.00 0.00 0
69563 0.00 0.00 0.00 0
69565 0.00 0.00 0.00 0
69566 0.00 0.00 0.00 0
69567 0.00 0.00 0.00 0
69568 0.00 0.00 0.00 0
69569 0.00 0.00 0.00 0
83655 0.00 0.00 0.00 0
83656 0.00 0.00 0.00 0
83657 0.00 0.00 0.00 0
83658 0.00 0.00 0.00 0
83659 0.00 0.00 0.00 0
83660 0.00 0.00 0.00 0
83661 0.00 0.00 0.00 0
83662 0.00 0.00 0.00 0
83663 0.00 0.00 0.00 0
83664 0.00 0.00 0.00 0
83665 0.00 0.00 0.00 0
83666 0.00 0.00 0.00 0
83667 0.00 0.00 0.00 0
83668 0.00 0.00 0.00 0
83669 0.00 0.00 0.00 0
83670 0.00 0.00 0.00 0
83671 0.00 0.00 0.00 0
83672 0.00 0.00 0.00 0
83673 0.00 0.00 0.00 0
83674 0.00 0.00 0.00 0
83675 0.00 0.00 0.00 0
83676 0.00 0.00 0.00 0
83677 0.00 0.00 0.00 0
84840 0.00 0.00 0.00 0
84842 0.00 0.00 0.00 0
84843 0.00 0.00 0.00 0
84844 0.00 0.00 0.00 0
84845 0.00 0.00 0.00 0
84846 0.00 0.00 0.00 0
84847 0.00 0.00 0.00 0
84848 0.00 0.00 0.00 0
84849 0.00 0.00 0.00 0
84850 0.00 0.00 0.00 0
84851 0.00 0.00 0.00 0
84852 0.00 0.00 0.00 0
84853 0.00 0.00 0.00 0
84854 0.00 0.00 0.00 0
84855 0.00 0.00 0.00 0
84856 0.00 0.00 0.00 0
84857 0.00 0.00 0.00 0
84858 0.00 0.00 0.00 0
84859 0.00 0.00 0.00 0
84860 0.00 0.00 0.00 0
84861 0.00 0.00 0.00 0
84862 0.00 0.00 0.00 0
84863 0.00 0.00 0.00 0
84864 0.00 0.00 0.00 0
84865 0.00 0.00 0.00 0
84866 0.00 0.00 0.00 0
84867 0.00 0.00 0.00 0
84868 0.00 0.00 0.00 0
85464 0.00 0.00 0.00 0
85465 0.00 0.00 0.00 0
85466 0.00 0.00 0.00 0
85467 0.00 0.00 0.00 0
85468 0.00 0.00 0.00 0
85469 0.00 0.00 0.00 0
85470 0.00 0.00 0.00 0
85471 0.00 0.00 0.00 0
85472 0.00 0.00 0.00 0
85473 0.00 0.00 0.00 0
85474 0.00 0.00 0.00 0
85475 0.00 0.00 0.00 0
85476 0.00 0.00 0.00 0
89122 0.00 0.00 0.00 0
89123 0.00 0.00 0.00 0
89124 0.00 0.00 0.00 0
89125 0.00 0.00 0.00 0
89126 0.00 0.00 0.00 0
89127 0.00 0.00 0.00 0
89128 0.00 0.00 0.00 0
89129 0.00 0.00 0.00 0
89130 0.00 0.00 0.00 0
89131 0.00 0.00 0.00 0
89132 0.00 0.00 0.00 0
89133 0.00 0.00 0.00 0
89134 0.00 0.00 0.00 0
89135 0.00 0.00 0.00 0
89136 0.00 0.00 0.00 0
89137 0.00 0.00 0.00 0
89138 0.00 0.00 0.00 0
89139 0.00 0.00 0.00 0
89140 0.00 0.00 0.00 0
89141 0.00 0.00 0.00 0
89142 0.00 0.00 0.00 0
89143 0.00 0.00 0.00 0
89144 0.00 0.00 0.00 0
89145 0.00 0.00 0.00 0
89146 0.00 0.00 0.00 0
89147 0.00 0.00 0.00 0
89148 0.00 0.00 0.00 0
89149 0.00 0.00 0.00 0
89150 0.00 0.00 0.00 0
89151 0.00 0.00 0.00 0
89152 0.00 0.00 0.00 0
89153 0.00 0.00 0.00 0
89154 0.00 0.00 0.00 0
89155 0.00 0.00 0.00 0
89156 0.00 0.00 0.00 0
89157 0.00 0.00 0.00 0
89158 0.00 0.00 0.00 0
89159 0.00 0.00 0.00 0
89160 0.00 0.00 0.00 0
89161 0.00 0.00 0.00 0
89162 0.00 0.00 0.00 0
89163 0.00 0.00 0.00 0
89164 0.00 0.00 0.00 0
89165 0.00 0.00 0.00 0
89166 0.00 0.00 0.00 0
89167 0.00 0.00 0.00 0
89168 0.00 0.00 0.00 0
89169 0.00 0.00 0.00 0
89170 0.00 0.00 0.00 0
89171 0.00 0.00 0.00 0
89175 0.00 0.00 0.00 0
89176 0.00 0.00 0.00 0
89177 0.00 0.00 0.00 0
89209 0.00 0.00 0.00 0
89210 0.00 0.00 0.00 0
89211 0.00 0.00 0.00 0
89212 0.00 0.00 0.00 0
89231 0.00 0.00 0.00 0
89232 0.00 0.00 0.00 0
89233 0.00 0.00 0.00 0
89234 0.00 0.00 0.00 0
89235 0.00 0.00 0.00 0
89236 0.00 0.00 0.00 0
89237 0.00 0.00 0.00 0
92232 0.00 0.00 0.00 0
92233 0.00 0.00 0.00 0
92234 0.00 0.00 0.00 0
92235 0.00 0.00 0.00 0
92236 0.00 0.00 0.00 0
93821 0.00 0.00 0.00 0
93829 0.00 0.00 0.00 0
96574 0.00 0.00 0.00 0
96575 0.00 0.00 0.00 0
96576 0.00 0.00 0.00 0
96577 0.00 0.00 0.00 0
96578 0.00 0.00 0.00 0
96579 0.00 0.00 0.00 0
96580 0.00 0.00 0.00 0
96581 0.00 0.00 0.00 0
96582 0.00 0.00 0.00 0
97312 0.00 0.00 0.00 0
97313 0.00 0.00 0.00 0
97314 0.00 0.00 0.00 0
97315 0.00 0.00 0.00 0
97316 0.00 0.00 0.00 0
97317 0.00 0.00 0.00 0
97318 0.00 0.00 0.00 0
97319 0.00 0.00 0.00 0
97320 0.00 0.00 0.00 0
97321 0.00 0.00 0.00 0
97322 0.00 0.00 0.00 0
97323 0.00 0.00 0.00 0
97324 0.00 0.00 0.00 0
97325 0.00 0.00 0.00 0
98141 0.00 0.00 0.00 0
98142 0.00 0.00 0.00 0
98143 0.00 0.00 0.00 0
98144 0.00 0.00 0.00 0
98145 0.00 0.00 0.00 0
98146 0.00 0.00 0.00 0
98147 0.00 0.00 0.00 0
98148 0.00 0.00 0.00 0
98149 0.00 0.00 0.00 0
110097 0.00 0.00 0.00 0
110098 0.00 0.00 0.00 0
110099 0.00 0.00 0.00 0
110100 0.00 0.00 0.00 0
110101 0.00 0.00 0.00 0
110102 0.00 0.00 0.00 0
110103 0.00 0.00 0.00 0
110104 0.00 0.00 0.00 0
110105 0.00 0.00 0.00 0
110106 0.00 0.00 0.00 0
110107 0.00 0.00 0.00 0
110108 0.00 0.00 0.00 0
110109 0.00 0.00 0.00 0
110807 0.00 0.00 0.00 0
110808 0.00 0.00 0.00 0
110809 0.00 0.00 0.00 0
110810 0.00 0.00 0.00 0
110811 0.00 0.00 0.00 0
110812 0.00 0.00 0.00 0
110813 0.00 0.00 0.00 0
110814 0.00 0.00 0.00 0
110815 0.00 0.00 0.00 0
110816 0.00 0.00 0.00 0
110817 0.00 0.00 0.00 0
110818 0.00 0.00 0.00 0
110819 0.00 0.00 0.00 0
110820 0.00 0.00 0.00 0
110821 0.00 0.00 0.00 0
110822 0.00 0.00 0.00 0
110823 0.00 0.00 0.00 0
110824 0.00 0.00 0.00 0
111181 0.00 0.00 0.00 0
111182 0.00 0.00 0.00 0
111183 0.00 0.00 0.00 0
111184 0.00 0.00 0.00 0
111185 0.00 0.00 0.00 0
111186 0.00 0.00 0.00 0
111187 0.00 0.00 0.00 0
111188 0.00 0.00 0.00 0
111189 0.00 0.00 0.00 0
113377 0.00 0.00 0.00 0
113378 0.00 0.00 0.00 0
113379 0.00 0.00 0.00 0
113380 0.00 0.00 0.00 0
113381 0.00 0.00 0.00 0
113382 0.00 0.00 0.00 0
113383 0.00 0.00 0.00 0
113384 0.00 0.00 0.00 0
113385 0.00 0.00 0.00 0
113386 0.00 0.00 0.00 0
113387 0.00 0.00 0.00 0
113388 0.00 0.00 0.00 0
113389 0.00 0.00 0.00 0
113390 0.00 0.00 0.00 0
113391 0.00 0.00 0.00 0
113392 0.00 0.00 0.00 0
113393 0.00 0.00 0.00 0
113394 0.00 0.00 0.00 0
113395 0.00 0.00 0.00 0
113396 0.00 0.00 0.00 0
113397 0.00 0.00 0.00 0
113398 0.00 0.00 0.00 0
113399 0.00 0.00 0.00 0
113400 0.00 0.00 0.00 0
113401 0.00 0.00 0.00 0
113402 0.00 0.00 0.00 0
113403 0.00 0.00 0.00 0
113404 0.00 0.00 0.00 0
113405 0.00 0.00 0.00 0
113406 0.00 0.00 0.00 0
113407 0.00 0.00 0.00 0
113408 0.00 0.00 0.00 0
113409 0.00 0.00 0.00 0
113410 0.00 0.00 0.00 0
113441 0.00 0.00 0.00 0
113442 0.00 0.00 0.00 0
113443 0.00 0.00 0.00 0
113444 0.00 0.00 0.00 0
113445 0.00 0.00 0.00 0
113446 0.00 0.00 0.00 0
113447 0.00 0.00 0.00 0
115368 0.00 0.00 0.00 0
115370 0.00 0.00 0.00 0
115371 0.00 0.00 0.00 0
115372 0.00 0.00 0.00 0
115373 0.00 0.00 0.00 0
115374 0.00 0.00 0.00 0
115375 0.00 0.00 0.00 0
115376 0.00 0.00 0.00 0
115377 0.00 0.00 0.00 0
115378 0.00 0.00 0.00 0
124671 0.00 0.00 0.00 0
124672 0.00 0.00 0.00 0
124673 0.00 0.00 0.00 0
124674 0.00 0.00 0.00 0
124675 0.00 0.00 0.00 0
124677 0.00 0.00 0.00 0
124678 0.00 0.00 0.00 0
125227 0.00 0.00 0.00 0
125228 0.00 0.00 0.00 0
125229 0.00 0.00 0.00 0
125230 0.00 0.00 0.00 0
125231 0.00 0.00 0.00 0
125233 0.00 0.00 0.00 0
125234 0.00 0.00 0.00 0
125235 0.00 0.00 0.00 0
125236 0.00 0.00 0.00 0
125505 0.00 0.00 0.00 0
125513 0.00 0.00 0.00 0
125514 0.00 0.00 0.00 0
125515 0.00 0.00 0.00 0
125516 0.00 0.00 0.00 0
125517 0.00 0.00 0.00 0
125518 0.00 0.00 0.00 0
125519 0.00 0.00 0.00 0
125520 0.00 0.00 0.00 0
127222 0.00 0.00 0.00 0
127223 0.00 0.00 0.00 0
127224 0.00 0.00 0.00 0
127225 0.00 0.00 0.00 0
127226 0.00 0.00 0.00 0
127227 0.00 0.00 0.00 0
127228 0.00 0.00 0.00 0
127229 0.00 0.00 0.00 0
127230 0.00 0.00 0.00 0
127231 0.00 0.00 0.00 0
127232 0.00 0.00 0.00 0
127233 0.00 0.00 0.00 0
127234 0.00 0.00 0.00 0
127235 0.00 0.00 0.00 0
127236 0.00 0.00 0.00 0
127237 0.00 0.00 0.00 0
127238 0.00 0.00 0.00 0
127239 0.00 0.00 0.00 0
127240 0.00 0.00 0.00 0
127241 0.00 0.00 0.00 0
127242 0.00 0.00 0.00 0
127243 0.00 0.00 0.00 0
127244 0.00 0.00 0.00 0
127245 0.00 0.00 0.00 0
127246 0.00 0.00 0.00 0
127247 0.00 0.00 0.00 0
127248 0.00 0.00 0.00 0
127249 0.00 0.00 0.00 0
127250 0.00 0.00 0.00 0
127251 0.00 0.00 0.00 0
129110 0.00 0.00 0.00 0
129118 0.00 0.00 0.00 0
129119 0.00 0.00 0.00 0
129120 0.00 0.00 0.00 0
129121 0.00 0.00 0.00 0
129122 0.00 0.00 0.00 0
129123 0.00 0.00 0.00 0
129124 0.00 0.00 0.00 0
134934 0.00 0.00 0.00 0
134935 0.00 0.00 0.00 0
134936 0.00 0.00 0.00 0
136477 0.00 0.00 0.00 0
136478 0.00 0.00 0.00 0
136479 0.00 0.00 0.00 0
136480 0.00 0.00 0.00 0
136481 0.00 0.00 0.00 0
136483 0.00 0.00 0.00 0
136484 0.00 0.00 0.00 0
136485 0.00 0.00 0.00 0
136486 0.00 0.00 0.00 0
136487 0.00 0.00 0.00 0
136495 0.00 0.00 0.00 0
136496 0.00 0.00 0.00 0
136497 0.00 0.00 0.00 0
136498 0.00 0.00 0.00 0
136499 0.00 0.00 0.00 0
136500 0.00 0.00 0.00 0
136501 0.00 0.00 0.00 0
136502 0.00 0.00 0.00 0
136503 0.00 0.00 0.00 0
136504 0.00 0.00 0.00 0
136505 0.00 0.00 0.00 0
153632 0.00 0.00 0.00 0
153633 0.00 0.00 0.00 0
153634 0.00 0.00 0.00 0
153635 0.00 0.00 0.00 0
153636 0.00 0.00 0.00 0
153637 0.00 0.00 0.00 0
153638 0.00 0.00 0.00 0
153639 0.00 0.00 0.00 0
153640 0.00 0.00 0.00 0
153641 0.00 0.00 0.00 0
153642 0.00 0.00 0.00 0
153643 0.00 0.00 0.00 0
153644 0.00 0.00 0.00 0
153645 0.00 0.00 0.00 0
153646 0.00 0.00 0.00 0
153647 0.00 0.00 0.00 0
153648 0.00 0.00 0.00 0
153649 0.00 0.00 0.00 0
153650 0.00 0.00 0.00 0
153651 0.00 0.00 0.00 0
153652 0.00 0.00 0.00 0
153653 0.00 0.00 0.00 0
153654 0.00 0.00 0.00 0
153655 0.00 0.00 0.00 0
153656 0.00 0.00 0.00 0
153657 0.00 0.00 0.00 0
153658 0.00 0.00 0.00 0
153659 0.00 0.00 0.00 0
153660 0.00 0.00 0.00 0
153684 0.00 0.00 0.00 0
153685 0.00 0.00 0.00 0
153686 0.00 0.00 0.00 0
153687 0.00 0.00 0.00 0
155053 0.00 0.00 0.00 0
155054 0.00 0.00 0.00 0
155055 0.00 0.00 0.00 0
155058 0.00 0.00 0.00 0
155063 0.00 0.00 0.00 0
155064 0.00 0.00 0.00 0
155065 0.00 0.00 0.00 0
155066 0.00 0.00 0.00 0
155067 0.00 0.00 0.00 0
155068 0.00 0.00 0.00 0
155069 0.00 0.00 0.00 0
155070 0.00 0.00 0.00 0
155071 0.00 0.00 0.00 0
155072 0.00 0.00 0.00 0
155073 0.00 0.00 0.00 0
155074 0.00 0.00 0.00 0
155075 0.00 0.00 0.00 0
155076 0.00 0.00 0.00 0
155077 0.00 0.00 0.00 0
155078 0.00 0.00 0.00 0
155079 0.00 0.00 0.00 0
155080 0.00 0.00 0.00 0
155081 0.00 0.00 0.00 0
155082 0.00 0.00 0.00 0
155083 0.00 0.00 0.00 0
155084 0.00 0.00 0.00 0
155085 0.00 0.00 0.00 0
155086 0.00 0.00 0.00 0
155087 0.00 0.00 0.00 0
155088 0.00 0.00 0.00 0
155089 0.00 0.00 0.00 0
155090 0.00 0.00 0.00 0
155807 0.00 0.00 0.00 0
155813 0.00 0.00 0.00 0
155814 0.00 0.00 0.00 0
155815 0.00 0.00 0.00 0
155816 0.00 0.00 0.00 0
155817 0.00 0.00 0.00 0
155818 0.00 0.00 0.00 0
155819 0.00 0.00 0.00 0
155820 0.00 0.00 0.00 0
160197 0.00 0.00 0.00 0
160198 0.00 0.00 0.00 0
160199 0.00 0.00 0.00 0
160200 0.00 0.00 0.00 0
160201 0.00 0.00 0.00 0
160202 0.00 0.00 0.00 0
160203 0.00 0.00 0.00 0
160204 0.00 0.00 0.00 0
160205 0.00 0.00 0.00 0
160206 0.00 0.00 0.00 0
160207 0.00 0.00 0.00 0
160208 0.00 0.00 0.00 0
160209 0.00 0.00 0.00 0
160210 0.00 0.00 0.00 0
160211 0.00 0.00 0.00 0
160212 0.00 0.00 0.00 0
160213 0.00 0.00 0.00 0
160214 0.00 0.00 0.00 0
160215 0.00 0.00 0.00 0
160216 0.00 0.00 0.00 0
160217 0.00 0.00 0.00 0
160218 0.00 0.00 0.00 0
160219 0.00 0.00 0.00 0
160220 0.00 0.00 0.00 0
160221 0.00 0.00 0.00 0
160222 0.00 0.00 0.00 0
160223 0.00 0.00 0.00 0
160224 0.00 0.00 0.00 0
160225 0.00 0.00 0.00 0
160226 0.00 0.00 0.00 0
160227 0.00 0.00 0.00 0
160228 0.00 0.00 0.00 0
160229 0.00 0.00 0.00 0
160230 0.00 0.00 0.00 0
160231 0.00 0.00 0.00 0
160232 0.00 0.00 0.00 0
160233 0.00 0.00 0.00 0
160234 0.00 0.00 0.00 0
160235 0.00 0.00 0.00 0
160236 0.00 0.00 0.00 0
160237 0.00 0.00 0.00 0
160238 0.00 0.00 0.00 0
160239 0.00 0.00 0.00 0
160240 0.00 0.00 0.00 0
160241 0.00 0.00 0.00 0
160242 0.00 0.00 0.00 0
160243 0.00 0.00 0.00 0
160244 0.00 0.00 0.00 0
160245 0.00 0.00 0.00 0
160246 0.00 0.00 0.00 0
160247 0.00 0.00 0.00 0
160248 0.00 0.00 0.00 0
160249 0.00 0.00 0.00 0
160250 0.00 0.00 0.00 0
160251 0.00 0.00 0.00 0
160252 0.00 0.00 0.00 0
160253 0.00 0.00 0.00 0
160254 0.00 0.00 0.00 0
160255 0.00 0.00 0.00 0
160260 0.00 0.00 0.00 0
160261 0.00 0.00 0.00 0
160262 0.00 0.00 0.00 0
160300 0.00 0.00 0.00 0
160301 0.00 0.00 0.00 0
160302 0.00 0.00 0.00 0
160303 0.00 0.00 0.00 0
160304 0.00 0.00 0.00 0
160325 0.00 0.00 0.00 0
160326 0.00 0.00 0.00 0
160327 0.00 0.00 0.00 0
160328 0.00 0.00 0.00 0
160329 0.00 0.00 0.00 0
160330 0.00 0.00 0.00 0
160331 0.00 0.00 0.00 0
160332 0.00 0.00 0.00 0
160333 0.00 0.00 0.00 0
160334 0.00 0.00 0.00 0
160335 0.00 0.00 0.00 0
160336 0.00 0.00 0.00 0
160337 0.00 0.00 0.00 0
