# S_circular_insula_ant
919
25 0.00 0.00 0.00 0
519 0.00 0.00 0.00 0
802 0.00 0.00 0.00 0
803 0.00 0.00 0.00 0
804 0.00 0.00 0.00 0
1140 0.00 0.00 0.00 0
1141 0.00 0.00 0.00 0
1142 0.00 0.00 0.00 0
1957 0.00 0.00 0.00 0
1958 0.00 0.00 0.00 0
2190 0.00 0.00 0.00 0
2199 0.00 0.00 0.00 0
2200 0.00 0.00 0.00 0
2722 0.00 0.00 0.00 0
2723 0.00 0.00 0.00 0
2724 0.00 0.00 0.00 0
3059 0.00 0.00 0.00 0
3060 0.00 0.00 0.00 0
3061 0.00 0.00 0.00 0
3062 0.00 0.00 0.00 0
3850 0.00 0.00 0.00 0
3851 0.00 0.00 0.00 0
4297 0.00 0.00 0.00 0
4298 0.00 0.00 0.00 0
4856 0.00 0.00 0.00 0
4858 0.00 0.00 0.00 0
4859 0.00 0.00 0.00 0
4860 0.00 0.00 0.00 0
4861 0.00 0.00 0.00 0
4862 0.00 0.00 0.00 0
4863 0.00 0.00 0.00 0
4864 0.00 0.00 0.00 0
6052 0.00 0.00 0.00 0
6053 0.00 0.00 0.00 0
6054 0.00 0.00 0.00 0
6055 0.00 0.00 0.00 0
6056 0.00 0.00 0.00 0
6659 0.00 0.00 0.00 0
6660 0.00 0.00 0.00 0
6661 0.00 0.00 0.00 0
6662 0.00 0.00 0.00 0
6663 0.00 0.00 0.00 0
6664 0.00 0.00 0.00 0
7887 0.00 0.00 0.00 0
7888 0.00 0.00 0.00 0
8467 0.00 0.00 0.00 0
8468 0.00 0.00 0.00 0
8469 0.00 0.00 0.00 0
8470 0.00 0.00 0.00 0
9130 0.00 0.00 0.00 0
9131 0.00 0.00 0.00 0
9132 0.00 0.00 0.00 0
9158 0.00 0.00 0.00 0
9159 0.00 0.00 0.00 0
9160 0.00 0.00 0.00 0
9161 0.00 0.00 0.00 0
9162 0.00 0.00 0.00 0
9163 0.00 0.00 0.00 0
9171 0.00 0.00 0.00 0
9864 0.00 0.00 0.00 0
10402 0.00 0.00 0.00 0
10403 0.00 0.00 0.00 0
10404 0.00 0.00 0.00 0
10739 0.00 0.00 0.00 0
10740 0.00 0.00 0.00 0
10741 0.00 0.00 0.00 0
11531 0.00 0.00 0.00 0
12536 0.00 0.00 0.00 0
12537 0.00 0.00 0.00 0
12538 0.00 0.00 0.00 0
12539 0.00 0.00 0.00 0
12540 0.00 0.00 0.00 0
12541 0.00 0.00 0.00 0
12542 0.00 0.00 0.00 0
12543 0.00 0.00 0.00 0
13927 0.00 0.00 0.00 0
13928 0.00 0.00 0.00 0
13929 0.00 0.00 0.00 0
13930 0.00 0.00 0.00 0
13931 0.00 0.00 0.00 0
13932 0.00 0.00 0.00 0
13933 0.00 0.00 0.00 0
13934 0.00 0.00 0.00 0
14935 0.00 0.00 0.00 0
14936 0.00 0.00 0.00 0
14937 0.00 0.00 0.00 0
14938 0.00 0.00 0.00 0
14939 0.00 0.00 0.00 0
14940 0.00 0.00 0.00 0
14941 0.00 0.00 0.00 0
14942 0.00 0.00 0.00 0
14943 0.00 0.00 0.00 0
14944 0.00 0.00 0.00 0
14945 0.00 0.00 0.00 0
14946 0.00 0.00 0.00 0
14947 0.00 0.00 0.00 0
17310 0.00 0.00 0.00 0
17311 0.00 0.00 0.00 0
17312 0.00 0.00 0.00 0
17314 0.00 0.00 0.00 0
18652 0.00 0.00 0.00 0
18653 0.00 0.00 0.00 0
18654 0.00 0.00 0.00 0
18656 0.00 0.00 0.00 0
20268 0.00 0.00 0.00 0
20269 0.00 0.00 0.00 0
20270 0.00 0.00 0.00 0
20271 0.00 0.00 0.00 0
20272 0.00 0.00 0.00 0
20336 0.00 0.00 0.00 0
20337 0.00 0.00 0.00 0
20338 0.00 0.00 0.00 0
20339 0.00 0.00 0.00 0
20340 0.00 0.00 0.00 0
20341 0.00 0.00 0.00 0
20342 0.00 0.00 0.00 0
20343 0.00 0.00 0.00 0
20344 0.00 0.00 0.00 0
20345 0.00 0.00 0.00 0
20346 0.00 0.00 0.00 0
20347 0.00 0.00 0.00 0
20348 0.00 0.00 0.00 0
20349 0.00 0.00 0.00 0
20350 0.00 0.00 0.00 0
20369 0.00 0.00 0.00 0
22095 0.00 0.00 0.00 0
22096 0.00 0.00 0.00 0
22097 0.00 0.00 0.00 0
23332 0.00 0.00 0.00 0
23333 0.00 0.00 0.00 0
23334 0.00 0.00 0.00 0
23335 0.00 0.00 0.00 0
23336 0.00 0.00 0.00 0
23936 0.00 0.00 0.00 0
23937 0.00 0.00 0.00 0
23938 0.00 0.00 0.00 0
23939 0.00 0.00 0.00 0
23940 0.00 0.00 0.00 0
23941 0.00 0.00 0.00 0
23942 0.00 0.00 0.00 0
23943 0.00 0.00 0.00 0
23944 0.00 0.00 0.00 0
25362 0.00 0.00 0.00 0
25363 0.00 0.00 0.00 0
25364 0.00 0.00 0.00 0
25365 0.00 0.00 0.00 0
26167 0.00 0.00 0.00 0
26168 0.00 0.00 0.00 0
26169 0.00 0.00 0.00 0
27172 0.00 0.00 0.00 0
27178 0.00 0.00 0.00 0
27179 0.00 0.00 0.00 0
27180 0.00 0.00 0.00 0
27181 0.00 0.00 0.00 0
27182 0.00 0.00 0.00 0
27183 0.00 0.00 0.00 0
27184 0.00 0.00 0.00 0
27185 0.00 0.00 0.00 0
27186 0.00 0.00 0.00 0
27187 0.00 0.00 0.00 0
29482 0.00 0.00 0.00 0
29483 0.00 0.00 0.00 0
29484 0.00 0.00 0.00 0
29485 0.00 0.00 0.00 0
29486 0.00 0.00 0.00 0
29487 0.00 0.00 0.00 0
29488 0.00 0.00 0.00 0
29489 0.00 0.00 0.00 0
29490 0.00 0.00 0.00 0
29491 0.00 0.00 0.00 0
30895 0.00 0.00 0.00 0
30896 0.00 0.00 0.00 0
30897 0.00 0.00 0.00 0
30898 0.00 0.00 0.00 0
30899 0.00 0.00 0.00 0
30900 0.00 0.00 0.00 0
30901 0.00 0.00 0.00 0
30902 0.00 0.00 0.00 0
30903 0.00 0.00 0.00 0
30904 0.00 0.00 0.00 0
30905 0.00 0.00 0.00 0
30906 0.00 0.00 0.00 0
30907 0.00 0.00 0.00 0
30908 0.00 0.00 0.00 0
30909 0.00 0.00 0.00 0
30910 0.00 0.00 0.00 0
34023 0.00 0.00 0.00 0
34024 0.00 0.00 0.00 0
34026 0.00 0.00 0.00 0
34027 0.00 0.00 0.00 0
35677 0.00 0.00 0.00 0
35678 0.00 0.00 0.00 0
35679 0.00 0.00 0.00 0
35680 0.00 0.00 0.00 0
35681 0.00 0.00 0.00 0
35682 0.00 0.00 0.00 0
35683 0.00 0.00 0.00 0
35684 0.00 0.00 0.00 0
37631 0.00 0.00 0.00 0
37632 0.00 0.00 0.00 0
37634 0.00 0.00 0.00 0
37635 0.00 0.00 0.00 0
37636 0.00 0.00 0.00 0
37637 0.00 0.00 0.00 0
37638 0.00 0.00 0.00 0
37716 0.00 0.00 0.00 0
37717 0.00 0.00 0.00 0
37718 0.00 0.00 0.00 0
37719 0.00 0.00 0.00 0
37720 0.00 0.00 0.00 0
37721 0.00 0.00 0.00 0
37722 0.00 0.00 0.00 0
37723 0.00 0.00 0.00 0
37724 0.00 0.00 0.00 0
37725 0.00 0.00 0.00 0
37726 0.00 0.00 0.00 0
37727 0.00 0.00 0.00 0
37729 0.00 0.00 0.00 0
37730 0.00 0.00 0.00 0
37731 0.00 0.00 0.00 0
37732 0.00 0.00 0.00 0
37733 0.00 0.00 0.00 0
37734 0.00 0.00 0.00 0
37753 0.00 0.00 0.00 0
37754 0.00 0.00 0.00 0
37755 0.00 0.00 0.00 0
39828 0.00 0.00 0.00 0
39829 0.00 0.00 0.00 0
39830 0.00 0.00 0.00 0
39832 0.00 0.00 0.00 0
39833 0.00 0.00 0.00 0
41122 0.00 0.00 0.00 0
41123 0.00 0.00 0.00 0
41124 0.00 0.00 0.00 0
41461 0.00 0.00 0.00 0
43256 0.00 0.00 0.00 0
43257 0.00 0.00 0.00 0
43258 0.00 0.00 0.00 0
43259 0.00 0.00 0.00 0
43260 0.00 0.00 0.00 0
43261 0.00 0.00 0.00 0
43262 0.00 0.00 0.00 0
44647 0.00 0.00 0.00 0
44648 0.00 0.00 0.00 0
44649 0.00 0.00 0.00 0
44650 0.00 0.00 0.00 0
44651 0.00 0.00 0.00 0
44652 0.00 0.00 0.00 0
44653 0.00 0.00 0.00 0
44654 0.00 0.00 0.00 0
45656 0.00 0.00 0.00 0
45657 0.00 0.00 0.00 0
45658 0.00 0.00 0.00 0
45659 0.00 0.00 0.00 0
45660 0.00 0.00 0.00 0
45661 0.00 0.00 0.00 0
45662 0.00 0.00 0.00 0
45663 0.00 0.00 0.00 0
45664 0.00 0.00 0.00 0
45665 0.00 0.00 0.00 0
45666 0.00 0.00 0.00 0
45667 0.00 0.00 0.00 0
48030 0.00 0.00 0.00 0
48031 0.00 0.00 0.00 0
48032 0.00 0.00 0.00 0
49372 0.00 0.00 0.00 0
49373 0.00 0.00 0.00 0
49374 0.00 0.00 0.00 0
50988 0.00 0.00 0.00 0
50989 0.00 0.00 0.00 0
50990 0.00 0.00 0.00 0
50991 0.00 0.00 0.00 0
50992 0.00 0.00 0.00 0
51056 0.00 0.00 0.00 0
51057 0.00 0.00 0.00 0
51058 0.00 0.00 0.00 0
51059 0.00 0.00 0.00 0
51060 0.00 0.00 0.00 0
51061 0.00 0.00 0.00 0
51062 0.00 0.00 0.00 0
51063 0.00 0.00 0.00 0
51064 0.00 0.00 0.00 0
51065 0.00 0.00 0.00 0
51066 0.00 0.00 0.00 0
51067 0.00 0.00 0.00 0
51068 0.00 0.00 0.00 0
51069 0.00 0.00 0.00 0
51070 0.00 0.00 0.00 0
52815 0.00 0.00 0.00 0
52816 0.00 0.00 0.00 0
52817 0.00 0.00 0.00 0
54247 0.00 0.00 0.00 0
54248 0.00 0.00 0.00 0
54249 0.00 0.00 0.00 0
54250 0.00 0.00 0.00 0
54251 0.00 0.00 0.00 0
54252 0.00 0.00 0.00 0
54253 0.00 0.00 0.00 0
54254 0.00 0.00 0.00 0
55253 0.00 0.00 0.00 0
55254 0.00 0.00 0.00 0
55255 0.00 0.00 0.00 0
55256 0.00 0.00 0.00 0
55257 0.00 0.00 0.00 0
55258 0.00 0.00 0.00 0
55259 0.00 0.00 0.00 0
55260 0.00 0.00 0.00 0
55261 0.00 0.00 0.00 0
55262 0.00 0.00 0.00 0
55263 0.00 0.00 0.00 0
55264 0.00 0.00 0.00 0
55265 0.00 0.00 0.00 0
55266 0.00 0.00 0.00 0
55267 0.00 0.00 0.00 0
57630 0.00 0.00 0.00 0
57631 0.00 0.00 0.00 0
57632 0.00 0.00 0.00 0
57634 0.00 0.00 0.00 0
58972 0.00 0.00 0.00 0
58973 0.00 0.00 0.00 0
58974 0.00 0.00 0.00 0
60646 0.00 0.00 0.00 0
60648 0.00 0.00 0.00 0
60649 0.00 0.00 0.00 0
60650 0.00 0.00 0.00 0
60651 0.00 0.00 0.00 0
60653 0.00 0.00 0.00 0
60654 0.00 0.00 0.00 0
60655 0.00 0.00 0.00 0
60656 0.00 0.00 0.00 0
60657 0.00 0.00 0.00 0
60658 0.00 0.00 0.00 0
60659 0.00 0.00 0.00 0
60660 0.00 0.00 0.00 0
60661 0.00 0.00 0.00 0
60662 0.00 0.00 0.00 0
60663 0.00 0.00 0.00 0
60664 0.00 0.00 0.00 0
60665 0.00 0.00 0.00 0
60666 0.00 0.00 0.00 0
60667 0.00 0.00 0.00 0
60668 0.00 0.00 0.00 0
60669 0.00 0.00 0.00 0
60670 0.00 0.00 0.00 0
64822 0.00 0.00 0.00 0
64823 0.00 0.00 0.00 0
64824 0.00 0.00 0.00 0
64825 0.00 0.00 0.00 0
64826 0.00 0.00 0.00 0
64827 0.00 0.00 0.00 0
64828 0.00 0.00 0.00 0
64829 0.00 0.00 0.00 0
64830 0.00 0.00 0.00 0
64831 0.00 0.00 0.00 0
64832 0.00 0.00 0.00 0
64833 0.00 0.00 0.00 0
64834 0.00 0.00 0.00 0
64835 0.00 0.00 0.00 0
64836 0.00 0.00 0.00 0
64837 0.00 0.00 0.00 0
64838 0.00 0.00 0.00 0
64839 0.00 0.00 0.00 0
64840 0.00 0.00 0.00 0
64841 0.00 0.00 0.00 0
64842 0.00 0.00 0.00 0
64843 0.00 0.00 0.00 0
64844 0.00 0.00 0.00 0
67846 0.00 0.00 0.00 0
67847 0.00 0.00 0.00 0
67848 0.00 0.00 0.00 0
67849 0.00 0.00 0.00 0
67850 0.00 0.00 0.00 0
67851 0.00 0.00 0.00 0
67852 0.00 0.00 0.00 0
67853 0.00 0.00 0.00 0
67854 0.00 0.00 0.00 0
67855 0.00 0.00 0.00 0
67856 0.00 0.00 0.00 0
67857 0.00 0.00 0.00 0
67858 0.00 0.00 0.00 0
67859 0.00 0.00 0.00 0
67860 0.00 0.00 0.00 0
67861 0.00 0.00 0.00 0
67862 0.00 0.00 0.00 0
67863 0.00 0.00 0.00 0
67864 0.00 0.00 0.00 0
67865 0.00 0.00 0.00 0
67866 0.00 0.00 0.00 0
67867 0.00 0.00 0.00 0
67868 0.00 0.00 0.00 0
67869 0.00 0.00 0.00 0
67870 0.00 0.00 0.00 0
67871 0.00 0.00 0.00 0
67872 0.00 0.00 0.00 0
67873 0.00 0.00 0.00 0
67874 0.00 0.00 0.00 0
67875 0.00 0.00 0.00 0
67876 0.00 0.00 0.00 0
67877 0.00 0.00 0.00 0
67878 0.00 0.00 0.00 0
67879 0.00 0.00 0.00 0
67880 0.00 0.00 0.00 0
67881 0.00 0.00 0.00 0
67882 0.00 0.00 0.00 0
74970 0.00 0.00 0.00 0
74971 0.00 0.00 0.00 0
74972 0.00 0.00 0.00 0
74973 0.00 0.00 0.00 0
74974 0.00 0.00 0.00 0
74975 0.00 0.00 0.00 0
74976 0.00 0.00 0.00 0
74977 0.00 0.00 0.00 0
74978 0.00 0.00 0.00 0
74979 0.00 0.00 0.00 0
74980 0.00 0.00 0.00 0
74981 0.00 0.00 0.00 0
74982 0.00 0.00 0.00 0
74983 0.00 0.00 0.00 0
74984 0.00 0.00 0.00 0
74985 0.00 0.00 0.00 0
78997 0.00 0.00 0.00 0
78998 0.00 0.00 0.00 0
78999 0.00 0.00 0.00 0
79000 0.00 0.00 0.00 0
79001 0.00 0.00 0.00 0
79002 0.00 0.00 0.00 0
79003 0.00 0.00 0.00 0
79004 0.00 0.00 0.00 0
79005 0.00 0.00 0.00 0
79006 0.00 0.00 0.00 0
79007 0.00 0.00 0.00 0
79008 0.00 0.00 0.00 0
79009 0.00 0.00 0.00 0
79010 0.00 0.00 0.00 0
79011 0.00 0.00 0.00 0
79012 0.00 0.00 0.00 0
83840 0.00 0.00 0.00 0
83841 0.00 0.00 0.00 0
83842 0.00 0.00 0.00 0
83846 0.00 0.00 0.00 0
83847 0.00 0.00 0.00 0
83848 0.00 0.00 0.00 0
83849 0.00 0.00 0.00 0
83850 0.00 0.00 0.00 0
83851 0.00 0.00 0.00 0
83852 0.00 0.00 0.00 0
83853 0.00 0.00 0.00 0
83854 0.00 0.00 0.00 0
83855 0.00 0.00 0.00 0
83856 0.00 0.00 0.00 0
83857 0.00 0.00 0.00 0
84049 0.00 0.00 0.00 0
84050 0.00 0.00 0.00 0
84051 0.00 0.00 0.00 0
84053 0.00 0.00 0.00 0
84054 0.00 0.00 0.00 0
84055 0.00 0.00 0.00 0
84056 0.00 0.00 0.00 0
84057 0.00 0.00 0.00 0
84058 0.00 0.00 0.00 0
84059 0.00 0.00 0.00 0
84060 0.00 0.00 0.00 0
84061 0.00 0.00 0.00 0
84062 0.00 0.00 0.00 0
84063 0.00 0.00 0.00 0
84064 0.00 0.00 0.00 0
84065 0.00 0.00 0.00 0
84066 0.00 0.00 0.00 0
84067 0.00 0.00 0.00 0
84068 0.00 0.00 0.00 0
84069 0.00 0.00 0.00 0
84070 0.00 0.00 0.00 0
84071 0.00 0.00 0.00 0
84072 0.00 0.00 0.00 0
84073 0.00 0.00 0.00 0
84074 0.00 0.00 0.00 0
84075 0.00 0.00 0.00 0
84076 0.00 0.00 0.00 0
84077 0.00 0.00 0.00 0
84078 0.00 0.00 0.00 0
84079 0.00 0.00 0.00 0
84080 0.00 0.00 0.00 0
84083 0.00 0.00 0.00 0
84084 0.00 0.00 0.00 0
84085 0.00 0.00 0.00 0
84086 0.00 0.00 0.00 0
84087 0.00 0.00 0.00 0
84088 0.00 0.00 0.00 0
84089 0.00 0.00 0.00 0
84090 0.00 0.00 0.00 0
84091 0.00 0.00 0.00 0
84092 0.00 0.00 0.00 0
84093 0.00 0.00 0.00 0
84095 0.00 0.00 0.00 0
84096 0.00 0.00 0.00 0
84097 0.00 0.00 0.00 0
84098 0.00 0.00 0.00 0
84099 0.00 0.00 0.00 0
84144 0.00 0.00 0.00 0
84145 0.00 0.00 0.00 0
84146 0.00 0.00 0.00 0
84147 0.00 0.00 0.00 0
84148 0.00 0.00 0.00 0
84149 0.00 0.00 0.00 0
84150 0.00 0.00 0.00 0
89325 0.00 0.00 0.00 0
89326 0.00 0.00 0.00 0
89327 0.00 0.00 0.00 0
89328 0.00 0.00 0.00 0
89329 0.00 0.00 0.00 0
89330 0.00 0.00 0.00 0
89331 0.00 0.00 0.00 0
89332 0.00 0.00 0.00 0
89339 0.00 0.00 0.00 0
89341 0.00 0.00 0.00 0
92452 0.00 0.00 0.00 0
92453 0.00 0.00 0.00 0
92454 0.00 0.00 0.00 0
92455 0.00 0.00 0.00 0
92456 0.00 0.00 0.00 0
93059 0.00 0.00 0.00 0
93060 0.00 0.00 0.00 0
93061 0.00 0.00 0.00 0
93062 0.00 0.00 0.00 0
93063 0.00 0.00 0.00 0
93064 0.00 0.00 0.00 0
94482 0.00 0.00 0.00 0
94483 0.00 0.00 0.00 0
95287 0.00 0.00 0.00 0
95288 0.00 0.00 0.00 0
96292 0.00 0.00 0.00 0
96293 0.00 0.00 0.00 0
96294 0.00 0.00 0.00 0
96295 0.00 0.00 0.00 0
96296 0.00 0.00 0.00 0
96297 0.00 0.00 0.00 0
96298 0.00 0.00 0.00 0
96299 0.00 0.00 0.00 0
96300 0.00 0.00 0.00 0
96301 0.00 0.00 0.00 0
96302 0.00 0.00 0.00 0
96303 0.00 0.00 0.00 0
96304 0.00 0.00 0.00 0
96305 0.00 0.00 0.00 0
96306 0.00 0.00 0.00 0
98797 0.00 0.00 0.00 0
98798 0.00 0.00 0.00 0
98799 0.00 0.00 0.00 0
98800 0.00 0.00 0.00 0
98801 0.00 0.00 0.00 0
98802 0.00 0.00 0.00 0
98803 0.00 0.00 0.00 0
98804 0.00 0.00 0.00 0
98805 0.00 0.00 0.00 0
98806 0.00 0.00 0.00 0
98807 0.00 0.00 0.00 0
98808 0.00 0.00 0.00 0
98809 0.00 0.00 0.00 0
98810 0.00 0.00 0.00 0
100612 0.00 0.00 0.00 0
100613 0.00 0.00 0.00 0
100614 0.00 0.00 0.00 0
100615 0.00 0.00 0.00 0
100616 0.00 0.00 0.00 0
100617 0.00 0.00 0.00 0
100618 0.00 0.00 0.00 0
100619 0.00 0.00 0.00 0
100620 0.00 0.00 0.00 0
100621 0.00 0.00 0.00 0
100622 0.00 0.00 0.00 0
100623 0.00 0.00 0.00 0
100624 0.00 0.00 0.00 0
100625 0.00 0.00 0.00 0
100626 0.00 0.00 0.00 0
100627 0.00 0.00 0.00 0
100628 0.00 0.00 0.00 0
100629 0.00 0.00 0.00 0
100630 0.00 0.00 0.00 0
100631 0.00 0.00 0.00 0
100632 0.00 0.00 0.00 0
100633 0.00 0.00 0.00 0
104886 0.00 0.00 0.00 0
104887 0.00 0.00 0.00 0
104888 0.00 0.00 0.00 0
104889 0.00 0.00 0.00 0
104890 0.00 0.00 0.00 0
104891 0.00 0.00 0.00 0
104892 0.00 0.00 0.00 0
104893 0.00 0.00 0.00 0
104894 0.00 0.00 0.00 0
104895 0.00 0.00 0.00 0
104897 0.00 0.00 0.00 0
107302 0.00 0.00 0.00 0
107303 0.00 0.00 0.00 0
107304 0.00 0.00 0.00 0
107305 0.00 0.00 0.00 0
107306 0.00 0.00 0.00 0
107307 0.00 0.00 0.00 0
107308 0.00 0.00 0.00 0
107309 0.00 0.00 0.00 0
110210 0.00 0.00 0.00 0
110211 0.00 0.00 0.00 0
110212 0.00 0.00 0.00 0
110213 0.00 0.00 0.00 0
110214 0.00 0.00 0.00 0
110215 0.00 0.00 0.00 0
110216 0.00 0.00 0.00 0
110217 0.00 0.00 0.00 0
110218 0.00 0.00 0.00 0
110332 0.00 0.00 0.00 0
110333 0.00 0.00 0.00 0
110334 0.00 0.00 0.00 0
110335 0.00 0.00 0.00 0
110336 0.00 0.00 0.00 0
110337 0.00 0.00 0.00 0
110338 0.00 0.00 0.00 0
110339 0.00 0.00 0.00 0
110340 0.00 0.00 0.00 0
110341 0.00 0.00 0.00 0
110342 0.00 0.00 0.00 0
110343 0.00 0.00 0.00 0
110344 0.00 0.00 0.00 0
110345 0.00 0.00 0.00 0
110346 0.00 0.00 0.00 0
110347 0.00 0.00 0.00 0
110348 0.00 0.00 0.00 0
110349 0.00 0.00 0.00 0
110350 0.00 0.00 0.00 0
110351 0.00 0.00 0.00 0
110352 0.00 0.00 0.00 0
110353 0.00 0.00 0.00 0
110354 0.00 0.00 0.00 0
110355 0.00 0.00 0.00 0
110356 0.00 0.00 0.00 0
110357 0.00 0.00 0.00 0
110358 0.00 0.00 0.00 0
113499 0.00 0.00 0.00 0
113500 0.00 0.00 0.00 0
113501 0.00 0.00 0.00 0
113502 0.00 0.00 0.00 0
113503 0.00 0.00 0.00 0
115882 0.00 0.00 0.00 0
115883 0.00 0.00 0.00 0
115884 0.00 0.00 0.00 0
115885 0.00 0.00 0.00 0
115886 0.00 0.00 0.00 0
115887 0.00 0.00 0.00 0
115888 0.00 0.00 0.00 0
115889 0.00 0.00 0.00 0
115890 0.00 0.00 0.00 0
115891 0.00 0.00 0.00 0
115892 0.00 0.00 0.00 0
117290 0.00 0.00 0.00 0
117291 0.00 0.00 0.00 0
117292 0.00 0.00 0.00 0
117293 0.00 0.00 0.00 0
117294 0.00 0.00 0.00 0
117295 0.00 0.00 0.00 0
117296 0.00 0.00 0.00 0
117297 0.00 0.00 0.00 0
117298 0.00 0.00 0.00 0
117299 0.00 0.00 0.00 0
117300 0.00 0.00 0.00 0
117301 0.00 0.00 0.00 0
117302 0.00 0.00 0.00 0
117303 0.00 0.00 0.00 0
117304 0.00 0.00 0.00 0
117305 0.00 0.00 0.00 0
117306 0.00 0.00 0.00 0
117307 0.00 0.00 0.00 0
117308 0.00 0.00 0.00 0
117309 0.00 0.00 0.00 0
117310 0.00 0.00 0.00 0
120618 0.00 0.00 0.00 0
120619 0.00 0.00 0.00 0
120620 0.00 0.00 0.00 0
120621 0.00 0.00 0.00 0
120622 0.00 0.00 0.00 0
120623 0.00 0.00 0.00 0
120624 0.00 0.00 0.00 0
120625 0.00 0.00 0.00 0
122497 0.00 0.00 0.00 0
122498 0.00 0.00 0.00 0
122499 0.00 0.00 0.00 0
122500 0.00 0.00 0.00 0
122501 0.00 0.00 0.00 0
122502 0.00 0.00 0.00 0
122503 0.00 0.00 0.00 0
122504 0.00 0.00 0.00 0
124845 0.00 0.00 0.00 0
124854 0.00 0.00 0.00 0
124855 0.00 0.00 0.00 0
124856 0.00 0.00 0.00 0
124857 0.00 0.00 0.00 0
124858 0.00 0.00 0.00 0
124859 0.00 0.00 0.00 0
124860 0.00 0.00 0.00 0
124861 0.00 0.00 0.00 0
124862 0.00 0.00 0.00 0
124863 0.00 0.00 0.00 0
124864 0.00 0.00 0.00 0
124865 0.00 0.00 0.00 0
124866 0.00 0.00 0.00 0
124867 0.00 0.00 0.00 0
124868 0.00 0.00 0.00 0
124869 0.00 0.00 0.00 0
124870 0.00 0.00 0.00 0
124871 0.00 0.00 0.00 0
124872 0.00 0.00 0.00 0
124873 0.00 0.00 0.00 0
124874 0.00 0.00 0.00 0
124875 0.00 0.00 0.00 0
124876 0.00 0.00 0.00 0
127317 0.00 0.00 0.00 0
127318 0.00 0.00 0.00 0
130494 0.00 0.00 0.00 0
130495 0.00 0.00 0.00 0
130496 0.00 0.00 0.00 0
130497 0.00 0.00 0.00 0
130498 0.00 0.00 0.00 0
130499 0.00 0.00 0.00 0
130500 0.00 0.00 0.00 0
130501 0.00 0.00 0.00 0
130502 0.00 0.00 0.00 0
130503 0.00 0.00 0.00 0
130504 0.00 0.00 0.00 0
130505 0.00 0.00 0.00 0
130506 0.00 0.00 0.00 0
130507 0.00 0.00 0.00 0
130508 0.00 0.00 0.00 0
130509 0.00 0.00 0.00 0
130510 0.00 0.00 0.00 0
130511 0.00 0.00 0.00 0
130512 0.00 0.00 0.00 0
130513 0.00 0.00 0.00 0
130514 0.00 0.00 0.00 0
130515 0.00 0.00 0.00 0
130516 0.00 0.00 0.00 0
130517 0.00 0.00 0.00 0
130518 0.00 0.00 0.00 0
134323 0.00 0.00 0.00 0
134324 0.00 0.00 0.00 0
134325 0.00 0.00 0.00 0
134326 0.00 0.00 0.00 0
134327 0.00 0.00 0.00 0
134328 0.00 0.00 0.00 0
134332 0.00 0.00 0.00 0
134333 0.00 0.00 0.00 0
134334 0.00 0.00 0.00 0
134335 0.00 0.00 0.00 0
134336 0.00 0.00 0.00 0
134337 0.00 0.00 0.00 0
134338 0.00 0.00 0.00 0
134339 0.00 0.00 0.00 0
134340 0.00 0.00 0.00 0
134341 0.00 0.00 0.00 0
134342 0.00 0.00 0.00 0
134343 0.00 0.00 0.00 0
134344 0.00 0.00 0.00 0
134345 0.00 0.00 0.00 0
134346 0.00 0.00 0.00 0
134347 0.00 0.00 0.00 0
134348 0.00 0.00 0.00 0
134349 0.00 0.00 0.00 0
134350 0.00 0.00 0.00 0
134351 0.00 0.00 0.00 0
134352 0.00 0.00 0.00 0
134353 0.00 0.00 0.00 0
134354 0.00 0.00 0.00 0
134355 0.00 0.00 0.00 0
134356 0.00 0.00 0.00 0
134357 0.00 0.00 0.00 0
134358 0.00 0.00 0.00 0
134359 0.00 0.00 0.00 0
134360 0.00 0.00 0.00 0
134361 0.00 0.00 0.00 0
134362 0.00 0.00 0.00 0
134363 0.00 0.00 0.00 0
134364 0.00 0.00 0.00 0
134365 0.00 0.00 0.00 0
134366 0.00 0.00 0.00 0
134367 0.00 0.00 0.00 0
134368 0.00 0.00 0.00 0
143154 0.00 0.00 0.00 0
143155 0.00 0.00 0.00 0
143160 0.00 0.00 0.00 0
143161 0.00 0.00 0.00 0
143162 0.00 0.00 0.00 0
143163 0.00 0.00 0.00 0
143164 0.00 0.00 0.00 0
143165 0.00 0.00 0.00 0
143166 0.00 0.00 0.00 0
143167 0.00 0.00 0.00 0
148027 0.00 0.00 0.00 0
148028 0.00 0.00 0.00 0
148029 0.00 0.00 0.00 0
148030 0.00 0.00 0.00 0
148031 0.00 0.00 0.00 0
148032 0.00 0.00 0.00 0
148033 0.00 0.00 0.00 0
148034 0.00 0.00 0.00 0
148035 0.00 0.00 0.00 0
148036 0.00 0.00 0.00 0
148037 0.00 0.00 0.00 0
148038 0.00 0.00 0.00 0
148039 0.00 0.00 0.00 0
148040 0.00 0.00 0.00 0
148041 0.00 0.00 0.00 0
148042 0.00 0.00 0.00 0
148043 0.00 0.00 0.00 0
148044 0.00 0.00 0.00 0
148045 0.00 0.00 0.00 0
148046 0.00 0.00 0.00 0
148047 0.00 0.00 0.00 0
153852 0.00 0.00 0.00 0
153855 0.00 0.00 0.00 0
153856 0.00 0.00 0.00 0
153857 0.00 0.00 0.00 0
153858 0.00 0.00 0.00 0
153862 0.00 0.00 0.00 0
153863 0.00 0.00 0.00 0
153864 0.00 0.00 0.00 0
153865 0.00 0.00 0.00 0
153866 0.00 0.00 0.00 0
153867 0.00 0.00 0.00 0
153868 0.00 0.00 0.00 0
153869 0.00 0.00 0.00 0
153870 0.00 0.00 0.00 0
153871 0.00 0.00 0.00 0
153872 0.00 0.00 0.00 0
153873 0.00 0.00 0.00 0
153874 0.00 0.00 0.00 0
153875 0.00 0.00 0.00 0
153876 0.00 0.00 0.00 0
154105 0.00 0.00 0.00 0
154110 0.00 0.00 0.00 0
154111 0.00 0.00 0.00 0
154112 0.00 0.00 0.00 0
154113 0.00 0.00 0.00 0
154114 0.00 0.00 0.00 0
154115 0.00 0.00 0.00 0
154116 0.00 0.00 0.00 0
154117 0.00 0.00 0.00 0
154118 0.00 0.00 0.00 0
154119 0.00 0.00 0.00 0
154120 0.00 0.00 0.00 0
154121 0.00 0.00 0.00 0
154122 0.00 0.00 0.00 0
154123 0.00 0.00 0.00 0
154124 0.00 0.00 0.00 0
154125 0.00 0.00 0.00 0
154126 0.00 0.00 0.00 0
154127 0.00 0.00 0.00 0
154128 0.00 0.00 0.00 0
154129 0.00 0.00 0.00 0
154130 0.00 0.00 0.00 0
154131 0.00 0.00 0.00 0
154132 0.00 0.00 0.00 0
154133 0.00 0.00 0.00 0
154134 0.00 0.00 0.00 0
154135 0.00 0.00 0.00 0
154136 0.00 0.00 0.00 0
154137 0.00 0.00 0.00 0
154138 0.00 0.00 0.00 0
154139 0.00 0.00 0.00 0
154140 0.00 0.00 0.00 0
154141 0.00 0.00 0.00 0
154142 0.00 0.00 0.00 0
154143 0.00 0.00 0.00 0
154147 0.00 0.00 0.00 0
154148 0.00 0.00 0.00 0
154149 0.00 0.00 0.00 0
154150 0.00 0.00 0.00 0
154151 0.00 0.00 0.00 0
154152 0.00 0.00 0.00 0
154153 0.00 0.00 0.00 0
154154 0.00 0.00 0.00 0
154155 0.00 0.00 0.00 0
154156 0.00 0.00 0.00 0
154157 0.00 0.00 0.00 0
154158 0.00 0.00 0.00 0
154159 0.00 0.00 0.00 0
154160 0.00 0.00 0.00 0
154161 0.00 0.00 0.00 0
154162 0.00 0.00 0.00 0
154163 0.00 0.00 0.00 0
154164 0.00 0.00 0.00 0
154165 0.00 0.00 0.00 0
154166 0.00 0.00 0.00 0
154167 0.00 0.00 0.00 0
154218 0.00 0.00 0.00 0
154219 0.00 0.00 0.00 0
154220 0.00 0.00 0.00 0
154221 0.00 0.00 0.00 0
154222 0.00 0.00 0.00 0
154223 0.00 0.00 0.00 0
154224 0.00 0.00 0.00 0
154225 0.00 0.00 0.00 0
154226 0.00 0.00 0.00 0
160440 0.00 0.00 0.00 0
160441 0.00 0.00 0.00 0
160442 0.00 0.00 0.00 0
160443 0.00 0.00 0.00 0
160444 0.00 0.00 0.00 0
160445 0.00 0.00 0.00 0
160446 0.00 0.00 0.00 0
160447 0.00 0.00 0.00 0
160448 0.00 0.00 0.00 0
160449 0.00 0.00 0.00 0
160450 0.00 0.00 0.00 0
160451 0.00 0.00 0.00 0
160453 0.00 0.00 0.00 0
160454 0.00 0.00 0.00 0
160455 0.00 0.00 0.00 0
160456 0.00 0.00 0.00 0
160457 0.00 0.00 0.00 0
160458 0.00 0.00 0.00 0
160459 0.00 0.00 0.00 0
160460 0.00 0.00 0.00 0
