# S_cingul-Marginalis
1951
20 0.00 0.00 0.00 0
106 0.00 0.00 0.00 0
141 0.00 0.00 0.00 0
307 0.00 0.00 0.00 0
308 0.00 0.00 0.00 0
309 0.00 0.00 0.00 0
580 0.00 0.00 0.00 0
787 0.00 0.00 0.00 0
788 0.00 0.00 0.00 0
789 0.00 0.00 0.00 0
1284 0.00 0.00 0.00 0
1285 0.00 0.00 0.00 0
1286 0.00 0.00 0.00 0
1287 0.00 0.00 0.00 0
1288 0.00 0.00 0.00 0
1289 0.00 0.00 0.00 0
1705 0.00 0.00 0.00 0
1706 0.00 0.00 0.00 0
1707 0.00 0.00 0.00 0
1708 0.00 0.00 0.00 0
1709 0.00 0.00 0.00 0
1936 0.00 0.00 0.00 0
1937 0.00 0.00 0.00 0
2106 0.00 0.00 0.00 0
2107 0.00 0.00 0.00 0
2116 0.00 0.00 0.00 0
2376 0.00 0.00 0.00 0
2377 0.00 0.00 0.00 0
2379 0.00 0.00 0.00 0
2382 0.00 0.00 0.00 0
2707 0.00 0.00 0.00 0
2708 0.00 0.00 0.00 0
2709 0.00 0.00 0.00 0
3204 0.00 0.00 0.00 0
3205 0.00 0.00 0.00 0
3206 0.00 0.00 0.00 0
3207 0.00 0.00 0.00 0
3208 0.00 0.00 0.00 0
3209 0.00 0.00 0.00 0
3802 0.00 0.00 0.00 0
3803 0.00 0.00 0.00 0
3804 0.00 0.00 0.00 0
3805 0.00 0.00 0.00 0
3806 0.00 0.00 0.00 0
3807 0.00 0.00 0.00 0
3808 0.00 0.00 0.00 0
3809 0.00 0.00 0.00 0
4635 0.00 0.00 0.00 0
4657 0.00 0.00 0.00 0
4658 0.00 0.00 0.00 0
4659 0.00 0.00 0.00 0
4660 0.00 0.00 0.00 0
5295 0.00 0.00 0.00 0
5296 0.00 0.00 0.00 0
5297 0.00 0.00 0.00 0
5298 0.00 0.00 0.00 0
5299 0.00 0.00 0.00 0
5300 0.00 0.00 0.00 0
5302 0.00 0.00 0.00 0
5303 0.00 0.00 0.00 0
5304 0.00 0.00 0.00 0
5305 0.00 0.00 0.00 0
5306 0.00 0.00 0.00 0
5311 0.00 0.00 0.00 0
6025 0.00 0.00 0.00 0
6026 0.00 0.00 0.00 0
6027 0.00 0.00 0.00 0
6028 0.00 0.00 0.00 0
6029 0.00 0.00 0.00 0
6921 0.00 0.00 0.00 0
6922 0.00 0.00 0.00 0
6923 0.00 0.00 0.00 0
6924 0.00 0.00 0.00 0
6925 0.00 0.00 0.00 0
6926 0.00 0.00 0.00 0
6927 0.00 0.00 0.00 0
6928 0.00 0.00 0.00 0
7819 0.00 0.00 0.00 0
7820 0.00 0.00 0.00 0
7821 0.00 0.00 0.00 0
7822 0.00 0.00 0.00 0
7823 0.00 0.00 0.00 0
7824 0.00 0.00 0.00 0
7825 0.00 0.00 0.00 0
7826 0.00 0.00 0.00 0
7827 0.00 0.00 0.00 0
7828 0.00 0.00 0.00 0
7829 0.00 0.00 0.00 0
8410 0.00 0.00 0.00 0
8411 0.00 0.00 0.00 0
8412 0.00 0.00 0.00 0
8878 0.00 0.00 0.00 0
8879 0.00 0.00 0.00 0
8880 0.00 0.00 0.00 0
8881 0.00 0.00 0.00 0
8884 0.00 0.00 0.00 0
8885 0.00 0.00 0.00 0
8886 0.00 0.00 0.00 0
8887 0.00 0.00 0.00 0
8912 0.00 0.00 0.00 0
8913 0.00 0.00 0.00 0
8914 0.00 0.00 0.00 0
8915 0.00 0.00 0.00 0
8916 0.00 0.00 0.00 0
9684 0.00 0.00 0.00 0
9685 0.00 0.00 0.00 0
9686 0.00 0.00 0.00 0
9687 0.00 0.00 0.00 0
9688 0.00 0.00 0.00 0
9696 0.00 0.00 0.00 0
9697 0.00 0.00 0.00 0
9702 0.00 0.00 0.00 0
9703 0.00 0.00 0.00 0
9704 0.00 0.00 0.00 0
9706 0.00 0.00 0.00 0
9707 0.00 0.00 0.00 0
9708 0.00 0.00 0.00 0
9709 0.00 0.00 0.00 0
9710 0.00 0.00 0.00 0
10387 0.00 0.00 0.00 0
10388 0.00 0.00 0.00 0
10389 0.00 0.00 0.00 0
10882 0.00 0.00 0.00 0
10883 0.00 0.00 0.00 0
10884 0.00 0.00 0.00 0
10885 0.00 0.00 0.00 0
10886 0.00 0.00 0.00 0
10887 0.00 0.00 0.00 0
10888 0.00 0.00 0.00 0
10889 0.00 0.00 0.00 0
11482 0.00 0.00 0.00 0
11483 0.00 0.00 0.00 0
11484 0.00 0.00 0.00 0
11485 0.00 0.00 0.00 0
11486 0.00 0.00 0.00 0
11487 0.00 0.00 0.00 0
11488 0.00 0.00 0.00 0
11489 0.00 0.00 0.00 0
12337 0.00 0.00 0.00 0
12338 0.00 0.00 0.00 0
12339 0.00 0.00 0.00 0
12340 0.00 0.00 0.00 0
12975 0.00 0.00 0.00 0
12976 0.00 0.00 0.00 0
12977 0.00 0.00 0.00 0
12978 0.00 0.00 0.00 0
12979 0.00 0.00 0.00 0
12980 0.00 0.00 0.00 0
12981 0.00 0.00 0.00 0
12982 0.00 0.00 0.00 0
12983 0.00 0.00 0.00 0
12984 0.00 0.00 0.00 0
13882 0.00 0.00 0.00 0
13883 0.00 0.00 0.00 0
13884 0.00 0.00 0.00 0
13885 0.00 0.00 0.00 0
13886 0.00 0.00 0.00 0
13887 0.00 0.00 0.00 0
13888 0.00 0.00 0.00 0
13889 0.00 0.00 0.00 0
15370 0.00 0.00 0.00 0
15374 0.00 0.00 0.00 0
15375 0.00 0.00 0.00 0
15376 0.00 0.00 0.00 0
15377 0.00 0.00 0.00 0
15378 0.00 0.00 0.00 0
15379 0.00 0.00 0.00 0
15380 0.00 0.00 0.00 0
15381 0.00 0.00 0.00 0
15382 0.00 0.00 0.00 0
15383 0.00 0.00 0.00 0
15384 0.00 0.00 0.00 0
15385 0.00 0.00 0.00 0
15386 0.00 0.00 0.00 0
15387 0.00 0.00 0.00 0
15388 0.00 0.00 0.00 0
17167 0.00 0.00 0.00 0
17168 0.00 0.00 0.00 0
17169 0.00 0.00 0.00 0
17170 0.00 0.00 0.00 0
17171 0.00 0.00 0.00 0
17172 0.00 0.00 0.00 0
17173 0.00 0.00 0.00 0
17174 0.00 0.00 0.00 0
17175 0.00 0.00 0.00 0
17176 0.00 0.00 0.00 0
17177 0.00 0.00 0.00 0
17178 0.00 0.00 0.00 0
17179 0.00 0.00 0.00 0
17180 0.00 0.00 0.00 0
17181 0.00 0.00 0.00 0
17182 0.00 0.00 0.00 0
17183 0.00 0.00 0.00 0
17184 0.00 0.00 0.00 0
17185 0.00 0.00 0.00 0
17186 0.00 0.00 0.00 0
17187 0.00 0.00 0.00 0
17188 0.00 0.00 0.00 0
17189 0.00 0.00 0.00 0
18517 0.00 0.00 0.00 0
18518 0.00 0.00 0.00 0
18519 0.00 0.00 0.00 0
19643 0.00 0.00 0.00 0
19644 0.00 0.00 0.00 0
19645 0.00 0.00 0.00 0
19650 0.00 0.00 0.00 0
19651 0.00 0.00 0.00 0
19657 0.00 0.00 0.00 0
19658 0.00 0.00 0.00 0
19659 0.00 0.00 0.00 0
19660 0.00 0.00 0.00 0
19661 0.00 0.00 0.00 0
19662 0.00 0.00 0.00 0
19663 0.00 0.00 0.00 0
19664 0.00 0.00 0.00 0
19665 0.00 0.00 0.00 0
19666 0.00 0.00 0.00 0
19729 0.00 0.00 0.00 0
19730 0.00 0.00 0.00 0
19731 0.00 0.00 0.00 0
19732 0.00 0.00 0.00 0
19733 0.00 0.00 0.00 0
19734 0.00 0.00 0.00 0
19735 0.00 0.00 0.00 0
19736 0.00 0.00 0.00 0
19737 0.00 0.00 0.00 0
19738 0.00 0.00 0.00 0
21645 0.00 0.00 0.00 0
21646 0.00 0.00 0.00 0
21647 0.00 0.00 0.00 0
21648 0.00 0.00 0.00 0
21649 0.00 0.00 0.00 0
21650 0.00 0.00 0.00 0
21651 0.00 0.00 0.00 0
21652 0.00 0.00 0.00 0
21653 0.00 0.00 0.00 0
21654 0.00 0.00 0.00 0
21655 0.00 0.00 0.00 0
21656 0.00 0.00 0.00 0
21657 0.00 0.00 0.00 0
21658 0.00 0.00 0.00 0
21659 0.00 0.00 0.00 0
21670 0.00 0.00 0.00 0
21675 0.00 0.00 0.00 0
21676 0.00 0.00 0.00 0
21677 0.00 0.00 0.00 0
21678 0.00 0.00 0.00 0
21679 0.00 0.00 0.00 0
21680 0.00 0.00 0.00 0
21690 0.00 0.00 0.00 0
21691 0.00 0.00 0.00 0
21692 0.00 0.00 0.00 0
21693 0.00 0.00 0.00 0
21694 0.00 0.00 0.00 0
21695 0.00 0.00 0.00 0
21696 0.00 0.00 0.00 0
21697 0.00 0.00 0.00 0
21704 0.00 0.00 0.00 0
21705 0.00 0.00 0.00 0
21706 0.00 0.00 0.00 0
21707 0.00 0.00 0.00 0
21709 0.00 0.00 0.00 0
21711 0.00 0.00 0.00 0
23305 0.00 0.00 0.00 0
23306 0.00 0.00 0.00 0
23307 0.00 0.00 0.00 0
23308 0.00 0.00 0.00 0
23309 0.00 0.00 0.00 0
24199 0.00 0.00 0.00 0
24200 0.00 0.00 0.00 0
24201 0.00 0.00 0.00 0
24202 0.00 0.00 0.00 0
24203 0.00 0.00 0.00 0
24204 0.00 0.00 0.00 0
24205 0.00 0.00 0.00 0
24206 0.00 0.00 0.00 0
24207 0.00 0.00 0.00 0
24208 0.00 0.00 0.00 0
24209 0.00 0.00 0.00 0
25276 0.00 0.00 0.00 0
25277 0.00 0.00 0.00 0
25278 0.00 0.00 0.00 0
25279 0.00 0.00 0.00 0
25280 0.00 0.00 0.00 0
25281 0.00 0.00 0.00 0
25282 0.00 0.00 0.00 0
25283 0.00 0.00 0.00 0
25284 0.00 0.00 0.00 0
25285 0.00 0.00 0.00 0
25286 0.00 0.00 0.00 0
25287 0.00 0.00 0.00 0
25288 0.00 0.00 0.00 0
25289 0.00 0.00 0.00 0
26086 0.00 0.00 0.00 0
26087 0.00 0.00 0.00 0
26772 0.00 0.00 0.00 0
26773 0.00 0.00 0.00 0
26774 0.00 0.00 0.00 0
26775 0.00 0.00 0.00 0
26776 0.00 0.00 0.00 0
26813 0.00 0.00 0.00 0
26814 0.00 0.00 0.00 0
26815 0.00 0.00 0.00 0
26816 0.00 0.00 0.00 0
26817 0.00 0.00 0.00 0
26818 0.00 0.00 0.00 0
26819 0.00 0.00 0.00 0
26820 0.00 0.00 0.00 0
27963 0.00 0.00 0.00 0
27964 0.00 0.00 0.00 0
27965 0.00 0.00 0.00 0
27966 0.00 0.00 0.00 0
27967 0.00 0.00 0.00 0
27968 0.00 0.00 0.00 0
27969 0.00 0.00 0.00 0
27970 0.00 0.00 0.00 0
27971 0.00 0.00 0.00 0
27972 0.00 0.00 0.00 0
27973 0.00 0.00 0.00 0
27974 0.00 0.00 0.00 0
27975 0.00 0.00 0.00 0
27976 0.00 0.00 0.00 0
27977 0.00 0.00 0.00 0
27978 0.00 0.00 0.00 0
27979 0.00 0.00 0.00 0
27980 0.00 0.00 0.00 0
27981 0.00 0.00 0.00 0
27982 0.00 0.00 0.00 0
27983 0.00 0.00 0.00 0
27990 0.00 0.00 0.00 0
27991 0.00 0.00 0.00 0
27992 0.00 0.00 0.00 0
27993 0.00 0.00 0.00 0
29419 0.00 0.00 0.00 0
29420 0.00 0.00 0.00 0
29421 0.00 0.00 0.00 0
29422 0.00 0.00 0.00 0
29423 0.00 0.00 0.00 0
29424 0.00 0.00 0.00 0
29425 0.00 0.00 0.00 0
29426 0.00 0.00 0.00 0
29427 0.00 0.00 0.00 0
29428 0.00 0.00 0.00 0
29429 0.00 0.00 0.00 0
31509 0.00 0.00 0.00 0
31510 0.00 0.00 0.00 0
31511 0.00 0.00 0.00 0
31512 0.00 0.00 0.00 0
31513 0.00 0.00 0.00 0
31514 0.00 0.00 0.00 0
31515 0.00 0.00 0.00 0
31516 0.00 0.00 0.00 0
31517 0.00 0.00 0.00 0
31518 0.00 0.00 0.00 0
31519 0.00 0.00 0.00 0
31520 0.00 0.00 0.00 0
31521 0.00 0.00 0.00 0
31522 0.00 0.00 0.00 0
31523 0.00 0.00 0.00 0
31524 0.00 0.00 0.00 0
31525 0.00 0.00 0.00 0
31526 0.00 0.00 0.00 0
31527 0.00 0.00 0.00 0
33841 0.00 0.00 0.00 0
33842 0.00 0.00 0.00 0
33843 0.00 0.00 0.00 0
33844 0.00 0.00 0.00 0
33845 0.00 0.00 0.00 0
33846 0.00 0.00 0.00 0
33847 0.00 0.00 0.00 0
33848 0.00 0.00 0.00 0
33849 0.00 0.00 0.00 0
33850 0.00 0.00 0.00 0
33851 0.00 0.00 0.00 0
33852 0.00 0.00 0.00 0
33853 0.00 0.00 0.00 0
33854 0.00 0.00 0.00 0
33855 0.00 0.00 0.00 0
33856 0.00 0.00 0.00 0
33857 0.00 0.00 0.00 0
33858 0.00 0.00 0.00 0
33859 0.00 0.00 0.00 0
33860 0.00 0.00 0.00 0
33861 0.00 0.00 0.00 0
33862 0.00 0.00 0.00 0
33863 0.00 0.00 0.00 0
33864 0.00 0.00 0.00 0
33865 0.00 0.00 0.00 0
33866 0.00 0.00 0.00 0
33867 0.00 0.00 0.00 0
33868 0.00 0.00 0.00 0
33869 0.00 0.00 0.00 0
35512 0.00 0.00 0.00 0
35513 0.00 0.00 0.00 0
35514 0.00 0.00 0.00 0
35515 0.00 0.00 0.00 0
35516 0.00 0.00 0.00 0
35517 0.00 0.00 0.00 0
35518 0.00 0.00 0.00 0
35519 0.00 0.00 0.00 0
36853 0.00 0.00 0.00 0
36878 0.00 0.00 0.00 0
36879 0.00 0.00 0.00 0
36880 0.00 0.00 0.00 0
36881 0.00 0.00 0.00 0
36882 0.00 0.00 0.00 0
36883 0.00 0.00 0.00 0
36885 0.00 0.00 0.00 0
36886 0.00 0.00 0.00 0
36887 0.00 0.00 0.00 0
36888 0.00 0.00 0.00 0
36889 0.00 0.00 0.00 0
36896 0.00 0.00 0.00 0
36897 0.00 0.00 0.00 0
36898 0.00 0.00 0.00 0
36899 0.00 0.00 0.00 0
36900 0.00 0.00 0.00 0
36901 0.00 0.00 0.00 0
36902 0.00 0.00 0.00 0
36903 0.00 0.00 0.00 0
36904 0.00 0.00 0.00 0
36905 0.00 0.00 0.00 0
36906 0.00 0.00 0.00 0
36907 0.00 0.00 0.00 0
36981 0.00 0.00 0.00 0
36982 0.00 0.00 0.00 0
36983 0.00 0.00 0.00 0
36984 0.00 0.00 0.00 0
36985 0.00 0.00 0.00 0
36986 0.00 0.00 0.00 0
36987 0.00 0.00 0.00 0
36988 0.00 0.00 0.00 0
36989 0.00 0.00 0.00 0
36990 0.00 0.00 0.00 0
36991 0.00 0.00 0.00 0
36992 0.00 0.00 0.00 0
36993 0.00 0.00 0.00 0
36994 0.00 0.00 0.00 0
36995 0.00 0.00 0.00 0
39288 0.00 0.00 0.00 0
39289 0.00 0.00 0.00 0
39290 0.00 0.00 0.00 0
39291 0.00 0.00 0.00 0
39292 0.00 0.00 0.00 0
39293 0.00 0.00 0.00 0
39294 0.00 0.00 0.00 0
39297 0.00 0.00 0.00 0
39298 0.00 0.00 0.00 0
39299 0.00 0.00 0.00 0
39300 0.00 0.00 0.00 0
39301 0.00 0.00 0.00 0
39302 0.00 0.00 0.00 0
39303 0.00 0.00 0.00 0
39304 0.00 0.00 0.00 0
39324 0.00 0.00 0.00 0
39325 0.00 0.00 0.00 0
39326 0.00 0.00 0.00 0
39327 0.00 0.00 0.00 0
39328 0.00 0.00 0.00 0
39329 0.00 0.00 0.00 0
39330 0.00 0.00 0.00 0
39342 0.00 0.00 0.00 0
39343 0.00 0.00 0.00 0
39344 0.00 0.00 0.00 0
39345 0.00 0.00 0.00 0
39346 0.00 0.00 0.00 0
39347 0.00 0.00 0.00 0
39348 0.00 0.00 0.00 0
39349 0.00 0.00 0.00 0
39350 0.00 0.00 0.00 0
39356 0.00 0.00 0.00 0
39357 0.00 0.00 0.00 0
39358 0.00 0.00 0.00 0
39359 0.00 0.00 0.00 0
39360 0.00 0.00 0.00 0
39361 0.00 0.00 0.00 0
39362 0.00 0.00 0.00 0
39363 0.00 0.00 0.00 0
39364 0.00 0.00 0.00 0
39365 0.00 0.00 0.00 0
39366 0.00 0.00 0.00 0
39367 0.00 0.00 0.00 0
39368 0.00 0.00 0.00 0
39395 0.00 0.00 0.00 0
39396 0.00 0.00 0.00 0
41107 0.00 0.00 0.00 0
41108 0.00 0.00 0.00 0
41109 0.00 0.00 0.00 0
41602 0.00 0.00 0.00 0
41603 0.00 0.00 0.00 0
41604 0.00 0.00 0.00 0
41605 0.00 0.00 0.00 0
41606 0.00 0.00 0.00 0
41607 0.00 0.00 0.00 0
41608 0.00 0.00 0.00 0
41609 0.00 0.00 0.00 0
42202 0.00 0.00 0.00 0
42203 0.00 0.00 0.00 0
42204 0.00 0.00 0.00 0
42205 0.00 0.00 0.00 0
42206 0.00 0.00 0.00 0
42207 0.00 0.00 0.00 0
42208 0.00 0.00 0.00 0
42209 0.00 0.00 0.00 0
43056 0.00 0.00 0.00 0
43057 0.00 0.00 0.00 0
43058 0.00 0.00 0.00 0
43059 0.00 0.00 0.00 0
43060 0.00 0.00 0.00 0
43695 0.00 0.00 0.00 0
43696 0.00 0.00 0.00 0
43697 0.00 0.00 0.00 0
43698 0.00 0.00 0.00 0
43699 0.00 0.00 0.00 0
43700 0.00 0.00 0.00 0
43701 0.00 0.00 0.00 0
43702 0.00 0.00 0.00 0
43703 0.00 0.00 0.00 0
43704 0.00 0.00 0.00 0
44602 0.00 0.00 0.00 0
44603 0.00 0.00 0.00 0
44604 0.00 0.00 0.00 0
44605 0.00 0.00 0.00 0
44606 0.00 0.00 0.00 0
44607 0.00 0.00 0.00 0
44608 0.00 0.00 0.00 0
44609 0.00 0.00 0.00 0
46090 0.00 0.00 0.00 0
46091 0.00 0.00 0.00 0
46092 0.00 0.00 0.00 0
46094 0.00 0.00 0.00 0
46095 0.00 0.00 0.00 0
46096 0.00 0.00 0.00 0
46097 0.00 0.00 0.00 0
46098 0.00 0.00 0.00 0
46099 0.00 0.00 0.00 0
46100 0.00 0.00 0.00 0
46101 0.00 0.00 0.00 0
46102 0.00 0.00 0.00 0
46103 0.00 0.00 0.00 0
46104 0.00 0.00 0.00 0
46105 0.00 0.00 0.00 0
46106 0.00 0.00 0.00 0
46107 0.00 0.00 0.00 0
46108 0.00 0.00 0.00 0
47887 0.00 0.00 0.00 0
47888 0.00 0.00 0.00 0
47889 0.00 0.00 0.00 0
47890 0.00 0.00 0.00 0
47891 0.00 0.00 0.00 0
47892 0.00 0.00 0.00 0
47893 0.00 0.00 0.00 0
47894 0.00 0.00 0.00 0
47895 0.00 0.00 0.00 0
47896 0.00 0.00 0.00 0
47897 0.00 0.00 0.00 0
47898 0.00 0.00 0.00 0
47899 0.00 0.00 0.00 0
47900 0.00 0.00 0.00 0
47901 0.00 0.00 0.00 0
47902 0.00 0.00 0.00 0
47903 0.00 0.00 0.00 0
47904 0.00 0.00 0.00 0
47905 0.00 0.00 0.00 0
47906 0.00 0.00 0.00 0
47907 0.00 0.00 0.00 0
47908 0.00 0.00 0.00 0
47909 0.00 0.00 0.00 0
49237 0.00 0.00 0.00 0
49238 0.00 0.00 0.00 0
49239 0.00 0.00 0.00 0
50370 0.00 0.00 0.00 0
50375 0.00 0.00 0.00 0
50376 0.00 0.00 0.00 0
50377 0.00 0.00 0.00 0
50378 0.00 0.00 0.00 0
50379 0.00 0.00 0.00 0
50380 0.00 0.00 0.00 0
50381 0.00 0.00 0.00 0
50382 0.00 0.00 0.00 0
50383 0.00 0.00 0.00 0
50384 0.00 0.00 0.00 0
50385 0.00 0.00 0.00 0
50386 0.00 0.00 0.00 0
50450 0.00 0.00 0.00 0
50451 0.00 0.00 0.00 0
50452 0.00 0.00 0.00 0
50453 0.00 0.00 0.00 0
50454 0.00 0.00 0.00 0
50455 0.00 0.00 0.00 0
50456 0.00 0.00 0.00 0
52365 0.00 0.00 0.00 0
52366 0.00 0.00 0.00 0
52367 0.00 0.00 0.00 0
52368 0.00 0.00 0.00 0
52369 0.00 0.00 0.00 0
52370 0.00 0.00 0.00 0
52371 0.00 0.00 0.00 0
52372 0.00 0.00 0.00 0
52373 0.00 0.00 0.00 0
52374 0.00 0.00 0.00 0
52375 0.00 0.00 0.00 0
52376 0.00 0.00 0.00 0
52377 0.00 0.00 0.00 0
52378 0.00 0.00 0.00 0
52379 0.00 0.00 0.00 0
52380 0.00 0.00 0.00 0
52382 0.00 0.00 0.00 0
52390 0.00 0.00 0.00 0
52392 0.00 0.00 0.00 0
52394 0.00 0.00 0.00 0
52395 0.00 0.00 0.00 0
52396 0.00 0.00 0.00 0
52397 0.00 0.00 0.00 0
52399 0.00 0.00 0.00 0
52410 0.00 0.00 0.00 0
52411 0.00 0.00 0.00 0
52412 0.00 0.00 0.00 0
52413 0.00 0.00 0.00 0
52414 0.00 0.00 0.00 0
52415 0.00 0.00 0.00 0
52416 0.00 0.00 0.00 0
52417 0.00 0.00 0.00 0
52424 0.00 0.00 0.00 0
52425 0.00 0.00 0.00 0
52426 0.00 0.00 0.00 0
52427 0.00 0.00 0.00 0
54202 0.00 0.00 0.00 0
54203 0.00 0.00 0.00 0
54204 0.00 0.00 0.00 0
54205 0.00 0.00 0.00 0
54206 0.00 0.00 0.00 0
54207 0.00 0.00 0.00 0
54208 0.00 0.00 0.00 0
54209 0.00 0.00 0.00 0
55690 0.00 0.00 0.00 0
55691 0.00 0.00 0.00 0
55692 0.00 0.00 0.00 0
55693 0.00 0.00 0.00 0
55694 0.00 0.00 0.00 0
55695 0.00 0.00 0.00 0
55696 0.00 0.00 0.00 0
55697 0.00 0.00 0.00 0
55698 0.00 0.00 0.00 0
55699 0.00 0.00 0.00 0
55700 0.00 0.00 0.00 0
55701 0.00 0.00 0.00 0
55702 0.00 0.00 0.00 0
55703 0.00 0.00 0.00 0
55704 0.00 0.00 0.00 0
55705 0.00 0.00 0.00 0
55706 0.00 0.00 0.00 0
55707 0.00 0.00 0.00 0
55708 0.00 0.00 0.00 0
55709 0.00 0.00 0.00 0
57487 0.00 0.00 0.00 0
57488 0.00 0.00 0.00 0
57489 0.00 0.00 0.00 0
57490 0.00 0.00 0.00 0
57491 0.00 0.00 0.00 0
57492 0.00 0.00 0.00 0
57493 0.00 0.00 0.00 0
57494 0.00 0.00 0.00 0
57495 0.00 0.00 0.00 0
57496 0.00 0.00 0.00 0
57497 0.00 0.00 0.00 0
57498 0.00 0.00 0.00 0
57499 0.00 0.00 0.00 0
57500 0.00 0.00 0.00 0
57501 0.00 0.00 0.00 0
57502 0.00 0.00 0.00 0
57503 0.00 0.00 0.00 0
57504 0.00 0.00 0.00 0
57505 0.00 0.00 0.00 0
57506 0.00 0.00 0.00 0
57507 0.00 0.00 0.00 0
57508 0.00 0.00 0.00 0
57509 0.00 0.00 0.00 0
58837 0.00 0.00 0.00 0
58838 0.00 0.00 0.00 0
59979 0.00 0.00 0.00 0
59980 0.00 0.00 0.00 0
59981 0.00 0.00 0.00 0
59983 0.00 0.00 0.00 0
59984 0.00 0.00 0.00 0
59985 0.00 0.00 0.00 0
59986 0.00 0.00 0.00 0
60043 0.00 0.00 0.00 0
60047 0.00 0.00 0.00 0
60048 0.00 0.00 0.00 0
60049 0.00 0.00 0.00 0
60050 0.00 0.00 0.00 0
60051 0.00 0.00 0.00 0
60052 0.00 0.00 0.00 0
60053 0.00 0.00 0.00 0
60054 0.00 0.00 0.00 0
60055 0.00 0.00 0.00 0
60056 0.00 0.00 0.00 0
60057 0.00 0.00 0.00 0
60058 0.00 0.00 0.00 0
60059 0.00 0.00 0.00 0
61965 0.00 0.00 0.00 0
61966 0.00 0.00 0.00 0
61967 0.00 0.00 0.00 0
61968 0.00 0.00 0.00 0
61969 0.00 0.00 0.00 0
61970 0.00 0.00 0.00 0
61971 0.00 0.00 0.00 0
61972 0.00 0.00 0.00 0
61973 0.00 0.00 0.00 0
61974 0.00 0.00 0.00 0
61975 0.00 0.00 0.00 0
61976 0.00 0.00 0.00 0
61977 0.00 0.00 0.00 0
61978 0.00 0.00 0.00 0
61979 0.00 0.00 0.00 0
61980 0.00 0.00 0.00 0
61981 0.00 0.00 0.00 0
61982 0.00 0.00 0.00 0
61983 0.00 0.00 0.00 0
61984 0.00 0.00 0.00 0
61985 0.00 0.00 0.00 0
61986 0.00 0.00 0.00 0
61987 0.00 0.00 0.00 0
61988 0.00 0.00 0.00 0
61989 0.00 0.00 0.00 0
61990 0.00 0.00 0.00 0
61991 0.00 0.00 0.00 0
61992 0.00 0.00 0.00 0
61993 0.00 0.00 0.00 0
61994 0.00 0.00 0.00 0
61995 0.00 0.00 0.00 0
61996 0.00 0.00 0.00 0
61997 0.00 0.00 0.00 0
62010 0.00 0.00 0.00 0
62011 0.00 0.00 0.00 0
62012 0.00 0.00 0.00 0
62016 0.00 0.00 0.00 0
64687 0.00 0.00 0.00 0
64688 0.00 0.00 0.00 0
64689 0.00 0.00 0.00 0
64690 0.00 0.00 0.00 0
64691 0.00 0.00 0.00 0
64692 0.00 0.00 0.00 0
64693 0.00 0.00 0.00 0
64694 0.00 0.00 0.00 0
64695 0.00 0.00 0.00 0
64696 0.00 0.00 0.00 0
64697 0.00 0.00 0.00 0
64698 0.00 0.00 0.00 0
64699 0.00 0.00 0.00 0
64700 0.00 0.00 0.00 0
64701 0.00 0.00 0.00 0
64702 0.00 0.00 0.00 0
64703 0.00 0.00 0.00 0
64704 0.00 0.00 0.00 0
64705 0.00 0.00 0.00 0
64706 0.00 0.00 0.00 0
64707 0.00 0.00 0.00 0
64708 0.00 0.00 0.00 0
64709 0.00 0.00 0.00 0
69165 0.00 0.00 0.00 0
69166 0.00 0.00 0.00 0
69167 0.00 0.00 0.00 0
69168 0.00 0.00 0.00 0
69169 0.00 0.00 0.00 0
69170 0.00 0.00 0.00 0
69171 0.00 0.00 0.00 0
69172 0.00 0.00 0.00 0
69173 0.00 0.00 0.00 0
69174 0.00 0.00 0.00 0
69175 0.00 0.00 0.00 0
69176 0.00 0.00 0.00 0
69177 0.00 0.00 0.00 0
69178 0.00 0.00 0.00 0
69179 0.00 0.00 0.00 0
69180 0.00 0.00 0.00 0
69181 0.00 0.00 0.00 0
69182 0.00 0.00 0.00 0
69183 0.00 0.00 0.00 0
69184 0.00 0.00 0.00 0
69185 0.00 0.00 0.00 0
69186 0.00 0.00 0.00 0
69187 0.00 0.00 0.00 0
69188 0.00 0.00 0.00 0
69189 0.00 0.00 0.00 0
69190 0.00 0.00 0.00 0
69191 0.00 0.00 0.00 0
69192 0.00 0.00 0.00 0
69193 0.00 0.00 0.00 0
69194 0.00 0.00 0.00 0
69195 0.00 0.00 0.00 0
69196 0.00 0.00 0.00 0
69197 0.00 0.00 0.00 0
69198 0.00 0.00 0.00 0
69199 0.00 0.00 0.00 0
69200 0.00 0.00 0.00 0
69201 0.00 0.00 0.00 0
69202 0.00 0.00 0.00 0
69203 0.00 0.00 0.00 0
69204 0.00 0.00 0.00 0
74542 0.00 0.00 0.00 0
74543 0.00 0.00 0.00 0
74544 0.00 0.00 0.00 0
74545 0.00 0.00 0.00 0
74546 0.00 0.00 0.00 0
74547 0.00 0.00 0.00 0
74548 0.00 0.00 0.00 0
74549 0.00 0.00 0.00 0
74550 0.00 0.00 0.00 0
74551 0.00 0.00 0.00 0
74552 0.00 0.00 0.00 0
74553 0.00 0.00 0.00 0
74554 0.00 0.00 0.00 0
74555 0.00 0.00 0.00 0
74556 0.00 0.00 0.00 0
74557 0.00 0.00 0.00 0
74558 0.00 0.00 0.00 0
74559 0.00 0.00 0.00 0
74560 0.00 0.00 0.00 0
74561 0.00 0.00 0.00 0
74562 0.00 0.00 0.00 0
74563 0.00 0.00 0.00 0
74564 0.00 0.00 0.00 0
74565 0.00 0.00 0.00 0
74566 0.00 0.00 0.00 0
74567 0.00 0.00 0.00 0
74568 0.00 0.00 0.00 0
74569 0.00 0.00 0.00 0
74570 0.00 0.00 0.00 0
74571 0.00 0.00 0.00 0
74572 0.00 0.00 0.00 0
74573 0.00 0.00 0.00 0
74574 0.00 0.00 0.00 0
74575 0.00 0.00 0.00 0
74576 0.00 0.00 0.00 0
74577 0.00 0.00 0.00 0
74578 0.00 0.00 0.00 0
74579 0.00 0.00 0.00 0
74580 0.00 0.00 0.00 0
74581 0.00 0.00 0.00 0
74582 0.00 0.00 0.00 0
74583 0.00 0.00 0.00 0
74584 0.00 0.00 0.00 0
74585 0.00 0.00 0.00 0
74586 0.00 0.00 0.00 0
74587 0.00 0.00 0.00 0
74588 0.00 0.00 0.00 0
74589 0.00 0.00 0.00 0
74590 0.00 0.00 0.00 0
74591 0.00 0.00 0.00 0
74592 0.00 0.00 0.00 0
74593 0.00 0.00 0.00 0
74594 0.00 0.00 0.00 0
74595 0.00 0.00 0.00 0
74596 0.00 0.00 0.00 0
74597 0.00 0.00 0.00 0
74598 0.00 0.00 0.00 0
74599 0.00 0.00 0.00 0
74600 0.00 0.00 0.00 0
74601 0.00 0.00 0.00 0
74602 0.00 0.00 0.00 0
74603 0.00 0.00 0.00 0
74604 0.00 0.00 0.00 0
74605 0.00 0.00 0.00 0
74606 0.00 0.00 0.00 0
74607 0.00 0.00 0.00 0
74608 0.00 0.00 0.00 0
74609 0.00 0.00 0.00 0
78592 0.00 0.00 0.00 0
78593 0.00 0.00 0.00 0
78594 0.00 0.00 0.00 0
78595 0.00 0.00 0.00 0
78596 0.00 0.00 0.00 0
78597 0.00 0.00 0.00 0
78598 0.00 0.00 0.00 0
78599 0.00 0.00 0.00 0
78600 0.00 0.00 0.00 0
78601 0.00 0.00 0.00 0
78602 0.00 0.00 0.00 0
78604 0.00 0.00 0.00 0
78605 0.00 0.00 0.00 0
78606 0.00 0.00 0.00 0
78607 0.00 0.00 0.00 0
78608 0.00 0.00 0.00 0
81900 0.00 0.00 0.00 0
81901 0.00 0.00 0.00 0
81963 0.00 0.00 0.00 0
81964 0.00 0.00 0.00 0
81965 0.00 0.00 0.00 0
81966 0.00 0.00 0.00 0
81967 0.00 0.00 0.00 0
81968 0.00 0.00 0.00 0
81969 0.00 0.00 0.00 0
81970 0.00 0.00 0.00 0
81971 0.00 0.00 0.00 0
81972 0.00 0.00 0.00 0
81973 0.00 0.00 0.00 0
81974 0.00 0.00 0.00 0
81975 0.00 0.00 0.00 0
81976 0.00 0.00 0.00 0
81980 0.00 0.00 0.00 0
81981 0.00 0.00 0.00 0
81982 0.00 0.00 0.00 0
81983 0.00 0.00 0.00 0
81984 0.00 0.00 0.00 0
81985 0.00 0.00 0.00 0
81986 0.00 0.00 0.00 0
81987 0.00 0.00 0.00 0
81988 0.00 0.00 0.00 0
81989 0.00 0.00 0.00 0
81990 0.00 0.00 0.00 0
81991 0.00 0.00 0.00 0
82008 0.00 0.00 0.00 0
82009 0.00 0.00 0.00 0
82010 0.00 0.00 0.00 0
82011 0.00 0.00 0.00 0
82012 0.00 0.00 0.00 0
82013 0.00 0.00 0.00 0
82014 0.00 0.00 0.00 0
82015 0.00 0.00 0.00 0
82016 0.00 0.00 0.00 0
82017 0.00 0.00 0.00 0
82018 0.00 0.00 0.00 0
82019 0.00 0.00 0.00 0
82020 0.00 0.00 0.00 0
82021 0.00 0.00 0.00 0
82022 0.00 0.00 0.00 0
82023 0.00 0.00 0.00 0
82024 0.00 0.00 0.00 0
82025 0.00 0.00 0.00 0
82026 0.00 0.00 0.00 0
82027 0.00 0.00 0.00 0
82028 0.00 0.00 0.00 0
82029 0.00 0.00 0.00 0
82030 0.00 0.00 0.00 0
82031 0.00 0.00 0.00 0
82032 0.00 0.00 0.00 0
82033 0.00 0.00 0.00 0
82034 0.00 0.00 0.00 0
82035 0.00 0.00 0.00 0
82036 0.00 0.00 0.00 0
82220 0.00 0.00 0.00 0
82221 0.00 0.00 0.00 0
82222 0.00 0.00 0.00 0
82223 0.00 0.00 0.00 0
82224 0.00 0.00 0.00 0
82225 0.00 0.00 0.00 0
82226 0.00 0.00 0.00 0
82227 0.00 0.00 0.00 0
82228 0.00 0.00 0.00 0
82229 0.00 0.00 0.00 0
82230 0.00 0.00 0.00 0
82231 0.00 0.00 0.00 0
82232 0.00 0.00 0.00 0
82233 0.00 0.00 0.00 0
82234 0.00 0.00 0.00 0
82235 0.00 0.00 0.00 0
82236 0.00 0.00 0.00 0
82237 0.00 0.00 0.00 0
82238 0.00 0.00 0.00 0
82239 0.00 0.00 0.00 0
82240 0.00 0.00 0.00 0
82241 0.00 0.00 0.00 0
82242 0.00 0.00 0.00 0
82243 0.00 0.00 0.00 0
82244 0.00 0.00 0.00 0
82245 0.00 0.00 0.00 0
82246 0.00 0.00 0.00 0
82247 0.00 0.00 0.00 0
82248 0.00 0.00 0.00 0
82249 0.00 0.00 0.00 0
82250 0.00 0.00 0.00 0
82251 0.00 0.00 0.00 0
82252 0.00 0.00 0.00 0
82253 0.00 0.00 0.00 0
82254 0.00 0.00 0.00 0
82255 0.00 0.00 0.00 0
82256 0.00 0.00 0.00 0
87975 0.00 0.00 0.00 0
87976 0.00 0.00 0.00 0
87977 0.00 0.00 0.00 0
87978 0.00 0.00 0.00 0
87979 0.00 0.00 0.00 0
87980 0.00 0.00 0.00 0
87981 0.00 0.00 0.00 0
87982 0.00 0.00 0.00 0
87983 0.00 0.00 0.00 0
87984 0.00 0.00 0.00 0
87985 0.00 0.00 0.00 0
87986 0.00 0.00 0.00 0
87987 0.00 0.00 0.00 0
87988 0.00 0.00 0.00 0
87989 0.00 0.00 0.00 0
87990 0.00 0.00 0.00 0
87991 0.00 0.00 0.00 0
87992 0.00 0.00 0.00 0
87993 0.00 0.00 0.00 0
87994 0.00 0.00 0.00 0
87998 0.00 0.00 0.00 0
87999 0.00 0.00 0.00 0
88000 0.00 0.00 0.00 0
88001 0.00 0.00 0.00 0
88002 0.00 0.00 0.00 0
88003 0.00 0.00 0.00 0
88004 0.00 0.00 0.00 0
88005 0.00 0.00 0.00 0
88006 0.00 0.00 0.00 0
88007 0.00 0.00 0.00 0
88008 0.00 0.00 0.00 0
88009 0.00 0.00 0.00 0
88010 0.00 0.00 0.00 0
88011 0.00 0.00 0.00 0
88012 0.00 0.00 0.00 0
88013 0.00 0.00 0.00 0
88014 0.00 0.00 0.00 0
88015 0.00 0.00 0.00 0
88016 0.00 0.00 0.00 0
88017 0.00 0.00 0.00 0
88018 0.00 0.00 0.00 0
88019 0.00 0.00 0.00 0
88050 0.00 0.00 0.00 0
88065 0.00 0.00 0.00 0
88066 0.00 0.00 0.00 0
88067 0.00 0.00 0.00 0
88068 0.00 0.00 0.00 0
88069 0.00 0.00 0.00 0
88070 0.00 0.00 0.00 0
88071 0.00 0.00 0.00 0
88072 0.00 0.00 0.00 0
88073 0.00 0.00 0.00 0
88074 0.00 0.00 0.00 0
88075 0.00 0.00 0.00 0
88076 0.00 0.00 0.00 0
88077 0.00 0.00 0.00 0
88078 0.00 0.00 0.00 0
88079 0.00 0.00 0.00 0
88080 0.00 0.00 0.00 0
88081 0.00 0.00 0.00 0
88082 0.00 0.00 0.00 0
88110 0.00 0.00 0.00 0
88111 0.00 0.00 0.00 0
88112 0.00 0.00 0.00 0
88113 0.00 0.00 0.00 0
88114 0.00 0.00 0.00 0
88115 0.00 0.00 0.00 0
88116 0.00 0.00 0.00 0
88117 0.00 0.00 0.00 0
88118 0.00 0.00 0.00 0
88119 0.00 0.00 0.00 0
88120 0.00 0.00 0.00 0
88121 0.00 0.00 0.00 0
88122 0.00 0.00 0.00 0
88123 0.00 0.00 0.00 0
88124 0.00 0.00 0.00 0
88125 0.00 0.00 0.00 0
88126 0.00 0.00 0.00 0
88127 0.00 0.00 0.00 0
88128 0.00 0.00 0.00 0
88129 0.00 0.00 0.00 0
88130 0.00 0.00 0.00 0
88131 0.00 0.00 0.00 0
88132 0.00 0.00 0.00 0
88148 0.00 0.00 0.00 0
88149 0.00 0.00 0.00 0
88150 0.00 0.00 0.00 0
88151 0.00 0.00 0.00 0
88152 0.00 0.00 0.00 0
88153 0.00 0.00 0.00 0
88154 0.00 0.00 0.00 0
88155 0.00 0.00 0.00 0
88156 0.00 0.00 0.00 0
88157 0.00 0.00 0.00 0
88158 0.00 0.00 0.00 0
88159 0.00 0.00 0.00 0
88160 0.00 0.00 0.00 0
88161 0.00 0.00 0.00 0
88162 0.00 0.00 0.00 0
88166 0.00 0.00 0.00 0
88167 0.00 0.00 0.00 0
88168 0.00 0.00 0.00 0
88169 0.00 0.00 0.00 0
88170 0.00 0.00 0.00 0
88171 0.00 0.00 0.00 0
88172 0.00 0.00 0.00 0
88173 0.00 0.00 0.00 0
88174 0.00 0.00 0.00 0
88175 0.00 0.00 0.00 0
88176 0.00 0.00 0.00 0
88177 0.00 0.00 0.00 0
88244 0.00 0.00 0.00 0
88246 0.00 0.00 0.00 0
92425 0.00 0.00 0.00 0
92426 0.00 0.00 0.00 0
92427 0.00 0.00 0.00 0
92428 0.00 0.00 0.00 0
92429 0.00 0.00 0.00 0
93316 0.00 0.00 0.00 0
93317 0.00 0.00 0.00 0
93318 0.00 0.00 0.00 0
93319 0.00 0.00 0.00 0
93320 0.00 0.00 0.00 0
93321 0.00 0.00 0.00 0
93322 0.00 0.00 0.00 0
93323 0.00 0.00 0.00 0
93324 0.00 0.00 0.00 0
93325 0.00 0.00 0.00 0
93326 0.00 0.00 0.00 0
93327 0.00 0.00 0.00 0
93328 0.00 0.00 0.00 0
93329 0.00 0.00 0.00 0
94396 0.00 0.00 0.00 0
94397 0.00 0.00 0.00 0
94398 0.00 0.00 0.00 0
94399 0.00 0.00 0.00 0
94400 0.00 0.00 0.00 0
94401 0.00 0.00 0.00 0
94402 0.00 0.00 0.00 0
94403 0.00 0.00 0.00 0
94404 0.00 0.00 0.00 0
94405 0.00 0.00 0.00 0
94406 0.00 0.00 0.00 0
94407 0.00 0.00 0.00 0
94408 0.00 0.00 0.00 0
94409 0.00 0.00 0.00 0
95932 0.00 0.00 0.00 0
95933 0.00 0.00 0.00 0
95934 0.00 0.00 0.00 0
95935 0.00 0.00 0.00 0
95936 0.00 0.00 0.00 0
95937 0.00 0.00 0.00 0
95938 0.00 0.00 0.00 0
95939 0.00 0.00 0.00 0
95940 0.00 0.00 0.00 0
97083 0.00 0.00 0.00 0
97084 0.00 0.00 0.00 0
97085 0.00 0.00 0.00 0
97086 0.00 0.00 0.00 0
97087 0.00 0.00 0.00 0
97088 0.00 0.00 0.00 0
97089 0.00 0.00 0.00 0
97090 0.00 0.00 0.00 0
97091 0.00 0.00 0.00 0
97092 0.00 0.00 0.00 0
97093 0.00 0.00 0.00 0
97094 0.00 0.00 0.00 0
97095 0.00 0.00 0.00 0
97096 0.00 0.00 0.00 0
97097 0.00 0.00 0.00 0
97098 0.00 0.00 0.00 0
97099 0.00 0.00 0.00 0
97100 0.00 0.00 0.00 0
98716 0.00 0.00 0.00 0
98717 0.00 0.00 0.00 0
98718 0.00 0.00 0.00 0
98719 0.00 0.00 0.00 0
98720 0.00 0.00 0.00 0
98721 0.00 0.00 0.00 0
98722 0.00 0.00 0.00 0
98723 0.00 0.00 0.00 0
98724 0.00 0.00 0.00 0
98725 0.00 0.00 0.00 0
98726 0.00 0.00 0.00 0
98727 0.00 0.00 0.00 0
98728 0.00 0.00 0.00 0
98729 0.00 0.00 0.00 0
101394 0.00 0.00 0.00 0
101403 0.00 0.00 0.00 0
101404 0.00 0.00 0.00 0
101405 0.00 0.00 0.00 0
101406 0.00 0.00 0.00 0
101407 0.00 0.00 0.00 0
101408 0.00 0.00 0.00 0
101409 0.00 0.00 0.00 0
101410 0.00 0.00 0.00 0
101411 0.00 0.00 0.00 0
101412 0.00 0.00 0.00 0
101413 0.00 0.00 0.00 0
101414 0.00 0.00 0.00 0
101415 0.00 0.00 0.00 0
101416 0.00 0.00 0.00 0
101417 0.00 0.00 0.00 0
101418 0.00 0.00 0.00 0
101419 0.00 0.00 0.00 0
101420 0.00 0.00 0.00 0
101421 0.00 0.00 0.00 0
101422 0.00 0.00 0.00 0
101423 0.00 0.00 0.00 0
101424 0.00 0.00 0.00 0
101425 0.00 0.00 0.00 0
101426 0.00 0.00 0.00 0
101427 0.00 0.00 0.00 0
104629 0.00 0.00 0.00 0
104630 0.00 0.00 0.00 0
104631 0.00 0.00 0.00 0
104632 0.00 0.00 0.00 0
104633 0.00 0.00 0.00 0
104634 0.00 0.00 0.00 0
104635 0.00 0.00 0.00 0
104636 0.00 0.00 0.00 0
104637 0.00 0.00 0.00 0
104638 0.00 0.00 0.00 0
104639 0.00 0.00 0.00 0
104640 0.00 0.00 0.00 0
104641 0.00 0.00 0.00 0
104642 0.00 0.00 0.00 0
104643 0.00 0.00 0.00 0
104644 0.00 0.00 0.00 0
104645 0.00 0.00 0.00 0
104646 0.00 0.00 0.00 0
104647 0.00 0.00 0.00 0
104648 0.00 0.00 0.00 0
104649 0.00 0.00 0.00 0
104650 0.00 0.00 0.00 0
104651 0.00 0.00 0.00 0
104652 0.00 0.00 0.00 0
104653 0.00 0.00 0.00 0
104654 0.00 0.00 0.00 0
104655 0.00 0.00 0.00 0
104656 0.00 0.00 0.00 0
104657 0.00 0.00 0.00 0
104658 0.00 0.00 0.00 0
104659 0.00 0.00 0.00 0
104660 0.00 0.00 0.00 0
104661 0.00 0.00 0.00 0
104662 0.00 0.00 0.00 0
104663 0.00 0.00 0.00 0
104664 0.00 0.00 0.00 0
104665 0.00 0.00 0.00 0
104666 0.00 0.00 0.00 0
104667 0.00 0.00 0.00 0
104668 0.00 0.00 0.00 0
104669 0.00 0.00 0.00 0
107059 0.00 0.00 0.00 0
107060 0.00 0.00 0.00 0
107061 0.00 0.00 0.00 0
107062 0.00 0.00 0.00 0
107063 0.00 0.00 0.00 0
109086 0.00 0.00 0.00 0
109087 0.00 0.00 0.00 0
109088 0.00 0.00 0.00 0
109089 0.00 0.00 0.00 0
109095 0.00 0.00 0.00 0
109096 0.00 0.00 0.00 0
109097 0.00 0.00 0.00 0
109098 0.00 0.00 0.00 0
109099 0.00 0.00 0.00 0
109109 0.00 0.00 0.00 0
109110 0.00 0.00 0.00 0
109111 0.00 0.00 0.00 0
109112 0.00 0.00 0.00 0
109113 0.00 0.00 0.00 0
109114 0.00 0.00 0.00 0
109115 0.00 0.00 0.00 0
109116 0.00 0.00 0.00 0
109117 0.00 0.00 0.00 0
109118 0.00 0.00 0.00 0
109119 0.00 0.00 0.00 0
109120 0.00 0.00 0.00 0
109121 0.00 0.00 0.00 0
109122 0.00 0.00 0.00 0
109123 0.00 0.00 0.00 0
109124 0.00 0.00 0.00 0
109125 0.00 0.00 0.00 0
109126 0.00 0.00 0.00 0
109239 0.00 0.00 0.00 0
109240 0.00 0.00 0.00 0
109241 0.00 0.00 0.00 0
109242 0.00 0.00 0.00 0
109243 0.00 0.00 0.00 0
109244 0.00 0.00 0.00 0
109245 0.00 0.00 0.00 0
109246 0.00 0.00 0.00 0
109247 0.00 0.00 0.00 0
109248 0.00 0.00 0.00 0
109249 0.00 0.00 0.00 0
109250 0.00 0.00 0.00 0
109251 0.00 0.00 0.00 0
109252 0.00 0.00 0.00 0
109253 0.00 0.00 0.00 0
109254 0.00 0.00 0.00 0
109255 0.00 0.00 0.00 0
109256 0.00 0.00 0.00 0
109257 0.00 0.00 0.00 0
109258 0.00 0.00 0.00 0
112689 0.00 0.00 0.00 0
112690 0.00 0.00 0.00 0
112691 0.00 0.00 0.00 0
112692 0.00 0.00 0.00 0
112693 0.00 0.00 0.00 0
112694 0.00 0.00 0.00 0
112695 0.00 0.00 0.00 0
112696 0.00 0.00 0.00 0
112697 0.00 0.00 0.00 0
112698 0.00 0.00 0.00 0
112699 0.00 0.00 0.00 0
112700 0.00 0.00 0.00 0
112701 0.00 0.00 0.00 0
112702 0.00 0.00 0.00 0
112703 0.00 0.00 0.00 0
112704 0.00 0.00 0.00 0
112705 0.00 0.00 0.00 0
112706 0.00 0.00 0.00 0
112707 0.00 0.00 0.00 0
112708 0.00 0.00 0.00 0
112709 0.00 0.00 0.00 0
112710 0.00 0.00 0.00 0
112711 0.00 0.00 0.00 0
112712 0.00 0.00 0.00 0
112713 0.00 0.00 0.00 0
112714 0.00 0.00 0.00 0
112715 0.00 0.00 0.00 0
112734 0.00 0.00 0.00 0
112743 0.00 0.00 0.00 0
112744 0.00 0.00 0.00 0
112745 0.00 0.00 0.00 0
112746 0.00 0.00 0.00 0
112747 0.00 0.00 0.00 0
112748 0.00 0.00 0.00 0
112749 0.00 0.00 0.00 0
112750 0.00 0.00 0.00 0
112751 0.00 0.00 0.00 0
112752 0.00 0.00 0.00 0
112770 0.00 0.00 0.00 0
112771 0.00 0.00 0.00 0
112772 0.00 0.00 0.00 0
112773 0.00 0.00 0.00 0
112774 0.00 0.00 0.00 0
112775 0.00 0.00 0.00 0
112776 0.00 0.00 0.00 0
112777 0.00 0.00 0.00 0
112778 0.00 0.00 0.00 0
112779 0.00 0.00 0.00 0
112780 0.00 0.00 0.00 0
112781 0.00 0.00 0.00 0
112782 0.00 0.00 0.00 0
112783 0.00 0.00 0.00 0
112794 0.00 0.00 0.00 0
112795 0.00 0.00 0.00 0
112796 0.00 0.00 0.00 0
112797 0.00 0.00 0.00 0
112798 0.00 0.00 0.00 0
112799 0.00 0.00 0.00 0
112800 0.00 0.00 0.00 0
112801 0.00 0.00 0.00 0
112805 0.00 0.00 0.00 0
112806 0.00 0.00 0.00 0
112807 0.00 0.00 0.00 0
112808 0.00 0.00 0.00 0
112809 0.00 0.00 0.00 0
115819 0.00 0.00 0.00 0
115820 0.00 0.00 0.00 0
115821 0.00 0.00 0.00 0
115822 0.00 0.00 0.00 0
115823 0.00 0.00 0.00 0
115824 0.00 0.00 0.00 0
115825 0.00 0.00 0.00 0
115826 0.00 0.00 0.00 0
115827 0.00 0.00 0.00 0
115828 0.00 0.00 0.00 0
115829 0.00 0.00 0.00 0
117903 0.00 0.00 0.00 0
117904 0.00 0.00 0.00 0
117905 0.00 0.00 0.00 0
117906 0.00 0.00 0.00 0
117907 0.00 0.00 0.00 0
117908 0.00 0.00 0.00 0
117909 0.00 0.00 0.00 0
117910 0.00 0.00 0.00 0
117911 0.00 0.00 0.00 0
117912 0.00 0.00 0.00 0
117913 0.00 0.00 0.00 0
117914 0.00 0.00 0.00 0
117915 0.00 0.00 0.00 0
117916 0.00 0.00 0.00 0
117917 0.00 0.00 0.00 0
117918 0.00 0.00 0.00 0
117919 0.00 0.00 0.00 0
117920 0.00 0.00 0.00 0
117921 0.00 0.00 0.00 0
117922 0.00 0.00 0.00 0
117923 0.00 0.00 0.00 0
117924 0.00 0.00 0.00 0
117925 0.00 0.00 0.00 0
117926 0.00 0.00 0.00 0
117927 0.00 0.00 0.00 0
117928 0.00 0.00 0.00 0
117929 0.00 0.00 0.00 0
120418 0.00 0.00 0.00 0
120419 0.00 0.00 0.00 0
120420 0.00 0.00 0.00 0
120421 0.00 0.00 0.00 0
120422 0.00 0.00 0.00 0
120423 0.00 0.00 0.00 0
120424 0.00 0.00 0.00 0
120425 0.00 0.00 0.00 0
120426 0.00 0.00 0.00 0
120427 0.00 0.00 0.00 0
120428 0.00 0.00 0.00 0
120429 0.00 0.00 0.00 0
120430 0.00 0.00 0.00 0
120431 0.00 0.00 0.00 0
120432 0.00 0.00 0.00 0
120433 0.00 0.00 0.00 0
120434 0.00 0.00 0.00 0
120435 0.00 0.00 0.00 0
120436 0.00 0.00 0.00 0
120437 0.00 0.00 0.00 0
120438 0.00 0.00 0.00 0
120439 0.00 0.00 0.00 0
120440 0.00 0.00 0.00 0
120441 0.00 0.00 0.00 0
120442 0.00 0.00 0.00 0
120443 0.00 0.00 0.00 0
120444 0.00 0.00 0.00 0
120445 0.00 0.00 0.00 0
120446 0.00 0.00 0.00 0
120447 0.00 0.00 0.00 0
120448 0.00 0.00 0.00 0
120449 0.00 0.00 0.00 0
122308 0.00 0.00 0.00 0
122309 0.00 0.00 0.00 0
122310 0.00 0.00 0.00 0
122311 0.00 0.00 0.00 0
123905 0.00 0.00 0.00 0
123906 0.00 0.00 0.00 0
123907 0.00 0.00 0.00 0
123908 0.00 0.00 0.00 0
123909 0.00 0.00 0.00 0
123910 0.00 0.00 0.00 0
123911 0.00 0.00 0.00 0
123912 0.00 0.00 0.00 0
123913 0.00 0.00 0.00 0
123914 0.00 0.00 0.00 0
123915 0.00 0.00 0.00 0
123916 0.00 0.00 0.00 0
124002 0.00 0.00 0.00 0
124003 0.00 0.00 0.00 0
124004 0.00 0.00 0.00 0
124005 0.00 0.00 0.00 0
124006 0.00 0.00 0.00 0
124007 0.00 0.00 0.00 0
124008 0.00 0.00 0.00 0
124009 0.00 0.00 0.00 0
124010 0.00 0.00 0.00 0
124011 0.00 0.00 0.00 0
124012 0.00 0.00 0.00 0
124013 0.00 0.00 0.00 0
124014 0.00 0.00 0.00 0
124015 0.00 0.00 0.00 0
124016 0.00 0.00 0.00 0
124017 0.00 0.00 0.00 0
124018 0.00 0.00 0.00 0
124019 0.00 0.00 0.00 0
126687 0.00 0.00 0.00 0
126688 0.00 0.00 0.00 0
126689 0.00 0.00 0.00 0
126690 0.00 0.00 0.00 0
126691 0.00 0.00 0.00 0
126692 0.00 0.00 0.00 0
126693 0.00 0.00 0.00 0
126694 0.00 0.00 0.00 0
126695 0.00 0.00 0.00 0
126696 0.00 0.00 0.00 0
126697 0.00 0.00 0.00 0
126698 0.00 0.00 0.00 0
126699 0.00 0.00 0.00 0
126700 0.00 0.00 0.00 0
126701 0.00 0.00 0.00 0
126702 0.00 0.00 0.00 0
126703 0.00 0.00 0.00 0
126704 0.00 0.00 0.00 0
126705 0.00 0.00 0.00 0
126706 0.00 0.00 0.00 0
126707 0.00 0.00 0.00 0
126708 0.00 0.00 0.00 0
126709 0.00 0.00 0.00 0
126710 0.00 0.00 0.00 0
126711 0.00 0.00 0.00 0
126712 0.00 0.00 0.00 0
126713 0.00 0.00 0.00 0
126714 0.00 0.00 0.00 0
126715 0.00 0.00 0.00 0
126716 0.00 0.00 0.00 0
126717 0.00 0.00 0.00 0
126718 0.00 0.00 0.00 0
126720 0.00 0.00 0.00 0
126721 0.00 0.00 0.00 0
126722 0.00 0.00 0.00 0
126723 0.00 0.00 0.00 0
126724 0.00 0.00 0.00 0
126725 0.00 0.00 0.00 0
126726 0.00 0.00 0.00 0
126727 0.00 0.00 0.00 0
126728 0.00 0.00 0.00 0
126729 0.00 0.00 0.00 0
126730 0.00 0.00 0.00 0
126731 0.00 0.00 0.00 0
126732 0.00 0.00 0.00 0
126733 0.00 0.00 0.00 0
126735 0.00 0.00 0.00 0
126736 0.00 0.00 0.00 0
126737 0.00 0.00 0.00 0
126750 0.00 0.00 0.00 0
126751 0.00 0.00 0.00 0
126752 0.00 0.00 0.00 0
126753 0.00 0.00 0.00 0
126754 0.00 0.00 0.00 0
126755 0.00 0.00 0.00 0
126756 0.00 0.00 0.00 0
126757 0.00 0.00 0.00 0
126758 0.00 0.00 0.00 0
126759 0.00 0.00 0.00 0
126760 0.00 0.00 0.00 0
130321 0.00 0.00 0.00 0
130322 0.00 0.00 0.00 0
130323 0.00 0.00 0.00 0
130324 0.00 0.00 0.00 0
130325 0.00 0.00 0.00 0
130326 0.00 0.00 0.00 0
130327 0.00 0.00 0.00 0
130328 0.00 0.00 0.00 0
130329 0.00 0.00 0.00 0
130330 0.00 0.00 0.00 0
130331 0.00 0.00 0.00 0
130332 0.00 0.00 0.00 0
130333 0.00 0.00 0.00 0
130334 0.00 0.00 0.00 0
130335 0.00 0.00 0.00 0
130336 0.00 0.00 0.00 0
130337 0.00 0.00 0.00 0
130338 0.00 0.00 0.00 0
130339 0.00 0.00 0.00 0
130340 0.00 0.00 0.00 0
130341 0.00 0.00 0.00 0
130342 0.00 0.00 0.00 0
130343 0.00 0.00 0.00 0
130344 0.00 0.00 0.00 0
130345 0.00 0.00 0.00 0
130346 0.00 0.00 0.00 0
130347 0.00 0.00 0.00 0
130348 0.00 0.00 0.00 0
130349 0.00 0.00 0.00 0
135993 0.00 0.00 0.00 0
135994 0.00 0.00 0.00 0
135995 0.00 0.00 0.00 0
135996 0.00 0.00 0.00 0
135997 0.00 0.00 0.00 0
135998 0.00 0.00 0.00 0
135999 0.00 0.00 0.00 0
136000 0.00 0.00 0.00 0
136001 0.00 0.00 0.00 0
136002 0.00 0.00 0.00 0
136003 0.00 0.00 0.00 0
136004 0.00 0.00 0.00 0
136005 0.00 0.00 0.00 0
136006 0.00 0.00 0.00 0
136007 0.00 0.00 0.00 0
136008 0.00 0.00 0.00 0
136009 0.00 0.00 0.00 0
136010 0.00 0.00 0.00 0
136011 0.00 0.00 0.00 0
136012 0.00 0.00 0.00 0
136013 0.00 0.00 0.00 0
136014 0.00 0.00 0.00 0
136015 0.00 0.00 0.00 0
136016 0.00 0.00 0.00 0
136017 0.00 0.00 0.00 0
136018 0.00 0.00 0.00 0
136019 0.00 0.00 0.00 0
136020 0.00 0.00 0.00 0
136021 0.00 0.00 0.00 0
136022 0.00 0.00 0.00 0
136023 0.00 0.00 0.00 0
136024 0.00 0.00 0.00 0
136025 0.00 0.00 0.00 0
136026 0.00 0.00 0.00 0
136027 0.00 0.00 0.00 0
136028 0.00 0.00 0.00 0
136029 0.00 0.00 0.00 0
136030 0.00 0.00 0.00 0
136031 0.00 0.00 0.00 0
136032 0.00 0.00 0.00 0
136033 0.00 0.00 0.00 0
136034 0.00 0.00 0.00 0
136035 0.00 0.00 0.00 0
136036 0.00 0.00 0.00 0
136037 0.00 0.00 0.00 0
136038 0.00 0.00 0.00 0
136039 0.00 0.00 0.00 0
136040 0.00 0.00 0.00 0
136041 0.00 0.00 0.00 0
136042 0.00 0.00 0.00 0
136043 0.00 0.00 0.00 0
136044 0.00 0.00 0.00 0
136045 0.00 0.00 0.00 0
136046 0.00 0.00 0.00 0
142627 0.00 0.00 0.00 0
142628 0.00 0.00 0.00 0
142629 0.00 0.00 0.00 0
142630 0.00 0.00 0.00 0
142631 0.00 0.00 0.00 0
142632 0.00 0.00 0.00 0
142633 0.00 0.00 0.00 0
142634 0.00 0.00 0.00 0
142635 0.00 0.00 0.00 0
142636 0.00 0.00 0.00 0
142637 0.00 0.00 0.00 0
142638 0.00 0.00 0.00 0
142639 0.00 0.00 0.00 0
142640 0.00 0.00 0.00 0
142641 0.00 0.00 0.00 0
142642 0.00 0.00 0.00 0
142643 0.00 0.00 0.00 0
142644 0.00 0.00 0.00 0
142645 0.00 0.00 0.00 0
142646 0.00 0.00 0.00 0
142647 0.00 0.00 0.00 0
142648 0.00 0.00 0.00 0
142649 0.00 0.00 0.00 0
142650 0.00 0.00 0.00 0
142651 0.00 0.00 0.00 0
142652 0.00 0.00 0.00 0
142653 0.00 0.00 0.00 0
142654 0.00 0.00 0.00 0
142655 0.00 0.00 0.00 0
142656 0.00 0.00 0.00 0
142657 0.00 0.00 0.00 0
142658 0.00 0.00 0.00 0
142659 0.00 0.00 0.00 0
142660 0.00 0.00 0.00 0
142661 0.00 0.00 0.00 0
142662 0.00 0.00 0.00 0
142663 0.00 0.00 0.00 0
142664 0.00 0.00 0.00 0
142665 0.00 0.00 0.00 0
142666 0.00 0.00 0.00 0
142667 0.00 0.00 0.00 0
142668 0.00 0.00 0.00 0
142669 0.00 0.00 0.00 0
142670 0.00 0.00 0.00 0
142671 0.00 0.00 0.00 0
142672 0.00 0.00 0.00 0
142673 0.00 0.00 0.00 0
142674 0.00 0.00 0.00 0
142675 0.00 0.00 0.00 0
142676 0.00 0.00 0.00 0
142677 0.00 0.00 0.00 0
142678 0.00 0.00 0.00 0
142679 0.00 0.00 0.00 0
142680 0.00 0.00 0.00 0
142681 0.00 0.00 0.00 0
142682 0.00 0.00 0.00 0
142683 0.00 0.00 0.00 0
142684 0.00 0.00 0.00 0
142685 0.00 0.00 0.00 0
142686 0.00 0.00 0.00 0
142687 0.00 0.00 0.00 0
142688 0.00 0.00 0.00 0
142689 0.00 0.00 0.00 0
142690 0.00 0.00 0.00 0
142691 0.00 0.00 0.00 0
142692 0.00 0.00 0.00 0
142693 0.00 0.00 0.00 0
142694 0.00 0.00 0.00 0
142695 0.00 0.00 0.00 0
142696 0.00 0.00 0.00 0
142697 0.00 0.00 0.00 0
142698 0.00 0.00 0.00 0
142699 0.00 0.00 0.00 0
142700 0.00 0.00 0.00 0
142701 0.00 0.00 0.00 0
142702 0.00 0.00 0.00 0
142703 0.00 0.00 0.00 0
142704 0.00 0.00 0.00 0
142705 0.00 0.00 0.00 0
142706 0.00 0.00 0.00 0
142707 0.00 0.00 0.00 0
142708 0.00 0.00 0.00 0
142709 0.00 0.00 0.00 0
147538 0.00 0.00 0.00 0
147539 0.00 0.00 0.00 0
147540 0.00 0.00 0.00 0
147541 0.00 0.00 0.00 0
147542 0.00 0.00 0.00 0
147543 0.00 0.00 0.00 0
147544 0.00 0.00 0.00 0
147545 0.00 0.00 0.00 0
147546 0.00 0.00 0.00 0
147547 0.00 0.00 0.00 0
147548 0.00 0.00 0.00 0
147549 0.00 0.00 0.00 0
147550 0.00 0.00 0.00 0
147551 0.00 0.00 0.00 0
147552 0.00 0.00 0.00 0
147553 0.00 0.00 0.00 0
147554 0.00 0.00 0.00 0
147555 0.00 0.00 0.00 0
147556 0.00 0.00 0.00 0
147557 0.00 0.00 0.00 0
147558 0.00 0.00 0.00 0
147559 0.00 0.00 0.00 0
151523 0.00 0.00 0.00 0
151524 0.00 0.00 0.00 0
151525 0.00 0.00 0.00 0
151600 0.00 0.00 0.00 0
151601 0.00 0.00 0.00 0
151602 0.00 0.00 0.00 0
151603 0.00 0.00 0.00 0
151604 0.00 0.00 0.00 0
151605 0.00 0.00 0.00 0
151606 0.00 0.00 0.00 0
151607 0.00 0.00 0.00 0
151608 0.00 0.00 0.00 0
151609 0.00 0.00 0.00 0
151610 0.00 0.00 0.00 0
151611 0.00 0.00 0.00 0
151612 0.00 0.00 0.00 0
151613 0.00 0.00 0.00 0
151614 0.00 0.00 0.00 0
151615 0.00 0.00 0.00 0
151621 0.00 0.00 0.00 0
151622 0.00 0.00 0.00 0
151623 0.00 0.00 0.00 0
151624 0.00 0.00 0.00 0
151625 0.00 0.00 0.00 0
151626 0.00 0.00 0.00 0
151627 0.00 0.00 0.00 0
151628 0.00 0.00 0.00 0
151629 0.00 0.00 0.00 0
151630 0.00 0.00 0.00 0
151631 0.00 0.00 0.00 0
151632 0.00 0.00 0.00 0
151633 0.00 0.00 0.00 0
151653 0.00 0.00 0.00 0
151654 0.00 0.00 0.00 0
151655 0.00 0.00 0.00 0
151656 0.00 0.00 0.00 0
151657 0.00 0.00 0.00 0
151658 0.00 0.00 0.00 0
151659 0.00 0.00 0.00 0
151660 0.00 0.00 0.00 0
151661 0.00 0.00 0.00 0
151662 0.00 0.00 0.00 0
151663 0.00 0.00 0.00 0
151664 0.00 0.00 0.00 0
151665 0.00 0.00 0.00 0
151666 0.00 0.00 0.00 0
151667 0.00 0.00 0.00 0
151668 0.00 0.00 0.00 0
151669 0.00 0.00 0.00 0
151670 0.00 0.00 0.00 0
151671 0.00 0.00 0.00 0
151672 0.00 0.00 0.00 0
151673 0.00 0.00 0.00 0
151674 0.00 0.00 0.00 0
151675 0.00 0.00 0.00 0
151676 0.00 0.00 0.00 0
151677 0.00 0.00 0.00 0
151678 0.00 0.00 0.00 0
151679 0.00 0.00 0.00 0
151680 0.00 0.00 0.00 0
151681 0.00 0.00 0.00 0
151682 0.00 0.00 0.00 0
151683 0.00 0.00 0.00 0
151684 0.00 0.00 0.00 0
151685 0.00 0.00 0.00 0
151686 0.00 0.00 0.00 0
151687 0.00 0.00 0.00 0
151910 0.00 0.00 0.00 0
151911 0.00 0.00 0.00 0
151912 0.00 0.00 0.00 0
151913 0.00 0.00 0.00 0
151914 0.00 0.00 0.00 0
151915 0.00 0.00 0.00 0
151916 0.00 0.00 0.00 0
151917 0.00 0.00 0.00 0
151918 0.00 0.00 0.00 0
151919 0.00 0.00 0.00 0
151920 0.00 0.00 0.00 0
151921 0.00 0.00 0.00 0
151922 0.00 0.00 0.00 0
151923 0.00 0.00 0.00 0
151924 0.00 0.00 0.00 0
151925 0.00 0.00 0.00 0
151926 0.00 0.00 0.00 0
151927 0.00 0.00 0.00 0
151928 0.00 0.00 0.00 0
151929 0.00 0.00 0.00 0
151930 0.00 0.00 0.00 0
151931 0.00 0.00 0.00 0
151932 0.00 0.00 0.00 0
151933 0.00 0.00 0.00 0
151934 0.00 0.00 0.00 0
151935 0.00 0.00 0.00 0
151936 0.00 0.00 0.00 0
151937 0.00 0.00 0.00 0
151938 0.00 0.00 0.00 0
151939 0.00 0.00 0.00 0
151940 0.00 0.00 0.00 0
151941 0.00 0.00 0.00 0
151942 0.00 0.00 0.00 0
151943 0.00 0.00 0.00 0
151944 0.00 0.00 0.00 0
151945 0.00 0.00 0.00 0
151946 0.00 0.00 0.00 0
151947 0.00 0.00 0.00 0
151948 0.00 0.00 0.00 0
151949 0.00 0.00 0.00 0
151950 0.00 0.00 0.00 0
151951 0.00 0.00 0.00 0
158820 0.00 0.00 0.00 0
158821 0.00 0.00 0.00 0
158822 0.00 0.00 0.00 0
158823 0.00 0.00 0.00 0
158824 0.00 0.00 0.00 0
158825 0.00 0.00 0.00 0
158826 0.00 0.00 0.00 0
158827 0.00 0.00 0.00 0
158828 0.00 0.00 0.00 0
158829 0.00 0.00 0.00 0
158830 0.00 0.00 0.00 0
158831 0.00 0.00 0.00 0
158832 0.00 0.00 0.00 0
158833 0.00 0.00 0.00 0
158834 0.00 0.00 0.00 0
158835 0.00 0.00 0.00 0
158836 0.00 0.00 0.00 0
158837 0.00 0.00 0.00 0
158838 0.00 0.00 0.00 0
158839 0.00 0.00 0.00 0
158840 0.00 0.00 0.00 0
158841 0.00 0.00 0.00 0
158842 0.00 0.00 0.00 0
158847 0.00 0.00 0.00 0
158848 0.00 0.00 0.00 0
158849 0.00 0.00 0.00 0
158850 0.00 0.00 0.00 0
158851 0.00 0.00 0.00 0
158852 0.00 0.00 0.00 0
158853 0.00 0.00 0.00 0
158854 0.00 0.00 0.00 0
158855 0.00 0.00 0.00 0
158856 0.00 0.00 0.00 0
158857 0.00 0.00 0.00 0
158858 0.00 0.00 0.00 0
158859 0.00 0.00 0.00 0
158860 0.00 0.00 0.00 0
158861 0.00 0.00 0.00 0
158862 0.00 0.00 0.00 0
158863 0.00 0.00 0.00 0
158864 0.00 0.00 0.00 0
158865 0.00 0.00 0.00 0
158866 0.00 0.00 0.00 0
158867 0.00 0.00 0.00 0
158868 0.00 0.00 0.00 0
158869 0.00 0.00 0.00 0
158870 0.00 0.00 0.00 0
158871 0.00 0.00 0.00 0
158928 0.00 0.00 0.00 0
158929 0.00 0.00 0.00 0
158930 0.00 0.00 0.00 0
158931 0.00 0.00 0.00 0
158932 0.00 0.00 0.00 0
158933 0.00 0.00 0.00 0
158934 0.00 0.00 0.00 0
158935 0.00 0.00 0.00 0
158936 0.00 0.00 0.00 0
158937 0.00 0.00 0.00 0
158938 0.00 0.00 0.00 0
158939 0.00 0.00 0.00 0
158940 0.00 0.00 0.00 0
158941 0.00 0.00 0.00 0
158942 0.00 0.00 0.00 0
158943 0.00 0.00 0.00 0
158944 0.00 0.00 0.00 0
158945 0.00 0.00 0.00 0
158946 0.00 0.00 0.00 0
158947 0.00 0.00 0.00 0
158982 0.00 0.00 0.00 0
158983 0.00 0.00 0.00 0
158984 0.00 0.00 0.00 0
158985 0.00 0.00 0.00 0
158986 0.00 0.00 0.00 0
158987 0.00 0.00 0.00 0
158988 0.00 0.00 0.00 0
158989 0.00 0.00 0.00 0
158990 0.00 0.00 0.00 0
158991 0.00 0.00 0.00 0
158992 0.00 0.00 0.00 0
158993 0.00 0.00 0.00 0
158994 0.00 0.00 0.00 0
158995 0.00 0.00 0.00 0
158996 0.00 0.00 0.00 0
158997 0.00 0.00 0.00 0
158998 0.00 0.00 0.00 0
158999 0.00 0.00 0.00 0
159000 0.00 0.00 0.00 0
159001 0.00 0.00 0.00 0
159002 0.00 0.00 0.00 0
159003 0.00 0.00 0.00 0
159004 0.00 0.00 0.00 0
159005 0.00 0.00 0.00 0
159006 0.00 0.00 0.00 0
159007 0.00 0.00 0.00 0
159008 0.00 0.00 0.00 0
159017 0.00 0.00 0.00 0
159026 0.00 0.00 0.00 0
159027 0.00 0.00 0.00 0
159028 0.00 0.00 0.00 0
159029 0.00 0.00 0.00 0
159030 0.00 0.00 0.00 0
159031 0.00 0.00 0.00 0
159032 0.00 0.00 0.00 0
159033 0.00 0.00 0.00 0
159034 0.00 0.00 0.00 0
159035 0.00 0.00 0.00 0
159036 0.00 0.00 0.00 0
159037 0.00 0.00 0.00 0
159038 0.00 0.00 0.00 0
159039 0.00 0.00 0.00 0
159040 0.00 0.00 0.00 0
159041 0.00 0.00 0.00 0
159042 0.00 0.00 0.00 0
159043 0.00 0.00 0.00 0
159044 0.00 0.00 0.00 0
159046 0.00 0.00 0.00 0
159047 0.00 0.00 0.00 0
159048 0.00 0.00 0.00 0
159049 0.00 0.00 0.00 0
159050 0.00 0.00 0.00 0
159051 0.00 0.00 0.00 0
159052 0.00 0.00 0.00 0
159053 0.00 0.00 0.00 0
159054 0.00 0.00 0.00 0
159055 0.00 0.00 0.00 0
159056 0.00 0.00 0.00 0
159057 0.00 0.00 0.00 0
159058 0.00 0.00 0.00 0
159059 0.00 0.00 0.00 0
159060 0.00 0.00 0.00 0
159061 0.00 0.00 0.00 0
159062 0.00 0.00 0.00 0
159141 0.00 0.00 0.00 0
159142 0.00 0.00 0.00 0
159143 0.00 0.00 0.00 0
159144 0.00 0.00 0.00 0
159145 0.00 0.00 0.00 0
159146 0.00 0.00 0.00 0
159149 0.00 0.00 0.00 0
159150 0.00 0.00 0.00 0
