# S_collat_transv_post
339
349 0.00 0.00 0.00 0
350 0.00 0.00 0.00 0
1408 0.00 0.00 0.00 0
1780 0.00 0.00 0.00 0
1781 0.00 0.00 0.00 0
1782 0.00 0.00 0.00 0
3925 0.00 0.00 0.00 0
3926 0.00 0.00 0.00 0
3928 0.00 0.00 0.00 0
5657 0.00 0.00 0.00 0
5658 0.00 0.00 0.00 0
5659 0.00 0.00 0.00 0
7139 0.00 0.00 0.00 0
7140 0.00 0.00 0.00 0
7990 0.00 0.00 0.00 0
7991 0.00 0.00 0.00 0
7992 0.00 0.00 0.00 0
7993 0.00 0.00 0.00 0
7994 0.00 0.00 0.00 0
7995 0.00 0.00 0.00 0
7996 0.00 0.00 0.00 0
11604 0.00 0.00 0.00 0
11605 0.00 0.00 0.00 0
11606 0.00 0.00 0.00 0
13337 0.00 0.00 0.00 0
13338 0.00 0.00 0.00 0
13339 0.00 0.00 0.00 0
17532 0.00 0.00 0.00 0
17533 0.00 0.00 0.00 0
17534 0.00 0.00 0.00 0
17535 0.00 0.00 0.00 0
17536 0.00 0.00 0.00 0
17540 0.00 0.00 0.00 0
17541 0.00 0.00 0.00 0
17542 0.00 0.00 0.00 0
17543 0.00 0.00 0.00 0
17544 0.00 0.00 0.00 0
17545 0.00 0.00 0.00 0
22727 0.00 0.00 0.00 0
22735 0.00 0.00 0.00 0
22736 0.00 0.00 0.00 0
25495 0.00 0.00 0.00 0
25496 0.00 0.00 0.00 0
25497 0.00 0.00 0.00 0
25498 0.00 0.00 0.00 0
28613 0.00 0.00 0.00 0
28614 0.00 0.00 0.00 0
28615 0.00 0.00 0.00 0
28616 0.00 0.00 0.00 0
28617 0.00 0.00 0.00 0
29589 0.00 0.00 0.00 0
29590 0.00 0.00 0.00 0
32015 0.00 0.00 0.00 0
32016 0.00 0.00 0.00 0
32017 0.00 0.00 0.00 0
32018 0.00 0.00 0.00 0
34299 0.00 0.00 0.00 0
34300 0.00 0.00 0.00 0
34301 0.00 0.00 0.00 0
34302 0.00 0.00 0.00 0
34303 0.00 0.00 0.00 0
34304 0.00 0.00 0.00 0
34305 0.00 0.00 0.00 0
34306 0.00 0.00 0.00 0
34307 0.00 0.00 0.00 0
34308 0.00 0.00 0.00 0
34309 0.00 0.00 0.00 0
34310 0.00 0.00 0.00 0
34311 0.00 0.00 0.00 0
34312 0.00 0.00 0.00 0
34313 0.00 0.00 0.00 0
34314 0.00 0.00 0.00 0
34315 0.00 0.00 0.00 0
34316 0.00 0.00 0.00 0
34317 0.00 0.00 0.00 0
34318 0.00 0.00 0.00 0
34319 0.00 0.00 0.00 0
34320 0.00 0.00 0.00 0
35990 0.00 0.00 0.00 0
35999 0.00 0.00 0.00 0
40594 0.00 0.00 0.00 0
40595 0.00 0.00 0.00 0
42324 0.00 0.00 0.00 0
42325 0.00 0.00 0.00 0
42326 0.00 0.00 0.00 0
44057 0.00 0.00 0.00 0
44058 0.00 0.00 0.00 0
44059 0.00 0.00 0.00 0
48252 0.00 0.00 0.00 0
48253 0.00 0.00 0.00 0
48254 0.00 0.00 0.00 0
48255 0.00 0.00 0.00 0
48256 0.00 0.00 0.00 0
48260 0.00 0.00 0.00 0
48261 0.00 0.00 0.00 0
48262 0.00 0.00 0.00 0
48263 0.00 0.00 0.00 0
48264 0.00 0.00 0.00 0
48265 0.00 0.00 0.00 0
53447 0.00 0.00 0.00 0
53448 0.00 0.00 0.00 0
53449 0.00 0.00 0.00 0
53455 0.00 0.00 0.00 0
53456 0.00 0.00 0.00 0
53457 0.00 0.00 0.00 0
57852 0.00 0.00 0.00 0
57853 0.00 0.00 0.00 0
57854 0.00 0.00 0.00 0
57855 0.00 0.00 0.00 0
57856 0.00 0.00 0.00 0
63047 0.00 0.00 0.00 0
63048 0.00 0.00 0.00 0
63049 0.00 0.00 0.00 0
63050 0.00 0.00 0.00 0
63051 0.00 0.00 0.00 0
63052 0.00 0.00 0.00 0
63053 0.00 0.00 0.00 0
63054 0.00 0.00 0.00 0
70247 0.00 0.00 0.00 0
70248 0.00 0.00 0.00 0
70249 0.00 0.00 0.00 0
70251 0.00 0.00 0.00 0
75625 0.00 0.00 0.00 0
75626 0.00 0.00 0.00 0
75627 0.00 0.00 0.00 0
75628 0.00 0.00 0.00 0
75629 0.00 0.00 0.00 0
75630 0.00 0.00 0.00 0
75631 0.00 0.00 0.00 0
75632 0.00 0.00 0.00 0
75633 0.00 0.00 0.00 0
75634 0.00 0.00 0.00 0
75635 0.00 0.00 0.00 0
75636 0.00 0.00 0.00 0
75637 0.00 0.00 0.00 0
75638 0.00 0.00 0.00 0
75639 0.00 0.00 0.00 0
75640 0.00 0.00 0.00 0
75641 0.00 0.00 0.00 0
75642 0.00 0.00 0.00 0
75643 0.00 0.00 0.00 0
75644 0.00 0.00 0.00 0
75645 0.00 0.00 0.00 0
75646 0.00 0.00 0.00 0
75647 0.00 0.00 0.00 0
75648 0.00 0.00 0.00 0
75649 0.00 0.00 0.00 0
75650 0.00 0.00 0.00 0
75651 0.00 0.00 0.00 0
75652 0.00 0.00 0.00 0
75653 0.00 0.00 0.00 0
75654 0.00 0.00 0.00 0
75657 0.00 0.00 0.00 0
75658 0.00 0.00 0.00 0
75659 0.00 0.00 0.00 0
75660 0.00 0.00 0.00 0
75661 0.00 0.00 0.00 0
75662 0.00 0.00 0.00 0
75663 0.00 0.00 0.00 0
75664 0.00 0.00 0.00 0
75665 0.00 0.00 0.00 0
75666 0.00 0.00 0.00 0
75667 0.00 0.00 0.00 0
75668 0.00 0.00 0.00 0
75669 0.00 0.00 0.00 0
75670 0.00 0.00 0.00 0
75671 0.00 0.00 0.00 0
75672 0.00 0.00 0.00 0
75673 0.00 0.00 0.00 0
75674 0.00 0.00 0.00 0
75675 0.00 0.00 0.00 0
79762 0.00 0.00 0.00 0
79763 0.00 0.00 0.00 0
79785 0.00 0.00 0.00 0
79786 0.00 0.00 0.00 0
79787 0.00 0.00 0.00 0
91217 0.00 0.00 0.00 0
91218 0.00 0.00 0.00 0
91219 0.00 0.00 0.00 0
91225 0.00 0.00 0.00 0
91240 0.00 0.00 0.00 0
91241 0.00 0.00 0.00 0
91242 0.00 0.00 0.00 0
91244 0.00 0.00 0.00 0
94614 0.00 0.00 0.00 0
94615 0.00 0.00 0.00 0
94616 0.00 0.00 0.00 0
94617 0.00 0.00 0.00 0
94618 0.00 0.00 0.00 0
97733 0.00 0.00 0.00 0
97734 0.00 0.00 0.00 0
97735 0.00 0.00 0.00 0
97736 0.00 0.00 0.00 0
97737 0.00 0.00 0.00 0
102053 0.00 0.00 0.00 0
102054 0.00 0.00 0.00 0
105283 0.00 0.00 0.00 0
105284 0.00 0.00 0.00 0
105285 0.00 0.00 0.00 0
105286 0.00 0.00 0.00 0
105287 0.00 0.00 0.00 0
105288 0.00 0.00 0.00 0
105289 0.00 0.00 0.00 0
105290 0.00 0.00 0.00 0
105291 0.00 0.00 0.00 0
105292 0.00 0.00 0.00 0
105297 0.00 0.00 0.00 0
105298 0.00 0.00 0.00 0
105299 0.00 0.00 0.00 0
105300 0.00 0.00 0.00 0
105301 0.00 0.00 0.00 0
105302 0.00 0.00 0.00 0
105303 0.00 0.00 0.00 0
105304 0.00 0.00 0.00 0
105305 0.00 0.00 0.00 0
105306 0.00 0.00 0.00 0
105307 0.00 0.00 0.00 0
105308 0.00 0.00 0.00 0
105309 0.00 0.00 0.00 0
114635 0.00 0.00 0.00 0
114636 0.00 0.00 0.00 0
114637 0.00 0.00 0.00 0
114649 0.00 0.00 0.00 0
114650 0.00 0.00 0.00 0
114651 0.00 0.00 0.00 0
114652 0.00 0.00 0.00 0
120927 0.00 0.00 0.00 0
120928 0.00 0.00 0.00 0
120929 0.00 0.00 0.00 0
120930 0.00 0.00 0.00 0
120931 0.00 0.00 0.00 0
120932 0.00 0.00 0.00 0
120933 0.00 0.00 0.00 0
120934 0.00 0.00 0.00 0
120943 0.00 0.00 0.00 0
120944 0.00 0.00 0.00 0
128201 0.00 0.00 0.00 0
128202 0.00 0.00 0.00 0
128203 0.00 0.00 0.00 0
128204 0.00 0.00 0.00 0
128205 0.00 0.00 0.00 0
128206 0.00 0.00 0.00 0
128207 0.00 0.00 0.00 0
128208 0.00 0.00 0.00 0
128209 0.00 0.00 0.00 0
128210 0.00 0.00 0.00 0
128213 0.00 0.00 0.00 0
130779 0.00 0.00 0.00 0
130780 0.00 0.00 0.00 0
130781 0.00 0.00 0.00 0
137363 0.00 0.00 0.00 0
137364 0.00 0.00 0.00 0
137365 0.00 0.00 0.00 0
137366 0.00 0.00 0.00 0
137367 0.00 0.00 0.00 0
137368 0.00 0.00 0.00 0
137369 0.00 0.00 0.00 0
137370 0.00 0.00 0.00 0
137371 0.00 0.00 0.00 0
137372 0.00 0.00 0.00 0
137373 0.00 0.00 0.00 0
143949 0.00 0.00 0.00 0
143950 0.00 0.00 0.00 0
143951 0.00 0.00 0.00 0
143952 0.00 0.00 0.00 0
143953 0.00 0.00 0.00 0
143954 0.00 0.00 0.00 0
143955 0.00 0.00 0.00 0
143956 0.00 0.00 0.00 0
143957 0.00 0.00 0.00 0
143958 0.00 0.00 0.00 0
143959 0.00 0.00 0.00 0
143960 0.00 0.00 0.00 0
143961 0.00 0.00 0.00 0
143962 0.00 0.00 0.00 0
143963 0.00 0.00 0.00 0
143964 0.00 0.00 0.00 0
143965 0.00 0.00 0.00 0
143966 0.00 0.00 0.00 0
143967 0.00 0.00 0.00 0
143968 0.00 0.00 0.00 0
143969 0.00 0.00 0.00 0
143970 0.00 0.00 0.00 0
143971 0.00 0.00 0.00 0
143972 0.00 0.00 0.00 0
143973 0.00 0.00 0.00 0
143974 0.00 0.00 0.00 0
143975 0.00 0.00 0.00 0
143976 0.00 0.00 0.00 0
143977 0.00 0.00 0.00 0
143978 0.00 0.00 0.00 0
143979 0.00 0.00 0.00 0
143980 0.00 0.00 0.00 0
143981 0.00 0.00 0.00 0
143982 0.00 0.00 0.00 0
143983 0.00 0.00 0.00 0
143984 0.00 0.00 0.00 0
143985 0.00 0.00 0.00 0
143986 0.00 0.00 0.00 0
143988 0.00 0.00 0.00 0
143989 0.00 0.00 0.00 0
143990 0.00 0.00 0.00 0
143991 0.00 0.00 0.00 0
143992 0.00 0.00 0.00 0
143993 0.00 0.00 0.00 0
143994 0.00 0.00 0.00 0
143995 0.00 0.00 0.00 0
143996 0.00 0.00 0.00 0
143997 0.00 0.00 0.00 0
143998 0.00 0.00 0.00 0
143999 0.00 0.00 0.00 0
144000 0.00 0.00 0.00 0
144001 0.00 0.00 0.00 0
144002 0.00 0.00 0.00 0
144003 0.00 0.00 0.00 0
144004 0.00 0.00 0.00 0
144005 0.00 0.00 0.00 0
144006 0.00 0.00 0.00 0
144007 0.00 0.00 0.00 0
144008 0.00 0.00 0.00 0
144009 0.00 0.00 0.00 0
144010 0.00 0.00 0.00 0
144011 0.00 0.00 0.00 0
148950 0.00 0.00 0.00 0
148951 0.00 0.00 0.00 0
148952 0.00 0.00 0.00 0
148977 0.00 0.00 0.00 0
148978 0.00 0.00 0.00 0
148979 0.00 0.00 0.00 0
148980 0.00 0.00 0.00 0
162709 0.00 0.00 0.00 0
162718 0.00 0.00 0.00 0
162736 0.00 0.00 0.00 0
162737 0.00 0.00 0.00 0
162738 0.00 0.00 0.00 0
162739 0.00 0.00 0.00 0
162740 0.00 0.00 0.00 0
162741 0.00 0.00 0.00 0
162742 0.00 0.00 0.00 0
