# S_collat_transv_post
383
618 0.00 0.00 0.00 0
620 0.00 0.00 0.00 0
1387 0.00 0.00 0.00 0
2000 0.00 0.00 0.00 0
2489 0.00 0.00 0.00 0
2490 0.00 0.00 0.00 0
2497 0.00 0.00 0.00 0
2498 0.00 0.00 0.00 0
4388 0.00 0.00 0.00 0
5578 0.00 0.00 0.00 0
5579 0.00 0.00 0.00 0
5580 0.00 0.00 0.00 0
5592 0.00 0.00 0.00 0
5598 0.00 0.00 0.00 0
5600 0.00 0.00 0.00 0
7092 0.00 0.00 0.00 0
7103 0.00 0.00 0.00 0
8582 0.00 0.00 0.00 0
10025 0.00 0.00 0.00 0
10047 0.00 0.00 0.00 0
10048 0.00 0.00 0.00 0
10049 0.00 0.00 0.00 0
10050 0.00 0.00 0.00 0
10051 0.00 0.00 0.00 0
13256 0.00 0.00 0.00 0
13257 0.00 0.00 0.00 0
13258 0.00 0.00 0.00 0
13259 0.00 0.00 0.00 0
13260 0.00 0.00 0.00 0
13272 0.00 0.00 0.00 0
13277 0.00 0.00 0.00 0
13278 0.00 0.00 0.00 0
18919 0.00 0.00 0.00 0
18923 0.00 0.00 0.00 0
22489 0.00 0.00 0.00 0
22496 0.00 0.00 0.00 0
22497 0.00 0.00 0.00 0
22498 0.00 0.00 0.00 0
22500 0.00 0.00 0.00 0
22549 0.00 0.00 0.00 0
22551 0.00 0.00 0.00 0
22552 0.00 0.00 0.00 0
22553 0.00 0.00 0.00 0
22554 0.00 0.00 0.00 0
22555 0.00 0.00 0.00 0
22556 0.00 0.00 0.00 0
22557 0.00 0.00 0.00 0
22558 0.00 0.00 0.00 0
22559 0.00 0.00 0.00 0
22560 0.00 0.00 0.00 0
22561 0.00 0.00 0.00 0
22562 0.00 0.00 0.00 0
22563 0.00 0.00 0.00 0
26329 0.00 0.00 0.00 0
26330 0.00 0.00 0.00 0
28471 0.00 0.00 0.00 0
28472 0.00 0.00 0.00 0
28473 0.00 0.00 0.00 0
28474 0.00 0.00 0.00 0
28475 0.00 0.00 0.00 0
28476 0.00 0.00 0.00 0
28507 0.00 0.00 0.00 0
28508 0.00 0.00 0.00 0
28510 0.00 0.00 0.00 0
28512 0.00 0.00 0.00 0
28513 0.00 0.00 0.00 0
28514 0.00 0.00 0.00 0
31908 0.00 0.00 0.00 0
31929 0.00 0.00 0.00 0
31930 0.00 0.00 0.00 0
31931 0.00 0.00 0.00 0
31932 0.00 0.00 0.00 0
31933 0.00 0.00 0.00 0
40309 0.00 0.00 0.00 0
40311 0.00 0.00 0.00 0
40312 0.00 0.00 0.00 0
40376 0.00 0.00 0.00 0
40377 0.00 0.00 0.00 0
40378 0.00 0.00 0.00 0
40379 0.00 0.00 0.00 0
40380 0.00 0.00 0.00 0
40381 0.00 0.00 0.00 0
40382 0.00 0.00 0.00 0
40383 0.00 0.00 0.00 0
40384 0.00 0.00 0.00 0
40385 0.00 0.00 0.00 0
40386 0.00 0.00 0.00 0
40387 0.00 0.00 0.00 0
40388 0.00 0.00 0.00 0
40389 0.00 0.00 0.00 0
40390 0.00 0.00 0.00 0
40391 0.00 0.00 0.00 0
40392 0.00 0.00 0.00 0
43976 0.00 0.00 0.00 0
43977 0.00 0.00 0.00 0
43978 0.00 0.00 0.00 0
43979 0.00 0.00 0.00 0
43980 0.00 0.00 0.00 0
43992 0.00 0.00 0.00 0
43994 0.00 0.00 0.00 0
43996 0.00 0.00 0.00 0
43997 0.00 0.00 0.00 0
43998 0.00 0.00 0.00 0
49639 0.00 0.00 0.00 0
49640 0.00 0.00 0.00 0
49641 0.00 0.00 0.00 0
49642 0.00 0.00 0.00 0
49643 0.00 0.00 0.00 0
53209 0.00 0.00 0.00 0
53215 0.00 0.00 0.00 0
53216 0.00 0.00 0.00 0
53217 0.00 0.00 0.00 0
53218 0.00 0.00 0.00 0
53219 0.00 0.00 0.00 0
53220 0.00 0.00 0.00 0
53269 0.00 0.00 0.00 0
53270 0.00 0.00 0.00 0
53271 0.00 0.00 0.00 0
53272 0.00 0.00 0.00 0
53273 0.00 0.00 0.00 0
53274 0.00 0.00 0.00 0
53275 0.00 0.00 0.00 0
53276 0.00 0.00 0.00 0
53277 0.00 0.00 0.00 0
53278 0.00 0.00 0.00 0
53279 0.00 0.00 0.00 0
53280 0.00 0.00 0.00 0
53281 0.00 0.00 0.00 0
53282 0.00 0.00 0.00 0
53283 0.00 0.00 0.00 0
59240 0.00 0.00 0.00 0
59241 0.00 0.00 0.00 0
59242 0.00 0.00 0.00 0
59243 0.00 0.00 0.00 0
62809 0.00 0.00 0.00 0
62810 0.00 0.00 0.00 0
62811 0.00 0.00 0.00 0
62812 0.00 0.00 0.00 0
62813 0.00 0.00 0.00 0
62814 0.00 0.00 0.00 0
62815 0.00 0.00 0.00 0
62816 0.00 0.00 0.00 0
62817 0.00 0.00 0.00 0
62818 0.00 0.00 0.00 0
62819 0.00 0.00 0.00 0
62820 0.00 0.00 0.00 0
62854 0.00 0.00 0.00 0
62869 0.00 0.00 0.00 0
62870 0.00 0.00 0.00 0
62871 0.00 0.00 0.00 0
62872 0.00 0.00 0.00 0
62873 0.00 0.00 0.00 0
62880 0.00 0.00 0.00 0
70019 0.00 0.00 0.00 0
70020 0.00 0.00 0.00 0
70065 0.00 0.00 0.00 0
70066 0.00 0.00 0.00 0
70067 0.00 0.00 0.00 0
70068 0.00 0.00 0.00 0
90526 0.00 0.00 0.00 0
90527 0.00 0.00 0.00 0
90528 0.00 0.00 0.00 0
90529 0.00 0.00 0.00 0
90530 0.00 0.00 0.00 0
90531 0.00 0.00 0.00 0
90533 0.00 0.00 0.00 0
90534 0.00 0.00 0.00 0
90535 0.00 0.00 0.00 0
90694 0.00 0.00 0.00 0
90695 0.00 0.00 0.00 0
90696 0.00 0.00 0.00 0
90697 0.00 0.00 0.00 0
90698 0.00 0.00 0.00 0
90699 0.00 0.00 0.00 0
90700 0.00 0.00 0.00 0
90701 0.00 0.00 0.00 0
90702 0.00 0.00 0.00 0
90703 0.00 0.00 0.00 0
90704 0.00 0.00 0.00 0
90705 0.00 0.00 0.00 0
90706 0.00 0.00 0.00 0
90707 0.00 0.00 0.00 0
90708 0.00 0.00 0.00 0
90709 0.00 0.00 0.00 0
90710 0.00 0.00 0.00 0
90711 0.00 0.00 0.00 0
90712 0.00 0.00 0.00 0
90713 0.00 0.00 0.00 0
90714 0.00 0.00 0.00 0
90715 0.00 0.00 0.00 0
90716 0.00 0.00 0.00 0
90717 0.00 0.00 0.00 0
90718 0.00 0.00 0.00 0
90719 0.00 0.00 0.00 0
90720 0.00 0.00 0.00 0
90721 0.00 0.00 0.00 0
90722 0.00 0.00 0.00 0
90723 0.00 0.00 0.00 0
90724 0.00 0.00 0.00 0
90725 0.00 0.00 0.00 0
90726 0.00 0.00 0.00 0
90727 0.00 0.00 0.00 0
90728 0.00 0.00 0.00 0
90729 0.00 0.00 0.00 0
90730 0.00 0.00 0.00 0
90731 0.00 0.00 0.00 0
90733 0.00 0.00 0.00 0
90734 0.00 0.00 0.00 0
90735 0.00 0.00 0.00 0
90736 0.00 0.00 0.00 0
97588 0.00 0.00 0.00 0
97589 0.00 0.00 0.00 0
97590 0.00 0.00 0.00 0
97591 0.00 0.00 0.00 0
97592 0.00 0.00 0.00 0
97593 0.00 0.00 0.00 0
97594 0.00 0.00 0.00 0
97595 0.00 0.00 0.00 0
97596 0.00 0.00 0.00 0
97616 0.00 0.00 0.00 0
97617 0.00 0.00 0.00 0
97626 0.00 0.00 0.00 0
97627 0.00 0.00 0.00 0
97628 0.00 0.00 0.00 0
107789 0.00 0.00 0.00 0
114207 0.00 0.00 0.00 0
114220 0.00 0.00 0.00 0
114221 0.00 0.00 0.00 0
114222 0.00 0.00 0.00 0
114223 0.00 0.00 0.00 0
114224 0.00 0.00 0.00 0
114225 0.00 0.00 0.00 0
114226 0.00 0.00 0.00 0
114227 0.00 0.00 0.00 0
114315 0.00 0.00 0.00 0
114317 0.00 0.00 0.00 0
114318 0.00 0.00 0.00 0
114319 0.00 0.00 0.00 0
114320 0.00 0.00 0.00 0
114321 0.00 0.00 0.00 0
114322 0.00 0.00 0.00 0
114323 0.00 0.00 0.00 0
114324 0.00 0.00 0.00 0
114325 0.00 0.00 0.00 0
114326 0.00 0.00 0.00 0
114327 0.00 0.00 0.00 0
114328 0.00 0.00 0.00 0
114329 0.00 0.00 0.00 0
114330 0.00 0.00 0.00 0
114331 0.00 0.00 0.00 0
114332 0.00 0.00 0.00 0
114333 0.00 0.00 0.00 0
114334 0.00 0.00 0.00 0
114335 0.00 0.00 0.00 0
114336 0.00 0.00 0.00 0
114337 0.00 0.00 0.00 0
114338 0.00 0.00 0.00 0
114339 0.00 0.00 0.00 0
114340 0.00 0.00 0.00 0
114341 0.00 0.00 0.00 0
122874 0.00 0.00 0.00 0
122875 0.00 0.00 0.00 0
122876 0.00 0.00 0.00 0
127869 0.00 0.00 0.00 0
127870 0.00 0.00 0.00 0
127871 0.00 0.00 0.00 0
127872 0.00 0.00 0.00 0
127873 0.00 0.00 0.00 0
127874 0.00 0.00 0.00 0
127875 0.00 0.00 0.00 0
127876 0.00 0.00 0.00 0
127877 0.00 0.00 0.00 0
127878 0.00 0.00 0.00 0
127879 0.00 0.00 0.00 0
127880 0.00 0.00 0.00 0
127881 0.00 0.00 0.00 0
127882 0.00 0.00 0.00 0
127883 0.00 0.00 0.00 0
127884 0.00 0.00 0.00 0
127933 0.00 0.00 0.00 0
127953 0.00 0.00 0.00 0
127954 0.00 0.00 0.00 0
127955 0.00 0.00 0.00 0
127956 0.00 0.00 0.00 0
127957 0.00 0.00 0.00 0
127958 0.00 0.00 0.00 0
127960 0.00 0.00 0.00 0
127962 0.00 0.00 0.00 0
127963 0.00 0.00 0.00 0
127966 0.00 0.00 0.00 0
127967 0.00 0.00 0.00 0
127968 0.00 0.00 0.00 0
127969 0.00 0.00 0.00 0
127970 0.00 0.00 0.00 0
127971 0.00 0.00 0.00 0
137074 0.00 0.00 0.00 0
137075 0.00 0.00 0.00 0
137076 0.00 0.00 0.00 0
137131 0.00 0.00 0.00 0
137132 0.00 0.00 0.00 0
137133 0.00 0.00 0.00 0
137134 0.00 0.00 0.00 0
137135 0.00 0.00 0.00 0
137136 0.00 0.00 0.00 0
137137 0.00 0.00 0.00 0
137138 0.00 0.00 0.00 0
137139 0.00 0.00 0.00 0
137140 0.00 0.00 0.00 0
137141 0.00 0.00 0.00 0
137142 0.00 0.00 0.00 0
137143 0.00 0.00 0.00 0
137144 0.00 0.00 0.00 0
161859 0.00 0.00 0.00 0
161877 0.00 0.00 0.00 0
161878 0.00 0.00 0.00 0
161879 0.00 0.00 0.00 0
161880 0.00 0.00 0.00 0
161881 0.00 0.00 0.00 0
161882 0.00 0.00 0.00 0
161883 0.00 0.00 0.00 0
161884 0.00 0.00 0.00 0
161885 0.00 0.00 0.00 0
161889 0.00 0.00 0.00 0
161890 0.00 0.00 0.00 0
161891 0.00 0.00 0.00 0
161892 0.00 0.00 0.00 0
161893 0.00 0.00 0.00 0
161894 0.00 0.00 0.00 0
161895 0.00 0.00 0.00 0
162080 0.00 0.00 0.00 0
162081 0.00 0.00 0.00 0
162082 0.00 0.00 0.00 0
162083 0.00 0.00 0.00 0
162084 0.00 0.00 0.00 0
162085 0.00 0.00 0.00 0
162086 0.00 0.00 0.00 0
162087 0.00 0.00 0.00 0
162088 0.00 0.00 0.00 0
162089 0.00 0.00 0.00 0
162090 0.00 0.00 0.00 0
162091 0.00 0.00 0.00 0
162092 0.00 0.00 0.00 0
162093 0.00 0.00 0.00 0
162094 0.00 0.00 0.00 0
162095 0.00 0.00 0.00 0
162096 0.00 0.00 0.00 0
162097 0.00 0.00 0.00 0
162098 0.00 0.00 0.00 0
162099 0.00 0.00 0.00 0
162100 0.00 0.00 0.00 0
162101 0.00 0.00 0.00 0
162102 0.00 0.00 0.00 0
162103 0.00 0.00 0.00 0
162104 0.00 0.00 0.00 0
162105 0.00 0.00 0.00 0
162106 0.00 0.00 0.00 0
162107 0.00 0.00 0.00 0
162108 0.00 0.00 0.00 0
162109 0.00 0.00 0.00 0
162110 0.00 0.00 0.00 0
162111 0.00 0.00 0.00 0
162112 0.00 0.00 0.00 0
162113 0.00 0.00 0.00 0
162114 0.00 0.00 0.00 0
162115 0.00 0.00 0.00 0
162116 0.00 0.00 0.00 0
162117 0.00 0.00 0.00 0
162118 0.00 0.00 0.00 0
162119 0.00 0.00 0.00 0
162120 0.00 0.00 0.00 0
162121 0.00 0.00 0.00 0
162122 0.00 0.00 0.00 0
162123 0.00 0.00 0.00 0
162124 0.00 0.00 0.00 0
162125 0.00 0.00 0.00 0
162126 0.00 0.00 0.00 0
162127 0.00 0.00 0.00 0
162128 0.00 0.00 0.00 0
162129 0.00 0.00 0.00 0
162130 0.00 0.00 0.00 0
162131 0.00 0.00 0.00 0
162132 0.00 0.00 0.00 0
162133 0.00 0.00 0.00 0
