# S_collat_transv_ant
1085
11 0.00 0.00 0.00 0
605 0.00 0.00 0.00 0
615 0.00 0.00 0.00 0
624 0.00 0.00 0.00 0
1371 0.00 0.00 0.00 0
1372 0.00 0.00 0.00 0
2450 0.00 0.00 0.00 0
2451 0.00 0.00 0.00 0
2452 0.00 0.00 0.00 0
2453 0.00 0.00 0.00 0
2454 0.00 0.00 0.00 0
2479 0.00 0.00 0.00 0
2480 0.00 0.00 0.00 0
2481 0.00 0.00 0.00 0
2507 0.00 0.00 0.00 0
2508 0.00 0.00 0.00 0
2534 0.00 0.00 0.00 0
2535 0.00 0.00 0.00 0
5483 0.00 0.00 0.00 0
5486 0.00 0.00 0.00 0
5488 0.00 0.00 0.00 0
5552 0.00 0.00 0.00 0
5553 0.00 0.00 0.00 0
5554 0.00 0.00 0.00 0
5555 0.00 0.00 0.00 0
5556 0.00 0.00 0.00 0
5557 0.00 0.00 0.00 0
5621 0.00 0.00 0.00 0
5622 0.00 0.00 0.00 0
5623 0.00 0.00 0.00 0
5624 0.00 0.00 0.00 0
5625 0.00 0.00 0.00 0
5690 0.00 0.00 0.00 0
5691 0.00 0.00 0.00 0
5692 0.00 0.00 0.00 0
5693 0.00 0.00 0.00 0
7075 0.00 0.00 0.00 0
7076 0.00 0.00 0.00 0
7077 0.00 0.00 0.00 0
7078 0.00 0.00 0.00 0
9909 0.00 0.00 0.00 0
9910 0.00 0.00 0.00 0
9911 0.00 0.00 0.00 0
9913 0.00 0.00 0.00 0
9914 0.00 0.00 0.00 0
9915 0.00 0.00 0.00 0
9916 0.00 0.00 0.00 0
9917 0.00 0.00 0.00 0
9918 0.00 0.00 0.00 0
9993 0.00 0.00 0.00 0
9994 0.00 0.00 0.00 0
9995 0.00 0.00 0.00 0
9996 0.00 0.00 0.00 0
9997 0.00 0.00 0.00 0
9998 0.00 0.00 0.00 0
9999 0.00 0.00 0.00 0
10074 0.00 0.00 0.00 0
10076 0.00 0.00 0.00 0
10077 0.00 0.00 0.00 0
10078 0.00 0.00 0.00 0
10079 0.00 0.00 0.00 0
10080 0.00 0.00 0.00 0
10159 0.00 0.00 0.00 0
10160 0.00 0.00 0.00 0
10161 0.00 0.00 0.00 0
10241 0.00 0.00 0.00 0
13232 0.00 0.00 0.00 0
13233 0.00 0.00 0.00 0
13234 0.00 0.00 0.00 0
13235 0.00 0.00 0.00 0
13236 0.00 0.00 0.00 0
13237 0.00 0.00 0.00 0
13301 0.00 0.00 0.00 0
13302 0.00 0.00 0.00 0
13303 0.00 0.00 0.00 0
13304 0.00 0.00 0.00 0
13305 0.00 0.00 0.00 0
13369 0.00 0.00 0.00 0
13370 0.00 0.00 0.00 0
13371 0.00 0.00 0.00 0
13372 0.00 0.00 0.00 0
13373 0.00 0.00 0.00 0
15631 0.00 0.00 0.00 0
15633 0.00 0.00 0.00 0
15634 0.00 0.00 0.00 0
15635 0.00 0.00 0.00 0
15636 0.00 0.00 0.00 0
15637 0.00 0.00 0.00 0
22207 0.00 0.00 0.00 0
22208 0.00 0.00 0.00 0
22209 0.00 0.00 0.00 0
22210 0.00 0.00 0.00 0
22211 0.00 0.00 0.00 0
22212 0.00 0.00 0.00 0
22213 0.00 0.00 0.00 0
22214 0.00 0.00 0.00 0
22218 0.00 0.00 0.00 0
22219 0.00 0.00 0.00 0
22220 0.00 0.00 0.00 0
22221 0.00 0.00 0.00 0
22222 0.00 0.00 0.00 0
22223 0.00 0.00 0.00 0
22224 0.00 0.00 0.00 0
22225 0.00 0.00 0.00 0
22226 0.00 0.00 0.00 0
22227 0.00 0.00 0.00 0
22228 0.00 0.00 0.00 0
22229 0.00 0.00 0.00 0
22413 0.00 0.00 0.00 0
22415 0.00 0.00 0.00 0
22416 0.00 0.00 0.00 0
22417 0.00 0.00 0.00 0
22418 0.00 0.00 0.00 0
22419 0.00 0.00 0.00 0
22420 0.00 0.00 0.00 0
22421 0.00 0.00 0.00 0
22422 0.00 0.00 0.00 0
22423 0.00 0.00 0.00 0
22424 0.00 0.00 0.00 0
22425 0.00 0.00 0.00 0
22426 0.00 0.00 0.00 0
22427 0.00 0.00 0.00 0
22428 0.00 0.00 0.00 0
22429 0.00 0.00 0.00 0
22430 0.00 0.00 0.00 0
22431 0.00 0.00 0.00 0
22432 0.00 0.00 0.00 0
22624 0.00 0.00 0.00 0
22625 0.00 0.00 0.00 0
22626 0.00 0.00 0.00 0
22627 0.00 0.00 0.00 0
22628 0.00 0.00 0.00 0
22629 0.00 0.00 0.00 0
22630 0.00 0.00 0.00 0
22631 0.00 0.00 0.00 0
22632 0.00 0.00 0.00 0
22633 0.00 0.00 0.00 0
22634 0.00 0.00 0.00 0
22635 0.00 0.00 0.00 0
22827 0.00 0.00 0.00 0
22828 0.00 0.00 0.00 0
22829 0.00 0.00 0.00 0
22831 0.00 0.00 0.00 0
22832 0.00 0.00 0.00 0
22833 0.00 0.00 0.00 0
22834 0.00 0.00 0.00 0
22835 0.00 0.00 0.00 0
22836 0.00 0.00 0.00 0
22837 0.00 0.00 0.00 0
22838 0.00 0.00 0.00 0
23039 0.00 0.00 0.00 0
23040 0.00 0.00 0.00 0
23041 0.00 0.00 0.00 0
24358 0.00 0.00 0.00 0
28301 0.00 0.00 0.00 0
28302 0.00 0.00 0.00 0
28303 0.00 0.00 0.00 0
28304 0.00 0.00 0.00 0
28308 0.00 0.00 0.00 0
28309 0.00 0.00 0.00 0
28310 0.00 0.00 0.00 0
28311 0.00 0.00 0.00 0
28312 0.00 0.00 0.00 0
28313 0.00 0.00 0.00 0
28426 0.00 0.00 0.00 0
28427 0.00 0.00 0.00 0
28428 0.00 0.00 0.00 0
28429 0.00 0.00 0.00 0
28430 0.00 0.00 0.00 0
28431 0.00 0.00 0.00 0
28432 0.00 0.00 0.00 0
28433 0.00 0.00 0.00 0
28434 0.00 0.00 0.00 0
28435 0.00 0.00 0.00 0
28551 0.00 0.00 0.00 0
28552 0.00 0.00 0.00 0
28553 0.00 0.00 0.00 0
28554 0.00 0.00 0.00 0
28555 0.00 0.00 0.00 0
28556 0.00 0.00 0.00 0
28557 0.00 0.00 0.00 0
28673 0.00 0.00 0.00 0
28674 0.00 0.00 0.00 0
28675 0.00 0.00 0.00 0
28676 0.00 0.00 0.00 0
28677 0.00 0.00 0.00 0
28678 0.00 0.00 0.00 0
28679 0.00 0.00 0.00 0
31867 0.00 0.00 0.00 0
31868 0.00 0.00 0.00 0
31869 0.00 0.00 0.00 0
31870 0.00 0.00 0.00 0
31871 0.00 0.00 0.00 0
31872 0.00 0.00 0.00 0
31873 0.00 0.00 0.00 0
31874 0.00 0.00 0.00 0
31875 0.00 0.00 0.00 0
31876 0.00 0.00 0.00 0
31971 0.00 0.00 0.00 0
39964 0.00 0.00 0.00 0
39965 0.00 0.00 0.00 0
39966 0.00 0.00 0.00 0
39967 0.00 0.00 0.00 0
39968 0.00 0.00 0.00 0
39969 0.00 0.00 0.00 0
39970 0.00 0.00 0.00 0
39971 0.00 0.00 0.00 0
39974 0.00 0.00 0.00 0
39975 0.00 0.00 0.00 0
39976 0.00 0.00 0.00 0
39977 0.00 0.00 0.00 0
39978 0.00 0.00 0.00 0
39979 0.00 0.00 0.00 0
39980 0.00 0.00 0.00 0
39981 0.00 0.00 0.00 0
39982 0.00 0.00 0.00 0
39983 0.00 0.00 0.00 0
39984 0.00 0.00 0.00 0
39985 0.00 0.00 0.00 0
39986 0.00 0.00 0.00 0
39987 0.00 0.00 0.00 0
39988 0.00 0.00 0.00 0
39989 0.00 0.00 0.00 0
39990 0.00 0.00 0.00 0
40214 0.00 0.00 0.00 0
40215 0.00 0.00 0.00 0
40216 0.00 0.00 0.00 0
40217 0.00 0.00 0.00 0
40218 0.00 0.00 0.00 0
40219 0.00 0.00 0.00 0
40220 0.00 0.00 0.00 0
40221 0.00 0.00 0.00 0
40222 0.00 0.00 0.00 0
40223 0.00 0.00 0.00 0
40224 0.00 0.00 0.00 0
40225 0.00 0.00 0.00 0
40226 0.00 0.00 0.00 0
40227 0.00 0.00 0.00 0
40228 0.00 0.00 0.00 0
40229 0.00 0.00 0.00 0
40230 0.00 0.00 0.00 0
40231 0.00 0.00 0.00 0
40232 0.00 0.00 0.00 0
40233 0.00 0.00 0.00 0
40457 0.00 0.00 0.00 0
40458 0.00 0.00 0.00 0
40465 0.00 0.00 0.00 0
40466 0.00 0.00 0.00 0
40467 0.00 0.00 0.00 0
40468 0.00 0.00 0.00 0
40469 0.00 0.00 0.00 0
40470 0.00 0.00 0.00 0
40471 0.00 0.00 0.00 0
40472 0.00 0.00 0.00 0
40473 0.00 0.00 0.00 0
40474 0.00 0.00 0.00 0
40475 0.00 0.00 0.00 0
40476 0.00 0.00 0.00 0
40705 0.00 0.00 0.00 0
40713 0.00 0.00 0.00 0
40714 0.00 0.00 0.00 0
40715 0.00 0.00 0.00 0
40716 0.00 0.00 0.00 0
40717 0.00 0.00 0.00 0
40718 0.00 0.00 0.00 0
40719 0.00 0.00 0.00 0
40959 0.00 0.00 0.00 0
40960 0.00 0.00 0.00 0
40961 0.00 0.00 0.00 0
43953 0.00 0.00 0.00 0
43954 0.00 0.00 0.00 0
43955 0.00 0.00 0.00 0
43956 0.00 0.00 0.00 0
43957 0.00 0.00 0.00 0
44021 0.00 0.00 0.00 0
44022 0.00 0.00 0.00 0
44023 0.00 0.00 0.00 0
44024 0.00 0.00 0.00 0
44025 0.00 0.00 0.00 0
44089 0.00 0.00 0.00 0
44090 0.00 0.00 0.00 0
44091 0.00 0.00 0.00 0
44092 0.00 0.00 0.00 0
44093 0.00 0.00 0.00 0
46353 0.00 0.00 0.00 0
46354 0.00 0.00 0.00 0
46355 0.00 0.00 0.00 0
46356 0.00 0.00 0.00 0
46357 0.00 0.00 0.00 0
52927 0.00 0.00 0.00 0
52928 0.00 0.00 0.00 0
52929 0.00 0.00 0.00 0
52930 0.00 0.00 0.00 0
52931 0.00 0.00 0.00 0
52932 0.00 0.00 0.00 0
52933 0.00 0.00 0.00 0
52934 0.00 0.00 0.00 0
52938 0.00 0.00 0.00 0
52939 0.00 0.00 0.00 0
52940 0.00 0.00 0.00 0
52941 0.00 0.00 0.00 0
52942 0.00 0.00 0.00 0
52943 0.00 0.00 0.00 0
52944 0.00 0.00 0.00 0
52945 0.00 0.00 0.00 0
52946 0.00 0.00 0.00 0
52947 0.00 0.00 0.00 0
52948 0.00 0.00 0.00 0
52949 0.00 0.00 0.00 0
53133 0.00 0.00 0.00 0
53134 0.00 0.00 0.00 0
53135 0.00 0.00 0.00 0
53136 0.00 0.00 0.00 0
53137 0.00 0.00 0.00 0
53138 0.00 0.00 0.00 0
53139 0.00 0.00 0.00 0
53140 0.00 0.00 0.00 0
53141 0.00 0.00 0.00 0
53142 0.00 0.00 0.00 0
53143 0.00 0.00 0.00 0
53144 0.00 0.00 0.00 0
53145 0.00 0.00 0.00 0
53146 0.00 0.00 0.00 0
53147 0.00 0.00 0.00 0
53148 0.00 0.00 0.00 0
53149 0.00 0.00 0.00 0
53150 0.00 0.00 0.00 0
53151 0.00 0.00 0.00 0
53152 0.00 0.00 0.00 0
53344 0.00 0.00 0.00 0
53345 0.00 0.00 0.00 0
53346 0.00 0.00 0.00 0
53347 0.00 0.00 0.00 0
53348 0.00 0.00 0.00 0
53349 0.00 0.00 0.00 0
53350 0.00 0.00 0.00 0
53351 0.00 0.00 0.00 0
53352 0.00 0.00 0.00 0
53353 0.00 0.00 0.00 0
53354 0.00 0.00 0.00 0
53355 0.00 0.00 0.00 0
53547 0.00 0.00 0.00 0
53548 0.00 0.00 0.00 0
53549 0.00 0.00 0.00 0
53550 0.00 0.00 0.00 0
53551 0.00 0.00 0.00 0
53552 0.00 0.00 0.00 0
53553 0.00 0.00 0.00 0
53554 0.00 0.00 0.00 0
53555 0.00 0.00 0.00 0
53556 0.00 0.00 0.00 0
53557 0.00 0.00 0.00 0
53558 0.00 0.00 0.00 0
53759 0.00 0.00 0.00 0
53760 0.00 0.00 0.00 0
53761 0.00 0.00 0.00 0
55955 0.00 0.00 0.00 0
55956 0.00 0.00 0.00 0
55957 0.00 0.00 0.00 0
62528 0.00 0.00 0.00 0
62531 0.00 0.00 0.00 0
62532 0.00 0.00 0.00 0
62533 0.00 0.00 0.00 0
62534 0.00 0.00 0.00 0
62541 0.00 0.00 0.00 0
62542 0.00 0.00 0.00 0
62543 0.00 0.00 0.00 0
62544 0.00 0.00 0.00 0
62546 0.00 0.00 0.00 0
62547 0.00 0.00 0.00 0
62548 0.00 0.00 0.00 0
62736 0.00 0.00 0.00 0
62737 0.00 0.00 0.00 0
62738 0.00 0.00 0.00 0
62739 0.00 0.00 0.00 0
62740 0.00 0.00 0.00 0
62741 0.00 0.00 0.00 0
62742 0.00 0.00 0.00 0
62743 0.00 0.00 0.00 0
62744 0.00 0.00 0.00 0
62745 0.00 0.00 0.00 0
62746 0.00 0.00 0.00 0
62747 0.00 0.00 0.00 0
62748 0.00 0.00 0.00 0
62749 0.00 0.00 0.00 0
62750 0.00 0.00 0.00 0
62751 0.00 0.00 0.00 0
62752 0.00 0.00 0.00 0
62941 0.00 0.00 0.00 0
62942 0.00 0.00 0.00 0
62943 0.00 0.00 0.00 0
62944 0.00 0.00 0.00 0
62945 0.00 0.00 0.00 0
62946 0.00 0.00 0.00 0
62947 0.00 0.00 0.00 0
62948 0.00 0.00 0.00 0
62949 0.00 0.00 0.00 0
62950 0.00 0.00 0.00 0
62951 0.00 0.00 0.00 0
62952 0.00 0.00 0.00 0
62953 0.00 0.00 0.00 0
62954 0.00 0.00 0.00 0
62955 0.00 0.00 0.00 0
63146 0.00 0.00 0.00 0
63147 0.00 0.00 0.00 0
63148 0.00 0.00 0.00 0
63149 0.00 0.00 0.00 0
63150 0.00 0.00 0.00 0
63151 0.00 0.00 0.00 0
63152 0.00 0.00 0.00 0
63153 0.00 0.00 0.00 0
63154 0.00 0.00 0.00 0
63155 0.00 0.00 0.00 0
63156 0.00 0.00 0.00 0
63157 0.00 0.00 0.00 0
63158 0.00 0.00 0.00 0
69933 0.00 0.00 0.00 0
69934 0.00 0.00 0.00 0
69935 0.00 0.00 0.00 0
69936 0.00 0.00 0.00 0
69937 0.00 0.00 0.00 0
69941 0.00 0.00 0.00 0
69942 0.00 0.00 0.00 0
69943 0.00 0.00 0.00 0
69944 0.00 0.00 0.00 0
69945 0.00 0.00 0.00 0
69946 0.00 0.00 0.00 0
69947 0.00 0.00 0.00 0
69948 0.00 0.00 0.00 0
69949 0.00 0.00 0.00 0
69950 0.00 0.00 0.00 0
69951 0.00 0.00 0.00 0
69952 0.00 0.00 0.00 0
70154 0.00 0.00 0.00 0
70155 0.00 0.00 0.00 0
89665 0.00 0.00 0.00 0
89666 0.00 0.00 0.00 0
89667 0.00 0.00 0.00 0
89668 0.00 0.00 0.00 0
89669 0.00 0.00 0.00 0
89670 0.00 0.00 0.00 0
89671 0.00 0.00 0.00 0
89672 0.00 0.00 0.00 0
89673 0.00 0.00 0.00 0
89674 0.00 0.00 0.00 0
89675 0.00 0.00 0.00 0
89676 0.00 0.00 0.00 0
89677 0.00 0.00 0.00 0
89678 0.00 0.00 0.00 0
89679 0.00 0.00 0.00 0
89680 0.00 0.00 0.00 0
89681 0.00 0.00 0.00 0
89682 0.00 0.00 0.00 0
89683 0.00 0.00 0.00 0
89684 0.00 0.00 0.00 0
89691 0.00 0.00 0.00 0
89692 0.00 0.00 0.00 0
89695 0.00 0.00 0.00 0
89696 0.00 0.00 0.00 0
89697 0.00 0.00 0.00 0
89698 0.00 0.00 0.00 0
89699 0.00 0.00 0.00 0
89700 0.00 0.00 0.00 0
89701 0.00 0.00 0.00 0
89702 0.00 0.00 0.00 0
89703 0.00 0.00 0.00 0
89704 0.00 0.00 0.00 0
89705 0.00 0.00 0.00 0
89706 0.00 0.00 0.00 0
89707 0.00 0.00 0.00 0
89708 0.00 0.00 0.00 0
89709 0.00 0.00 0.00 0
89710 0.00 0.00 0.00 0
89711 0.00 0.00 0.00 0
89712 0.00 0.00 0.00 0
89713 0.00 0.00 0.00 0
89714 0.00 0.00 0.00 0
89715 0.00 0.00 0.00 0
89716 0.00 0.00 0.00 0
89717 0.00 0.00 0.00 0
89718 0.00 0.00 0.00 0
89719 0.00 0.00 0.00 0
89720 0.00 0.00 0.00 0
89721 0.00 0.00 0.00 0
89722 0.00 0.00 0.00 0
89723 0.00 0.00 0.00 0
89724 0.00 0.00 0.00 0
89725 0.00 0.00 0.00 0
89726 0.00 0.00 0.00 0
89727 0.00 0.00 0.00 0
89728 0.00 0.00 0.00 0
89729 0.00 0.00 0.00 0
90288 0.00 0.00 0.00 0
90289 0.00 0.00 0.00 0
90290 0.00 0.00 0.00 0
90291 0.00 0.00 0.00 0
90292 0.00 0.00 0.00 0
90293 0.00 0.00 0.00 0
90294 0.00 0.00 0.00 0
90295 0.00 0.00 0.00 0
90296 0.00 0.00 0.00 0
90297 0.00 0.00 0.00 0
90298 0.00 0.00 0.00 0
90299 0.00 0.00 0.00 0
90300 0.00 0.00 0.00 0
90301 0.00 0.00 0.00 0
90302 0.00 0.00 0.00 0
90303 0.00 0.00 0.00 0
90304 0.00 0.00 0.00 0
90305 0.00 0.00 0.00 0
90306 0.00 0.00 0.00 0
90307 0.00 0.00 0.00 0
90308 0.00 0.00 0.00 0
90309 0.00 0.00 0.00 0
90310 0.00 0.00 0.00 0
90311 0.00 0.00 0.00 0
90312 0.00 0.00 0.00 0
90313 0.00 0.00 0.00 0
90314 0.00 0.00 0.00 0
90315 0.00 0.00 0.00 0
90316 0.00 0.00 0.00 0
90317 0.00 0.00 0.00 0
90318 0.00 0.00 0.00 0
90319 0.00 0.00 0.00 0
90320 0.00 0.00 0.00 0
90321 0.00 0.00 0.00 0
90322 0.00 0.00 0.00 0
90323 0.00 0.00 0.00 0
90324 0.00 0.00 0.00 0
90325 0.00 0.00 0.00 0
90326 0.00 0.00 0.00 0
90327 0.00 0.00 0.00 0
90328 0.00 0.00 0.00 0
90329 0.00 0.00 0.00 0
90330 0.00 0.00 0.00 0
90331 0.00 0.00 0.00 0
90332 0.00 0.00 0.00 0
90333 0.00 0.00 0.00 0
90334 0.00 0.00 0.00 0
90335 0.00 0.00 0.00 0
90336 0.00 0.00 0.00 0
90337 0.00 0.00 0.00 0
90897 0.00 0.00 0.00 0
90898 0.00 0.00 0.00 0
90899 0.00 0.00 0.00 0
90900 0.00 0.00 0.00 0
90909 0.00 0.00 0.00 0
90911 0.00 0.00 0.00 0
90912 0.00 0.00 0.00 0
90913 0.00 0.00 0.00 0
90914 0.00 0.00 0.00 0
90916 0.00 0.00 0.00 0
90917 0.00 0.00 0.00 0
90918 0.00 0.00 0.00 0
90919 0.00 0.00 0.00 0
90920 0.00 0.00 0.00 0
90921 0.00 0.00 0.00 0
90922 0.00 0.00 0.00 0
90923 0.00 0.00 0.00 0
90924 0.00 0.00 0.00 0
90925 0.00 0.00 0.00 0
90926 0.00 0.00 0.00 0
90927 0.00 0.00 0.00 0
90928 0.00 0.00 0.00 0
90929 0.00 0.00 0.00 0
90930 0.00 0.00 0.00 0
90931 0.00 0.00 0.00 0
90932 0.00 0.00 0.00 0
90933 0.00 0.00 0.00 0
90934 0.00 0.00 0.00 0
90935 0.00 0.00 0.00 0
90936 0.00 0.00 0.00 0
90937 0.00 0.00 0.00 0
90938 0.00 0.00 0.00 0
90939 0.00 0.00 0.00 0
90940 0.00 0.00 0.00 0
90941 0.00 0.00 0.00 0
90942 0.00 0.00 0.00 0
90943 0.00 0.00 0.00 0
90944 0.00 0.00 0.00 0
90945 0.00 0.00 0.00 0
91519 0.00 0.00 0.00 0
91520 0.00 0.00 0.00 0
91521 0.00 0.00 0.00 0
91534 0.00 0.00 0.00 0
91535 0.00 0.00 0.00 0
91536 0.00 0.00 0.00 0
91537 0.00 0.00 0.00 0
91538 0.00 0.00 0.00 0
91539 0.00 0.00 0.00 0
91540 0.00 0.00 0.00 0
91541 0.00 0.00 0.00 0
91542 0.00 0.00 0.00 0
91543 0.00 0.00 0.00 0
91544 0.00 0.00 0.00 0
91545 0.00 0.00 0.00 0
91546 0.00 0.00 0.00 0
91547 0.00 0.00 0.00 0
91548 0.00 0.00 0.00 0
91549 0.00 0.00 0.00 0
91550 0.00 0.00 0.00 0
91551 0.00 0.00 0.00 0
91552 0.00 0.00 0.00 0
91553 0.00 0.00 0.00 0
92153 0.00 0.00 0.00 0
92154 0.00 0.00 0.00 0
92155 0.00 0.00 0.00 0
92156 0.00 0.00 0.00 0
92157 0.00 0.00 0.00 0
92158 0.00 0.00 0.00 0
92159 0.00 0.00 0.00 0
92160 0.00 0.00 0.00 0
92161 0.00 0.00 0.00 0
97546 0.00 0.00 0.00 0
97547 0.00 0.00 0.00 0
97548 0.00 0.00 0.00 0
97549 0.00 0.00 0.00 0
97550 0.00 0.00 0.00 0
97551 0.00 0.00 0.00 0
97552 0.00 0.00 0.00 0
97553 0.00 0.00 0.00 0
97554 0.00 0.00 0.00 0
97555 0.00 0.00 0.00 0
97669 0.00 0.00 0.00 0
97670 0.00 0.00 0.00 0
97671 0.00 0.00 0.00 0
97672 0.00 0.00 0.00 0
97673 0.00 0.00 0.00 0
97674 0.00 0.00 0.00 0
97675 0.00 0.00 0.00 0
97676 0.00 0.00 0.00 0
97677 0.00 0.00 0.00 0
97791 0.00 0.00 0.00 0
97792 0.00 0.00 0.00 0
97793 0.00 0.00 0.00 0
97794 0.00 0.00 0.00 0
97795 0.00 0.00 0.00 0
97796 0.00 0.00 0.00 0
97797 0.00 0.00 0.00 0
97798 0.00 0.00 0.00 0
97799 0.00 0.00 0.00 0
101866 0.00 0.00 0.00 0
101867 0.00 0.00 0.00 0
101868 0.00 0.00 0.00 0
101869 0.00 0.00 0.00 0
101870 0.00 0.00 0.00 0
101871 0.00 0.00 0.00 0
101872 0.00 0.00 0.00 0
101873 0.00 0.00 0.00 0
101874 0.00 0.00 0.00 0
101875 0.00 0.00 0.00 0
113702 0.00 0.00 0.00 0
113703 0.00 0.00 0.00 0
113704 0.00 0.00 0.00 0
113705 0.00 0.00 0.00 0
113706 0.00 0.00 0.00 0
113707 0.00 0.00 0.00 0
113708 0.00 0.00 0.00 0
113709 0.00 0.00 0.00 0
113710 0.00 0.00 0.00 0
113711 0.00 0.00 0.00 0
113712 0.00 0.00 0.00 0
113713 0.00 0.00 0.00 0
113714 0.00 0.00 0.00 0
113720 0.00 0.00 0.00 0
113721 0.00 0.00 0.00 0
113722 0.00 0.00 0.00 0
113723 0.00 0.00 0.00 0
113724 0.00 0.00 0.00 0
113725 0.00 0.00 0.00 0
113726 0.00 0.00 0.00 0
113727 0.00 0.00 0.00 0
113728 0.00 0.00 0.00 0
113729 0.00 0.00 0.00 0
113730 0.00 0.00 0.00 0
113731 0.00 0.00 0.00 0
113732 0.00 0.00 0.00 0
113733 0.00 0.00 0.00 0
113734 0.00 0.00 0.00 0
113735 0.00 0.00 0.00 0
113736 0.00 0.00 0.00 0
113737 0.00 0.00 0.00 0
113738 0.00 0.00 0.00 0
113739 0.00 0.00 0.00 0
113740 0.00 0.00 0.00 0
113741 0.00 0.00 0.00 0
114073 0.00 0.00 0.00 0
114074 0.00 0.00 0.00 0
114075 0.00 0.00 0.00 0
114076 0.00 0.00 0.00 0
114077 0.00 0.00 0.00 0
114078 0.00 0.00 0.00 0
114079 0.00 0.00 0.00 0
114080 0.00 0.00 0.00 0
114081 0.00 0.00 0.00 0
114082 0.00 0.00 0.00 0
114083 0.00 0.00 0.00 0
114084 0.00 0.00 0.00 0
114085 0.00 0.00 0.00 0
114086 0.00 0.00 0.00 0
114087 0.00 0.00 0.00 0
114088 0.00 0.00 0.00 0
114089 0.00 0.00 0.00 0
114090 0.00 0.00 0.00 0
114091 0.00 0.00 0.00 0
114092 0.00 0.00 0.00 0
114093 0.00 0.00 0.00 0
114094 0.00 0.00 0.00 0
114095 0.00 0.00 0.00 0
114096 0.00 0.00 0.00 0
114097 0.00 0.00 0.00 0
114098 0.00 0.00 0.00 0
114099 0.00 0.00 0.00 0
114100 0.00 0.00 0.00 0
114101 0.00 0.00 0.00 0
114102 0.00 0.00 0.00 0
114103 0.00 0.00 0.00 0
114104 0.00 0.00 0.00 0
114105 0.00 0.00 0.00 0
114106 0.00 0.00 0.00 0
114444 0.00 0.00 0.00 0
114450 0.00 0.00 0.00 0
114451 0.00 0.00 0.00 0
114452 0.00 0.00 0.00 0
114453 0.00 0.00 0.00 0
114454 0.00 0.00 0.00 0
114455 0.00 0.00 0.00 0
114456 0.00 0.00 0.00 0
114457 0.00 0.00 0.00 0
114458 0.00 0.00 0.00 0
114459 0.00 0.00 0.00 0
114460 0.00 0.00 0.00 0
114461 0.00 0.00 0.00 0
114462 0.00 0.00 0.00 0
114463 0.00 0.00 0.00 0
114464 0.00 0.00 0.00 0
114465 0.00 0.00 0.00 0
114466 0.00 0.00 0.00 0
114467 0.00 0.00 0.00 0
114468 0.00 0.00 0.00 0
114469 0.00 0.00 0.00 0
114470 0.00 0.00 0.00 0
114471 0.00 0.00 0.00 0
114815 0.00 0.00 0.00 0
114816 0.00 0.00 0.00 0
114817 0.00 0.00 0.00 0
114818 0.00 0.00 0.00 0
114819 0.00 0.00 0.00 0
114821 0.00 0.00 0.00 0
114825 0.00 0.00 0.00 0
114826 0.00 0.00 0.00 0
114827 0.00 0.00 0.00 0
114828 0.00 0.00 0.00 0
114829 0.00 0.00 0.00 0
114830 0.00 0.00 0.00 0
114831 0.00 0.00 0.00 0
114832 0.00 0.00 0.00 0
114833 0.00 0.00 0.00 0
114834 0.00 0.00 0.00 0
114835 0.00 0.00 0.00 0
114836 0.00 0.00 0.00 0
115197 0.00 0.00 0.00 0
115198 0.00 0.00 0.00 0
115199 0.00 0.00 0.00 0
115200 0.00 0.00 0.00 0
115201 0.00 0.00 0.00 0
118274 0.00 0.00 0.00 0
118275 0.00 0.00 0.00 0
118276 0.00 0.00 0.00 0
127474 0.00 0.00 0.00 0
127475 0.00 0.00 0.00 0
127476 0.00 0.00 0.00 0
127477 0.00 0.00 0.00 0
127478 0.00 0.00 0.00 0
127479 0.00 0.00 0.00 0
127480 0.00 0.00 0.00 0
127481 0.00 0.00 0.00 0
127482 0.00 0.00 0.00 0
127483 0.00 0.00 0.00 0
127484 0.00 0.00 0.00 0
127492 0.00 0.00 0.00 0
127493 0.00 0.00 0.00 0
127494 0.00 0.00 0.00 0
127495 0.00 0.00 0.00 0
127496 0.00 0.00 0.00 0
127497 0.00 0.00 0.00 0
127498 0.00 0.00 0.00 0
127499 0.00 0.00 0.00 0
127500 0.00 0.00 0.00 0
127501 0.00 0.00 0.00 0
127502 0.00 0.00 0.00 0
127503 0.00 0.00 0.00 0
127504 0.00 0.00 0.00 0
127505 0.00 0.00 0.00 0
127767 0.00 0.00 0.00 0
127768 0.00 0.00 0.00 0
127769 0.00 0.00 0.00 0
127770 0.00 0.00 0.00 0
127771 0.00 0.00 0.00 0
127772 0.00 0.00 0.00 0
127773 0.00 0.00 0.00 0
127774 0.00 0.00 0.00 0
127775 0.00 0.00 0.00 0
127776 0.00 0.00 0.00 0
127777 0.00 0.00 0.00 0
127778 0.00 0.00 0.00 0
127779 0.00 0.00 0.00 0
127780 0.00 0.00 0.00 0
127781 0.00 0.00 0.00 0
127782 0.00 0.00 0.00 0
127783 0.00 0.00 0.00 0
127784 0.00 0.00 0.00 0
127785 0.00 0.00 0.00 0
127786 0.00 0.00 0.00 0
127787 0.00 0.00 0.00 0
127788 0.00 0.00 0.00 0
127789 0.00 0.00 0.00 0
128056 0.00 0.00 0.00 0
128057 0.00 0.00 0.00 0
128058 0.00 0.00 0.00 0
128059 0.00 0.00 0.00 0
128060 0.00 0.00 0.00 0
128061 0.00 0.00 0.00 0
128062 0.00 0.00 0.00 0
128063 0.00 0.00 0.00 0
128064 0.00 0.00 0.00 0
128065 0.00 0.00 0.00 0
128066 0.00 0.00 0.00 0
128067 0.00 0.00 0.00 0
128068 0.00 0.00 0.00 0
128069 0.00 0.00 0.00 0
128070 0.00 0.00 0.00 0
128071 0.00 0.00 0.00 0
128072 0.00 0.00 0.00 0
128073 0.00 0.00 0.00 0
128341 0.00 0.00 0.00 0
128342 0.00 0.00 0.00 0
128343 0.00 0.00 0.00 0
128344 0.00 0.00 0.00 0
128345 0.00 0.00 0.00 0
128346 0.00 0.00 0.00 0
128347 0.00 0.00 0.00 0
128348 0.00 0.00 0.00 0
128349 0.00 0.00 0.00 0
128350 0.00 0.00 0.00 0
128351 0.00 0.00 0.00 0
128352 0.00 0.00 0.00 0
128353 0.00 0.00 0.00 0
128354 0.00 0.00 0.00 0
128355 0.00 0.00 0.00 0
128356 0.00 0.00 0.00 0
128357 0.00 0.00 0.00 0
136965 0.00 0.00 0.00 0
136966 0.00 0.00 0.00 0
136967 0.00 0.00 0.00 0
136968 0.00 0.00 0.00 0
136969 0.00 0.00 0.00 0
136970 0.00 0.00 0.00 0
136971 0.00 0.00 0.00 0
136972 0.00 0.00 0.00 0
136975 0.00 0.00 0.00 0
136976 0.00 0.00 0.00 0
136977 0.00 0.00 0.00 0
136978 0.00 0.00 0.00 0
136979 0.00 0.00 0.00 0
136980 0.00 0.00 0.00 0
136981 0.00 0.00 0.00 0
136982 0.00 0.00 0.00 0
136983 0.00 0.00 0.00 0
136984 0.00 0.00 0.00 0
136985 0.00 0.00 0.00 0
136986 0.00 0.00 0.00 0
136987 0.00 0.00 0.00 0
136988 0.00 0.00 0.00 0
136989 0.00 0.00 0.00 0
136990 0.00 0.00 0.00 0
137241 0.00 0.00 0.00 0
137244 0.00 0.00 0.00 0
137245 0.00 0.00 0.00 0
137246 0.00 0.00 0.00 0
137247 0.00 0.00 0.00 0
137504 0.00 0.00 0.00 0
160848 0.00 0.00 0.00 0
160849 0.00 0.00 0.00 0
160850 0.00 0.00 0.00 0
160851 0.00 0.00 0.00 0
160852 0.00 0.00 0.00 0
160853 0.00 0.00 0.00 0
160854 0.00 0.00 0.00 0
160855 0.00 0.00 0.00 0
160856 0.00 0.00 0.00 0
160857 0.00 0.00 0.00 0
160858 0.00 0.00 0.00 0
160859 0.00 0.00 0.00 0
160860 0.00 0.00 0.00 0
160861 0.00 0.00 0.00 0
160862 0.00 0.00 0.00 0
160863 0.00 0.00 0.00 0
160864 0.00 0.00 0.00 0
160865 0.00 0.00 0.00 0
160866 0.00 0.00 0.00 0
160867 0.00 0.00 0.00 0
160868 0.00 0.00 0.00 0
160869 0.00 0.00 0.00 0
160870 0.00 0.00 0.00 0
160871 0.00 0.00 0.00 0
160878 0.00 0.00 0.00 0
160879 0.00 0.00 0.00 0
160880 0.00 0.00 0.00 0
160883 0.00 0.00 0.00 0
160884 0.00 0.00 0.00 0
160885 0.00 0.00 0.00 0
160886 0.00 0.00 0.00 0
160887 0.00 0.00 0.00 0
160888 0.00 0.00 0.00 0
160889 0.00 0.00 0.00 0
160890 0.00 0.00 0.00 0
160891 0.00 0.00 0.00 0
160892 0.00 0.00 0.00 0
160893 0.00 0.00 0.00 0
160894 0.00 0.00 0.00 0
160895 0.00 0.00 0.00 0
160896 0.00 0.00 0.00 0
160897 0.00 0.00 0.00 0
160898 0.00 0.00 0.00 0
160899 0.00 0.00 0.00 0
160900 0.00 0.00 0.00 0
160901 0.00 0.00 0.00 0
160902 0.00 0.00 0.00 0
160903 0.00 0.00 0.00 0
160904 0.00 0.00 0.00 0
160905 0.00 0.00 0.00 0
160906 0.00 0.00 0.00 0
160907 0.00 0.00 0.00 0
160908 0.00 0.00 0.00 0
160909 0.00 0.00 0.00 0
160910 0.00 0.00 0.00 0
160911 0.00 0.00 0.00 0
160912 0.00 0.00 0.00 0
160913 0.00 0.00 0.00 0
160914 0.00 0.00 0.00 0
160915 0.00 0.00 0.00 0
160916 0.00 0.00 0.00 0
160917 0.00 0.00 0.00 0
160918 0.00 0.00 0.00 0
160919 0.00 0.00 0.00 0
160920 0.00 0.00 0.00 0
160921 0.00 0.00 0.00 0
160922 0.00 0.00 0.00 0
160923 0.00 0.00 0.00 0
160924 0.00 0.00 0.00 0
160925 0.00 0.00 0.00 0
160926 0.00 0.00 0.00 0
161596 0.00 0.00 0.00 0
161597 0.00 0.00 0.00 0
161598 0.00 0.00 0.00 0
161599 0.00 0.00 0.00 0
161600 0.00 0.00 0.00 0
161601 0.00 0.00 0.00 0
161602 0.00 0.00 0.00 0
161603 0.00 0.00 0.00 0
161604 0.00 0.00 0.00 0
161605 0.00 0.00 0.00 0
161606 0.00 0.00 0.00 0
161607 0.00 0.00 0.00 0
161608 0.00 0.00 0.00 0
161609 0.00 0.00 0.00 0
161610 0.00 0.00 0.00 0
161611 0.00 0.00 0.00 0
161612 0.00 0.00 0.00 0
161613 0.00 0.00 0.00 0
161614 0.00 0.00 0.00 0
161615 0.00 0.00 0.00 0
161616 0.00 0.00 0.00 0
161617 0.00 0.00 0.00 0
161618 0.00 0.00 0.00 0
161619 0.00 0.00 0.00 0
161620 0.00 0.00 0.00 0
161621 0.00 0.00 0.00 0
161622 0.00 0.00 0.00 0
161623 0.00 0.00 0.00 0
161624 0.00 0.00 0.00 0
161625 0.00 0.00 0.00 0
161626 0.00 0.00 0.00 0
161627 0.00 0.00 0.00 0
161628 0.00 0.00 0.00 0
161629 0.00 0.00 0.00 0
161630 0.00 0.00 0.00 0
161631 0.00 0.00 0.00 0
161632 0.00 0.00 0.00 0
161633 0.00 0.00 0.00 0
161634 0.00 0.00 0.00 0
161635 0.00 0.00 0.00 0
161636 0.00 0.00 0.00 0
161637 0.00 0.00 0.00 0
161638 0.00 0.00 0.00 0
161639 0.00 0.00 0.00 0
161640 0.00 0.00 0.00 0
161641 0.00 0.00 0.00 0
161642 0.00 0.00 0.00 0
161643 0.00 0.00 0.00 0
161644 0.00 0.00 0.00 0
161645 0.00 0.00 0.00 0
161646 0.00 0.00 0.00 0
161647 0.00 0.00 0.00 0
161648 0.00 0.00 0.00 0
161649 0.00 0.00 0.00 0
161650 0.00 0.00 0.00 0
161651 0.00 0.00 0.00 0
161652 0.00 0.00 0.00 0
161653 0.00 0.00 0.00 0
161654 0.00 0.00 0.00 0
161655 0.00 0.00 0.00 0
162326 0.00 0.00 0.00 0
162329 0.00 0.00 0.00 0
162330 0.00 0.00 0.00 0
162343 0.00 0.00 0.00 0
162349 0.00 0.00 0.00 0
162350 0.00 0.00 0.00 0
162351 0.00 0.00 0.00 0
162352 0.00 0.00 0.00 0
162353 0.00 0.00 0.00 0
162354 0.00 0.00 0.00 0
162355 0.00 0.00 0.00 0
162356 0.00 0.00 0.00 0
162357 0.00 0.00 0.00 0
162358 0.00 0.00 0.00 0
162359 0.00 0.00 0.00 0
162360 0.00 0.00 0.00 0
162361 0.00 0.00 0.00 0
162362 0.00 0.00 0.00 0
162363 0.00 0.00 0.00 0
162364 0.00 0.00 0.00 0
162365 0.00 0.00 0.00 0
162366 0.00 0.00 0.00 0
162367 0.00 0.00 0.00 0
162368 0.00 0.00 0.00 0
162369 0.00 0.00 0.00 0
162370 0.00 0.00 0.00 0
162371 0.00 0.00 0.00 0
162372 0.00 0.00 0.00 0
162373 0.00 0.00 0.00 0
162374 0.00 0.00 0.00 0
162375 0.00 0.00 0.00 0
162376 0.00 0.00 0.00 0
162377 0.00 0.00 0.00 0
162378 0.00 0.00 0.00 0
162379 0.00 0.00 0.00 0
162380 0.00 0.00 0.00 0
162381 0.00 0.00 0.00 0
162382 0.00 0.00 0.00 0
162383 0.00 0.00 0.00 0
162384 0.00 0.00 0.00 0
163072 0.00 0.00 0.00 0
163073 0.00 0.00 0.00 0
163095 0.00 0.00 0.00 0
163096 0.00 0.00 0.00 0
163097 0.00 0.00 0.00 0
163098 0.00 0.00 0.00 0
163099 0.00 0.00 0.00 0
163100 0.00 0.00 0.00 0
163101 0.00 0.00 0.00 0
163102 0.00 0.00 0.00 0
163103 0.00 0.00 0.00 0
163104 0.00 0.00 0.00 0
163105 0.00 0.00 0.00 0
163106 0.00 0.00 0.00 0
163107 0.00 0.00 0.00 0
163108 0.00 0.00 0.00 0
163109 0.00 0.00 0.00 0
163110 0.00 0.00 0.00 0
163111 0.00 0.00 0.00 0
163112 0.00 0.00 0.00 0
163113 0.00 0.00 0.00 0
163824 0.00 0.00 0.00 0
163832 0.00 0.00 0.00 0
163833 0.00 0.00 0.00 0
163834 0.00 0.00 0.00 0
163835 0.00 0.00 0.00 0
163836 0.00 0.00 0.00 0
163837 0.00 0.00 0.00 0
163838 0.00 0.00 0.00 0
163839 0.00 0.00 0.00 0
163840 0.00 0.00 0.00 0
163841 0.00 0.00 0.00 0
