# S_front_inf
2273
13 0.00 0.00 0.00 0
58 0.00 0.00 0.00 0
262 0.00 0.00 0.00 0
264 0.00 0.00 0.00 0
266 0.00 0.00 0.00 0
456 0.00 0.00 0.00 0
458 0.00 0.00 0.00 0
525 0.00 0.00 0.00 0
742 0.00 0.00 0.00 0
743 0.00 0.00 0.00 0
744 0.00 0.00 0.00 0
998 0.00 0.00 0.00 0
999 0.00 0.00 0.00 0
1006 0.00 0.00 0.00 0
1155 0.00 0.00 0.00 0
1156 0.00 0.00 0.00 0
1157 0.00 0.00 0.00 0
1624 0.00 0.00 0.00 0
1626 0.00 0.00 0.00 0
1627 0.00 0.00 0.00 0
1629 0.00 0.00 0.00 0
1630 0.00 0.00 0.00 0
1631 0.00 0.00 0.00 0
1873 0.00 0.00 0.00 0
1874 0.00 0.00 0.00 0
1877 0.00 0.00 0.00 0
1879 0.00 0.00 0.00 0
1880 0.00 0.00 0.00 0
2020 0.00 0.00 0.00 0
2021 0.00 0.00 0.00 0
2022 0.00 0.00 0.00 0
2028 0.00 0.00 0.00 0
2029 0.00 0.00 0.00 0
2030 0.00 0.00 0.00 0
2031 0.00 0.00 0.00 0
2217 0.00 0.00 0.00 0
2218 0.00 0.00 0.00 0
2220 0.00 0.00 0.00 0
2662 0.00 0.00 0.00 0
2663 0.00 0.00 0.00 0
2664 0.00 0.00 0.00 0
3075 0.00 0.00 0.00 0
3076 0.00 0.00 0.00 0
3077 0.00 0.00 0.00 0
3667 0.00 0.00 0.00 0
3668 0.00 0.00 0.00 0
3669 0.00 0.00 0.00 0
3670 0.00 0.00 0.00 0
3671 0.00 0.00 0.00 0
3672 0.00 0.00 0.00 0
3675 0.00 0.00 0.00 0
3676 0.00 0.00 0.00 0
3677 0.00 0.00 0.00 0
4123 0.00 0.00 0.00 0
4124 0.00 0.00 0.00 0
4130 0.00 0.00 0.00 0
4131 0.00 0.00 0.00 0
4132 0.00 0.00 0.00 0
4133 0.00 0.00 0.00 0
4430 0.00 0.00 0.00 0
4431 0.00 0.00 0.00 0
4432 0.00 0.00 0.00 0
4433 0.00 0.00 0.00 0
4434 0.00 0.00 0.00 0
4450 0.00 0.00 0.00 0
4451 0.00 0.00 0.00 0
4452 0.00 0.00 0.00 0
4454 0.00 0.00 0.00 0
4455 0.00 0.00 0.00 0
4456 0.00 0.00 0.00 0
4905 0.00 0.00 0.00 0
4906 0.00 0.00 0.00 0
4907 0.00 0.00 0.00 0
4908 0.00 0.00 0.00 0
4909 0.00 0.00 0.00 0
4910 0.00 0.00 0.00 0
4912 0.00 0.00 0.00 0
4913 0.00 0.00 0.00 0
4914 0.00 0.00 0.00 0
4915 0.00 0.00 0.00 0
5944 0.00 0.00 0.00 0
5945 0.00 0.00 0.00 0
5946 0.00 0.00 0.00 0
5947 0.00 0.00 0.00 0
5948 0.00 0.00 0.00 0
6404 0.00 0.00 0.00 0
6405 0.00 0.00 0.00 0
6416 0.00 0.00 0.00 0
6687 0.00 0.00 0.00 0
6688 0.00 0.00 0.00 0
6689 0.00 0.00 0.00 0
6690 0.00 0.00 0.00 0
6691 0.00 0.00 0.00 0
7632 0.00 0.00 0.00 0
7633 0.00 0.00 0.00 0
7635 0.00 0.00 0.00 0
7636 0.00 0.00 0.00 0
7641 0.00 0.00 0.00 0
7642 0.00 0.00 0.00 0
7643 0.00 0.00 0.00 0
7644 0.00 0.00 0.00 0
7645 0.00 0.00 0.00 0
8239 0.00 0.00 0.00 0
8240 0.00 0.00 0.00 0
8241 0.00 0.00 0.00 0
8247 0.00 0.00 0.00 0
8248 0.00 0.00 0.00 0
8249 0.00 0.00 0.00 0
8256 0.00 0.00 0.00 0
8257 0.00 0.00 0.00 0
8258 0.00 0.00 0.00 0
8259 0.00 0.00 0.00 0
8260 0.00 0.00 0.00 0
8633 0.00 0.00 0.00 0
8634 0.00 0.00 0.00 0
8635 0.00 0.00 0.00 0
8636 0.00 0.00 0.00 0
8637 0.00 0.00 0.00 0
8638 0.00 0.00 0.00 0
8639 0.00 0.00 0.00 0
8640 0.00 0.00 0.00 0
8659 0.00 0.00 0.00 0
8660 0.00 0.00 0.00 0
8661 0.00 0.00 0.00 0
8662 0.00 0.00 0.00 0
8663 0.00 0.00 0.00 0
8664 0.00 0.00 0.00 0
8665 0.00 0.00 0.00 0
8666 0.00 0.00 0.00 0
8667 0.00 0.00 0.00 0
8668 0.00 0.00 0.00 0
8669 0.00 0.00 0.00 0
9213 0.00 0.00 0.00 0
9214 0.00 0.00 0.00 0
9215 0.00 0.00 0.00 0
9216 0.00 0.00 0.00 0
9217 0.00 0.00 0.00 0
9218 0.00 0.00 0.00 0
9222 0.00 0.00 0.00 0
9223 0.00 0.00 0.00 0
9224 0.00 0.00 0.00 0
9227 0.00 0.00 0.00 0
10342 0.00 0.00 0.00 0
10343 0.00 0.00 0.00 0
10344 0.00 0.00 0.00 0
10755 0.00 0.00 0.00 0
10756 0.00 0.00 0.00 0
10757 0.00 0.00 0.00 0
11347 0.00 0.00 0.00 0
11348 0.00 0.00 0.00 0
11349 0.00 0.00 0.00 0
11350 0.00 0.00 0.00 0
11351 0.00 0.00 0.00 0
11352 0.00 0.00 0.00 0
11353 0.00 0.00 0.00 0
11354 0.00 0.00 0.00 0
11356 0.00 0.00 0.00 0
11357 0.00 0.00 0.00 0
11811 0.00 0.00 0.00 0
11813 0.00 0.00 0.00 0
12110 0.00 0.00 0.00 0
12111 0.00 0.00 0.00 0
12112 0.00 0.00 0.00 0
12113 0.00 0.00 0.00 0
12114 0.00 0.00 0.00 0
12126 0.00 0.00 0.00 0
12127 0.00 0.00 0.00 0
12128 0.00 0.00 0.00 0
12129 0.00 0.00 0.00 0
12130 0.00 0.00 0.00 0
12131 0.00 0.00 0.00 0
12132 0.00 0.00 0.00 0
12136 0.00 0.00 0.00 0
12586 0.00 0.00 0.00 0
12588 0.00 0.00 0.00 0
12589 0.00 0.00 0.00 0
12590 0.00 0.00 0.00 0
12591 0.00 0.00 0.00 0
12592 0.00 0.00 0.00 0
12593 0.00 0.00 0.00 0
12594 0.00 0.00 0.00 0
12595 0.00 0.00 0.00 0
13747 0.00 0.00 0.00 0
13748 0.00 0.00 0.00 0
13749 0.00 0.00 0.00 0
13750 0.00 0.00 0.00 0
13751 0.00 0.00 0.00 0
13752 0.00 0.00 0.00 0
13753 0.00 0.00 0.00 0
13754 0.00 0.00 0.00 0
14510 0.00 0.00 0.00 0
14511 0.00 0.00 0.00 0
14512 0.00 0.00 0.00 0
14513 0.00 0.00 0.00 0
14514 0.00 0.00 0.00 0
14985 0.00 0.00 0.00 0
14986 0.00 0.00 0.00 0
14987 0.00 0.00 0.00 0
14988 0.00 0.00 0.00 0
14989 0.00 0.00 0.00 0
14990 0.00 0.00 0.00 0
14991 0.00 0.00 0.00 0
14992 0.00 0.00 0.00 0
16764 0.00 0.00 0.00 0
16765 0.00 0.00 0.00 0
16766 0.00 0.00 0.00 0
16767 0.00 0.00 0.00 0
16768 0.00 0.00 0.00 0
16769 0.00 0.00 0.00 0
16770 0.00 0.00 0.00 0
16771 0.00 0.00 0.00 0
16772 0.00 0.00 0.00 0
16773 0.00 0.00 0.00 0
16774 0.00 0.00 0.00 0
16775 0.00 0.00 0.00 0
16785 0.00 0.00 0.00 0
16786 0.00 0.00 0.00 0
16787 0.00 0.00 0.00 0
16788 0.00 0.00 0.00 0
16789 0.00 0.00 0.00 0
16790 0.00 0.00 0.00 0
16791 0.00 0.00 0.00 0
16792 0.00 0.00 0.00 0
18112 0.00 0.00 0.00 0
18113 0.00 0.00 0.00 0
18114 0.00 0.00 0.00 0
18128 0.00 0.00 0.00 0
18129 0.00 0.00 0.00 0
18130 0.00 0.00 0.00 0
18131 0.00 0.00 0.00 0
18132 0.00 0.00 0.00 0
18133 0.00 0.00 0.00 0
18134 0.00 0.00 0.00 0
18152 0.00 0.00 0.00 0
18153 0.00 0.00 0.00 0
18154 0.00 0.00 0.00 0
18155 0.00 0.00 0.00 0
18156 0.00 0.00 0.00 0
18157 0.00 0.00 0.00 0
18158 0.00 0.00 0.00 0
18159 0.00 0.00 0.00 0
18161 0.00 0.00 0.00 0
18162 0.00 0.00 0.00 0
18163 0.00 0.00 0.00 0
19042 0.00 0.00 0.00 0
19043 0.00 0.00 0.00 0
19044 0.00 0.00 0.00 0
19045 0.00 0.00 0.00 0
19046 0.00 0.00 0.00 0
19047 0.00 0.00 0.00 0
19048 0.00 0.00 0.00 0
19049 0.00 0.00 0.00 0
19050 0.00 0.00 0.00 0
19051 0.00 0.00 0.00 0
19052 0.00 0.00 0.00 0
19053 0.00 0.00 0.00 0
19054 0.00 0.00 0.00 0
19055 0.00 0.00 0.00 0
19056 0.00 0.00 0.00 0
19057 0.00 0.00 0.00 0
19058 0.00 0.00 0.00 0
19059 0.00 0.00 0.00 0
19101 0.00 0.00 0.00 0
19103 0.00 0.00 0.00 0
19107 0.00 0.00 0.00 0
19108 0.00 0.00 0.00 0
19109 0.00 0.00 0.00 0
19110 0.00 0.00 0.00 0
19111 0.00 0.00 0.00 0
19112 0.00 0.00 0.00 0
19113 0.00 0.00 0.00 0
19114 0.00 0.00 0.00 0
19115 0.00 0.00 0.00 0
19116 0.00 0.00 0.00 0
19117 0.00 0.00 0.00 0
19118 0.00 0.00 0.00 0
19119 0.00 0.00 0.00 0
19120 0.00 0.00 0.00 0
19121 0.00 0.00 0.00 0
19122 0.00 0.00 0.00 0
19123 0.00 0.00 0.00 0
19124 0.00 0.00 0.00 0
19125 0.00 0.00 0.00 0
19126 0.00 0.00 0.00 0
19127 0.00 0.00 0.00 0
19128 0.00 0.00 0.00 0
19129 0.00 0.00 0.00 0
19131 0.00 0.00 0.00 0
20475 0.00 0.00 0.00 0
20476 0.00 0.00 0.00 0
20477 0.00 0.00 0.00 0
20478 0.00 0.00 0.00 0
20479 0.00 0.00 0.00 0
20480 0.00 0.00 0.00 0
20481 0.00 0.00 0.00 0
20482 0.00 0.00 0.00 0
20483 0.00 0.00 0.00 0
20484 0.00 0.00 0.00 0
20485 0.00 0.00 0.00 0
20486 0.00 0.00 0.00 0
20487 0.00 0.00 0.00 0
20488 0.00 0.00 0.00 0
20489 0.00 0.00 0.00 0
20490 0.00 0.00 0.00 0
20491 0.00 0.00 0.00 0
20492 0.00 0.00 0.00 0
20498 0.00 0.00 0.00 0
20499 0.00 0.00 0.00 0
20500 0.00 0.00 0.00 0
20501 0.00 0.00 0.00 0
20502 0.00 0.00 0.00 0
20503 0.00 0.00 0.00 0
20504 0.00 0.00 0.00 0
20505 0.00 0.00 0.00 0
20512 0.00 0.00 0.00 0
23224 0.00 0.00 0.00 0
23225 0.00 0.00 0.00 0
23226 0.00 0.00 0.00 0
23227 0.00 0.00 0.00 0
23228 0.00 0.00 0.00 0
23967 0.00 0.00 0.00 0
23968 0.00 0.00 0.00 0
23969 0.00 0.00 0.00 0
23970 0.00 0.00 0.00 0
23971 0.00 0.00 0.00 0
25033 0.00 0.00 0.00 0
25034 0.00 0.00 0.00 0
25035 0.00 0.00 0.00 0
25036 0.00 0.00 0.00 0
25037 0.00 0.00 0.00 0
25038 0.00 0.00 0.00 0
25039 0.00 0.00 0.00 0
25040 0.00 0.00 0.00 0
25041 0.00 0.00 0.00 0
25042 0.00 0.00 0.00 0
25044 0.00 0.00 0.00 0
25047 0.00 0.00 0.00 0
25048 0.00 0.00 0.00 0
25049 0.00 0.00 0.00 0
25050 0.00 0.00 0.00 0
25051 0.00 0.00 0.00 0
25843 0.00 0.00 0.00 0
25844 0.00 0.00 0.00 0
25853 0.00 0.00 0.00 0
25855 0.00 0.00 0.00 0
25856 0.00 0.00 0.00 0
25866 0.00 0.00 0.00 0
25867 0.00 0.00 0.00 0
25868 0.00 0.00 0.00 0
25869 0.00 0.00 0.00 0
25870 0.00 0.00 0.00 0
25871 0.00 0.00 0.00 0
25872 0.00 0.00 0.00 0
25873 0.00 0.00 0.00 0
26404 0.00 0.00 0.00 0
26405 0.00 0.00 0.00 0
26406 0.00 0.00 0.00 0
26407 0.00 0.00 0.00 0
26408 0.00 0.00 0.00 0
26409 0.00 0.00 0.00 0
26410 0.00 0.00 0.00 0
26411 0.00 0.00 0.00 0
26412 0.00 0.00 0.00 0
26440 0.00 0.00 0.00 0
26441 0.00 0.00 0.00 0
26442 0.00 0.00 0.00 0
26443 0.00 0.00 0.00 0
26444 0.00 0.00 0.00 0
26445 0.00 0.00 0.00 0
26446 0.00 0.00 0.00 0
26447 0.00 0.00 0.00 0
26448 0.00 0.00 0.00 0
26449 0.00 0.00 0.00 0
26450 0.00 0.00 0.00 0
26451 0.00 0.00 0.00 0
26452 0.00 0.00 0.00 0
26453 0.00 0.00 0.00 0
26454 0.00 0.00 0.00 0
27261 0.00 0.00 0.00 0
27262 0.00 0.00 0.00 0
27263 0.00 0.00 0.00 0
27264 0.00 0.00 0.00 0
27265 0.00 0.00 0.00 0
27266 0.00 0.00 0.00 0
27267 0.00 0.00 0.00 0
27268 0.00 0.00 0.00 0
27269 0.00 0.00 0.00 0
27270 0.00 0.00 0.00 0
27275 0.00 0.00 0.00 0
27276 0.00 0.00 0.00 0
27277 0.00 0.00 0.00 0
27278 0.00 0.00 0.00 0
27279 0.00 0.00 0.00 0
29230 0.00 0.00 0.00 0
29231 0.00 0.00 0.00 0
29232 0.00 0.00 0.00 0
29233 0.00 0.00 0.00 0
29234 0.00 0.00 0.00 0
29235 0.00 0.00 0.00 0
29236 0.00 0.00 0.00 0
29237 0.00 0.00 0.00 0
29238 0.00 0.00 0.00 0
29239 0.00 0.00 0.00 0
29240 0.00 0.00 0.00 0
29866 0.00 0.00 0.00 0
29867 0.00 0.00 0.00 0
30297 0.00 0.00 0.00 0
30299 0.00 0.00 0.00 0
30300 0.00 0.00 0.00 0
30301 0.00 0.00 0.00 0
30302 0.00 0.00 0.00 0
30303 0.00 0.00 0.00 0
30325 0.00 0.00 0.00 0
30326 0.00 0.00 0.00 0
30327 0.00 0.00 0.00 0
30328 0.00 0.00 0.00 0
30329 0.00 0.00 0.00 0
30965 0.00 0.00 0.00 0
30966 0.00 0.00 0.00 0
30967 0.00 0.00 0.00 0
30968 0.00 0.00 0.00 0
30969 0.00 0.00 0.00 0
30970 0.00 0.00 0.00 0
30971 0.00 0.00 0.00 0
30972 0.00 0.00 0.00 0
30973 0.00 0.00 0.00 0
33333 0.00 0.00 0.00 0
33334 0.00 0.00 0.00 0
33335 0.00 0.00 0.00 0
33339 0.00 0.00 0.00 0
33340 0.00 0.00 0.00 0
33341 0.00 0.00 0.00 0
33342 0.00 0.00 0.00 0
33343 0.00 0.00 0.00 0
33344 0.00 0.00 0.00 0
33345 0.00 0.00 0.00 0
33357 0.00 0.00 0.00 0
33358 0.00 0.00 0.00 0
33359 0.00 0.00 0.00 0
33360 0.00 0.00 0.00 0
33361 0.00 0.00 0.00 0
33362 0.00 0.00 0.00 0
33363 0.00 0.00 0.00 0
33364 0.00 0.00 0.00 0
33365 0.00 0.00 0.00 0
33366 0.00 0.00 0.00 0
33367 0.00 0.00 0.00 0
33370 0.00 0.00 0.00 0
33373 0.00 0.00 0.00 0
33374 0.00 0.00 0.00 0
33375 0.00 0.00 0.00 0
33376 0.00 0.00 0.00 0
35017 0.00 0.00 0.00 0
35018 0.00 0.00 0.00 0
35019 0.00 0.00 0.00 0
35020 0.00 0.00 0.00 0
35021 0.00 0.00 0.00 0
35022 0.00 0.00 0.00 0
35023 0.00 0.00 0.00 0
35024 0.00 0.00 0.00 0
35038 0.00 0.00 0.00 0
35039 0.00 0.00 0.00 0
35040 0.00 0.00 0.00 0
35041 0.00 0.00 0.00 0
35042 0.00 0.00 0.00 0
35043 0.00 0.00 0.00 0
35044 0.00 0.00 0.00 0
35045 0.00 0.00 0.00 0
35065 0.00 0.00 0.00 0
35066 0.00 0.00 0.00 0
35067 0.00 0.00 0.00 0
35068 0.00 0.00 0.00 0
35069 0.00 0.00 0.00 0
35070 0.00 0.00 0.00 0
35071 0.00 0.00 0.00 0
35072 0.00 0.00 0.00 0
35073 0.00 0.00 0.00 0
35074 0.00 0.00 0.00 0
35075 0.00 0.00 0.00 0
35076 0.00 0.00 0.00 0
35077 0.00 0.00 0.00 0
35078 0.00 0.00 0.00 0
35079 0.00 0.00 0.00 0
35080 0.00 0.00 0.00 0
36153 0.00 0.00 0.00 0
36154 0.00 0.00 0.00 0
36155 0.00 0.00 0.00 0
36156 0.00 0.00 0.00 0
36158 0.00 0.00 0.00 0
36159 0.00 0.00 0.00 0
36160 0.00 0.00 0.00 0
36161 0.00 0.00 0.00 0
36162 0.00 0.00 0.00 0
36163 0.00 0.00 0.00 0
36164 0.00 0.00 0.00 0
36165 0.00 0.00 0.00 0
36166 0.00 0.00 0.00 0
36167 0.00 0.00 0.00 0
36168 0.00 0.00 0.00 0
36169 0.00 0.00 0.00 0
36170 0.00 0.00 0.00 0
36171 0.00 0.00 0.00 0
36172 0.00 0.00 0.00 0
36173 0.00 0.00 0.00 0
36174 0.00 0.00 0.00 0
36231 0.00 0.00 0.00 0
36232 0.00 0.00 0.00 0
36233 0.00 0.00 0.00 0
36234 0.00 0.00 0.00 0
36235 0.00 0.00 0.00 0
36236 0.00 0.00 0.00 0
36237 0.00 0.00 0.00 0
36238 0.00 0.00 0.00 0
36239 0.00 0.00 0.00 0
36240 0.00 0.00 0.00 0
36241 0.00 0.00 0.00 0
36242 0.00 0.00 0.00 0
36243 0.00 0.00 0.00 0
36244 0.00 0.00 0.00 0
36245 0.00 0.00 0.00 0
36246 0.00 0.00 0.00 0
36247 0.00 0.00 0.00 0
36248 0.00 0.00 0.00 0
36249 0.00 0.00 0.00 0
36250 0.00 0.00 0.00 0
36251 0.00 0.00 0.00 0
36252 0.00 0.00 0.00 0
36253 0.00 0.00 0.00 0
36254 0.00 0.00 0.00 0
36255 0.00 0.00 0.00 0
36256 0.00 0.00 0.00 0
36257 0.00 0.00 0.00 0
36258 0.00 0.00 0.00 0
36259 0.00 0.00 0.00 0
36260 0.00 0.00 0.00 0
36261 0.00 0.00 0.00 0
36262 0.00 0.00 0.00 0
37881 0.00 0.00 0.00 0
37882 0.00 0.00 0.00 0
37883 0.00 0.00 0.00 0
37884 0.00 0.00 0.00 0
37885 0.00 0.00 0.00 0
37886 0.00 0.00 0.00 0
37887 0.00 0.00 0.00 0
37888 0.00 0.00 0.00 0
37889 0.00 0.00 0.00 0
37890 0.00 0.00 0.00 0
37891 0.00 0.00 0.00 0
37892 0.00 0.00 0.00 0
37893 0.00 0.00 0.00 0
37894 0.00 0.00 0.00 0
37895 0.00 0.00 0.00 0
37896 0.00 0.00 0.00 0
37897 0.00 0.00 0.00 0
37898 0.00 0.00 0.00 0
37899 0.00 0.00 0.00 0
37908 0.00 0.00 0.00 0
37909 0.00 0.00 0.00 0
37910 0.00 0.00 0.00 0
37911 0.00 0.00 0.00 0
37912 0.00 0.00 0.00 0
37913 0.00 0.00 0.00 0
37914 0.00 0.00 0.00 0
37915 0.00 0.00 0.00 0
37916 0.00 0.00 0.00 0
37918 0.00 0.00 0.00 0
37919 0.00 0.00 0.00 0
37922 0.00 0.00 0.00 0
37923 0.00 0.00 0.00 0
37924 0.00 0.00 0.00 0
37925 0.00 0.00 0.00 0
37926 0.00 0.00 0.00 0
41062 0.00 0.00 0.00 0
41063 0.00 0.00 0.00 0
41064 0.00 0.00 0.00 0
41475 0.00 0.00 0.00 0
41476 0.00 0.00 0.00 0
41477 0.00 0.00 0.00 0
42067 0.00 0.00 0.00 0
42068 0.00 0.00 0.00 0
42069 0.00 0.00 0.00 0
42070 0.00 0.00 0.00 0
42071 0.00 0.00 0.00 0
42072 0.00 0.00 0.00 0
42073 0.00 0.00 0.00 0
42074 0.00 0.00 0.00 0
42076 0.00 0.00 0.00 0
42077 0.00 0.00 0.00 0
42830 0.00 0.00 0.00 0
42831 0.00 0.00 0.00 0
42832 0.00 0.00 0.00 0
42833 0.00 0.00 0.00 0
42834 0.00 0.00 0.00 0
42846 0.00 0.00 0.00 0
42847 0.00 0.00 0.00 0
42848 0.00 0.00 0.00 0
42849 0.00 0.00 0.00 0
42850 0.00 0.00 0.00 0
42851 0.00 0.00 0.00 0
42852 0.00 0.00 0.00 0
43308 0.00 0.00 0.00 0
43309 0.00 0.00 0.00 0
43310 0.00 0.00 0.00 0
43311 0.00 0.00 0.00 0
43312 0.00 0.00 0.00 0
43313 0.00 0.00 0.00 0
43314 0.00 0.00 0.00 0
43315 0.00 0.00 0.00 0
44467 0.00 0.00 0.00 0
44468 0.00 0.00 0.00 0
44469 0.00 0.00 0.00 0
44470 0.00 0.00 0.00 0
44471 0.00 0.00 0.00 0
44472 0.00 0.00 0.00 0
44473 0.00 0.00 0.00 0
44474 0.00 0.00 0.00 0
45230 0.00 0.00 0.00 0
45231 0.00 0.00 0.00 0
45232 0.00 0.00 0.00 0
45233 0.00 0.00 0.00 0
45234 0.00 0.00 0.00 0
45705 0.00 0.00 0.00 0
45706 0.00 0.00 0.00 0
45707 0.00 0.00 0.00 0
45708 0.00 0.00 0.00 0
45709 0.00 0.00 0.00 0
45710 0.00 0.00 0.00 0
45711 0.00 0.00 0.00 0
45712 0.00 0.00 0.00 0
47482 0.00 0.00 0.00 0
47483 0.00 0.00 0.00 0
47484 0.00 0.00 0.00 0
47485 0.00 0.00 0.00 0
47486 0.00 0.00 0.00 0
47487 0.00 0.00 0.00 0
47488 0.00 0.00 0.00 0
47489 0.00 0.00 0.00 0
47490 0.00 0.00 0.00 0
47491 0.00 0.00 0.00 0
47492 0.00 0.00 0.00 0
47493 0.00 0.00 0.00 0
47494 0.00 0.00 0.00 0
47495 0.00 0.00 0.00 0
47505 0.00 0.00 0.00 0
47506 0.00 0.00 0.00 0
47507 0.00 0.00 0.00 0
47508 0.00 0.00 0.00 0
47509 0.00 0.00 0.00 0
47510 0.00 0.00 0.00 0
47511 0.00 0.00 0.00 0
47512 0.00 0.00 0.00 0
48832 0.00 0.00 0.00 0
48833 0.00 0.00 0.00 0
48834 0.00 0.00 0.00 0
48850 0.00 0.00 0.00 0
48851 0.00 0.00 0.00 0
48852 0.00 0.00 0.00 0
48853 0.00 0.00 0.00 0
48854 0.00 0.00 0.00 0
48870 0.00 0.00 0.00 0
48871 0.00 0.00 0.00 0
48872 0.00 0.00 0.00 0
48873 0.00 0.00 0.00 0
48874 0.00 0.00 0.00 0
48875 0.00 0.00 0.00 0
48876 0.00 0.00 0.00 0
48877 0.00 0.00 0.00 0
48878 0.00 0.00 0.00 0
48879 0.00 0.00 0.00 0
48881 0.00 0.00 0.00 0
48883 0.00 0.00 0.00 0
49760 0.00 0.00 0.00 0
49761 0.00 0.00 0.00 0
49762 0.00 0.00 0.00 0
49763 0.00 0.00 0.00 0
49764 0.00 0.00 0.00 0
49765 0.00 0.00 0.00 0
49766 0.00 0.00 0.00 0
49767 0.00 0.00 0.00 0
49768 0.00 0.00 0.00 0
49769 0.00 0.00 0.00 0
49770 0.00 0.00 0.00 0
49771 0.00 0.00 0.00 0
49772 0.00 0.00 0.00 0
49773 0.00 0.00 0.00 0
49774 0.00 0.00 0.00 0
49775 0.00 0.00 0.00 0
49776 0.00 0.00 0.00 0
49777 0.00 0.00 0.00 0
49778 0.00 0.00 0.00 0
49779 0.00 0.00 0.00 0
49821 0.00 0.00 0.00 0
49822 0.00 0.00 0.00 0
49823 0.00 0.00 0.00 0
49824 0.00 0.00 0.00 0
49825 0.00 0.00 0.00 0
49826 0.00 0.00 0.00 0
49827 0.00 0.00 0.00 0
49828 0.00 0.00 0.00 0
49829 0.00 0.00 0.00 0
49830 0.00 0.00 0.00 0
49831 0.00 0.00 0.00 0
49832 0.00 0.00 0.00 0
49833 0.00 0.00 0.00 0
49834 0.00 0.00 0.00 0
49835 0.00 0.00 0.00 0
49836 0.00 0.00 0.00 0
49837 0.00 0.00 0.00 0
49838 0.00 0.00 0.00 0
49839 0.00 0.00 0.00 0
49840 0.00 0.00 0.00 0
49841 0.00 0.00 0.00 0
49842 0.00 0.00 0.00 0
49843 0.00 0.00 0.00 0
49844 0.00 0.00 0.00 0
49845 0.00 0.00 0.00 0
49846 0.00 0.00 0.00 0
49847 0.00 0.00 0.00 0
49848 0.00 0.00 0.00 0
49849 0.00 0.00 0.00 0
51195 0.00 0.00 0.00 0
51196 0.00 0.00 0.00 0
51197 0.00 0.00 0.00 0
51198 0.00 0.00 0.00 0
51199 0.00 0.00 0.00 0
51200 0.00 0.00 0.00 0
51201 0.00 0.00 0.00 0
51202 0.00 0.00 0.00 0
51203 0.00 0.00 0.00 0
51204 0.00 0.00 0.00 0
51205 0.00 0.00 0.00 0
51206 0.00 0.00 0.00 0
51207 0.00 0.00 0.00 0
51208 0.00 0.00 0.00 0
51209 0.00 0.00 0.00 0
51210 0.00 0.00 0.00 0
51211 0.00 0.00 0.00 0
51212 0.00 0.00 0.00 0
51218 0.00 0.00 0.00 0
51219 0.00 0.00 0.00 0
51220 0.00 0.00 0.00 0
51221 0.00 0.00 0.00 0
51222 0.00 0.00 0.00 0
51223 0.00 0.00 0.00 0
51224 0.00 0.00 0.00 0
51225 0.00 0.00 0.00 0
54067 0.00 0.00 0.00 0
54068 0.00 0.00 0.00 0
54069 0.00 0.00 0.00 0
54070 0.00 0.00 0.00 0
54071 0.00 0.00 0.00 0
54072 0.00 0.00 0.00 0
54073 0.00 0.00 0.00 0
54074 0.00 0.00 0.00 0
55305 0.00 0.00 0.00 0
55306 0.00 0.00 0.00 0
55307 0.00 0.00 0.00 0
55308 0.00 0.00 0.00 0
55309 0.00 0.00 0.00 0
55310 0.00 0.00 0.00 0
55311 0.00 0.00 0.00 0
55312 0.00 0.00 0.00 0
57082 0.00 0.00 0.00 0
57083 0.00 0.00 0.00 0
57084 0.00 0.00 0.00 0
57085 0.00 0.00 0.00 0
57086 0.00 0.00 0.00 0
57087 0.00 0.00 0.00 0
57088 0.00 0.00 0.00 0
57089 0.00 0.00 0.00 0
57090 0.00 0.00 0.00 0
57091 0.00 0.00 0.00 0
57092 0.00 0.00 0.00 0
57093 0.00 0.00 0.00 0
57094 0.00 0.00 0.00 0
57095 0.00 0.00 0.00 0
57096 0.00 0.00 0.00 0
57097 0.00 0.00 0.00 0
57098 0.00 0.00 0.00 0
57099 0.00 0.00 0.00 0
57105 0.00 0.00 0.00 0
57106 0.00 0.00 0.00 0
57107 0.00 0.00 0.00 0
57108 0.00 0.00 0.00 0
57109 0.00 0.00 0.00 0
57110 0.00 0.00 0.00 0
57111 0.00 0.00 0.00 0
57112 0.00 0.00 0.00 0
58432 0.00 0.00 0.00 0
58433 0.00 0.00 0.00 0
58451 0.00 0.00 0.00 0
58452 0.00 0.00 0.00 0
58453 0.00 0.00 0.00 0
58454 0.00 0.00 0.00 0
58466 0.00 0.00 0.00 0
58468 0.00 0.00 0.00 0
58470 0.00 0.00 0.00 0
58471 0.00 0.00 0.00 0
58472 0.00 0.00 0.00 0
58473 0.00 0.00 0.00 0
58474 0.00 0.00 0.00 0
58475 0.00 0.00 0.00 0
58476 0.00 0.00 0.00 0
58477 0.00 0.00 0.00 0
58478 0.00 0.00 0.00 0
58479 0.00 0.00 0.00 0
58481 0.00 0.00 0.00 0
59365 0.00 0.00 0.00 0
59366 0.00 0.00 0.00 0
59367 0.00 0.00 0.00 0
59368 0.00 0.00 0.00 0
59369 0.00 0.00 0.00 0
59370 0.00 0.00 0.00 0
59371 0.00 0.00 0.00 0
59372 0.00 0.00 0.00 0
59373 0.00 0.00 0.00 0
59374 0.00 0.00 0.00 0
59375 0.00 0.00 0.00 0
59376 0.00 0.00 0.00 0
59377 0.00 0.00 0.00 0
59378 0.00 0.00 0.00 0
59379 0.00 0.00 0.00 0
59421 0.00 0.00 0.00 0
59423 0.00 0.00 0.00 0
59424 0.00 0.00 0.00 0
59425 0.00 0.00 0.00 0
59426 0.00 0.00 0.00 0
59427 0.00 0.00 0.00 0
59428 0.00 0.00 0.00 0
59429 0.00 0.00 0.00 0
59430 0.00 0.00 0.00 0
59431 0.00 0.00 0.00 0
59432 0.00 0.00 0.00 0
59434 0.00 0.00 0.00 0
59436 0.00 0.00 0.00 0
59437 0.00 0.00 0.00 0
59438 0.00 0.00 0.00 0
59439 0.00 0.00 0.00 0
59440 0.00 0.00 0.00 0
59441 0.00 0.00 0.00 0
59442 0.00 0.00 0.00 0
59444 0.00 0.00 0.00 0
59445 0.00 0.00 0.00 0
59446 0.00 0.00 0.00 0
60795 0.00 0.00 0.00 0
60796 0.00 0.00 0.00 0
60797 0.00 0.00 0.00 0
60798 0.00 0.00 0.00 0
60799 0.00 0.00 0.00 0
60800 0.00 0.00 0.00 0
60801 0.00 0.00 0.00 0
60802 0.00 0.00 0.00 0
60803 0.00 0.00 0.00 0
60804 0.00 0.00 0.00 0
60805 0.00 0.00 0.00 0
60806 0.00 0.00 0.00 0
60807 0.00 0.00 0.00 0
60808 0.00 0.00 0.00 0
60809 0.00 0.00 0.00 0
60810 0.00 0.00 0.00 0
60811 0.00 0.00 0.00 0
60812 0.00 0.00 0.00 0
60813 0.00 0.00 0.00 0
60814 0.00 0.00 0.00 0
60818 0.00 0.00 0.00 0
60819 0.00 0.00 0.00 0
60820 0.00 0.00 0.00 0
60821 0.00 0.00 0.00 0
60822 0.00 0.00 0.00 0
60823 0.00 0.00 0.00 0
60824 0.00 0.00 0.00 0
60825 0.00 0.00 0.00 0
64282 0.00 0.00 0.00 0
64283 0.00 0.00 0.00 0
64284 0.00 0.00 0.00 0
64285 0.00 0.00 0.00 0
64286 0.00 0.00 0.00 0
64287 0.00 0.00 0.00 0
64288 0.00 0.00 0.00 0
64289 0.00 0.00 0.00 0
64290 0.00 0.00 0.00 0
64291 0.00 0.00 0.00 0
64292 0.00 0.00 0.00 0
64293 0.00 0.00 0.00 0
64294 0.00 0.00 0.00 0
64295 0.00 0.00 0.00 0
64296 0.00 0.00 0.00 0
64297 0.00 0.00 0.00 0
64298 0.00 0.00 0.00 0
64299 0.00 0.00 0.00 0
64300 0.00 0.00 0.00 0
64301 0.00 0.00 0.00 0
64302 0.00 0.00 0.00 0
64303 0.00 0.00 0.00 0
64304 0.00 0.00 0.00 0
65645 0.00 0.00 0.00 0
65646 0.00 0.00 0.00 0
65647 0.00 0.00 0.00 0
66568 0.00 0.00 0.00 0
66569 0.00 0.00 0.00 0
66570 0.00 0.00 0.00 0
66571 0.00 0.00 0.00 0
66572 0.00 0.00 0.00 0
66573 0.00 0.00 0.00 0
66574 0.00 0.00 0.00 0
66575 0.00 0.00 0.00 0
66576 0.00 0.00 0.00 0
66577 0.00 0.00 0.00 0
66578 0.00 0.00 0.00 0
66579 0.00 0.00 0.00 0
66625 0.00 0.00 0.00 0
66626 0.00 0.00 0.00 0
66627 0.00 0.00 0.00 0
66629 0.00 0.00 0.00 0
66630 0.00 0.00 0.00 0
66631 0.00 0.00 0.00 0
66632 0.00 0.00 0.00 0
67997 0.00 0.00 0.00 0
67998 0.00 0.00 0.00 0
67999 0.00 0.00 0.00 0
68000 0.00 0.00 0.00 0
68001 0.00 0.00 0.00 0
68002 0.00 0.00 0.00 0
68003 0.00 0.00 0.00 0
68004 0.00 0.00 0.00 0
68005 0.00 0.00 0.00 0
68006 0.00 0.00 0.00 0
68007 0.00 0.00 0.00 0
68008 0.00 0.00 0.00 0
68009 0.00 0.00 0.00 0
68010 0.00 0.00 0.00 0
68011 0.00 0.00 0.00 0
68012 0.00 0.00 0.00 0
68013 0.00 0.00 0.00 0
68014 0.00 0.00 0.00 0
68015 0.00 0.00 0.00 0
68016 0.00 0.00 0.00 0
68017 0.00 0.00 0.00 0
73335 0.00 0.00 0.00 0
73336 0.00 0.00 0.00 0
73337 0.00 0.00 0.00 0
73338 0.00 0.00 0.00 0
73339 0.00 0.00 0.00 0
73340 0.00 0.00 0.00 0
73341 0.00 0.00 0.00 0
73342 0.00 0.00 0.00 0
73343 0.00 0.00 0.00 0
73344 0.00 0.00 0.00 0
73350 0.00 0.00 0.00 0
73351 0.00 0.00 0.00 0
73352 0.00 0.00 0.00 0
73353 0.00 0.00 0.00 0
73354 0.00 0.00 0.00 0
73355 0.00 0.00 0.00 0
73356 0.00 0.00 0.00 0
73357 0.00 0.00 0.00 0
73358 0.00 0.00 0.00 0
73359 0.00 0.00 0.00 0
73360 0.00 0.00 0.00 0
73361 0.00 0.00 0.00 0
73362 0.00 0.00 0.00 0
73363 0.00 0.00 0.00 0
73364 0.00 0.00 0.00 0
73365 0.00 0.00 0.00 0
73366 0.00 0.00 0.00 0
73367 0.00 0.00 0.00 0
73395 0.00 0.00 0.00 0
73396 0.00 0.00 0.00 0
73397 0.00 0.00 0.00 0
73398 0.00 0.00 0.00 0
73399 0.00 0.00 0.00 0
73400 0.00 0.00 0.00 0
73401 0.00 0.00 0.00 0
73402 0.00 0.00 0.00 0
73403 0.00 0.00 0.00 0
73404 0.00 0.00 0.00 0
73405 0.00 0.00 0.00 0
73406 0.00 0.00 0.00 0
73407 0.00 0.00 0.00 0
73408 0.00 0.00 0.00 0
73409 0.00 0.00 0.00 0
73410 0.00 0.00 0.00 0
73411 0.00 0.00 0.00 0
73412 0.00 0.00 0.00 0
73413 0.00 0.00 0.00 0
73414 0.00 0.00 0.00 0
73415 0.00 0.00 0.00 0
73416 0.00 0.00 0.00 0
73417 0.00 0.00 0.00 0
73432 0.00 0.00 0.00 0
73434 0.00 0.00 0.00 0
73437 0.00 0.00 0.00 0
73438 0.00 0.00 0.00 0
73439 0.00 0.00 0.00 0
77377 0.00 0.00 0.00 0
77378 0.00 0.00 0.00 0
77379 0.00 0.00 0.00 0
77380 0.00 0.00 0.00 0
77381 0.00 0.00 0.00 0
77382 0.00 0.00 0.00 0
77383 0.00 0.00 0.00 0
77384 0.00 0.00 0.00 0
77386 0.00 0.00 0.00 0
77387 0.00 0.00 0.00 0
77389 0.00 0.00 0.00 0
77390 0.00 0.00 0.00 0
77391 0.00 0.00 0.00 0
77392 0.00 0.00 0.00 0
77393 0.00 0.00 0.00 0
77425 0.00 0.00 0.00 0
77426 0.00 0.00 0.00 0
77427 0.00 0.00 0.00 0
77428 0.00 0.00 0.00 0
77429 0.00 0.00 0.00 0
77430 0.00 0.00 0.00 0
77431 0.00 0.00 0.00 0
77432 0.00 0.00 0.00 0
77433 0.00 0.00 0.00 0
77434 0.00 0.00 0.00 0
77435 0.00 0.00 0.00 0
77436 0.00 0.00 0.00 0
77437 0.00 0.00 0.00 0
77438 0.00 0.00 0.00 0
77439 0.00 0.00 0.00 0
77440 0.00 0.00 0.00 0
77441 0.00 0.00 0.00 0
77442 0.00 0.00 0.00 0
77443 0.00 0.00 0.00 0
77444 0.00 0.00 0.00 0
77493 0.00 0.00 0.00 0
77494 0.00 0.00 0.00 0
77495 0.00 0.00 0.00 0
77496 0.00 0.00 0.00 0
77497 0.00 0.00 0.00 0
77498 0.00 0.00 0.00 0
77499 0.00 0.00 0.00 0
77500 0.00 0.00 0.00 0
77501 0.00 0.00 0.00 0
77502 0.00 0.00 0.00 0
77503 0.00 0.00 0.00 0
77504 0.00 0.00 0.00 0
77505 0.00 0.00 0.00 0
77506 0.00 0.00 0.00 0
77507 0.00 0.00 0.00 0
77508 0.00 0.00 0.00 0
77509 0.00 0.00 0.00 0
77510 0.00 0.00 0.00 0
77511 0.00 0.00 0.00 0
77512 0.00 0.00 0.00 0
77513 0.00 0.00 0.00 0
77514 0.00 0.00 0.00 0
77515 0.00 0.00 0.00 0
77516 0.00 0.00 0.00 0
77517 0.00 0.00 0.00 0
77518 0.00 0.00 0.00 0
77519 0.00 0.00 0.00 0
77520 0.00 0.00 0.00 0
77521 0.00 0.00 0.00 0
77522 0.00 0.00 0.00 0
77523 0.00 0.00 0.00 0
77524 0.00 0.00 0.00 0
77525 0.00 0.00 0.00 0
77526 0.00 0.00 0.00 0
77527 0.00 0.00 0.00 0
77528 0.00 0.00 0.00 0
77529 0.00 0.00 0.00 0
77530 0.00 0.00 0.00 0
77531 0.00 0.00 0.00 0
80162 0.00 0.00 0.00 0
80163 0.00 0.00 0.00 0
80164 0.00 0.00 0.00 0
80165 0.00 0.00 0.00 0
80166 0.00 0.00 0.00 0
80167 0.00 0.00 0.00 0
80168 0.00 0.00 0.00 0
80169 0.00 0.00 0.00 0
80173 0.00 0.00 0.00 0
80174 0.00 0.00 0.00 0
80175 0.00 0.00 0.00 0
80176 0.00 0.00 0.00 0
80177 0.00 0.00 0.00 0
80178 0.00 0.00 0.00 0
80179 0.00 0.00 0.00 0
80180 0.00 0.00 0.00 0
80181 0.00 0.00 0.00 0
80182 0.00 0.00 0.00 0
80183 0.00 0.00 0.00 0
80184 0.00 0.00 0.00 0
80185 0.00 0.00 0.00 0
80186 0.00 0.00 0.00 0
80187 0.00 0.00 0.00 0
80188 0.00 0.00 0.00 0
80189 0.00 0.00 0.00 0
80190 0.00 0.00 0.00 0
80191 0.00 0.00 0.00 0
80192 0.00 0.00 0.00 0
80193 0.00 0.00 0.00 0
80194 0.00 0.00 0.00 0
80195 0.00 0.00 0.00 0
80196 0.00 0.00 0.00 0
80197 0.00 0.00 0.00 0
80198 0.00 0.00 0.00 0
80199 0.00 0.00 0.00 0
80200 0.00 0.00 0.00 0
80201 0.00 0.00 0.00 0
80202 0.00 0.00 0.00 0
80203 0.00 0.00 0.00 0
80204 0.00 0.00 0.00 0
80205 0.00 0.00 0.00 0
80206 0.00 0.00 0.00 0
80207 0.00 0.00 0.00 0
80208 0.00 0.00 0.00 0
80209 0.00 0.00 0.00 0
80210 0.00 0.00 0.00 0
80211 0.00 0.00 0.00 0
80212 0.00 0.00 0.00 0
80213 0.00 0.00 0.00 0
80214 0.00 0.00 0.00 0
80353 0.00 0.00 0.00 0
80355 0.00 0.00 0.00 0
80356 0.00 0.00 0.00 0
80357 0.00 0.00 0.00 0
80358 0.00 0.00 0.00 0
80359 0.00 0.00 0.00 0
80360 0.00 0.00 0.00 0
80361 0.00 0.00 0.00 0
80362 0.00 0.00 0.00 0
80363 0.00 0.00 0.00 0
80364 0.00 0.00 0.00 0
80365 0.00 0.00 0.00 0
80366 0.00 0.00 0.00 0
80367 0.00 0.00 0.00 0
80368 0.00 0.00 0.00 0
80369 0.00 0.00 0.00 0
80370 0.00 0.00 0.00 0
80371 0.00 0.00 0.00 0
80372 0.00 0.00 0.00 0
80373 0.00 0.00 0.00 0
80374 0.00 0.00 0.00 0
80375 0.00 0.00 0.00 0
80376 0.00 0.00 0.00 0
80377 0.00 0.00 0.00 0
80378 0.00 0.00 0.00 0
80379 0.00 0.00 0.00 0
80380 0.00 0.00 0.00 0
80381 0.00 0.00 0.00 0
80382 0.00 0.00 0.00 0
80383 0.00 0.00 0.00 0
80384 0.00 0.00 0.00 0
80385 0.00 0.00 0.00 0
80386 0.00 0.00 0.00 0
80387 0.00 0.00 0.00 0
80388 0.00 0.00 0.00 0
80389 0.00 0.00 0.00 0
80390 0.00 0.00 0.00 0
80391 0.00 0.00 0.00 0
80392 0.00 0.00 0.00 0
80393 0.00 0.00 0.00 0
80394 0.00 0.00 0.00 0
80395 0.00 0.00 0.00 0
80396 0.00 0.00 0.00 0
80397 0.00 0.00 0.00 0
80398 0.00 0.00 0.00 0
80399 0.00 0.00 0.00 0
80400 0.00 0.00 0.00 0
80401 0.00 0.00 0.00 0
80402 0.00 0.00 0.00 0
80403 0.00 0.00 0.00 0
80404 0.00 0.00 0.00 0
80405 0.00 0.00 0.00 0
80406 0.00 0.00 0.00 0
80407 0.00 0.00 0.00 0
80408 0.00 0.00 0.00 0
80409 0.00 0.00 0.00 0
80410 0.00 0.00 0.00 0
80411 0.00 0.00 0.00 0
80412 0.00 0.00 0.00 0
80413 0.00 0.00 0.00 0
80414 0.00 0.00 0.00 0
80415 0.00 0.00 0.00 0
80416 0.00 0.00 0.00 0
80417 0.00 0.00 0.00 0
80418 0.00 0.00 0.00 0
80419 0.00 0.00 0.00 0
80420 0.00 0.00 0.00 0
80421 0.00 0.00 0.00 0
80422 0.00 0.00 0.00 0
80423 0.00 0.00 0.00 0
80424 0.00 0.00 0.00 0
80425 0.00 0.00 0.00 0
80426 0.00 0.00 0.00 0
80427 0.00 0.00 0.00 0
80428 0.00 0.00 0.00 0
80429 0.00 0.00 0.00 0
80430 0.00 0.00 0.00 0
80431 0.00 0.00 0.00 0
80432 0.00 0.00 0.00 0
80433 0.00 0.00 0.00 0
80434 0.00 0.00 0.00 0
80541 0.00 0.00 0.00 0
80542 0.00 0.00 0.00 0
80543 0.00 0.00 0.00 0
84465 0.00 0.00 0.00 0
84466 0.00 0.00 0.00 0
84467 0.00 0.00 0.00 0
84468 0.00 0.00 0.00 0
84469 0.00 0.00 0.00 0
84470 0.00 0.00 0.00 0
84471 0.00 0.00 0.00 0
84472 0.00 0.00 0.00 0
84473 0.00 0.00 0.00 0
84474 0.00 0.00 0.00 0
84475 0.00 0.00 0.00 0
84476 0.00 0.00 0.00 0
84477 0.00 0.00 0.00 0
84478 0.00 0.00 0.00 0
84479 0.00 0.00 0.00 0
84480 0.00 0.00 0.00 0
84481 0.00 0.00 0.00 0
84482 0.00 0.00 0.00 0
84483 0.00 0.00 0.00 0
84484 0.00 0.00 0.00 0
84485 0.00 0.00 0.00 0
84486 0.00 0.00 0.00 0
84487 0.00 0.00 0.00 0
84490 0.00 0.00 0.00 0
84491 0.00 0.00 0.00 0
84492 0.00 0.00 0.00 0
84493 0.00 0.00 0.00 0
84494 0.00 0.00 0.00 0
84495 0.00 0.00 0.00 0
84496 0.00 0.00 0.00 0
84497 0.00 0.00 0.00 0
84498 0.00 0.00 0.00 0
84499 0.00 0.00 0.00 0
84500 0.00 0.00 0.00 0
84501 0.00 0.00 0.00 0
84502 0.00 0.00 0.00 0
84503 0.00 0.00 0.00 0
84504 0.00 0.00 0.00 0
84505 0.00 0.00 0.00 0
84506 0.00 0.00 0.00 0
84507 0.00 0.00 0.00 0
84508 0.00 0.00 0.00 0
84509 0.00 0.00 0.00 0
84510 0.00 0.00 0.00 0
84511 0.00 0.00 0.00 0
84512 0.00 0.00 0.00 0
84533 0.00 0.00 0.00 0
84534 0.00 0.00 0.00 0
84535 0.00 0.00 0.00 0
84536 0.00 0.00 0.00 0
84537 0.00 0.00 0.00 0
84538 0.00 0.00 0.00 0
84539 0.00 0.00 0.00 0
84540 0.00 0.00 0.00 0
84541 0.00 0.00 0.00 0
84542 0.00 0.00 0.00 0
84543 0.00 0.00 0.00 0
84544 0.00 0.00 0.00 0
84545 0.00 0.00 0.00 0
84546 0.00 0.00 0.00 0
84547 0.00 0.00 0.00 0
84548 0.00 0.00 0.00 0
84549 0.00 0.00 0.00 0
84550 0.00 0.00 0.00 0
84551 0.00 0.00 0.00 0
84552 0.00 0.00 0.00 0
84553 0.00 0.00 0.00 0
84554 0.00 0.00 0.00 0
84555 0.00 0.00 0.00 0
84562 0.00 0.00 0.00 0
84571 0.00 0.00 0.00 0
84572 0.00 0.00 0.00 0
84573 0.00 0.00 0.00 0
84574 0.00 0.00 0.00 0
84575 0.00 0.00 0.00 0
84576 0.00 0.00 0.00 0
84577 0.00 0.00 0.00 0
84578 0.00 0.00 0.00 0
84579 0.00 0.00 0.00 0
84580 0.00 0.00 0.00 0
92344 0.00 0.00 0.00 0
92345 0.00 0.00 0.00 0
92346 0.00 0.00 0.00 0
92347 0.00 0.00 0.00 0
92348 0.00 0.00 0.00 0
93087 0.00 0.00 0.00 0
93088 0.00 0.00 0.00 0
93089 0.00 0.00 0.00 0
93090 0.00 0.00 0.00 0
93091 0.00 0.00 0.00 0
94153 0.00 0.00 0.00 0
94154 0.00 0.00 0.00 0
94155 0.00 0.00 0.00 0
94156 0.00 0.00 0.00 0
94157 0.00 0.00 0.00 0
94158 0.00 0.00 0.00 0
94159 0.00 0.00 0.00 0
94160 0.00 0.00 0.00 0
94161 0.00 0.00 0.00 0
94162 0.00 0.00 0.00 0
94163 0.00 0.00 0.00 0
94164 0.00 0.00 0.00 0
94165 0.00 0.00 0.00 0
94166 0.00 0.00 0.00 0
94167 0.00 0.00 0.00 0
94168 0.00 0.00 0.00 0
94169 0.00 0.00 0.00 0
94170 0.00 0.00 0.00 0
94171 0.00 0.00 0.00 0
94986 0.00 0.00 0.00 0
94987 0.00 0.00 0.00 0
94988 0.00 0.00 0.00 0
94989 0.00 0.00 0.00 0
94990 0.00 0.00 0.00 0
94991 0.00 0.00 0.00 0
95524 0.00 0.00 0.00 0
95525 0.00 0.00 0.00 0
95526 0.00 0.00 0.00 0
95527 0.00 0.00 0.00 0
95528 0.00 0.00 0.00 0
95529 0.00 0.00 0.00 0
95530 0.00 0.00 0.00 0
95531 0.00 0.00 0.00 0
95532 0.00 0.00 0.00 0
95552 0.00 0.00 0.00 0
95554 0.00 0.00 0.00 0
95555 0.00 0.00 0.00 0
95556 0.00 0.00 0.00 0
95558 0.00 0.00 0.00 0
95559 0.00 0.00 0.00 0
95560 0.00 0.00 0.00 0
95561 0.00 0.00 0.00 0
95562 0.00 0.00 0.00 0
95563 0.00 0.00 0.00 0
95564 0.00 0.00 0.00 0
95570 0.00 0.00 0.00 0
96381 0.00 0.00 0.00 0
96382 0.00 0.00 0.00 0
96383 0.00 0.00 0.00 0
96384 0.00 0.00 0.00 0
96385 0.00 0.00 0.00 0
96386 0.00 0.00 0.00 0
96387 0.00 0.00 0.00 0
96388 0.00 0.00 0.00 0
96389 0.00 0.00 0.00 0
96390 0.00 0.00 0.00 0
96391 0.00 0.00 0.00 0
96392 0.00 0.00 0.00 0
96393 0.00 0.00 0.00 0
96394 0.00 0.00 0.00 0
96395 0.00 0.00 0.00 0
96396 0.00 0.00 0.00 0
96397 0.00 0.00 0.00 0
96398 0.00 0.00 0.00 0
96399 0.00 0.00 0.00 0
98473 0.00 0.00 0.00 0
98474 0.00 0.00 0.00 0
98475 0.00 0.00 0.00 0
98476 0.00 0.00 0.00 0
98477 0.00 0.00 0.00 0
98478 0.00 0.00 0.00 0
98479 0.00 0.00 0.00 0
98480 0.00 0.00 0.00 0
98481 0.00 0.00 0.00 0
98482 0.00 0.00 0.00 0
98483 0.00 0.00 0.00 0
98484 0.00 0.00 0.00 0
98485 0.00 0.00 0.00 0
98486 0.00 0.00 0.00 0
99846 0.00 0.00 0.00 0
99847 0.00 0.00 0.00 0
99848 0.00 0.00 0.00 0
99849 0.00 0.00 0.00 0
99850 0.00 0.00 0.00 0
99851 0.00 0.00 0.00 0
99852 0.00 0.00 0.00 0
100701 0.00 0.00 0.00 0
100702 0.00 0.00 0.00 0
100703 0.00 0.00 0.00 0
100704 0.00 0.00 0.00 0
100705 0.00 0.00 0.00 0
100706 0.00 0.00 0.00 0
100707 0.00 0.00 0.00 0
100708 0.00 0.00 0.00 0
100709 0.00 0.00 0.00 0
100710 0.00 0.00 0.00 0
100711 0.00 0.00 0.00 0
100712 0.00 0.00 0.00 0
100713 0.00 0.00 0.00 0
100714 0.00 0.00 0.00 0
103904 0.00 0.00 0.00 0
103905 0.00 0.00 0.00 0
103906 0.00 0.00 0.00 0
103907 0.00 0.00 0.00 0
103908 0.00 0.00 0.00 0
103909 0.00 0.00 0.00 0
103910 0.00 0.00 0.00 0
103911 0.00 0.00 0.00 0
103912 0.00 0.00 0.00 0
103913 0.00 0.00 0.00 0
103914 0.00 0.00 0.00 0
103915 0.00 0.00 0.00 0
103916 0.00 0.00 0.00 0
103917 0.00 0.00 0.00 0
103918 0.00 0.00 0.00 0
103919 0.00 0.00 0.00 0
103920 0.00 0.00 0.00 0
103921 0.00 0.00 0.00 0
103922 0.00 0.00 0.00 0
103923 0.00 0.00 0.00 0
103924 0.00 0.00 0.00 0
103925 0.00 0.00 0.00 0
103941 0.00 0.00 0.00 0
103942 0.00 0.00 0.00 0
103943 0.00 0.00 0.00 0
103944 0.00 0.00 0.00 0
103945 0.00 0.00 0.00 0
103946 0.00 0.00 0.00 0
103947 0.00 0.00 0.00 0
103948 0.00 0.00 0.00 0
103949 0.00 0.00 0.00 0
103950 0.00 0.00 0.00 0
103951 0.00 0.00 0.00 0
103952 0.00 0.00 0.00 0
103953 0.00 0.00 0.00 0
103954 0.00 0.00 0.00 0
106330 0.00 0.00 0.00 0
106331 0.00 0.00 0.00 0
106332 0.00 0.00 0.00 0
106333 0.00 0.00 0.00 0
106334 0.00 0.00 0.00 0
106360 0.00 0.00 0.00 0
106361 0.00 0.00 0.00 0
106362 0.00 0.00 0.00 0
106363 0.00 0.00 0.00 0
106364 0.00 0.00 0.00 0
106365 0.00 0.00 0.00 0
106366 0.00 0.00 0.00 0
106367 0.00 0.00 0.00 0
106368 0.00 0.00 0.00 0
106369 0.00 0.00 0.00 0
106370 0.00 0.00 0.00 0
106401 0.00 0.00 0.00 0
106402 0.00 0.00 0.00 0
106403 0.00 0.00 0.00 0
106404 0.00 0.00 0.00 0
106405 0.00 0.00 0.00 0
106406 0.00 0.00 0.00 0
106407 0.00 0.00 0.00 0
106408 0.00 0.00 0.00 0
106409 0.00 0.00 0.00 0
106410 0.00 0.00 0.00 0
106411 0.00 0.00 0.00 0
106412 0.00 0.00 0.00 0
106413 0.00 0.00 0.00 0
106414 0.00 0.00 0.00 0
106415 0.00 0.00 0.00 0
106416 0.00 0.00 0.00 0
106417 0.00 0.00 0.00 0
106418 0.00 0.00 0.00 0
106419 0.00 0.00 0.00 0
106420 0.00 0.00 0.00 0
106421 0.00 0.00 0.00 0
106422 0.00 0.00 0.00 0
106423 0.00 0.00 0.00 0
108002 0.00 0.00 0.00 0
108003 0.00 0.00 0.00 0
108004 0.00 0.00 0.00 0
108005 0.00 0.00 0.00 0
108006 0.00 0.00 0.00 0
108009 0.00 0.00 0.00 0
108010 0.00 0.00 0.00 0
108011 0.00 0.00 0.00 0
108012 0.00 0.00 0.00 0
108013 0.00 0.00 0.00 0
108014 0.00 0.00 0.00 0
108015 0.00 0.00 0.00 0
108016 0.00 0.00 0.00 0
108017 0.00 0.00 0.00 0
108018 0.00 0.00 0.00 0
108019 0.00 0.00 0.00 0
108020 0.00 0.00 0.00 0
108021 0.00 0.00 0.00 0
108022 0.00 0.00 0.00 0
108023 0.00 0.00 0.00 0
108024 0.00 0.00 0.00 0
108025 0.00 0.00 0.00 0
108026 0.00 0.00 0.00 0
108027 0.00 0.00 0.00 0
108028 0.00 0.00 0.00 0
108029 0.00 0.00 0.00 0
108030 0.00 0.00 0.00 0
108031 0.00 0.00 0.00 0
108032 0.00 0.00 0.00 0
108033 0.00 0.00 0.00 0
108110 0.00 0.00 0.00 0
108118 0.00 0.00 0.00 0
108119 0.00 0.00 0.00 0
108120 0.00 0.00 0.00 0
108121 0.00 0.00 0.00 0
108122 0.00 0.00 0.00 0
108123 0.00 0.00 0.00 0
108124 0.00 0.00 0.00 0
108125 0.00 0.00 0.00 0
108126 0.00 0.00 0.00 0
108127 0.00 0.00 0.00 0
108128 0.00 0.00 0.00 0
108129 0.00 0.00 0.00 0
108130 0.00 0.00 0.00 0
108131 0.00 0.00 0.00 0
108132 0.00 0.00 0.00 0
108133 0.00 0.00 0.00 0
108134 0.00 0.00 0.00 0
108135 0.00 0.00 0.00 0
108136 0.00 0.00 0.00 0
108137 0.00 0.00 0.00 0
108138 0.00 0.00 0.00 0
108139 0.00 0.00 0.00 0
108140 0.00 0.00 0.00 0
108141 0.00 0.00 0.00 0
108142 0.00 0.00 0.00 0
108143 0.00 0.00 0.00 0
108144 0.00 0.00 0.00 0
108145 0.00 0.00 0.00 0
108146 0.00 0.00 0.00 0
108147 0.00 0.00 0.00 0
108148 0.00 0.00 0.00 0
108149 0.00 0.00 0.00 0
108150 0.00 0.00 0.00 0
108151 0.00 0.00 0.00 0
108152 0.00 0.00 0.00 0
108153 0.00 0.00 0.00 0
108154 0.00 0.00 0.00 0
108155 0.00 0.00 0.00 0
108156 0.00 0.00 0.00 0
108157 0.00 0.00 0.00 0
108158 0.00 0.00 0.00 0
108159 0.00 0.00 0.00 0
110583 0.00 0.00 0.00 0
110584 0.00 0.00 0.00 0
110585 0.00 0.00 0.00 0
110586 0.00 0.00 0.00 0
110587 0.00 0.00 0.00 0
110588 0.00 0.00 0.00 0
110589 0.00 0.00 0.00 0
110590 0.00 0.00 0.00 0
110591 0.00 0.00 0.00 0
110592 0.00 0.00 0.00 0
110593 0.00 0.00 0.00 0
110594 0.00 0.00 0.00 0
110595 0.00 0.00 0.00 0
110596 0.00 0.00 0.00 0
110597 0.00 0.00 0.00 0
110598 0.00 0.00 0.00 0
110599 0.00 0.00 0.00 0
110600 0.00 0.00 0.00 0
110601 0.00 0.00 0.00 0
110602 0.00 0.00 0.00 0
110603 0.00 0.00 0.00 0
110604 0.00 0.00 0.00 0
110605 0.00 0.00 0.00 0
110606 0.00 0.00 0.00 0
110607 0.00 0.00 0.00 0
110608 0.00 0.00 0.00 0
110609 0.00 0.00 0.00 0
110610 0.00 0.00 0.00 0
110611 0.00 0.00 0.00 0
110612 0.00 0.00 0.00 0
110613 0.00 0.00 0.00 0
110624 0.00 0.00 0.00 0
110625 0.00 0.00 0.00 0
110626 0.00 0.00 0.00 0
110627 0.00 0.00 0.00 0
110628 0.00 0.00 0.00 0
110629 0.00 0.00 0.00 0
110630 0.00 0.00 0.00 0
110631 0.00 0.00 0.00 0
110632 0.00 0.00 0.00 0
110633 0.00 0.00 0.00 0
110634 0.00 0.00 0.00 0
110635 0.00 0.00 0.00 0
110636 0.00 0.00 0.00 0
110637 0.00 0.00 0.00 0
115630 0.00 0.00 0.00 0
115631 0.00 0.00 0.00 0
115632 0.00 0.00 0.00 0
115633 0.00 0.00 0.00 0
115634 0.00 0.00 0.00 0
115635 0.00 0.00 0.00 0
115636 0.00 0.00 0.00 0
115637 0.00 0.00 0.00 0
115638 0.00 0.00 0.00 0
115639 0.00 0.00 0.00 0
115640 0.00 0.00 0.00 0
116703 0.00 0.00 0.00 0
117363 0.00 0.00 0.00 0
117364 0.00 0.00 0.00 0
117365 0.00 0.00 0.00 0
117366 0.00 0.00 0.00 0
117367 0.00 0.00 0.00 0
117368 0.00 0.00 0.00 0
117369 0.00 0.00 0.00 0
117370 0.00 0.00 0.00 0
117371 0.00 0.00 0.00 0
117372 0.00 0.00 0.00 0
117373 0.00 0.00 0.00 0
119851 0.00 0.00 0.00 0
119852 0.00 0.00 0.00 0
119853 0.00 0.00 0.00 0
119854 0.00 0.00 0.00 0
119855 0.00 0.00 0.00 0
119856 0.00 0.00 0.00 0
119857 0.00 0.00 0.00 0
119858 0.00 0.00 0.00 0
119859 0.00 0.00 0.00 0
119860 0.00 0.00 0.00 0
119861 0.00 0.00 0.00 0
119862 0.00 0.00 0.00 0
119863 0.00 0.00 0.00 0
119864 0.00 0.00 0.00 0
119865 0.00 0.00 0.00 0
119866 0.00 0.00 0.00 0
119867 0.00 0.00 0.00 0
119868 0.00 0.00 0.00 0
119869 0.00 0.00 0.00 0
119870 0.00 0.00 0.00 0
119871 0.00 0.00 0.00 0
119872 0.00 0.00 0.00 0
119873 0.00 0.00 0.00 0
119874 0.00 0.00 0.00 0
119877 0.00 0.00 0.00 0
119883 0.00 0.00 0.00 0
119884 0.00 0.00 0.00 0
119885 0.00 0.00 0.00 0
119886 0.00 0.00 0.00 0
119887 0.00 0.00 0.00 0
119888 0.00 0.00 0.00 0
119889 0.00 0.00 0.00 0
119890 0.00 0.00 0.00 0
119891 0.00 0.00 0.00 0
119892 0.00 0.00 0.00 0
119893 0.00 0.00 0.00 0
121741 0.00 0.00 0.00 0
121742 0.00 0.00 0.00 0
121743 0.00 0.00 0.00 0
121765 0.00 0.00 0.00 0
121766 0.00 0.00 0.00 0
121768 0.00 0.00 0.00 0
121769 0.00 0.00 0.00 0
121770 0.00 0.00 0.00 0
121771 0.00 0.00 0.00 0
121772 0.00 0.00 0.00 0
121794 0.00 0.00 0.00 0
121795 0.00 0.00 0.00 0
121796 0.00 0.00 0.00 0
121797 0.00 0.00 0.00 0
121798 0.00 0.00 0.00 0
121799 0.00 0.00 0.00 0
121800 0.00 0.00 0.00 0
121801 0.00 0.00 0.00 0
121802 0.00 0.00 0.00 0
121803 0.00 0.00 0.00 0
121804 0.00 0.00 0.00 0
121805 0.00 0.00 0.00 0
121806 0.00 0.00 0.00 0
121807 0.00 0.00 0.00 0
121808 0.00 0.00 0.00 0
121809 0.00 0.00 0.00 0
121810 0.00 0.00 0.00 0
121811 0.00 0.00 0.00 0
121812 0.00 0.00 0.00 0
123045 0.00 0.00 0.00 0
123046 0.00 0.00 0.00 0
123047 0.00 0.00 0.00 0
123048 0.00 0.00 0.00 0
123049 0.00 0.00 0.00 0
123050 0.00 0.00 0.00 0
123051 0.00 0.00 0.00 0
123052 0.00 0.00 0.00 0
123053 0.00 0.00 0.00 0
123054 0.00 0.00 0.00 0
123055 0.00 0.00 0.00 0
123056 0.00 0.00 0.00 0
123057 0.00 0.00 0.00 0
123058 0.00 0.00 0.00 0
123059 0.00 0.00 0.00 0
123060 0.00 0.00 0.00 0
123061 0.00 0.00 0.00 0
123062 0.00 0.00 0.00 0
123063 0.00 0.00 0.00 0
123064 0.00 0.00 0.00 0
123065 0.00 0.00 0.00 0
123066 0.00 0.00 0.00 0
123129 0.00 0.00 0.00 0
123130 0.00 0.00 0.00 0
123131 0.00 0.00 0.00 0
123132 0.00 0.00 0.00 0
123133 0.00 0.00 0.00 0
123134 0.00 0.00 0.00 0
123135 0.00 0.00 0.00 0
123136 0.00 0.00 0.00 0
123137 0.00 0.00 0.00 0
123138 0.00 0.00 0.00 0
123139 0.00 0.00 0.00 0
123140 0.00 0.00 0.00 0
123141 0.00 0.00 0.00 0
123142 0.00 0.00 0.00 0
123143 0.00 0.00 0.00 0
123144 0.00 0.00 0.00 0
123145 0.00 0.00 0.00 0
123146 0.00 0.00 0.00 0
123147 0.00 0.00 0.00 0
123148 0.00 0.00 0.00 0
123149 0.00 0.00 0.00 0
123150 0.00 0.00 0.00 0
123151 0.00 0.00 0.00 0
123152 0.00 0.00 0.00 0
123153 0.00 0.00 0.00 0
123154 0.00 0.00 0.00 0
123155 0.00 0.00 0.00 0
123156 0.00 0.00 0.00 0
123157 0.00 0.00 0.00 0
123158 0.00 0.00 0.00 0
123159 0.00 0.00 0.00 0
123160 0.00 0.00 0.00 0
123161 0.00 0.00 0.00 0
123162 0.00 0.00 0.00 0
123163 0.00 0.00 0.00 0
125049 0.00 0.00 0.00 0
125050 0.00 0.00 0.00 0
125051 0.00 0.00 0.00 0
125052 0.00 0.00 0.00 0
125053 0.00 0.00 0.00 0
125054 0.00 0.00 0.00 0
125055 0.00 0.00 0.00 0
125056 0.00 0.00 0.00 0
125057 0.00 0.00 0.00 0
125058 0.00 0.00 0.00 0
125059 0.00 0.00 0.00 0
125060 0.00 0.00 0.00 0
125061 0.00 0.00 0.00 0
125062 0.00 0.00 0.00 0
125063 0.00 0.00 0.00 0
125064 0.00 0.00 0.00 0
125065 0.00 0.00 0.00 0
125066 0.00 0.00 0.00 0
125067 0.00 0.00 0.00 0
125068 0.00 0.00 0.00 0
125069 0.00 0.00 0.00 0
125070 0.00 0.00 0.00 0
125071 0.00 0.00 0.00 0
125072 0.00 0.00 0.00 0
125075 0.00 0.00 0.00 0
125081 0.00 0.00 0.00 0
125082 0.00 0.00 0.00 0
125083 0.00 0.00 0.00 0
125084 0.00 0.00 0.00 0
125085 0.00 0.00 0.00 0
125086 0.00 0.00 0.00 0
125087 0.00 0.00 0.00 0
125088 0.00 0.00 0.00 0
125089 0.00 0.00 0.00 0
125090 0.00 0.00 0.00 0
125091 0.00 0.00 0.00 0
129808 0.00 0.00 0.00 0
129809 0.00 0.00 0.00 0
129810 0.00 0.00 0.00 0
129811 0.00 0.00 0.00 0
129812 0.00 0.00 0.00 0
129813 0.00 0.00 0.00 0
129814 0.00 0.00 0.00 0
129815 0.00 0.00 0.00 0
129816 0.00 0.00 0.00 0
129817 0.00 0.00 0.00 0
129818 0.00 0.00 0.00 0
129819 0.00 0.00 0.00 0
129820 0.00 0.00 0.00 0
129821 0.00 0.00 0.00 0
129822 0.00 0.00 0.00 0
129823 0.00 0.00 0.00 0
129824 0.00 0.00 0.00 0
129825 0.00 0.00 0.00 0
129826 0.00 0.00 0.00 0
129827 0.00 0.00 0.00 0
129828 0.00 0.00 0.00 0
129829 0.00 0.00 0.00 0
129830 0.00 0.00 0.00 0
129831 0.00 0.00 0.00 0
129832 0.00 0.00 0.00 0
129833 0.00 0.00 0.00 0
129834 0.00 0.00 0.00 0
129835 0.00 0.00 0.00 0
129836 0.00 0.00 0.00 0
129839 0.00 0.00 0.00 0
131535 0.00 0.00 0.00 0
131536 0.00 0.00 0.00 0
132698 0.00 0.00 0.00 0
132699 0.00 0.00 0.00 0
132706 0.00 0.00 0.00 0
132707 0.00 0.00 0.00 0
132708 0.00 0.00 0.00 0
132709 0.00 0.00 0.00 0
132710 0.00 0.00 0.00 0
132711 0.00 0.00 0.00 0
132712 0.00 0.00 0.00 0
132713 0.00 0.00 0.00 0
132714 0.00 0.00 0.00 0
132715 0.00 0.00 0.00 0
132716 0.00 0.00 0.00 0
132717 0.00 0.00 0.00 0
132774 0.00 0.00 0.00 0
132775 0.00 0.00 0.00 0
132776 0.00 0.00 0.00 0
132777 0.00 0.00 0.00 0
132778 0.00 0.00 0.00 0
132779 0.00 0.00 0.00 0
132780 0.00 0.00 0.00 0
132781 0.00 0.00 0.00 0
132782 0.00 0.00 0.00 0
132783 0.00 0.00 0.00 0
132784 0.00 0.00 0.00 0
132785 0.00 0.00 0.00 0
132792 0.00 0.00 0.00 0
132793 0.00 0.00 0.00 0
132794 0.00 0.00 0.00 0
134515 0.00 0.00 0.00 0
134516 0.00 0.00 0.00 0
134517 0.00 0.00 0.00 0
134518 0.00 0.00 0.00 0
134519 0.00 0.00 0.00 0
134520 0.00 0.00 0.00 0
134521 0.00 0.00 0.00 0
134522 0.00 0.00 0.00 0
134523 0.00 0.00 0.00 0
134524 0.00 0.00 0.00 0
134525 0.00 0.00 0.00 0
134526 0.00 0.00 0.00 0
134527 0.00 0.00 0.00 0
134528 0.00 0.00 0.00 0
134529 0.00 0.00 0.00 0
134530 0.00 0.00 0.00 0
134531 0.00 0.00 0.00 0
134532 0.00 0.00 0.00 0
134533 0.00 0.00 0.00 0
134534 0.00 0.00 0.00 0
134535 0.00 0.00 0.00 0
134536 0.00 0.00 0.00 0
134537 0.00 0.00 0.00 0
134538 0.00 0.00 0.00 0
134539 0.00 0.00 0.00 0
141153 0.00 0.00 0.00 0
141154 0.00 0.00 0.00 0
141155 0.00 0.00 0.00 0
141156 0.00 0.00 0.00 0
141157 0.00 0.00 0.00 0
141158 0.00 0.00 0.00 0
141159 0.00 0.00 0.00 0
141165 0.00 0.00 0.00 0
141171 0.00 0.00 0.00 0
141172 0.00 0.00 0.00 0
141173 0.00 0.00 0.00 0
141174 0.00 0.00 0.00 0
141175 0.00 0.00 0.00 0
141176 0.00 0.00 0.00 0
141177 0.00 0.00 0.00 0
141178 0.00 0.00 0.00 0
141179 0.00 0.00 0.00 0
141180 0.00 0.00 0.00 0
141181 0.00 0.00 0.00 0
141182 0.00 0.00 0.00 0
141183 0.00 0.00 0.00 0
141184 0.00 0.00 0.00 0
141185 0.00 0.00 0.00 0
141186 0.00 0.00 0.00 0
141187 0.00 0.00 0.00 0
141188 0.00 0.00 0.00 0
141189 0.00 0.00 0.00 0
141190 0.00 0.00 0.00 0
141225 0.00 0.00 0.00 0
141226 0.00 0.00 0.00 0
141227 0.00 0.00 0.00 0
141228 0.00 0.00 0.00 0
141229 0.00 0.00 0.00 0
141230 0.00 0.00 0.00 0
141231 0.00 0.00 0.00 0
141232 0.00 0.00 0.00 0
141233 0.00 0.00 0.00 0
141234 0.00 0.00 0.00 0
141235 0.00 0.00 0.00 0
141236 0.00 0.00 0.00 0
141237 0.00 0.00 0.00 0
141238 0.00 0.00 0.00 0
141239 0.00 0.00 0.00 0
141240 0.00 0.00 0.00 0
141241 0.00 0.00 0.00 0
141242 0.00 0.00 0.00 0
141243 0.00 0.00 0.00 0
141244 0.00 0.00 0.00 0
141245 0.00 0.00 0.00 0
141246 0.00 0.00 0.00 0
141247 0.00 0.00 0.00 0
141248 0.00 0.00 0.00 0
141249 0.00 0.00 0.00 0
141250 0.00 0.00 0.00 0
141251 0.00 0.00 0.00 0
141252 0.00 0.00 0.00 0
141253 0.00 0.00 0.00 0
141254 0.00 0.00 0.00 0
141255 0.00 0.00 0.00 0
141261 0.00 0.00 0.00 0
141262 0.00 0.00 0.00 0
141270 0.00 0.00 0.00 0
141271 0.00 0.00 0.00 0
141272 0.00 0.00 0.00 0
141273 0.00 0.00 0.00 0
141274 0.00 0.00 0.00 0
141275 0.00 0.00 0.00 0
141276 0.00 0.00 0.00 0
141277 0.00 0.00 0.00 0
141278 0.00 0.00 0.00 0
141279 0.00 0.00 0.00 0
141280 0.00 0.00 0.00 0
146071 0.00 0.00 0.00 0
146072 0.00 0.00 0.00 0
146073 0.00 0.00 0.00 0
146074 0.00 0.00 0.00 0
146075 0.00 0.00 0.00 0
146076 0.00 0.00 0.00 0
146077 0.00 0.00 0.00 0
146078 0.00 0.00 0.00 0
146079 0.00 0.00 0.00 0
146080 0.00 0.00 0.00 0
146081 0.00 0.00 0.00 0
146082 0.00 0.00 0.00 0
146083 0.00 0.00 0.00 0
146084 0.00 0.00 0.00 0
146085 0.00 0.00 0.00 0
146086 0.00 0.00 0.00 0
146087 0.00 0.00 0.00 0
146088 0.00 0.00 0.00 0
146089 0.00 0.00 0.00 0
146090 0.00 0.00 0.00 0
146091 0.00 0.00 0.00 0
146092 0.00 0.00 0.00 0
146093 0.00 0.00 0.00 0
146129 0.00 0.00 0.00 0
146130 0.00 0.00 0.00 0
146131 0.00 0.00 0.00 0
146132 0.00 0.00 0.00 0
146133 0.00 0.00 0.00 0
146134 0.00 0.00 0.00 0
146135 0.00 0.00 0.00 0
146136 0.00 0.00 0.00 0
146137 0.00 0.00 0.00 0
146138 0.00 0.00 0.00 0
146139 0.00 0.00 0.00 0
146140 0.00 0.00 0.00 0
146141 0.00 0.00 0.00 0
146142 0.00 0.00 0.00 0
146143 0.00 0.00 0.00 0
146144 0.00 0.00 0.00 0
146145 0.00 0.00 0.00 0
146146 0.00 0.00 0.00 0
146147 0.00 0.00 0.00 0
146148 0.00 0.00 0.00 0
146149 0.00 0.00 0.00 0
146150 0.00 0.00 0.00 0
146151 0.00 0.00 0.00 0
146152 0.00 0.00 0.00 0
146153 0.00 0.00 0.00 0
146213 0.00 0.00 0.00 0
146214 0.00 0.00 0.00 0
146215 0.00 0.00 0.00 0
146216 0.00 0.00 0.00 0
146217 0.00 0.00 0.00 0
146218 0.00 0.00 0.00 0
146219 0.00 0.00 0.00 0
146220 0.00 0.00 0.00 0
146221 0.00 0.00 0.00 0
146222 0.00 0.00 0.00 0
146223 0.00 0.00 0.00 0
146224 0.00 0.00 0.00 0
146225 0.00 0.00 0.00 0
146226 0.00 0.00 0.00 0
146227 0.00 0.00 0.00 0
146228 0.00 0.00 0.00 0
146229 0.00 0.00 0.00 0
146230 0.00 0.00 0.00 0
146231 0.00 0.00 0.00 0
146232 0.00 0.00 0.00 0
146233 0.00 0.00 0.00 0
146234 0.00 0.00 0.00 0
146235 0.00 0.00 0.00 0
146236 0.00 0.00 0.00 0
146237 0.00 0.00 0.00 0
146238 0.00 0.00 0.00 0
146239 0.00 0.00 0.00 0
146240 0.00 0.00 0.00 0
146241 0.00 0.00 0.00 0
146242 0.00 0.00 0.00 0
146243 0.00 0.00 0.00 0
146244 0.00 0.00 0.00 0
146245 0.00 0.00 0.00 0
146246 0.00 0.00 0.00 0
146247 0.00 0.00 0.00 0
146248 0.00 0.00 0.00 0
146249 0.00 0.00 0.00 0
146250 0.00 0.00 0.00 0
146251 0.00 0.00 0.00 0
146252 0.00 0.00 0.00 0
146253 0.00 0.00 0.00 0
146254 0.00 0.00 0.00 0
146255 0.00 0.00 0.00 0
146256 0.00 0.00 0.00 0
146257 0.00 0.00 0.00 0
146258 0.00 0.00 0.00 0
149424 0.00 0.00 0.00 0
149432 0.00 0.00 0.00 0
149433 0.00 0.00 0.00 0
149434 0.00 0.00 0.00 0
149435 0.00 0.00 0.00 0
149436 0.00 0.00 0.00 0
149437 0.00 0.00 0.00 0
149438 0.00 0.00 0.00 0
149439 0.00 0.00 0.00 0
149440 0.00 0.00 0.00 0
149441 0.00 0.00 0.00 0
149442 0.00 0.00 0.00 0
149450 0.00 0.00 0.00 0
149451 0.00 0.00 0.00 0
149452 0.00 0.00 0.00 0
149453 0.00 0.00 0.00 0
149454 0.00 0.00 0.00 0
149455 0.00 0.00 0.00 0
149456 0.00 0.00 0.00 0
149457 0.00 0.00 0.00 0
149458 0.00 0.00 0.00 0
149459 0.00 0.00 0.00 0
149460 0.00 0.00 0.00 0
149461 0.00 0.00 0.00 0
149462 0.00 0.00 0.00 0
149463 0.00 0.00 0.00 0
149464 0.00 0.00 0.00 0
149465 0.00 0.00 0.00 0
149466 0.00 0.00 0.00 0
149467 0.00 0.00 0.00 0
149468 0.00 0.00 0.00 0
149469 0.00 0.00 0.00 0
149470 0.00 0.00 0.00 0
149471 0.00 0.00 0.00 0
149472 0.00 0.00 0.00 0
149473 0.00 0.00 0.00 0
149474 0.00 0.00 0.00 0
149475 0.00 0.00 0.00 0
149476 0.00 0.00 0.00 0
149477 0.00 0.00 0.00 0
149478 0.00 0.00 0.00 0
149479 0.00 0.00 0.00 0
149480 0.00 0.00 0.00 0
149481 0.00 0.00 0.00 0
149482 0.00 0.00 0.00 0
149483 0.00 0.00 0.00 0
149484 0.00 0.00 0.00 0
149485 0.00 0.00 0.00 0
149486 0.00 0.00 0.00 0
149487 0.00 0.00 0.00 0
149488 0.00 0.00 0.00 0
149489 0.00 0.00 0.00 0
149490 0.00 0.00 0.00 0
149491 0.00 0.00 0.00 0
149492 0.00 0.00 0.00 0
149493 0.00 0.00 0.00 0
149494 0.00 0.00 0.00 0
149495 0.00 0.00 0.00 0
149496 0.00 0.00 0.00 0
149666 0.00 0.00 0.00 0
149667 0.00 0.00 0.00 0
149668 0.00 0.00 0.00 0
149669 0.00 0.00 0.00 0
149670 0.00 0.00 0.00 0
149671 0.00 0.00 0.00 0
149672 0.00 0.00 0.00 0
149673 0.00 0.00 0.00 0
149674 0.00 0.00 0.00 0
149675 0.00 0.00 0.00 0
149676 0.00 0.00 0.00 0
149677 0.00 0.00 0.00 0
149678 0.00 0.00 0.00 0
149679 0.00 0.00 0.00 0
149680 0.00 0.00 0.00 0
149681 0.00 0.00 0.00 0
149682 0.00 0.00 0.00 0
149683 0.00 0.00 0.00 0
149684 0.00 0.00 0.00 0
149685 0.00 0.00 0.00 0
149686 0.00 0.00 0.00 0
149687 0.00 0.00 0.00 0
149688 0.00 0.00 0.00 0
149689 0.00 0.00 0.00 0
149690 0.00 0.00 0.00 0
149691 0.00 0.00 0.00 0
149692 0.00 0.00 0.00 0
149693 0.00 0.00 0.00 0
149694 0.00 0.00 0.00 0
149695 0.00 0.00 0.00 0
149696 0.00 0.00 0.00 0
149697 0.00 0.00 0.00 0
149698 0.00 0.00 0.00 0
149699 0.00 0.00 0.00 0
149700 0.00 0.00 0.00 0
149701 0.00 0.00 0.00 0
149702 0.00 0.00 0.00 0
149703 0.00 0.00 0.00 0
149704 0.00 0.00 0.00 0
149705 0.00 0.00 0.00 0
149706 0.00 0.00 0.00 0
149707 0.00 0.00 0.00 0
149708 0.00 0.00 0.00 0
149709 0.00 0.00 0.00 0
149710 0.00 0.00 0.00 0
149711 0.00 0.00 0.00 0
149712 0.00 0.00 0.00 0
149713 0.00 0.00 0.00 0
149714 0.00 0.00 0.00 0
149715 0.00 0.00 0.00 0
149716 0.00 0.00 0.00 0
149717 0.00 0.00 0.00 0
149718 0.00 0.00 0.00 0
149719 0.00 0.00 0.00 0
149720 0.00 0.00 0.00 0
149721 0.00 0.00 0.00 0
149722 0.00 0.00 0.00 0
149723 0.00 0.00 0.00 0
149724 0.00 0.00 0.00 0
149725 0.00 0.00 0.00 0
149726 0.00 0.00 0.00 0
149727 0.00 0.00 0.00 0
149728 0.00 0.00 0.00 0
149729 0.00 0.00 0.00 0
149730 0.00 0.00 0.00 0
149731 0.00 0.00 0.00 0
149732 0.00 0.00 0.00 0
149733 0.00 0.00 0.00 0
149734 0.00 0.00 0.00 0
149735 0.00 0.00 0.00 0
149736 0.00 0.00 0.00 0
149737 0.00 0.00 0.00 0
149738 0.00 0.00 0.00 0
149739 0.00 0.00 0.00 0
149740 0.00 0.00 0.00 0
149741 0.00 0.00 0.00 0
149742 0.00 0.00 0.00 0
149743 0.00 0.00 0.00 0
149744 0.00 0.00 0.00 0
149745 0.00 0.00 0.00 0
149746 0.00 0.00 0.00 0
149747 0.00 0.00 0.00 0
149748 0.00 0.00 0.00 0
149749 0.00 0.00 0.00 0
149750 0.00 0.00 0.00 0
149751 0.00 0.00 0.00 0
149752 0.00 0.00 0.00 0
149753 0.00 0.00 0.00 0
149754 0.00 0.00 0.00 0
149755 0.00 0.00 0.00 0
149756 0.00 0.00 0.00 0
149757 0.00 0.00 0.00 0
149758 0.00 0.00 0.00 0
149759 0.00 0.00 0.00 0
154605 0.00 0.00 0.00 0
154606 0.00 0.00 0.00 0
154607 0.00 0.00 0.00 0
154608 0.00 0.00 0.00 0
154609 0.00 0.00 0.00 0
154610 0.00 0.00 0.00 0
154611 0.00 0.00 0.00 0
154612 0.00 0.00 0.00 0
154613 0.00 0.00 0.00 0
154614 0.00 0.00 0.00 0
154615 0.00 0.00 0.00 0
154616 0.00 0.00 0.00 0
154617 0.00 0.00 0.00 0
154618 0.00 0.00 0.00 0
154619 0.00 0.00 0.00 0
154620 0.00 0.00 0.00 0
154621 0.00 0.00 0.00 0
154622 0.00 0.00 0.00 0
154623 0.00 0.00 0.00 0
154624 0.00 0.00 0.00 0
154625 0.00 0.00 0.00 0
154626 0.00 0.00 0.00 0
154627 0.00 0.00 0.00 0
154628 0.00 0.00 0.00 0
154629 0.00 0.00 0.00 0
154630 0.00 0.00 0.00 0
154631 0.00 0.00 0.00 0
154634 0.00 0.00 0.00 0
154635 0.00 0.00 0.00 0
154636 0.00 0.00 0.00 0
154637 0.00 0.00 0.00 0
154638 0.00 0.00 0.00 0
154639 0.00 0.00 0.00 0
154640 0.00 0.00 0.00 0
154641 0.00 0.00 0.00 0
154642 0.00 0.00 0.00 0
154643 0.00 0.00 0.00 0
154644 0.00 0.00 0.00 0
154645 0.00 0.00 0.00 0
154646 0.00 0.00 0.00 0
154647 0.00 0.00 0.00 0
154648 0.00 0.00 0.00 0
154649 0.00 0.00 0.00 0
154650 0.00 0.00 0.00 0
154651 0.00 0.00 0.00 0
154652 0.00 0.00 0.00 0
154653 0.00 0.00 0.00 0
154654 0.00 0.00 0.00 0
154655 0.00 0.00 0.00 0
154656 0.00 0.00 0.00 0
154657 0.00 0.00 0.00 0
154658 0.00 0.00 0.00 0
154659 0.00 0.00 0.00 0
154660 0.00 0.00 0.00 0
154661 0.00 0.00 0.00 0
154662 0.00 0.00 0.00 0
154668 0.00 0.00 0.00 0
154686 0.00 0.00 0.00 0
154687 0.00 0.00 0.00 0
154688 0.00 0.00 0.00 0
154689 0.00 0.00 0.00 0
154690 0.00 0.00 0.00 0
154691 0.00 0.00 0.00 0
154692 0.00 0.00 0.00 0
154693 0.00 0.00 0.00 0
154694 0.00 0.00 0.00 0
154695 0.00 0.00 0.00 0
154696 0.00 0.00 0.00 0
154697 0.00 0.00 0.00 0
154698 0.00 0.00 0.00 0
154699 0.00 0.00 0.00 0
154700 0.00 0.00 0.00 0
154701 0.00 0.00 0.00 0
154702 0.00 0.00 0.00 0
154703 0.00 0.00 0.00 0
154704 0.00 0.00 0.00 0
154705 0.00 0.00 0.00 0
154706 0.00 0.00 0.00 0
154707 0.00 0.00 0.00 0
154708 0.00 0.00 0.00 0
154709 0.00 0.00 0.00 0
154710 0.00 0.00 0.00 0
154711 0.00 0.00 0.00 0
154712 0.00 0.00 0.00 0
154718 0.00 0.00 0.00 0
154719 0.00 0.00 0.00 0
154720 0.00 0.00 0.00 0
154721 0.00 0.00 0.00 0
154729 0.00 0.00 0.00 0
154730 0.00 0.00 0.00 0
154731 0.00 0.00 0.00 0
154732 0.00 0.00 0.00 0
154733 0.00 0.00 0.00 0
154734 0.00 0.00 0.00 0
154735 0.00 0.00 0.00 0
154736 0.00 0.00 0.00 0
154737 0.00 0.00 0.00 0
154738 0.00 0.00 0.00 0
154739 0.00 0.00 0.00 0
154740 0.00 0.00 0.00 0
154741 0.00 0.00 0.00 0
154742 0.00 0.00 0.00 0
