# S_front_sup
3058
43 0.00 0.00 0.00 0
44 0.00 0.00 0.00 0
95 0.00 0.00 0.00 0
163 0.00 0.00 0.00 0
215 0.00 0.00 0.00 0
216 0.00 0.00 0.00 0
217 0.00 0.00 0.00 0
218 0.00 0.00 0.00 0
364 0.00 0.00 0.00 0
365 0.00 0.00 0.00 0
366 0.00 0.00 0.00 0
459 0.00 0.00 0.00 0
460 0.00 0.00 0.00 0
695 0.00 0.00 0.00 0
696 0.00 0.00 0.00 0
697 0.00 0.00 0.00 0
698 0.00 0.00 0.00 0
845 0.00 0.00 0.00 0
846 0.00 0.00 0.00 0
847 0.00 0.00 0.00 0
848 0.00 0.00 0.00 0
849 0.00 0.00 0.00 0
1003 0.00 0.00 0.00 0
1004 0.00 0.00 0.00 0
1005 0.00 0.00 0.00 0
1007 0.00 0.00 0.00 0
1008 0.00 0.00 0.00 0
1009 0.00 0.00 0.00 0
1444 0.00 0.00 0.00 0
1537 0.00 0.00 0.00 0
1538 0.00 0.00 0.00 0
1539 0.00 0.00 0.00 0
1540 0.00 0.00 0.00 0
1541 0.00 0.00 0.00 0
1542 0.00 0.00 0.00 0
1543 0.00 0.00 0.00 0
1544 0.00 0.00 0.00 0
1806 0.00 0.00 0.00 0
1807 0.00 0.00 0.00 0
1808 0.00 0.00 0.00 0
1809 0.00 0.00 0.00 0
1810 0.00 0.00 0.00 0
1811 0.00 0.00 0.00 0
2026 0.00 0.00 0.00 0
2031 0.00 0.00 0.00 0
2035 0.00 0.00 0.00 0
2615 0.00 0.00 0.00 0
2616 0.00 0.00 0.00 0
2617 0.00 0.00 0.00 0
2765 0.00 0.00 0.00 0
2766 0.00 0.00 0.00 0
2767 0.00 0.00 0.00 0
2768 0.00 0.00 0.00 0
2769 0.00 0.00 0.00 0
2792 0.00 0.00 0.00 0
2920 0.00 0.00 0.00 0
2922 0.00 0.00 0.00 0
2923 0.00 0.00 0.00 0
2924 0.00 0.00 0.00 0
2925 0.00 0.00 0.00 0
2926 0.00 0.00 0.00 0
2927 0.00 0.00 0.00 0
2928 0.00 0.00 0.00 0
2929 0.00 0.00 0.00 0
3520 0.00 0.00 0.00 0
3521 0.00 0.00 0.00 0
3522 0.00 0.00 0.00 0
3523 0.00 0.00 0.00 0
3524 0.00 0.00 0.00 0
3525 0.00 0.00 0.00 0
3526 0.00 0.00 0.00 0
3527 0.00 0.00 0.00 0
3528 0.00 0.00 0.00 0
3529 0.00 0.00 0.00 0
3531 0.00 0.00 0.00 0
3965 0.00 0.00 0.00 0
3967 0.00 0.00 0.00 0
3968 0.00 0.00 0.00 0
3969 0.00 0.00 0.00 0
3970 0.00 0.00 0.00 0
3971 0.00 0.00 0.00 0
3972 0.00 0.00 0.00 0
3973 0.00 0.00 0.00 0
3974 0.00 0.00 0.00 0
3975 0.00 0.00 0.00 0
3976 0.00 0.00 0.00 0
3977 0.00 0.00 0.00 0
3978 0.00 0.00 0.00 0
3979 0.00 0.00 0.00 0
3980 0.00 0.00 0.00 0
3981 0.00 0.00 0.00 0
3982 0.00 0.00 0.00 0
3983 0.00 0.00 0.00 0
4443 0.00 0.00 0.00 0
4444 0.00 0.00 0.00 0
4445 0.00 0.00 0.00 0
4446 0.00 0.00 0.00 0
4457 0.00 0.00 0.00 0
4459 0.00 0.00 0.00 0
4460 0.00 0.00 0.00 0
4461 0.00 0.00 0.00 0
4465 0.00 0.00 0.00 0
4466 0.00 0.00 0.00 0
4467 0.00 0.00 0.00 0
5857 0.00 0.00 0.00 0
5858 0.00 0.00 0.00 0
5859 0.00 0.00 0.00 0
5860 0.00 0.00 0.00 0
5861 0.00 0.00 0.00 0
5862 0.00 0.00 0.00 0
5863 0.00 0.00 0.00 0
6127 0.00 0.00 0.00 0
6128 0.00 0.00 0.00 0
6129 0.00 0.00 0.00 0
6130 0.00 0.00 0.00 0
6131 0.00 0.00 0.00 0
6132 0.00 0.00 0.00 0
6133 0.00 0.00 0.00 0
6134 0.00 0.00 0.00 0
6135 0.00 0.00 0.00 0
6176 0.00 0.00 0.00 0
6411 0.00 0.00 0.00 0
6412 0.00 0.00 0.00 0
6413 0.00 0.00 0.00 0
6414 0.00 0.00 0.00 0
6415 0.00 0.00 0.00 0
6417 0.00 0.00 0.00 0
6418 0.00 0.00 0.00 0
6419 0.00 0.00 0.00 0
6420 0.00 0.00 0.00 0
6421 0.00 0.00 0.00 0
6422 0.00 0.00 0.00 0
6423 0.00 0.00 0.00 0
6424 0.00 0.00 0.00 0
6425 0.00 0.00 0.00 0
7205 0.00 0.00 0.00 0
7206 0.00 0.00 0.00 0
7208 0.00 0.00 0.00 0
7209 0.00 0.00 0.00 0
7210 0.00 0.00 0.00 0
7211 0.00 0.00 0.00 0
7423 0.00 0.00 0.00 0
7424 0.00 0.00 0.00 0
7425 0.00 0.00 0.00 0
7426 0.00 0.00 0.00 0
7427 0.00 0.00 0.00 0
7428 0.00 0.00 0.00 0
7429 0.00 0.00 0.00 0
7430 0.00 0.00 0.00 0
7431 0.00 0.00 0.00 0
7432 0.00 0.00 0.00 0
7433 0.00 0.00 0.00 0
7434 0.00 0.00 0.00 0
7435 0.00 0.00 0.00 0
7436 0.00 0.00 0.00 0
7437 0.00 0.00 0.00 0
7438 0.00 0.00 0.00 0
7439 0.00 0.00 0.00 0
7440 0.00 0.00 0.00 0
8050 0.00 0.00 0.00 0
8051 0.00 0.00 0.00 0
8052 0.00 0.00 0.00 0
8054 0.00 0.00 0.00 0
8055 0.00 0.00 0.00 0
8056 0.00 0.00 0.00 0
8057 0.00 0.00 0.00 0
8058 0.00 0.00 0.00 0
8059 0.00 0.00 0.00 0
8060 0.00 0.00 0.00 0
8061 0.00 0.00 0.00 0
8062 0.00 0.00 0.00 0
8063 0.00 0.00 0.00 0
8064 0.00 0.00 0.00 0
8065 0.00 0.00 0.00 0
8066 0.00 0.00 0.00 0
8067 0.00 0.00 0.00 0
8068 0.00 0.00 0.00 0
8069 0.00 0.00 0.00 0
8070 0.00 0.00 0.00 0
8650 0.00 0.00 0.00 0
8651 0.00 0.00 0.00 0
8653 0.00 0.00 0.00 0
8677 0.00 0.00 0.00 0
8678 0.00 0.00 0.00 0
8679 0.00 0.00 0.00 0
8680 0.00 0.00 0.00 0
8681 0.00 0.00 0.00 0
10295 0.00 0.00 0.00 0
10296 0.00 0.00 0.00 0
10297 0.00 0.00 0.00 0
10445 0.00 0.00 0.00 0
10446 0.00 0.00 0.00 0
10447 0.00 0.00 0.00 0
10448 0.00 0.00 0.00 0
10449 0.00 0.00 0.00 0
10471 0.00 0.00 0.00 0
10472 0.00 0.00 0.00 0
10600 0.00 0.00 0.00 0
10601 0.00 0.00 0.00 0
10602 0.00 0.00 0.00 0
10603 0.00 0.00 0.00 0
10604 0.00 0.00 0.00 0
10605 0.00 0.00 0.00 0
10606 0.00 0.00 0.00 0
10607 0.00 0.00 0.00 0
10608 0.00 0.00 0.00 0
10609 0.00 0.00 0.00 0
11200 0.00 0.00 0.00 0
11201 0.00 0.00 0.00 0
11202 0.00 0.00 0.00 0
11203 0.00 0.00 0.00 0
11204 0.00 0.00 0.00 0
11205 0.00 0.00 0.00 0
11206 0.00 0.00 0.00 0
11207 0.00 0.00 0.00 0
11208 0.00 0.00 0.00 0
11209 0.00 0.00 0.00 0
11645 0.00 0.00 0.00 0
11646 0.00 0.00 0.00 0
11647 0.00 0.00 0.00 0
11648 0.00 0.00 0.00 0
11649 0.00 0.00 0.00 0
11650 0.00 0.00 0.00 0
11651 0.00 0.00 0.00 0
11652 0.00 0.00 0.00 0
11653 0.00 0.00 0.00 0
11654 0.00 0.00 0.00 0
11655 0.00 0.00 0.00 0
11656 0.00 0.00 0.00 0
11657 0.00 0.00 0.00 0
11658 0.00 0.00 0.00 0
11659 0.00 0.00 0.00 0
11660 0.00 0.00 0.00 0
11661 0.00 0.00 0.00 0
11662 0.00 0.00 0.00 0
11663 0.00 0.00 0.00 0
11664 0.00 0.00 0.00 0
12123 0.00 0.00 0.00 0
12124 0.00 0.00 0.00 0
12125 0.00 0.00 0.00 0
12126 0.00 0.00 0.00 0
12133 0.00 0.00 0.00 0
12135 0.00 0.00 0.00 0
12136 0.00 0.00 0.00 0
12137 0.00 0.00 0.00 0
12138 0.00 0.00 0.00 0
12139 0.00 0.00 0.00 0
12140 0.00 0.00 0.00 0
12141 0.00 0.00 0.00 0
12142 0.00 0.00 0.00 0
12144 0.00 0.00 0.00 0
12145 0.00 0.00 0.00 0
12146 0.00 0.00 0.00 0
12147 0.00 0.00 0.00 0
13600 0.00 0.00 0.00 0
13601 0.00 0.00 0.00 0
13602 0.00 0.00 0.00 0
13603 0.00 0.00 0.00 0
13604 0.00 0.00 0.00 0
13605 0.00 0.00 0.00 0
13606 0.00 0.00 0.00 0
13607 0.00 0.00 0.00 0
13608 0.00 0.00 0.00 0
13609 0.00 0.00 0.00 0
14050 0.00 0.00 0.00 0
14051 0.00 0.00 0.00 0
14052 0.00 0.00 0.00 0
14053 0.00 0.00 0.00 0
14054 0.00 0.00 0.00 0
14055 0.00 0.00 0.00 0
14056 0.00 0.00 0.00 0
14057 0.00 0.00 0.00 0
14058 0.00 0.00 0.00 0
14059 0.00 0.00 0.00 0
14060 0.00 0.00 0.00 0
14061 0.00 0.00 0.00 0
14062 0.00 0.00 0.00 0
14063 0.00 0.00 0.00 0
14064 0.00 0.00 0.00 0
14131 0.00 0.00 0.00 0
14132 0.00 0.00 0.00 0
14523 0.00 0.00 0.00 0
14524 0.00 0.00 0.00 0
14525 0.00 0.00 0.00 0
14526 0.00 0.00 0.00 0
14527 0.00 0.00 0.00 0
14528 0.00 0.00 0.00 0
14529 0.00 0.00 0.00 0
14530 0.00 0.00 0.00 0
14531 0.00 0.00 0.00 0
14532 0.00 0.00 0.00 0
14533 0.00 0.00 0.00 0
14534 0.00 0.00 0.00 0
14535 0.00 0.00 0.00 0
14536 0.00 0.00 0.00 0
14537 0.00 0.00 0.00 0
14538 0.00 0.00 0.00 0
14539 0.00 0.00 0.00 0
14540 0.00 0.00 0.00 0
14541 0.00 0.00 0.00 0
14542 0.00 0.00 0.00 0
14543 0.00 0.00 0.00 0
14544 0.00 0.00 0.00 0
15845 0.00 0.00 0.00 0
15846 0.00 0.00 0.00 0
15847 0.00 0.00 0.00 0
15848 0.00 0.00 0.00 0
15849 0.00 0.00 0.00 0
15855 0.00 0.00 0.00 0
15856 0.00 0.00 0.00 0
15857 0.00 0.00 0.00 0
15858 0.00 0.00 0.00 0
15861 0.00 0.00 0.00 0
15862 0.00 0.00 0.00 0
15863 0.00 0.00 0.00 0
16315 0.00 0.00 0.00 0
16316 0.00 0.00 0.00 0
16317 0.00 0.00 0.00 0
16318 0.00 0.00 0.00 0
16319 0.00 0.00 0.00 0
16320 0.00 0.00 0.00 0
16321 0.00 0.00 0.00 0
16322 0.00 0.00 0.00 0
16323 0.00 0.00 0.00 0
16324 0.00 0.00 0.00 0
16325 0.00 0.00 0.00 0
16326 0.00 0.00 0.00 0
16327 0.00 0.00 0.00 0
16328 0.00 0.00 0.00 0
16329 0.00 0.00 0.00 0
16330 0.00 0.00 0.00 0
16331 0.00 0.00 0.00 0
16332 0.00 0.00 0.00 0
16333 0.00 0.00 0.00 0
16334 0.00 0.00 0.00 0
16335 0.00 0.00 0.00 0
16336 0.00 0.00 0.00 0
16337 0.00 0.00 0.00 0
16338 0.00 0.00 0.00 0
16339 0.00 0.00 0.00 0
16340 0.00 0.00 0.00 0
16341 0.00 0.00 0.00 0
16342 0.00 0.00 0.00 0
16343 0.00 0.00 0.00 0
16344 0.00 0.00 0.00 0
16345 0.00 0.00 0.00 0
16346 0.00 0.00 0.00 0
16347 0.00 0.00 0.00 0
16348 0.00 0.00 0.00 0
16349 0.00 0.00 0.00 0
16350 0.00 0.00 0.00 0
16351 0.00 0.00 0.00 0
16352 0.00 0.00 0.00 0
16353 0.00 0.00 0.00 0
16354 0.00 0.00 0.00 0
17658 0.00 0.00 0.00 0
17659 0.00 0.00 0.00 0
17660 0.00 0.00 0.00 0
17661 0.00 0.00 0.00 0
17662 0.00 0.00 0.00 0
17663 0.00 0.00 0.00 0
17664 0.00 0.00 0.00 0
17668 0.00 0.00 0.00 0
17669 0.00 0.00 0.00 0
17670 0.00 0.00 0.00 0
17671 0.00 0.00 0.00 0
17672 0.00 0.00 0.00 0
17673 0.00 0.00 0.00 0
17674 0.00 0.00 0.00 0
17675 0.00 0.00 0.00 0
17676 0.00 0.00 0.00 0
17677 0.00 0.00 0.00 0
17678 0.00 0.00 0.00 0
17679 0.00 0.00 0.00 0
17680 0.00 0.00 0.00 0
17681 0.00 0.00 0.00 0
17682 0.00 0.00 0.00 0
17683 0.00 0.00 0.00 0
17684 0.00 0.00 0.00 0
17685 0.00 0.00 0.00 0
17686 0.00 0.00 0.00 0
17687 0.00 0.00 0.00 0
17688 0.00 0.00 0.00 0
17689 0.00 0.00 0.00 0
17690 0.00 0.00 0.00 0
17691 0.00 0.00 0.00 0
17692 0.00 0.00 0.00 0
17693 0.00 0.00 0.00 0
17694 0.00 0.00 0.00 0
17695 0.00 0.00 0.00 0
17696 0.00 0.00 0.00 0
17697 0.00 0.00 0.00 0
17698 0.00 0.00 0.00 0
17699 0.00 0.00 0.00 0
17700 0.00 0.00 0.00 0
17701 0.00 0.00 0.00 0
17702 0.00 0.00 0.00 0
17703 0.00 0.00 0.00 0
17704 0.00 0.00 0.00 0
17705 0.00 0.00 0.00 0
17706 0.00 0.00 0.00 0
17707 0.00 0.00 0.00 0
17708 0.00 0.00 0.00 0
19083 0.00 0.00 0.00 0
19084 0.00 0.00 0.00 0
19085 0.00 0.00 0.00 0
19086 0.00 0.00 0.00 0
19087 0.00 0.00 0.00 0
19088 0.00 0.00 0.00 0
19089 0.00 0.00 0.00 0
19091 0.00 0.00 0.00 0
19092 0.00 0.00 0.00 0
19093 0.00 0.00 0.00 0
19129 0.00 0.00 0.00 0
19135 0.00 0.00 0.00 0
19136 0.00 0.00 0.00 0
19137 0.00 0.00 0.00 0
19150 0.00 0.00 0.00 0
19151 0.00 0.00 0.00 0
19152 0.00 0.00 0.00 0
19153 0.00 0.00 0.00 0
19154 0.00 0.00 0.00 0
19155 0.00 0.00 0.00 0
19156 0.00 0.00 0.00 0
19157 0.00 0.00 0.00 0
19159 0.00 0.00 0.00 0
19164 0.00 0.00 0.00 0
23137 0.00 0.00 0.00 0
23138 0.00 0.00 0.00 0
23139 0.00 0.00 0.00 0
23140 0.00 0.00 0.00 0
23141 0.00 0.00 0.00 0
23142 0.00 0.00 0.00 0
23143 0.00 0.00 0.00 0
23407 0.00 0.00 0.00 0
23408 0.00 0.00 0.00 0
23409 0.00 0.00 0.00 0
23410 0.00 0.00 0.00 0
23411 0.00 0.00 0.00 0
23412 0.00 0.00 0.00 0
23413 0.00 0.00 0.00 0
23414 0.00 0.00 0.00 0
23415 0.00 0.00 0.00 0
23455 0.00 0.00 0.00 0
23690 0.00 0.00 0.00 0
23691 0.00 0.00 0.00 0
23692 0.00 0.00 0.00 0
23693 0.00 0.00 0.00 0
23694 0.00 0.00 0.00 0
23695 0.00 0.00 0.00 0
23696 0.00 0.00 0.00 0
23697 0.00 0.00 0.00 0
23698 0.00 0.00 0.00 0
23699 0.00 0.00 0.00 0
23700 0.00 0.00 0.00 0
23701 0.00 0.00 0.00 0
23702 0.00 0.00 0.00 0
23703 0.00 0.00 0.00 0
24483 0.00 0.00 0.00 0
24486 0.00 0.00 0.00 0
24766 0.00 0.00 0.00 0
24767 0.00 0.00 0.00 0
24768 0.00 0.00 0.00 0
24769 0.00 0.00 0.00 0
24770 0.00 0.00 0.00 0
24771 0.00 0.00 0.00 0
24772 0.00 0.00 0.00 0
24773 0.00 0.00 0.00 0
24774 0.00 0.00 0.00 0
24775 0.00 0.00 0.00 0
24776 0.00 0.00 0.00 0
24777 0.00 0.00 0.00 0
24778 0.00 0.00 0.00 0
24779 0.00 0.00 0.00 0
24780 0.00 0.00 0.00 0
24781 0.00 0.00 0.00 0
24782 0.00 0.00 0.00 0
24783 0.00 0.00 0.00 0
24784 0.00 0.00 0.00 0
24785 0.00 0.00 0.00 0
24786 0.00 0.00 0.00 0
24787 0.00 0.00 0.00 0
24788 0.00 0.00 0.00 0
24789 0.00 0.00 0.00 0
24790 0.00 0.00 0.00 0
25569 0.00 0.00 0.00 0
25570 0.00 0.00 0.00 0
25571 0.00 0.00 0.00 0
25572 0.00 0.00 0.00 0
25573 0.00 0.00 0.00 0
25574 0.00 0.00 0.00 0
25575 0.00 0.00 0.00 0
25576 0.00 0.00 0.00 0
25577 0.00 0.00 0.00 0
25578 0.00 0.00 0.00 0
25579 0.00 0.00 0.00 0
25580 0.00 0.00 0.00 0
25581 0.00 0.00 0.00 0
25582 0.00 0.00 0.00 0
25583 0.00 0.00 0.00 0
25584 0.00 0.00 0.00 0
25585 0.00 0.00 0.00 0
25586 0.00 0.00 0.00 0
25587 0.00 0.00 0.00 0
25588 0.00 0.00 0.00 0
25589 0.00 0.00 0.00 0
25590 0.00 0.00 0.00 0
25591 0.00 0.00 0.00 0
25592 0.00 0.00 0.00 0
25593 0.00 0.00 0.00 0
25594 0.00 0.00 0.00 0
25595 0.00 0.00 0.00 0
25596 0.00 0.00 0.00 0
25597 0.00 0.00 0.00 0
25598 0.00 0.00 0.00 0
25599 0.00 0.00 0.00 0
25600 0.00 0.00 0.00 0
25601 0.00 0.00 0.00 0
26427 0.00 0.00 0.00 0
26428 0.00 0.00 0.00 0
26429 0.00 0.00 0.00 0
26430 0.00 0.00 0.00 0
26431 0.00 0.00 0.00 0
26432 0.00 0.00 0.00 0
26433 0.00 0.00 0.00 0
26434 0.00 0.00 0.00 0
26454 0.00 0.00 0.00 0
26455 0.00 0.00 0.00 0
26457 0.00 0.00 0.00 0
26458 0.00 0.00 0.00 0
26459 0.00 0.00 0.00 0
26460 0.00 0.00 0.00 0
26461 0.00 0.00 0.00 0
26467 0.00 0.00 0.00 0
26468 0.00 0.00 0.00 0
26469 0.00 0.00 0.00 0
26470 0.00 0.00 0.00 0
26471 0.00 0.00 0.00 0
29023 0.00 0.00 0.00 0
29024 0.00 0.00 0.00 0
29025 0.00 0.00 0.00 0
29026 0.00 0.00 0.00 0
29027 0.00 0.00 0.00 0
29028 0.00 0.00 0.00 0
29029 0.00 0.00 0.00 0
29030 0.00 0.00 0.00 0
29031 0.00 0.00 0.00 0
29032 0.00 0.00 0.00 0
29033 0.00 0.00 0.00 0
29034 0.00 0.00 0.00 0
29035 0.00 0.00 0.00 0
29036 0.00 0.00 0.00 0
29037 0.00 0.00 0.00 0
29038 0.00 0.00 0.00 0
29039 0.00 0.00 0.00 0
29040 0.00 0.00 0.00 0
29652 0.00 0.00 0.00 0
29653 0.00 0.00 0.00 0
29654 0.00 0.00 0.00 0
29655 0.00 0.00 0.00 0
29656 0.00 0.00 0.00 0
29657 0.00 0.00 0.00 0
29658 0.00 0.00 0.00 0
29659 0.00 0.00 0.00 0
29660 0.00 0.00 0.00 0
29661 0.00 0.00 0.00 0
29662 0.00 0.00 0.00 0
29663 0.00 0.00 0.00 0
29664 0.00 0.00 0.00 0
29665 0.00 0.00 0.00 0
29666 0.00 0.00 0.00 0
29667 0.00 0.00 0.00 0
29668 0.00 0.00 0.00 0
29669 0.00 0.00 0.00 0
29670 0.00 0.00 0.00 0
29671 0.00 0.00 0.00 0
29672 0.00 0.00 0.00 0
29673 0.00 0.00 0.00 0
29768 0.00 0.00 0.00 0
29771 0.00 0.00 0.00 0
29772 0.00 0.00 0.00 0
29773 0.00 0.00 0.00 0
30315 0.00 0.00 0.00 0
30316 0.00 0.00 0.00 0
30317 0.00 0.00 0.00 0
30318 0.00 0.00 0.00 0
30319 0.00 0.00 0.00 0
30320 0.00 0.00 0.00 0
30321 0.00 0.00 0.00 0
30322 0.00 0.00 0.00 0
30323 0.00 0.00 0.00 0
30324 0.00 0.00 0.00 0
30325 0.00 0.00 0.00 0
30330 0.00 0.00 0.00 0
30331 0.00 0.00 0.00 0
30333 0.00 0.00 0.00 0
30334 0.00 0.00 0.00 0
30335 0.00 0.00 0.00 0
30336 0.00 0.00 0.00 0
30337 0.00 0.00 0.00 0
30338 0.00 0.00 0.00 0
30339 0.00 0.00 0.00 0
30340 0.00 0.00 0.00 0
30341 0.00 0.00 0.00 0
30342 0.00 0.00 0.00 0
30343 0.00 0.00 0.00 0
30344 0.00 0.00 0.00 0
30345 0.00 0.00 0.00 0
30346 0.00 0.00 0.00 0
30347 0.00 0.00 0.00 0
30348 0.00 0.00 0.00 0
30350 0.00 0.00 0.00 0
32167 0.00 0.00 0.00 0
32168 0.00 0.00 0.00 0
32169 0.00 0.00 0.00 0
32170 0.00 0.00 0.00 0
32171 0.00 0.00 0.00 0
32172 0.00 0.00 0.00 0
32175 0.00 0.00 0.00 0
32178 0.00 0.00 0.00 0
32179 0.00 0.00 0.00 0
32180 0.00 0.00 0.00 0
32181 0.00 0.00 0.00 0
32182 0.00 0.00 0.00 0
32183 0.00 0.00 0.00 0
32184 0.00 0.00 0.00 0
32185 0.00 0.00 0.00 0
32186 0.00 0.00 0.00 0
32187 0.00 0.00 0.00 0
32188 0.00 0.00 0.00 0
32189 0.00 0.00 0.00 0
32761 0.00 0.00 0.00 0
32762 0.00 0.00 0.00 0
32763 0.00 0.00 0.00 0
32764 0.00 0.00 0.00 0
32765 0.00 0.00 0.00 0
32766 0.00 0.00 0.00 0
32767 0.00 0.00 0.00 0
32768 0.00 0.00 0.00 0
32769 0.00 0.00 0.00 0
32770 0.00 0.00 0.00 0
32771 0.00 0.00 0.00 0
32772 0.00 0.00 0.00 0
32773 0.00 0.00 0.00 0
32774 0.00 0.00 0.00 0
32775 0.00 0.00 0.00 0
32776 0.00 0.00 0.00 0
32777 0.00 0.00 0.00 0
32778 0.00 0.00 0.00 0
32779 0.00 0.00 0.00 0
32780 0.00 0.00 0.00 0
32781 0.00 0.00 0.00 0
32782 0.00 0.00 0.00 0
32783 0.00 0.00 0.00 0
32784 0.00 0.00 0.00 0
32785 0.00 0.00 0.00 0
32786 0.00 0.00 0.00 0
32787 0.00 0.00 0.00 0
32788 0.00 0.00 0.00 0
32789 0.00 0.00 0.00 0
32790 0.00 0.00 0.00 0
32791 0.00 0.00 0.00 0
32792 0.00 0.00 0.00 0
32793 0.00 0.00 0.00 0
32794 0.00 0.00 0.00 0
32795 0.00 0.00 0.00 0
32796 0.00 0.00 0.00 0
32797 0.00 0.00 0.00 0
32798 0.00 0.00 0.00 0
32799 0.00 0.00 0.00 0
32800 0.00 0.00 0.00 0
32801 0.00 0.00 0.00 0
32802 0.00 0.00 0.00 0
32803 0.00 0.00 0.00 0
32804 0.00 0.00 0.00 0
32805 0.00 0.00 0.00 0
32806 0.00 0.00 0.00 0
32807 0.00 0.00 0.00 0
32808 0.00 0.00 0.00 0
32809 0.00 0.00 0.00 0
32810 0.00 0.00 0.00 0
34463 0.00 0.00 0.00 0
34465 0.00 0.00 0.00 0
34466 0.00 0.00 0.00 0
34468 0.00 0.00 0.00 0
34469 0.00 0.00 0.00 0
34470 0.00 0.00 0.00 0
34477 0.00 0.00 0.00 0
34478 0.00 0.00 0.00 0
34479 0.00 0.00 0.00 0
34480 0.00 0.00 0.00 0
34481 0.00 0.00 0.00 0
34482 0.00 0.00 0.00 0
34483 0.00 0.00 0.00 0
34484 0.00 0.00 0.00 0
34485 0.00 0.00 0.00 0
34486 0.00 0.00 0.00 0
34487 0.00 0.00 0.00 0
34488 0.00 0.00 0.00 0
34489 0.00 0.00 0.00 0
34490 0.00 0.00 0.00 0
34491 0.00 0.00 0.00 0
34492 0.00 0.00 0.00 0
34493 0.00 0.00 0.00 0
34494 0.00 0.00 0.00 0
34495 0.00 0.00 0.00 0
34496 0.00 0.00 0.00 0
34497 0.00 0.00 0.00 0
34498 0.00 0.00 0.00 0
34499 0.00 0.00 0.00 0
34500 0.00 0.00 0.00 0
34501 0.00 0.00 0.00 0
34502 0.00 0.00 0.00 0
34503 0.00 0.00 0.00 0
34504 0.00 0.00 0.00 0
34505 0.00 0.00 0.00 0
34506 0.00 0.00 0.00 0
34507 0.00 0.00 0.00 0
34508 0.00 0.00 0.00 0
34509 0.00 0.00 0.00 0
34510 0.00 0.00 0.00 0
34511 0.00 0.00 0.00 0
34512 0.00 0.00 0.00 0
34513 0.00 0.00 0.00 0
34514 0.00 0.00 0.00 0
34515 0.00 0.00 0.00 0
34516 0.00 0.00 0.00 0
34517 0.00 0.00 0.00 0
34518 0.00 0.00 0.00 0
34519 0.00 0.00 0.00 0
34520 0.00 0.00 0.00 0
34521 0.00 0.00 0.00 0
34522 0.00 0.00 0.00 0
34523 0.00 0.00 0.00 0
36202 0.00 0.00 0.00 0
36203 0.00 0.00 0.00 0
36204 0.00 0.00 0.00 0
36205 0.00 0.00 0.00 0
36206 0.00 0.00 0.00 0
36207 0.00 0.00 0.00 0
36211 0.00 0.00 0.00 0
36212 0.00 0.00 0.00 0
36213 0.00 0.00 0.00 0
36259 0.00 0.00 0.00 0
36265 0.00 0.00 0.00 0
36266 0.00 0.00 0.00 0
36283 0.00 0.00 0.00 0
36284 0.00 0.00 0.00 0
36285 0.00 0.00 0.00 0
36286 0.00 0.00 0.00 0
36287 0.00 0.00 0.00 0
36288 0.00 0.00 0.00 0
36289 0.00 0.00 0.00 0
36290 0.00 0.00 0.00 0
36291 0.00 0.00 0.00 0
36292 0.00 0.00 0.00 0
36293 0.00 0.00 0.00 0
36294 0.00 0.00 0.00 0
36296 0.00 0.00 0.00 0
36297 0.00 0.00 0.00 0
36298 0.00 0.00 0.00 0
36299 0.00 0.00 0.00 0
36300 0.00 0.00 0.00 0
36301 0.00 0.00 0.00 0
41015 0.00 0.00 0.00 0
41016 0.00 0.00 0.00 0
41017 0.00 0.00 0.00 0
41165 0.00 0.00 0.00 0
41166 0.00 0.00 0.00 0
41167 0.00 0.00 0.00 0
41168 0.00 0.00 0.00 0
41169 0.00 0.00 0.00 0
41191 0.00 0.00 0.00 0
41192 0.00 0.00 0.00 0
41320 0.00 0.00 0.00 0
41321 0.00 0.00 0.00 0
41322 0.00 0.00 0.00 0
41323 0.00 0.00 0.00 0
41324 0.00 0.00 0.00 0
41325 0.00 0.00 0.00 0
41326 0.00 0.00 0.00 0
41327 0.00 0.00 0.00 0
41328 0.00 0.00 0.00 0
41329 0.00 0.00 0.00 0
41920 0.00 0.00 0.00 0
41921 0.00 0.00 0.00 0
41922 0.00 0.00 0.00 0
41923 0.00 0.00 0.00 0
41924 0.00 0.00 0.00 0
41925 0.00 0.00 0.00 0
41926 0.00 0.00 0.00 0
41927 0.00 0.00 0.00 0
41928 0.00 0.00 0.00 0
41929 0.00 0.00 0.00 0
42365 0.00 0.00 0.00 0
42366 0.00 0.00 0.00 0
42367 0.00 0.00 0.00 0
42368 0.00 0.00 0.00 0
42369 0.00 0.00 0.00 0
42370 0.00 0.00 0.00 0
42371 0.00 0.00 0.00 0
42372 0.00 0.00 0.00 0
42373 0.00 0.00 0.00 0
42374 0.00 0.00 0.00 0
42375 0.00 0.00 0.00 0
42376 0.00 0.00 0.00 0
42377 0.00 0.00 0.00 0
42378 0.00 0.00 0.00 0
42379 0.00 0.00 0.00 0
42380 0.00 0.00 0.00 0
42381 0.00 0.00 0.00 0
42382 0.00 0.00 0.00 0
42383 0.00 0.00 0.00 0
42384 0.00 0.00 0.00 0
42451 0.00 0.00 0.00 0
42452 0.00 0.00 0.00 0
42843 0.00 0.00 0.00 0
42844 0.00 0.00 0.00 0
42845 0.00 0.00 0.00 0
42853 0.00 0.00 0.00 0
42854 0.00 0.00 0.00 0
42855 0.00 0.00 0.00 0
42856 0.00 0.00 0.00 0
42857 0.00 0.00 0.00 0
42858 0.00 0.00 0.00 0
42859 0.00 0.00 0.00 0
42860 0.00 0.00 0.00 0
42861 0.00 0.00 0.00 0
42862 0.00 0.00 0.00 0
42863 0.00 0.00 0.00 0
42864 0.00 0.00 0.00 0
42865 0.00 0.00 0.00 0
42866 0.00 0.00 0.00 0
42867 0.00 0.00 0.00 0
44320 0.00 0.00 0.00 0
44321 0.00 0.00 0.00 0
44322 0.00 0.00 0.00 0
44323 0.00 0.00 0.00 0
44324 0.00 0.00 0.00 0
44325 0.00 0.00 0.00 0
44326 0.00 0.00 0.00 0
44327 0.00 0.00 0.00 0
44328 0.00 0.00 0.00 0
44329 0.00 0.00 0.00 0
44770 0.00 0.00 0.00 0
44771 0.00 0.00 0.00 0
44772 0.00 0.00 0.00 0
44773 0.00 0.00 0.00 0
44774 0.00 0.00 0.00 0
44775 0.00 0.00 0.00 0
44776 0.00 0.00 0.00 0
44777 0.00 0.00 0.00 0
44778 0.00 0.00 0.00 0
44779 0.00 0.00 0.00 0
44780 0.00 0.00 0.00 0
44781 0.00 0.00 0.00 0
44782 0.00 0.00 0.00 0
44783 0.00 0.00 0.00 0
44784 0.00 0.00 0.00 0
44851 0.00 0.00 0.00 0
44852 0.00 0.00 0.00 0
45243 0.00 0.00 0.00 0
45244 0.00 0.00 0.00 0
45245 0.00 0.00 0.00 0
45246 0.00 0.00 0.00 0
45247 0.00 0.00 0.00 0
45248 0.00 0.00 0.00 0
45249 0.00 0.00 0.00 0
45250 0.00 0.00 0.00 0
45251 0.00 0.00 0.00 0
45252 0.00 0.00 0.00 0
45253 0.00 0.00 0.00 0
45254 0.00 0.00 0.00 0
45255 0.00 0.00 0.00 0
45256 0.00 0.00 0.00 0
45257 0.00 0.00 0.00 0
45258 0.00 0.00 0.00 0
45259 0.00 0.00 0.00 0
45260 0.00 0.00 0.00 0
45261 0.00 0.00 0.00 0
45262 0.00 0.00 0.00 0
45263 0.00 0.00 0.00 0
45264 0.00 0.00 0.00 0
46565 0.00 0.00 0.00 0
46566 0.00 0.00 0.00 0
46567 0.00 0.00 0.00 0
46568 0.00 0.00 0.00 0
46569 0.00 0.00 0.00 0
46575 0.00 0.00 0.00 0
46576 0.00 0.00 0.00 0
46577 0.00 0.00 0.00 0
46578 0.00 0.00 0.00 0
46583 0.00 0.00 0.00 0
47035 0.00 0.00 0.00 0
47036 0.00 0.00 0.00 0
47037 0.00 0.00 0.00 0
47038 0.00 0.00 0.00 0
47039 0.00 0.00 0.00 0
47040 0.00 0.00 0.00 0
47041 0.00 0.00 0.00 0
47042 0.00 0.00 0.00 0
47043 0.00 0.00 0.00 0
47044 0.00 0.00 0.00 0
47045 0.00 0.00 0.00 0
47046 0.00 0.00 0.00 0
47047 0.00 0.00 0.00 0
47048 0.00 0.00 0.00 0
47049 0.00 0.00 0.00 0
47050 0.00 0.00 0.00 0
47051 0.00 0.00 0.00 0
47052 0.00 0.00 0.00 0
47053 0.00 0.00 0.00 0
47054 0.00 0.00 0.00 0
47055 0.00 0.00 0.00 0
47056 0.00 0.00 0.00 0
47057 0.00 0.00 0.00 0
47058 0.00 0.00 0.00 0
47059 0.00 0.00 0.00 0
47060 0.00 0.00 0.00 0
47061 0.00 0.00 0.00 0
47062 0.00 0.00 0.00 0
47063 0.00 0.00 0.00 0
47064 0.00 0.00 0.00 0
47065 0.00 0.00 0.00 0
47066 0.00 0.00 0.00 0
47067 0.00 0.00 0.00 0
47068 0.00 0.00 0.00 0
47069 0.00 0.00 0.00 0
47070 0.00 0.00 0.00 0
47071 0.00 0.00 0.00 0
47072 0.00 0.00 0.00 0
47073 0.00 0.00 0.00 0
47074 0.00 0.00 0.00 0
48380 0.00 0.00 0.00 0
48381 0.00 0.00 0.00 0
48382 0.00 0.00 0.00 0
48383 0.00 0.00 0.00 0
48384 0.00 0.00 0.00 0
48388 0.00 0.00 0.00 0
48389 0.00 0.00 0.00 0
48390 0.00 0.00 0.00 0
48391 0.00 0.00 0.00 0
48392 0.00 0.00 0.00 0
48393 0.00 0.00 0.00 0
48394 0.00 0.00 0.00 0
48395 0.00 0.00 0.00 0
48396 0.00 0.00 0.00 0
48397 0.00 0.00 0.00 0
48398 0.00 0.00 0.00 0
48399 0.00 0.00 0.00 0
48400 0.00 0.00 0.00 0
48401 0.00 0.00 0.00 0
48402 0.00 0.00 0.00 0
48403 0.00 0.00 0.00 0
48404 0.00 0.00 0.00 0
48405 0.00 0.00 0.00 0
48406 0.00 0.00 0.00 0
48407 0.00 0.00 0.00 0
48408 0.00 0.00 0.00 0
48409 0.00 0.00 0.00 0
48410 0.00 0.00 0.00 0
48411 0.00 0.00 0.00 0
48412 0.00 0.00 0.00 0
48413 0.00 0.00 0.00 0
48414 0.00 0.00 0.00 0
48415 0.00 0.00 0.00 0
48416 0.00 0.00 0.00 0
48417 0.00 0.00 0.00 0
48418 0.00 0.00 0.00 0
48419 0.00 0.00 0.00 0
48420 0.00 0.00 0.00 0
48421 0.00 0.00 0.00 0
48422 0.00 0.00 0.00 0
48423 0.00 0.00 0.00 0
48424 0.00 0.00 0.00 0
48426 0.00 0.00 0.00 0
49803 0.00 0.00 0.00 0
49804 0.00 0.00 0.00 0
49805 0.00 0.00 0.00 0
49806 0.00 0.00 0.00 0
49807 0.00 0.00 0.00 0
49808 0.00 0.00 0.00 0
49809 0.00 0.00 0.00 0
49810 0.00 0.00 0.00 0
49811 0.00 0.00 0.00 0
49812 0.00 0.00 0.00 0
49813 0.00 0.00 0.00 0
49847 0.00 0.00 0.00 0
49848 0.00 0.00 0.00 0
49849 0.00 0.00 0.00 0
49855 0.00 0.00 0.00 0
49856 0.00 0.00 0.00 0
49857 0.00 0.00 0.00 0
49870 0.00 0.00 0.00 0
49871 0.00 0.00 0.00 0
49872 0.00 0.00 0.00 0
49873 0.00 0.00 0.00 0
49874 0.00 0.00 0.00 0
49875 0.00 0.00 0.00 0
49876 0.00 0.00 0.00 0
49877 0.00 0.00 0.00 0
53920 0.00 0.00 0.00 0
53921 0.00 0.00 0.00 0
53922 0.00 0.00 0.00 0
53923 0.00 0.00 0.00 0
53924 0.00 0.00 0.00 0
53925 0.00 0.00 0.00 0
53926 0.00 0.00 0.00 0
53927 0.00 0.00 0.00 0
53928 0.00 0.00 0.00 0
53929 0.00 0.00 0.00 0
54370 0.00 0.00 0.00 0
54371 0.00 0.00 0.00 0
54372 0.00 0.00 0.00 0
54373 0.00 0.00 0.00 0
54374 0.00 0.00 0.00 0
54375 0.00 0.00 0.00 0
54376 0.00 0.00 0.00 0
54377 0.00 0.00 0.00 0
54378 0.00 0.00 0.00 0
54379 0.00 0.00 0.00 0
54380 0.00 0.00 0.00 0
54381 0.00 0.00 0.00 0
54382 0.00 0.00 0.00 0
54383 0.00 0.00 0.00 0
54384 0.00 0.00 0.00 0
54452 0.00 0.00 0.00 0
54453 0.00 0.00 0.00 0
54454 0.00 0.00 0.00 0
54455 0.00 0.00 0.00 0
54835 0.00 0.00 0.00 0
54838 0.00 0.00 0.00 0
54839 0.00 0.00 0.00 0
54840 0.00 0.00 0.00 0
54842 0.00 0.00 0.00 0
54843 0.00 0.00 0.00 0
54844 0.00 0.00 0.00 0
54845 0.00 0.00 0.00 0
54846 0.00 0.00 0.00 0
54847 0.00 0.00 0.00 0
54848 0.00 0.00 0.00 0
54849 0.00 0.00 0.00 0
54850 0.00 0.00 0.00 0
54851 0.00 0.00 0.00 0
54852 0.00 0.00 0.00 0
54853 0.00 0.00 0.00 0
54854 0.00 0.00 0.00 0
54855 0.00 0.00 0.00 0
54856 0.00 0.00 0.00 0
54857 0.00 0.00 0.00 0
54858 0.00 0.00 0.00 0
54859 0.00 0.00 0.00 0
54860 0.00 0.00 0.00 0
54861 0.00 0.00 0.00 0
54862 0.00 0.00 0.00 0
54863 0.00 0.00 0.00 0
54864 0.00 0.00 0.00 0
56167 0.00 0.00 0.00 0
56168 0.00 0.00 0.00 0
56169 0.00 0.00 0.00 0
56635 0.00 0.00 0.00 0
56636 0.00 0.00 0.00 0
56637 0.00 0.00 0.00 0
56638 0.00 0.00 0.00 0
56639 0.00 0.00 0.00 0
56640 0.00 0.00 0.00 0
56641 0.00 0.00 0.00 0
56642 0.00 0.00 0.00 0
56643 0.00 0.00 0.00 0
56644 0.00 0.00 0.00 0
56645 0.00 0.00 0.00 0
56646 0.00 0.00 0.00 0
56647 0.00 0.00 0.00 0
56648 0.00 0.00 0.00 0
56649 0.00 0.00 0.00 0
56650 0.00 0.00 0.00 0
56651 0.00 0.00 0.00 0
56652 0.00 0.00 0.00 0
56653 0.00 0.00 0.00 0
56654 0.00 0.00 0.00 0
56655 0.00 0.00 0.00 0
56656 0.00 0.00 0.00 0
56657 0.00 0.00 0.00 0
56658 0.00 0.00 0.00 0
56659 0.00 0.00 0.00 0
56660 0.00 0.00 0.00 0
56661 0.00 0.00 0.00 0
56662 0.00 0.00 0.00 0
56663 0.00 0.00 0.00 0
56664 0.00 0.00 0.00 0
56666 0.00 0.00 0.00 0
56670 0.00 0.00 0.00 0
56671 0.00 0.00 0.00 0
56672 0.00 0.00 0.00 0
56673 0.00 0.00 0.00 0
56674 0.00 0.00 0.00 0
57972 0.00 0.00 0.00 0
57973 0.00 0.00 0.00 0
57974 0.00 0.00 0.00 0
57975 0.00 0.00 0.00 0
57976 0.00 0.00 0.00 0
57977 0.00 0.00 0.00 0
57978 0.00 0.00 0.00 0
57979 0.00 0.00 0.00 0
57980 0.00 0.00 0.00 0
57981 0.00 0.00 0.00 0
57982 0.00 0.00 0.00 0
57983 0.00 0.00 0.00 0
57984 0.00 0.00 0.00 0
57985 0.00 0.00 0.00 0
57986 0.00 0.00 0.00 0
57987 0.00 0.00 0.00 0
57988 0.00 0.00 0.00 0
57989 0.00 0.00 0.00 0
57990 0.00 0.00 0.00 0
57991 0.00 0.00 0.00 0
57992 0.00 0.00 0.00 0
57993 0.00 0.00 0.00 0
57994 0.00 0.00 0.00 0
57995 0.00 0.00 0.00 0
57996 0.00 0.00 0.00 0
57997 0.00 0.00 0.00 0
57998 0.00 0.00 0.00 0
57999 0.00 0.00 0.00 0
58000 0.00 0.00 0.00 0
58001 0.00 0.00 0.00 0
58002 0.00 0.00 0.00 0
58003 0.00 0.00 0.00 0
58004 0.00 0.00 0.00 0
58005 0.00 0.00 0.00 0
58006 0.00 0.00 0.00 0
58007 0.00 0.00 0.00 0
58008 0.00 0.00 0.00 0
58009 0.00 0.00 0.00 0
58010 0.00 0.00 0.00 0
58011 0.00 0.00 0.00 0
58012 0.00 0.00 0.00 0
58013 0.00 0.00 0.00 0
58014 0.00 0.00 0.00 0
58015 0.00 0.00 0.00 0
58016 0.00 0.00 0.00 0
58017 0.00 0.00 0.00 0
58018 0.00 0.00 0.00 0
58019 0.00 0.00 0.00 0
58020 0.00 0.00 0.00 0
58021 0.00 0.00 0.00 0
58022 0.00 0.00 0.00 0
58023 0.00 0.00 0.00 0
58024 0.00 0.00 0.00 0
58025 0.00 0.00 0.00 0
58026 0.00 0.00 0.00 0
59403 0.00 0.00 0.00 0
59404 0.00 0.00 0.00 0
59405 0.00 0.00 0.00 0
59406 0.00 0.00 0.00 0
59407 0.00 0.00 0.00 0
59408 0.00 0.00 0.00 0
59409 0.00 0.00 0.00 0
59410 0.00 0.00 0.00 0
59411 0.00 0.00 0.00 0
59412 0.00 0.00 0.00 0
59413 0.00 0.00 0.00 0
59443 0.00 0.00 0.00 0
59445 0.00 0.00 0.00 0
59447 0.00 0.00 0.00 0
59448 0.00 0.00 0.00 0
59449 0.00 0.00 0.00 0
59450 0.00 0.00 0.00 0
59451 0.00 0.00 0.00 0
59452 0.00 0.00 0.00 0
59454 0.00 0.00 0.00 0
59455 0.00 0.00 0.00 0
59456 0.00 0.00 0.00 0
59457 0.00 0.00 0.00 0
59458 0.00 0.00 0.00 0
59459 0.00 0.00 0.00 0
59460 0.00 0.00 0.00 0
59465 0.00 0.00 0.00 0
59470 0.00 0.00 0.00 0
59471 0.00 0.00 0.00 0
59472 0.00 0.00 0.00 0
59473 0.00 0.00 0.00 0
59474 0.00 0.00 0.00 0
59475 0.00 0.00 0.00 0
59476 0.00 0.00 0.00 0
59477 0.00 0.00 0.00 0
63835 0.00 0.00 0.00 0
63836 0.00 0.00 0.00 0
63837 0.00 0.00 0.00 0
63838 0.00 0.00 0.00 0
63839 0.00 0.00 0.00 0
63840 0.00 0.00 0.00 0
63841 0.00 0.00 0.00 0
63842 0.00 0.00 0.00 0
63843 0.00 0.00 0.00 0
63844 0.00 0.00 0.00 0
63845 0.00 0.00 0.00 0
63846 0.00 0.00 0.00 0
63847 0.00 0.00 0.00 0
63848 0.00 0.00 0.00 0
63849 0.00 0.00 0.00 0
63850 0.00 0.00 0.00 0
63851 0.00 0.00 0.00 0
63852 0.00 0.00 0.00 0
63853 0.00 0.00 0.00 0
63854 0.00 0.00 0.00 0
63855 0.00 0.00 0.00 0
63856 0.00 0.00 0.00 0
63857 0.00 0.00 0.00 0
63858 0.00 0.00 0.00 0
63859 0.00 0.00 0.00 0
63860 0.00 0.00 0.00 0
63861 0.00 0.00 0.00 0
63862 0.00 0.00 0.00 0
63863 0.00 0.00 0.00 0
63864 0.00 0.00 0.00 0
63865 0.00 0.00 0.00 0
63866 0.00 0.00 0.00 0
63867 0.00 0.00 0.00 0
63869 0.00 0.00 0.00 0
63870 0.00 0.00 0.00 0
63871 0.00 0.00 0.00 0
65184 0.00 0.00 0.00 0
65185 0.00 0.00 0.00 0
65186 0.00 0.00 0.00 0
65187 0.00 0.00 0.00 0
65188 0.00 0.00 0.00 0
65189 0.00 0.00 0.00 0
65190 0.00 0.00 0.00 0
65191 0.00 0.00 0.00 0
65192 0.00 0.00 0.00 0
65193 0.00 0.00 0.00 0
65194 0.00 0.00 0.00 0
65195 0.00 0.00 0.00 0
65196 0.00 0.00 0.00 0
65197 0.00 0.00 0.00 0
65198 0.00 0.00 0.00 0
65199 0.00 0.00 0.00 0
65200 0.00 0.00 0.00 0
65201 0.00 0.00 0.00 0
65202 0.00 0.00 0.00 0
65203 0.00 0.00 0.00 0
65204 0.00 0.00 0.00 0
65205 0.00 0.00 0.00 0
65206 0.00 0.00 0.00 0
65207 0.00 0.00 0.00 0
65208 0.00 0.00 0.00 0
65209 0.00 0.00 0.00 0
65210 0.00 0.00 0.00 0
65211 0.00 0.00 0.00 0
65212 0.00 0.00 0.00 0
65213 0.00 0.00 0.00 0
65214 0.00 0.00 0.00 0
65215 0.00 0.00 0.00 0
65216 0.00 0.00 0.00 0
65217 0.00 0.00 0.00 0
65218 0.00 0.00 0.00 0
65219 0.00 0.00 0.00 0
65220 0.00 0.00 0.00 0
65221 0.00 0.00 0.00 0
65222 0.00 0.00 0.00 0
65223 0.00 0.00 0.00 0
65224 0.00 0.00 0.00 0
65225 0.00 0.00 0.00 0
65226 0.00 0.00 0.00 0
65227 0.00 0.00 0.00 0
65228 0.00 0.00 0.00 0
65229 0.00 0.00 0.00 0
65431 0.00 0.00 0.00 0
65432 0.00 0.00 0.00 0
65433 0.00 0.00 0.00 0
65434 0.00 0.00 0.00 0
65435 0.00 0.00 0.00 0
65437 0.00 0.00 0.00 0
65438 0.00 0.00 0.00 0
65439 0.00 0.00 0.00 0
65440 0.00 0.00 0.00 0
65442 0.00 0.00 0.00 0
65443 0.00 0.00 0.00 0
65444 0.00 0.00 0.00 0
65445 0.00 0.00 0.00 0
65446 0.00 0.00 0.00 0
66603 0.00 0.00 0.00 0
66604 0.00 0.00 0.00 0
66605 0.00 0.00 0.00 0
66606 0.00 0.00 0.00 0
66607 0.00 0.00 0.00 0
66608 0.00 0.00 0.00 0
66609 0.00 0.00 0.00 0
66610 0.00 0.00 0.00 0
66611 0.00 0.00 0.00 0
66612 0.00 0.00 0.00 0
66613 0.00 0.00 0.00 0
66614 0.00 0.00 0.00 0
66615 0.00 0.00 0.00 0
66616 0.00 0.00 0.00 0
66617 0.00 0.00 0.00 0
66618 0.00 0.00 0.00 0
66619 0.00 0.00 0.00 0
66620 0.00 0.00 0.00 0
66621 0.00 0.00 0.00 0
66622 0.00 0.00 0.00 0
66623 0.00 0.00 0.00 0
66624 0.00 0.00 0.00 0
66625 0.00 0.00 0.00 0
66627 0.00 0.00 0.00 0
66628 0.00 0.00 0.00 0
66633 0.00 0.00 0.00 0
66634 0.00 0.00 0.00 0
66635 0.00 0.00 0.00 0
66636 0.00 0.00 0.00 0
66637 0.00 0.00 0.00 0
66638 0.00 0.00 0.00 0
66639 0.00 0.00 0.00 0
66640 0.00 0.00 0.00 0
66641 0.00 0.00 0.00 0
66642 0.00 0.00 0.00 0
66643 0.00 0.00 0.00 0
66644 0.00 0.00 0.00 0
66645 0.00 0.00 0.00 0
66646 0.00 0.00 0.00 0
66647 0.00 0.00 0.00 0
66648 0.00 0.00 0.00 0
66649 0.00 0.00 0.00 0
66650 0.00 0.00 0.00 0
66651 0.00 0.00 0.00 0
66652 0.00 0.00 0.00 0
66653 0.00 0.00 0.00 0
66654 0.00 0.00 0.00 0
66655 0.00 0.00 0.00 0
66656 0.00 0.00 0.00 0
66657 0.00 0.00 0.00 0
66658 0.00 0.00 0.00 0
66659 0.00 0.00 0.00 0
66660 0.00 0.00 0.00 0
66661 0.00 0.00 0.00 0
66662 0.00 0.00 0.00 0
66663 0.00 0.00 0.00 0
66664 0.00 0.00 0.00 0
66665 0.00 0.00 0.00 0
66666 0.00 0.00 0.00 0
66667 0.00 0.00 0.00 0
66668 0.00 0.00 0.00 0
66669 0.00 0.00 0.00 0
66670 0.00 0.00 0.00 0
66671 0.00 0.00 0.00 0
66672 0.00 0.00 0.00 0
66676 0.00 0.00 0.00 0
70571 0.00 0.00 0.00 0
70573 0.00 0.00 0.00 0
70574 0.00 0.00 0.00 0
70575 0.00 0.00 0.00 0
70576 0.00 0.00 0.00 0
70577 0.00 0.00 0.00 0
70578 0.00 0.00 0.00 0
70579 0.00 0.00 0.00 0
70580 0.00 0.00 0.00 0
70581 0.00 0.00 0.00 0
70582 0.00 0.00 0.00 0
70583 0.00 0.00 0.00 0
70584 0.00 0.00 0.00 0
70591 0.00 0.00 0.00 0
70596 0.00 0.00 0.00 0
70598 0.00 0.00 0.00 0
70599 0.00 0.00 0.00 0
70600 0.00 0.00 0.00 0
70601 0.00 0.00 0.00 0
70602 0.00 0.00 0.00 0
70603 0.00 0.00 0.00 0
70604 0.00 0.00 0.00 0
70605 0.00 0.00 0.00 0
70606 0.00 0.00 0.00 0
70607 0.00 0.00 0.00 0
70608 0.00 0.00 0.00 0
70609 0.00 0.00 0.00 0
70610 0.00 0.00 0.00 0
70611 0.00 0.00 0.00 0
70612 0.00 0.00 0.00 0
70613 0.00 0.00 0.00 0
70614 0.00 0.00 0.00 0
70618 0.00 0.00 0.00 0
70619 0.00 0.00 0.00 0
70620 0.00 0.00 0.00 0
70621 0.00 0.00 0.00 0
70622 0.00 0.00 0.00 0
70623 0.00 0.00 0.00 0
70624 0.00 0.00 0.00 0
70625 0.00 0.00 0.00 0
70626 0.00 0.00 0.00 0
70627 0.00 0.00 0.00 0
70628 0.00 0.00 0.00 0
71980 0.00 0.00 0.00 0
71981 0.00 0.00 0.00 0
71982 0.00 0.00 0.00 0
71983 0.00 0.00 0.00 0
71984 0.00 0.00 0.00 0
71985 0.00 0.00 0.00 0
71986 0.00 0.00 0.00 0
71987 0.00 0.00 0.00 0
71988 0.00 0.00 0.00 0
71989 0.00 0.00 0.00 0
71990 0.00 0.00 0.00 0
71991 0.00 0.00 0.00 0
71992 0.00 0.00 0.00 0
71993 0.00 0.00 0.00 0
71994 0.00 0.00 0.00 0
71995 0.00 0.00 0.00 0
71996 0.00 0.00 0.00 0
71997 0.00 0.00 0.00 0
71998 0.00 0.00 0.00 0
71999 0.00 0.00 0.00 0
72000 0.00 0.00 0.00 0
72001 0.00 0.00 0.00 0
72002 0.00 0.00 0.00 0
72003 0.00 0.00 0.00 0
72004 0.00 0.00 0.00 0
72005 0.00 0.00 0.00 0
72006 0.00 0.00 0.00 0
72007 0.00 0.00 0.00 0
72008 0.00 0.00 0.00 0
72009 0.00 0.00 0.00 0
72010 0.00 0.00 0.00 0
72011 0.00 0.00 0.00 0
72012 0.00 0.00 0.00 0
72013 0.00 0.00 0.00 0
72014 0.00 0.00 0.00 0
72015 0.00 0.00 0.00 0
72016 0.00 0.00 0.00 0
72017 0.00 0.00 0.00 0
72018 0.00 0.00 0.00 0
72019 0.00 0.00 0.00 0
72020 0.00 0.00 0.00 0
72021 0.00 0.00 0.00 0
72022 0.00 0.00 0.00 0
72023 0.00 0.00 0.00 0
72024 0.00 0.00 0.00 0
72025 0.00 0.00 0.00 0
72026 0.00 0.00 0.00 0
72027 0.00 0.00 0.00 0
72028 0.00 0.00 0.00 0
72029 0.00 0.00 0.00 0
72030 0.00 0.00 0.00 0
72031 0.00 0.00 0.00 0
72032 0.00 0.00 0.00 0
72033 0.00 0.00 0.00 0
72034 0.00 0.00 0.00 0
72035 0.00 0.00 0.00 0
72036 0.00 0.00 0.00 0
72037 0.00 0.00 0.00 0
72038 0.00 0.00 0.00 0
72039 0.00 0.00 0.00 0
72040 0.00 0.00 0.00 0
72041 0.00 0.00 0.00 0
72042 0.00 0.00 0.00 0
72043 0.00 0.00 0.00 0
72044 0.00 0.00 0.00 0
72045 0.00 0.00 0.00 0
72046 0.00 0.00 0.00 0
72047 0.00 0.00 0.00 0
72048 0.00 0.00 0.00 0
72049 0.00 0.00 0.00 0
72050 0.00 0.00 0.00 0
72051 0.00 0.00 0.00 0
72052 0.00 0.00 0.00 0
72053 0.00 0.00 0.00 0
72054 0.00 0.00 0.00 0
72055 0.00 0.00 0.00 0
72056 0.00 0.00 0.00 0
72057 0.00 0.00 0.00 0
72058 0.00 0.00 0.00 0
72059 0.00 0.00 0.00 0
72060 0.00 0.00 0.00 0
72061 0.00 0.00 0.00 0
72062 0.00 0.00 0.00 0
72063 0.00 0.00 0.00 0
72064 0.00 0.00 0.00 0
72065 0.00 0.00 0.00 0
72066 0.00 0.00 0.00 0
72067 0.00 0.00 0.00 0
72068 0.00 0.00 0.00 0
72069 0.00 0.00 0.00 0
72070 0.00 0.00 0.00 0
72071 0.00 0.00 0.00 0
72072 0.00 0.00 0.00 0
72073 0.00 0.00 0.00 0
72074 0.00 0.00 0.00 0
72075 0.00 0.00 0.00 0
72076 0.00 0.00 0.00 0
72077 0.00 0.00 0.00 0
72078 0.00 0.00 0.00 0
72079 0.00 0.00 0.00 0
72080 0.00 0.00 0.00 0
72081 0.00 0.00 0.00 0
72082 0.00 0.00 0.00 0
72083 0.00 0.00 0.00 0
72084 0.00 0.00 0.00 0
72085 0.00 0.00 0.00 0
72086 0.00 0.00 0.00 0
72087 0.00 0.00 0.00 0
72088 0.00 0.00 0.00 0
72089 0.00 0.00 0.00 0
72090 0.00 0.00 0.00 0
72091 0.00 0.00 0.00 0
72092 0.00 0.00 0.00 0
72093 0.00 0.00 0.00 0
72094 0.00 0.00 0.00 0
72095 0.00 0.00 0.00 0
72096 0.00 0.00 0.00 0
72100 0.00 0.00 0.00 0
72101 0.00 0.00 0.00 0
76010 0.00 0.00 0.00 0
76011 0.00 0.00 0.00 0
76012 0.00 0.00 0.00 0
76014 0.00 0.00 0.00 0
76015 0.00 0.00 0.00 0
76016 0.00 0.00 0.00 0
76017 0.00 0.00 0.00 0
76018 0.00 0.00 0.00 0
76019 0.00 0.00 0.00 0
76020 0.00 0.00 0.00 0
76022 0.00 0.00 0.00 0
76023 0.00 0.00 0.00 0
76024 0.00 0.00 0.00 0
76025 0.00 0.00 0.00 0
76026 0.00 0.00 0.00 0
76027 0.00 0.00 0.00 0
76028 0.00 0.00 0.00 0
76029 0.00 0.00 0.00 0
76038 0.00 0.00 0.00 0
76039 0.00 0.00 0.00 0
76040 0.00 0.00 0.00 0
76041 0.00 0.00 0.00 0
76047 0.00 0.00 0.00 0
76048 0.00 0.00 0.00 0
76049 0.00 0.00 0.00 0
76050 0.00 0.00 0.00 0
76051 0.00 0.00 0.00 0
76052 0.00 0.00 0.00 0
76053 0.00 0.00 0.00 0
76054 0.00 0.00 0.00 0
76055 0.00 0.00 0.00 0
76056 0.00 0.00 0.00 0
76057 0.00 0.00 0.00 0
76058 0.00 0.00 0.00 0
76059 0.00 0.00 0.00 0
76060 0.00 0.00 0.00 0
76061 0.00 0.00 0.00 0
76062 0.00 0.00 0.00 0
76063 0.00 0.00 0.00 0
76064 0.00 0.00 0.00 0
76065 0.00 0.00 0.00 0
76066 0.00 0.00 0.00 0
76067 0.00 0.00 0.00 0
76068 0.00 0.00 0.00 0
76069 0.00 0.00 0.00 0
76070 0.00 0.00 0.00 0
76071 0.00 0.00 0.00 0
76072 0.00 0.00 0.00 0
76073 0.00 0.00 0.00 0
76074 0.00 0.00 0.00 0
76075 0.00 0.00 0.00 0
76076 0.00 0.00 0.00 0
76077 0.00 0.00 0.00 0
76078 0.00 0.00 0.00 0
76079 0.00 0.00 0.00 0
76080 0.00 0.00 0.00 0
76081 0.00 0.00 0.00 0
76082 0.00 0.00 0.00 0
76083 0.00 0.00 0.00 0
76084 0.00 0.00 0.00 0
76085 0.00 0.00 0.00 0
76086 0.00 0.00 0.00 0
76087 0.00 0.00 0.00 0
76088 0.00 0.00 0.00 0
76089 0.00 0.00 0.00 0
76090 0.00 0.00 0.00 0
76091 0.00 0.00 0.00 0
76092 0.00 0.00 0.00 0
76093 0.00 0.00 0.00 0
76094 0.00 0.00 0.00 0
76095 0.00 0.00 0.00 0
76096 0.00 0.00 0.00 0
76097 0.00 0.00 0.00 0
76098 0.00 0.00 0.00 0
76099 0.00 0.00 0.00 0
76100 0.00 0.00 0.00 0
76101 0.00 0.00 0.00 0
76102 0.00 0.00 0.00 0
76103 0.00 0.00 0.00 0
76104 0.00 0.00 0.00 0
76105 0.00 0.00 0.00 0
76106 0.00 0.00 0.00 0
76107 0.00 0.00 0.00 0
76108 0.00 0.00 0.00 0
76109 0.00 0.00 0.00 0
76110 0.00 0.00 0.00 0
76111 0.00 0.00 0.00 0
76112 0.00 0.00 0.00 0
76113 0.00 0.00 0.00 0
76114 0.00 0.00 0.00 0
76115 0.00 0.00 0.00 0
76116 0.00 0.00 0.00 0
76117 0.00 0.00 0.00 0
76118 0.00 0.00 0.00 0
76119 0.00 0.00 0.00 0
76120 0.00 0.00 0.00 0
76121 0.00 0.00 0.00 0
76122 0.00 0.00 0.00 0
76123 0.00 0.00 0.00 0
76124 0.00 0.00 0.00 0
76125 0.00 0.00 0.00 0
76126 0.00 0.00 0.00 0
76127 0.00 0.00 0.00 0
76128 0.00 0.00 0.00 0
76129 0.00 0.00 0.00 0
76130 0.00 0.00 0.00 0
76131 0.00 0.00 0.00 0
76132 0.00 0.00 0.00 0
76133 0.00 0.00 0.00 0
76134 0.00 0.00 0.00 0
76135 0.00 0.00 0.00 0
76136 0.00 0.00 0.00 0
76137 0.00 0.00 0.00 0
76138 0.00 0.00 0.00 0
76139 0.00 0.00 0.00 0
76140 0.00 0.00 0.00 0
76141 0.00 0.00 0.00 0
76142 0.00 0.00 0.00 0
76143 0.00 0.00 0.00 0
76144 0.00 0.00 0.00 0
76145 0.00 0.00 0.00 0
76146 0.00 0.00 0.00 0
76147 0.00 0.00 0.00 0
76148 0.00 0.00 0.00 0
76149 0.00 0.00 0.00 0
76150 0.00 0.00 0.00 0
76151 0.00 0.00 0.00 0
76152 0.00 0.00 0.00 0
76153 0.00 0.00 0.00 0
76154 0.00 0.00 0.00 0
76155 0.00 0.00 0.00 0
76156 0.00 0.00 0.00 0
76157 0.00 0.00 0.00 0
76158 0.00 0.00 0.00 0
76159 0.00 0.00 0.00 0
76160 0.00 0.00 0.00 0
76161 0.00 0.00 0.00 0
76162 0.00 0.00 0.00 0
76163 0.00 0.00 0.00 0
80283 0.00 0.00 0.00 0
80284 0.00 0.00 0.00 0
80285 0.00 0.00 0.00 0
80286 0.00 0.00 0.00 0
80287 0.00 0.00 0.00 0
80288 0.00 0.00 0.00 0
80289 0.00 0.00 0.00 0
80290 0.00 0.00 0.00 0
80291 0.00 0.00 0.00 0
80292 0.00 0.00 0.00 0
80293 0.00 0.00 0.00 0
80294 0.00 0.00 0.00 0
80295 0.00 0.00 0.00 0
80296 0.00 0.00 0.00 0
80297 0.00 0.00 0.00 0
80298 0.00 0.00 0.00 0
80300 0.00 0.00 0.00 0
80306 0.00 0.00 0.00 0
80307 0.00 0.00 0.00 0
80308 0.00 0.00 0.00 0
80309 0.00 0.00 0.00 0
80310 0.00 0.00 0.00 0
80311 0.00 0.00 0.00 0
80312 0.00 0.00 0.00 0
80313 0.00 0.00 0.00 0
80314 0.00 0.00 0.00 0
80315 0.00 0.00 0.00 0
80426 0.00 0.00 0.00 0
80440 0.00 0.00 0.00 0
80441 0.00 0.00 0.00 0
80442 0.00 0.00 0.00 0
80443 0.00 0.00 0.00 0
80444 0.00 0.00 0.00 0
80445 0.00 0.00 0.00 0
80446 0.00 0.00 0.00 0
80448 0.00 0.00 0.00 0
80449 0.00 0.00 0.00 0
80450 0.00 0.00 0.00 0
80485 0.00 0.00 0.00 0
80486 0.00 0.00 0.00 0
80487 0.00 0.00 0.00 0
80488 0.00 0.00 0.00 0
80489 0.00 0.00 0.00 0
80490 0.00 0.00 0.00 0
80491 0.00 0.00 0.00 0
80492 0.00 0.00 0.00 0
80493 0.00 0.00 0.00 0
80494 0.00 0.00 0.00 0
80495 0.00 0.00 0.00 0
80496 0.00 0.00 0.00 0
80497 0.00 0.00 0.00 0
80498 0.00 0.00 0.00 0
80499 0.00 0.00 0.00 0
80500 0.00 0.00 0.00 0
80501 0.00 0.00 0.00 0
80502 0.00 0.00 0.00 0
80503 0.00 0.00 0.00 0
80504 0.00 0.00 0.00 0
80505 0.00 0.00 0.00 0
80506 0.00 0.00 0.00 0
80507 0.00 0.00 0.00 0
80508 0.00 0.00 0.00 0
80509 0.00 0.00 0.00 0
80510 0.00 0.00 0.00 0
80511 0.00 0.00 0.00 0
80512 0.00 0.00 0.00 0
80513 0.00 0.00 0.00 0
80514 0.00 0.00 0.00 0
80515 0.00 0.00 0.00 0
80521 0.00 0.00 0.00 0
80522 0.00 0.00 0.00 0
80523 0.00 0.00 0.00 0
80524 0.00 0.00 0.00 0
80525 0.00 0.00 0.00 0
80527 0.00 0.00 0.00 0
80528 0.00 0.00 0.00 0
80529 0.00 0.00 0.00 0
80530 0.00 0.00 0.00 0
80531 0.00 0.00 0.00 0
92257 0.00 0.00 0.00 0
92258 0.00 0.00 0.00 0
92259 0.00 0.00 0.00 0
92260 0.00 0.00 0.00 0
92261 0.00 0.00 0.00 0
92262 0.00 0.00 0.00 0
92527 0.00 0.00 0.00 0
92528 0.00 0.00 0.00 0
92529 0.00 0.00 0.00 0
92530 0.00 0.00 0.00 0
92531 0.00 0.00 0.00 0
92532 0.00 0.00 0.00 0
92533 0.00 0.00 0.00 0
92534 0.00 0.00 0.00 0
92535 0.00 0.00 0.00 0
92575 0.00 0.00 0.00 0
92576 0.00 0.00 0.00 0
92577 0.00 0.00 0.00 0
92578 0.00 0.00 0.00 0
92806 0.00 0.00 0.00 0
92807 0.00 0.00 0.00 0
92808 0.00 0.00 0.00 0
92809 0.00 0.00 0.00 0
92810 0.00 0.00 0.00 0
92811 0.00 0.00 0.00 0
92812 0.00 0.00 0.00 0
92813 0.00 0.00 0.00 0
92814 0.00 0.00 0.00 0
92815 0.00 0.00 0.00 0
92816 0.00 0.00 0.00 0
92817 0.00 0.00 0.00 0
92818 0.00 0.00 0.00 0
92819 0.00 0.00 0.00 0
92820 0.00 0.00 0.00 0
92821 0.00 0.00 0.00 0
92822 0.00 0.00 0.00 0
92823 0.00 0.00 0.00 0
93886 0.00 0.00 0.00 0
93887 0.00 0.00 0.00 0
93888 0.00 0.00 0.00 0
93889 0.00 0.00 0.00 0
93890 0.00 0.00 0.00 0
93891 0.00 0.00 0.00 0
93892 0.00 0.00 0.00 0
93893 0.00 0.00 0.00 0
93894 0.00 0.00 0.00 0
93895 0.00 0.00 0.00 0
93896 0.00 0.00 0.00 0
93897 0.00 0.00 0.00 0
93898 0.00 0.00 0.00 0
93899 0.00 0.00 0.00 0
93900 0.00 0.00 0.00 0
93901 0.00 0.00 0.00 0
93902 0.00 0.00 0.00 0
93903 0.00 0.00 0.00 0
94687 0.00 0.00 0.00 0
94688 0.00 0.00 0.00 0
94689 0.00 0.00 0.00 0
94690 0.00 0.00 0.00 0
94691 0.00 0.00 0.00 0
94692 0.00 0.00 0.00 0
94693 0.00 0.00 0.00 0
94694 0.00 0.00 0.00 0
94695 0.00 0.00 0.00 0
94696 0.00 0.00 0.00 0
94697 0.00 0.00 0.00 0
94698 0.00 0.00 0.00 0
94699 0.00 0.00 0.00 0
94700 0.00 0.00 0.00 0
94701 0.00 0.00 0.00 0
94702 0.00 0.00 0.00 0
94703 0.00 0.00 0.00 0
94704 0.00 0.00 0.00 0
94705 0.00 0.00 0.00 0
94706 0.00 0.00 0.00 0
94707 0.00 0.00 0.00 0
94708 0.00 0.00 0.00 0
94709 0.00 0.00 0.00 0
94710 0.00 0.00 0.00 0
94711 0.00 0.00 0.00 0
94712 0.00 0.00 0.00 0
94713 0.00 0.00 0.00 0
94714 0.00 0.00 0.00 0
94715 0.00 0.00 0.00 0
94716 0.00 0.00 0.00 0
94717 0.00 0.00 0.00 0
94718 0.00 0.00 0.00 0
94719 0.00 0.00 0.00 0
94720 0.00 0.00 0.00 0
94721 0.00 0.00 0.00 0
94722 0.00 0.00 0.00 0
95547 0.00 0.00 0.00 0
95548 0.00 0.00 0.00 0
95549 0.00 0.00 0.00 0
95550 0.00 0.00 0.00 0
95551 0.00 0.00 0.00 0
95552 0.00 0.00 0.00 0
95553 0.00 0.00 0.00 0
95565 0.00 0.00 0.00 0
95567 0.00 0.00 0.00 0
95571 0.00 0.00 0.00 0
95572 0.00 0.00 0.00 0
95573 0.00 0.00 0.00 0
95574 0.00 0.00 0.00 0
95575 0.00 0.00 0.00 0
95576 0.00 0.00 0.00 0
95577 0.00 0.00 0.00 0
95578 0.00 0.00 0.00 0
95579 0.00 0.00 0.00 0
95580 0.00 0.00 0.00 0
95581 0.00 0.00 0.00 0
95582 0.00 0.00 0.00 0
95584 0.00 0.00 0.00 0
95585 0.00 0.00 0.00 0
95586 0.00 0.00 0.00 0
95587 0.00 0.00 0.00 0
95588 0.00 0.00 0.00 0
95589 0.00 0.00 0.00 0
95590 0.00 0.00 0.00 0
95591 0.00 0.00 0.00 0
98206 0.00 0.00 0.00 0
98207 0.00 0.00 0.00 0
98208 0.00 0.00 0.00 0
98209 0.00 0.00 0.00 0
98210 0.00 0.00 0.00 0
98211 0.00 0.00 0.00 0
98212 0.00 0.00 0.00 0
98213 0.00 0.00 0.00 0
98214 0.00 0.00 0.00 0
98215 0.00 0.00 0.00 0
98216 0.00 0.00 0.00 0
98217 0.00 0.00 0.00 0
98218 0.00 0.00 0.00 0
98219 0.00 0.00 0.00 0
98220 0.00 0.00 0.00 0
98221 0.00 0.00 0.00 0
98222 0.00 0.00 0.00 0
98223 0.00 0.00 0.00 0
99016 0.00 0.00 0.00 0
99017 0.00 0.00 0.00 0
99018 0.00 0.00 0.00 0
99019 0.00 0.00 0.00 0
99020 0.00 0.00 0.00 0
99021 0.00 0.00 0.00 0
99022 0.00 0.00 0.00 0
99023 0.00 0.00 0.00 0
99024 0.00 0.00 0.00 0
99025 0.00 0.00 0.00 0
99026 0.00 0.00 0.00 0
99027 0.00 0.00 0.00 0
99028 0.00 0.00 0.00 0
99029 0.00 0.00 0.00 0
99030 0.00 0.00 0.00 0
99031 0.00 0.00 0.00 0
99032 0.00 0.00 0.00 0
99033 0.00 0.00 0.00 0
99034 0.00 0.00 0.00 0
99035 0.00 0.00 0.00 0
99036 0.00 0.00 0.00 0
99037 0.00 0.00 0.00 0
99038 0.00 0.00 0.00 0
99039 0.00 0.00 0.00 0
99040 0.00 0.00 0.00 0
99041 0.00 0.00 0.00 0
99042 0.00 0.00 0.00 0
99163 0.00 0.00 0.00 0
99164 0.00 0.00 0.00 0
99165 0.00 0.00 0.00 0
99166 0.00 0.00 0.00 0
99867 0.00 0.00 0.00 0
99868 0.00 0.00 0.00 0
99869 0.00 0.00 0.00 0
99870 0.00 0.00 0.00 0
99871 0.00 0.00 0.00 0
99872 0.00 0.00 0.00 0
99873 0.00 0.00 0.00 0
99874 0.00 0.00 0.00 0
99875 0.00 0.00 0.00 0
99876 0.00 0.00 0.00 0
99877 0.00 0.00 0.00 0
99878 0.00 0.00 0.00 0
99879 0.00 0.00 0.00 0
99880 0.00 0.00 0.00 0
99881 0.00 0.00 0.00 0
99882 0.00 0.00 0.00 0
99883 0.00 0.00 0.00 0
99884 0.00 0.00 0.00 0
99885 0.00 0.00 0.00 0
99886 0.00 0.00 0.00 0
99887 0.00 0.00 0.00 0
99888 0.00 0.00 0.00 0
99889 0.00 0.00 0.00 0
99890 0.00 0.00 0.00 0
99891 0.00 0.00 0.00 0
99892 0.00 0.00 0.00 0
99893 0.00 0.00 0.00 0
99894 0.00 0.00 0.00 0
99895 0.00 0.00 0.00 0
99896 0.00 0.00 0.00 0
99897 0.00 0.00 0.00 0
99898 0.00 0.00 0.00 0
99899 0.00 0.00 0.00 0
99900 0.00 0.00 0.00 0
99901 0.00 0.00 0.00 0
99902 0.00 0.00 0.00 0
99903 0.00 0.00 0.00 0
99904 0.00 0.00 0.00 0
99905 0.00 0.00 0.00 0
99906 0.00 0.00 0.00 0
99907 0.00 0.00 0.00 0
99908 0.00 0.00 0.00 0
102249 0.00 0.00 0.00 0
102250 0.00 0.00 0.00 0
102251 0.00 0.00 0.00 0
102252 0.00 0.00 0.00 0
102253 0.00 0.00 0.00 0
102254 0.00 0.00 0.00 0
102255 0.00 0.00 0.00 0
102265 0.00 0.00 0.00 0
102266 0.00 0.00 0.00 0
102267 0.00 0.00 0.00 0
102268 0.00 0.00 0.00 0
102269 0.00 0.00 0.00 0
102270 0.00 0.00 0.00 0
102271 0.00 0.00 0.00 0
102272 0.00 0.00 0.00 0
102273 0.00 0.00 0.00 0
102275 0.00 0.00 0.00 0
102277 0.00 0.00 0.00 0
102278 0.00 0.00 0.00 0
102279 0.00 0.00 0.00 0
102280 0.00 0.00 0.00 0
102281 0.00 0.00 0.00 0
103093 0.00 0.00 0.00 0
103094 0.00 0.00 0.00 0
103095 0.00 0.00 0.00 0
103096 0.00 0.00 0.00 0
103097 0.00 0.00 0.00 0
103098 0.00 0.00 0.00 0
103099 0.00 0.00 0.00 0
103100 0.00 0.00 0.00 0
103101 0.00 0.00 0.00 0
103102 0.00 0.00 0.00 0
103103 0.00 0.00 0.00 0
103104 0.00 0.00 0.00 0
103105 0.00 0.00 0.00 0
103106 0.00 0.00 0.00 0
103107 0.00 0.00 0.00 0
103108 0.00 0.00 0.00 0
103109 0.00 0.00 0.00 0
103110 0.00 0.00 0.00 0
103111 0.00 0.00 0.00 0
103112 0.00 0.00 0.00 0
103113 0.00 0.00 0.00 0
103114 0.00 0.00 0.00 0
103115 0.00 0.00 0.00 0
103116 0.00 0.00 0.00 0
103117 0.00 0.00 0.00 0
103118 0.00 0.00 0.00 0
103119 0.00 0.00 0.00 0
103120 0.00 0.00 0.00 0
103121 0.00 0.00 0.00 0
103122 0.00 0.00 0.00 0
103123 0.00 0.00 0.00 0
103124 0.00 0.00 0.00 0
103125 0.00 0.00 0.00 0
103126 0.00 0.00 0.00 0
103127 0.00 0.00 0.00 0
103128 0.00 0.00 0.00 0
103129 0.00 0.00 0.00 0
103130 0.00 0.00 0.00 0
103131 0.00 0.00 0.00 0
103132 0.00 0.00 0.00 0
103133 0.00 0.00 0.00 0
103134 0.00 0.00 0.00 0
103135 0.00 0.00 0.00 0
103136 0.00 0.00 0.00 0
103137 0.00 0.00 0.00 0
103138 0.00 0.00 0.00 0
103139 0.00 0.00 0.00 0
103140 0.00 0.00 0.00 0
103141 0.00 0.00 0.00 0
103142 0.00 0.00 0.00 0
103143 0.00 0.00 0.00 0
103144 0.00 0.00 0.00 0
103145 0.00 0.00 0.00 0
103146 0.00 0.00 0.00 0
103147 0.00 0.00 0.00 0
103148 0.00 0.00 0.00 0
103149 0.00 0.00 0.00 0
103150 0.00 0.00 0.00 0
103151 0.00 0.00 0.00 0
103152 0.00 0.00 0.00 0
103153 0.00 0.00 0.00 0
103154 0.00 0.00 0.00 0
103155 0.00 0.00 0.00 0
103156 0.00 0.00 0.00 0
103157 0.00 0.00 0.00 0
103158 0.00 0.00 0.00 0
103159 0.00 0.00 0.00 0
103160 0.00 0.00 0.00 0
103161 0.00 0.00 0.00 0
103162 0.00 0.00 0.00 0
103163 0.00 0.00 0.00 0
103164 0.00 0.00 0.00 0
105512 0.00 0.00 0.00 0
105513 0.00 0.00 0.00 0
105514 0.00 0.00 0.00 0
105515 0.00 0.00 0.00 0
105516 0.00 0.00 0.00 0
105517 0.00 0.00 0.00 0
105518 0.00 0.00 0.00 0
105519 0.00 0.00 0.00 0
105520 0.00 0.00 0.00 0
105521 0.00 0.00 0.00 0
105522 0.00 0.00 0.00 0
105528 0.00 0.00 0.00 0
105529 0.00 0.00 0.00 0
105530 0.00 0.00 0.00 0
105531 0.00 0.00 0.00 0
105532 0.00 0.00 0.00 0
105533 0.00 0.00 0.00 0
105534 0.00 0.00 0.00 0
105535 0.00 0.00 0.00 0
105536 0.00 0.00 0.00 0
105537 0.00 0.00 0.00 0
105538 0.00 0.00 0.00 0
105539 0.00 0.00 0.00 0
105540 0.00 0.00 0.00 0
105541 0.00 0.00 0.00 0
105542 0.00 0.00 0.00 0
105543 0.00 0.00 0.00 0
105544 0.00 0.00 0.00 0
105545 0.00 0.00 0.00 0
105546 0.00 0.00 0.00 0
105547 0.00 0.00 0.00 0
105548 0.00 0.00 0.00 0
105549 0.00 0.00 0.00 0
105550 0.00 0.00 0.00 0
105551 0.00 0.00 0.00 0
105552 0.00 0.00 0.00 0
105553 0.00 0.00 0.00 0
105554 0.00 0.00 0.00 0
105555 0.00 0.00 0.00 0
105556 0.00 0.00 0.00 0
105557 0.00 0.00 0.00 0
105558 0.00 0.00 0.00 0
105559 0.00 0.00 0.00 0
105560 0.00 0.00 0.00 0
105561 0.00 0.00 0.00 0
105562 0.00 0.00 0.00 0
105563 0.00 0.00 0.00 0
105564 0.00 0.00 0.00 0
105565 0.00 0.00 0.00 0
105566 0.00 0.00 0.00 0
105567 0.00 0.00 0.00 0
105568 0.00 0.00 0.00 0
105569 0.00 0.00 0.00 0
105570 0.00 0.00 0.00 0
105571 0.00 0.00 0.00 0
105572 0.00 0.00 0.00 0
105573 0.00 0.00 0.00 0
105574 0.00 0.00 0.00 0
105575 0.00 0.00 0.00 0
105576 0.00 0.00 0.00 0
105577 0.00 0.00 0.00 0
105578 0.00 0.00 0.00 0
105579 0.00 0.00 0.00 0
105580 0.00 0.00 0.00 0
105581 0.00 0.00 0.00 0
105582 0.00 0.00 0.00 0
105583 0.00 0.00 0.00 0
105584 0.00 0.00 0.00 0
105585 0.00 0.00 0.00 0
105586 0.00 0.00 0.00 0
105587 0.00 0.00 0.00 0
105588 0.00 0.00 0.00 0
105589 0.00 0.00 0.00 0
105590 0.00 0.00 0.00 0
105591 0.00 0.00 0.00 0
105592 0.00 0.00 0.00 0
105593 0.00 0.00 0.00 0
105594 0.00 0.00 0.00 0
105595 0.00 0.00 0.00 0
105596 0.00 0.00 0.00 0
105597 0.00 0.00 0.00 0
105598 0.00 0.00 0.00 0
105599 0.00 0.00 0.00 0
105600 0.00 0.00 0.00 0
105601 0.00 0.00 0.00 0
105602 0.00 0.00 0.00 0
105603 0.00 0.00 0.00 0
108075 0.00 0.00 0.00 0
108076 0.00 0.00 0.00 0
108077 0.00 0.00 0.00 0
108078 0.00 0.00 0.00 0
108079 0.00 0.00 0.00 0
108080 0.00 0.00 0.00 0
108081 0.00 0.00 0.00 0
108082 0.00 0.00 0.00 0
108083 0.00 0.00 0.00 0
108084 0.00 0.00 0.00 0
108085 0.00 0.00 0.00 0
108086 0.00 0.00 0.00 0
108087 0.00 0.00 0.00 0
108089 0.00 0.00 0.00 0
108090 0.00 0.00 0.00 0
108091 0.00 0.00 0.00 0
108092 0.00 0.00 0.00 0
108093 0.00 0.00 0.00 0
108159 0.00 0.00 0.00 0
108169 0.00 0.00 0.00 0
108170 0.00 0.00 0.00 0
108171 0.00 0.00 0.00 0
108172 0.00 0.00 0.00 0
108173 0.00 0.00 0.00 0
108196 0.00 0.00 0.00 0
108197 0.00 0.00 0.00 0
108198 0.00 0.00 0.00 0
108199 0.00 0.00 0.00 0
108200 0.00 0.00 0.00 0
108201 0.00 0.00 0.00 0
108202 0.00 0.00 0.00 0
108203 0.00 0.00 0.00 0
108204 0.00 0.00 0.00 0
108205 0.00 0.00 0.00 0
108206 0.00 0.00 0.00 0
108207 0.00 0.00 0.00 0
108208 0.00 0.00 0.00 0
108209 0.00 0.00 0.00 0
108210 0.00 0.00 0.00 0
108211 0.00 0.00 0.00 0
108212 0.00 0.00 0.00 0
108220 0.00 0.00 0.00 0
115423 0.00 0.00 0.00 0
115424 0.00 0.00 0.00 0
115425 0.00 0.00 0.00 0
115426 0.00 0.00 0.00 0
115427 0.00 0.00 0.00 0
115428 0.00 0.00 0.00 0
115429 0.00 0.00 0.00 0
115430 0.00 0.00 0.00 0
115431 0.00 0.00 0.00 0
115432 0.00 0.00 0.00 0
115433 0.00 0.00 0.00 0
115434 0.00 0.00 0.00 0
115435 0.00 0.00 0.00 0
115436 0.00 0.00 0.00 0
116053 0.00 0.00 0.00 0
116054 0.00 0.00 0.00 0
116055 0.00 0.00 0.00 0
116056 0.00 0.00 0.00 0
116057 0.00 0.00 0.00 0
116058 0.00 0.00 0.00 0
116059 0.00 0.00 0.00 0
116060 0.00 0.00 0.00 0
116061 0.00 0.00 0.00 0
116062 0.00 0.00 0.00 0
116063 0.00 0.00 0.00 0
116064 0.00 0.00 0.00 0
116065 0.00 0.00 0.00 0
116066 0.00 0.00 0.00 0
116067 0.00 0.00 0.00 0
116068 0.00 0.00 0.00 0
116069 0.00 0.00 0.00 0
116070 0.00 0.00 0.00 0
116071 0.00 0.00 0.00 0
116072 0.00 0.00 0.00 0
116073 0.00 0.00 0.00 0
116167 0.00 0.00 0.00 0
116168 0.00 0.00 0.00 0
116171 0.00 0.00 0.00 0
116715 0.00 0.00 0.00 0
116716 0.00 0.00 0.00 0
116717 0.00 0.00 0.00 0
116718 0.00 0.00 0.00 0
116719 0.00 0.00 0.00 0
116720 0.00 0.00 0.00 0
116721 0.00 0.00 0.00 0
116722 0.00 0.00 0.00 0
116723 0.00 0.00 0.00 0
116724 0.00 0.00 0.00 0
116725 0.00 0.00 0.00 0
116726 0.00 0.00 0.00 0
116727 0.00 0.00 0.00 0
116728 0.00 0.00 0.00 0
116729 0.00 0.00 0.00 0
116730 0.00 0.00 0.00 0
116731 0.00 0.00 0.00 0
116732 0.00 0.00 0.00 0
116733 0.00 0.00 0.00 0
116734 0.00 0.00 0.00 0
116735 0.00 0.00 0.00 0
116736 0.00 0.00 0.00 0
116737 0.00 0.00 0.00 0
116738 0.00 0.00 0.00 0
116739 0.00 0.00 0.00 0
116740 0.00 0.00 0.00 0
116741 0.00 0.00 0.00 0
116742 0.00 0.00 0.00 0
116743 0.00 0.00 0.00 0
116744 0.00 0.00 0.00 0
116745 0.00 0.00 0.00 0
118563 0.00 0.00 0.00 0
118571 0.00 0.00 0.00 0
118572 0.00 0.00 0.00 0
119224 0.00 0.00 0.00 0
119225 0.00 0.00 0.00 0
119226 0.00 0.00 0.00 0
119227 0.00 0.00 0.00 0
119228 0.00 0.00 0.00 0
119229 0.00 0.00 0.00 0
119230 0.00 0.00 0.00 0
119231 0.00 0.00 0.00 0
119232 0.00 0.00 0.00 0
119233 0.00 0.00 0.00 0
119234 0.00 0.00 0.00 0
119235 0.00 0.00 0.00 0
119236 0.00 0.00 0.00 0
119237 0.00 0.00 0.00 0
119238 0.00 0.00 0.00 0
119239 0.00 0.00 0.00 0
119240 0.00 0.00 0.00 0
119241 0.00 0.00 0.00 0
119242 0.00 0.00 0.00 0
119243 0.00 0.00 0.00 0
119244 0.00 0.00 0.00 0
119245 0.00 0.00 0.00 0
119246 0.00 0.00 0.00 0
119247 0.00 0.00 0.00 0
119248 0.00 0.00 0.00 0
119249 0.00 0.00 0.00 0
119250 0.00 0.00 0.00 0
119251 0.00 0.00 0.00 0
119252 0.00 0.00 0.00 0
119253 0.00 0.00 0.00 0
119254 0.00 0.00 0.00 0
119255 0.00 0.00 0.00 0
119256 0.00 0.00 0.00 0
119257 0.00 0.00 0.00 0
119258 0.00 0.00 0.00 0
119259 0.00 0.00 0.00 0
119260 0.00 0.00 0.00 0
119261 0.00 0.00 0.00 0
119262 0.00 0.00 0.00 0
119263 0.00 0.00 0.00 0
119264 0.00 0.00 0.00 0
119265 0.00 0.00 0.00 0
119266 0.00 0.00 0.00 0
119267 0.00 0.00 0.00 0
119268 0.00 0.00 0.00 0
119269 0.00 0.00 0.00 0
119270 0.00 0.00 0.00 0
119272 0.00 0.00 0.00 0
119273 0.00 0.00 0.00 0
119274 0.00 0.00 0.00 0
119275 0.00 0.00 0.00 0
119276 0.00 0.00 0.00 0
119277 0.00 0.00 0.00 0
119278 0.00 0.00 0.00 0
119279 0.00 0.00 0.00 0
119280 0.00 0.00 0.00 0
121098 0.00 0.00 0.00 0
121099 0.00 0.00 0.00 0
121102 0.00 0.00 0.00 0
121103 0.00 0.00 0.00 0
121104 0.00 0.00 0.00 0
121105 0.00 0.00 0.00 0
121106 0.00 0.00 0.00 0
121107 0.00 0.00 0.00 0
121108 0.00 0.00 0.00 0
121109 0.00 0.00 0.00 0
121110 0.00 0.00 0.00 0
121111 0.00 0.00 0.00 0
121112 0.00 0.00 0.00 0
121113 0.00 0.00 0.00 0
121114 0.00 0.00 0.00 0
121115 0.00 0.00 0.00 0
121116 0.00 0.00 0.00 0
121117 0.00 0.00 0.00 0
121118 0.00 0.00 0.00 0
121119 0.00 0.00 0.00 0
121120 0.00 0.00 0.00 0
121121 0.00 0.00 0.00 0
121122 0.00 0.00 0.00 0
121123 0.00 0.00 0.00 0
121124 0.00 0.00 0.00 0
121125 0.00 0.00 0.00 0
121126 0.00 0.00 0.00 0
121127 0.00 0.00 0.00 0
121128 0.00 0.00 0.00 0
121129 0.00 0.00 0.00 0
121130 0.00 0.00 0.00 0
121131 0.00 0.00 0.00 0
121132 0.00 0.00 0.00 0
121133 0.00 0.00 0.00 0
121134 0.00 0.00 0.00 0
121135 0.00 0.00 0.00 0
121136 0.00 0.00 0.00 0
121137 0.00 0.00 0.00 0
121138 0.00 0.00 0.00 0
121139 0.00 0.00 0.00 0
121140 0.00 0.00 0.00 0
121141 0.00 0.00 0.00 0
121142 0.00 0.00 0.00 0
121143 0.00 0.00 0.00 0
121144 0.00 0.00 0.00 0
121145 0.00 0.00 0.00 0
121146 0.00 0.00 0.00 0
121147 0.00 0.00 0.00 0
121148 0.00 0.00 0.00 0
121149 0.00 0.00 0.00 0
121150 0.00 0.00 0.00 0
121151 0.00 0.00 0.00 0
121152 0.00 0.00 0.00 0
121153 0.00 0.00 0.00 0
121154 0.00 0.00 0.00 0
121155 0.00 0.00 0.00 0
121156 0.00 0.00 0.00 0
121157 0.00 0.00 0.00 0
121158 0.00 0.00 0.00 0
121159 0.00 0.00 0.00 0
121160 0.00 0.00 0.00 0
121161 0.00 0.00 0.00 0
121162 0.00 0.00 0.00 0
121163 0.00 0.00 0.00 0
121164 0.00 0.00 0.00 0
121165 0.00 0.00 0.00 0
121166 0.00 0.00 0.00 0
121167 0.00 0.00 0.00 0
121168 0.00 0.00 0.00 0
121169 0.00 0.00 0.00 0
121170 0.00 0.00 0.00 0
121171 0.00 0.00 0.00 0
121172 0.00 0.00 0.00 0
121173 0.00 0.00 0.00 0
121174 0.00 0.00 0.00 0
123099 0.00 0.00 0.00 0
123100 0.00 0.00 0.00 0
123101 0.00 0.00 0.00 0
123102 0.00 0.00 0.00 0
123103 0.00 0.00 0.00 0
123104 0.00 0.00 0.00 0
123105 0.00 0.00 0.00 0
123106 0.00 0.00 0.00 0
123107 0.00 0.00 0.00 0
123108 0.00 0.00 0.00 0
123109 0.00 0.00 0.00 0
123110 0.00 0.00 0.00 0
123111 0.00 0.00 0.00 0
123112 0.00 0.00 0.00 0
123113 0.00 0.00 0.00 0
123115 0.00 0.00 0.00 0
123162 0.00 0.00 0.00 0
123163 0.00 0.00 0.00 0
123166 0.00 0.00 0.00 0
123172 0.00 0.00 0.00 0
123173 0.00 0.00 0.00 0
123174 0.00 0.00 0.00 0
123175 0.00 0.00 0.00 0
123176 0.00 0.00 0.00 0
123177 0.00 0.00 0.00 0
123178 0.00 0.00 0.00 0
123179 0.00 0.00 0.00 0
123193 0.00 0.00 0.00 0
123194 0.00 0.00 0.00 0
123195 0.00 0.00 0.00 0
123196 0.00 0.00 0.00 0
123197 0.00 0.00 0.00 0
123198 0.00 0.00 0.00 0
123199 0.00 0.00 0.00 0
123200 0.00 0.00 0.00 0
123201 0.00 0.00 0.00 0
123202 0.00 0.00 0.00 0
123203 0.00 0.00 0.00 0
129241 0.00 0.00 0.00 0
129242 0.00 0.00 0.00 0
129243 0.00 0.00 0.00 0
129244 0.00 0.00 0.00 0
129245 0.00 0.00 0.00 0
129246 0.00 0.00 0.00 0
129247 0.00 0.00 0.00 0
129248 0.00 0.00 0.00 0
129249 0.00 0.00 0.00 0
129250 0.00 0.00 0.00 0
129251 0.00 0.00 0.00 0
129252 0.00 0.00 0.00 0
129253 0.00 0.00 0.00 0
129254 0.00 0.00 0.00 0
129255 0.00 0.00 0.00 0
129256 0.00 0.00 0.00 0
129257 0.00 0.00 0.00 0
129258 0.00 0.00 0.00 0
129259 0.00 0.00 0.00 0
129260 0.00 0.00 0.00 0
129261 0.00 0.00 0.00 0
129262 0.00 0.00 0.00 0
129263 0.00 0.00 0.00 0
129264 0.00 0.00 0.00 0
129265 0.00 0.00 0.00 0
129266 0.00 0.00 0.00 0
129267 0.00 0.00 0.00 0
129268 0.00 0.00 0.00 0
129269 0.00 0.00 0.00 0
129270 0.00 0.00 0.00 0
129271 0.00 0.00 0.00 0
129272 0.00 0.00 0.00 0
129273 0.00 0.00 0.00 0
129274 0.00 0.00 0.00 0
129275 0.00 0.00 0.00 0
129276 0.00 0.00 0.00 0
129277 0.00 0.00 0.00 0
129278 0.00 0.00 0.00 0
129279 0.00 0.00 0.00 0
129280 0.00 0.00 0.00 0
129281 0.00 0.00 0.00 0
129282 0.00 0.00 0.00 0
129283 0.00 0.00 0.00 0
129284 0.00 0.00 0.00 0
129285 0.00 0.00 0.00 0
129286 0.00 0.00 0.00 0
129287 0.00 0.00 0.00 0
129288 0.00 0.00 0.00 0
129289 0.00 0.00 0.00 0
130949 0.00 0.00 0.00 0
130950 0.00 0.00 0.00 0
130951 0.00 0.00 0.00 0
130952 0.00 0.00 0.00 0
130953 0.00 0.00 0.00 0
130954 0.00 0.00 0.00 0
130955 0.00 0.00 0.00 0
130956 0.00 0.00 0.00 0
130957 0.00 0.00 0.00 0
130958 0.00 0.00 0.00 0
130959 0.00 0.00 0.00 0
130960 0.00 0.00 0.00 0
130961 0.00 0.00 0.00 0
130962 0.00 0.00 0.00 0
130963 0.00 0.00 0.00 0
130964 0.00 0.00 0.00 0
130965 0.00 0.00 0.00 0
130966 0.00 0.00 0.00 0
130967 0.00 0.00 0.00 0
130968 0.00 0.00 0.00 0
130969 0.00 0.00 0.00 0
130970 0.00 0.00 0.00 0
130971 0.00 0.00 0.00 0
130972 0.00 0.00 0.00 0
130973 0.00 0.00 0.00 0
130974 0.00 0.00 0.00 0
130975 0.00 0.00 0.00 0
130976 0.00 0.00 0.00 0
130977 0.00 0.00 0.00 0
130978 0.00 0.00 0.00 0
130979 0.00 0.00 0.00 0
130980 0.00 0.00 0.00 0
130981 0.00 0.00 0.00 0
130982 0.00 0.00 0.00 0
130983 0.00 0.00 0.00 0
130984 0.00 0.00 0.00 0
130985 0.00 0.00 0.00 0
130986 0.00 0.00 0.00 0
130987 0.00 0.00 0.00 0
130988 0.00 0.00 0.00 0
130989 0.00 0.00 0.00 0
130990 0.00 0.00 0.00 0
130991 0.00 0.00 0.00 0
130992 0.00 0.00 0.00 0
130993 0.00 0.00 0.00 0
130994 0.00 0.00 0.00 0
130995 0.00 0.00 0.00 0
130996 0.00 0.00 0.00 0
130997 0.00 0.00 0.00 0
130998 0.00 0.00 0.00 0
130999 0.00 0.00 0.00 0
131000 0.00 0.00 0.00 0
131001 0.00 0.00 0.00 0
131002 0.00 0.00 0.00 0
131003 0.00 0.00 0.00 0
131004 0.00 0.00 0.00 0
131005 0.00 0.00 0.00 0
131006 0.00 0.00 0.00 0
131007 0.00 0.00 0.00 0
131263 0.00 0.00 0.00 0
131264 0.00 0.00 0.00 0
131267 0.00 0.00 0.00 0
131273 0.00 0.00 0.00 0
131274 0.00 0.00 0.00 0
131275 0.00 0.00 0.00 0
131276 0.00 0.00 0.00 0
131277 0.00 0.00 0.00 0
131278 0.00 0.00 0.00 0
131279 0.00 0.00 0.00 0
131280 0.00 0.00 0.00 0
132747 0.00 0.00 0.00 0
132748 0.00 0.00 0.00 0
132749 0.00 0.00 0.00 0
132750 0.00 0.00 0.00 0
132751 0.00 0.00 0.00 0
132752 0.00 0.00 0.00 0
132753 0.00 0.00 0.00 0
132754 0.00 0.00 0.00 0
132755 0.00 0.00 0.00 0
132756 0.00 0.00 0.00 0
132757 0.00 0.00 0.00 0
132758 0.00 0.00 0.00 0
132759 0.00 0.00 0.00 0
132760 0.00 0.00 0.00 0
132761 0.00 0.00 0.00 0
132762 0.00 0.00 0.00 0
132763 0.00 0.00 0.00 0
132764 0.00 0.00 0.00 0
132765 0.00 0.00 0.00 0
132766 0.00 0.00 0.00 0
132767 0.00 0.00 0.00 0
132768 0.00 0.00 0.00 0
132769 0.00 0.00 0.00 0
132770 0.00 0.00 0.00 0
132771 0.00 0.00 0.00 0
132772 0.00 0.00 0.00 0
132773 0.00 0.00 0.00 0
132774 0.00 0.00 0.00 0
132780 0.00 0.00 0.00 0
132786 0.00 0.00 0.00 0
132787 0.00 0.00 0.00 0
132788 0.00 0.00 0.00 0
132789 0.00 0.00 0.00 0
132790 0.00 0.00 0.00 0
132791 0.00 0.00 0.00 0
132797 0.00 0.00 0.00 0
132798 0.00 0.00 0.00 0
132799 0.00 0.00 0.00 0
132800 0.00 0.00 0.00 0
132801 0.00 0.00 0.00 0
132802 0.00 0.00 0.00 0
132803 0.00 0.00 0.00 0
132804 0.00 0.00 0.00 0
132805 0.00 0.00 0.00 0
132806 0.00 0.00 0.00 0
132807 0.00 0.00 0.00 0
132808 0.00 0.00 0.00 0
132809 0.00 0.00 0.00 0
132810 0.00 0.00 0.00 0
132811 0.00 0.00 0.00 0
132812 0.00 0.00 0.00 0
132813 0.00 0.00 0.00 0
132814 0.00 0.00 0.00 0
132815 0.00 0.00 0.00 0
132816 0.00 0.00 0.00 0
132817 0.00 0.00 0.00 0
132818 0.00 0.00 0.00 0
132819 0.00 0.00 0.00 0
132820 0.00 0.00 0.00 0
132821 0.00 0.00 0.00 0
132822 0.00 0.00 0.00 0
132823 0.00 0.00 0.00 0
132824 0.00 0.00 0.00 0
132825 0.00 0.00 0.00 0
132826 0.00 0.00 0.00 0
132827 0.00 0.00 0.00 0
132828 0.00 0.00 0.00 0
132829 0.00 0.00 0.00 0
132830 0.00 0.00 0.00 0
132831 0.00 0.00 0.00 0
132832 0.00 0.00 0.00 0
132833 0.00 0.00 0.00 0
132834 0.00 0.00 0.00 0
132835 0.00 0.00 0.00 0
132836 0.00 0.00 0.00 0
132837 0.00 0.00 0.00 0
132838 0.00 0.00 0.00 0
132839 0.00 0.00 0.00 0
132840 0.00 0.00 0.00 0
132841 0.00 0.00 0.00 0
137774 0.00 0.00 0.00 0
137775 0.00 0.00 0.00 0
137776 0.00 0.00 0.00 0
137777 0.00 0.00 0.00 0
137778 0.00 0.00 0.00 0
137781 0.00 0.00 0.00 0
137782 0.00 0.00 0.00 0
137783 0.00 0.00 0.00 0
137784 0.00 0.00 0.00 0
137785 0.00 0.00 0.00 0
137786 0.00 0.00 0.00 0
137787 0.00 0.00 0.00 0
137788 0.00 0.00 0.00 0
137789 0.00 0.00 0.00 0
137790 0.00 0.00 0.00 0
137797 0.00 0.00 0.00 0
137798 0.00 0.00 0.00 0
137799 0.00 0.00 0.00 0
137806 0.00 0.00 0.00 0
137807 0.00 0.00 0.00 0
137808 0.00 0.00 0.00 0
137809 0.00 0.00 0.00 0
137810 0.00 0.00 0.00 0
137811 0.00 0.00 0.00 0
137812 0.00 0.00 0.00 0
137813 0.00 0.00 0.00 0
137814 0.00 0.00 0.00 0
137815 0.00 0.00 0.00 0
137816 0.00 0.00 0.00 0
137817 0.00 0.00 0.00 0
137818 0.00 0.00 0.00 0
137819 0.00 0.00 0.00 0
137820 0.00 0.00 0.00 0
137821 0.00 0.00 0.00 0
137822 0.00 0.00 0.00 0
137823 0.00 0.00 0.00 0
137824 0.00 0.00 0.00 0
137825 0.00 0.00 0.00 0
137826 0.00 0.00 0.00 0
137829 0.00 0.00 0.00 0
137830 0.00 0.00 0.00 0
137831 0.00 0.00 0.00 0
137832 0.00 0.00 0.00 0
137833 0.00 0.00 0.00 0
137834 0.00 0.00 0.00 0
137835 0.00 0.00 0.00 0
137836 0.00 0.00 0.00 0
137837 0.00 0.00 0.00 0
137838 0.00 0.00 0.00 0
137839 0.00 0.00 0.00 0
137840 0.00 0.00 0.00 0
137841 0.00 0.00 0.00 0
137842 0.00 0.00 0.00 0
137843 0.00 0.00 0.00 0
137844 0.00 0.00 0.00 0
139495 0.00 0.00 0.00 0
139496 0.00 0.00 0.00 0
139497 0.00 0.00 0.00 0
139498 0.00 0.00 0.00 0
139499 0.00 0.00 0.00 0
139500 0.00 0.00 0.00 0
139501 0.00 0.00 0.00 0
139502 0.00 0.00 0.00 0
139503 0.00 0.00 0.00 0
139504 0.00 0.00 0.00 0
139505 0.00 0.00 0.00 0
139506 0.00 0.00 0.00 0
139507 0.00 0.00 0.00 0
139508 0.00 0.00 0.00 0
139509 0.00 0.00 0.00 0
139510 0.00 0.00 0.00 0
139511 0.00 0.00 0.00 0
139512 0.00 0.00 0.00 0
139513 0.00 0.00 0.00 0
139514 0.00 0.00 0.00 0
139515 0.00 0.00 0.00 0
139516 0.00 0.00 0.00 0
139517 0.00 0.00 0.00 0
139518 0.00 0.00 0.00 0
139519 0.00 0.00 0.00 0
139520 0.00 0.00 0.00 0
139521 0.00 0.00 0.00 0
139522 0.00 0.00 0.00 0
139523 0.00 0.00 0.00 0
139524 0.00 0.00 0.00 0
139525 0.00 0.00 0.00 0
139526 0.00 0.00 0.00 0
139527 0.00 0.00 0.00 0
139528 0.00 0.00 0.00 0
139529 0.00 0.00 0.00 0
139530 0.00 0.00 0.00 0
139531 0.00 0.00 0.00 0
139532 0.00 0.00 0.00 0
139533 0.00 0.00 0.00 0
139534 0.00 0.00 0.00 0
139535 0.00 0.00 0.00 0
139536 0.00 0.00 0.00 0
139537 0.00 0.00 0.00 0
139538 0.00 0.00 0.00 0
139539 0.00 0.00 0.00 0
139540 0.00 0.00 0.00 0
139541 0.00 0.00 0.00 0
139542 0.00 0.00 0.00 0
139543 0.00 0.00 0.00 0
139544 0.00 0.00 0.00 0
139545 0.00 0.00 0.00 0
139546 0.00 0.00 0.00 0
139547 0.00 0.00 0.00 0
139548 0.00 0.00 0.00 0
139549 0.00 0.00 0.00 0
139550 0.00 0.00 0.00 0
139551 0.00 0.00 0.00 0
139552 0.00 0.00 0.00 0
139553 0.00 0.00 0.00 0
139554 0.00 0.00 0.00 0
139555 0.00 0.00 0.00 0
139556 0.00 0.00 0.00 0
139557 0.00 0.00 0.00 0
139558 0.00 0.00 0.00 0
139559 0.00 0.00 0.00 0
139560 0.00 0.00 0.00 0
139561 0.00 0.00 0.00 0
139562 0.00 0.00 0.00 0
139563 0.00 0.00 0.00 0
139564 0.00 0.00 0.00 0
139565 0.00 0.00 0.00 0
139566 0.00 0.00 0.00 0
139567 0.00 0.00 0.00 0
139568 0.00 0.00 0.00 0
139569 0.00 0.00 0.00 0
139570 0.00 0.00 0.00 0
139571 0.00 0.00 0.00 0
139572 0.00 0.00 0.00 0
139573 0.00 0.00 0.00 0
139574 0.00 0.00 0.00 0
139575 0.00 0.00 0.00 0
139576 0.00 0.00 0.00 0
139577 0.00 0.00 0.00 0
139578 0.00 0.00 0.00 0
139579 0.00 0.00 0.00 0
139580 0.00 0.00 0.00 0
139581 0.00 0.00 0.00 0
139582 0.00 0.00 0.00 0
139583 0.00 0.00 0.00 0
139584 0.00 0.00 0.00 0
139585 0.00 0.00 0.00 0
139586 0.00 0.00 0.00 0
139587 0.00 0.00 0.00 0
139588 0.00 0.00 0.00 0
139589 0.00 0.00 0.00 0
139590 0.00 0.00 0.00 0
139591 0.00 0.00 0.00 0
139592 0.00 0.00 0.00 0
139593 0.00 0.00 0.00 0
139594 0.00 0.00 0.00 0
139595 0.00 0.00 0.00 0
139596 0.00 0.00 0.00 0
139597 0.00 0.00 0.00 0
139598 0.00 0.00 0.00 0
139599 0.00 0.00 0.00 0
139600 0.00 0.00 0.00 0
139601 0.00 0.00 0.00 0
139602 0.00 0.00 0.00 0
139603 0.00 0.00 0.00 0
139604 0.00 0.00 0.00 0
139605 0.00 0.00 0.00 0
139606 0.00 0.00 0.00 0
139607 0.00 0.00 0.00 0
139608 0.00 0.00 0.00 0
139609 0.00 0.00 0.00 0
139610 0.00 0.00 0.00 0
139611 0.00 0.00 0.00 0
139612 0.00 0.00 0.00 0
139613 0.00 0.00 0.00 0
139614 0.00 0.00 0.00 0
139615 0.00 0.00 0.00 0
139616 0.00 0.00 0.00 0
139617 0.00 0.00 0.00 0
139618 0.00 0.00 0.00 0
139619 0.00 0.00 0.00 0
139620 0.00 0.00 0.00 0
139621 0.00 0.00 0.00 0
139622 0.00 0.00 0.00 0
139623 0.00 0.00 0.00 0
139624 0.00 0.00 0.00 0
139625 0.00 0.00 0.00 0
139626 0.00 0.00 0.00 0
139627 0.00 0.00 0.00 0
139628 0.00 0.00 0.00 0
139629 0.00 0.00 0.00 0
139630 0.00 0.00 0.00 0
139631 0.00 0.00 0.00 0
139632 0.00 0.00 0.00 0
139633 0.00 0.00 0.00 0
139634 0.00 0.00 0.00 0
139635 0.00 0.00 0.00 0
139636 0.00 0.00 0.00 0
139637 0.00 0.00 0.00 0
139638 0.00 0.00 0.00 0
139642 0.00 0.00 0.00 0
139643 0.00 0.00 0.00 0
144421 0.00 0.00 0.00 0
144422 0.00 0.00 0.00 0
144427 0.00 0.00 0.00 0
144428 0.00 0.00 0.00 0
144429 0.00 0.00 0.00 0
144430 0.00 0.00 0.00 0
144431 0.00 0.00 0.00 0
144432 0.00 0.00 0.00 0
144437 0.00 0.00 0.00 0
144438 0.00 0.00 0.00 0
144439 0.00 0.00 0.00 0
144440 0.00 0.00 0.00 0
144441 0.00 0.00 0.00 0
144442 0.00 0.00 0.00 0
144443 0.00 0.00 0.00 0
144444 0.00 0.00 0.00 0
144457 0.00 0.00 0.00 0
144466 0.00 0.00 0.00 0
144467 0.00 0.00 0.00 0
144468 0.00 0.00 0.00 0
144469 0.00 0.00 0.00 0
144470 0.00 0.00 0.00 0
144471 0.00 0.00 0.00 0
144472 0.00 0.00 0.00 0
144473 0.00 0.00 0.00 0
144474 0.00 0.00 0.00 0
144475 0.00 0.00 0.00 0
144476 0.00 0.00 0.00 0
144477 0.00 0.00 0.00 0
144478 0.00 0.00 0.00 0
144479 0.00 0.00 0.00 0
144480 0.00 0.00 0.00 0
144481 0.00 0.00 0.00 0
144482 0.00 0.00 0.00 0
144483 0.00 0.00 0.00 0
144484 0.00 0.00 0.00 0
144485 0.00 0.00 0.00 0
144486 0.00 0.00 0.00 0
144487 0.00 0.00 0.00 0
144488 0.00 0.00 0.00 0
144489 0.00 0.00 0.00 0
144490 0.00 0.00 0.00 0
144491 0.00 0.00 0.00 0
144492 0.00 0.00 0.00 0
144493 0.00 0.00 0.00 0
144494 0.00 0.00 0.00 0
144495 0.00 0.00 0.00 0
144496 0.00 0.00 0.00 0
144497 0.00 0.00 0.00 0
144498 0.00 0.00 0.00 0
144499 0.00 0.00 0.00 0
144500 0.00 0.00 0.00 0
144501 0.00 0.00 0.00 0
144502 0.00 0.00 0.00 0
144503 0.00 0.00 0.00 0
144504 0.00 0.00 0.00 0
144505 0.00 0.00 0.00 0
144506 0.00 0.00 0.00 0
144507 0.00 0.00 0.00 0
144508 0.00 0.00 0.00 0
144509 0.00 0.00 0.00 0
144510 0.00 0.00 0.00 0
144511 0.00 0.00 0.00 0
144512 0.00 0.00 0.00 0
144513 0.00 0.00 0.00 0
144514 0.00 0.00 0.00 0
144515 0.00 0.00 0.00 0
144516 0.00 0.00 0.00 0
144517 0.00 0.00 0.00 0
144518 0.00 0.00 0.00 0
144519 0.00 0.00 0.00 0
144520 0.00 0.00 0.00 0
144521 0.00 0.00 0.00 0
144522 0.00 0.00 0.00 0
144523 0.00 0.00 0.00 0
144524 0.00 0.00 0.00 0
144525 0.00 0.00 0.00 0
144526 0.00 0.00 0.00 0
144527 0.00 0.00 0.00 0
144528 0.00 0.00 0.00 0
144529 0.00 0.00 0.00 0
144530 0.00 0.00 0.00 0
144531 0.00 0.00 0.00 0
144532 0.00 0.00 0.00 0
144533 0.00 0.00 0.00 0
144534 0.00 0.00 0.00 0
144535 0.00 0.00 0.00 0
144536 0.00 0.00 0.00 0
144537 0.00 0.00 0.00 0
144538 0.00 0.00 0.00 0
144539 0.00 0.00 0.00 0
144540 0.00 0.00 0.00 0
144541 0.00 0.00 0.00 0
144542 0.00 0.00 0.00 0
144543 0.00 0.00 0.00 0
144544 0.00 0.00 0.00 0
144545 0.00 0.00 0.00 0
144546 0.00 0.00 0.00 0
144547 0.00 0.00 0.00 0
144548 0.00 0.00 0.00 0
144549 0.00 0.00 0.00 0
144550 0.00 0.00 0.00 0
144551 0.00 0.00 0.00 0
144552 0.00 0.00 0.00 0
144553 0.00 0.00 0.00 0
144554 0.00 0.00 0.00 0
144555 0.00 0.00 0.00 0
144556 0.00 0.00 0.00 0
144557 0.00 0.00 0.00 0
144558 0.00 0.00 0.00 0
144559 0.00 0.00 0.00 0
144560 0.00 0.00 0.00 0
144561 0.00 0.00 0.00 0
144562 0.00 0.00 0.00 0
144563 0.00 0.00 0.00 0
144564 0.00 0.00 0.00 0
144565 0.00 0.00 0.00 0
144566 0.00 0.00 0.00 0
144567 0.00 0.00 0.00 0
144568 0.00 0.00 0.00 0
144569 0.00 0.00 0.00 0
144570 0.00 0.00 0.00 0
144571 0.00 0.00 0.00 0
144572 0.00 0.00 0.00 0
144573 0.00 0.00 0.00 0
144574 0.00 0.00 0.00 0
144575 0.00 0.00 0.00 0
144576 0.00 0.00 0.00 0
144577 0.00 0.00 0.00 0
144578 0.00 0.00 0.00 0
144579 0.00 0.00 0.00 0
144580 0.00 0.00 0.00 0
144581 0.00 0.00 0.00 0
144582 0.00 0.00 0.00 0
144583 0.00 0.00 0.00 0
144584 0.00 0.00 0.00 0
144585 0.00 0.00 0.00 0
144586 0.00 0.00 0.00 0
144587 0.00 0.00 0.00 0
144588 0.00 0.00 0.00 0
144589 0.00 0.00 0.00 0
144590 0.00 0.00 0.00 0
144591 0.00 0.00 0.00 0
144592 0.00 0.00 0.00 0
144593 0.00 0.00 0.00 0
144594 0.00 0.00 0.00 0
144595 0.00 0.00 0.00 0
144596 0.00 0.00 0.00 0
144597 0.00 0.00 0.00 0
144598 0.00 0.00 0.00 0
144599 0.00 0.00 0.00 0
144600 0.00 0.00 0.00 0
144601 0.00 0.00 0.00 0
144602 0.00 0.00 0.00 0
144603 0.00 0.00 0.00 0
144604 0.00 0.00 0.00 0
144605 0.00 0.00 0.00 0
145421 0.00 0.00 0.00 0
149578 0.00 0.00 0.00 0
149579 0.00 0.00 0.00 0
149580 0.00 0.00 0.00 0
149581 0.00 0.00 0.00 0
149582 0.00 0.00 0.00 0
149583 0.00 0.00 0.00 0
149584 0.00 0.00 0.00 0
149585 0.00 0.00 0.00 0
149586 0.00 0.00 0.00 0
149587 0.00 0.00 0.00 0
149588 0.00 0.00 0.00 0
149589 0.00 0.00 0.00 0
149590 0.00 0.00 0.00 0
149591 0.00 0.00 0.00 0
149592 0.00 0.00 0.00 0
149593 0.00 0.00 0.00 0
149594 0.00 0.00 0.00 0
149605 0.00 0.00 0.00 0
149606 0.00 0.00 0.00 0
149607 0.00 0.00 0.00 0
149608 0.00 0.00 0.00 0
149609 0.00 0.00 0.00 0
149610 0.00 0.00 0.00 0
149611 0.00 0.00 0.00 0
149612 0.00 0.00 0.00 0
149613 0.00 0.00 0.00 0
149614 0.00 0.00 0.00 0
149615 0.00 0.00 0.00 0
149616 0.00 0.00 0.00 0
149619 0.00 0.00 0.00 0
149620 0.00 0.00 0.00 0
149621 0.00 0.00 0.00 0
149622 0.00 0.00 0.00 0
149749 0.00 0.00 0.00 0
149750 0.00 0.00 0.00 0
149767 0.00 0.00 0.00 0
149768 0.00 0.00 0.00 0
149769 0.00 0.00 0.00 0
149770 0.00 0.00 0.00 0
149771 0.00 0.00 0.00 0
149772 0.00 0.00 0.00 0
149773 0.00 0.00 0.00 0
149774 0.00 0.00 0.00 0
149776 0.00 0.00 0.00 0
149777 0.00 0.00 0.00 0
149821 0.00 0.00 0.00 0
149822 0.00 0.00 0.00 0
149823 0.00 0.00 0.00 0
149824 0.00 0.00 0.00 0
149825 0.00 0.00 0.00 0
149826 0.00 0.00 0.00 0
149827 0.00 0.00 0.00 0
149828 0.00 0.00 0.00 0
149829 0.00 0.00 0.00 0
149830 0.00 0.00 0.00 0
149831 0.00 0.00 0.00 0
149832 0.00 0.00 0.00 0
149833 0.00 0.00 0.00 0
149834 0.00 0.00 0.00 0
149835 0.00 0.00 0.00 0
149836 0.00 0.00 0.00 0
149837 0.00 0.00 0.00 0
149838 0.00 0.00 0.00 0
149839 0.00 0.00 0.00 0
149840 0.00 0.00 0.00 0
149841 0.00 0.00 0.00 0
149842 0.00 0.00 0.00 0
149843 0.00 0.00 0.00 0
149844 0.00 0.00 0.00 0
149845 0.00 0.00 0.00 0
149846 0.00 0.00 0.00 0
149847 0.00 0.00 0.00 0
149848 0.00 0.00 0.00 0
149849 0.00 0.00 0.00 0
149850 0.00 0.00 0.00 0
149851 0.00 0.00 0.00 0
149852 0.00 0.00 0.00 0
149853 0.00 0.00 0.00 0
149854 0.00 0.00 0.00 0
149855 0.00 0.00 0.00 0
149856 0.00 0.00 0.00 0
149862 0.00 0.00 0.00 0
149863 0.00 0.00 0.00 0
149864 0.00 0.00 0.00 0
149865 0.00 0.00 0.00 0
149866 0.00 0.00 0.00 0
149867 0.00 0.00 0.00 0
149868 0.00 0.00 0.00 0
149869 0.00 0.00 0.00 0
149870 0.00 0.00 0.00 0
149871 0.00 0.00 0.00 0
149872 0.00 0.00 0.00 0
149873 0.00 0.00 0.00 0
149874 0.00 0.00 0.00 0
149875 0.00 0.00 0.00 0
149876 0.00 0.00 0.00 0
149877 0.00 0.00 0.00 0
