# S_front_inf
2352
52 0.00 0.00 0.00 0
109 0.00 0.00 0.00 0
172 0.00 0.00 0.00 0
173 0.00 0.00 0.00 0
176 0.00 0.00 0.00 0
250 0.00 0.00 0.00 0
385 0.00 0.00 0.00 0
386 0.00 0.00 0.00 0
494 0.00 0.00 0.00 0
495 0.00 0.00 0.00 0
877 0.00 0.00 0.00 0
879 0.00 0.00 0.00 0
881 0.00 0.00 0.00 0
882 0.00 0.00 0.00 0
883 0.00 0.00 0.00 0
884 0.00 0.00 0.00 0
888 0.00 0.00 0.00 0
890 0.00 0.00 0.00 0
1083 0.00 0.00 0.00 0
1085 0.00 0.00 0.00 0
1086 0.00 0.00 0.00 0
1087 0.00 0.00 0.00 0
1462 0.00 0.00 0.00 0
1463 0.00 0.00 0.00 0
1464 0.00 0.00 0.00 0
1470 0.00 0.00 0.00 0
1602 0.00 0.00 0.00 0
1857 0.00 0.00 0.00 0
1858 0.00 0.00 0.00 0
1859 0.00 0.00 0.00 0
1860 0.00 0.00 0.00 0
1861 0.00 0.00 0.00 0
1862 0.00 0.00 0.00 0
2131 0.00 0.00 0.00 0
2132 0.00 0.00 0.00 0
2797 0.00 0.00 0.00 0
2798 0.00 0.00 0.00 0
2799 0.00 0.00 0.00 0
2801 0.00 0.00 0.00 0
2802 0.00 0.00 0.00 0
2803 0.00 0.00 0.00 0
2804 0.00 0.00 0.00 0
2808 0.00 0.00 0.00 0
2809 0.00 0.00 0.00 0
2810 0.00 0.00 0.00 0
2811 0.00 0.00 0.00 0
3003 0.00 0.00 0.00 0
3004 0.00 0.00 0.00 0
3005 0.00 0.00 0.00 0
3006 0.00 0.00 0.00 0
3007 0.00 0.00 0.00 0
3397 0.00 0.00 0.00 0
3398 0.00 0.00 0.00 0
3399 0.00 0.00 0.00 0
3408 0.00 0.00 0.00 0
3409 0.00 0.00 0.00 0
3410 0.00 0.00 0.00 0
3411 0.00 0.00 0.00 0
3630 0.00 0.00 0.00 0
4080 0.00 0.00 0.00 0
4081 0.00 0.00 0.00 0
4082 0.00 0.00 0.00 0
4083 0.00 0.00 0.00 0
4084 0.00 0.00 0.00 0
4085 0.00 0.00 0.00 0
4086 0.00 0.00 0.00 0
4087 0.00 0.00 0.00 0
4088 0.00 0.00 0.00 0
4089 0.00 0.00 0.00 0
4090 0.00 0.00 0.00 0
4091 0.00 0.00 0.00 0
4092 0.00 0.00 0.00 0
4093 0.00 0.00 0.00 0
4094 0.00 0.00 0.00 0
4105 0.00 0.00 0.00 0
4112 0.00 0.00 0.00 0
4691 0.00 0.00 0.00 0
4696 0.00 0.00 0.00 0
4697 0.00 0.00 0.00 0
4698 0.00 0.00 0.00 0
4699 0.00 0.00 0.00 0
4700 0.00 0.00 0.00 0
4701 0.00 0.00 0.00 0
5782 0.00 0.00 0.00 0
5783 0.00 0.00 0.00 0
5922 0.00 0.00 0.00 0
6191 0.00 0.00 0.00 0
6193 0.00 0.00 0.00 0
6194 0.00 0.00 0.00 0
6195 0.00 0.00 0.00 0
6196 0.00 0.00 0.00 0
6197 0.00 0.00 0.00 0
6198 0.00 0.00 0.00 0
6199 0.00 0.00 0.00 0
6200 0.00 0.00 0.00 0
6206 0.00 0.00 0.00 0
6207 0.00 0.00 0.00 0
6208 0.00 0.00 0.00 0
6209 0.00 0.00 0.00 0
6210 0.00 0.00 0.00 0
6211 0.00 0.00 0.00 0
6212 0.00 0.00 0.00 0
6213 0.00 0.00 0.00 0
6559 0.00 0.00 0.00 0
6560 0.00 0.00 0.00 0
6561 0.00 0.00 0.00 0
6562 0.00 0.00 0.00 0
6563 0.00 0.00 0.00 0
6564 0.00 0.00 0.00 0
6565 0.00 0.00 0.00 0
7252 0.00 0.00 0.00 0
7253 0.00 0.00 0.00 0
7254 0.00 0.00 0.00 0
7255 0.00 0.00 0.00 0
7256 0.00 0.00 0.00 0
7257 0.00 0.00 0.00 0
7258 0.00 0.00 0.00 0
7269 0.00 0.00 0.00 0
7270 0.00 0.00 0.00 0
7271 0.00 0.00 0.00 0
7272 0.00 0.00 0.00 0
7578 0.00 0.00 0.00 0
8193 0.00 0.00 0.00 0
8194 0.00 0.00 0.00 0
8195 0.00 0.00 0.00 0
8196 0.00 0.00 0.00 0
8197 0.00 0.00 0.00 0
8198 0.00 0.00 0.00 0
8202 0.00 0.00 0.00 0
8203 0.00 0.00 0.00 0
8204 0.00 0.00 0.00 0
8205 0.00 0.00 0.00 0
8206 0.00 0.00 0.00 0
8207 0.00 0.00 0.00 0
8208 0.00 0.00 0.00 0
8959 0.00 0.00 0.00 0
8960 0.00 0.00 0.00 0
8961 0.00 0.00 0.00 0
8962 0.00 0.00 0.00 0
8963 0.00 0.00 0.00 0
8964 0.00 0.00 0.00 0
8965 0.00 0.00 0.00 0
8966 0.00 0.00 0.00 0
8976 0.00 0.00 0.00 0
8985 0.00 0.00 0.00 0
8986 0.00 0.00 0.00 0
8987 0.00 0.00 0.00 0
10477 0.00 0.00 0.00 0
10478 0.00 0.00 0.00 0
10479 0.00 0.00 0.00 0
10483 0.00 0.00 0.00 0
10488 0.00 0.00 0.00 0
10489 0.00 0.00 0.00 0
10490 0.00 0.00 0.00 0
10491 0.00 0.00 0.00 0
10683 0.00 0.00 0.00 0
10684 0.00 0.00 0.00 0
10685 0.00 0.00 0.00 0
10686 0.00 0.00 0.00 0
10687 0.00 0.00 0.00 0
11077 0.00 0.00 0.00 0
11078 0.00 0.00 0.00 0
11079 0.00 0.00 0.00 0
11088 0.00 0.00 0.00 0
11089 0.00 0.00 0.00 0
11090 0.00 0.00 0.00 0
11091 0.00 0.00 0.00 0
11310 0.00 0.00 0.00 0
11760 0.00 0.00 0.00 0
11761 0.00 0.00 0.00 0
11762 0.00 0.00 0.00 0
11763 0.00 0.00 0.00 0
11764 0.00 0.00 0.00 0
11765 0.00 0.00 0.00 0
11766 0.00 0.00 0.00 0
11767 0.00 0.00 0.00 0
11768 0.00 0.00 0.00 0
11769 0.00 0.00 0.00 0
11770 0.00 0.00 0.00 0
11771 0.00 0.00 0.00 0
11772 0.00 0.00 0.00 0
11773 0.00 0.00 0.00 0
11774 0.00 0.00 0.00 0
11783 0.00 0.00 0.00 0
11785 0.00 0.00 0.00 0
12371 0.00 0.00 0.00 0
12375 0.00 0.00 0.00 0
12376 0.00 0.00 0.00 0
12377 0.00 0.00 0.00 0
12378 0.00 0.00 0.00 0
12379 0.00 0.00 0.00 0
12380 0.00 0.00 0.00 0
12381 0.00 0.00 0.00 0
13478 0.00 0.00 0.00 0
13491 0.00 0.00 0.00 0
14155 0.00 0.00 0.00 0
14156 0.00 0.00 0.00 0
14157 0.00 0.00 0.00 0
14158 0.00 0.00 0.00 0
14159 0.00 0.00 0.00 0
14163 0.00 0.00 0.00 0
14164 0.00 0.00 0.00 0
14165 0.00 0.00 0.00 0
14166 0.00 0.00 0.00 0
14167 0.00 0.00 0.00 0
14168 0.00 0.00 0.00 0
14169 0.00 0.00 0.00 0
14170 0.00 0.00 0.00 0
14171 0.00 0.00 0.00 0
14172 0.00 0.00 0.00 0
14173 0.00 0.00 0.00 0
14174 0.00 0.00 0.00 0
14183 0.00 0.00 0.00 0
14184 0.00 0.00 0.00 0
14185 0.00 0.00 0.00 0
14186 0.00 0.00 0.00 0
14187 0.00 0.00 0.00 0
14188 0.00 0.00 0.00 0
14189 0.00 0.00 0.00 0
14190 0.00 0.00 0.00 0
14191 0.00 0.00 0.00 0
14192 0.00 0.00 0.00 0
14193 0.00 0.00 0.00 0
14194 0.00 0.00 0.00 0
14195 0.00 0.00 0.00 0
14769 0.00 0.00 0.00 0
14770 0.00 0.00 0.00 0
14771 0.00 0.00 0.00 0
14772 0.00 0.00 0.00 0
14773 0.00 0.00 0.00 0
14774 0.00 0.00 0.00 0
14775 0.00 0.00 0.00 0
14776 0.00 0.00 0.00 0
14777 0.00 0.00 0.00 0
14778 0.00 0.00 0.00 0
14779 0.00 0.00 0.00 0
14780 0.00 0.00 0.00 0
14781 0.00 0.00 0.00 0
14782 0.00 0.00 0.00 0
15952 0.00 0.00 0.00 0
15953 0.00 0.00 0.00 0
15954 0.00 0.00 0.00 0
15955 0.00 0.00 0.00 0
15956 0.00 0.00 0.00 0
15957 0.00 0.00 0.00 0
15958 0.00 0.00 0.00 0
15959 0.00 0.00 0.00 0
15960 0.00 0.00 0.00 0
15961 0.00 0.00 0.00 0
15962 0.00 0.00 0.00 0
15986 0.00 0.00 0.00 0
15987 0.00 0.00 0.00 0
15988 0.00 0.00 0.00 0
15989 0.00 0.00 0.00 0
15990 0.00 0.00 0.00 0
15991 0.00 0.00 0.00 0
15992 0.00 0.00 0.00 0
15993 0.00 0.00 0.00 0
15994 0.00 0.00 0.00 0
15995 0.00 0.00 0.00 0
15996 0.00 0.00 0.00 0
16650 0.00 0.00 0.00 0
16651 0.00 0.00 0.00 0
16652 0.00 0.00 0.00 0
18000 0.00 0.00 0.00 0
18001 0.00 0.00 0.00 0
18002 0.00 0.00 0.00 0
18003 0.00 0.00 0.00 0
18004 0.00 0.00 0.00 0
18005 0.00 0.00 0.00 0
18006 0.00 0.00 0.00 0
18007 0.00 0.00 0.00 0
18008 0.00 0.00 0.00 0
18009 0.00 0.00 0.00 0
18010 0.00 0.00 0.00 0
18011 0.00 0.00 0.00 0
18012 0.00 0.00 0.00 0
18013 0.00 0.00 0.00 0
18014 0.00 0.00 0.00 0
18015 0.00 0.00 0.00 0
18017 0.00 0.00 0.00 0
18018 0.00 0.00 0.00 0
18020 0.00 0.00 0.00 0
18022 0.00 0.00 0.00 0
18023 0.00 0.00 0.00 0
18024 0.00 0.00 0.00 0
18025 0.00 0.00 0.00 0
18026 0.00 0.00 0.00 0
18027 0.00 0.00 0.00 0
18028 0.00 0.00 0.00 0
18029 0.00 0.00 0.00 0
18030 0.00 0.00 0.00 0
18031 0.00 0.00 0.00 0
18032 0.00 0.00 0.00 0
18033 0.00 0.00 0.00 0
18034 0.00 0.00 0.00 0
18035 0.00 0.00 0.00 0
18036 0.00 0.00 0.00 0
18037 0.00 0.00 0.00 0
18038 0.00 0.00 0.00 0
18039 0.00 0.00 0.00 0
18040 0.00 0.00 0.00 0
18041 0.00 0.00 0.00 0
18042 0.00 0.00 0.00 0
18076 0.00 0.00 0.00 0
18077 0.00 0.00 0.00 0
19846 0.00 0.00 0.00 0
19847 0.00 0.00 0.00 0
19848 0.00 0.00 0.00 0
19849 0.00 0.00 0.00 0
19850 0.00 0.00 0.00 0
19851 0.00 0.00 0.00 0
19852 0.00 0.00 0.00 0
19853 0.00 0.00 0.00 0
19854 0.00 0.00 0.00 0
19855 0.00 0.00 0.00 0
19856 0.00 0.00 0.00 0
19857 0.00 0.00 0.00 0
19858 0.00 0.00 0.00 0
19859 0.00 0.00 0.00 0
19860 0.00 0.00 0.00 0
19861 0.00 0.00 0.00 0
19862 0.00 0.00 0.00 0
19864 0.00 0.00 0.00 0
19865 0.00 0.00 0.00 0
19912 0.00 0.00 0.00 0
19913 0.00 0.00 0.00 0
19914 0.00 0.00 0.00 0
19915 0.00 0.00 0.00 0
19917 0.00 0.00 0.00 0
19919 0.00 0.00 0.00 0
23467 0.00 0.00 0.00 0
23468 0.00 0.00 0.00 0
23469 0.00 0.00 0.00 0
23470 0.00 0.00 0.00 0
23471 0.00 0.00 0.00 0
23475 0.00 0.00 0.00 0
23476 0.00 0.00 0.00 0
23477 0.00 0.00 0.00 0
23478 0.00 0.00 0.00 0
23479 0.00 0.00 0.00 0
23480 0.00 0.00 0.00 0
23486 0.00 0.00 0.00 0
23487 0.00 0.00 0.00 0
23488 0.00 0.00 0.00 0
23489 0.00 0.00 0.00 0
23490 0.00 0.00 0.00 0
23491 0.00 0.00 0.00 0
23492 0.00 0.00 0.00 0
23493 0.00 0.00 0.00 0
23837 0.00 0.00 0.00 0
23838 0.00 0.00 0.00 0
23839 0.00 0.00 0.00 0
23840 0.00 0.00 0.00 0
23841 0.00 0.00 0.00 0
23842 0.00 0.00 0.00 0
23843 0.00 0.00 0.00 0
23844 0.00 0.00 0.00 0
23845 0.00 0.00 0.00 0
24547 0.00 0.00 0.00 0
24548 0.00 0.00 0.00 0
24549 0.00 0.00 0.00 0
24550 0.00 0.00 0.00 0
24551 0.00 0.00 0.00 0
24566 0.00 0.00 0.00 0
24568 0.00 0.00 0.00 0
24569 0.00 0.00 0.00 0
24570 0.00 0.00 0.00 0
24571 0.00 0.00 0.00 0
24572 0.00 0.00 0.00 0
24573 0.00 0.00 0.00 0
24966 0.00 0.00 0.00 0
24967 0.00 0.00 0.00 0
24968 0.00 0.00 0.00 0
25776 0.00 0.00 0.00 0
25777 0.00 0.00 0.00 0
25778 0.00 0.00 0.00 0
25779 0.00 0.00 0.00 0
25780 0.00 0.00 0.00 0
25781 0.00 0.00 0.00 0
25782 0.00 0.00 0.00 0
25783 0.00 0.00 0.00 0
25784 0.00 0.00 0.00 0
25785 0.00 0.00 0.00 0
25786 0.00 0.00 0.00 0
25787 0.00 0.00 0.00 0
25788 0.00 0.00 0.00 0
25789 0.00 0.00 0.00 0
25790 0.00 0.00 0.00 0
25791 0.00 0.00 0.00 0
25792 0.00 0.00 0.00 0
25793 0.00 0.00 0.00 0
25794 0.00 0.00 0.00 0
25795 0.00 0.00 0.00 0
25796 0.00 0.00 0.00 0
25797 0.00 0.00 0.00 0
25798 0.00 0.00 0.00 0
25799 0.00 0.00 0.00 0
25800 0.00 0.00 0.00 0
25801 0.00 0.00 0.00 0
25802 0.00 0.00 0.00 0
26884 0.00 0.00 0.00 0
26885 0.00 0.00 0.00 0
26886 0.00 0.00 0.00 0
26887 0.00 0.00 0.00 0
26888 0.00 0.00 0.00 0
26889 0.00 0.00 0.00 0
26890 0.00 0.00 0.00 0
26891 0.00 0.00 0.00 0
26892 0.00 0.00 0.00 0
26893 0.00 0.00 0.00 0
26894 0.00 0.00 0.00 0
26895 0.00 0.00 0.00 0
28852 0.00 0.00 0.00 0
28853 0.00 0.00 0.00 0
28854 0.00 0.00 0.00 0
28855 0.00 0.00 0.00 0
28871 0.00 0.00 0.00 0
28872 0.00 0.00 0.00 0
29178 0.00 0.00 0.00 0
29802 0.00 0.00 0.00 0
29806 0.00 0.00 0.00 0
29808 0.00 0.00 0.00 0
29809 0.00 0.00 0.00 0
29810 0.00 0.00 0.00 0
29811 0.00 0.00 0.00 0
29812 0.00 0.00 0.00 0
29813 0.00 0.00 0.00 0
29814 0.00 0.00 0.00 0
29815 0.00 0.00 0.00 0
29816 0.00 0.00 0.00 0
29817 0.00 0.00 0.00 0
29818 0.00 0.00 0.00 0
29819 0.00 0.00 0.00 0
29820 0.00 0.00 0.00 0
29821 0.00 0.00 0.00 0
29822 0.00 0.00 0.00 0
29823 0.00 0.00 0.00 0
29824 0.00 0.00 0.00 0
29825 0.00 0.00 0.00 0
29826 0.00 0.00 0.00 0
29827 0.00 0.00 0.00 0
29828 0.00 0.00 0.00 0
29840 0.00 0.00 0.00 0
29841 0.00 0.00 0.00 0
29842 0.00 0.00 0.00 0
29843 0.00 0.00 0.00 0
29844 0.00 0.00 0.00 0
29845 0.00 0.00 0.00 0
29846 0.00 0.00 0.00 0
29847 0.00 0.00 0.00 0
29849 0.00 0.00 0.00 0
29850 0.00 0.00 0.00 0
29851 0.00 0.00 0.00 0
29852 0.00 0.00 0.00 0
29853 0.00 0.00 0.00 0
29855 0.00 0.00 0.00 0
29856 0.00 0.00 0.00 0
30662 0.00 0.00 0.00 0
30663 0.00 0.00 0.00 0
30664 0.00 0.00 0.00 0
30665 0.00 0.00 0.00 0
30667 0.00 0.00 0.00 0
30668 0.00 0.00 0.00 0
30669 0.00 0.00 0.00 0
30670 0.00 0.00 0.00 0
30671 0.00 0.00 0.00 0
30672 0.00 0.00 0.00 0
30673 0.00 0.00 0.00 0
30674 0.00 0.00 0.00 0
30675 0.00 0.00 0.00 0
30676 0.00 0.00 0.00 0
30677 0.00 0.00 0.00 0
30678 0.00 0.00 0.00 0
30679 0.00 0.00 0.00 0
32302 0.00 0.00 0.00 0
32303 0.00 0.00 0.00 0
32304 0.00 0.00 0.00 0
32305 0.00 0.00 0.00 0
32306 0.00 0.00 0.00 0
32307 0.00 0.00 0.00 0
32308 0.00 0.00 0.00 0
32309 0.00 0.00 0.00 0
32310 0.00 0.00 0.00 0
32311 0.00 0.00 0.00 0
32312 0.00 0.00 0.00 0
32313 0.00 0.00 0.00 0
32314 0.00 0.00 0.00 0
32315 0.00 0.00 0.00 0
32317 0.00 0.00 0.00 0
32318 0.00 0.00 0.00 0
32319 0.00 0.00 0.00 0
32320 0.00 0.00 0.00 0
32321 0.00 0.00 0.00 0
32341 0.00 0.00 0.00 0
32349 0.00 0.00 0.00 0
32350 0.00 0.00 0.00 0
32351 0.00 0.00 0.00 0
32352 0.00 0.00 0.00 0
32353 0.00 0.00 0.00 0
32354 0.00 0.00 0.00 0
32355 0.00 0.00 0.00 0
32356 0.00 0.00 0.00 0
32357 0.00 0.00 0.00 0
32358 0.00 0.00 0.00 0
33098 0.00 0.00 0.00 0
33099 0.00 0.00 0.00 0
33100 0.00 0.00 0.00 0
33191 0.00 0.00 0.00 0
34881 0.00 0.00 0.00 0
34882 0.00 0.00 0.00 0
34883 0.00 0.00 0.00 0
34884 0.00 0.00 0.00 0
34885 0.00 0.00 0.00 0
34886 0.00 0.00 0.00 0
34887 0.00 0.00 0.00 0
34888 0.00 0.00 0.00 0
34889 0.00 0.00 0.00 0
34890 0.00 0.00 0.00 0
34891 0.00 0.00 0.00 0
34892 0.00 0.00 0.00 0
34893 0.00 0.00 0.00 0
34894 0.00 0.00 0.00 0
34895 0.00 0.00 0.00 0
34896 0.00 0.00 0.00 0
34897 0.00 0.00 0.00 0
34898 0.00 0.00 0.00 0
34908 0.00 0.00 0.00 0
34909 0.00 0.00 0.00 0
34910 0.00 0.00 0.00 0
34911 0.00 0.00 0.00 0
34912 0.00 0.00 0.00 0
34913 0.00 0.00 0.00 0
34914 0.00 0.00 0.00 0
34915 0.00 0.00 0.00 0
34916 0.00 0.00 0.00 0
34917 0.00 0.00 0.00 0
34918 0.00 0.00 0.00 0
34919 0.00 0.00 0.00 0
34920 0.00 0.00 0.00 0
34921 0.00 0.00 0.00 0
34922 0.00 0.00 0.00 0
34923 0.00 0.00 0.00 0
34924 0.00 0.00 0.00 0
34925 0.00 0.00 0.00 0
34926 0.00 0.00 0.00 0
34927 0.00 0.00 0.00 0
34928 0.00 0.00 0.00 0
34929 0.00 0.00 0.00 0
34930 0.00 0.00 0.00 0
34931 0.00 0.00 0.00 0
34973 0.00 0.00 0.00 0
34974 0.00 0.00 0.00 0
35000 0.00 0.00 0.00 0
37124 0.00 0.00 0.00 0
37125 0.00 0.00 0.00 0
37126 0.00 0.00 0.00 0
37127 0.00 0.00 0.00 0
37128 0.00 0.00 0.00 0
37129 0.00 0.00 0.00 0
37130 0.00 0.00 0.00 0
37131 0.00 0.00 0.00 0
37132 0.00 0.00 0.00 0
37133 0.00 0.00 0.00 0
37134 0.00 0.00 0.00 0
37135 0.00 0.00 0.00 0
37136 0.00 0.00 0.00 0
37137 0.00 0.00 0.00 0
37138 0.00 0.00 0.00 0
37139 0.00 0.00 0.00 0
37140 0.00 0.00 0.00 0
37141 0.00 0.00 0.00 0
37142 0.00 0.00 0.00 0
37143 0.00 0.00 0.00 0
37144 0.00 0.00 0.00 0
37145 0.00 0.00 0.00 0
37146 0.00 0.00 0.00 0
37176 0.00 0.00 0.00 0
37202 0.00 0.00 0.00 0
37203 0.00 0.00 0.00 0
37204 0.00 0.00 0.00 0
37205 0.00 0.00 0.00 0
37206 0.00 0.00 0.00 0
37207 0.00 0.00 0.00 0
37208 0.00 0.00 0.00 0
37209 0.00 0.00 0.00 0
37210 0.00 0.00 0.00 0
37211 0.00 0.00 0.00 0
41197 0.00 0.00 0.00 0
41198 0.00 0.00 0.00 0
41199 0.00 0.00 0.00 0
41208 0.00 0.00 0.00 0
41209 0.00 0.00 0.00 0
41210 0.00 0.00 0.00 0
41211 0.00 0.00 0.00 0
41403 0.00 0.00 0.00 0
41404 0.00 0.00 0.00 0
41405 0.00 0.00 0.00 0
41406 0.00 0.00 0.00 0
41407 0.00 0.00 0.00 0
41797 0.00 0.00 0.00 0
41798 0.00 0.00 0.00 0
41799 0.00 0.00 0.00 0
41808 0.00 0.00 0.00 0
41809 0.00 0.00 0.00 0
41810 0.00 0.00 0.00 0
41811 0.00 0.00 0.00 0
42030 0.00 0.00 0.00 0
42031 0.00 0.00 0.00 0
42032 0.00 0.00 0.00 0
42480 0.00 0.00 0.00 0
42481 0.00 0.00 0.00 0
42482 0.00 0.00 0.00 0
42483 0.00 0.00 0.00 0
42484 0.00 0.00 0.00 0
42485 0.00 0.00 0.00 0
42486 0.00 0.00 0.00 0
42487 0.00 0.00 0.00 0
42488 0.00 0.00 0.00 0
42489 0.00 0.00 0.00 0
42490 0.00 0.00 0.00 0
42491 0.00 0.00 0.00 0
42492 0.00 0.00 0.00 0
42493 0.00 0.00 0.00 0
42494 0.00 0.00 0.00 0
42503 0.00 0.00 0.00 0
42504 0.00 0.00 0.00 0
42505 0.00 0.00 0.00 0
43091 0.00 0.00 0.00 0
43092 0.00 0.00 0.00 0
43093 0.00 0.00 0.00 0
43094 0.00 0.00 0.00 0
43095 0.00 0.00 0.00 0
43096 0.00 0.00 0.00 0
43097 0.00 0.00 0.00 0
43098 0.00 0.00 0.00 0
43099 0.00 0.00 0.00 0
43100 0.00 0.00 0.00 0
43101 0.00 0.00 0.00 0
43102 0.00 0.00 0.00 0
44872 0.00 0.00 0.00 0
44874 0.00 0.00 0.00 0
44875 0.00 0.00 0.00 0
44876 0.00 0.00 0.00 0
44877 0.00 0.00 0.00 0
44878 0.00 0.00 0.00 0
44879 0.00 0.00 0.00 0
44883 0.00 0.00 0.00 0
44884 0.00 0.00 0.00 0
44885 0.00 0.00 0.00 0
44886 0.00 0.00 0.00 0
44887 0.00 0.00 0.00 0
44888 0.00 0.00 0.00 0
44889 0.00 0.00 0.00 0
44890 0.00 0.00 0.00 0
44891 0.00 0.00 0.00 0
44892 0.00 0.00 0.00 0
44893 0.00 0.00 0.00 0
44894 0.00 0.00 0.00 0
44903 0.00 0.00 0.00 0
44904 0.00 0.00 0.00 0
44905 0.00 0.00 0.00 0
44906 0.00 0.00 0.00 0
44907 0.00 0.00 0.00 0
44908 0.00 0.00 0.00 0
44909 0.00 0.00 0.00 0
44910 0.00 0.00 0.00 0
44911 0.00 0.00 0.00 0
44912 0.00 0.00 0.00 0
44913 0.00 0.00 0.00 0
44914 0.00 0.00 0.00 0
44915 0.00 0.00 0.00 0
45488 0.00 0.00 0.00 0
45489 0.00 0.00 0.00 0
45490 0.00 0.00 0.00 0
45491 0.00 0.00 0.00 0
45492 0.00 0.00 0.00 0
45493 0.00 0.00 0.00 0
45494 0.00 0.00 0.00 0
45495 0.00 0.00 0.00 0
45496 0.00 0.00 0.00 0
45497 0.00 0.00 0.00 0
45498 0.00 0.00 0.00 0
45499 0.00 0.00 0.00 0
45500 0.00 0.00 0.00 0
45501 0.00 0.00 0.00 0
45502 0.00 0.00 0.00 0
46672 0.00 0.00 0.00 0
46673 0.00 0.00 0.00 0
46674 0.00 0.00 0.00 0
46675 0.00 0.00 0.00 0
46676 0.00 0.00 0.00 0
46677 0.00 0.00 0.00 0
46678 0.00 0.00 0.00 0
46679 0.00 0.00 0.00 0
46680 0.00 0.00 0.00 0
46681 0.00 0.00 0.00 0
46706 0.00 0.00 0.00 0
46707 0.00 0.00 0.00 0
46708 0.00 0.00 0.00 0
46709 0.00 0.00 0.00 0
46710 0.00 0.00 0.00 0
46711 0.00 0.00 0.00 0
46712 0.00 0.00 0.00 0
46713 0.00 0.00 0.00 0
46714 0.00 0.00 0.00 0
46715 0.00 0.00 0.00 0
46716 0.00 0.00 0.00 0
47370 0.00 0.00 0.00 0
47371 0.00 0.00 0.00 0
47372 0.00 0.00 0.00 0
48720 0.00 0.00 0.00 0
48721 0.00 0.00 0.00 0
48722 0.00 0.00 0.00 0
48723 0.00 0.00 0.00 0
48724 0.00 0.00 0.00 0
48725 0.00 0.00 0.00 0
48726 0.00 0.00 0.00 0
48727 0.00 0.00 0.00 0
48728 0.00 0.00 0.00 0
48729 0.00 0.00 0.00 0
48730 0.00 0.00 0.00 0
48731 0.00 0.00 0.00 0
48732 0.00 0.00 0.00 0
48733 0.00 0.00 0.00 0
48734 0.00 0.00 0.00 0
48735 0.00 0.00 0.00 0
48736 0.00 0.00 0.00 0
48737 0.00 0.00 0.00 0
48738 0.00 0.00 0.00 0
48739 0.00 0.00 0.00 0
48740 0.00 0.00 0.00 0
48741 0.00 0.00 0.00 0
48742 0.00 0.00 0.00 0
48743 0.00 0.00 0.00 0
48744 0.00 0.00 0.00 0
48745 0.00 0.00 0.00 0
48746 0.00 0.00 0.00 0
48747 0.00 0.00 0.00 0
48748 0.00 0.00 0.00 0
48749 0.00 0.00 0.00 0
48750 0.00 0.00 0.00 0
48751 0.00 0.00 0.00 0
48752 0.00 0.00 0.00 0
48753 0.00 0.00 0.00 0
48754 0.00 0.00 0.00 0
48755 0.00 0.00 0.00 0
48756 0.00 0.00 0.00 0
48757 0.00 0.00 0.00 0
48758 0.00 0.00 0.00 0
48759 0.00 0.00 0.00 0
48760 0.00 0.00 0.00 0
48761 0.00 0.00 0.00 0
48762 0.00 0.00 0.00 0
48764 0.00 0.00 0.00 0
48797 0.00 0.00 0.00 0
50567 0.00 0.00 0.00 0
50568 0.00 0.00 0.00 0
50569 0.00 0.00 0.00 0
50570 0.00 0.00 0.00 0
50571 0.00 0.00 0.00 0
50572 0.00 0.00 0.00 0
50573 0.00 0.00 0.00 0
50574 0.00 0.00 0.00 0
50575 0.00 0.00 0.00 0
50576 0.00 0.00 0.00 0
50577 0.00 0.00 0.00 0
50578 0.00 0.00 0.00 0
50579 0.00 0.00 0.00 0
50580 0.00 0.00 0.00 0
50581 0.00 0.00 0.00 0
50582 0.00 0.00 0.00 0
50584 0.00 0.00 0.00 0
50634 0.00 0.00 0.00 0
54472 0.00 0.00 0.00 0
54473 0.00 0.00 0.00 0
54474 0.00 0.00 0.00 0
54475 0.00 0.00 0.00 0
54476 0.00 0.00 0.00 0
54477 0.00 0.00 0.00 0
54478 0.00 0.00 0.00 0
54479 0.00 0.00 0.00 0
54483 0.00 0.00 0.00 0
54484 0.00 0.00 0.00 0
54485 0.00 0.00 0.00 0
54486 0.00 0.00 0.00 0
54487 0.00 0.00 0.00 0
54488 0.00 0.00 0.00 0
54489 0.00 0.00 0.00 0
54490 0.00 0.00 0.00 0
54491 0.00 0.00 0.00 0
54492 0.00 0.00 0.00 0
54493 0.00 0.00 0.00 0
54494 0.00 0.00 0.00 0
54503 0.00 0.00 0.00 0
54504 0.00 0.00 0.00 0
54505 0.00 0.00 0.00 0
54506 0.00 0.00 0.00 0
54507 0.00 0.00 0.00 0
54508 0.00 0.00 0.00 0
54509 0.00 0.00 0.00 0
54510 0.00 0.00 0.00 0
54511 0.00 0.00 0.00 0
54512 0.00 0.00 0.00 0
54513 0.00 0.00 0.00 0
54514 0.00 0.00 0.00 0
54515 0.00 0.00 0.00 0
54516 0.00 0.00 0.00 0
55088 0.00 0.00 0.00 0
55089 0.00 0.00 0.00 0
55090 0.00 0.00 0.00 0
55091 0.00 0.00 0.00 0
55092 0.00 0.00 0.00 0
55093 0.00 0.00 0.00 0
55094 0.00 0.00 0.00 0
55095 0.00 0.00 0.00 0
55096 0.00 0.00 0.00 0
55097 0.00 0.00 0.00 0
55098 0.00 0.00 0.00 0
55099 0.00 0.00 0.00 0
55100 0.00 0.00 0.00 0
55101 0.00 0.00 0.00 0
55102 0.00 0.00 0.00 0
56272 0.00 0.00 0.00 0
56273 0.00 0.00 0.00 0
56274 0.00 0.00 0.00 0
56275 0.00 0.00 0.00 0
56276 0.00 0.00 0.00 0
56277 0.00 0.00 0.00 0
56278 0.00 0.00 0.00 0
56279 0.00 0.00 0.00 0
56303 0.00 0.00 0.00 0
56304 0.00 0.00 0.00 0
56305 0.00 0.00 0.00 0
56306 0.00 0.00 0.00 0
56307 0.00 0.00 0.00 0
56308 0.00 0.00 0.00 0
56309 0.00 0.00 0.00 0
56310 0.00 0.00 0.00 0
56311 0.00 0.00 0.00 0
56312 0.00 0.00 0.00 0
56313 0.00 0.00 0.00 0
56314 0.00 0.00 0.00 0
56315 0.00 0.00 0.00 0
56316 0.00 0.00 0.00 0
56970 0.00 0.00 0.00 0
56971 0.00 0.00 0.00 0
56972 0.00 0.00 0.00 0
58320 0.00 0.00 0.00 0
58321 0.00 0.00 0.00 0
58322 0.00 0.00 0.00 0
58323 0.00 0.00 0.00 0
58324 0.00 0.00 0.00 0
58325 0.00 0.00 0.00 0
58326 0.00 0.00 0.00 0
58327 0.00 0.00 0.00 0
58328 0.00 0.00 0.00 0
58329 0.00 0.00 0.00 0
58330 0.00 0.00 0.00 0
58331 0.00 0.00 0.00 0
58332 0.00 0.00 0.00 0
58333 0.00 0.00 0.00 0
58334 0.00 0.00 0.00 0
58335 0.00 0.00 0.00 0
58336 0.00 0.00 0.00 0
58337 0.00 0.00 0.00 0
58338 0.00 0.00 0.00 0
58339 0.00 0.00 0.00 0
58340 0.00 0.00 0.00 0
58341 0.00 0.00 0.00 0
58342 0.00 0.00 0.00 0
58343 0.00 0.00 0.00 0
58344 0.00 0.00 0.00 0
58345 0.00 0.00 0.00 0
58346 0.00 0.00 0.00 0
58347 0.00 0.00 0.00 0
58348 0.00 0.00 0.00 0
58349 0.00 0.00 0.00 0
58350 0.00 0.00 0.00 0
58351 0.00 0.00 0.00 0
58352 0.00 0.00 0.00 0
58353 0.00 0.00 0.00 0
58354 0.00 0.00 0.00 0
58355 0.00 0.00 0.00 0
58356 0.00 0.00 0.00 0
58357 0.00 0.00 0.00 0
58358 0.00 0.00 0.00 0
58359 0.00 0.00 0.00 0
58360 0.00 0.00 0.00 0
58361 0.00 0.00 0.00 0
58362 0.00 0.00 0.00 0
58363 0.00 0.00 0.00 0
58364 0.00 0.00 0.00 0
58391 0.00 0.00 0.00 0
58417 0.00 0.00 0.00 0
60166 0.00 0.00 0.00 0
60167 0.00 0.00 0.00 0
60168 0.00 0.00 0.00 0
60169 0.00 0.00 0.00 0
60170 0.00 0.00 0.00 0
60171 0.00 0.00 0.00 0
60172 0.00 0.00 0.00 0
60173 0.00 0.00 0.00 0
60174 0.00 0.00 0.00 0
60175 0.00 0.00 0.00 0
60176 0.00 0.00 0.00 0
60177 0.00 0.00 0.00 0
60178 0.00 0.00 0.00 0
60179 0.00 0.00 0.00 0
60180 0.00 0.00 0.00 0
60181 0.00 0.00 0.00 0
60182 0.00 0.00 0.00 0
60184 0.00 0.00 0.00 0
60185 0.00 0.00 0.00 0
60186 0.00 0.00 0.00 0
63472 0.00 0.00 0.00 0
63473 0.00 0.00 0.00 0
63474 0.00 0.00 0.00 0
63475 0.00 0.00 0.00 0
63476 0.00 0.00 0.00 0
63477 0.00 0.00 0.00 0
63478 0.00 0.00 0.00 0
63513 0.00 0.00 0.00 0
63514 0.00 0.00 0.00 0
63515 0.00 0.00 0.00 0
63516 0.00 0.00 0.00 0
64170 0.00 0.00 0.00 0
65505 0.00 0.00 0.00 0
65506 0.00 0.00 0.00 0
65507 0.00 0.00 0.00 0
65508 0.00 0.00 0.00 0
65515 0.00 0.00 0.00 0
65516 0.00 0.00 0.00 0
65517 0.00 0.00 0.00 0
65519 0.00 0.00 0.00 0
65520 0.00 0.00 0.00 0
65521 0.00 0.00 0.00 0
65522 0.00 0.00 0.00 0
65524 0.00 0.00 0.00 0
65525 0.00 0.00 0.00 0
65526 0.00 0.00 0.00 0
65527 0.00 0.00 0.00 0
65528 0.00 0.00 0.00 0
65529 0.00 0.00 0.00 0
65530 0.00 0.00 0.00 0
65531 0.00 0.00 0.00 0
65532 0.00 0.00 0.00 0
65533 0.00 0.00 0.00 0
65534 0.00 0.00 0.00 0
65535 0.00 0.00 0.00 0
65536 0.00 0.00 0.00 0
65537 0.00 0.00 0.00 0
65538 0.00 0.00 0.00 0
65539 0.00 0.00 0.00 0
65540 0.00 0.00 0.00 0
65541 0.00 0.00 0.00 0
65542 0.00 0.00 0.00 0
65543 0.00 0.00 0.00 0
65544 0.00 0.00 0.00 0
65545 0.00 0.00 0.00 0
65546 0.00 0.00 0.00 0
65547 0.00 0.00 0.00 0
65548 0.00 0.00 0.00 0
65549 0.00 0.00 0.00 0
65550 0.00 0.00 0.00 0
65551 0.00 0.00 0.00 0
65552 0.00 0.00 0.00 0
65553 0.00 0.00 0.00 0
65554 0.00 0.00 0.00 0
65555 0.00 0.00 0.00 0
65556 0.00 0.00 0.00 0
65557 0.00 0.00 0.00 0
65558 0.00 0.00 0.00 0
65559 0.00 0.00 0.00 0
65560 0.00 0.00 0.00 0
65561 0.00 0.00 0.00 0
65562 0.00 0.00 0.00 0
65563 0.00 0.00 0.00 0
65564 0.00 0.00 0.00 0
65588 0.00 0.00 0.00 0
65589 0.00 0.00 0.00 0
65590 0.00 0.00 0.00 0
65591 0.00 0.00 0.00 0
65592 0.00 0.00 0.00 0
65593 0.00 0.00 0.00 0
65594 0.00 0.00 0.00 0
65595 0.00 0.00 0.00 0
65596 0.00 0.00 0.00 0
65597 0.00 0.00 0.00 0
65598 0.00 0.00 0.00 0
65599 0.00 0.00 0.00 0
65600 0.00 0.00 0.00 0
65601 0.00 0.00 0.00 0
65602 0.00 0.00 0.00 0
65603 0.00 0.00 0.00 0
65605 0.00 0.00 0.00 0
65606 0.00 0.00 0.00 0
65607 0.00 0.00 0.00 0
65608 0.00 0.00 0.00 0
65609 0.00 0.00 0.00 0
65610 0.00 0.00 0.00 0
65611 0.00 0.00 0.00 0
65612 0.00 0.00 0.00 0
65613 0.00 0.00 0.00 0
65614 0.00 0.00 0.00 0
65615 0.00 0.00 0.00 0
65616 0.00 0.00 0.00 0
65617 0.00 0.00 0.00 0
65618 0.00 0.00 0.00 0
65619 0.00 0.00 0.00 0
65620 0.00 0.00 0.00 0
65621 0.00 0.00 0.00 0
65622 0.00 0.00 0.00 0
65623 0.00 0.00 0.00 0
67346 0.00 0.00 0.00 0
67347 0.00 0.00 0.00 0
67348 0.00 0.00 0.00 0
67349 0.00 0.00 0.00 0
67350 0.00 0.00 0.00 0
67351 0.00 0.00 0.00 0
67352 0.00 0.00 0.00 0
67353 0.00 0.00 0.00 0
67354 0.00 0.00 0.00 0
67355 0.00 0.00 0.00 0
67356 0.00 0.00 0.00 0
67357 0.00 0.00 0.00 0
67358 0.00 0.00 0.00 0
67360 0.00 0.00 0.00 0
67361 0.00 0.00 0.00 0
67362 0.00 0.00 0.00 0
67363 0.00 0.00 0.00 0
67364 0.00 0.00 0.00 0
67365 0.00 0.00 0.00 0
67366 0.00 0.00 0.00 0
67367 0.00 0.00 0.00 0
67368 0.00 0.00 0.00 0
67369 0.00 0.00 0.00 0
67370 0.00 0.00 0.00 0
67371 0.00 0.00 0.00 0
67372 0.00 0.00 0.00 0
67373 0.00 0.00 0.00 0
67374 0.00 0.00 0.00 0
67375 0.00 0.00 0.00 0
67376 0.00 0.00 0.00 0
67377 0.00 0.00 0.00 0
67378 0.00 0.00 0.00 0
67379 0.00 0.00 0.00 0
67380 0.00 0.00 0.00 0
67381 0.00 0.00 0.00 0
67382 0.00 0.00 0.00 0
67383 0.00 0.00 0.00 0
67384 0.00 0.00 0.00 0
67385 0.00 0.00 0.00 0
67386 0.00 0.00 0.00 0
67387 0.00 0.00 0.00 0
70897 0.00 0.00 0.00 0
70898 0.00 0.00 0.00 0
70899 0.00 0.00 0.00 0
70900 0.00 0.00 0.00 0
70901 0.00 0.00 0.00 0
70902 0.00 0.00 0.00 0
70903 0.00 0.00 0.00 0
70904 0.00 0.00 0.00 0
70905 0.00 0.00 0.00 0
70906 0.00 0.00 0.00 0
70907 0.00 0.00 0.00 0
70908 0.00 0.00 0.00 0
70909 0.00 0.00 0.00 0
70910 0.00 0.00 0.00 0
70911 0.00 0.00 0.00 0
70912 0.00 0.00 0.00 0
70913 0.00 0.00 0.00 0
70914 0.00 0.00 0.00 0
70915 0.00 0.00 0.00 0
70916 0.00 0.00 0.00 0
70917 0.00 0.00 0.00 0
70918 0.00 0.00 0.00 0
70919 0.00 0.00 0.00 0
70920 0.00 0.00 0.00 0
70921 0.00 0.00 0.00 0
70922 0.00 0.00 0.00 0
70923 0.00 0.00 0.00 0
70924 0.00 0.00 0.00 0
70925 0.00 0.00 0.00 0
70926 0.00 0.00 0.00 0
70927 0.00 0.00 0.00 0
70933 0.00 0.00 0.00 0
70934 0.00 0.00 0.00 0
70935 0.00 0.00 0.00 0
70936 0.00 0.00 0.00 0
70937 0.00 0.00 0.00 0
70939 0.00 0.00 0.00 0
70941 0.00 0.00 0.00 0
70986 0.00 0.00 0.00 0
70987 0.00 0.00 0.00 0
70996 0.00 0.00 0.00 0
70998 0.00 0.00 0.00 0
70999 0.00 0.00 0.00 0
71000 0.00 0.00 0.00 0
71001 0.00 0.00 0.00 0
71005 0.00 0.00 0.00 0
71006 0.00 0.00 0.00 0
71007 0.00 0.00 0.00 0
71008 0.00 0.00 0.00 0
71009 0.00 0.00 0.00 0
71010 0.00 0.00 0.00 0
71011 0.00 0.00 0.00 0
71012 0.00 0.00 0.00 0
71013 0.00 0.00 0.00 0
71014 0.00 0.00 0.00 0
71015 0.00 0.00 0.00 0
71016 0.00 0.00 0.00 0
71017 0.00 0.00 0.00 0
71018 0.00 0.00 0.00 0
71019 0.00 0.00 0.00 0
71020 0.00 0.00 0.00 0
71021 0.00 0.00 0.00 0
71022 0.00 0.00 0.00 0
71023 0.00 0.00 0.00 0
71024 0.00 0.00 0.00 0
71025 0.00 0.00 0.00 0
71026 0.00 0.00 0.00 0
71027 0.00 0.00 0.00 0
71028 0.00 0.00 0.00 0
71029 0.00 0.00 0.00 0
71030 0.00 0.00 0.00 0
71031 0.00 0.00 0.00 0
72786 0.00 0.00 0.00 0
72992 0.00 0.00 0.00 0
72993 0.00 0.00 0.00 0
72994 0.00 0.00 0.00 0
72999 0.00 0.00 0.00 0
77040 0.00 0.00 0.00 0
77041 0.00 0.00 0.00 0
77042 0.00 0.00 0.00 0
77043 0.00 0.00 0.00 0
77044 0.00 0.00 0.00 0
77045 0.00 0.00 0.00 0
77046 0.00 0.00 0.00 0
77047 0.00 0.00 0.00 0
77048 0.00 0.00 0.00 0
77049 0.00 0.00 0.00 0
77050 0.00 0.00 0.00 0
77051 0.00 0.00 0.00 0
77052 0.00 0.00 0.00 0
77053 0.00 0.00 0.00 0
77054 0.00 0.00 0.00 0
77055 0.00 0.00 0.00 0
77056 0.00 0.00 0.00 0
77057 0.00 0.00 0.00 0
77058 0.00 0.00 0.00 0
77059 0.00 0.00 0.00 0
77060 0.00 0.00 0.00 0
77061 0.00 0.00 0.00 0
77062 0.00 0.00 0.00 0
77063 0.00 0.00 0.00 0
77064 0.00 0.00 0.00 0
77065 0.00 0.00 0.00 0
77066 0.00 0.00 0.00 0
77067 0.00 0.00 0.00 0
77068 0.00 0.00 0.00 0
77069 0.00 0.00 0.00 0
77070 0.00 0.00 0.00 0
77071 0.00 0.00 0.00 0
77072 0.00 0.00 0.00 0
77073 0.00 0.00 0.00 0
77074 0.00 0.00 0.00 0
77075 0.00 0.00 0.00 0
77076 0.00 0.00 0.00 0
77077 0.00 0.00 0.00 0
77078 0.00 0.00 0.00 0
77079 0.00 0.00 0.00 0
77080 0.00 0.00 0.00 0
77081 0.00 0.00 0.00 0
77082 0.00 0.00 0.00 0
77083 0.00 0.00 0.00 0
77084 0.00 0.00 0.00 0
77085 0.00 0.00 0.00 0
77086 0.00 0.00 0.00 0
77087 0.00 0.00 0.00 0
77093 0.00 0.00 0.00 0
77109 0.00 0.00 0.00 0
77110 0.00 0.00 0.00 0
77111 0.00 0.00 0.00 0
77112 0.00 0.00 0.00 0
77113 0.00 0.00 0.00 0
77114 0.00 0.00 0.00 0
77115 0.00 0.00 0.00 0
77116 0.00 0.00 0.00 0
77117 0.00 0.00 0.00 0
77118 0.00 0.00 0.00 0
77119 0.00 0.00 0.00 0
77120 0.00 0.00 0.00 0
77121 0.00 0.00 0.00 0
77122 0.00 0.00 0.00 0
77123 0.00 0.00 0.00 0
77124 0.00 0.00 0.00 0
77125 0.00 0.00 0.00 0
77126 0.00 0.00 0.00 0
77127 0.00 0.00 0.00 0
77128 0.00 0.00 0.00 0
77129 0.00 0.00 0.00 0
77130 0.00 0.00 0.00 0
77131 0.00 0.00 0.00 0
77132 0.00 0.00 0.00 0
77133 0.00 0.00 0.00 0
77134 0.00 0.00 0.00 0
77135 0.00 0.00 0.00 0
77136 0.00 0.00 0.00 0
77137 0.00 0.00 0.00 0
77138 0.00 0.00 0.00 0
77139 0.00 0.00 0.00 0
77140 0.00 0.00 0.00 0
77141 0.00 0.00 0.00 0
77142 0.00 0.00 0.00 0
77143 0.00 0.00 0.00 0
77144 0.00 0.00 0.00 0
77145 0.00 0.00 0.00 0
77146 0.00 0.00 0.00 0
77147 0.00 0.00 0.00 0
77148 0.00 0.00 0.00 0
77149 0.00 0.00 0.00 0
77150 0.00 0.00 0.00 0
77151 0.00 0.00 0.00 0
77152 0.00 0.00 0.00 0
77153 0.00 0.00 0.00 0
77154 0.00 0.00 0.00 0
77155 0.00 0.00 0.00 0
77156 0.00 0.00 0.00 0
77157 0.00 0.00 0.00 0
77158 0.00 0.00 0.00 0
77159 0.00 0.00 0.00 0
77160 0.00 0.00 0.00 0
77161 0.00 0.00 0.00 0
77162 0.00 0.00 0.00 0
77163 0.00 0.00 0.00 0
77164 0.00 0.00 0.00 0
77165 0.00 0.00 0.00 0
77166 0.00 0.00 0.00 0
77167 0.00 0.00 0.00 0
77266 0.00 0.00 0.00 0
77267 0.00 0.00 0.00 0
77268 0.00 0.00 0.00 0
77270 0.00 0.00 0.00 0
77333 0.00 0.00 0.00 0
77335 0.00 0.00 0.00 0
82578 0.00 0.00 0.00 0
82579 0.00 0.00 0.00 0
82580 0.00 0.00 0.00 0
82581 0.00 0.00 0.00 0
82582 0.00 0.00 0.00 0
82583 0.00 0.00 0.00 0
82584 0.00 0.00 0.00 0
82585 0.00 0.00 0.00 0
82586 0.00 0.00 0.00 0
82587 0.00 0.00 0.00 0
82588 0.00 0.00 0.00 0
82589 0.00 0.00 0.00 0
82590 0.00 0.00 0.00 0
82591 0.00 0.00 0.00 0
82592 0.00 0.00 0.00 0
82593 0.00 0.00 0.00 0
82594 0.00 0.00 0.00 0
82595 0.00 0.00 0.00 0
82596 0.00 0.00 0.00 0
82597 0.00 0.00 0.00 0
82598 0.00 0.00 0.00 0
82599 0.00 0.00 0.00 0
82600 0.00 0.00 0.00 0
82601 0.00 0.00 0.00 0
82602 0.00 0.00 0.00 0
82603 0.00 0.00 0.00 0
82604 0.00 0.00 0.00 0
82605 0.00 0.00 0.00 0
82606 0.00 0.00 0.00 0
82607 0.00 0.00 0.00 0
82608 0.00 0.00 0.00 0
82609 0.00 0.00 0.00 0
82610 0.00 0.00 0.00 0
82611 0.00 0.00 0.00 0
82612 0.00 0.00 0.00 0
82613 0.00 0.00 0.00 0
82614 0.00 0.00 0.00 0
82615 0.00 0.00 0.00 0
82616 0.00 0.00 0.00 0
82617 0.00 0.00 0.00 0
82618 0.00 0.00 0.00 0
82619 0.00 0.00 0.00 0
82620 0.00 0.00 0.00 0
82621 0.00 0.00 0.00 0
82622 0.00 0.00 0.00 0
82623 0.00 0.00 0.00 0
82624 0.00 0.00 0.00 0
82625 0.00 0.00 0.00 0
82626 0.00 0.00 0.00 0
82627 0.00 0.00 0.00 0
82628 0.00 0.00 0.00 0
82629 0.00 0.00 0.00 0
82630 0.00 0.00 0.00 0
82631 0.00 0.00 0.00 0
82632 0.00 0.00 0.00 0
82633 0.00 0.00 0.00 0
82634 0.00 0.00 0.00 0
82635 0.00 0.00 0.00 0
82636 0.00 0.00 0.00 0
82637 0.00 0.00 0.00 0
82708 0.00 0.00 0.00 0
82710 0.00 0.00 0.00 0
82774 0.00 0.00 0.00 0
82775 0.00 0.00 0.00 0
82776 0.00 0.00 0.00 0
82777 0.00 0.00 0.00 0
82778 0.00 0.00 0.00 0
82779 0.00 0.00 0.00 0
82780 0.00 0.00 0.00 0
82781 0.00 0.00 0.00 0
82782 0.00 0.00 0.00 0
82783 0.00 0.00 0.00 0
82784 0.00 0.00 0.00 0
82785 0.00 0.00 0.00 0
82789 0.00 0.00 0.00 0
82790 0.00 0.00 0.00 0
82791 0.00 0.00 0.00 0
82792 0.00 0.00 0.00 0
82793 0.00 0.00 0.00 0
82794 0.00 0.00 0.00 0
82795 0.00 0.00 0.00 0
82797 0.00 0.00 0.00 0
92587 0.00 0.00 0.00 0
92588 0.00 0.00 0.00 0
92589 0.00 0.00 0.00 0
92590 0.00 0.00 0.00 0
92591 0.00 0.00 0.00 0
92596 0.00 0.00 0.00 0
92597 0.00 0.00 0.00 0
92598 0.00 0.00 0.00 0
92599 0.00 0.00 0.00 0
92600 0.00 0.00 0.00 0
92606 0.00 0.00 0.00 0
92607 0.00 0.00 0.00 0
92608 0.00 0.00 0.00 0
92609 0.00 0.00 0.00 0
92610 0.00 0.00 0.00 0
92611 0.00 0.00 0.00 0
92612 0.00 0.00 0.00 0
92613 0.00 0.00 0.00 0
92957 0.00 0.00 0.00 0
92958 0.00 0.00 0.00 0
92959 0.00 0.00 0.00 0
92960 0.00 0.00 0.00 0
92961 0.00 0.00 0.00 0
92962 0.00 0.00 0.00 0
92963 0.00 0.00 0.00 0
92964 0.00 0.00 0.00 0
92965 0.00 0.00 0.00 0
93667 0.00 0.00 0.00 0
93668 0.00 0.00 0.00 0
93669 0.00 0.00 0.00 0
93670 0.00 0.00 0.00 0
93671 0.00 0.00 0.00 0
93686 0.00 0.00 0.00 0
93687 0.00 0.00 0.00 0
93688 0.00 0.00 0.00 0
93689 0.00 0.00 0.00 0
93690 0.00 0.00 0.00 0
93691 0.00 0.00 0.00 0
93692 0.00 0.00 0.00 0
93693 0.00 0.00 0.00 0
94086 0.00 0.00 0.00 0
94087 0.00 0.00 0.00 0
94088 0.00 0.00 0.00 0
94896 0.00 0.00 0.00 0
94897 0.00 0.00 0.00 0
94898 0.00 0.00 0.00 0
94899 0.00 0.00 0.00 0
94900 0.00 0.00 0.00 0
94901 0.00 0.00 0.00 0
94902 0.00 0.00 0.00 0
94903 0.00 0.00 0.00 0
94904 0.00 0.00 0.00 0
94905 0.00 0.00 0.00 0
94906 0.00 0.00 0.00 0
94907 0.00 0.00 0.00 0
94908 0.00 0.00 0.00 0
94909 0.00 0.00 0.00 0
94910 0.00 0.00 0.00 0
94911 0.00 0.00 0.00 0
94912 0.00 0.00 0.00 0
94913 0.00 0.00 0.00 0
94914 0.00 0.00 0.00 0
94915 0.00 0.00 0.00 0
94916 0.00 0.00 0.00 0
94917 0.00 0.00 0.00 0
94918 0.00 0.00 0.00 0
94919 0.00 0.00 0.00 0
94920 0.00 0.00 0.00 0
94921 0.00 0.00 0.00 0
94922 0.00 0.00 0.00 0
94940 0.00 0.00 0.00 0
94941 0.00 0.00 0.00 0
95995 0.00 0.00 0.00 0
95996 0.00 0.00 0.00 0
95997 0.00 0.00 0.00 0
96002 0.00 0.00 0.00 0
96003 0.00 0.00 0.00 0
96004 0.00 0.00 0.00 0
96005 0.00 0.00 0.00 0
96006 0.00 0.00 0.00 0
96007 0.00 0.00 0.00 0
96008 0.00 0.00 0.00 0
96009 0.00 0.00 0.00 0
96010 0.00 0.00 0.00 0
96011 0.00 0.00 0.00 0
96012 0.00 0.00 0.00 0
96013 0.00 0.00 0.00 0
96014 0.00 0.00 0.00 0
97987 0.00 0.00 0.00 0
97988 0.00 0.00 0.00 0
97989 0.00 0.00 0.00 0
98013 0.00 0.00 0.00 0
98406 0.00 0.00 0.00 0
99207 0.00 0.00 0.00 0
99208 0.00 0.00 0.00 0
99209 0.00 0.00 0.00 0
99210 0.00 0.00 0.00 0
99211 0.00 0.00 0.00 0
99212 0.00 0.00 0.00 0
99213 0.00 0.00 0.00 0
99214 0.00 0.00 0.00 0
99215 0.00 0.00 0.00 0
99221 0.00 0.00 0.00 0
99222 0.00 0.00 0.00 0
99223 0.00 0.00 0.00 0
99224 0.00 0.00 0.00 0
99225 0.00 0.00 0.00 0
99226 0.00 0.00 0.00 0
99227 0.00 0.00 0.00 0
99228 0.00 0.00 0.00 0
99229 0.00 0.00 0.00 0
99230 0.00 0.00 0.00 0
99231 0.00 0.00 0.00 0
99232 0.00 0.00 0.00 0
99233 0.00 0.00 0.00 0
99234 0.00 0.00 0.00 0
99235 0.00 0.00 0.00 0
99236 0.00 0.00 0.00 0
99237 0.00 0.00 0.00 0
99238 0.00 0.00 0.00 0
99239 0.00 0.00 0.00 0
99240 0.00 0.00 0.00 0
99241 0.00 0.00 0.00 0
99242 0.00 0.00 0.00 0
99257 0.00 0.00 0.00 0
99258 0.00 0.00 0.00 0
99259 0.00 0.00 0.00 0
99260 0.00 0.00 0.00 0
99261 0.00 0.00 0.00 0
99262 0.00 0.00 0.00 0
99263 0.00 0.00 0.00 0
99264 0.00 0.00 0.00 0
99265 0.00 0.00 0.00 0
99266 0.00 0.00 0.00 0
99267 0.00 0.00 0.00 0
99268 0.00 0.00 0.00 0
99269 0.00 0.00 0.00 0
99270 0.00 0.00 0.00 0
99271 0.00 0.00 0.00 0
99272 0.00 0.00 0.00 0
99273 0.00 0.00 0.00 0
99274 0.00 0.00 0.00 0
99275 0.00 0.00 0.00 0
99276 0.00 0.00 0.00 0
99277 0.00 0.00 0.00 0
99278 0.00 0.00 0.00 0
99279 0.00 0.00 0.00 0
100313 0.00 0.00 0.00 0
100314 0.00 0.00 0.00 0
100315 0.00 0.00 0.00 0
100316 0.00 0.00 0.00 0
100317 0.00 0.00 0.00 0
100318 0.00 0.00 0.00 0
100319 0.00 0.00 0.00 0
100320 0.00 0.00 0.00 0
100321 0.00 0.00 0.00 0
100322 0.00 0.00 0.00 0
100323 0.00 0.00 0.00 0
100324 0.00 0.00 0.00 0
100325 0.00 0.00 0.00 0
100326 0.00 0.00 0.00 0
100327 0.00 0.00 0.00 0
100328 0.00 0.00 0.00 0
100329 0.00 0.00 0.00 0
100330 0.00 0.00 0.00 0
100331 0.00 0.00 0.00 0
100332 0.00 0.00 0.00 0
100333 0.00 0.00 0.00 0
100334 0.00 0.00 0.00 0
100335 0.00 0.00 0.00 0
100336 0.00 0.00 0.00 0
102442 0.00 0.00 0.00 0
102443 0.00 0.00 0.00 0
102444 0.00 0.00 0.00 0
102445 0.00 0.00 0.00 0
102446 0.00 0.00 0.00 0
102447 0.00 0.00 0.00 0
102448 0.00 0.00 0.00 0
102449 0.00 0.00 0.00 0
102450 0.00 0.00 0.00 0
102451 0.00 0.00 0.00 0
102452 0.00 0.00 0.00 0
102453 0.00 0.00 0.00 0
102454 0.00 0.00 0.00 0
102455 0.00 0.00 0.00 0
102456 0.00 0.00 0.00 0
102457 0.00 0.00 0.00 0
102458 0.00 0.00 0.00 0
102459 0.00 0.00 0.00 0
102460 0.00 0.00 0.00 0
102502 0.00 0.00 0.00 0
102503 0.00 0.00 0.00 0
102504 0.00 0.00 0.00 0
102505 0.00 0.00 0.00 0
102506 0.00 0.00 0.00 0
102507 0.00 0.00 0.00 0
102508 0.00 0.00 0.00 0
102509 0.00 0.00 0.00 0
102510 0.00 0.00 0.00 0
102511 0.00 0.00 0.00 0
102512 0.00 0.00 0.00 0
102513 0.00 0.00 0.00 0
102514 0.00 0.00 0.00 0
102515 0.00 0.00 0.00 0
102516 0.00 0.00 0.00 0
102517 0.00 0.00 0.00 0
102518 0.00 0.00 0.00 0
102519 0.00 0.00 0.00 0
102520 0.00 0.00 0.00 0
102521 0.00 0.00 0.00 0
102522 0.00 0.00 0.00 0
103698 0.00 0.00 0.00 0
103699 0.00 0.00 0.00 0
103700 0.00 0.00 0.00 0
103701 0.00 0.00 0.00 0
103702 0.00 0.00 0.00 0
106128 0.00 0.00 0.00 0
106129 0.00 0.00 0.00 0
106130 0.00 0.00 0.00 0
106131 0.00 0.00 0.00 0
106132 0.00 0.00 0.00 0
106133 0.00 0.00 0.00 0
106134 0.00 0.00 0.00 0
106135 0.00 0.00 0.00 0
106136 0.00 0.00 0.00 0
106137 0.00 0.00 0.00 0
106138 0.00 0.00 0.00 0
106139 0.00 0.00 0.00 0
106140 0.00 0.00 0.00 0
106141 0.00 0.00 0.00 0
106142 0.00 0.00 0.00 0
106143 0.00 0.00 0.00 0
106144 0.00 0.00 0.00 0
106145 0.00 0.00 0.00 0
106146 0.00 0.00 0.00 0
106147 0.00 0.00 0.00 0
106148 0.00 0.00 0.00 0
106149 0.00 0.00 0.00 0
106150 0.00 0.00 0.00 0
106151 0.00 0.00 0.00 0
106152 0.00 0.00 0.00 0
106153 0.00 0.00 0.00 0
106154 0.00 0.00 0.00 0
106155 0.00 0.00 0.00 0
106156 0.00 0.00 0.00 0
106157 0.00 0.00 0.00 0
106160 0.00 0.00 0.00 0
106161 0.00 0.00 0.00 0
106162 0.00 0.00 0.00 0
106163 0.00 0.00 0.00 0
106167 0.00 0.00 0.00 0
106168 0.00 0.00 0.00 0
106169 0.00 0.00 0.00 0
106170 0.00 0.00 0.00 0
106171 0.00 0.00 0.00 0
106172 0.00 0.00 0.00 0
106173 0.00 0.00 0.00 0
106174 0.00 0.00 0.00 0
106175 0.00 0.00 0.00 0
106176 0.00 0.00 0.00 0
106177 0.00 0.00 0.00 0
106178 0.00 0.00 0.00 0
106179 0.00 0.00 0.00 0
106180 0.00 0.00 0.00 0
106181 0.00 0.00 0.00 0
106182 0.00 0.00 0.00 0
106183 0.00 0.00 0.00 0
106184 0.00 0.00 0.00 0
106185 0.00 0.00 0.00 0
106186 0.00 0.00 0.00 0
106187 0.00 0.00 0.00 0
106188 0.00 0.00 0.00 0
106189 0.00 0.00 0.00 0
106190 0.00 0.00 0.00 0
106191 0.00 0.00 0.00 0
106192 0.00 0.00 0.00 0
106193 0.00 0.00 0.00 0
106194 0.00 0.00 0.00 0
106195 0.00 0.00 0.00 0
106196 0.00 0.00 0.00 0
106197 0.00 0.00 0.00 0
106198 0.00 0.00 0.00 0
106199 0.00 0.00 0.00 0
106200 0.00 0.00 0.00 0
106201 0.00 0.00 0.00 0
106202 0.00 0.00 0.00 0
106203 0.00 0.00 0.00 0
106264 0.00 0.00 0.00 0
106265 0.00 0.00 0.00 0
106266 0.00 0.00 0.00 0
106267 0.00 0.00 0.00 0
106304 0.00 0.00 0.00 0
106305 0.00 0.00 0.00 0
109452 0.00 0.00 0.00 0
109453 0.00 0.00 0.00 0
109454 0.00 0.00 0.00 0
109455 0.00 0.00 0.00 0
109456 0.00 0.00 0.00 0
109457 0.00 0.00 0.00 0
109458 0.00 0.00 0.00 0
109459 0.00 0.00 0.00 0
109460 0.00 0.00 0.00 0
109461 0.00 0.00 0.00 0
109462 0.00 0.00 0.00 0
109463 0.00 0.00 0.00 0
109464 0.00 0.00 0.00 0
109465 0.00 0.00 0.00 0
109466 0.00 0.00 0.00 0
109467 0.00 0.00 0.00 0
109468 0.00 0.00 0.00 0
109469 0.00 0.00 0.00 0
109470 0.00 0.00 0.00 0
109471 0.00 0.00 0.00 0
109472 0.00 0.00 0.00 0
109473 0.00 0.00 0.00 0
109474 0.00 0.00 0.00 0
109475 0.00 0.00 0.00 0
109476 0.00 0.00 0.00 0
109477 0.00 0.00 0.00 0
109478 0.00 0.00 0.00 0
109479 0.00 0.00 0.00 0
109480 0.00 0.00 0.00 0
109481 0.00 0.00 0.00 0
109482 0.00 0.00 0.00 0
109483 0.00 0.00 0.00 0
109484 0.00 0.00 0.00 0
109485 0.00 0.00 0.00 0
109486 0.00 0.00 0.00 0
109487 0.00 0.00 0.00 0
109530 0.00 0.00 0.00 0
109570 0.00 0.00 0.00 0
109571 0.00 0.00 0.00 0
109572 0.00 0.00 0.00 0
109573 0.00 0.00 0.00 0
109574 0.00 0.00 0.00 0
109575 0.00 0.00 0.00 0
109581 0.00 0.00 0.00 0
116197 0.00 0.00 0.00 0
116198 0.00 0.00 0.00 0
116199 0.00 0.00 0.00 0
116200 0.00 0.00 0.00 0
116201 0.00 0.00 0.00 0
116202 0.00 0.00 0.00 0
116203 0.00 0.00 0.00 0
116204 0.00 0.00 0.00 0
116205 0.00 0.00 0.00 0
116206 0.00 0.00 0.00 0
116207 0.00 0.00 0.00 0
116212 0.00 0.00 0.00 0
116214 0.00 0.00 0.00 0
116215 0.00 0.00 0.00 0
116216 0.00 0.00 0.00 0
116217 0.00 0.00 0.00 0
116218 0.00 0.00 0.00 0
116219 0.00 0.00 0.00 0
116220 0.00 0.00 0.00 0
116221 0.00 0.00 0.00 0
116222 0.00 0.00 0.00 0
116223 0.00 0.00 0.00 0
116224 0.00 0.00 0.00 0
116225 0.00 0.00 0.00 0
116226 0.00 0.00 0.00 0
116227 0.00 0.00 0.00 0
116228 0.00 0.00 0.00 0
116240 0.00 0.00 0.00 0
116241 0.00 0.00 0.00 0
116242 0.00 0.00 0.00 0
116243 0.00 0.00 0.00 0
116244 0.00 0.00 0.00 0
116245 0.00 0.00 0.00 0
116246 0.00 0.00 0.00 0
116247 0.00 0.00 0.00 0
116248 0.00 0.00 0.00 0
116249 0.00 0.00 0.00 0
116250 0.00 0.00 0.00 0
116251 0.00 0.00 0.00 0
116252 0.00 0.00 0.00 0
116253 0.00 0.00 0.00 0
116254 0.00 0.00 0.00 0
116255 0.00 0.00 0.00 0
116256 0.00 0.00 0.00 0
116257 0.00 0.00 0.00 0
116258 0.00 0.00 0.00 0
116259 0.00 0.00 0.00 0
117059 0.00 0.00 0.00 0
117060 0.00 0.00 0.00 0
117061 0.00 0.00 0.00 0
117062 0.00 0.00 0.00 0
117063 0.00 0.00 0.00 0
117064 0.00 0.00 0.00 0
117065 0.00 0.00 0.00 0
117066 0.00 0.00 0.00 0
117067 0.00 0.00 0.00 0
117068 0.00 0.00 0.00 0
117069 0.00 0.00 0.00 0
117070 0.00 0.00 0.00 0
117071 0.00 0.00 0.00 0
117072 0.00 0.00 0.00 0
117073 0.00 0.00 0.00 0
117074 0.00 0.00 0.00 0
117075 0.00 0.00 0.00 0
117076 0.00 0.00 0.00 0
117077 0.00 0.00 0.00 0
117078 0.00 0.00 0.00 0
117079 0.00 0.00 0.00 0
118717 0.00 0.00 0.00 0
118718 0.00 0.00 0.00 0
118719 0.00 0.00 0.00 0
118720 0.00 0.00 0.00 0
118721 0.00 0.00 0.00 0
118722 0.00 0.00 0.00 0
118723 0.00 0.00 0.00 0
118724 0.00 0.00 0.00 0
118725 0.00 0.00 0.00 0
118726 0.00 0.00 0.00 0
118727 0.00 0.00 0.00 0
118763 0.00 0.00 0.00 0
118764 0.00 0.00 0.00 0
118765 0.00 0.00 0.00 0
118766 0.00 0.00 0.00 0
118767 0.00 0.00 0.00 0
118768 0.00 0.00 0.00 0
118769 0.00 0.00 0.00 0
118770 0.00 0.00 0.00 0
118771 0.00 0.00 0.00 0
118772 0.00 0.00 0.00 0
118773 0.00 0.00 0.00 0
118774 0.00 0.00 0.00 0
118775 0.00 0.00 0.00 0
118776 0.00 0.00 0.00 0
118777 0.00 0.00 0.00 0
118778 0.00 0.00 0.00 0
118779 0.00 0.00 0.00 0
119694 0.00 0.00 0.00 0
119695 0.00 0.00 0.00 0
119696 0.00 0.00 0.00 0
119697 0.00 0.00 0.00 0
119699 0.00 0.00 0.00 0
121584 0.00 0.00 0.00 0
121585 0.00 0.00 0.00 0
121586 0.00 0.00 0.00 0
121587 0.00 0.00 0.00 0
121588 0.00 0.00 0.00 0
121589 0.00 0.00 0.00 0
121590 0.00 0.00 0.00 0
121591 0.00 0.00 0.00 0
121592 0.00 0.00 0.00 0
121593 0.00 0.00 0.00 0
121594 0.00 0.00 0.00 0
121595 0.00 0.00 0.00 0
121596 0.00 0.00 0.00 0
121597 0.00 0.00 0.00 0
121598 0.00 0.00 0.00 0
121599 0.00 0.00 0.00 0
121600 0.00 0.00 0.00 0
121601 0.00 0.00 0.00 0
121602 0.00 0.00 0.00 0
121603 0.00 0.00 0.00 0
121604 0.00 0.00 0.00 0
121605 0.00 0.00 0.00 0
121606 0.00 0.00 0.00 0
121607 0.00 0.00 0.00 0
121608 0.00 0.00 0.00 0
121609 0.00 0.00 0.00 0
121610 0.00 0.00 0.00 0
121611 0.00 0.00 0.00 0
121612 0.00 0.00 0.00 0
121613 0.00 0.00 0.00 0
121614 0.00 0.00 0.00 0
121615 0.00 0.00 0.00 0
121616 0.00 0.00 0.00 0
121617 0.00 0.00 0.00 0
121618 0.00 0.00 0.00 0
121619 0.00 0.00 0.00 0
121620 0.00 0.00 0.00 0
121621 0.00 0.00 0.00 0
121622 0.00 0.00 0.00 0
121623 0.00 0.00 0.00 0
121624 0.00 0.00 0.00 0
121625 0.00 0.00 0.00 0
121626 0.00 0.00 0.00 0
121627 0.00 0.00 0.00 0
121628 0.00 0.00 0.00 0
121629 0.00 0.00 0.00 0
121630 0.00 0.00 0.00 0
121631 0.00 0.00 0.00 0
121632 0.00 0.00 0.00 0
121633 0.00 0.00 0.00 0
121634 0.00 0.00 0.00 0
121635 0.00 0.00 0.00 0
121636 0.00 0.00 0.00 0
121637 0.00 0.00 0.00 0
121638 0.00 0.00 0.00 0
121639 0.00 0.00 0.00 0
121640 0.00 0.00 0.00 0
121641 0.00 0.00 0.00 0
121642 0.00 0.00 0.00 0
121643 0.00 0.00 0.00 0
121644 0.00 0.00 0.00 0
121645 0.00 0.00 0.00 0
121646 0.00 0.00 0.00 0
124168 0.00 0.00 0.00 0
124169 0.00 0.00 0.00 0
124170 0.00 0.00 0.00 0
124171 0.00 0.00 0.00 0
124172 0.00 0.00 0.00 0
124173 0.00 0.00 0.00 0
124174 0.00 0.00 0.00 0
124175 0.00 0.00 0.00 0
124176 0.00 0.00 0.00 0
124177 0.00 0.00 0.00 0
124178 0.00 0.00 0.00 0
124179 0.00 0.00 0.00 0
124180 0.00 0.00 0.00 0
124181 0.00 0.00 0.00 0
124182 0.00 0.00 0.00 0
124183 0.00 0.00 0.00 0
124184 0.00 0.00 0.00 0
124185 0.00 0.00 0.00 0
124186 0.00 0.00 0.00 0
124187 0.00 0.00 0.00 0
124188 0.00 0.00 0.00 0
124189 0.00 0.00 0.00 0
124190 0.00 0.00 0.00 0
124191 0.00 0.00 0.00 0
124192 0.00 0.00 0.00 0
124193 0.00 0.00 0.00 0
124194 0.00 0.00 0.00 0
124195 0.00 0.00 0.00 0
124196 0.00 0.00 0.00 0
128782 0.00 0.00 0.00 0
128783 0.00 0.00 0.00 0
128784 0.00 0.00 0.00 0
128785 0.00 0.00 0.00 0
128786 0.00 0.00 0.00 0
128787 0.00 0.00 0.00 0
128788 0.00 0.00 0.00 0
128789 0.00 0.00 0.00 0
128790 0.00 0.00 0.00 0
128791 0.00 0.00 0.00 0
128832 0.00 0.00 0.00 0
128833 0.00 0.00 0.00 0
128834 0.00 0.00 0.00 0
128835 0.00 0.00 0.00 0
128836 0.00 0.00 0.00 0
128837 0.00 0.00 0.00 0
128838 0.00 0.00 0.00 0
129666 0.00 0.00 0.00 0
129667 0.00 0.00 0.00 0
131358 0.00 0.00 0.00 0
131359 0.00 0.00 0.00 0
131361 0.00 0.00 0.00 0
131370 0.00 0.00 0.00 0
131371 0.00 0.00 0.00 0
131376 0.00 0.00 0.00 0
131377 0.00 0.00 0.00 0
131378 0.00 0.00 0.00 0
131379 0.00 0.00 0.00 0
131380 0.00 0.00 0.00 0
131381 0.00 0.00 0.00 0
131382 0.00 0.00 0.00 0
131383 0.00 0.00 0.00 0
131384 0.00 0.00 0.00 0
131385 0.00 0.00 0.00 0
131386 0.00 0.00 0.00 0
131389 0.00 0.00 0.00 0
131390 0.00 0.00 0.00 0
131391 0.00 0.00 0.00 0
131392 0.00 0.00 0.00 0
131393 0.00 0.00 0.00 0
131394 0.00 0.00 0.00 0
131395 0.00 0.00 0.00 0
131396 0.00 0.00 0.00 0
131397 0.00 0.00 0.00 0
131398 0.00 0.00 0.00 0
131399 0.00 0.00 0.00 0
131400 0.00 0.00 0.00 0
131401 0.00 0.00 0.00 0
131402 0.00 0.00 0.00 0
131403 0.00 0.00 0.00 0
131404 0.00 0.00 0.00 0
131405 0.00 0.00 0.00 0
131406 0.00 0.00 0.00 0
131407 0.00 0.00 0.00 0
131408 0.00 0.00 0.00 0
131409 0.00 0.00 0.00 0
131410 0.00 0.00 0.00 0
131411 0.00 0.00 0.00 0
131412 0.00 0.00 0.00 0
131413 0.00 0.00 0.00 0
131414 0.00 0.00 0.00 0
131415 0.00 0.00 0.00 0
131416 0.00 0.00 0.00 0
131417 0.00 0.00 0.00 0
131418 0.00 0.00 0.00 0
131419 0.00 0.00 0.00 0
131420 0.00 0.00 0.00 0
131421 0.00 0.00 0.00 0
131422 0.00 0.00 0.00 0
131423 0.00 0.00 0.00 0
131424 0.00 0.00 0.00 0
131425 0.00 0.00 0.00 0
131426 0.00 0.00 0.00 0
131427 0.00 0.00 0.00 0
131428 0.00 0.00 0.00 0
131429 0.00 0.00 0.00 0
131430 0.00 0.00 0.00 0
131431 0.00 0.00 0.00 0
131432 0.00 0.00 0.00 0
131462 0.00 0.00 0.00 0
131463 0.00 0.00 0.00 0
131464 0.00 0.00 0.00 0
131465 0.00 0.00 0.00 0
131466 0.00 0.00 0.00 0
131467 0.00 0.00 0.00 0
131468 0.00 0.00 0.00 0
131469 0.00 0.00 0.00 0
131470 0.00 0.00 0.00 0
131471 0.00 0.00 0.00 0
131473 0.00 0.00 0.00 0
131474 0.00 0.00 0.00 0
131475 0.00 0.00 0.00 0
131476 0.00 0.00 0.00 0
131477 0.00 0.00 0.00 0
131478 0.00 0.00 0.00 0
131479 0.00 0.00 0.00 0
131480 0.00 0.00 0.00 0
131485 0.00 0.00 0.00 0
131486 0.00 0.00 0.00 0
131492 0.00 0.00 0.00 0
131493 0.00 0.00 0.00 0
131494 0.00 0.00 0.00 0
131495 0.00 0.00 0.00 0
131496 0.00 0.00 0.00 0
131497 0.00 0.00 0.00 0
131498 0.00 0.00 0.00 0
131501 0.00 0.00 0.00 0
131502 0.00 0.00 0.00 0
131503 0.00 0.00 0.00 0
131504 0.00 0.00 0.00 0
131505 0.00 0.00 0.00 0
131506 0.00 0.00 0.00 0
133694 0.00 0.00 0.00 0
133695 0.00 0.00 0.00 0
133696 0.00 0.00 0.00 0
133697 0.00 0.00 0.00 0
133698 0.00 0.00 0.00 0
133699 0.00 0.00 0.00 0
133700 0.00 0.00 0.00 0
133701 0.00 0.00 0.00 0
133702 0.00 0.00 0.00 0
133703 0.00 0.00 0.00 0
133707 0.00 0.00 0.00 0
133708 0.00 0.00 0.00 0
133709 0.00 0.00 0.00 0
133710 0.00 0.00 0.00 0
133711 0.00 0.00 0.00 0
133712 0.00 0.00 0.00 0
133713 0.00 0.00 0.00 0
133714 0.00 0.00 0.00 0
133715 0.00 0.00 0.00 0
133716 0.00 0.00 0.00 0
133717 0.00 0.00 0.00 0
133718 0.00 0.00 0.00 0
133719 0.00 0.00 0.00 0
133720 0.00 0.00 0.00 0
133721 0.00 0.00 0.00 0
133722 0.00 0.00 0.00 0
133723 0.00 0.00 0.00 0
133724 0.00 0.00 0.00 0
133725 0.00 0.00 0.00 0
133726 0.00 0.00 0.00 0
133727 0.00 0.00 0.00 0
133728 0.00 0.00 0.00 0
133729 0.00 0.00 0.00 0
133730 0.00 0.00 0.00 0
133731 0.00 0.00 0.00 0
133732 0.00 0.00 0.00 0
133733 0.00 0.00 0.00 0
133734 0.00 0.00 0.00 0
133735 0.00 0.00 0.00 0
133736 0.00 0.00 0.00 0
133737 0.00 0.00 0.00 0
133738 0.00 0.00 0.00 0
133739 0.00 0.00 0.00 0
133740 0.00 0.00 0.00 0
133741 0.00 0.00 0.00 0
138172 0.00 0.00 0.00 0
138173 0.00 0.00 0.00 0
138174 0.00 0.00 0.00 0
138175 0.00 0.00 0.00 0
138176 0.00 0.00 0.00 0
138177 0.00 0.00 0.00 0
138178 0.00 0.00 0.00 0
138179 0.00 0.00 0.00 0
138180 0.00 0.00 0.00 0
138181 0.00 0.00 0.00 0
138182 0.00 0.00 0.00 0
138183 0.00 0.00 0.00 0
138184 0.00 0.00 0.00 0
138185 0.00 0.00 0.00 0
138186 0.00 0.00 0.00 0
138187 0.00 0.00 0.00 0
138188 0.00 0.00 0.00 0
138189 0.00 0.00 0.00 0
138190 0.00 0.00 0.00 0
138191 0.00 0.00 0.00 0
138192 0.00 0.00 0.00 0
138193 0.00 0.00 0.00 0
138194 0.00 0.00 0.00 0
138195 0.00 0.00 0.00 0
138196 0.00 0.00 0.00 0
138197 0.00 0.00 0.00 0
138198 0.00 0.00 0.00 0
138199 0.00 0.00 0.00 0
138200 0.00 0.00 0.00 0
138201 0.00 0.00 0.00 0
138202 0.00 0.00 0.00 0
138203 0.00 0.00 0.00 0
138204 0.00 0.00 0.00 0
138205 0.00 0.00 0.00 0
138206 0.00 0.00 0.00 0
138207 0.00 0.00 0.00 0
138208 0.00 0.00 0.00 0
138209 0.00 0.00 0.00 0
138211 0.00 0.00 0.00 0
138212 0.00 0.00 0.00 0
138214 0.00 0.00 0.00 0
138215 0.00 0.00 0.00 0
138216 0.00 0.00 0.00 0
138217 0.00 0.00 0.00 0
138218 0.00 0.00 0.00 0
138219 0.00 0.00 0.00 0
138220 0.00 0.00 0.00 0
138221 0.00 0.00 0.00 0
138222 0.00 0.00 0.00 0
138223 0.00 0.00 0.00 0
138224 0.00 0.00 0.00 0
138225 0.00 0.00 0.00 0
138226 0.00 0.00 0.00 0
138227 0.00 0.00 0.00 0
138228 0.00 0.00 0.00 0
138229 0.00 0.00 0.00 0
138281 0.00 0.00 0.00 0
138282 0.00 0.00 0.00 0
138283 0.00 0.00 0.00 0
138296 0.00 0.00 0.00 0
138305 0.00 0.00 0.00 0
138306 0.00 0.00 0.00 0
138307 0.00 0.00 0.00 0
138308 0.00 0.00 0.00 0
138309 0.00 0.00 0.00 0
138310 0.00 0.00 0.00 0
138311 0.00 0.00 0.00 0
138312 0.00 0.00 0.00 0
138313 0.00 0.00 0.00 0
138314 0.00 0.00 0.00 0
138315 0.00 0.00 0.00 0
138316 0.00 0.00 0.00 0
138317 0.00 0.00 0.00 0
138318 0.00 0.00 0.00 0
138319 0.00 0.00 0.00 0
138320 0.00 0.00 0.00 0
138321 0.00 0.00 0.00 0
138322 0.00 0.00 0.00 0
138323 0.00 0.00 0.00 0
138324 0.00 0.00 0.00 0
138325 0.00 0.00 0.00 0
138326 0.00 0.00 0.00 0
138327 0.00 0.00 0.00 0
138328 0.00 0.00 0.00 0
138329 0.00 0.00 0.00 0
138330 0.00 0.00 0.00 0
138331 0.00 0.00 0.00 0
138332 0.00 0.00 0.00 0
138333 0.00 0.00 0.00 0
138334 0.00 0.00 0.00 0
138335 0.00 0.00 0.00 0
138336 0.00 0.00 0.00 0
140475 0.00 0.00 0.00 0
140476 0.00 0.00 0.00 0
140478 0.00 0.00 0.00 0
140479 0.00 0.00 0.00 0
140480 0.00 0.00 0.00 0
140481 0.00 0.00 0.00 0
140482 0.00 0.00 0.00 0
140735 0.00 0.00 0.00 0
140741 0.00 0.00 0.00 0
140742 0.00 0.00 0.00 0
140743 0.00 0.00 0.00 0
145665 0.00 0.00 0.00 0
145666 0.00 0.00 0.00 0
145667 0.00 0.00 0.00 0
145668 0.00 0.00 0.00 0
145669 0.00 0.00 0.00 0
145670 0.00 0.00 0.00 0
145671 0.00 0.00 0.00 0
145672 0.00 0.00 0.00 0
145673 0.00 0.00 0.00 0
145674 0.00 0.00 0.00 0
145675 0.00 0.00 0.00 0
145676 0.00 0.00 0.00 0
145677 0.00 0.00 0.00 0
145678 0.00 0.00 0.00 0
145679 0.00 0.00 0.00 0
145680 0.00 0.00 0.00 0
145681 0.00 0.00 0.00 0
145682 0.00 0.00 0.00 0
145683 0.00 0.00 0.00 0
145684 0.00 0.00 0.00 0
145685 0.00 0.00 0.00 0
145686 0.00 0.00 0.00 0
145687 0.00 0.00 0.00 0
145688 0.00 0.00 0.00 0
145689 0.00 0.00 0.00 0
145692 0.00 0.00 0.00 0
145693 0.00 0.00 0.00 0
145694 0.00 0.00 0.00 0
145695 0.00 0.00 0.00 0
145696 0.00 0.00 0.00 0
145697 0.00 0.00 0.00 0
145698 0.00 0.00 0.00 0
145699 0.00 0.00 0.00 0
145700 0.00 0.00 0.00 0
145701 0.00 0.00 0.00 0
145702 0.00 0.00 0.00 0
145703 0.00 0.00 0.00 0
145704 0.00 0.00 0.00 0
145705 0.00 0.00 0.00 0
145706 0.00 0.00 0.00 0
145707 0.00 0.00 0.00 0
145708 0.00 0.00 0.00 0
145709 0.00 0.00 0.00 0
145710 0.00 0.00 0.00 0
145711 0.00 0.00 0.00 0
145712 0.00 0.00 0.00 0
145713 0.00 0.00 0.00 0
145714 0.00 0.00 0.00 0
145715 0.00 0.00 0.00 0
145716 0.00 0.00 0.00 0
145717 0.00 0.00 0.00 0
145728 0.00 0.00 0.00 0
145748 0.00 0.00 0.00 0
145749 0.00 0.00 0.00 0
145750 0.00 0.00 0.00 0
145751 0.00 0.00 0.00 0
145752 0.00 0.00 0.00 0
145753 0.00 0.00 0.00 0
145754 0.00 0.00 0.00 0
145755 0.00 0.00 0.00 0
145756 0.00 0.00 0.00 0
145757 0.00 0.00 0.00 0
145758 0.00 0.00 0.00 0
145759 0.00 0.00 0.00 0
145760 0.00 0.00 0.00 0
145761 0.00 0.00 0.00 0
145762 0.00 0.00 0.00 0
145763 0.00 0.00 0.00 0
145764 0.00 0.00 0.00 0
145765 0.00 0.00 0.00 0
145766 0.00 0.00 0.00 0
145767 0.00 0.00 0.00 0
145768 0.00 0.00 0.00 0
145769 0.00 0.00 0.00 0
145770 0.00 0.00 0.00 0
145771 0.00 0.00 0.00 0
145772 0.00 0.00 0.00 0
145773 0.00 0.00 0.00 0
145774 0.00 0.00 0.00 0
145775 0.00 0.00 0.00 0
145776 0.00 0.00 0.00 0
145777 0.00 0.00 0.00 0
145778 0.00 0.00 0.00 0
145779 0.00 0.00 0.00 0
145780 0.00 0.00 0.00 0
145781 0.00 0.00 0.00 0
145782 0.00 0.00 0.00 0
145783 0.00 0.00 0.00 0
145784 0.00 0.00 0.00 0
145785 0.00 0.00 0.00 0
145786 0.00 0.00 0.00 0
145787 0.00 0.00 0.00 0
145788 0.00 0.00 0.00 0
145789 0.00 0.00 0.00 0
145790 0.00 0.00 0.00 0
145791 0.00 0.00 0.00 0
145792 0.00 0.00 0.00 0
145793 0.00 0.00 0.00 0
145794 0.00 0.00 0.00 0
145795 0.00 0.00 0.00 0
145796 0.00 0.00 0.00 0
145797 0.00 0.00 0.00 0
145798 0.00 0.00 0.00 0
145799 0.00 0.00 0.00 0
145800 0.00 0.00 0.00 0
145801 0.00 0.00 0.00 0
145802 0.00 0.00 0.00 0
145803 0.00 0.00 0.00 0
145804 0.00 0.00 0.00 0
145805 0.00 0.00 0.00 0
145806 0.00 0.00 0.00 0
145807 0.00 0.00 0.00 0
145808 0.00 0.00 0.00 0
145809 0.00 0.00 0.00 0
145810 0.00 0.00 0.00 0
145811 0.00 0.00 0.00 0
145812 0.00 0.00 0.00 0
145813 0.00 0.00 0.00 0
145814 0.00 0.00 0.00 0
145815 0.00 0.00 0.00 0
145816 0.00 0.00 0.00 0
145937 0.00 0.00 0.00 0
145938 0.00 0.00 0.00 0
145939 0.00 0.00 0.00 0
145940 0.00 0.00 0.00 0
145941 0.00 0.00 0.00 0
145942 0.00 0.00 0.00 0
146020 0.00 0.00 0.00 0
146021 0.00 0.00 0.00 0
146022 0.00 0.00 0.00 0
146023 0.00 0.00 0.00 0
152337 0.00 0.00 0.00 0
152338 0.00 0.00 0.00 0
152339 0.00 0.00 0.00 0
152340 0.00 0.00 0.00 0
152341 0.00 0.00 0.00 0
152342 0.00 0.00 0.00 0
152343 0.00 0.00 0.00 0
152344 0.00 0.00 0.00 0
152345 0.00 0.00 0.00 0
152346 0.00 0.00 0.00 0
152347 0.00 0.00 0.00 0
152348 0.00 0.00 0.00 0
152349 0.00 0.00 0.00 0
152350 0.00 0.00 0.00 0
152351 0.00 0.00 0.00 0
152352 0.00 0.00 0.00 0
152353 0.00 0.00 0.00 0
152354 0.00 0.00 0.00 0
152355 0.00 0.00 0.00 0
152356 0.00 0.00 0.00 0
152357 0.00 0.00 0.00 0
152358 0.00 0.00 0.00 0
152359 0.00 0.00 0.00 0
152360 0.00 0.00 0.00 0
152361 0.00 0.00 0.00 0
152362 0.00 0.00 0.00 0
152363 0.00 0.00 0.00 0
152364 0.00 0.00 0.00 0
152365 0.00 0.00 0.00 0
152366 0.00 0.00 0.00 0
152367 0.00 0.00 0.00 0
152368 0.00 0.00 0.00 0
152369 0.00 0.00 0.00 0
152370 0.00 0.00 0.00 0
152371 0.00 0.00 0.00 0
152372 0.00 0.00 0.00 0
152373 0.00 0.00 0.00 0
152374 0.00 0.00 0.00 0
152375 0.00 0.00 0.00 0
152376 0.00 0.00 0.00 0
152377 0.00 0.00 0.00 0
152378 0.00 0.00 0.00 0
152379 0.00 0.00 0.00 0
152380 0.00 0.00 0.00 0
152381 0.00 0.00 0.00 0
152382 0.00 0.00 0.00 0
152383 0.00 0.00 0.00 0
152384 0.00 0.00 0.00 0
152385 0.00 0.00 0.00 0
152386 0.00 0.00 0.00 0
152387 0.00 0.00 0.00 0
152388 0.00 0.00 0.00 0
152389 0.00 0.00 0.00 0
152390 0.00 0.00 0.00 0
152391 0.00 0.00 0.00 0
152392 0.00 0.00 0.00 0
152393 0.00 0.00 0.00 0
152394 0.00 0.00 0.00 0
152395 0.00 0.00 0.00 0
152396 0.00 0.00 0.00 0
152397 0.00 0.00 0.00 0
152398 0.00 0.00 0.00 0
152399 0.00 0.00 0.00 0
152400 0.00 0.00 0.00 0
152401 0.00 0.00 0.00 0
152402 0.00 0.00 0.00 0
152403 0.00 0.00 0.00 0
152404 0.00 0.00 0.00 0
152405 0.00 0.00 0.00 0
152406 0.00 0.00 0.00 0
152407 0.00 0.00 0.00 0
152495 0.00 0.00 0.00 0
152496 0.00 0.00 0.00 0
152571 0.00 0.00 0.00 0
152573 0.00 0.00 0.00 0
152574 0.00 0.00 0.00 0
152575 0.00 0.00 0.00 0
152576 0.00 0.00 0.00 0
152577 0.00 0.00 0.00 0
152578 0.00 0.00 0.00 0
152579 0.00 0.00 0.00 0
152580 0.00 0.00 0.00 0
152581 0.00 0.00 0.00 0
152582 0.00 0.00 0.00 0
152583 0.00 0.00 0.00 0
152584 0.00 0.00 0.00 0
152585 0.00 0.00 0.00 0
152586 0.00 0.00 0.00 0
152588 0.00 0.00 0.00 0
152589 0.00 0.00 0.00 0
152590 0.00 0.00 0.00 0
152591 0.00 0.00 0.00 0
152592 0.00 0.00 0.00 0
152593 0.00 0.00 0.00 0
152594 0.00 0.00 0.00 0
152595 0.00 0.00 0.00 0
152596 0.00 0.00 0.00 0
152597 0.00 0.00 0.00 0
152598 0.00 0.00 0.00 0
152599 0.00 0.00 0.00 0
152600 0.00 0.00 0.00 0
152601 0.00 0.00 0.00 0
152602 0.00 0.00 0.00 0
