# S_front_sup
3100
51 0.00 0.00 0.00 0
96 0.00 0.00 0.00 0
219 0.00 0.00 0.00 0
241 0.00 0.00 0.00 0
242 0.00 0.00 0.00 0
366 0.00 0.00 0.00 0
379 0.00 0.00 0.00 0
462 0.00 0.00 0.00 0
493 0.00 0.00 0.00 0
494 0.00 0.00 0.00 0
496 0.00 0.00 0.00 0
699 0.00 0.00 0.00 0
721 0.00 0.00 0.00 0
722 0.00 0.00 0.00 0
871 0.00 0.00 0.00 0
1010 0.00 0.00 0.00 0
1012 0.00 0.00 0.00 0
1013 0.00 0.00 0.00 0
1014 0.00 0.00 0.00 0
1081 0.00 0.00 0.00 0
1082 0.00 0.00 0.00 0
1083 0.00 0.00 0.00 0
1084 0.00 0.00 0.00 0
1088 0.00 0.00 0.00 0
1089 0.00 0.00 0.00 0
1090 0.00 0.00 0.00 0
1544 0.00 0.00 0.00 0
1545 0.00 0.00 0.00 0
1585 0.00 0.00 0.00 0
1586 0.00 0.00 0.00 0
1587 0.00 0.00 0.00 0
1588 0.00 0.00 0.00 0
1589 0.00 0.00 0.00 0
1590 0.00 0.00 0.00 0
1843 0.00 0.00 0.00 0
1844 0.00 0.00 0.00 0
1845 0.00 0.00 0.00 0
1846 0.00 0.00 0.00 0
1849 0.00 0.00 0.00 0
2125 0.00 0.00 0.00 0
2126 0.00 0.00 0.00 0
2127 0.00 0.00 0.00 0
2128 0.00 0.00 0.00 0
2129 0.00 0.00 0.00 0
2134 0.00 0.00 0.00 0
2135 0.00 0.00 0.00 0
2136 0.00 0.00 0.00 0
2137 0.00 0.00 0.00 0
2619 0.00 0.00 0.00 0
2641 0.00 0.00 0.00 0
2642 0.00 0.00 0.00 0
2930 0.00 0.00 0.00 0
2931 0.00 0.00 0.00 0
2932 0.00 0.00 0.00 0
2933 0.00 0.00 0.00 0
2934 0.00 0.00 0.00 0
3001 0.00 0.00 0.00 0
3002 0.00 0.00 0.00 0
3003 0.00 0.00 0.00 0
3004 0.00 0.00 0.00 0
3008 0.00 0.00 0.00 0
3009 0.00 0.00 0.00 0
3010 0.00 0.00 0.00 0
3530 0.00 0.00 0.00 0
3532 0.00 0.00 0.00 0
3533 0.00 0.00 0.00 0
3534 0.00 0.00 0.00 0
3601 0.00 0.00 0.00 0
3602 0.00 0.00 0.00 0
3603 0.00 0.00 0.00 0
3604 0.00 0.00 0.00 0
3605 0.00 0.00 0.00 0
3606 0.00 0.00 0.00 0
3607 0.00 0.00 0.00 0
3977 0.00 0.00 0.00 0
3984 0.00 0.00 0.00 0
4051 0.00 0.00 0.00 0
4052 0.00 0.00 0.00 0
4054 0.00 0.00 0.00 0
4055 0.00 0.00 0.00 0
4056 0.00 0.00 0.00 0
4057 0.00 0.00 0.00 0
4475 0.00 0.00 0.00 0
4477 0.00 0.00 0.00 0
4479 0.00 0.00 0.00 0
4682 0.00 0.00 0.00 0
4683 0.00 0.00 0.00 0
4684 0.00 0.00 0.00 0
4685 0.00 0.00 0.00 0
4686 0.00 0.00 0.00 0
4687 0.00 0.00 0.00 0
4688 0.00 0.00 0.00 0
4689 0.00 0.00 0.00 0
4690 0.00 0.00 0.00 0
4691 0.00 0.00 0.00 0
4692 0.00 0.00 0.00 0
4693 0.00 0.00 0.00 0
4694 0.00 0.00 0.00 0
4703 0.00 0.00 0.00 0
4704 0.00 0.00 0.00 0
4705 0.00 0.00 0.00 0
4706 0.00 0.00 0.00 0
4707 0.00 0.00 0.00 0
4708 0.00 0.00 0.00 0
4709 0.00 0.00 0.00 0
4710 0.00 0.00 0.00 0
5864 0.00 0.00 0.00 0
5865 0.00 0.00 0.00 0
5905 0.00 0.00 0.00 0
5906 0.00 0.00 0.00 0
5907 0.00 0.00 0.00 0
5908 0.00 0.00 0.00 0
6135 0.00 0.00 0.00 0
6175 0.00 0.00 0.00 0
6424 0.00 0.00 0.00 0
6425 0.00 0.00 0.00 0
6426 0.00 0.00 0.00 0
6427 0.00 0.00 0.00 0
6428 0.00 0.00 0.00 0
6429 0.00 0.00 0.00 0
6430 0.00 0.00 0.00 0
6431 0.00 0.00 0.00 0
6432 0.00 0.00 0.00 0
6553 0.00 0.00 0.00 0
6554 0.00 0.00 0.00 0
6555 0.00 0.00 0.00 0
6556 0.00 0.00 0.00 0
6557 0.00 0.00 0.00 0
6558 0.00 0.00 0.00 0
6559 0.00 0.00 0.00 0
6560 0.00 0.00 0.00 0
6561 0.00 0.00 0.00 0
6566 0.00 0.00 0.00 0
6567 0.00 0.00 0.00 0
6568 0.00 0.00 0.00 0
6569 0.00 0.00 0.00 0
6570 0.00 0.00 0.00 0
7258 0.00 0.00 0.00 0
7440 0.00 0.00 0.00 0
7441 0.00 0.00 0.00 0
7442 0.00 0.00 0.00 0
7443 0.00 0.00 0.00 0
7537 0.00 0.00 0.00 0
7538 0.00 0.00 0.00 0
7539 0.00 0.00 0.00 0
7540 0.00 0.00 0.00 0
7541 0.00 0.00 0.00 0
7542 0.00 0.00 0.00 0
7543 0.00 0.00 0.00 0
7544 0.00 0.00 0.00 0
7545 0.00 0.00 0.00 0
7546 0.00 0.00 0.00 0
7547 0.00 0.00 0.00 0
7548 0.00 0.00 0.00 0
7549 0.00 0.00 0.00 0
8157 0.00 0.00 0.00 0
8158 0.00 0.00 0.00 0
8159 0.00 0.00 0.00 0
8160 0.00 0.00 0.00 0
8161 0.00 0.00 0.00 0
8162 0.00 0.00 0.00 0
8163 0.00 0.00 0.00 0
8164 0.00 0.00 0.00 0
8172 0.00 0.00 0.00 0
8173 0.00 0.00 0.00 0
8174 0.00 0.00 0.00 0
8175 0.00 0.00 0.00 0
8943 0.00 0.00 0.00 0
8944 0.00 0.00 0.00 0
8945 0.00 0.00 0.00 0
8946 0.00 0.00 0.00 0
8947 0.00 0.00 0.00 0
8948 0.00 0.00 0.00 0
8949 0.00 0.00 0.00 0
8950 0.00 0.00 0.00 0
8951 0.00 0.00 0.00 0
8952 0.00 0.00 0.00 0
8953 0.00 0.00 0.00 0
8954 0.00 0.00 0.00 0
8955 0.00 0.00 0.00 0
8956 0.00 0.00 0.00 0
8957 0.00 0.00 0.00 0
8968 0.00 0.00 0.00 0
8969 0.00 0.00 0.00 0
8970 0.00 0.00 0.00 0
8971 0.00 0.00 0.00 0
8972 0.00 0.00 0.00 0
8973 0.00 0.00 0.00 0
8974 0.00 0.00 0.00 0
8975 0.00 0.00 0.00 0
8977 0.00 0.00 0.00 0
8978 0.00 0.00 0.00 0
8979 0.00 0.00 0.00 0
8982 0.00 0.00 0.00 0
8983 0.00 0.00 0.00 0
10321 0.00 0.00 0.00 0
10610 0.00 0.00 0.00 0
10611 0.00 0.00 0.00 0
10612 0.00 0.00 0.00 0
10613 0.00 0.00 0.00 0
10614 0.00 0.00 0.00 0
10681 0.00 0.00 0.00 0
10682 0.00 0.00 0.00 0
10684 0.00 0.00 0.00 0
10688 0.00 0.00 0.00 0
10689 0.00 0.00 0.00 0
10690 0.00 0.00 0.00 0
11210 0.00 0.00 0.00 0
11211 0.00 0.00 0.00 0
11212 0.00 0.00 0.00 0
11213 0.00 0.00 0.00 0
11214 0.00 0.00 0.00 0
11281 0.00 0.00 0.00 0
11282 0.00 0.00 0.00 0
11283 0.00 0.00 0.00 0
11284 0.00 0.00 0.00 0
11285 0.00 0.00 0.00 0
11286 0.00 0.00 0.00 0
11287 0.00 0.00 0.00 0
11660 0.00 0.00 0.00 0
11663 0.00 0.00 0.00 0
11664 0.00 0.00 0.00 0
11731 0.00 0.00 0.00 0
11732 0.00 0.00 0.00 0
11734 0.00 0.00 0.00 0
11735 0.00 0.00 0.00 0
11736 0.00 0.00 0.00 0
11737 0.00 0.00 0.00 0
12155 0.00 0.00 0.00 0
12156 0.00 0.00 0.00 0
12157 0.00 0.00 0.00 0
12158 0.00 0.00 0.00 0
12159 0.00 0.00 0.00 0
12361 0.00 0.00 0.00 0
12362 0.00 0.00 0.00 0
12363 0.00 0.00 0.00 0
12364 0.00 0.00 0.00 0
12365 0.00 0.00 0.00 0
12366 0.00 0.00 0.00 0
12367 0.00 0.00 0.00 0
12368 0.00 0.00 0.00 0
12369 0.00 0.00 0.00 0
12370 0.00 0.00 0.00 0
12371 0.00 0.00 0.00 0
12372 0.00 0.00 0.00 0
12373 0.00 0.00 0.00 0
12374 0.00 0.00 0.00 0
12383 0.00 0.00 0.00 0
12384 0.00 0.00 0.00 0
12385 0.00 0.00 0.00 0
12386 0.00 0.00 0.00 0
12387 0.00 0.00 0.00 0
12388 0.00 0.00 0.00 0
12389 0.00 0.00 0.00 0
12390 0.00 0.00 0.00 0
13610 0.00 0.00 0.00 0
13611 0.00 0.00 0.00 0
13612 0.00 0.00 0.00 0
13613 0.00 0.00 0.00 0
13614 0.00 0.00 0.00 0
13681 0.00 0.00 0.00 0
13682 0.00 0.00 0.00 0
13683 0.00 0.00 0.00 0
13684 0.00 0.00 0.00 0
13685 0.00 0.00 0.00 0
13686 0.00 0.00 0.00 0
13687 0.00 0.00 0.00 0
14545 0.00 0.00 0.00 0
14546 0.00 0.00 0.00 0
14547 0.00 0.00 0.00 0
14548 0.00 0.00 0.00 0
14549 0.00 0.00 0.00 0
14550 0.00 0.00 0.00 0
14551 0.00 0.00 0.00 0
14552 0.00 0.00 0.00 0
14553 0.00 0.00 0.00 0
14554 0.00 0.00 0.00 0
14555 0.00 0.00 0.00 0
14556 0.00 0.00 0.00 0
14557 0.00 0.00 0.00 0
14558 0.00 0.00 0.00 0
14559 0.00 0.00 0.00 0
14761 0.00 0.00 0.00 0
14762 0.00 0.00 0.00 0
14763 0.00 0.00 0.00 0
14764 0.00 0.00 0.00 0
14765 0.00 0.00 0.00 0
14766 0.00 0.00 0.00 0
14767 0.00 0.00 0.00 0
14768 0.00 0.00 0.00 0
14769 0.00 0.00 0.00 0
14770 0.00 0.00 0.00 0
14771 0.00 0.00 0.00 0
14772 0.00 0.00 0.00 0
14773 0.00 0.00 0.00 0
14774 0.00 0.00 0.00 0
14783 0.00 0.00 0.00 0
14784 0.00 0.00 0.00 0
14785 0.00 0.00 0.00 0
14786 0.00 0.00 0.00 0
14787 0.00 0.00 0.00 0
14788 0.00 0.00 0.00 0
14789 0.00 0.00 0.00 0
14790 0.00 0.00 0.00 0
15964 0.00 0.00 0.00 0
15965 0.00 0.00 0.00 0
15966 0.00 0.00 0.00 0
15967 0.00 0.00 0.00 0
16348 0.00 0.00 0.00 0
16350 0.00 0.00 0.00 0
16352 0.00 0.00 0.00 0
16353 0.00 0.00 0.00 0
16354 0.00 0.00 0.00 0
16355 0.00 0.00 0.00 0
16356 0.00 0.00 0.00 0
16357 0.00 0.00 0.00 0
16358 0.00 0.00 0.00 0
16359 0.00 0.00 0.00 0
16561 0.00 0.00 0.00 0
16562 0.00 0.00 0.00 0
16563 0.00 0.00 0.00 0
16564 0.00 0.00 0.00 0
16565 0.00 0.00 0.00 0
16566 0.00 0.00 0.00 0
16567 0.00 0.00 0.00 0
16568 0.00 0.00 0.00 0
16569 0.00 0.00 0.00 0
16570 0.00 0.00 0.00 0
16571 0.00 0.00 0.00 0
16572 0.00 0.00 0.00 0
16573 0.00 0.00 0.00 0
16574 0.00 0.00 0.00 0
16575 0.00 0.00 0.00 0
16576 0.00 0.00 0.00 0
16577 0.00 0.00 0.00 0
16578 0.00 0.00 0.00 0
16579 0.00 0.00 0.00 0
16580 0.00 0.00 0.00 0
16581 0.00 0.00 0.00 0
16582 0.00 0.00 0.00 0
16583 0.00 0.00 0.00 0
16584 0.00 0.00 0.00 0
16585 0.00 0.00 0.00 0
17913 0.00 0.00 0.00 0
17914 0.00 0.00 0.00 0
17915 0.00 0.00 0.00 0
17916 0.00 0.00 0.00 0
17917 0.00 0.00 0.00 0
17918 0.00 0.00 0.00 0
17919 0.00 0.00 0.00 0
17920 0.00 0.00 0.00 0
17921 0.00 0.00 0.00 0
17922 0.00 0.00 0.00 0
17923 0.00 0.00 0.00 0
17924 0.00 0.00 0.00 0
17925 0.00 0.00 0.00 0
17926 0.00 0.00 0.00 0
17927 0.00 0.00 0.00 0
17928 0.00 0.00 0.00 0
17929 0.00 0.00 0.00 0
17930 0.00 0.00 0.00 0
17931 0.00 0.00 0.00 0
17932 0.00 0.00 0.00 0
17953 0.00 0.00 0.00 0
17954 0.00 0.00 0.00 0
17955 0.00 0.00 0.00 0
17956 0.00 0.00 0.00 0
17957 0.00 0.00 0.00 0
19158 0.00 0.00 0.00 0
19159 0.00 0.00 0.00 0
19180 0.00 0.00 0.00 0
19181 0.00 0.00 0.00 0
19803 0.00 0.00 0.00 0
19805 0.00 0.00 0.00 0
19807 0.00 0.00 0.00 0
19808 0.00 0.00 0.00 0
19809 0.00 0.00 0.00 0
19810 0.00 0.00 0.00 0
19811 0.00 0.00 0.00 0
19812 0.00 0.00 0.00 0
19813 0.00 0.00 0.00 0
19814 0.00 0.00 0.00 0
19815 0.00 0.00 0.00 0
19816 0.00 0.00 0.00 0
19817 0.00 0.00 0.00 0
19818 0.00 0.00 0.00 0
19819 0.00 0.00 0.00 0
19820 0.00 0.00 0.00 0
19821 0.00 0.00 0.00 0
19822 0.00 0.00 0.00 0
19823 0.00 0.00 0.00 0
19824 0.00 0.00 0.00 0
19825 0.00 0.00 0.00 0
19826 0.00 0.00 0.00 0
19827 0.00 0.00 0.00 0
19828 0.00 0.00 0.00 0
19829 0.00 0.00 0.00 0
19830 0.00 0.00 0.00 0
19831 0.00 0.00 0.00 0
19832 0.00 0.00 0.00 0
19833 0.00 0.00 0.00 0
19834 0.00 0.00 0.00 0
19835 0.00 0.00 0.00 0
19836 0.00 0.00 0.00 0
19837 0.00 0.00 0.00 0
19838 0.00 0.00 0.00 0
19839 0.00 0.00 0.00 0
19840 0.00 0.00 0.00 0
19841 0.00 0.00 0.00 0
19842 0.00 0.00 0.00 0
19868 0.00 0.00 0.00 0
19869 0.00 0.00 0.00 0
19870 0.00 0.00 0.00 0
19871 0.00 0.00 0.00 0
19872 0.00 0.00 0.00 0
19873 0.00 0.00 0.00 0
19874 0.00 0.00 0.00 0
19875 0.00 0.00 0.00 0
19876 0.00 0.00 0.00 0
19877 0.00 0.00 0.00 0
19878 0.00 0.00 0.00 0
19879 0.00 0.00 0.00 0
19880 0.00 0.00 0.00 0
19881 0.00 0.00 0.00 0
19882 0.00 0.00 0.00 0
19883 0.00 0.00 0.00 0
19884 0.00 0.00 0.00 0
19885 0.00 0.00 0.00 0
19886 0.00 0.00 0.00 0
19887 0.00 0.00 0.00 0
19888 0.00 0.00 0.00 0
19889 0.00 0.00 0.00 0
19891 0.00 0.00 0.00 0
19892 0.00 0.00 0.00 0
19893 0.00 0.00 0.00 0
19894 0.00 0.00 0.00 0
19895 0.00 0.00 0.00 0
19896 0.00 0.00 0.00 0
19897 0.00 0.00 0.00 0
19898 0.00 0.00 0.00 0
19905 0.00 0.00 0.00 0
19906 0.00 0.00 0.00 0
19907 0.00 0.00 0.00 0
19908 0.00 0.00 0.00 0
23145 0.00 0.00 0.00 0
23185 0.00 0.00 0.00 0
23186 0.00 0.00 0.00 0
23187 0.00 0.00 0.00 0
23188 0.00 0.00 0.00 0
23704 0.00 0.00 0.00 0
23705 0.00 0.00 0.00 0
23706 0.00 0.00 0.00 0
23707 0.00 0.00 0.00 0
23708 0.00 0.00 0.00 0
23709 0.00 0.00 0.00 0
23710 0.00 0.00 0.00 0
23711 0.00 0.00 0.00 0
23712 0.00 0.00 0.00 0
23833 0.00 0.00 0.00 0
23834 0.00 0.00 0.00 0
23835 0.00 0.00 0.00 0
23836 0.00 0.00 0.00 0
23837 0.00 0.00 0.00 0
23838 0.00 0.00 0.00 0
23839 0.00 0.00 0.00 0
23840 0.00 0.00 0.00 0
23846 0.00 0.00 0.00 0
23847 0.00 0.00 0.00 0
23848 0.00 0.00 0.00 0
23849 0.00 0.00 0.00 0
23850 0.00 0.00 0.00 0
24784 0.00 0.00 0.00 0
24786 0.00 0.00 0.00 0
24787 0.00 0.00 0.00 0
24788 0.00 0.00 0.00 0
24789 0.00 0.00 0.00 0
24790 0.00 0.00 0.00 0
24791 0.00 0.00 0.00 0
24792 0.00 0.00 0.00 0
24913 0.00 0.00 0.00 0
24914 0.00 0.00 0.00 0
24915 0.00 0.00 0.00 0
24916 0.00 0.00 0.00 0
24917 0.00 0.00 0.00 0
24918 0.00 0.00 0.00 0
24919 0.00 0.00 0.00 0
24920 0.00 0.00 0.00 0
24921 0.00 0.00 0.00 0
24922 0.00 0.00 0.00 0
24923 0.00 0.00 0.00 0
24924 0.00 0.00 0.00 0
24925 0.00 0.00 0.00 0
24926 0.00 0.00 0.00 0
24927 0.00 0.00 0.00 0
25724 0.00 0.00 0.00 0
25725 0.00 0.00 0.00 0
25726 0.00 0.00 0.00 0
25727 0.00 0.00 0.00 0
25728 0.00 0.00 0.00 0
25729 0.00 0.00 0.00 0
25730 0.00 0.00 0.00 0
25731 0.00 0.00 0.00 0
25732 0.00 0.00 0.00 0
25733 0.00 0.00 0.00 0
25734 0.00 0.00 0.00 0
25735 0.00 0.00 0.00 0
26485 0.00 0.00 0.00 0
26492 0.00 0.00 0.00 0
26859 0.00 0.00 0.00 0
26860 0.00 0.00 0.00 0
26861 0.00 0.00 0.00 0
26862 0.00 0.00 0.00 0
26863 0.00 0.00 0.00 0
26864 0.00 0.00 0.00 0
26865 0.00 0.00 0.00 0
26866 0.00 0.00 0.00 0
26867 0.00 0.00 0.00 0
26868 0.00 0.00 0.00 0
26869 0.00 0.00 0.00 0
26870 0.00 0.00 0.00 0
26871 0.00 0.00 0.00 0
26872 0.00 0.00 0.00 0
26873 0.00 0.00 0.00 0
26874 0.00 0.00 0.00 0
26875 0.00 0.00 0.00 0
26876 0.00 0.00 0.00 0
26877 0.00 0.00 0.00 0
26878 0.00 0.00 0.00 0
26879 0.00 0.00 0.00 0
26880 0.00 0.00 0.00 0
26881 0.00 0.00 0.00 0
26882 0.00 0.00 0.00 0
26897 0.00 0.00 0.00 0
26898 0.00 0.00 0.00 0
26899 0.00 0.00 0.00 0
26900 0.00 0.00 0.00 0
26901 0.00 0.00 0.00 0
26902 0.00 0.00 0.00 0
26903 0.00 0.00 0.00 0
26904 0.00 0.00 0.00 0
26905 0.00 0.00 0.00 0
26906 0.00 0.00 0.00 0
26907 0.00 0.00 0.00 0
26908 0.00 0.00 0.00 0
26909 0.00 0.00 0.00 0
26910 0.00 0.00 0.00 0
29041 0.00 0.00 0.00 0
29042 0.00 0.00 0.00 0
29043 0.00 0.00 0.00 0
29137 0.00 0.00 0.00 0
29138 0.00 0.00 0.00 0
29139 0.00 0.00 0.00 0
29140 0.00 0.00 0.00 0
29141 0.00 0.00 0.00 0
29142 0.00 0.00 0.00 0
29143 0.00 0.00 0.00 0
29144 0.00 0.00 0.00 0
29145 0.00 0.00 0.00 0
29146 0.00 0.00 0.00 0
29672 0.00 0.00 0.00 0
29673 0.00 0.00 0.00 0
29767 0.00 0.00 0.00 0
29768 0.00 0.00 0.00 0
29769 0.00 0.00 0.00 0
29770 0.00 0.00 0.00 0
30346 0.00 0.00 0.00 0
30348 0.00 0.00 0.00 0
30349 0.00 0.00 0.00 0
30351 0.00 0.00 0.00 0
30352 0.00 0.00 0.00 0
30353 0.00 0.00 0.00 0
30354 0.00 0.00 0.00 0
30358 0.00 0.00 0.00 0
30359 0.00 0.00 0.00 0
30360 0.00 0.00 0.00 0
30361 0.00 0.00 0.00 0
30362 0.00 0.00 0.00 0
30363 0.00 0.00 0.00 0
30364 0.00 0.00 0.00 0
30365 0.00 0.00 0.00 0
30366 0.00 0.00 0.00 0
30649 0.00 0.00 0.00 0
30650 0.00 0.00 0.00 0
30651 0.00 0.00 0.00 0
30652 0.00 0.00 0.00 0
30653 0.00 0.00 0.00 0
30654 0.00 0.00 0.00 0
30655 0.00 0.00 0.00 0
30656 0.00 0.00 0.00 0
30657 0.00 0.00 0.00 0
30658 0.00 0.00 0.00 0
30659 0.00 0.00 0.00 0
30660 0.00 0.00 0.00 0
30661 0.00 0.00 0.00 0
30662 0.00 0.00 0.00 0
30663 0.00 0.00 0.00 0
30664 0.00 0.00 0.00 0
30665 0.00 0.00 0.00 0
30666 0.00 0.00 0.00 0
30667 0.00 0.00 0.00 0
30668 0.00 0.00 0.00 0
30669 0.00 0.00 0.00 0
30680 0.00 0.00 0.00 0
30681 0.00 0.00 0.00 0
30682 0.00 0.00 0.00 0
30683 0.00 0.00 0.00 0
30684 0.00 0.00 0.00 0
30685 0.00 0.00 0.00 0
30686 0.00 0.00 0.00 0
30687 0.00 0.00 0.00 0
30688 0.00 0.00 0.00 0
30689 0.00 0.00 0.00 0
30690 0.00 0.00 0.00 0
32315 0.00 0.00 0.00 0
32317 0.00 0.00 0.00 0
32318 0.00 0.00 0.00 0
32319 0.00 0.00 0.00 0
32809 0.00 0.00 0.00 0
32810 0.00 0.00 0.00 0
32811 0.00 0.00 0.00 0
32812 0.00 0.00 0.00 0
32813 0.00 0.00 0.00 0
32814 0.00 0.00 0.00 0
32815 0.00 0.00 0.00 0
32816 0.00 0.00 0.00 0
32817 0.00 0.00 0.00 0
33073 0.00 0.00 0.00 0
33074 0.00 0.00 0.00 0
33075 0.00 0.00 0.00 0
33076 0.00 0.00 0.00 0
33077 0.00 0.00 0.00 0
33078 0.00 0.00 0.00 0
33079 0.00 0.00 0.00 0
33080 0.00 0.00 0.00 0
33081 0.00 0.00 0.00 0
33082 0.00 0.00 0.00 0
33083 0.00 0.00 0.00 0
33084 0.00 0.00 0.00 0
33085 0.00 0.00 0.00 0
33086 0.00 0.00 0.00 0
33087 0.00 0.00 0.00 0
33088 0.00 0.00 0.00 0
33089 0.00 0.00 0.00 0
33090 0.00 0.00 0.00 0
33091 0.00 0.00 0.00 0
33092 0.00 0.00 0.00 0
33093 0.00 0.00 0.00 0
33094 0.00 0.00 0.00 0
33095 0.00 0.00 0.00 0
33096 0.00 0.00 0.00 0
33097 0.00 0.00 0.00 0
33098 0.00 0.00 0.00 0
33099 0.00 0.00 0.00 0
33101 0.00 0.00 0.00 0
33102 0.00 0.00 0.00 0
33103 0.00 0.00 0.00 0
33104 0.00 0.00 0.00 0
33105 0.00 0.00 0.00 0
33106 0.00 0.00 0.00 0
33107 0.00 0.00 0.00 0
34776 0.00 0.00 0.00 0
34777 0.00 0.00 0.00 0
34778 0.00 0.00 0.00 0
34779 0.00 0.00 0.00 0
34780 0.00 0.00 0.00 0
34781 0.00 0.00 0.00 0
34782 0.00 0.00 0.00 0
34783 0.00 0.00 0.00 0
34784 0.00 0.00 0.00 0
34785 0.00 0.00 0.00 0
34786 0.00 0.00 0.00 0
34787 0.00 0.00 0.00 0
34788 0.00 0.00 0.00 0
34789 0.00 0.00 0.00 0
34790 0.00 0.00 0.00 0
34791 0.00 0.00 0.00 0
34792 0.00 0.00 0.00 0
34793 0.00 0.00 0.00 0
34794 0.00 0.00 0.00 0
34795 0.00 0.00 0.00 0
34796 0.00 0.00 0.00 0
34797 0.00 0.00 0.00 0
34798 0.00 0.00 0.00 0
34817 0.00 0.00 0.00 0
34818 0.00 0.00 0.00 0
34819 0.00 0.00 0.00 0
34822 0.00 0.00 0.00 0
34823 0.00 0.00 0.00 0
34824 0.00 0.00 0.00 0
34825 0.00 0.00 0.00 0
34826 0.00 0.00 0.00 0
34827 0.00 0.00 0.00 0
34828 0.00 0.00 0.00 0
34829 0.00 0.00 0.00 0
34830 0.00 0.00 0.00 0
34831 0.00 0.00 0.00 0
34832 0.00 0.00 0.00 0
36319 0.00 0.00 0.00 0
36325 0.00 0.00 0.00 0
37078 0.00 0.00 0.00 0
37079 0.00 0.00 0.00 0
37080 0.00 0.00 0.00 0
37081 0.00 0.00 0.00 0
37082 0.00 0.00 0.00 0
37083 0.00 0.00 0.00 0
37084 0.00 0.00 0.00 0
37085 0.00 0.00 0.00 0
37086 0.00 0.00 0.00 0
37087 0.00 0.00 0.00 0
37088 0.00 0.00 0.00 0
37089 0.00 0.00 0.00 0
37090 0.00 0.00 0.00 0
37091 0.00 0.00 0.00 0
37092 0.00 0.00 0.00 0
37096 0.00 0.00 0.00 0
37097 0.00 0.00 0.00 0
37098 0.00 0.00 0.00 0
37099 0.00 0.00 0.00 0
37100 0.00 0.00 0.00 0
37101 0.00 0.00 0.00 0
37102 0.00 0.00 0.00 0
37103 0.00 0.00 0.00 0
37104 0.00 0.00 0.00 0
37105 0.00 0.00 0.00 0
37106 0.00 0.00 0.00 0
37107 0.00 0.00 0.00 0
37108 0.00 0.00 0.00 0
37109 0.00 0.00 0.00 0
37110 0.00 0.00 0.00 0
37111 0.00 0.00 0.00 0
37112 0.00 0.00 0.00 0
37113 0.00 0.00 0.00 0
37114 0.00 0.00 0.00 0
37115 0.00 0.00 0.00 0
37116 0.00 0.00 0.00 0
37117 0.00 0.00 0.00 0
37118 0.00 0.00 0.00 0
37119 0.00 0.00 0.00 0
37120 0.00 0.00 0.00 0
37151 0.00 0.00 0.00 0
37152 0.00 0.00 0.00 0
37153 0.00 0.00 0.00 0
37154 0.00 0.00 0.00 0
37155 0.00 0.00 0.00 0
37156 0.00 0.00 0.00 0
37157 0.00 0.00 0.00 0
37158 0.00 0.00 0.00 0
37159 0.00 0.00 0.00 0
37160 0.00 0.00 0.00 0
37161 0.00 0.00 0.00 0
37162 0.00 0.00 0.00 0
37163 0.00 0.00 0.00 0
37164 0.00 0.00 0.00 0
37165 0.00 0.00 0.00 0
37166 0.00 0.00 0.00 0
37167 0.00 0.00 0.00 0
37168 0.00 0.00 0.00 0
37169 0.00 0.00 0.00 0
37170 0.00 0.00 0.00 0
37171 0.00 0.00 0.00 0
37172 0.00 0.00 0.00 0
37173 0.00 0.00 0.00 0
37174 0.00 0.00 0.00 0
37175 0.00 0.00 0.00 0
37177 0.00 0.00 0.00 0
37178 0.00 0.00 0.00 0
37179 0.00 0.00 0.00 0
37180 0.00 0.00 0.00 0
37181 0.00 0.00 0.00 0
37182 0.00 0.00 0.00 0
37183 0.00 0.00 0.00 0
37184 0.00 0.00 0.00 0
37185 0.00 0.00 0.00 0
37191 0.00 0.00 0.00 0
37192 0.00 0.00 0.00 0
37193 0.00 0.00 0.00 0
37194 0.00 0.00 0.00 0
37195 0.00 0.00 0.00 0
37196 0.00 0.00 0.00 0
37197 0.00 0.00 0.00 0
41330 0.00 0.00 0.00 0
41331 0.00 0.00 0.00 0
41332 0.00 0.00 0.00 0
41333 0.00 0.00 0.00 0
41334 0.00 0.00 0.00 0
41401 0.00 0.00 0.00 0
41402 0.00 0.00 0.00 0
41408 0.00 0.00 0.00 0
41409 0.00 0.00 0.00 0
41410 0.00 0.00 0.00 0
41930 0.00 0.00 0.00 0
41931 0.00 0.00 0.00 0
41932 0.00 0.00 0.00 0
41933 0.00 0.00 0.00 0
41934 0.00 0.00 0.00 0
42001 0.00 0.00 0.00 0
42002 0.00 0.00 0.00 0
42003 0.00 0.00 0.00 0
42004 0.00 0.00 0.00 0
42005 0.00 0.00 0.00 0
42006 0.00 0.00 0.00 0
42007 0.00 0.00 0.00 0
42380 0.00 0.00 0.00 0
42381 0.00 0.00 0.00 0
42382 0.00 0.00 0.00 0
42383 0.00 0.00 0.00 0
42384 0.00 0.00 0.00 0
42451 0.00 0.00 0.00 0
42452 0.00 0.00 0.00 0
42454 0.00 0.00 0.00 0
42455 0.00 0.00 0.00 0
42456 0.00 0.00 0.00 0
42875 0.00 0.00 0.00 0
42876 0.00 0.00 0.00 0
42877 0.00 0.00 0.00 0
42878 0.00 0.00 0.00 0
42879 0.00 0.00 0.00 0
43081 0.00 0.00 0.00 0
43082 0.00 0.00 0.00 0
43083 0.00 0.00 0.00 0
43084 0.00 0.00 0.00 0
43085 0.00 0.00 0.00 0
43086 0.00 0.00 0.00 0
43087 0.00 0.00 0.00 0
43088 0.00 0.00 0.00 0
43089 0.00 0.00 0.00 0
43090 0.00 0.00 0.00 0
43091 0.00 0.00 0.00 0
43092 0.00 0.00 0.00 0
43093 0.00 0.00 0.00 0
43094 0.00 0.00 0.00 0
43103 0.00 0.00 0.00 0
43104 0.00 0.00 0.00 0
43105 0.00 0.00 0.00 0
43106 0.00 0.00 0.00 0
43107 0.00 0.00 0.00 0
43108 0.00 0.00 0.00 0
43109 0.00 0.00 0.00 0
43110 0.00 0.00 0.00 0
44330 0.00 0.00 0.00 0
44331 0.00 0.00 0.00 0
44332 0.00 0.00 0.00 0
44333 0.00 0.00 0.00 0
44334 0.00 0.00 0.00 0
44401 0.00 0.00 0.00 0
44402 0.00 0.00 0.00 0
44403 0.00 0.00 0.00 0
44404 0.00 0.00 0.00 0
44405 0.00 0.00 0.00 0
44406 0.00 0.00 0.00 0
44407 0.00 0.00 0.00 0
45265 0.00 0.00 0.00 0
45266 0.00 0.00 0.00 0
45267 0.00 0.00 0.00 0
45268 0.00 0.00 0.00 0
45269 0.00 0.00 0.00 0
45270 0.00 0.00 0.00 0
45271 0.00 0.00 0.00 0
45272 0.00 0.00 0.00 0
45273 0.00 0.00 0.00 0
45274 0.00 0.00 0.00 0
45275 0.00 0.00 0.00 0
45276 0.00 0.00 0.00 0
45277 0.00 0.00 0.00 0
45278 0.00 0.00 0.00 0
45279 0.00 0.00 0.00 0
45481 0.00 0.00 0.00 0
45482 0.00 0.00 0.00 0
45483 0.00 0.00 0.00 0
45484 0.00 0.00 0.00 0
45485 0.00 0.00 0.00 0
45486 0.00 0.00 0.00 0
45487 0.00 0.00 0.00 0
45488 0.00 0.00 0.00 0
45489 0.00 0.00 0.00 0
45490 0.00 0.00 0.00 0
45491 0.00 0.00 0.00 0
45492 0.00 0.00 0.00 0
45493 0.00 0.00 0.00 0
45494 0.00 0.00 0.00 0
45503 0.00 0.00 0.00 0
45504 0.00 0.00 0.00 0
45505 0.00 0.00 0.00 0
45506 0.00 0.00 0.00 0
45507 0.00 0.00 0.00 0
45508 0.00 0.00 0.00 0
45509 0.00 0.00 0.00 0
45510 0.00 0.00 0.00 0
46684 0.00 0.00 0.00 0
46685 0.00 0.00 0.00 0
46686 0.00 0.00 0.00 0
46687 0.00 0.00 0.00 0
46689 0.00 0.00 0.00 0
47068 0.00 0.00 0.00 0
47069 0.00 0.00 0.00 0
47070 0.00 0.00 0.00 0
47071 0.00 0.00 0.00 0
47072 0.00 0.00 0.00 0
47073 0.00 0.00 0.00 0
47074 0.00 0.00 0.00 0
47075 0.00 0.00 0.00 0
47076 0.00 0.00 0.00 0
47077 0.00 0.00 0.00 0
47078 0.00 0.00 0.00 0
47079 0.00 0.00 0.00 0
47281 0.00 0.00 0.00 0
47282 0.00 0.00 0.00 0
47283 0.00 0.00 0.00 0
47284 0.00 0.00 0.00 0
47285 0.00 0.00 0.00 0
47286 0.00 0.00 0.00 0
47287 0.00 0.00 0.00 0
47288 0.00 0.00 0.00 0
47289 0.00 0.00 0.00 0
47290 0.00 0.00 0.00 0
47291 0.00 0.00 0.00 0
47292 0.00 0.00 0.00 0
47293 0.00 0.00 0.00 0
47294 0.00 0.00 0.00 0
47295 0.00 0.00 0.00 0
47296 0.00 0.00 0.00 0
47297 0.00 0.00 0.00 0
47298 0.00 0.00 0.00 0
47299 0.00 0.00 0.00 0
47300 0.00 0.00 0.00 0
47301 0.00 0.00 0.00 0
47302 0.00 0.00 0.00 0
47303 0.00 0.00 0.00 0
47304 0.00 0.00 0.00 0
47305 0.00 0.00 0.00 0
48633 0.00 0.00 0.00 0
48634 0.00 0.00 0.00 0
48635 0.00 0.00 0.00 0
48636 0.00 0.00 0.00 0
48637 0.00 0.00 0.00 0
48638 0.00 0.00 0.00 0
48639 0.00 0.00 0.00 0
48640 0.00 0.00 0.00 0
48641 0.00 0.00 0.00 0
48642 0.00 0.00 0.00 0
48643 0.00 0.00 0.00 0
48644 0.00 0.00 0.00 0
48645 0.00 0.00 0.00 0
48646 0.00 0.00 0.00 0
48647 0.00 0.00 0.00 0
48648 0.00 0.00 0.00 0
48649 0.00 0.00 0.00 0
48650 0.00 0.00 0.00 0
48651 0.00 0.00 0.00 0
48652 0.00 0.00 0.00 0
48672 0.00 0.00 0.00 0
48673 0.00 0.00 0.00 0
48674 0.00 0.00 0.00 0
48675 0.00 0.00 0.00 0
48676 0.00 0.00 0.00 0
48677 0.00 0.00 0.00 0
49878 0.00 0.00 0.00 0
49879 0.00 0.00 0.00 0
49900 0.00 0.00 0.00 0
49901 0.00 0.00 0.00 0
49902 0.00 0.00 0.00 0
50523 0.00 0.00 0.00 0
50524 0.00 0.00 0.00 0
50525 0.00 0.00 0.00 0
50526 0.00 0.00 0.00 0
50527 0.00 0.00 0.00 0
50528 0.00 0.00 0.00 0
50529 0.00 0.00 0.00 0
50530 0.00 0.00 0.00 0
50531 0.00 0.00 0.00 0
50532 0.00 0.00 0.00 0
50533 0.00 0.00 0.00 0
50534 0.00 0.00 0.00 0
50535 0.00 0.00 0.00 0
50536 0.00 0.00 0.00 0
50537 0.00 0.00 0.00 0
50538 0.00 0.00 0.00 0
50539 0.00 0.00 0.00 0
50540 0.00 0.00 0.00 0
50541 0.00 0.00 0.00 0
50542 0.00 0.00 0.00 0
50543 0.00 0.00 0.00 0
50544 0.00 0.00 0.00 0
50545 0.00 0.00 0.00 0
50546 0.00 0.00 0.00 0
50547 0.00 0.00 0.00 0
50548 0.00 0.00 0.00 0
50549 0.00 0.00 0.00 0
50550 0.00 0.00 0.00 0
50551 0.00 0.00 0.00 0
50552 0.00 0.00 0.00 0
50553 0.00 0.00 0.00 0
50554 0.00 0.00 0.00 0
50555 0.00 0.00 0.00 0
50556 0.00 0.00 0.00 0
50557 0.00 0.00 0.00 0
50558 0.00 0.00 0.00 0
50559 0.00 0.00 0.00 0
50560 0.00 0.00 0.00 0
50561 0.00 0.00 0.00 0
50562 0.00 0.00 0.00 0
50588 0.00 0.00 0.00 0
50589 0.00 0.00 0.00 0
50590 0.00 0.00 0.00 0
50591 0.00 0.00 0.00 0
50592 0.00 0.00 0.00 0
50593 0.00 0.00 0.00 0
50594 0.00 0.00 0.00 0
50595 0.00 0.00 0.00 0
50596 0.00 0.00 0.00 0
50597 0.00 0.00 0.00 0
50598 0.00 0.00 0.00 0
50599 0.00 0.00 0.00 0
50600 0.00 0.00 0.00 0
50601 0.00 0.00 0.00 0
50602 0.00 0.00 0.00 0
50603 0.00 0.00 0.00 0
50604 0.00 0.00 0.00 0
50605 0.00 0.00 0.00 0
50606 0.00 0.00 0.00 0
50607 0.00 0.00 0.00 0
50608 0.00 0.00 0.00 0
50609 0.00 0.00 0.00 0
50610 0.00 0.00 0.00 0
50611 0.00 0.00 0.00 0
50612 0.00 0.00 0.00 0
50613 0.00 0.00 0.00 0
50614 0.00 0.00 0.00 0
50615 0.00 0.00 0.00 0
50616 0.00 0.00 0.00 0
50617 0.00 0.00 0.00 0
50618 0.00 0.00 0.00 0
50627 0.00 0.00 0.00 0
53934 0.00 0.00 0.00 0
54001 0.00 0.00 0.00 0
54002 0.00 0.00 0.00 0
54003 0.00 0.00 0.00 0
54004 0.00 0.00 0.00 0
54005 0.00 0.00 0.00 0
54006 0.00 0.00 0.00 0
54007 0.00 0.00 0.00 0
54865 0.00 0.00 0.00 0
54866 0.00 0.00 0.00 0
54867 0.00 0.00 0.00 0
54868 0.00 0.00 0.00 0
54869 0.00 0.00 0.00 0
54870 0.00 0.00 0.00 0
54871 0.00 0.00 0.00 0
54872 0.00 0.00 0.00 0
54873 0.00 0.00 0.00 0
54874 0.00 0.00 0.00 0
54875 0.00 0.00 0.00 0
54876 0.00 0.00 0.00 0
54877 0.00 0.00 0.00 0
54878 0.00 0.00 0.00 0
54879 0.00 0.00 0.00 0
55081 0.00 0.00 0.00 0
55082 0.00 0.00 0.00 0
55083 0.00 0.00 0.00 0
55084 0.00 0.00 0.00 0
55085 0.00 0.00 0.00 0
55086 0.00 0.00 0.00 0
55087 0.00 0.00 0.00 0
55088 0.00 0.00 0.00 0
55089 0.00 0.00 0.00 0
55090 0.00 0.00 0.00 0
55092 0.00 0.00 0.00 0
55094 0.00 0.00 0.00 0
55103 0.00 0.00 0.00 0
55104 0.00 0.00 0.00 0
55105 0.00 0.00 0.00 0
55106 0.00 0.00 0.00 0
55107 0.00 0.00 0.00 0
55108 0.00 0.00 0.00 0
55109 0.00 0.00 0.00 0
55110 0.00 0.00 0.00 0
56665 0.00 0.00 0.00 0
56666 0.00 0.00 0.00 0
56667 0.00 0.00 0.00 0
56668 0.00 0.00 0.00 0
56669 0.00 0.00 0.00 0
56670 0.00 0.00 0.00 0
56671 0.00 0.00 0.00 0
56672 0.00 0.00 0.00 0
56673 0.00 0.00 0.00 0
56674 0.00 0.00 0.00 0
56675 0.00 0.00 0.00 0
56676 0.00 0.00 0.00 0
56677 0.00 0.00 0.00 0
56678 0.00 0.00 0.00 0
56679 0.00 0.00 0.00 0
56881 0.00 0.00 0.00 0
56882 0.00 0.00 0.00 0
56883 0.00 0.00 0.00 0
56884 0.00 0.00 0.00 0
56885 0.00 0.00 0.00 0
56886 0.00 0.00 0.00 0
56887 0.00 0.00 0.00 0
56888 0.00 0.00 0.00 0
56889 0.00 0.00 0.00 0
56890 0.00 0.00 0.00 0
56891 0.00 0.00 0.00 0
56892 0.00 0.00 0.00 0
56893 0.00 0.00 0.00 0
56894 0.00 0.00 0.00 0
56895 0.00 0.00 0.00 0
56896 0.00 0.00 0.00 0
56897 0.00 0.00 0.00 0
56898 0.00 0.00 0.00 0
56899 0.00 0.00 0.00 0
56900 0.00 0.00 0.00 0
56901 0.00 0.00 0.00 0
56902 0.00 0.00 0.00 0
58005 0.00 0.00 0.00 0
58024 0.00 0.00 0.00 0
58025 0.00 0.00 0.00 0
58026 0.00 0.00 0.00 0
58232 0.00 0.00 0.00 0
58233 0.00 0.00 0.00 0
58234 0.00 0.00 0.00 0
58235 0.00 0.00 0.00 0
58236 0.00 0.00 0.00 0
58237 0.00 0.00 0.00 0
58238 0.00 0.00 0.00 0
58239 0.00 0.00 0.00 0
58240 0.00 0.00 0.00 0
58241 0.00 0.00 0.00 0
58242 0.00 0.00 0.00 0
58243 0.00 0.00 0.00 0
58244 0.00 0.00 0.00 0
58245 0.00 0.00 0.00 0
58246 0.00 0.00 0.00 0
58247 0.00 0.00 0.00 0
58248 0.00 0.00 0.00 0
58249 0.00 0.00 0.00 0
58250 0.00 0.00 0.00 0
58251 0.00 0.00 0.00 0
58252 0.00 0.00 0.00 0
59500 0.00 0.00 0.00 0
59501 0.00 0.00 0.00 0
59502 0.00 0.00 0.00 0
59503 0.00 0.00 0.00 0
59510 0.00 0.00 0.00 0
59511 0.00 0.00 0.00 0
59512 0.00 0.00 0.00 0
60123 0.00 0.00 0.00 0
60125 0.00 0.00 0.00 0
60126 0.00 0.00 0.00 0
60127 0.00 0.00 0.00 0
60128 0.00 0.00 0.00 0
60129 0.00 0.00 0.00 0
60130 0.00 0.00 0.00 0
60131 0.00 0.00 0.00 0
60132 0.00 0.00 0.00 0
60133 0.00 0.00 0.00 0
60134 0.00 0.00 0.00 0
60135 0.00 0.00 0.00 0
60136 0.00 0.00 0.00 0
60137 0.00 0.00 0.00 0
60138 0.00 0.00 0.00 0
60139 0.00 0.00 0.00 0
60140 0.00 0.00 0.00 0
60141 0.00 0.00 0.00 0
60142 0.00 0.00 0.00 0
60143 0.00 0.00 0.00 0
60144 0.00 0.00 0.00 0
60145 0.00 0.00 0.00 0
60146 0.00 0.00 0.00 0
60147 0.00 0.00 0.00 0
60148 0.00 0.00 0.00 0
60149 0.00 0.00 0.00 0
60150 0.00 0.00 0.00 0
60151 0.00 0.00 0.00 0
60152 0.00 0.00 0.00 0
60153 0.00 0.00 0.00 0
60154 0.00 0.00 0.00 0
60155 0.00 0.00 0.00 0
60156 0.00 0.00 0.00 0
60157 0.00 0.00 0.00 0
60158 0.00 0.00 0.00 0
60159 0.00 0.00 0.00 0
60160 0.00 0.00 0.00 0
60161 0.00 0.00 0.00 0
60162 0.00 0.00 0.00 0
60163 0.00 0.00 0.00 0
60164 0.00 0.00 0.00 0
60188 0.00 0.00 0.00 0
60189 0.00 0.00 0.00 0
60190 0.00 0.00 0.00 0
60191 0.00 0.00 0.00 0
60192 0.00 0.00 0.00 0
60193 0.00 0.00 0.00 0
60194 0.00 0.00 0.00 0
60195 0.00 0.00 0.00 0
60196 0.00 0.00 0.00 0
60197 0.00 0.00 0.00 0
60198 0.00 0.00 0.00 0
60199 0.00 0.00 0.00 0
60200 0.00 0.00 0.00 0
60201 0.00 0.00 0.00 0
60202 0.00 0.00 0.00 0
60203 0.00 0.00 0.00 0
60204 0.00 0.00 0.00 0
60205 0.00 0.00 0.00 0
60206 0.00 0.00 0.00 0
60207 0.00 0.00 0.00 0
60208 0.00 0.00 0.00 0
60209 0.00 0.00 0.00 0
60210 0.00 0.00 0.00 0
63868 0.00 0.00 0.00 0
63873 0.00 0.00 0.00 0
63874 0.00 0.00 0.00 0
63875 0.00 0.00 0.00 0
63876 0.00 0.00 0.00 0
63877 0.00 0.00 0.00 0
63878 0.00 0.00 0.00 0
63879 0.00 0.00 0.00 0
64081 0.00 0.00 0.00 0
64082 0.00 0.00 0.00 0
64083 0.00 0.00 0.00 0
64084 0.00 0.00 0.00 0
64085 0.00 0.00 0.00 0
64086 0.00 0.00 0.00 0
64087 0.00 0.00 0.00 0
64088 0.00 0.00 0.00 0
64089 0.00 0.00 0.00 0
64090 0.00 0.00 0.00 0
64091 0.00 0.00 0.00 0
64092 0.00 0.00 0.00 0
64093 0.00 0.00 0.00 0
64094 0.00 0.00 0.00 0
64095 0.00 0.00 0.00 0
64096 0.00 0.00 0.00 0
64097 0.00 0.00 0.00 0
64098 0.00 0.00 0.00 0
64099 0.00 0.00 0.00 0
64100 0.00 0.00 0.00 0
64101 0.00 0.00 0.00 0
64102 0.00 0.00 0.00 0
65227 0.00 0.00 0.00 0
65228 0.00 0.00 0.00 0
65229 0.00 0.00 0.00 0
65431 0.00 0.00 0.00 0
65432 0.00 0.00 0.00 0
65436 0.00 0.00 0.00 0
66670 0.00 0.00 0.00 0
66671 0.00 0.00 0.00 0
66672 0.00 0.00 0.00 0
66673 0.00 0.00 0.00 0
66674 0.00 0.00 0.00 0
66675 0.00 0.00 0.00 0
66678 0.00 0.00 0.00 0
66679 0.00 0.00 0.00 0
66680 0.00 0.00 0.00 0
66681 0.00 0.00 0.00 0
66682 0.00 0.00 0.00 0
66683 0.00 0.00 0.00 0
66684 0.00 0.00 0.00 0
66685 0.00 0.00 0.00 0
66686 0.00 0.00 0.00 0
66687 0.00 0.00 0.00 0
66688 0.00 0.00 0.00 0
66689 0.00 0.00 0.00 0
66695 0.00 0.00 0.00 0
66696 0.00 0.00 0.00 0
66697 0.00 0.00 0.00 0
66698 0.00 0.00 0.00 0
66699 0.00 0.00 0.00 0
66700 0.00 0.00 0.00 0
66701 0.00 0.00 0.00 0
66702 0.00 0.00 0.00 0
66703 0.00 0.00 0.00 0
66704 0.00 0.00 0.00 0
66705 0.00 0.00 0.00 0
66706 0.00 0.00 0.00 0
66707 0.00 0.00 0.00 0
66708 0.00 0.00 0.00 0
66709 0.00 0.00 0.00 0
66710 0.00 0.00 0.00 0
66711 0.00 0.00 0.00 0
66712 0.00 0.00 0.00 0
66713 0.00 0.00 0.00 0
66714 0.00 0.00 0.00 0
67321 0.00 0.00 0.00 0
67322 0.00 0.00 0.00 0
67323 0.00 0.00 0.00 0
67324 0.00 0.00 0.00 0
67325 0.00 0.00 0.00 0
67326 0.00 0.00 0.00 0
67327 0.00 0.00 0.00 0
67328 0.00 0.00 0.00 0
67329 0.00 0.00 0.00 0
67330 0.00 0.00 0.00 0
67331 0.00 0.00 0.00 0
67332 0.00 0.00 0.00 0
67333 0.00 0.00 0.00 0
67334 0.00 0.00 0.00 0
67335 0.00 0.00 0.00 0
67336 0.00 0.00 0.00 0
67337 0.00 0.00 0.00 0
67338 0.00 0.00 0.00 0
67339 0.00 0.00 0.00 0
67340 0.00 0.00 0.00 0
67341 0.00 0.00 0.00 0
67342 0.00 0.00 0.00 0
67343 0.00 0.00 0.00 0
67344 0.00 0.00 0.00 0
67345 0.00 0.00 0.00 0
67346 0.00 0.00 0.00 0
67347 0.00 0.00 0.00 0
67348 0.00 0.00 0.00 0
67349 0.00 0.00 0.00 0
67350 0.00 0.00 0.00 0
67351 0.00 0.00 0.00 0
67352 0.00 0.00 0.00 0
67353 0.00 0.00 0.00 0
67354 0.00 0.00 0.00 0
67355 0.00 0.00 0.00 0
67356 0.00 0.00 0.00 0
67357 0.00 0.00 0.00 0
67358 0.00 0.00 0.00 0
67359 0.00 0.00 0.00 0
67360 0.00 0.00 0.00 0
67361 0.00 0.00 0.00 0
67362 0.00 0.00 0.00 0
67363 0.00 0.00 0.00 0
67364 0.00 0.00 0.00 0
67388 0.00 0.00 0.00 0
67389 0.00 0.00 0.00 0
67390 0.00 0.00 0.00 0
67391 0.00 0.00 0.00 0
67392 0.00 0.00 0.00 0
67393 0.00 0.00 0.00 0
67394 0.00 0.00 0.00 0
67395 0.00 0.00 0.00 0
67396 0.00 0.00 0.00 0
67397 0.00 0.00 0.00 0
67398 0.00 0.00 0.00 0
67399 0.00 0.00 0.00 0
67400 0.00 0.00 0.00 0
67401 0.00 0.00 0.00 0
67402 0.00 0.00 0.00 0
67403 0.00 0.00 0.00 0
67404 0.00 0.00 0.00 0
67405 0.00 0.00 0.00 0
67406 0.00 0.00 0.00 0
67407 0.00 0.00 0.00 0
67408 0.00 0.00 0.00 0
67409 0.00 0.00 0.00 0
67410 0.00 0.00 0.00 0
70931 0.00 0.00 0.00 0
70932 0.00 0.00 0.00 0
70933 0.00 0.00 0.00 0
70934 0.00 0.00 0.00 0
70935 0.00 0.00 0.00 0
70936 0.00 0.00 0.00 0
70937 0.00 0.00 0.00 0
70938 0.00 0.00 0.00 0
70939 0.00 0.00 0.00 0
72088 0.00 0.00 0.00 0
72093 0.00 0.00 0.00 0
72094 0.00 0.00 0.00 0
72095 0.00 0.00 0.00 0
72096 0.00 0.00 0.00 0
72097 0.00 0.00 0.00 0
72098 0.00 0.00 0.00 0
72099 0.00 0.00 0.00 0
72100 0.00 0.00 0.00 0
72101 0.00 0.00 0.00 0
72102 0.00 0.00 0.00 0
72103 0.00 0.00 0.00 0
72104 0.00 0.00 0.00 0
72105 0.00 0.00 0.00 0
72106 0.00 0.00 0.00 0
72107 0.00 0.00 0.00 0
72108 0.00 0.00 0.00 0
72109 0.00 0.00 0.00 0
72110 0.00 0.00 0.00 0
72111 0.00 0.00 0.00 0
72112 0.00 0.00 0.00 0
72113 0.00 0.00 0.00 0
72114 0.00 0.00 0.00 0
72721 0.00 0.00 0.00 0
72722 0.00 0.00 0.00 0
72723 0.00 0.00 0.00 0
72724 0.00 0.00 0.00 0
72725 0.00 0.00 0.00 0
72726 0.00 0.00 0.00 0
72727 0.00 0.00 0.00 0
72728 0.00 0.00 0.00 0
72729 0.00 0.00 0.00 0
72730 0.00 0.00 0.00 0
72731 0.00 0.00 0.00 0
72732 0.00 0.00 0.00 0
72733 0.00 0.00 0.00 0
72734 0.00 0.00 0.00 0
72735 0.00 0.00 0.00 0
72736 0.00 0.00 0.00 0
72737 0.00 0.00 0.00 0
72738 0.00 0.00 0.00 0
72739 0.00 0.00 0.00 0
72740 0.00 0.00 0.00 0
72741 0.00 0.00 0.00 0
72742 0.00 0.00 0.00 0
72743 0.00 0.00 0.00 0
72744 0.00 0.00 0.00 0
72745 0.00 0.00 0.00 0
72746 0.00 0.00 0.00 0
72747 0.00 0.00 0.00 0
72748 0.00 0.00 0.00 0
72749 0.00 0.00 0.00 0
72750 0.00 0.00 0.00 0
72751 0.00 0.00 0.00 0
72752 0.00 0.00 0.00 0
72753 0.00 0.00 0.00 0
72754 0.00 0.00 0.00 0
72755 0.00 0.00 0.00 0
72756 0.00 0.00 0.00 0
72757 0.00 0.00 0.00 0
72758 0.00 0.00 0.00 0
72759 0.00 0.00 0.00 0
72760 0.00 0.00 0.00 0
72761 0.00 0.00 0.00 0
72762 0.00 0.00 0.00 0
72763 0.00 0.00 0.00 0
72764 0.00 0.00 0.00 0
72765 0.00 0.00 0.00 0
72766 0.00 0.00 0.00 0
72767 0.00 0.00 0.00 0
72768 0.00 0.00 0.00 0
72769 0.00 0.00 0.00 0
72770 0.00 0.00 0.00 0
72771 0.00 0.00 0.00 0
72772 0.00 0.00 0.00 0
72773 0.00 0.00 0.00 0
72774 0.00 0.00 0.00 0
72775 0.00 0.00 0.00 0
72776 0.00 0.00 0.00 0
72777 0.00 0.00 0.00 0
72778 0.00 0.00 0.00 0
72779 0.00 0.00 0.00 0
72780 0.00 0.00 0.00 0
72781 0.00 0.00 0.00 0
72782 0.00 0.00 0.00 0
72783 0.00 0.00 0.00 0
72784 0.00 0.00 0.00 0
72785 0.00 0.00 0.00 0
72786 0.00 0.00 0.00 0
72787 0.00 0.00 0.00 0
72788 0.00 0.00 0.00 0
72789 0.00 0.00 0.00 0
72790 0.00 0.00 0.00 0
72791 0.00 0.00 0.00 0
72792 0.00 0.00 0.00 0
72793 0.00 0.00 0.00 0
72794 0.00 0.00 0.00 0
72795 0.00 0.00 0.00 0
72796 0.00 0.00 0.00 0
72797 0.00 0.00 0.00 0
72798 0.00 0.00 0.00 0
76778 0.00 0.00 0.00 0
76780 0.00 0.00 0.00 0
76781 0.00 0.00 0.00 0
76782 0.00 0.00 0.00 0
76783 0.00 0.00 0.00 0
76784 0.00 0.00 0.00 0
76785 0.00 0.00 0.00 0
76786 0.00 0.00 0.00 0
76787 0.00 0.00 0.00 0
76788 0.00 0.00 0.00 0
76789 0.00 0.00 0.00 0
76790 0.00 0.00 0.00 0
76791 0.00 0.00 0.00 0
76792 0.00 0.00 0.00 0
76793 0.00 0.00 0.00 0
76794 0.00 0.00 0.00 0
76795 0.00 0.00 0.00 0
76796 0.00 0.00 0.00 0
76797 0.00 0.00 0.00 0
76798 0.00 0.00 0.00 0
76799 0.00 0.00 0.00 0
76800 0.00 0.00 0.00 0
76801 0.00 0.00 0.00 0
76802 0.00 0.00 0.00 0
76803 0.00 0.00 0.00 0
76804 0.00 0.00 0.00 0
76805 0.00 0.00 0.00 0
76806 0.00 0.00 0.00 0
76807 0.00 0.00 0.00 0
76808 0.00 0.00 0.00 0
76809 0.00 0.00 0.00 0
76810 0.00 0.00 0.00 0
76811 0.00 0.00 0.00 0
76812 0.00 0.00 0.00 0
76813 0.00 0.00 0.00 0
76814 0.00 0.00 0.00 0
76815 0.00 0.00 0.00 0
76816 0.00 0.00 0.00 0
76817 0.00 0.00 0.00 0
76818 0.00 0.00 0.00 0
76819 0.00 0.00 0.00 0
76820 0.00 0.00 0.00 0
76821 0.00 0.00 0.00 0
76822 0.00 0.00 0.00 0
76823 0.00 0.00 0.00 0
76824 0.00 0.00 0.00 0
76825 0.00 0.00 0.00 0
76826 0.00 0.00 0.00 0
76827 0.00 0.00 0.00 0
76828 0.00 0.00 0.00 0
76829 0.00 0.00 0.00 0
76830 0.00 0.00 0.00 0
76831 0.00 0.00 0.00 0
76832 0.00 0.00 0.00 0
76833 0.00 0.00 0.00 0
76834 0.00 0.00 0.00 0
76835 0.00 0.00 0.00 0
76836 0.00 0.00 0.00 0
76837 0.00 0.00 0.00 0
76887 0.00 0.00 0.00 0
76889 0.00 0.00 0.00 0
76894 0.00 0.00 0.00 0
76896 0.00 0.00 0.00 0
76897 0.00 0.00 0.00 0
76898 0.00 0.00 0.00 0
76899 0.00 0.00 0.00 0
76900 0.00 0.00 0.00 0
76901 0.00 0.00 0.00 0
76902 0.00 0.00 0.00 0
76903 0.00 0.00 0.00 0
76904 0.00 0.00 0.00 0
76905 0.00 0.00 0.00 0
76906 0.00 0.00 0.00 0
76907 0.00 0.00 0.00 0
76908 0.00 0.00 0.00 0
76909 0.00 0.00 0.00 0
76910 0.00 0.00 0.00 0
76911 0.00 0.00 0.00 0
76912 0.00 0.00 0.00 0
76914 0.00 0.00 0.00 0
76916 0.00 0.00 0.00 0
76917 0.00 0.00 0.00 0
76918 0.00 0.00 0.00 0
76919 0.00 0.00 0.00 0
76920 0.00 0.00 0.00 0
76921 0.00 0.00 0.00 0
76922 0.00 0.00 0.00 0
80508 0.00 0.00 0.00 0
80510 0.00 0.00 0.00 0
80575 0.00 0.00 0.00 0
80576 0.00 0.00 0.00 0
80577 0.00 0.00 0.00 0
80591 0.00 0.00 0.00 0
80592 0.00 0.00 0.00 0
82462 0.00 0.00 0.00 0
82463 0.00 0.00 0.00 0
82464 0.00 0.00 0.00 0
82465 0.00 0.00 0.00 0
82466 0.00 0.00 0.00 0
82467 0.00 0.00 0.00 0
82468 0.00 0.00 0.00 0
82469 0.00 0.00 0.00 0
82470 0.00 0.00 0.00 0
82471 0.00 0.00 0.00 0
82472 0.00 0.00 0.00 0
82473 0.00 0.00 0.00 0
82474 0.00 0.00 0.00 0
82475 0.00 0.00 0.00 0
82476 0.00 0.00 0.00 0
82477 0.00 0.00 0.00 0
82478 0.00 0.00 0.00 0
82479 0.00 0.00 0.00 0
82480 0.00 0.00 0.00 0
82481 0.00 0.00 0.00 0
82482 0.00 0.00 0.00 0
82483 0.00 0.00 0.00 0
82484 0.00 0.00 0.00 0
82485 0.00 0.00 0.00 0
82486 0.00 0.00 0.00 0
82487 0.00 0.00 0.00 0
82488 0.00 0.00 0.00 0
82489 0.00 0.00 0.00 0
82490 0.00 0.00 0.00 0
82491 0.00 0.00 0.00 0
82492 0.00 0.00 0.00 0
82493 0.00 0.00 0.00 0
82494 0.00 0.00 0.00 0
82495 0.00 0.00 0.00 0
82496 0.00 0.00 0.00 0
82497 0.00 0.00 0.00 0
82498 0.00 0.00 0.00 0
82499 0.00 0.00 0.00 0
82500 0.00 0.00 0.00 0
82501 0.00 0.00 0.00 0
82502 0.00 0.00 0.00 0
82503 0.00 0.00 0.00 0
82508 0.00 0.00 0.00 0
82509 0.00 0.00 0.00 0
82510 0.00 0.00 0.00 0
82511 0.00 0.00 0.00 0
82512 0.00 0.00 0.00 0
82513 0.00 0.00 0.00 0
82514 0.00 0.00 0.00 0
82515 0.00 0.00 0.00 0
82516 0.00 0.00 0.00 0
82517 0.00 0.00 0.00 0
82518 0.00 0.00 0.00 0
82519 0.00 0.00 0.00 0
82520 0.00 0.00 0.00 0
82521 0.00 0.00 0.00 0
82522 0.00 0.00 0.00 0
82523 0.00 0.00 0.00 0
82524 0.00 0.00 0.00 0
82525 0.00 0.00 0.00 0
82526 0.00 0.00 0.00 0
82527 0.00 0.00 0.00 0
82528 0.00 0.00 0.00 0
82529 0.00 0.00 0.00 0
82530 0.00 0.00 0.00 0
82531 0.00 0.00 0.00 0
82532 0.00 0.00 0.00 0
82533 0.00 0.00 0.00 0
82534 0.00 0.00 0.00 0
82535 0.00 0.00 0.00 0
82536 0.00 0.00 0.00 0
82537 0.00 0.00 0.00 0
82538 0.00 0.00 0.00 0
82539 0.00 0.00 0.00 0
82540 0.00 0.00 0.00 0
82541 0.00 0.00 0.00 0
82542 0.00 0.00 0.00 0
82543 0.00 0.00 0.00 0
82544 0.00 0.00 0.00 0
82545 0.00 0.00 0.00 0
82546 0.00 0.00 0.00 0
82547 0.00 0.00 0.00 0
82548 0.00 0.00 0.00 0
82549 0.00 0.00 0.00 0
82550 0.00 0.00 0.00 0
82551 0.00 0.00 0.00 0
82552 0.00 0.00 0.00 0
82553 0.00 0.00 0.00 0
82554 0.00 0.00 0.00 0
82555 0.00 0.00 0.00 0
82556 0.00 0.00 0.00 0
82557 0.00 0.00 0.00 0
82558 0.00 0.00 0.00 0
82559 0.00 0.00 0.00 0
82560 0.00 0.00 0.00 0
82561 0.00 0.00 0.00 0
82562 0.00 0.00 0.00 0
82563 0.00 0.00 0.00 0
82564 0.00 0.00 0.00 0
82565 0.00 0.00 0.00 0
82566 0.00 0.00 0.00 0
82567 0.00 0.00 0.00 0
82568 0.00 0.00 0.00 0
82569 0.00 0.00 0.00 0
82570 0.00 0.00 0.00 0
82646 0.00 0.00 0.00 0
82647 0.00 0.00 0.00 0
82648 0.00 0.00 0.00 0
82649 0.00 0.00 0.00 0
82650 0.00 0.00 0.00 0
82651 0.00 0.00 0.00 0
82652 0.00 0.00 0.00 0
82653 0.00 0.00 0.00 0
82654 0.00 0.00 0.00 0
82655 0.00 0.00 0.00 0
82656 0.00 0.00 0.00 0
82657 0.00 0.00 0.00 0
82658 0.00 0.00 0.00 0
82659 0.00 0.00 0.00 0
82660 0.00 0.00 0.00 0
82661 0.00 0.00 0.00 0
82662 0.00 0.00 0.00 0
82663 0.00 0.00 0.00 0
82664 0.00 0.00 0.00 0
82665 0.00 0.00 0.00 0
82666 0.00 0.00 0.00 0
82667 0.00 0.00 0.00 0
82668 0.00 0.00 0.00 0
82669 0.00 0.00 0.00 0
82670 0.00 0.00 0.00 0
82671 0.00 0.00 0.00 0
82672 0.00 0.00 0.00 0
82673 0.00 0.00 0.00 0
82674 0.00 0.00 0.00 0
82675 0.00 0.00 0.00 0
82676 0.00 0.00 0.00 0
82677 0.00 0.00 0.00 0
82678 0.00 0.00 0.00 0
82679 0.00 0.00 0.00 0
82680 0.00 0.00 0.00 0
82681 0.00 0.00 0.00 0
82682 0.00 0.00 0.00 0
82683 0.00 0.00 0.00 0
82684 0.00 0.00 0.00 0
82685 0.00 0.00 0.00 0
82686 0.00 0.00 0.00 0
82687 0.00 0.00 0.00 0
82688 0.00 0.00 0.00 0
82689 0.00 0.00 0.00 0
82690 0.00 0.00 0.00 0
82691 0.00 0.00 0.00 0
82692 0.00 0.00 0.00 0
82693 0.00 0.00 0.00 0
82694 0.00 0.00 0.00 0
82695 0.00 0.00 0.00 0
82696 0.00 0.00 0.00 0
82697 0.00 0.00 0.00 0
82698 0.00 0.00 0.00 0
82699 0.00 0.00 0.00 0
82700 0.00 0.00 0.00 0
82701 0.00 0.00 0.00 0
82702 0.00 0.00 0.00 0
82703 0.00 0.00 0.00 0
82704 0.00 0.00 0.00 0
82705 0.00 0.00 0.00 0
82707 0.00 0.00 0.00 0
82711 0.00 0.00 0.00 0
82712 0.00 0.00 0.00 0
82713 0.00 0.00 0.00 0
82714 0.00 0.00 0.00 0
82715 0.00 0.00 0.00 0
82716 0.00 0.00 0.00 0
82717 0.00 0.00 0.00 0
82718 0.00 0.00 0.00 0
82720 0.00 0.00 0.00 0
82721 0.00 0.00 0.00 0
82722 0.00 0.00 0.00 0
82723 0.00 0.00 0.00 0
82724 0.00 0.00 0.00 0
82725 0.00 0.00 0.00 0
82726 0.00 0.00 0.00 0
82727 0.00 0.00 0.00 0
82728 0.00 0.00 0.00 0
82729 0.00 0.00 0.00 0
82730 0.00 0.00 0.00 0
82731 0.00 0.00 0.00 0
82732 0.00 0.00 0.00 0
82733 0.00 0.00 0.00 0
82749 0.00 0.00 0.00 0
82750 0.00 0.00 0.00 0
82751 0.00 0.00 0.00 0
82752 0.00 0.00 0.00 0
82753 0.00 0.00 0.00 0
82754 0.00 0.00 0.00 0
82755 0.00 0.00 0.00 0
82756 0.00 0.00 0.00 0
82757 0.00 0.00 0.00 0
82758 0.00 0.00 0.00 0
82759 0.00 0.00 0.00 0
82760 0.00 0.00 0.00 0
82761 0.00 0.00 0.00 0
82762 0.00 0.00 0.00 0
82763 0.00 0.00 0.00 0
92305 0.00 0.00 0.00 0
92307 0.00 0.00 0.00 0
92308 0.00 0.00 0.00 0
92824 0.00 0.00 0.00 0
92825 0.00 0.00 0.00 0
92826 0.00 0.00 0.00 0
92827 0.00 0.00 0.00 0
92828 0.00 0.00 0.00 0
92829 0.00 0.00 0.00 0
92830 0.00 0.00 0.00 0
92831 0.00 0.00 0.00 0
92832 0.00 0.00 0.00 0
92953 0.00 0.00 0.00 0
92954 0.00 0.00 0.00 0
92955 0.00 0.00 0.00 0
92956 0.00 0.00 0.00 0
92957 0.00 0.00 0.00 0
92958 0.00 0.00 0.00 0
92959 0.00 0.00 0.00 0
92966 0.00 0.00 0.00 0
92967 0.00 0.00 0.00 0
92968 0.00 0.00 0.00 0
92969 0.00 0.00 0.00 0
92970 0.00 0.00 0.00 0
93904 0.00 0.00 0.00 0
93905 0.00 0.00 0.00 0
93906 0.00 0.00 0.00 0
93907 0.00 0.00 0.00 0
93908 0.00 0.00 0.00 0
93909 0.00 0.00 0.00 0
93910 0.00 0.00 0.00 0
93911 0.00 0.00 0.00 0
93912 0.00 0.00 0.00 0
94033 0.00 0.00 0.00 0
94034 0.00 0.00 0.00 0
94035 0.00 0.00 0.00 0
94036 0.00 0.00 0.00 0
94037 0.00 0.00 0.00 0
94038 0.00 0.00 0.00 0
94039 0.00 0.00 0.00 0
94040 0.00 0.00 0.00 0
94041 0.00 0.00 0.00 0
94042 0.00 0.00 0.00 0
94043 0.00 0.00 0.00 0
94044 0.00 0.00 0.00 0
94045 0.00 0.00 0.00 0
94719 0.00 0.00 0.00 0
94720 0.00 0.00 0.00 0
94721 0.00 0.00 0.00 0
94722 0.00 0.00 0.00 0
94843 0.00 0.00 0.00 0
94844 0.00 0.00 0.00 0
94845 0.00 0.00 0.00 0
94846 0.00 0.00 0.00 0
94848 0.00 0.00 0.00 0
94849 0.00 0.00 0.00 0
94850 0.00 0.00 0.00 0
94851 0.00 0.00 0.00 0
94852 0.00 0.00 0.00 0
94853 0.00 0.00 0.00 0
94854 0.00 0.00 0.00 0
94855 0.00 0.00 0.00 0
95605 0.00 0.00 0.00 0
95606 0.00 0.00 0.00 0
95607 0.00 0.00 0.00 0
95608 0.00 0.00 0.00 0
95609 0.00 0.00 0.00 0
95610 0.00 0.00 0.00 0
95611 0.00 0.00 0.00 0
95612 0.00 0.00 0.00 0
95613 0.00 0.00 0.00 0
95978 0.00 0.00 0.00 0
95979 0.00 0.00 0.00 0
95980 0.00 0.00 0.00 0
95981 0.00 0.00 0.00 0
95982 0.00 0.00 0.00 0
95983 0.00 0.00 0.00 0
95984 0.00 0.00 0.00 0
95985 0.00 0.00 0.00 0
95986 0.00 0.00 0.00 0
95987 0.00 0.00 0.00 0
95988 0.00 0.00 0.00 0
95989 0.00 0.00 0.00 0
95990 0.00 0.00 0.00 0
95991 0.00 0.00 0.00 0
95992 0.00 0.00 0.00 0
95993 0.00 0.00 0.00 0
95994 0.00 0.00 0.00 0
95995 0.00 0.00 0.00 0
95996 0.00 0.00 0.00 0
95997 0.00 0.00 0.00 0
95998 0.00 0.00 0.00 0
95999 0.00 0.00 0.00 0
96000 0.00 0.00 0.00 0
96001 0.00 0.00 0.00 0
96002 0.00 0.00 0.00 0
96017 0.00 0.00 0.00 0
96018 0.00 0.00 0.00 0
96019 0.00 0.00 0.00 0
96020 0.00 0.00 0.00 0
96021 0.00 0.00 0.00 0
96022 0.00 0.00 0.00 0
96023 0.00 0.00 0.00 0
96024 0.00 0.00 0.00 0
96025 0.00 0.00 0.00 0
96026 0.00 0.00 0.00 0
96027 0.00 0.00 0.00 0
96028 0.00 0.00 0.00 0
96029 0.00 0.00 0.00 0
96030 0.00 0.00 0.00 0
98226 0.00 0.00 0.00 0
98227 0.00 0.00 0.00 0
98228 0.00 0.00 0.00 0
98229 0.00 0.00 0.00 0
98230 0.00 0.00 0.00 0
98231 0.00 0.00 0.00 0
98232 0.00 0.00 0.00 0
98353 0.00 0.00 0.00 0
98354 0.00 0.00 0.00 0
98355 0.00 0.00 0.00 0
98356 0.00 0.00 0.00 0
98357 0.00 0.00 0.00 0
98358 0.00 0.00 0.00 0
98359 0.00 0.00 0.00 0
98360 0.00 0.00 0.00 0
98361 0.00 0.00 0.00 0
98362 0.00 0.00 0.00 0
98363 0.00 0.00 0.00 0
98364 0.00 0.00 0.00 0
98365 0.00 0.00 0.00 0
99163 0.00 0.00 0.00 0
99907 0.00 0.00 0.00 0
99908 0.00 0.00 0.00 0
99909 0.00 0.00 0.00 0
99910 0.00 0.00 0.00 0
99911 0.00 0.00 0.00 0
99912 0.00 0.00 0.00 0
99913 0.00 0.00 0.00 0
99914 0.00 0.00 0.00 0
99915 0.00 0.00 0.00 0
99916 0.00 0.00 0.00 0
99917 0.00 0.00 0.00 0
99918 0.00 0.00 0.00 0
99919 0.00 0.00 0.00 0
99920 0.00 0.00 0.00 0
99921 0.00 0.00 0.00 0
99922 0.00 0.00 0.00 0
99923 0.00 0.00 0.00 0
99924 0.00 0.00 0.00 0
99925 0.00 0.00 0.00 0
99926 0.00 0.00 0.00 0
99927 0.00 0.00 0.00 0
99928 0.00 0.00 0.00 0
99929 0.00 0.00 0.00 0
99930 0.00 0.00 0.00 0
99931 0.00 0.00 0.00 0
99932 0.00 0.00 0.00 0
99933 0.00 0.00 0.00 0
100297 0.00 0.00 0.00 0
100298 0.00 0.00 0.00 0
100299 0.00 0.00 0.00 0
100300 0.00 0.00 0.00 0
100301 0.00 0.00 0.00 0
100302 0.00 0.00 0.00 0
100303 0.00 0.00 0.00 0
100304 0.00 0.00 0.00 0
100305 0.00 0.00 0.00 0
100306 0.00 0.00 0.00 0
100307 0.00 0.00 0.00 0
100308 0.00 0.00 0.00 0
100309 0.00 0.00 0.00 0
100310 0.00 0.00 0.00 0
100311 0.00 0.00 0.00 0
100312 0.00 0.00 0.00 0
100313 0.00 0.00 0.00 0
100314 0.00 0.00 0.00 0
100315 0.00 0.00 0.00 0
100316 0.00 0.00 0.00 0
100317 0.00 0.00 0.00 0
100318 0.00 0.00 0.00 0
100319 0.00 0.00 0.00 0
100320 0.00 0.00 0.00 0
100321 0.00 0.00 0.00 0
100322 0.00 0.00 0.00 0
100337 0.00 0.00 0.00 0
100338 0.00 0.00 0.00 0
100339 0.00 0.00 0.00 0
100340 0.00 0.00 0.00 0
100341 0.00 0.00 0.00 0
100342 0.00 0.00 0.00 0
100343 0.00 0.00 0.00 0
100344 0.00 0.00 0.00 0
100345 0.00 0.00 0.00 0
100346 0.00 0.00 0.00 0
100347 0.00 0.00 0.00 0
100348 0.00 0.00 0.00 0
100349 0.00 0.00 0.00 0
100350 0.00 0.00 0.00 0
102463 0.00 0.00 0.00 0
102464 0.00 0.00 0.00 0
102465 0.00 0.00 0.00 0
102466 0.00 0.00 0.00 0
102467 0.00 0.00 0.00 0
102468 0.00 0.00 0.00 0
102469 0.00 0.00 0.00 0
103152 0.00 0.00 0.00 0
103158 0.00 0.00 0.00 0
103159 0.00 0.00 0.00 0
103160 0.00 0.00 0.00 0
103161 0.00 0.00 0.00 0
103162 0.00 0.00 0.00 0
103163 0.00 0.00 0.00 0
103164 0.00 0.00 0.00 0
103165 0.00 0.00 0.00 0
103166 0.00 0.00 0.00 0
103167 0.00 0.00 0.00 0
103168 0.00 0.00 0.00 0
103169 0.00 0.00 0.00 0
103170 0.00 0.00 0.00 0
103171 0.00 0.00 0.00 0
103172 0.00 0.00 0.00 0
103173 0.00 0.00 0.00 0
103537 0.00 0.00 0.00 0
103538 0.00 0.00 0.00 0
103539 0.00 0.00 0.00 0
103540 0.00 0.00 0.00 0
103541 0.00 0.00 0.00 0
103542 0.00 0.00 0.00 0
103543 0.00 0.00 0.00 0
103544 0.00 0.00 0.00 0
103545 0.00 0.00 0.00 0
103546 0.00 0.00 0.00 0
103547 0.00 0.00 0.00 0
103548 0.00 0.00 0.00 0
103549 0.00 0.00 0.00 0
103550 0.00 0.00 0.00 0
103551 0.00 0.00 0.00 0
103552 0.00 0.00 0.00 0
103553 0.00 0.00 0.00 0
103554 0.00 0.00 0.00 0
103555 0.00 0.00 0.00 0
103556 0.00 0.00 0.00 0
103557 0.00 0.00 0.00 0
103558 0.00 0.00 0.00 0
103559 0.00 0.00 0.00 0
103560 0.00 0.00 0.00 0
103561 0.00 0.00 0.00 0
103562 0.00 0.00 0.00 0
103563 0.00 0.00 0.00 0
103564 0.00 0.00 0.00 0
103565 0.00 0.00 0.00 0
103566 0.00 0.00 0.00 0
103567 0.00 0.00 0.00 0
103568 0.00 0.00 0.00 0
103569 0.00 0.00 0.00 0
103570 0.00 0.00 0.00 0
103571 0.00 0.00 0.00 0
103572 0.00 0.00 0.00 0
103573 0.00 0.00 0.00 0
103574 0.00 0.00 0.00 0
103575 0.00 0.00 0.00 0
103576 0.00 0.00 0.00 0
103577 0.00 0.00 0.00 0
103578 0.00 0.00 0.00 0
103579 0.00 0.00 0.00 0
103580 0.00 0.00 0.00 0
103581 0.00 0.00 0.00 0
105971 0.00 0.00 0.00 0
105972 0.00 0.00 0.00 0
105973 0.00 0.00 0.00 0
105974 0.00 0.00 0.00 0
105975 0.00 0.00 0.00 0
105976 0.00 0.00 0.00 0
105977 0.00 0.00 0.00 0
105978 0.00 0.00 0.00 0
105979 0.00 0.00 0.00 0
105980 0.00 0.00 0.00 0
105981 0.00 0.00 0.00 0
105982 0.00 0.00 0.00 0
105983 0.00 0.00 0.00 0
105984 0.00 0.00 0.00 0
105985 0.00 0.00 0.00 0
105986 0.00 0.00 0.00 0
105987 0.00 0.00 0.00 0
105988 0.00 0.00 0.00 0
105989 0.00 0.00 0.00 0
105990 0.00 0.00 0.00 0
105991 0.00 0.00 0.00 0
105992 0.00 0.00 0.00 0
105993 0.00 0.00 0.00 0
105994 0.00 0.00 0.00 0
105995 0.00 0.00 0.00 0
105996 0.00 0.00 0.00 0
105997 0.00 0.00 0.00 0
105998 0.00 0.00 0.00 0
105999 0.00 0.00 0.00 0
106000 0.00 0.00 0.00 0
106001 0.00 0.00 0.00 0
106002 0.00 0.00 0.00 0
106003 0.00 0.00 0.00 0
106004 0.00 0.00 0.00 0
106005 0.00 0.00 0.00 0
106006 0.00 0.00 0.00 0
106042 0.00 0.00 0.00 0
106043 0.00 0.00 0.00 0
106044 0.00 0.00 0.00 0
106045 0.00 0.00 0.00 0
106046 0.00 0.00 0.00 0
106047 0.00 0.00 0.00 0
106048 0.00 0.00 0.00 0
106049 0.00 0.00 0.00 0
106050 0.00 0.00 0.00 0
106051 0.00 0.00 0.00 0
108210 0.00 0.00 0.00 0
108211 0.00 0.00 0.00 0
108212 0.00 0.00 0.00 0
108250 0.00 0.00 0.00 0
108251 0.00 0.00 0.00 0
108252 0.00 0.00 0.00 0
108253 0.00 0.00 0.00 0
109373 0.00 0.00 0.00 0
109379 0.00 0.00 0.00 0
109380 0.00 0.00 0.00 0
109381 0.00 0.00 0.00 0
109382 0.00 0.00 0.00 0
109383 0.00 0.00 0.00 0
109384 0.00 0.00 0.00 0
109385 0.00 0.00 0.00 0
109386 0.00 0.00 0.00 0
109387 0.00 0.00 0.00 0
109388 0.00 0.00 0.00 0
109389 0.00 0.00 0.00 0
109390 0.00 0.00 0.00 0
109391 0.00 0.00 0.00 0
109392 0.00 0.00 0.00 0
109393 0.00 0.00 0.00 0
109394 0.00 0.00 0.00 0
109395 0.00 0.00 0.00 0
109396 0.00 0.00 0.00 0
109397 0.00 0.00 0.00 0
109398 0.00 0.00 0.00 0
109399 0.00 0.00 0.00 0
109400 0.00 0.00 0.00 0
109401 0.00 0.00 0.00 0
109402 0.00 0.00 0.00 0
109403 0.00 0.00 0.00 0
109404 0.00 0.00 0.00 0
109405 0.00 0.00 0.00 0
109406 0.00 0.00 0.00 0
109407 0.00 0.00 0.00 0
109408 0.00 0.00 0.00 0
109409 0.00 0.00 0.00 0
109410 0.00 0.00 0.00 0
109411 0.00 0.00 0.00 0
109412 0.00 0.00 0.00 0
109413 0.00 0.00 0.00 0
109414 0.00 0.00 0.00 0
109415 0.00 0.00 0.00 0
109416 0.00 0.00 0.00 0
109417 0.00 0.00 0.00 0
109418 0.00 0.00 0.00 0
109419 0.00 0.00 0.00 0
109420 0.00 0.00 0.00 0
109421 0.00 0.00 0.00 0
109422 0.00 0.00 0.00 0
109423 0.00 0.00 0.00 0
109424 0.00 0.00 0.00 0
109425 0.00 0.00 0.00 0
109426 0.00 0.00 0.00 0
109427 0.00 0.00 0.00 0
109428 0.00 0.00 0.00 0
109429 0.00 0.00 0.00 0
109430 0.00 0.00 0.00 0
109431 0.00 0.00 0.00 0
109432 0.00 0.00 0.00 0
109433 0.00 0.00 0.00 0
109434 0.00 0.00 0.00 0
109435 0.00 0.00 0.00 0
109436 0.00 0.00 0.00 0
109437 0.00 0.00 0.00 0
109438 0.00 0.00 0.00 0
109439 0.00 0.00 0.00 0
109440 0.00 0.00 0.00 0
109441 0.00 0.00 0.00 0
109442 0.00 0.00 0.00 0
109443 0.00 0.00 0.00 0
109444 0.00 0.00 0.00 0
109445 0.00 0.00 0.00 0
109446 0.00 0.00 0.00 0
109492 0.00 0.00 0.00 0
109493 0.00 0.00 0.00 0
109494 0.00 0.00 0.00 0
109495 0.00 0.00 0.00 0
109496 0.00 0.00 0.00 0
109497 0.00 0.00 0.00 0
109498 0.00 0.00 0.00 0
109499 0.00 0.00 0.00 0
109500 0.00 0.00 0.00 0
109501 0.00 0.00 0.00 0
109502 0.00 0.00 0.00 0
109503 0.00 0.00 0.00 0
109504 0.00 0.00 0.00 0
109505 0.00 0.00 0.00 0
109506 0.00 0.00 0.00 0
109507 0.00 0.00 0.00 0
109508 0.00 0.00 0.00 0
109509 0.00 0.00 0.00 0
109510 0.00 0.00 0.00 0
109511 0.00 0.00 0.00 0
109512 0.00 0.00 0.00 0
109513 0.00 0.00 0.00 0
109514 0.00 0.00 0.00 0
109515 0.00 0.00 0.00 0
109516 0.00 0.00 0.00 0
109517 0.00 0.00 0.00 0
109518 0.00 0.00 0.00 0
109519 0.00 0.00 0.00 0
109520 0.00 0.00 0.00 0
109521 0.00 0.00 0.00 0
109522 0.00 0.00 0.00 0
109523 0.00 0.00 0.00 0
109524 0.00 0.00 0.00 0
109525 0.00 0.00 0.00 0
109526 0.00 0.00 0.00 0
109527 0.00 0.00 0.00 0
109528 0.00 0.00 0.00 0
109531 0.00 0.00 0.00 0
109532 0.00 0.00 0.00 0
109533 0.00 0.00 0.00 0
109534 0.00 0.00 0.00 0
109535 0.00 0.00 0.00 0
109537 0.00 0.00 0.00 0
109538 0.00 0.00 0.00 0
109539 0.00 0.00 0.00 0
109540 0.00 0.00 0.00 0
109541 0.00 0.00 0.00 0
109542 0.00 0.00 0.00 0
109543 0.00 0.00 0.00 0
109544 0.00 0.00 0.00 0
109557 0.00 0.00 0.00 0
109558 0.00 0.00 0.00 0
109559 0.00 0.00 0.00 0
109560 0.00 0.00 0.00 0
109561 0.00 0.00 0.00 0
109562 0.00 0.00 0.00 0
115442 0.00 0.00 0.00 0
115443 0.00 0.00 0.00 0
115537 0.00 0.00 0.00 0
115538 0.00 0.00 0.00 0
115539 0.00 0.00 0.00 0
115540 0.00 0.00 0.00 0
115541 0.00 0.00 0.00 0
115542 0.00 0.00 0.00 0
115543 0.00 0.00 0.00 0
115544 0.00 0.00 0.00 0
115545 0.00 0.00 0.00 0
115546 0.00 0.00 0.00 0
116746 0.00 0.00 0.00 0
116747 0.00 0.00 0.00 0
116748 0.00 0.00 0.00 0
116749 0.00 0.00 0.00 0
116750 0.00 0.00 0.00 0
116751 0.00 0.00 0.00 0
116752 0.00 0.00 0.00 0
116753 0.00 0.00 0.00 0
116754 0.00 0.00 0.00 0
116755 0.00 0.00 0.00 0
116756 0.00 0.00 0.00 0
116757 0.00 0.00 0.00 0
116758 0.00 0.00 0.00 0
116759 0.00 0.00 0.00 0
116760 0.00 0.00 0.00 0
116761 0.00 0.00 0.00 0
116762 0.00 0.00 0.00 0
116763 0.00 0.00 0.00 0
116764 0.00 0.00 0.00 0
116765 0.00 0.00 0.00 0
116766 0.00 0.00 0.00 0
117049 0.00 0.00 0.00 0
117050 0.00 0.00 0.00 0
117051 0.00 0.00 0.00 0
117052 0.00 0.00 0.00 0
117053 0.00 0.00 0.00 0
117054 0.00 0.00 0.00 0
117055 0.00 0.00 0.00 0
117056 0.00 0.00 0.00 0
117057 0.00 0.00 0.00 0
117058 0.00 0.00 0.00 0
117059 0.00 0.00 0.00 0
117060 0.00 0.00 0.00 0
117061 0.00 0.00 0.00 0
117062 0.00 0.00 0.00 0
117063 0.00 0.00 0.00 0
117064 0.00 0.00 0.00 0
117065 0.00 0.00 0.00 0
117066 0.00 0.00 0.00 0
117067 0.00 0.00 0.00 0
117068 0.00 0.00 0.00 0
117080 0.00 0.00 0.00 0
117081 0.00 0.00 0.00 0
117082 0.00 0.00 0.00 0
117083 0.00 0.00 0.00 0
117084 0.00 0.00 0.00 0
117085 0.00 0.00 0.00 0
117086 0.00 0.00 0.00 0
117087 0.00 0.00 0.00 0
117088 0.00 0.00 0.00 0
117089 0.00 0.00 0.00 0
117090 0.00 0.00 0.00 0
119271 0.00 0.00 0.00 0
119272 0.00 0.00 0.00 0
119273 0.00 0.00 0.00 0
119274 0.00 0.00 0.00 0
119275 0.00 0.00 0.00 0
119276 0.00 0.00 0.00 0
119277 0.00 0.00 0.00 0
119278 0.00 0.00 0.00 0
119279 0.00 0.00 0.00 0
119280 0.00 0.00 0.00 0
119281 0.00 0.00 0.00 0
119282 0.00 0.00 0.00 0
119283 0.00 0.00 0.00 0
119284 0.00 0.00 0.00 0
119285 0.00 0.00 0.00 0
119286 0.00 0.00 0.00 0
119569 0.00 0.00 0.00 0
119570 0.00 0.00 0.00 0
119571 0.00 0.00 0.00 0
119572 0.00 0.00 0.00 0
119573 0.00 0.00 0.00 0
119574 0.00 0.00 0.00 0
119575 0.00 0.00 0.00 0
119576 0.00 0.00 0.00 0
119577 0.00 0.00 0.00 0
119578 0.00 0.00 0.00 0
119579 0.00 0.00 0.00 0
119580 0.00 0.00 0.00 0
119581 0.00 0.00 0.00 0
119582 0.00 0.00 0.00 0
119583 0.00 0.00 0.00 0
119584 0.00 0.00 0.00 0
119585 0.00 0.00 0.00 0
119586 0.00 0.00 0.00 0
119587 0.00 0.00 0.00 0
119588 0.00 0.00 0.00 0
119589 0.00 0.00 0.00 0
119590 0.00 0.00 0.00 0
119591 0.00 0.00 0.00 0
119592 0.00 0.00 0.00 0
119593 0.00 0.00 0.00 0
119594 0.00 0.00 0.00 0
119595 0.00 0.00 0.00 0
119596 0.00 0.00 0.00 0
119597 0.00 0.00 0.00 0
119598 0.00 0.00 0.00 0
119599 0.00 0.00 0.00 0
119600 0.00 0.00 0.00 0
119601 0.00 0.00 0.00 0
119602 0.00 0.00 0.00 0
121171 0.00 0.00 0.00 0
121462 0.00 0.00 0.00 0
121463 0.00 0.00 0.00 0
121464 0.00 0.00 0.00 0
121465 0.00 0.00 0.00 0
121466 0.00 0.00 0.00 0
121467 0.00 0.00 0.00 0
121468 0.00 0.00 0.00 0
121469 0.00 0.00 0.00 0
121470 0.00 0.00 0.00 0
121471 0.00 0.00 0.00 0
121472 0.00 0.00 0.00 0
121473 0.00 0.00 0.00 0
121474 0.00 0.00 0.00 0
121475 0.00 0.00 0.00 0
121476 0.00 0.00 0.00 0
121477 0.00 0.00 0.00 0
121478 0.00 0.00 0.00 0
121479 0.00 0.00 0.00 0
121480 0.00 0.00 0.00 0
121481 0.00 0.00 0.00 0
121482 0.00 0.00 0.00 0
121483 0.00 0.00 0.00 0
121484 0.00 0.00 0.00 0
121485 0.00 0.00 0.00 0
121486 0.00 0.00 0.00 0
121487 0.00 0.00 0.00 0
121488 0.00 0.00 0.00 0
121489 0.00 0.00 0.00 0
123235 0.00 0.00 0.00 0
123250 0.00 0.00 0.00 0
123251 0.00 0.00 0.00 0
124112 0.00 0.00 0.00 0
124113 0.00 0.00 0.00 0
124114 0.00 0.00 0.00 0
124115 0.00 0.00 0.00 0
124116 0.00 0.00 0.00 0
124117 0.00 0.00 0.00 0
124118 0.00 0.00 0.00 0
124119 0.00 0.00 0.00 0
124120 0.00 0.00 0.00 0
124121 0.00 0.00 0.00 0
124122 0.00 0.00 0.00 0
124123 0.00 0.00 0.00 0
124124 0.00 0.00 0.00 0
124125 0.00 0.00 0.00 0
124126 0.00 0.00 0.00 0
124127 0.00 0.00 0.00 0
124128 0.00 0.00 0.00 0
124129 0.00 0.00 0.00 0
124130 0.00 0.00 0.00 0
124131 0.00 0.00 0.00 0
124132 0.00 0.00 0.00 0
124133 0.00 0.00 0.00 0
124134 0.00 0.00 0.00 0
124135 0.00 0.00 0.00 0
124136 0.00 0.00 0.00 0
124137 0.00 0.00 0.00 0
124138 0.00 0.00 0.00 0
124139 0.00 0.00 0.00 0
124140 0.00 0.00 0.00 0
124141 0.00 0.00 0.00 0
124142 0.00 0.00 0.00 0
124143 0.00 0.00 0.00 0
124144 0.00 0.00 0.00 0
124145 0.00 0.00 0.00 0
124146 0.00 0.00 0.00 0
124147 0.00 0.00 0.00 0
124148 0.00 0.00 0.00 0
124149 0.00 0.00 0.00 0
124150 0.00 0.00 0.00 0
124151 0.00 0.00 0.00 0
124152 0.00 0.00 0.00 0
124153 0.00 0.00 0.00 0
124154 0.00 0.00 0.00 0
124155 0.00 0.00 0.00 0
124156 0.00 0.00 0.00 0
124157 0.00 0.00 0.00 0
124158 0.00 0.00 0.00 0
124159 0.00 0.00 0.00 0
124160 0.00 0.00 0.00 0
124161 0.00 0.00 0.00 0
124162 0.00 0.00 0.00 0
124163 0.00 0.00 0.00 0
124164 0.00 0.00 0.00 0
124165 0.00 0.00 0.00 0
124166 0.00 0.00 0.00 0
124199 0.00 0.00 0.00 0
124200 0.00 0.00 0.00 0
124201 0.00 0.00 0.00 0
124202 0.00 0.00 0.00 0
124203 0.00 0.00 0.00 0
124204 0.00 0.00 0.00 0
124205 0.00 0.00 0.00 0
124206 0.00 0.00 0.00 0
124207 0.00 0.00 0.00 0
124208 0.00 0.00 0.00 0
124209 0.00 0.00 0.00 0
124210 0.00 0.00 0.00 0
124211 0.00 0.00 0.00 0
124212 0.00 0.00 0.00 0
124213 0.00 0.00 0.00 0
124214 0.00 0.00 0.00 0
124215 0.00 0.00 0.00 0
124216 0.00 0.00 0.00 0
124217 0.00 0.00 0.00 0
124218 0.00 0.00 0.00 0
124219 0.00 0.00 0.00 0
124220 0.00 0.00 0.00 0
124221 0.00 0.00 0.00 0
124222 0.00 0.00 0.00 0
124223 0.00 0.00 0.00 0
124224 0.00 0.00 0.00 0
124225 0.00 0.00 0.00 0
124226 0.00 0.00 0.00 0
124227 0.00 0.00 0.00 0
124228 0.00 0.00 0.00 0
124229 0.00 0.00 0.00 0
124230 0.00 0.00 0.00 0
129289 0.00 0.00 0.00 0
129290 0.00 0.00 0.00 0
129291 0.00 0.00 0.00 0
129292 0.00 0.00 0.00 0
129293 0.00 0.00 0.00 0
129294 0.00 0.00 0.00 0
129295 0.00 0.00 0.00 0
129296 0.00 0.00 0.00 0
129297 0.00 0.00 0.00 0
129553 0.00 0.00 0.00 0
129554 0.00 0.00 0.00 0
129555 0.00 0.00 0.00 0
129556 0.00 0.00 0.00 0
129557 0.00 0.00 0.00 0
129558 0.00 0.00 0.00 0
129559 0.00 0.00 0.00 0
129560 0.00 0.00 0.00 0
129561 0.00 0.00 0.00 0
129562 0.00 0.00 0.00 0
129563 0.00 0.00 0.00 0
129564 0.00 0.00 0.00 0
129565 0.00 0.00 0.00 0
129566 0.00 0.00 0.00 0
129567 0.00 0.00 0.00 0
129568 0.00 0.00 0.00 0
129569 0.00 0.00 0.00 0
129570 0.00 0.00 0.00 0
129571 0.00 0.00 0.00 0
129572 0.00 0.00 0.00 0
129573 0.00 0.00 0.00 0
129574 0.00 0.00 0.00 0
129575 0.00 0.00 0.00 0
129576 0.00 0.00 0.00 0
129577 0.00 0.00 0.00 0
129578 0.00 0.00 0.00 0
129579 0.00 0.00 0.00 0
129580 0.00 0.00 0.00 0
131005 0.00 0.00 0.00 0
131006 0.00 0.00 0.00 0
131007 0.00 0.00 0.00 0
131263 0.00 0.00 0.00 0
131264 0.00 0.00 0.00 0
131265 0.00 0.00 0.00 0
131266 0.00 0.00 0.00 0
131267 0.00 0.00 0.00 0
131268 0.00 0.00 0.00 0
131269 0.00 0.00 0.00 0
131270 0.00 0.00 0.00 0
131271 0.00 0.00 0.00 0
131272 0.00 0.00 0.00 0
131281 0.00 0.00 0.00 0
131282 0.00 0.00 0.00 0
132834 0.00 0.00 0.00 0
132835 0.00 0.00 0.00 0
132836 0.00 0.00 0.00 0
132837 0.00 0.00 0.00 0
132838 0.00 0.00 0.00 0
132839 0.00 0.00 0.00 0
132840 0.00 0.00 0.00 0
132843 0.00 0.00 0.00 0
132844 0.00 0.00 0.00 0
132845 0.00 0.00 0.00 0
132846 0.00 0.00 0.00 0
132847 0.00 0.00 0.00 0
132848 0.00 0.00 0.00 0
132855 0.00 0.00 0.00 0
132863 0.00 0.00 0.00 0
132864 0.00 0.00 0.00 0
132865 0.00 0.00 0.00 0
132866 0.00 0.00 0.00 0
132867 0.00 0.00 0.00 0
132868 0.00 0.00 0.00 0
132869 0.00 0.00 0.00 0
132870 0.00 0.00 0.00 0
132871 0.00 0.00 0.00 0
132872 0.00 0.00 0.00 0
132873 0.00 0.00 0.00 0
132874 0.00 0.00 0.00 0
132875 0.00 0.00 0.00 0
132876 0.00 0.00 0.00 0
132877 0.00 0.00 0.00 0
132878 0.00 0.00 0.00 0
132879 0.00 0.00 0.00 0
132880 0.00 0.00 0.00 0
132881 0.00 0.00 0.00 0
132882 0.00 0.00 0.00 0
132883 0.00 0.00 0.00 0
132884 0.00 0.00 0.00 0
132885 0.00 0.00 0.00 0
132886 0.00 0.00 0.00 0
132887 0.00 0.00 0.00 0
132888 0.00 0.00 0.00 0
133657 0.00 0.00 0.00 0
133658 0.00 0.00 0.00 0
133659 0.00 0.00 0.00 0
133660 0.00 0.00 0.00 0
133661 0.00 0.00 0.00 0
133662 0.00 0.00 0.00 0
133663 0.00 0.00 0.00 0
133664 0.00 0.00 0.00 0
133665 0.00 0.00 0.00 0
133666 0.00 0.00 0.00 0
133667 0.00 0.00 0.00 0
133668 0.00 0.00 0.00 0
133669 0.00 0.00 0.00 0
133670 0.00 0.00 0.00 0
133671 0.00 0.00 0.00 0
133672 0.00 0.00 0.00 0
133673 0.00 0.00 0.00 0
133674 0.00 0.00 0.00 0
133675 0.00 0.00 0.00 0
133676 0.00 0.00 0.00 0
133677 0.00 0.00 0.00 0
133678 0.00 0.00 0.00 0
133679 0.00 0.00 0.00 0
133680 0.00 0.00 0.00 0
133681 0.00 0.00 0.00 0
133682 0.00 0.00 0.00 0
133683 0.00 0.00 0.00 0
133684 0.00 0.00 0.00 0
133685 0.00 0.00 0.00 0
133686 0.00 0.00 0.00 0
133687 0.00 0.00 0.00 0
133688 0.00 0.00 0.00 0
133689 0.00 0.00 0.00 0
133690 0.00 0.00 0.00 0
133691 0.00 0.00 0.00 0
133692 0.00 0.00 0.00 0
133693 0.00 0.00 0.00 0
133694 0.00 0.00 0.00 0
133695 0.00 0.00 0.00 0
133696 0.00 0.00 0.00 0
133697 0.00 0.00 0.00 0
133698 0.00 0.00 0.00 0
133699 0.00 0.00 0.00 0
133700 0.00 0.00 0.00 0
133701 0.00 0.00 0.00 0
133702 0.00 0.00 0.00 0
133703 0.00 0.00 0.00 0
133704 0.00 0.00 0.00 0
133705 0.00 0.00 0.00 0
133706 0.00 0.00 0.00 0
133707 0.00 0.00 0.00 0
133708 0.00 0.00 0.00 0
133709 0.00 0.00 0.00 0
133710 0.00 0.00 0.00 0
133711 0.00 0.00 0.00 0
133712 0.00 0.00 0.00 0
133742 0.00 0.00 0.00 0
133743 0.00 0.00 0.00 0
133744 0.00 0.00 0.00 0
133745 0.00 0.00 0.00 0
133746 0.00 0.00 0.00 0
133747 0.00 0.00 0.00 0
133748 0.00 0.00 0.00 0
133749 0.00 0.00 0.00 0
133750 0.00 0.00 0.00 0
133751 0.00 0.00 0.00 0
133752 0.00 0.00 0.00 0
133753 0.00 0.00 0.00 0
133754 0.00 0.00 0.00 0
133755 0.00 0.00 0.00 0
133756 0.00 0.00 0.00 0
133757 0.00 0.00 0.00 0
133758 0.00 0.00 0.00 0
133759 0.00 0.00 0.00 0
133760 0.00 0.00 0.00 0
133761 0.00 0.00 0.00 0
133762 0.00 0.00 0.00 0
133763 0.00 0.00 0.00 0
133764 0.00 0.00 0.00 0
133765 0.00 0.00 0.00 0
133766 0.00 0.00 0.00 0
133767 0.00 0.00 0.00 0
133768 0.00 0.00 0.00 0
133769 0.00 0.00 0.00 0
133770 0.00 0.00 0.00 0
138209 0.00 0.00 0.00 0
138214 0.00 0.00 0.00 0
138216 0.00 0.00 0.00 0
138217 0.00 0.00 0.00 0
138218 0.00 0.00 0.00 0
138222 0.00 0.00 0.00 0
139633 0.00 0.00 0.00 0
139634 0.00 0.00 0.00 0
139635 0.00 0.00 0.00 0
139636 0.00 0.00 0.00 0
139637 0.00 0.00 0.00 0
139638 0.00 0.00 0.00 0
139639 0.00 0.00 0.00 0
139640 0.00 0.00 0.00 0
139641 0.00 0.00 0.00 0
139642 0.00 0.00 0.00 0
139643 0.00 0.00 0.00 0
139644 0.00 0.00 0.00 0
139645 0.00 0.00 0.00 0
139646 0.00 0.00 0.00 0
139647 0.00 0.00 0.00 0
139648 0.00 0.00 0.00 0
139649 0.00 0.00 0.00 0
139650 0.00 0.00 0.00 0
139651 0.00 0.00 0.00 0
139652 0.00 0.00 0.00 0
139653 0.00 0.00 0.00 0
139654 0.00 0.00 0.00 0
139655 0.00 0.00 0.00 0
139656 0.00 0.00 0.00 0
139657 0.00 0.00 0.00 0
139658 0.00 0.00 0.00 0
139659 0.00 0.00 0.00 0
140401 0.00 0.00 0.00 0
140402 0.00 0.00 0.00 0
140403 0.00 0.00 0.00 0
140404 0.00 0.00 0.00 0
140405 0.00 0.00 0.00 0
140406 0.00 0.00 0.00 0
140407 0.00 0.00 0.00 0
140408 0.00 0.00 0.00 0
140409 0.00 0.00 0.00 0
140410 0.00 0.00 0.00 0
140411 0.00 0.00 0.00 0
140412 0.00 0.00 0.00 0
140413 0.00 0.00 0.00 0
140414 0.00 0.00 0.00 0
140415 0.00 0.00 0.00 0
140416 0.00 0.00 0.00 0
140417 0.00 0.00 0.00 0
140418 0.00 0.00 0.00 0
140419 0.00 0.00 0.00 0
140420 0.00 0.00 0.00 0
140421 0.00 0.00 0.00 0
140422 0.00 0.00 0.00 0
140423 0.00 0.00 0.00 0
140424 0.00 0.00 0.00 0
140425 0.00 0.00 0.00 0
140426 0.00 0.00 0.00 0
140427 0.00 0.00 0.00 0
140428 0.00 0.00 0.00 0
140429 0.00 0.00 0.00 0
140430 0.00 0.00 0.00 0
140431 0.00 0.00 0.00 0
140432 0.00 0.00 0.00 0
140433 0.00 0.00 0.00 0
140434 0.00 0.00 0.00 0
140435 0.00 0.00 0.00 0
140436 0.00 0.00 0.00 0
140437 0.00 0.00 0.00 0
140438 0.00 0.00 0.00 0
140439 0.00 0.00 0.00 0
140440 0.00 0.00 0.00 0
140441 0.00 0.00 0.00 0
140442 0.00 0.00 0.00 0
140443 0.00 0.00 0.00 0
140444 0.00 0.00 0.00 0
140445 0.00 0.00 0.00 0
140446 0.00 0.00 0.00 0
140447 0.00 0.00 0.00 0
140448 0.00 0.00 0.00 0
140449 0.00 0.00 0.00 0
140450 0.00 0.00 0.00 0
140451 0.00 0.00 0.00 0
140452 0.00 0.00 0.00 0
140453 0.00 0.00 0.00 0
140454 0.00 0.00 0.00 0
140455 0.00 0.00 0.00 0
140456 0.00 0.00 0.00 0
140457 0.00 0.00 0.00 0
140458 0.00 0.00 0.00 0
140459 0.00 0.00 0.00 0
140460 0.00 0.00 0.00 0
140461 0.00 0.00 0.00 0
140462 0.00 0.00 0.00 0
140463 0.00 0.00 0.00 0
140464 0.00 0.00 0.00 0
140465 0.00 0.00 0.00 0
140466 0.00 0.00 0.00 0
140467 0.00 0.00 0.00 0
140468 0.00 0.00 0.00 0
140469 0.00 0.00 0.00 0
140470 0.00 0.00 0.00 0
140471 0.00 0.00 0.00 0
140472 0.00 0.00 0.00 0
140473 0.00 0.00 0.00 0
140474 0.00 0.00 0.00 0
140475 0.00 0.00 0.00 0
140476 0.00 0.00 0.00 0
140477 0.00 0.00 0.00 0
140478 0.00 0.00 0.00 0
140479 0.00 0.00 0.00 0
140480 0.00 0.00 0.00 0
140483 0.00 0.00 0.00 0
140484 0.00 0.00 0.00 0
140485 0.00 0.00 0.00 0
140486 0.00 0.00 0.00 0
140487 0.00 0.00 0.00 0
140488 0.00 0.00 0.00 0
140489 0.00 0.00 0.00 0
140490 0.00 0.00 0.00 0
140491 0.00 0.00 0.00 0
140492 0.00 0.00 0.00 0
140493 0.00 0.00 0.00 0
140494 0.00 0.00 0.00 0
140495 0.00 0.00 0.00 0
140496 0.00 0.00 0.00 0
140497 0.00 0.00 0.00 0
140498 0.00 0.00 0.00 0
140499 0.00 0.00 0.00 0
140500 0.00 0.00 0.00 0
140501 0.00 0.00 0.00 0
144564 0.00 0.00 0.00 0
145348 0.00 0.00 0.00 0
145352 0.00 0.00 0.00 0
145353 0.00 0.00 0.00 0
145355 0.00 0.00 0.00 0
145356 0.00 0.00 0.00 0
145357 0.00 0.00 0.00 0
145358 0.00 0.00 0.00 0
145359 0.00 0.00 0.00 0
145360 0.00 0.00 0.00 0
145361 0.00 0.00 0.00 0
145362 0.00 0.00 0.00 0
145363 0.00 0.00 0.00 0
145364 0.00 0.00 0.00 0
145365 0.00 0.00 0.00 0
145366 0.00 0.00 0.00 0
145367 0.00 0.00 0.00 0
145368 0.00 0.00 0.00 0
145369 0.00 0.00 0.00 0
145370 0.00 0.00 0.00 0
145371 0.00 0.00 0.00 0
145372 0.00 0.00 0.00 0
145373 0.00 0.00 0.00 0
145374 0.00 0.00 0.00 0
145375 0.00 0.00 0.00 0
145376 0.00 0.00 0.00 0
145377 0.00 0.00 0.00 0
145378 0.00 0.00 0.00 0
145379 0.00 0.00 0.00 0
145380 0.00 0.00 0.00 0
145381 0.00 0.00 0.00 0
145382 0.00 0.00 0.00 0
145383 0.00 0.00 0.00 0
145384 0.00 0.00 0.00 0
145385 0.00 0.00 0.00 0
145386 0.00 0.00 0.00 0
145387 0.00 0.00 0.00 0
145388 0.00 0.00 0.00 0
145389 0.00 0.00 0.00 0
145390 0.00 0.00 0.00 0
145391 0.00 0.00 0.00 0
145392 0.00 0.00 0.00 0
145393 0.00 0.00 0.00 0
145394 0.00 0.00 0.00 0
145395 0.00 0.00 0.00 0
145396 0.00 0.00 0.00 0
145397 0.00 0.00 0.00 0
145398 0.00 0.00 0.00 0
145399 0.00 0.00 0.00 0
145400 0.00 0.00 0.00 0
145401 0.00 0.00 0.00 0
145402 0.00 0.00 0.00 0
145403 0.00 0.00 0.00 0
145404 0.00 0.00 0.00 0
145405 0.00 0.00 0.00 0
145406 0.00 0.00 0.00 0
145407 0.00 0.00 0.00 0
145408 0.00 0.00 0.00 0
145409 0.00 0.00 0.00 0
145410 0.00 0.00 0.00 0
145411 0.00 0.00 0.00 0
145412 0.00 0.00 0.00 0
145413 0.00 0.00 0.00 0
145414 0.00 0.00 0.00 0
145415 0.00 0.00 0.00 0
145416 0.00 0.00 0.00 0
145417 0.00 0.00 0.00 0
145418 0.00 0.00 0.00 0
145419 0.00 0.00 0.00 0
145420 0.00 0.00 0.00 0
145476 0.00 0.00 0.00 0
145477 0.00 0.00 0.00 0
145479 0.00 0.00 0.00 0
145480 0.00 0.00 0.00 0
145481 0.00 0.00 0.00 0
145482 0.00 0.00 0.00 0
145483 0.00 0.00 0.00 0
145490 0.00 0.00 0.00 0
145491 0.00 0.00 0.00 0
145492 0.00 0.00 0.00 0
145493 0.00 0.00 0.00 0
145494 0.00 0.00 0.00 0
145495 0.00 0.00 0.00 0
145496 0.00 0.00 0.00 0
145497 0.00 0.00 0.00 0
145498 0.00 0.00 0.00 0
145499 0.00 0.00 0.00 0
145500 0.00 0.00 0.00 0
145501 0.00 0.00 0.00 0
145502 0.00 0.00 0.00 0
145503 0.00 0.00 0.00 0
145504 0.00 0.00 0.00 0
145505 0.00 0.00 0.00 0
145506 0.00 0.00 0.00 0
145507 0.00 0.00 0.00 0
145508 0.00 0.00 0.00 0
145509 0.00 0.00 0.00 0
145510 0.00 0.00 0.00 0
145511 0.00 0.00 0.00 0
145512 0.00 0.00 0.00 0
145513 0.00 0.00 0.00 0
145514 0.00 0.00 0.00 0
145515 0.00 0.00 0.00 0
145516 0.00 0.00 0.00 0
145517 0.00 0.00 0.00 0
145518 0.00 0.00 0.00 0
145519 0.00 0.00 0.00 0
145520 0.00 0.00 0.00 0
145521 0.00 0.00 0.00 0
145523 0.00 0.00 0.00 0
149851 0.00 0.00 0.00 0
149932 0.00 0.00 0.00 0
149950 0.00 0.00 0.00 0
152200 0.00 0.00 0.00 0
152201 0.00 0.00 0.00 0
152202 0.00 0.00 0.00 0
152203 0.00 0.00 0.00 0
152204 0.00 0.00 0.00 0
152205 0.00 0.00 0.00 0
152206 0.00 0.00 0.00 0
152207 0.00 0.00 0.00 0
152208 0.00 0.00 0.00 0
152209 0.00 0.00 0.00 0
152210 0.00 0.00 0.00 0
152211 0.00 0.00 0.00 0
152212 0.00 0.00 0.00 0
152213 0.00 0.00 0.00 0
152214 0.00 0.00 0.00 0
152215 0.00 0.00 0.00 0
152216 0.00 0.00 0.00 0
152217 0.00 0.00 0.00 0
152218 0.00 0.00 0.00 0
152219 0.00 0.00 0.00 0
152220 0.00 0.00 0.00 0
152221 0.00 0.00 0.00 0
152222 0.00 0.00 0.00 0
152223 0.00 0.00 0.00 0
152224 0.00 0.00 0.00 0
152225 0.00 0.00 0.00 0
152230 0.00 0.00 0.00 0
152231 0.00 0.00 0.00 0
152233 0.00 0.00 0.00 0
152234 0.00 0.00 0.00 0
152235 0.00 0.00 0.00 0
152236 0.00 0.00 0.00 0
152237 0.00 0.00 0.00 0
152238 0.00 0.00 0.00 0
152239 0.00 0.00 0.00 0
152240 0.00 0.00 0.00 0
152241 0.00 0.00 0.00 0
152242 0.00 0.00 0.00 0
152243 0.00 0.00 0.00 0
152244 0.00 0.00 0.00 0
152248 0.00 0.00 0.00 0
152254 0.00 0.00 0.00 0
152255 0.00 0.00 0.00 0
152256 0.00 0.00 0.00 0
152257 0.00 0.00 0.00 0
152258 0.00 0.00 0.00 0
152259 0.00 0.00 0.00 0
152260 0.00 0.00 0.00 0
152261 0.00 0.00 0.00 0
152262 0.00 0.00 0.00 0
152263 0.00 0.00 0.00 0
152264 0.00 0.00 0.00 0
152265 0.00 0.00 0.00 0
152266 0.00 0.00 0.00 0
152267 0.00 0.00 0.00 0
152268 0.00 0.00 0.00 0
152269 0.00 0.00 0.00 0
152270 0.00 0.00 0.00 0
152271 0.00 0.00 0.00 0
152272 0.00 0.00 0.00 0
152273 0.00 0.00 0.00 0
152274 0.00 0.00 0.00 0
152275 0.00 0.00 0.00 0
152276 0.00 0.00 0.00 0
152277 0.00 0.00 0.00 0
152278 0.00 0.00 0.00 0
152279 0.00 0.00 0.00 0
152280 0.00 0.00 0.00 0
152281 0.00 0.00 0.00 0
152282 0.00 0.00 0.00 0
152283 0.00 0.00 0.00 0
152284 0.00 0.00 0.00 0
152285 0.00 0.00 0.00 0
152286 0.00 0.00 0.00 0
152287 0.00 0.00 0.00 0
152288 0.00 0.00 0.00 0
152289 0.00 0.00 0.00 0
152290 0.00 0.00 0.00 0
152291 0.00 0.00 0.00 0
152292 0.00 0.00 0.00 0
152293 0.00 0.00 0.00 0
152294 0.00 0.00 0.00 0
152295 0.00 0.00 0.00 0
152296 0.00 0.00 0.00 0
152297 0.00 0.00 0.00 0
152298 0.00 0.00 0.00 0
152299 0.00 0.00 0.00 0
152300 0.00 0.00 0.00 0
152301 0.00 0.00 0.00 0
152302 0.00 0.00 0.00 0
152303 0.00 0.00 0.00 0
152304 0.00 0.00 0.00 0
152305 0.00 0.00 0.00 0
152306 0.00 0.00 0.00 0
152307 0.00 0.00 0.00 0
152308 0.00 0.00 0.00 0
152309 0.00 0.00 0.00 0
152310 0.00 0.00 0.00 0
152311 0.00 0.00 0.00 0
152312 0.00 0.00 0.00 0
152313 0.00 0.00 0.00 0
152314 0.00 0.00 0.00 0
152315 0.00 0.00 0.00 0
152316 0.00 0.00 0.00 0
152317 0.00 0.00 0.00 0
152318 0.00 0.00 0.00 0
152319 0.00 0.00 0.00 0
152320 0.00 0.00 0.00 0
152321 0.00 0.00 0.00 0
152322 0.00 0.00 0.00 0
152323 0.00 0.00 0.00 0
152324 0.00 0.00 0.00 0
152325 0.00 0.00 0.00 0
152326 0.00 0.00 0.00 0
152327 0.00 0.00 0.00 0
152328 0.00 0.00 0.00 0
152329 0.00 0.00 0.00 0
152330 0.00 0.00 0.00 0
152418 0.00 0.00 0.00 0
152419 0.00 0.00 0.00 0
152420 0.00 0.00 0.00 0
152421 0.00 0.00 0.00 0
152422 0.00 0.00 0.00 0
152423 0.00 0.00 0.00 0
152424 0.00 0.00 0.00 0
152425 0.00 0.00 0.00 0
152426 0.00 0.00 0.00 0
152427 0.00 0.00 0.00 0
152428 0.00 0.00 0.00 0
152429 0.00 0.00 0.00 0
152430 0.00 0.00 0.00 0
152431 0.00 0.00 0.00 0
152432 0.00 0.00 0.00 0
152433 0.00 0.00 0.00 0
152434 0.00 0.00 0.00 0
152435 0.00 0.00 0.00 0
152436 0.00 0.00 0.00 0
152437 0.00 0.00 0.00 0
152438 0.00 0.00 0.00 0
152439 0.00 0.00 0.00 0
152440 0.00 0.00 0.00 0
152441 0.00 0.00 0.00 0
152442 0.00 0.00 0.00 0
152443 0.00 0.00 0.00 0
152444 0.00 0.00 0.00 0
152445 0.00 0.00 0.00 0
152446 0.00 0.00 0.00 0
152447 0.00 0.00 0.00 0
152448 0.00 0.00 0.00 0
152449 0.00 0.00 0.00 0
152450 0.00 0.00 0.00 0
152451 0.00 0.00 0.00 0
152452 0.00 0.00 0.00 0
152453 0.00 0.00 0.00 0
152454 0.00 0.00 0.00 0
152455 0.00 0.00 0.00 0
152456 0.00 0.00 0.00 0
152457 0.00 0.00 0.00 0
152458 0.00 0.00 0.00 0
152459 0.00 0.00 0.00 0
152460 0.00 0.00 0.00 0
152461 0.00 0.00 0.00 0
152462 0.00 0.00 0.00 0
152463 0.00 0.00 0.00 0
152464 0.00 0.00 0.00 0
152465 0.00 0.00 0.00 0
152466 0.00 0.00 0.00 0
152467 0.00 0.00 0.00 0
152468 0.00 0.00 0.00 0
152469 0.00 0.00 0.00 0
152470 0.00 0.00 0.00 0
152471 0.00 0.00 0.00 0
152472 0.00 0.00 0.00 0
152473 0.00 0.00 0.00 0
152474 0.00 0.00 0.00 0
152475 0.00 0.00 0.00 0
152476 0.00 0.00 0.00 0
152477 0.00 0.00 0.00 0
152478 0.00 0.00 0.00 0
152479 0.00 0.00 0.00 0
152480 0.00 0.00 0.00 0
152481 0.00 0.00 0.00 0
152482 0.00 0.00 0.00 0
152483 0.00 0.00 0.00 0
152484 0.00 0.00 0.00 0
152485 0.00 0.00 0.00 0
152486 0.00 0.00 0.00 0
152487 0.00 0.00 0.00 0
152488 0.00 0.00 0.00 0
152489 0.00 0.00 0.00 0
152490 0.00 0.00 0.00 0
152491 0.00 0.00 0.00 0
152492 0.00 0.00 0.00 0
152493 0.00 0.00 0.00 0
152494 0.00 0.00 0.00 0
152497 0.00 0.00 0.00 0
152498 0.00 0.00 0.00 0
152499 0.00 0.00 0.00 0
152500 0.00 0.00 0.00 0
152501 0.00 0.00 0.00 0
152502 0.00 0.00 0.00 0
152503 0.00 0.00 0.00 0
152504 0.00 0.00 0.00 0
152505 0.00 0.00 0.00 0
152506 0.00 0.00 0.00 0
152507 0.00 0.00 0.00 0
152508 0.00 0.00 0.00 0
152509 0.00 0.00 0.00 0
152510 0.00 0.00 0.00 0
152511 0.00 0.00 0.00 0
152512 0.00 0.00 0.00 0
152513 0.00 0.00 0.00 0
152514 0.00 0.00 0.00 0
152515 0.00 0.00 0.00 0
152516 0.00 0.00 0.00 0
152517 0.00 0.00 0.00 0
152518 0.00 0.00 0.00 0
152519 0.00 0.00 0.00 0
152520 0.00 0.00 0.00 0
152521 0.00 0.00 0.00 0
152522 0.00 0.00 0.00 0
152523 0.00 0.00 0.00 0
152541 0.00 0.00 0.00 0
152542 0.00 0.00 0.00 0
152543 0.00 0.00 0.00 0
152544 0.00 0.00 0.00 0
152545 0.00 0.00 0.00 0
152546 0.00 0.00 0.00 0
152547 0.00 0.00 0.00 0
152548 0.00 0.00 0.00 0
152549 0.00 0.00 0.00 0
152550 0.00 0.00 0.00 0
152551 0.00 0.00 0.00 0
152552 0.00 0.00 0.00 0
152553 0.00 0.00 0.00 0
152554 0.00 0.00 0.00 0
152555 0.00 0.00 0.00 0
152556 0.00 0.00 0.00 0
152557 0.00 0.00 0.00 0
152558 0.00 0.00 0.00 0
152559 0.00 0.00 0.00 0
152562 0.00 0.00 0.00 0
152565 0.00 0.00 0.00 0
