# S_interm_prim-Jensen
686
73 0.00 0.00 0.00 0
142 0.00 0.00 0.00 0
1293 0.00 0.00 0.00 0
1710 0.00 0.00 0.00 0
1712 0.00 0.00 0.00 0
1715 0.00 0.00 0.00 0
1940 0.00 0.00 0.00 0
1942 0.00 0.00 0.00 0
1943 0.00 0.00 0.00 0
2394 0.00 0.00 0.00 0
3210 0.00 0.00 0.00 0
3213 0.00 0.00 0.00 0
3214 0.00 0.00 0.00 0
3215 0.00 0.00 0.00 0
3811 0.00 0.00 0.00 0
4258 0.00 0.00 0.00 0
4259 0.00 0.00 0.00 0
4264 0.00 0.00 0.00 0
4266 0.00 0.00 0.00 0
4268 0.00 0.00 0.00 0
6935 0.00 0.00 0.00 0
6938 0.00 0.00 0.00 0
7830 0.00 0.00 0.00 0
7832 0.00 0.00 0.00 0
7833 0.00 0.00 0.00 0
7834 0.00 0.00 0.00 0
7837 0.00 0.00 0.00 0
7839 0.00 0.00 0.00 0
7840 0.00 0.00 0.00 0
7841 0.00 0.00 0.00 0
7842 0.00 0.00 0.00 0
8419 0.00 0.00 0.00 0
8420 0.00 0.00 0.00 0
8426 0.00 0.00 0.00 0
8427 0.00 0.00 0.00 0
8428 0.00 0.00 0.00 0
8429 0.00 0.00 0.00 0
8430 0.00 0.00 0.00 0
9738 0.00 0.00 0.00 0
9739 0.00 0.00 0.00 0
9740 0.00 0.00 0.00 0
10890 0.00 0.00 0.00 0
10892 0.00 0.00 0.00 0
10893 0.00 0.00 0.00 0
10894 0.00 0.00 0.00 0
10895 0.00 0.00 0.00 0
10896 0.00 0.00 0.00 0
10897 0.00 0.00 0.00 0
10899 0.00 0.00 0.00 0
11943 0.00 0.00 0.00 0
11944 0.00 0.00 0.00 0
13019 0.00 0.00 0.00 0
15398 0.00 0.00 0.00 0
15400 0.00 0.00 0.00 0
15401 0.00 0.00 0.00 0
15402 0.00 0.00 0.00 0
15403 0.00 0.00 0.00 0
17190 0.00 0.00 0.00 0
17191 0.00 0.00 0.00 0
17192 0.00 0.00 0.00 0
17193 0.00 0.00 0.00 0
17194 0.00 0.00 0.00 0
17195 0.00 0.00 0.00 0
17196 0.00 0.00 0.00 0
17197 0.00 0.00 0.00 0
17210 0.00 0.00 0.00 0
17211 0.00 0.00 0.00 0
17212 0.00 0.00 0.00 0
17213 0.00 0.00 0.00 0
18535 0.00 0.00 0.00 0
18536 0.00 0.00 0.00 0
18537 0.00 0.00 0.00 0
18538 0.00 0.00 0.00 0
18539 0.00 0.00 0.00 0
18551 0.00 0.00 0.00 0
18555 0.00 0.00 0.00 0
18556 0.00 0.00 0.00 0
18557 0.00 0.00 0.00 0
18558 0.00 0.00 0.00 0
18559 0.00 0.00 0.00 0
18560 0.00 0.00 0.00 0
18561 0.00 0.00 0.00 0
18562 0.00 0.00 0.00 0
18563 0.00 0.00 0.00 0
18564 0.00 0.00 0.00 0
18566 0.00 0.00 0.00 0
21780 0.00 0.00 0.00 0
21781 0.00 0.00 0.00 0
21782 0.00 0.00 0.00 0
21784 0.00 0.00 0.00 0
21785 0.00 0.00 0.00 0
21786 0.00 0.00 0.00 0
21787 0.00 0.00 0.00 0
24210 0.00 0.00 0.00 0
24211 0.00 0.00 0.00 0
24215 0.00 0.00 0.00 0
24216 0.00 0.00 0.00 0
24217 0.00 0.00 0.00 0
24218 0.00 0.00 0.00 0
24219 0.00 0.00 0.00 0
24221 0.00 0.00 0.00 0
25290 0.00 0.00 0.00 0
25291 0.00 0.00 0.00 0
25292 0.00 0.00 0.00 0
25293 0.00 0.00 0.00 0
26098 0.00 0.00 0.00 0
26099 0.00 0.00 0.00 0
26108 0.00 0.00 0.00 0
26109 0.00 0.00 0.00 0
26110 0.00 0.00 0.00 0
26111 0.00 0.00 0.00 0
26114 0.00 0.00 0.00 0
26115 0.00 0.00 0.00 0
28050 0.00 0.00 0.00 0
30069 0.00 0.00 0.00 0
30070 0.00 0.00 0.00 0
31546 0.00 0.00 0.00 0
31547 0.00 0.00 0.00 0
31549 0.00 0.00 0.00 0
33870 0.00 0.00 0.00 0
33871 0.00 0.00 0.00 0
33872 0.00 0.00 0.00 0
33875 0.00 0.00 0.00 0
33876 0.00 0.00 0.00 0
33877 0.00 0.00 0.00 0
33880 0.00 0.00 0.00 0
33887 0.00 0.00 0.00 0
33888 0.00 0.00 0.00 0
33889 0.00 0.00 0.00 0
33890 0.00 0.00 0.00 0
33891 0.00 0.00 0.00 0
33892 0.00 0.00 0.00 0
33894 0.00 0.00 0.00 0
33895 0.00 0.00 0.00 0
33896 0.00 0.00 0.00 0
33897 0.00 0.00 0.00 0
33898 0.00 0.00 0.00 0
33899 0.00 0.00 0.00 0
33900 0.00 0.00 0.00 0
33901 0.00 0.00 0.00 0
33902 0.00 0.00 0.00 0
35537 0.00 0.00 0.00 0
35538 0.00 0.00 0.00 0
35539 0.00 0.00 0.00 0
35540 0.00 0.00 0.00 0
35558 0.00 0.00 0.00 0
35559 0.00 0.00 0.00 0
35560 0.00 0.00 0.00 0
35561 0.00 0.00 0.00 0
35562 0.00 0.00 0.00 0
35563 0.00 0.00 0.00 0
35564 0.00 0.00 0.00 0
35565 0.00 0.00 0.00 0
35566 0.00 0.00 0.00 0
35567 0.00 0.00 0.00 0
35568 0.00 0.00 0.00 0
35569 0.00 0.00 0.00 0
35570 0.00 0.00 0.00 0
35571 0.00 0.00 0.00 0
35572 0.00 0.00 0.00 0
35573 0.00 0.00 0.00 0
39450 0.00 0.00 0.00 0
39451 0.00 0.00 0.00 0
39452 0.00 0.00 0.00 0
39453 0.00 0.00 0.00 0
39454 0.00 0.00 0.00 0
39455 0.00 0.00 0.00 0
39466 0.00 0.00 0.00 0
41610 0.00 0.00 0.00 0
41611 0.00 0.00 0.00 0
41612 0.00 0.00 0.00 0
41613 0.00 0.00 0.00 0
41614 0.00 0.00 0.00 0
41615 0.00 0.00 0.00 0
41616 0.00 0.00 0.00 0
41617 0.00 0.00 0.00 0
41618 0.00 0.00 0.00 0
41619 0.00 0.00 0.00 0
42663 0.00 0.00 0.00 0
46118 0.00 0.00 0.00 0
46119 0.00 0.00 0.00 0
46120 0.00 0.00 0.00 0
46122 0.00 0.00 0.00 0
47910 0.00 0.00 0.00 0
47911 0.00 0.00 0.00 0
47912 0.00 0.00 0.00 0
47913 0.00 0.00 0.00 0
47914 0.00 0.00 0.00 0
47915 0.00 0.00 0.00 0
47916 0.00 0.00 0.00 0
47917 0.00 0.00 0.00 0
47930 0.00 0.00 0.00 0
47931 0.00 0.00 0.00 0
47932 0.00 0.00 0.00 0
47933 0.00 0.00 0.00 0
49255 0.00 0.00 0.00 0
49256 0.00 0.00 0.00 0
49257 0.00 0.00 0.00 0
49258 0.00 0.00 0.00 0
49259 0.00 0.00 0.00 0
49271 0.00 0.00 0.00 0
49274 0.00 0.00 0.00 0
49275 0.00 0.00 0.00 0
49276 0.00 0.00 0.00 0
49277 0.00 0.00 0.00 0
49278 0.00 0.00 0.00 0
49279 0.00 0.00 0.00 0
49280 0.00 0.00 0.00 0
49281 0.00 0.00 0.00 0
49282 0.00 0.00 0.00 0
49283 0.00 0.00 0.00 0
49284 0.00 0.00 0.00 0
52500 0.00 0.00 0.00 0
52501 0.00 0.00 0.00 0
52502 0.00 0.00 0.00 0
52503 0.00 0.00 0.00 0
52504 0.00 0.00 0.00 0
52505 0.00 0.00 0.00 0
52506 0.00 0.00 0.00 0
52507 0.00 0.00 0.00 0
55710 0.00 0.00 0.00 0
55711 0.00 0.00 0.00 0
55712 0.00 0.00 0.00 0
55718 0.00 0.00 0.00 0
55719 0.00 0.00 0.00 0
55720 0.00 0.00 0.00 0
55721 0.00 0.00 0.00 0
55722 0.00 0.00 0.00 0
55723 0.00 0.00 0.00 0
55724 0.00 0.00 0.00 0
55725 0.00 0.00 0.00 0
55726 0.00 0.00 0.00 0
55727 0.00 0.00 0.00 0
55729 0.00 0.00 0.00 0
57510 0.00 0.00 0.00 0
57511 0.00 0.00 0.00 0
57516 0.00 0.00 0.00 0
58857 0.00 0.00 0.00 0
58858 0.00 0.00 0.00 0
58859 0.00 0.00 0.00 0
58872 0.00 0.00 0.00 0
58873 0.00 0.00 0.00 0
58874 0.00 0.00 0.00 0
58875 0.00 0.00 0.00 0
58876 0.00 0.00 0.00 0
58877 0.00 0.00 0.00 0
66079 0.00 0.00 0.00 0
66081 0.00 0.00 0.00 0
69233 0.00 0.00 0.00 0
69241 0.00 0.00 0.00 0
69242 0.00 0.00 0.00 0
69243 0.00 0.00 0.00 0
69244 0.00 0.00 0.00 0
69245 0.00 0.00 0.00 0
69246 0.00 0.00 0.00 0
69248 0.00 0.00 0.00 0
69249 0.00 0.00 0.00 0
69250 0.00 0.00 0.00 0
74610 0.00 0.00 0.00 0
74611 0.00 0.00 0.00 0
74612 0.00 0.00 0.00 0
74613 0.00 0.00 0.00 0
74614 0.00 0.00 0.00 0
74615 0.00 0.00 0.00 0
74617 0.00 0.00 0.00 0
74618 0.00 0.00 0.00 0
74619 0.00 0.00 0.00 0
74620 0.00 0.00 0.00 0
74621 0.00 0.00 0.00 0
74622 0.00 0.00 0.00 0
74623 0.00 0.00 0.00 0
74624 0.00 0.00 0.00 0
74625 0.00 0.00 0.00 0
74627 0.00 0.00 0.00 0
74628 0.00 0.00 0.00 0
74629 0.00 0.00 0.00 0
74630 0.00 0.00 0.00 0
74631 0.00 0.00 0.00 0
74632 0.00 0.00 0.00 0
74651 0.00 0.00 0.00 0
74652 0.00 0.00 0.00 0
74653 0.00 0.00 0.00 0
74654 0.00 0.00 0.00 0
74655 0.00 0.00 0.00 0
74656 0.00 0.00 0.00 0
74657 0.00 0.00 0.00 0
74659 0.00 0.00 0.00 0
74660 0.00 0.00 0.00 0
74661 0.00 0.00 0.00 0
74662 0.00 0.00 0.00 0
74666 0.00 0.00 0.00 0
74668 0.00 0.00 0.00 0
74669 0.00 0.00 0.00 0
74670 0.00 0.00 0.00 0
74671 0.00 0.00 0.00 0
74672 0.00 0.00 0.00 0
74673 0.00 0.00 0.00 0
74674 0.00 0.00 0.00 0
74675 0.00 0.00 0.00 0
74676 0.00 0.00 0.00 0
74677 0.00 0.00 0.00 0
74678 0.00 0.00 0.00 0
74679 0.00 0.00 0.00 0
74680 0.00 0.00 0.00 0
74681 0.00 0.00 0.00 0
74682 0.00 0.00 0.00 0
74683 0.00 0.00 0.00 0
74684 0.00 0.00 0.00 0
78648 0.00 0.00 0.00 0
78649 0.00 0.00 0.00 0
78650 0.00 0.00 0.00 0
78652 0.00 0.00 0.00 0
78653 0.00 0.00 0.00 0
78654 0.00 0.00 0.00 0
78655 0.00 0.00 0.00 0
78656 0.00 0.00 0.00 0
78657 0.00 0.00 0.00 0
78658 0.00 0.00 0.00 0
78659 0.00 0.00 0.00 0
78693 0.00 0.00 0.00 0
78703 0.00 0.00 0.00 0
78705 0.00 0.00 0.00 0
78706 0.00 0.00 0.00 0
78707 0.00 0.00 0.00 0
78708 0.00 0.00 0.00 0
78709 0.00 0.00 0.00 0
78710 0.00 0.00 0.00 0
78711 0.00 0.00 0.00 0
78712 0.00 0.00 0.00 0
78713 0.00 0.00 0.00 0
78714 0.00 0.00 0.00 0
78715 0.00 0.00 0.00 0
78716 0.00 0.00 0.00 0
78717 0.00 0.00 0.00 0
78718 0.00 0.00 0.00 0
78719 0.00 0.00 0.00 0
78720 0.00 0.00 0.00 0
78721 0.00 0.00 0.00 0
78722 0.00 0.00 0.00 0
78723 0.00 0.00 0.00 0
78724 0.00 0.00 0.00 0
78725 0.00 0.00 0.00 0
78726 0.00 0.00 0.00 0
78727 0.00 0.00 0.00 0
78728 0.00 0.00 0.00 0
78729 0.00 0.00 0.00 0
78730 0.00 0.00 0.00 0
78731 0.00 0.00 0.00 0
78732 0.00 0.00 0.00 0
78733 0.00 0.00 0.00 0
78734 0.00 0.00 0.00 0
78735 0.00 0.00 0.00 0
78736 0.00 0.00 0.00 0
78737 0.00 0.00 0.00 0
78738 0.00 0.00 0.00 0
78739 0.00 0.00 0.00 0
78740 0.00 0.00 0.00 0
78741 0.00 0.00 0.00 0
78742 0.00 0.00 0.00 0
78743 0.00 0.00 0.00 0
88178 0.00 0.00 0.00 0
88179 0.00 0.00 0.00 0
88380 0.00 0.00 0.00 0
88381 0.00 0.00 0.00 0
88382 0.00 0.00 0.00 0
88383 0.00 0.00 0.00 0
88384 0.00 0.00 0.00 0
88385 0.00 0.00 0.00 0
88386 0.00 0.00 0.00 0
88387 0.00 0.00 0.00 0
88391 0.00 0.00 0.00 0
88392 0.00 0.00 0.00 0
88393 0.00 0.00 0.00 0
88394 0.00 0.00 0.00 0
88395 0.00 0.00 0.00 0
88396 0.00 0.00 0.00 0
88397 0.00 0.00 0.00 0
88398 0.00 0.00 0.00 0
88399 0.00 0.00 0.00 0
88400 0.00 0.00 0.00 0
88402 0.00 0.00 0.00 0
93330 0.00 0.00 0.00 0
93332 0.00 0.00 0.00 0
93333 0.00 0.00 0.00 0
93334 0.00 0.00 0.00 0
93335 0.00 0.00 0.00 0
93336 0.00 0.00 0.00 0
93337 0.00 0.00 0.00 0
93338 0.00 0.00 0.00 0
93339 0.00 0.00 0.00 0
93340 0.00 0.00 0.00 0
93341 0.00 0.00 0.00 0
93342 0.00 0.00 0.00 0
95219 0.00 0.00 0.00 0
95225 0.00 0.00 0.00 0
95226 0.00 0.00 0.00 0
95227 0.00 0.00 0.00 0
97163 0.00 0.00 0.00 0
101444 0.00 0.00 0.00 0
101446 0.00 0.00 0.00 0
101447 0.00 0.00 0.00 0
101448 0.00 0.00 0.00 0
101449 0.00 0.00 0.00 0
101450 0.00 0.00 0.00 0
101451 0.00 0.00 0.00 0
101452 0.00 0.00 0.00 0
101453 0.00 0.00 0.00 0
101454 0.00 0.00 0.00 0
101455 0.00 0.00 0.00 0
104670 0.00 0.00 0.00 0
104671 0.00 0.00 0.00 0
104672 0.00 0.00 0.00 0
104673 0.00 0.00 0.00 0
104674 0.00 0.00 0.00 0
104675 0.00 0.00 0.00 0
104676 0.00 0.00 0.00 0
104677 0.00 0.00 0.00 0
104678 0.00 0.00 0.00 0
104679 0.00 0.00 0.00 0
104680 0.00 0.00 0.00 0
104681 0.00 0.00 0.00 0
104682 0.00 0.00 0.00 0
104683 0.00 0.00 0.00 0
104697 0.00 0.00 0.00 0
104698 0.00 0.00 0.00 0
104706 0.00 0.00 0.00 0
104707 0.00 0.00 0.00 0
104708 0.00 0.00 0.00 0
104709 0.00 0.00 0.00 0
104710 0.00 0.00 0.00 0
104711 0.00 0.00 0.00 0
104712 0.00 0.00 0.00 0
104713 0.00 0.00 0.00 0
107091 0.00 0.00 0.00 0
107092 0.00 0.00 0.00 0
107093 0.00 0.00 0.00 0
107094 0.00 0.00 0.00 0
107095 0.00 0.00 0.00 0
107096 0.00 0.00 0.00 0
107097 0.00 0.00 0.00 0
107098 0.00 0.00 0.00 0
107099 0.00 0.00 0.00 0
107119 0.00 0.00 0.00 0
107120 0.00 0.00 0.00 0
107121 0.00 0.00 0.00 0
107126 0.00 0.00 0.00 0
107127 0.00 0.00 0.00 0
107128 0.00 0.00 0.00 0
107129 0.00 0.00 0.00 0
107130 0.00 0.00 0.00 0
107131 0.00 0.00 0.00 0
107133 0.00 0.00 0.00 0
107134 0.00 0.00 0.00 0
107135 0.00 0.00 0.00 0
107136 0.00 0.00 0.00 0
107137 0.00 0.00 0.00 0
107138 0.00 0.00 0.00 0
107139 0.00 0.00 0.00 0
107140 0.00 0.00 0.00 0
107141 0.00 0.00 0.00 0
107142 0.00 0.00 0.00 0
107143 0.00 0.00 0.00 0
107144 0.00 0.00 0.00 0
107145 0.00 0.00 0.00 0
107146 0.00 0.00 0.00 0
112932 0.00 0.00 0.00 0
112933 0.00 0.00 0.00 0
112934 0.00 0.00 0.00 0
112935 0.00 0.00 0.00 0
112936 0.00 0.00 0.00 0
112939 0.00 0.00 0.00 0
112940 0.00 0.00 0.00 0
112941 0.00 0.00 0.00 0
112942 0.00 0.00 0.00 0
112943 0.00 0.00 0.00 0
112944 0.00 0.00 0.00 0
112945 0.00 0.00 0.00 0
117930 0.00 0.00 0.00 0
117931 0.00 0.00 0.00 0
117932 0.00 0.00 0.00 0
117933 0.00 0.00 0.00 0
117935 0.00 0.00 0.00 0
117941 0.00 0.00 0.00 0
117942 0.00 0.00 0.00 0
117943 0.00 0.00 0.00 0
117944 0.00 0.00 0.00 0
117945 0.00 0.00 0.00 0
117946 0.00 0.00 0.00 0
117947 0.00 0.00 0.00 0
117948 0.00 0.00 0.00 0
117949 0.00 0.00 0.00 0
117950 0.00 0.00 0.00 0
117953 0.00 0.00 0.00 0
117954 0.00 0.00 0.00 0
117955 0.00 0.00 0.00 0
117956 0.00 0.00 0.00 0
117957 0.00 0.00 0.00 0
117958 0.00 0.00 0.00 0
120450 0.00 0.00 0.00 0
120451 0.00 0.00 0.00 0
120452 0.00 0.00 0.00 0
120453 0.00 0.00 0.00 0
120454 0.00 0.00 0.00 0
120456 0.00 0.00 0.00 0
120457 0.00 0.00 0.00 0
120458 0.00 0.00 0.00 0
120459 0.00 0.00 0.00 0
122336 0.00 0.00 0.00 0
122337 0.00 0.00 0.00 0
122338 0.00 0.00 0.00 0
122339 0.00 0.00 0.00 0
122355 0.00 0.00 0.00 0
122356 0.00 0.00 0.00 0
122357 0.00 0.00 0.00 0
122358 0.00 0.00 0.00 0
122359 0.00 0.00 0.00 0
122360 0.00 0.00 0.00 0
122361 0.00 0.00 0.00 0
122362 0.00 0.00 0.00 0
122363 0.00 0.00 0.00 0
122364 0.00 0.00 0.00 0
122365 0.00 0.00 0.00 0
122370 0.00 0.00 0.00 0
122371 0.00 0.00 0.00 0
122372 0.00 0.00 0.00 0
122373 0.00 0.00 0.00 0
122374 0.00 0.00 0.00 0
122375 0.00 0.00 0.00 0
122377 0.00 0.00 0.00 0
122378 0.00 0.00 0.00 0
126887 0.00 0.00 0.00 0
126888 0.00 0.00 0.00 0
126889 0.00 0.00 0.00 0
132083 0.00 0.00 0.00 0
132086 0.00 0.00 0.00 0
132087 0.00 0.00 0.00 0
132088 0.00 0.00 0.00 0
136061 0.00 0.00 0.00 0
136090 0.00 0.00 0.00 0
136091 0.00 0.00 0.00 0
136092 0.00 0.00 0.00 0
136093 0.00 0.00 0.00 0
136094 0.00 0.00 0.00 0
136102 0.00 0.00 0.00 0
142710 0.00 0.00 0.00 0
142711 0.00 0.00 0.00 0
142712 0.00 0.00 0.00 0
142713 0.00 0.00 0.00 0
142714 0.00 0.00 0.00 0
142715 0.00 0.00 0.00 0
142716 0.00 0.00 0.00 0
142721 0.00 0.00 0.00 0
142722 0.00 0.00 0.00 0
142723 0.00 0.00 0.00 0
142724 0.00 0.00 0.00 0
142725 0.00 0.00 0.00 0
142726 0.00 0.00 0.00 0
142727 0.00 0.00 0.00 0
142733 0.00 0.00 0.00 0
142738 0.00 0.00 0.00 0
142757 0.00 0.00 0.00 0
142758 0.00 0.00 0.00 0
142759 0.00 0.00 0.00 0
142761 0.00 0.00 0.00 0
142762 0.00 0.00 0.00 0
142763 0.00 0.00 0.00 0
142764 0.00 0.00 0.00 0
142765 0.00 0.00 0.00 0
142766 0.00 0.00 0.00 0
142767 0.00 0.00 0.00 0
142768 0.00 0.00 0.00 0
142769 0.00 0.00 0.00 0
142770 0.00 0.00 0.00 0
142771 0.00 0.00 0.00 0
142772 0.00 0.00 0.00 0
142773 0.00 0.00 0.00 0
142774 0.00 0.00 0.00 0
142780 0.00 0.00 0.00 0
142781 0.00 0.00 0.00 0
142782 0.00 0.00 0.00 0
142783 0.00 0.00 0.00 0
142784 0.00 0.00 0.00 0
142785 0.00 0.00 0.00 0
142786 0.00 0.00 0.00 0
142787 0.00 0.00 0.00 0
142788 0.00 0.00 0.00 0
142789 0.00 0.00 0.00 0
142790 0.00 0.00 0.00 0
142791 0.00 0.00 0.00 0
142792 0.00 0.00 0.00 0
142793 0.00 0.00 0.00 0
142794 0.00 0.00 0.00 0
142795 0.00 0.00 0.00 0
142796 0.00 0.00 0.00 0
142797 0.00 0.00 0.00 0
142798 0.00 0.00 0.00 0
142799 0.00 0.00 0.00 0
142800 0.00 0.00 0.00 0
142801 0.00 0.00 0.00 0
142802 0.00 0.00 0.00 0
142810 0.00 0.00 0.00 0
147606 0.00 0.00 0.00 0
147612 0.00 0.00 0.00 0
147613 0.00 0.00 0.00 0
147614 0.00 0.00 0.00 0
147615 0.00 0.00 0.00 0
147616 0.00 0.00 0.00 0
147617 0.00 0.00 0.00 0
147618 0.00 0.00 0.00 0
147619 0.00 0.00 0.00 0
147620 0.00 0.00 0.00 0
147673 0.00 0.00 0.00 0
147675 0.00 0.00 0.00 0
147676 0.00 0.00 0.00 0
147677 0.00 0.00 0.00 0
147678 0.00 0.00 0.00 0
147679 0.00 0.00 0.00 0
147680 0.00 0.00 0.00 0
147681 0.00 0.00 0.00 0
147682 0.00 0.00 0.00 0
147683 0.00 0.00 0.00 0
147684 0.00 0.00 0.00 0
147685 0.00 0.00 0.00 0
147686 0.00 0.00 0.00 0
147687 0.00 0.00 0.00 0
147688 0.00 0.00 0.00 0
147689 0.00 0.00 0.00 0
147690 0.00 0.00 0.00 0
147691 0.00 0.00 0.00 0
147692 0.00 0.00 0.00 0
147693 0.00 0.00 0.00 0
147694 0.00 0.00 0.00 0
147695 0.00 0.00 0.00 0
147696 0.00 0.00 0.00 0
147697 0.00 0.00 0.00 0
147698 0.00 0.00 0.00 0
147699 0.00 0.00 0.00 0
147700 0.00 0.00 0.00 0
147701 0.00 0.00 0.00 0
147702 0.00 0.00 0.00 0
147703 0.00 0.00 0.00 0
147704 0.00 0.00 0.00 0
147705 0.00 0.00 0.00 0
147706 0.00 0.00 0.00 0
147707 0.00 0.00 0.00 0
147708 0.00 0.00 0.00 0
147709 0.00 0.00 0.00 0
147710 0.00 0.00 0.00 0
147711 0.00 0.00 0.00 0
147712 0.00 0.00 0.00 0
147713 0.00 0.00 0.00 0
147714 0.00 0.00 0.00 0
147715 0.00 0.00 0.00 0
147716 0.00 0.00 0.00 0
147717 0.00 0.00 0.00 0
147718 0.00 0.00 0.00 0
147719 0.00 0.00 0.00 0
147720 0.00 0.00 0.00 0
147721 0.00 0.00 0.00 0
159063 0.00 0.00 0.00 0
159064 0.00 0.00 0.00 0
159306 0.00 0.00 0.00 0
159307 0.00 0.00 0.00 0
159308 0.00 0.00 0.00 0
159309 0.00 0.00 0.00 0
159310 0.00 0.00 0.00 0
159311 0.00 0.00 0.00 0
159315 0.00 0.00 0.00 0
159316 0.00 0.00 0.00 0
159317 0.00 0.00 0.00 0
159318 0.00 0.00 0.00 0
159319 0.00 0.00 0.00 0
159320 0.00 0.00 0.00 0
159321 0.00 0.00 0.00 0
159322 0.00 0.00 0.00 0
159323 0.00 0.00 0.00 0
159324 0.00 0.00 0.00 0
159327 0.00 0.00 0.00 0
159341 0.00 0.00 0.00 0
159349 0.00 0.00 0.00 0
159350 0.00 0.00 0.00 0
159351 0.00 0.00 0.00 0
159352 0.00 0.00 0.00 0
159353 0.00 0.00 0.00 0
159356 0.00 0.00 0.00 0
159357 0.00 0.00 0.00 0
