# S_interm_prim-Jensen
495
185 0.00 0.00 0.00 0
407 0.00 0.00 0.00 0
917 0.00 0.00 0.00 0
918 0.00 0.00 0.00 0
919 0.00 0.00 0.00 0
920 0.00 0.00 0.00 0
1486 0.00 0.00 0.00 0
1487 0.00 0.00 0.00 0
2837 0.00 0.00 0.00 0
2838 0.00 0.00 0.00 0
2839 0.00 0.00 0.00 0
2840 0.00 0.00 0.00 0
3438 0.00 0.00 0.00 0
3439 0.00 0.00 0.00 0
3440 0.00 0.00 0.00 0
4192 0.00 0.00 0.00 0
4194 0.00 0.00 0.00 0
4195 0.00 0.00 0.00 0
4201 0.00 0.00 0.00 0
6259 0.00 0.00 0.00 0
6260 0.00 0.00 0.00 0
6261 0.00 0.00 0.00 0
6262 0.00 0.00 0.00 0
6263 0.00 0.00 0.00 0
6264 0.00 0.00 0.00 0
6265 0.00 0.00 0.00 0
7308 0.00 0.00 0.00 0
7309 0.00 0.00 0.00 0
7310 0.00 0.00 0.00 0
7311 0.00 0.00 0.00 0
7312 0.00 0.00 0.00 0
7313 0.00 0.00 0.00 0
8338 0.00 0.00 0.00 0
8347 0.00 0.00 0.00 0
10518 0.00 0.00 0.00 0
11872 0.00 0.00 0.00 0
11873 0.00 0.00 0.00 0
11874 0.00 0.00 0.00 0
11875 0.00 0.00 0.00 0
11877 0.00 0.00 0.00 0
11879 0.00 0.00 0.00 0
11881 0.00 0.00 0.00 0
14272 0.00 0.00 0.00 0
14273 0.00 0.00 0.00 0
14274 0.00 0.00 0.00 0
14275 0.00 0.00 0.00 0
14276 0.00 0.00 0.00 0
14277 0.00 0.00 0.00 0
14278 0.00 0.00 0.00 0
14279 0.00 0.00 0.00 0
14280 0.00 0.00 0.00 0
14281 0.00 0.00 0.00 0
16069 0.00 0.00 0.00 0
16070 0.00 0.00 0.00 0
16071 0.00 0.00 0.00 0
16075 0.00 0.00 0.00 0
16076 0.00 0.00 0.00 0
16077 0.00 0.00 0.00 0
16078 0.00 0.00 0.00 0
16079 0.00 0.00 0.00 0
16080 0.00 0.00 0.00 0
16081 0.00 0.00 0.00 0
16082 0.00 0.00 0.00 0
16083 0.00 0.00 0.00 0
18345 0.00 0.00 0.00 0
18346 0.00 0.00 0.00 0
18347 0.00 0.00 0.00 0
18367 0.00 0.00 0.00 0
18368 0.00 0.00 0.00 0
18369 0.00 0.00 0.00 0
23539 0.00 0.00 0.00 0
23540 0.00 0.00 0.00 0
23541 0.00 0.00 0.00 0
23542 0.00 0.00 0.00 0
23543 0.00 0.00 0.00 0
23544 0.00 0.00 0.00 0
24618 0.00 0.00 0.00 0
24621 0.00 0.00 0.00 0
24622 0.00 0.00 0.00 0
24623 0.00 0.00 0.00 0
24624 0.00 0.00 0.00 0
24625 0.00 0.00 0.00 0
24626 0.00 0.00 0.00 0
25981 0.00 0.00 0.00 0
25983 0.00 0.00 0.00 0
25984 0.00 0.00 0.00 0
25997 0.00 0.00 0.00 0
29965 0.00 0.00 0.00 0
29966 0.00 0.00 0.00 0
29967 0.00 0.00 0.00 0
29968 0.00 0.00 0.00 0
29969 0.00 0.00 0.00 0
29970 0.00 0.00 0.00 0
29971 0.00 0.00 0.00 0
29972 0.00 0.00 0.00 0
29973 0.00 0.00 0.00 0
29974 0.00 0.00 0.00 0
29975 0.00 0.00 0.00 0
29976 0.00 0.00 0.00 0
29977 0.00 0.00 0.00 0
29978 0.00 0.00 0.00 0
29979 0.00 0.00 0.00 0
29980 0.00 0.00 0.00 0
32453 0.00 0.00 0.00 0
32454 0.00 0.00 0.00 0
32456 0.00 0.00 0.00 0
32457 0.00 0.00 0.00 0
32458 0.00 0.00 0.00 0
32459 0.00 0.00 0.00 0
32460 0.00 0.00 0.00 0
32461 0.00 0.00 0.00 0
32462 0.00 0.00 0.00 0
32463 0.00 0.00 0.00 0
32464 0.00 0.00 0.00 0
32465 0.00 0.00 0.00 0
32466 0.00 0.00 0.00 0
32467 0.00 0.00 0.00 0
32468 0.00 0.00 0.00 0
32469 0.00 0.00 0.00 0
32470 0.00 0.00 0.00 0
35302 0.00 0.00 0.00 0
35303 0.00 0.00 0.00 0
35329 0.00 0.00 0.00 0
35330 0.00 0.00 0.00 0
42592 0.00 0.00 0.00 0
42593 0.00 0.00 0.00 0
42594 0.00 0.00 0.00 0
42595 0.00 0.00 0.00 0
42596 0.00 0.00 0.00 0
42597 0.00 0.00 0.00 0
42598 0.00 0.00 0.00 0
42599 0.00 0.00 0.00 0
42600 0.00 0.00 0.00 0
42601 0.00 0.00 0.00 0
44992 0.00 0.00 0.00 0
44993 0.00 0.00 0.00 0
44994 0.00 0.00 0.00 0
44995 0.00 0.00 0.00 0
44996 0.00 0.00 0.00 0
44997 0.00 0.00 0.00 0
44998 0.00 0.00 0.00 0
44999 0.00 0.00 0.00 0
45000 0.00 0.00 0.00 0
45001 0.00 0.00 0.00 0
46787 0.00 0.00 0.00 0
46789 0.00 0.00 0.00 0
46790 0.00 0.00 0.00 0
46791 0.00 0.00 0.00 0
46795 0.00 0.00 0.00 0
46796 0.00 0.00 0.00 0
46797 0.00 0.00 0.00 0
46798 0.00 0.00 0.00 0
46799 0.00 0.00 0.00 0
46800 0.00 0.00 0.00 0
46801 0.00 0.00 0.00 0
49065 0.00 0.00 0.00 0
49066 0.00 0.00 0.00 0
49067 0.00 0.00 0.00 0
49087 0.00 0.00 0.00 0
49088 0.00 0.00 0.00 0
49089 0.00 0.00 0.00 0
54592 0.00 0.00 0.00 0
54593 0.00 0.00 0.00 0
54594 0.00 0.00 0.00 0
54595 0.00 0.00 0.00 0
54596 0.00 0.00 0.00 0
54597 0.00 0.00 0.00 0
54598 0.00 0.00 0.00 0
54599 0.00 0.00 0.00 0
54600 0.00 0.00 0.00 0
56396 0.00 0.00 0.00 0
56397 0.00 0.00 0.00 0
56398 0.00 0.00 0.00 0
56399 0.00 0.00 0.00 0
56400 0.00 0.00 0.00 0
56401 0.00 0.00 0.00 0
58659 0.00 0.00 0.00 0
58660 0.00 0.00 0.00 0
58661 0.00 0.00 0.00 0
58662 0.00 0.00 0.00 0
58663 0.00 0.00 0.00 0
58664 0.00 0.00 0.00 0
58665 0.00 0.00 0.00 0
58666 0.00 0.00 0.00 0
58667 0.00 0.00 0.00 0
58682 0.00 0.00 0.00 0
58686 0.00 0.00 0.00 0
65857 0.00 0.00 0.00 0
65858 0.00 0.00 0.00 0
65859 0.00 0.00 0.00 0
65860 0.00 0.00 0.00 0
65861 0.00 0.00 0.00 0
65862 0.00 0.00 0.00 0
65863 0.00 0.00 0.00 0
65864 0.00 0.00 0.00 0
65865 0.00 0.00 0.00 0
65866 0.00 0.00 0.00 0
65867 0.00 0.00 0.00 0
65868 0.00 0.00 0.00 0
65869 0.00 0.00 0.00 0
65870 0.00 0.00 0.00 0
65871 0.00 0.00 0.00 0
65872 0.00 0.00 0.00 0
65873 0.00 0.00 0.00 0
65874 0.00 0.00 0.00 0
65875 0.00 0.00 0.00 0
65876 0.00 0.00 0.00 0
65877 0.00 0.00 0.00 0
65878 0.00 0.00 0.00 0
65879 0.00 0.00 0.00 0
65880 0.00 0.00 0.00 0
65881 0.00 0.00 0.00 0
65882 0.00 0.00 0.00 0
65883 0.00 0.00 0.00 0
65884 0.00 0.00 0.00 0
65885 0.00 0.00 0.00 0
65886 0.00 0.00 0.00 0
65887 0.00 0.00 0.00 0
65888 0.00 0.00 0.00 0
65889 0.00 0.00 0.00 0
71252 0.00 0.00 0.00 0
71253 0.00 0.00 0.00 0
71254 0.00 0.00 0.00 0
71255 0.00 0.00 0.00 0
71256 0.00 0.00 0.00 0
71260 0.00 0.00 0.00 0
71261 0.00 0.00 0.00 0
71262 0.00 0.00 0.00 0
71263 0.00 0.00 0.00 0
71264 0.00 0.00 0.00 0
71267 0.00 0.00 0.00 0
71268 0.00 0.00 0.00 0
71269 0.00 0.00 0.00 0
71270 0.00 0.00 0.00 0
71271 0.00 0.00 0.00 0
71272 0.00 0.00 0.00 0
71273 0.00 0.00 0.00 0
71274 0.00 0.00 0.00 0
71275 0.00 0.00 0.00 0
71276 0.00 0.00 0.00 0
71277 0.00 0.00 0.00 0
71278 0.00 0.00 0.00 0
71279 0.00 0.00 0.00 0
71280 0.00 0.00 0.00 0
71281 0.00 0.00 0.00 0
71282 0.00 0.00 0.00 0
71283 0.00 0.00 0.00 0
71284 0.00 0.00 0.00 0
71285 0.00 0.00 0.00 0
71286 0.00 0.00 0.00 0
71287 0.00 0.00 0.00 0
71288 0.00 0.00 0.00 0
71289 0.00 0.00 0.00 0
71290 0.00 0.00 0.00 0
71291 0.00 0.00 0.00 0
71292 0.00 0.00 0.00 0
71293 0.00 0.00 0.00 0
71294 0.00 0.00 0.00 0
71295 0.00 0.00 0.00 0
71296 0.00 0.00 0.00 0
78075 0.00 0.00 0.00 0
78076 0.00 0.00 0.00 0
78077 0.00 0.00 0.00 0
78078 0.00 0.00 0.00 0
78079 0.00 0.00 0.00 0
78080 0.00 0.00 0.00 0
78081 0.00 0.00 0.00 0
78084 0.00 0.00 0.00 0
78142 0.00 0.00 0.00 0
78143 0.00 0.00 0.00 0
78144 0.00 0.00 0.00 0
78145 0.00 0.00 0.00 0
78146 0.00 0.00 0.00 0
78147 0.00 0.00 0.00 0
78148 0.00 0.00 0.00 0
78149 0.00 0.00 0.00 0
92659 0.00 0.00 0.00 0
92660 0.00 0.00 0.00 0
95098 0.00 0.00 0.00 0
95099 0.00 0.00 0.00 0
95100 0.00 0.00 0.00 0
95101 0.00 0.00 0.00 0
95102 0.00 0.00 0.00 0
95103 0.00 0.00 0.00 0
95104 0.00 0.00 0.00 0
95105 0.00 0.00 0.00 0
95113 0.00 0.00 0.00 0
95114 0.00 0.00 0.00 0
95115 0.00 0.00 0.00 0
99418 0.00 0.00 0.00 0
99419 0.00 0.00 0.00 0
99420 0.00 0.00 0.00 0
99421 0.00 0.00 0.00 0
99422 0.00 0.00 0.00 0
99423 0.00 0.00 0.00 0
99424 0.00 0.00 0.00 0
99425 0.00 0.00 0.00 0
99426 0.00 0.00 0.00 0
99427 0.00 0.00 0.00 0
99428 0.00 0.00 0.00 0
99429 0.00 0.00 0.00 0
99430 0.00 0.00 0.00 0
99431 0.00 0.00 0.00 0
99432 0.00 0.00 0.00 0
99433 0.00 0.00 0.00 0
99434 0.00 0.00 0.00 0
99435 0.00 0.00 0.00 0
99437 0.00 0.00 0.00 0
102655 0.00 0.00 0.00 0
102656 0.00 0.00 0.00 0
102657 0.00 0.00 0.00 0
102662 0.00 0.00 0.00 0
102663 0.00 0.00 0.00 0
102664 0.00 0.00 0.00 0
102665 0.00 0.00 0.00 0
102666 0.00 0.00 0.00 0
102667 0.00 0.00 0.00 0
102668 0.00 0.00 0.00 0
102669 0.00 0.00 0.00 0
102670 0.00 0.00 0.00 0
102671 0.00 0.00 0.00 0
102672 0.00 0.00 0.00 0
102673 0.00 0.00 0.00 0
102674 0.00 0.00 0.00 0
102675 0.00 0.00 0.00 0
102676 0.00 0.00 0.00 0
102677 0.00 0.00 0.00 0
102678 0.00 0.00 0.00 0
102679 0.00 0.00 0.00 0
102680 0.00 0.00 0.00 0
102681 0.00 0.00 0.00 0
106749 0.00 0.00 0.00 0
106750 0.00 0.00 0.00 0
106751 0.00 0.00 0.00 0
106752 0.00 0.00 0.00 0
106753 0.00 0.00 0.00 0
106789 0.00 0.00 0.00 0
106790 0.00 0.00 0.00 0
106791 0.00 0.00 0.00 0
106792 0.00 0.00 0.00 0
106793 0.00 0.00 0.00 0
116365 0.00 0.00 0.00 0
116366 0.00 0.00 0.00 0
116367 0.00 0.00 0.00 0
116368 0.00 0.00 0.00 0
116369 0.00 0.00 0.00 0
116370 0.00 0.00 0.00 0
116371 0.00 0.00 0.00 0
116372 0.00 0.00 0.00 0
116373 0.00 0.00 0.00 0
116374 0.00 0.00 0.00 0
116375 0.00 0.00 0.00 0
116376 0.00 0.00 0.00 0
116377 0.00 0.00 0.00 0
116378 0.00 0.00 0.00 0
116379 0.00 0.00 0.00 0
118884 0.00 0.00 0.00 0
118889 0.00 0.00 0.00 0
118890 0.00 0.00 0.00 0
118891 0.00 0.00 0.00 0
118892 0.00 0.00 0.00 0
118893 0.00 0.00 0.00 0
118894 0.00 0.00 0.00 0
118895 0.00 0.00 0.00 0
118896 0.00 0.00 0.00 0
118897 0.00 0.00 0.00 0
118898 0.00 0.00 0.00 0
118899 0.00 0.00 0.00 0
118900 0.00 0.00 0.00 0
118901 0.00 0.00 0.00 0
118902 0.00 0.00 0.00 0
118903 0.00 0.00 0.00 0
122061 0.00 0.00 0.00 0
122062 0.00 0.00 0.00 0
122067 0.00 0.00 0.00 0
122068 0.00 0.00 0.00 0
122069 0.00 0.00 0.00 0
122070 0.00 0.00 0.00 0
122099 0.00 0.00 0.00 0
131803 0.00 0.00 0.00 0
131804 0.00 0.00 0.00 0
131805 0.00 0.00 0.00 0
131806 0.00 0.00 0.00 0
131807 0.00 0.00 0.00 0
131808 0.00 0.00 0.00 0
131809 0.00 0.00 0.00 0
131810 0.00 0.00 0.00 0
131811 0.00 0.00 0.00 0
131812 0.00 0.00 0.00 0
131813 0.00 0.00 0.00 0
131814 0.00 0.00 0.00 0
131815 0.00 0.00 0.00 0
131816 0.00 0.00 0.00 0
131817 0.00 0.00 0.00 0
131818 0.00 0.00 0.00 0
131819 0.00 0.00 0.00 0
131820 0.00 0.00 0.00 0
131821 0.00 0.00 0.00 0
131822 0.00 0.00 0.00 0
131823 0.00 0.00 0.00 0
131824 0.00 0.00 0.00 0
131825 0.00 0.00 0.00 0
131826 0.00 0.00 0.00 0
131827 0.00 0.00 0.00 0
131828 0.00 0.00 0.00 0
131829 0.00 0.00 0.00 0
131830 0.00 0.00 0.00 0
131831 0.00 0.00 0.00 0
131832 0.00 0.00 0.00 0
131833 0.00 0.00 0.00 0
131834 0.00 0.00 0.00 0
131835 0.00 0.00 0.00 0
131836 0.00 0.00 0.00 0
131837 0.00 0.00 0.00 0
131838 0.00 0.00 0.00 0
131839 0.00 0.00 0.00 0
131840 0.00 0.00 0.00 0
131841 0.00 0.00 0.00 0
131842 0.00 0.00 0.00 0
131843 0.00 0.00 0.00 0
131844 0.00 0.00 0.00 0
131845 0.00 0.00 0.00 0
131846 0.00 0.00 0.00 0
131847 0.00 0.00 0.00 0
131848 0.00 0.00 0.00 0
131849 0.00 0.00 0.00 0
138606 0.00 0.00 0.00 0
138608 0.00 0.00 0.00 0
138609 0.00 0.00 0.00 0
138610 0.00 0.00 0.00 0
138611 0.00 0.00 0.00 0
138612 0.00 0.00 0.00 0
138619 0.00 0.00 0.00 0
138620 0.00 0.00 0.00 0
138621 0.00 0.00 0.00 0
138624 0.00 0.00 0.00 0
138625 0.00 0.00 0.00 0
138626 0.00 0.00 0.00 0
138627 0.00 0.00 0.00 0
138628 0.00 0.00 0.00 0
138629 0.00 0.00 0.00 0
138630 0.00 0.00 0.00 0
138631 0.00 0.00 0.00 0
138632 0.00 0.00 0.00 0
138633 0.00 0.00 0.00 0
138634 0.00 0.00 0.00 0
138635 0.00 0.00 0.00 0
138636 0.00 0.00 0.00 0
138637 0.00 0.00 0.00 0
138638 0.00 0.00 0.00 0
138639 0.00 0.00 0.00 0
138640 0.00 0.00 0.00 0
138641 0.00 0.00 0.00 0
138642 0.00 0.00 0.00 0
138643 0.00 0.00 0.00 0
138644 0.00 0.00 0.00 0
138645 0.00 0.00 0.00 0
138646 0.00 0.00 0.00 0
138647 0.00 0.00 0.00 0
138648 0.00 0.00 0.00 0
138649 0.00 0.00 0.00 0
138650 0.00 0.00 0.00 0
138651 0.00 0.00 0.00 0
138652 0.00 0.00 0.00 0
138653 0.00 0.00 0.00 0
138654 0.00 0.00 0.00 0
138655 0.00 0.00 0.00 0
138656 0.00 0.00 0.00 0
138657 0.00 0.00 0.00 0
138658 0.00 0.00 0.00 0
138659 0.00 0.00 0.00 0
138660 0.00 0.00 0.00 0
138661 0.00 0.00 0.00 0
138662 0.00 0.00 0.00 0
138663 0.00 0.00 0.00 0
146914 0.00 0.00 0.00 0
146915 0.00 0.00 0.00 0
146916 0.00 0.00 0.00 0
146917 0.00 0.00 0.00 0
146918 0.00 0.00 0.00 0
146919 0.00 0.00 0.00 0
146920 0.00 0.00 0.00 0
146923 0.00 0.00 0.00 0
146924 0.00 0.00 0.00 0
146995 0.00 0.00 0.00 0
146996 0.00 0.00 0.00 0
146997 0.00 0.00 0.00 0
146998 0.00 0.00 0.00 0
146999 0.00 0.00 0.00 0
147000 0.00 0.00 0.00 0
147001 0.00 0.00 0.00 0
147004 0.00 0.00 0.00 0
147005 0.00 0.00 0.00 0
147006 0.00 0.00 0.00 0
147009 0.00 0.00 0.00 0
