# S_oc_sup_and_transversal
1520
32 0.00 0.00 0.00 0
135 0.00 0.00 0.00 0
136 0.00 0.00 0.00 0
306 0.00 0.00 0.00 0
565 0.00 0.00 0.00 0
566 0.00 0.00 0.00 0
786 0.00 0.00 0.00 0
1250 0.00 0.00 0.00 0
1251 0.00 0.00 0.00 0
1252 0.00 0.00 0.00 0
1253 0.00 0.00 0.00 0
1254 0.00 0.00 0.00 0
1256 0.00 0.00 0.00 0
1277 0.00 0.00 0.00 0
1703 0.00 0.00 0.00 0
1704 0.00 0.00 0.00 0
1935 0.00 0.00 0.00 0
2335 0.00 0.00 0.00 0
2336 0.00 0.00 0.00 0
2337 0.00 0.00 0.00 0
2338 0.00 0.00 0.00 0
2339 0.00 0.00 0.00 0
2340 0.00 0.00 0.00 0
2341 0.00 0.00 0.00 0
2704 0.00 0.00 0.00 0
2705 0.00 0.00 0.00 0
2706 0.00 0.00 0.00 0
3168 0.00 0.00 0.00 0
3169 0.00 0.00 0.00 0
3170 0.00 0.00 0.00 0
3171 0.00 0.00 0.00 0
3172 0.00 0.00 0.00 0
3173 0.00 0.00 0.00 0
3174 0.00 0.00 0.00 0
3197 0.00 0.00 0.00 0
3199 0.00 0.00 0.00 0
3201 0.00 0.00 0.00 0
3797 0.00 0.00 0.00 0
3798 0.00 0.00 0.00 0
3799 0.00 0.00 0.00 0
3800 0.00 0.00 0.00 0
3801 0.00 0.00 0.00 0
5193 0.00 0.00 0.00 0
5194 0.00 0.00 0.00 0
5195 0.00 0.00 0.00 0
5196 0.00 0.00 0.00 0
5197 0.00 0.00 0.00 0
5198 0.00 0.00 0.00 0
5199 0.00 0.00 0.00 0
5200 0.00 0.00 0.00 0
5201 0.00 0.00 0.00 0
5202 0.00 0.00 0.00 0
5203 0.00 0.00 0.00 0
5204 0.00 0.00 0.00 0
5206 0.00 0.00 0.00 0
5207 0.00 0.00 0.00 0
5208 0.00 0.00 0.00 0
5209 0.00 0.00 0.00 0
5210 0.00 0.00 0.00 0
5211 0.00 0.00 0.00 0
6023 0.00 0.00 0.00 0
6024 0.00 0.00 0.00 0
6860 0.00 0.00 0.00 0
6861 0.00 0.00 0.00 0
6862 0.00 0.00 0.00 0
6863 0.00 0.00 0.00 0
6864 0.00 0.00 0.00 0
6865 0.00 0.00 0.00 0
6866 0.00 0.00 0.00 0
6868 0.00 0.00 0.00 0
6869 0.00 0.00 0.00 0
7815 0.00 0.00 0.00 0
7816 0.00 0.00 0.00 0
7817 0.00 0.00 0.00 0
7818 0.00 0.00 0.00 0
8409 0.00 0.00 0.00 0
9538 0.00 0.00 0.00 0
9564 0.00 0.00 0.00 0
9565 0.00 0.00 0.00 0
9566 0.00 0.00 0.00 0
9567 0.00 0.00 0.00 0
9568 0.00 0.00 0.00 0
9569 0.00 0.00 0.00 0
9570 0.00 0.00 0.00 0
9571 0.00 0.00 0.00 0
9572 0.00 0.00 0.00 0
9573 0.00 0.00 0.00 0
9574 0.00 0.00 0.00 0
9576 0.00 0.00 0.00 0
9577 0.00 0.00 0.00 0
9578 0.00 0.00 0.00 0
9579 0.00 0.00 0.00 0
9580 0.00 0.00 0.00 0
9581 0.00 0.00 0.00 0
9582 0.00 0.00 0.00 0
9583 0.00 0.00 0.00 0
10382 0.00 0.00 0.00 0
10384 0.00 0.00 0.00 0
10385 0.00 0.00 0.00 0
10386 0.00 0.00 0.00 0
10848 0.00 0.00 0.00 0
10849 0.00 0.00 0.00 0
10850 0.00 0.00 0.00 0
10851 0.00 0.00 0.00 0
10852 0.00 0.00 0.00 0
10853 0.00 0.00 0.00 0
10854 0.00 0.00 0.00 0
10877 0.00 0.00 0.00 0
10878 0.00 0.00 0.00 0
10879 0.00 0.00 0.00 0
10880 0.00 0.00 0.00 0
10881 0.00 0.00 0.00 0
11477 0.00 0.00 0.00 0
11478 0.00 0.00 0.00 0
11479 0.00 0.00 0.00 0
11480 0.00 0.00 0.00 0
11481 0.00 0.00 0.00 0
12873 0.00 0.00 0.00 0
12874 0.00 0.00 0.00 0
12875 0.00 0.00 0.00 0
12876 0.00 0.00 0.00 0
12877 0.00 0.00 0.00 0
12878 0.00 0.00 0.00 0
12879 0.00 0.00 0.00 0
12880 0.00 0.00 0.00 0
12881 0.00 0.00 0.00 0
12882 0.00 0.00 0.00 0
12883 0.00 0.00 0.00 0
12884 0.00 0.00 0.00 0
12889 0.00 0.00 0.00 0
12890 0.00 0.00 0.00 0
12891 0.00 0.00 0.00 0
13877 0.00 0.00 0.00 0
13878 0.00 0.00 0.00 0
13879 0.00 0.00 0.00 0
13880 0.00 0.00 0.00 0
13881 0.00 0.00 0.00 0
15266 0.00 0.00 0.00 0
15267 0.00 0.00 0.00 0
15270 0.00 0.00 0.00 0
15272 0.00 0.00 0.00 0
15273 0.00 0.00 0.00 0
15274 0.00 0.00 0.00 0
15275 0.00 0.00 0.00 0
15276 0.00 0.00 0.00 0
15277 0.00 0.00 0.00 0
15278 0.00 0.00 0.00 0
15279 0.00 0.00 0.00 0
15280 0.00 0.00 0.00 0
15281 0.00 0.00 0.00 0
15282 0.00 0.00 0.00 0
15283 0.00 0.00 0.00 0
15284 0.00 0.00 0.00 0
15352 0.00 0.00 0.00 0
17155 0.00 0.00 0.00 0
17159 0.00 0.00 0.00 0
17160 0.00 0.00 0.00 0
17161 0.00 0.00 0.00 0
17162 0.00 0.00 0.00 0
17163 0.00 0.00 0.00 0
17164 0.00 0.00 0.00 0
17165 0.00 0.00 0.00 0
17166 0.00 0.00 0.00 0
18514 0.00 0.00 0.00 0
18515 0.00 0.00 0.00 0
18516 0.00 0.00 0.00 0
21341 0.00 0.00 0.00 0
21347 0.00 0.00 0.00 0
21348 0.00 0.00 0.00 0
21349 0.00 0.00 0.00 0
21350 0.00 0.00 0.00 0
21351 0.00 0.00 0.00 0
21352 0.00 0.00 0.00 0
21353 0.00 0.00 0.00 0
21354 0.00 0.00 0.00 0
21355 0.00 0.00 0.00 0
21356 0.00 0.00 0.00 0
21357 0.00 0.00 0.00 0
21358 0.00 0.00 0.00 0
21359 0.00 0.00 0.00 0
21360 0.00 0.00 0.00 0
21361 0.00 0.00 0.00 0
21362 0.00 0.00 0.00 0
21363 0.00 0.00 0.00 0
21364 0.00 0.00 0.00 0
21365 0.00 0.00 0.00 0
21366 0.00 0.00 0.00 0
21367 0.00 0.00 0.00 0
21368 0.00 0.00 0.00 0
21369 0.00 0.00 0.00 0
21370 0.00 0.00 0.00 0
21371 0.00 0.00 0.00 0
21372 0.00 0.00 0.00 0
21373 0.00 0.00 0.00 0
21374 0.00 0.00 0.00 0
21378 0.00 0.00 0.00 0
21379 0.00 0.00 0.00 0
21380 0.00 0.00 0.00 0
21381 0.00 0.00 0.00 0
21382 0.00 0.00 0.00 0
21383 0.00 0.00 0.00 0
21384 0.00 0.00 0.00 0
21385 0.00 0.00 0.00 0
21386 0.00 0.00 0.00 0
21387 0.00 0.00 0.00 0
21388 0.00 0.00 0.00 0
21389 0.00 0.00 0.00 0
21390 0.00 0.00 0.00 0
21391 0.00 0.00 0.00 0
21392 0.00 0.00 0.00 0
21393 0.00 0.00 0.00 0
21394 0.00 0.00 0.00 0
21395 0.00 0.00 0.00 0
21396 0.00 0.00 0.00 0
21397 0.00 0.00 0.00 0
21398 0.00 0.00 0.00 0
21399 0.00 0.00 0.00 0
23301 0.00 0.00 0.00 0
23302 0.00 0.00 0.00 0
23303 0.00 0.00 0.00 0
23304 0.00 0.00 0.00 0
24136 0.00 0.00 0.00 0
24137 0.00 0.00 0.00 0
24138 0.00 0.00 0.00 0
24139 0.00 0.00 0.00 0
24140 0.00 0.00 0.00 0
24141 0.00 0.00 0.00 0
24142 0.00 0.00 0.00 0
24143 0.00 0.00 0.00 0
24144 0.00 0.00 0.00 0
24145 0.00 0.00 0.00 0
24146 0.00 0.00 0.00 0
24187 0.00 0.00 0.00 0
24188 0.00 0.00 0.00 0
24189 0.00 0.00 0.00 0
24190 0.00 0.00 0.00 0
25267 0.00 0.00 0.00 0
25269 0.00 0.00 0.00 0
25270 0.00 0.00 0.00 0
25271 0.00 0.00 0.00 0
25272 0.00 0.00 0.00 0
25273 0.00 0.00 0.00 0
25274 0.00 0.00 0.00 0
25275 0.00 0.00 0.00 0
27779 0.00 0.00 0.00 0
27780 0.00 0.00 0.00 0
27781 0.00 0.00 0.00 0
27782 0.00 0.00 0.00 0
27783 0.00 0.00 0.00 0
27784 0.00 0.00 0.00 0
27785 0.00 0.00 0.00 0
27786 0.00 0.00 0.00 0
27787 0.00 0.00 0.00 0
27788 0.00 0.00 0.00 0
27789 0.00 0.00 0.00 0
27790 0.00 0.00 0.00 0
27791 0.00 0.00 0.00 0
27792 0.00 0.00 0.00 0
27793 0.00 0.00 0.00 0
27794 0.00 0.00 0.00 0
27795 0.00 0.00 0.00 0
27796 0.00 0.00 0.00 0
27797 0.00 0.00 0.00 0
27798 0.00 0.00 0.00 0
27799 0.00 0.00 0.00 0
27800 0.00 0.00 0.00 0
27804 0.00 0.00 0.00 0
27805 0.00 0.00 0.00 0
27806 0.00 0.00 0.00 0
27807 0.00 0.00 0.00 0
27808 0.00 0.00 0.00 0
27809 0.00 0.00 0.00 0
27810 0.00 0.00 0.00 0
27811 0.00 0.00 0.00 0
27812 0.00 0.00 0.00 0
27813 0.00 0.00 0.00 0
27941 0.00 0.00 0.00 0
29413 0.00 0.00 0.00 0
29414 0.00 0.00 0.00 0
29415 0.00 0.00 0.00 0
29416 0.00 0.00 0.00 0
29417 0.00 0.00 0.00 0
29418 0.00 0.00 0.00 0
31355 0.00 0.00 0.00 0
31357 0.00 0.00 0.00 0
31366 0.00 0.00 0.00 0
31367 0.00 0.00 0.00 0
31368 0.00 0.00 0.00 0
31369 0.00 0.00 0.00 0
31370 0.00 0.00 0.00 0
31371 0.00 0.00 0.00 0
31372 0.00 0.00 0.00 0
31373 0.00 0.00 0.00 0
31374 0.00 0.00 0.00 0
31375 0.00 0.00 0.00 0
31376 0.00 0.00 0.00 0
31377 0.00 0.00 0.00 0
31378 0.00 0.00 0.00 0
31379 0.00 0.00 0.00 0
31380 0.00 0.00 0.00 0
31381 0.00 0.00 0.00 0
31382 0.00 0.00 0.00 0
31386 0.00 0.00 0.00 0
31387 0.00 0.00 0.00 0
31388 0.00 0.00 0.00 0
31389 0.00 0.00 0.00 0
31390 0.00 0.00 0.00 0
33728 0.00 0.00 0.00 0
33832 0.00 0.00 0.00 0
33833 0.00 0.00 0.00 0
33834 0.00 0.00 0.00 0
33835 0.00 0.00 0.00 0
33836 0.00 0.00 0.00 0
33837 0.00 0.00 0.00 0
33838 0.00 0.00 0.00 0
33839 0.00 0.00 0.00 0
33840 0.00 0.00 0.00 0
35510 0.00 0.00 0.00 0
35511 0.00 0.00 0.00 0
38852 0.00 0.00 0.00 0
38853 0.00 0.00 0.00 0
38854 0.00 0.00 0.00 0
38930 0.00 0.00 0.00 0
38931 0.00 0.00 0.00 0
38933 0.00 0.00 0.00 0
38934 0.00 0.00 0.00 0
38935 0.00 0.00 0.00 0
38936 0.00 0.00 0.00 0
38937 0.00 0.00 0.00 0
38938 0.00 0.00 0.00 0
38939 0.00 0.00 0.00 0
38940 0.00 0.00 0.00 0
38941 0.00 0.00 0.00 0
38942 0.00 0.00 0.00 0
38943 0.00 0.00 0.00 0
38944 0.00 0.00 0.00 0
38945 0.00 0.00 0.00 0
38946 0.00 0.00 0.00 0
38947 0.00 0.00 0.00 0
38948 0.00 0.00 0.00 0
38949 0.00 0.00 0.00 0
38950 0.00 0.00 0.00 0
38951 0.00 0.00 0.00 0
38952 0.00 0.00 0.00 0
38953 0.00 0.00 0.00 0
38954 0.00 0.00 0.00 0
38955 0.00 0.00 0.00 0
38956 0.00 0.00 0.00 0
38957 0.00 0.00 0.00 0
38958 0.00 0.00 0.00 0
38959 0.00 0.00 0.00 0
38960 0.00 0.00 0.00 0
38961 0.00 0.00 0.00 0
38962 0.00 0.00 0.00 0
38963 0.00 0.00 0.00 0
38964 0.00 0.00 0.00 0
38965 0.00 0.00 0.00 0
38967 0.00 0.00 0.00 0
38968 0.00 0.00 0.00 0
38969 0.00 0.00 0.00 0
38970 0.00 0.00 0.00 0
38971 0.00 0.00 0.00 0
38972 0.00 0.00 0.00 0
38973 0.00 0.00 0.00 0
38974 0.00 0.00 0.00 0
38975 0.00 0.00 0.00 0
38976 0.00 0.00 0.00 0
38977 0.00 0.00 0.00 0
38978 0.00 0.00 0.00 0
38979 0.00 0.00 0.00 0
38980 0.00 0.00 0.00 0
38981 0.00 0.00 0.00 0
38982 0.00 0.00 0.00 0
38983 0.00 0.00 0.00 0
38984 0.00 0.00 0.00 0
38985 0.00 0.00 0.00 0
38986 0.00 0.00 0.00 0
38987 0.00 0.00 0.00 0
38988 0.00 0.00 0.00 0
38989 0.00 0.00 0.00 0
38990 0.00 0.00 0.00 0
41102 0.00 0.00 0.00 0
41103 0.00 0.00 0.00 0
41104 0.00 0.00 0.00 0
41105 0.00 0.00 0.00 0
41106 0.00 0.00 0.00 0
41568 0.00 0.00 0.00 0
41569 0.00 0.00 0.00 0
41570 0.00 0.00 0.00 0
41571 0.00 0.00 0.00 0
41572 0.00 0.00 0.00 0
41573 0.00 0.00 0.00 0
41574 0.00 0.00 0.00 0
41597 0.00 0.00 0.00 0
41598 0.00 0.00 0.00 0
41599 0.00 0.00 0.00 0
41600 0.00 0.00 0.00 0
41601 0.00 0.00 0.00 0
42197 0.00 0.00 0.00 0
42198 0.00 0.00 0.00 0
42199 0.00 0.00 0.00 0
42200 0.00 0.00 0.00 0
42201 0.00 0.00 0.00 0
43593 0.00 0.00 0.00 0
43594 0.00 0.00 0.00 0
43595 0.00 0.00 0.00 0
43596 0.00 0.00 0.00 0
43597 0.00 0.00 0.00 0
43598 0.00 0.00 0.00 0
43599 0.00 0.00 0.00 0
43600 0.00 0.00 0.00 0
43601 0.00 0.00 0.00 0
43602 0.00 0.00 0.00 0
43603 0.00 0.00 0.00 0
43604 0.00 0.00 0.00 0
43609 0.00 0.00 0.00 0
44597 0.00 0.00 0.00 0
44598 0.00 0.00 0.00 0
44599 0.00 0.00 0.00 0
44600 0.00 0.00 0.00 0
44601 0.00 0.00 0.00 0
45986 0.00 0.00 0.00 0
45987 0.00 0.00 0.00 0
45988 0.00 0.00 0.00 0
45990 0.00 0.00 0.00 0
45991 0.00 0.00 0.00 0
45992 0.00 0.00 0.00 0
45993 0.00 0.00 0.00 0
45994 0.00 0.00 0.00 0
45995 0.00 0.00 0.00 0
45996 0.00 0.00 0.00 0
45997 0.00 0.00 0.00 0
45998 0.00 0.00 0.00 0
45999 0.00 0.00 0.00 0
46000 0.00 0.00 0.00 0
46001 0.00 0.00 0.00 0
46002 0.00 0.00 0.00 0
46003 0.00 0.00 0.00 0
46004 0.00 0.00 0.00 0
46072 0.00 0.00 0.00 0
46074 0.00 0.00 0.00 0
47875 0.00 0.00 0.00 0
47879 0.00 0.00 0.00 0
47880 0.00 0.00 0.00 0
47881 0.00 0.00 0.00 0
47882 0.00 0.00 0.00 0
47883 0.00 0.00 0.00 0
47884 0.00 0.00 0.00 0
47885 0.00 0.00 0.00 0
47886 0.00 0.00 0.00 0
49232 0.00 0.00 0.00 0
49233 0.00 0.00 0.00 0
49234 0.00 0.00 0.00 0
49235 0.00 0.00 0.00 0
49236 0.00 0.00 0.00 0
52061 0.00 0.00 0.00 0
52068 0.00 0.00 0.00 0
52069 0.00 0.00 0.00 0
52070 0.00 0.00 0.00 0
52071 0.00 0.00 0.00 0
52072 0.00 0.00 0.00 0
52073 0.00 0.00 0.00 0
52074 0.00 0.00 0.00 0
52075 0.00 0.00 0.00 0
52076 0.00 0.00 0.00 0
52077 0.00 0.00 0.00 0
52078 0.00 0.00 0.00 0
52079 0.00 0.00 0.00 0
52080 0.00 0.00 0.00 0
52081 0.00 0.00 0.00 0
52082 0.00 0.00 0.00 0
52083 0.00 0.00 0.00 0
52084 0.00 0.00 0.00 0
52085 0.00 0.00 0.00 0
52086 0.00 0.00 0.00 0
52087 0.00 0.00 0.00 0
52088 0.00 0.00 0.00 0
52089 0.00 0.00 0.00 0
52090 0.00 0.00 0.00 0
52091 0.00 0.00 0.00 0
52092 0.00 0.00 0.00 0
52093 0.00 0.00 0.00 0
52094 0.00 0.00 0.00 0
52098 0.00 0.00 0.00 0
52099 0.00 0.00 0.00 0
52100 0.00 0.00 0.00 0
52101 0.00 0.00 0.00 0
52102 0.00 0.00 0.00 0
52103 0.00 0.00 0.00 0
52104 0.00 0.00 0.00 0
52105 0.00 0.00 0.00 0
52106 0.00 0.00 0.00 0
52107 0.00 0.00 0.00 0
52108 0.00 0.00 0.00 0
52109 0.00 0.00 0.00 0
52110 0.00 0.00 0.00 0
52111 0.00 0.00 0.00 0
52112 0.00 0.00 0.00 0
52113 0.00 0.00 0.00 0
52114 0.00 0.00 0.00 0
52115 0.00 0.00 0.00 0
52116 0.00 0.00 0.00 0
52117 0.00 0.00 0.00 0
52118 0.00 0.00 0.00 0
52119 0.00 0.00 0.00 0
52329 0.00 0.00 0.00 0
54190 0.00 0.00 0.00 0
54192 0.00 0.00 0.00 0
54194 0.00 0.00 0.00 0
54195 0.00 0.00 0.00 0
54196 0.00 0.00 0.00 0
54197 0.00 0.00 0.00 0
54198 0.00 0.00 0.00 0
54199 0.00 0.00 0.00 0
54200 0.00 0.00 0.00 0
54201 0.00 0.00 0.00 0
55583 0.00 0.00 0.00 0
55584 0.00 0.00 0.00 0
55585 0.00 0.00 0.00 0
55586 0.00 0.00 0.00 0
55587 0.00 0.00 0.00 0
55588 0.00 0.00 0.00 0
55589 0.00 0.00 0.00 0
55590 0.00 0.00 0.00 0
55591 0.00 0.00 0.00 0
55592 0.00 0.00 0.00 0
55593 0.00 0.00 0.00 0
55594 0.00 0.00 0.00 0
55595 0.00 0.00 0.00 0
55596 0.00 0.00 0.00 0
55597 0.00 0.00 0.00 0
55598 0.00 0.00 0.00 0
55599 0.00 0.00 0.00 0
55600 0.00 0.00 0.00 0
55601 0.00 0.00 0.00 0
55602 0.00 0.00 0.00 0
55603 0.00 0.00 0.00 0
55604 0.00 0.00 0.00 0
55672 0.00 0.00 0.00 0
55673 0.00 0.00 0.00 0
55674 0.00 0.00 0.00 0
55675 0.00 0.00 0.00 0
55676 0.00 0.00 0.00 0
55677 0.00 0.00 0.00 0
55678 0.00 0.00 0.00 0
55679 0.00 0.00 0.00 0
55681 0.00 0.00 0.00 0
55682 0.00 0.00 0.00 0
57472 0.00 0.00 0.00 0
57473 0.00 0.00 0.00 0
57474 0.00 0.00 0.00 0
57475 0.00 0.00 0.00 0
57476 0.00 0.00 0.00 0
57477 0.00 0.00 0.00 0
57478 0.00 0.00 0.00 0
57479 0.00 0.00 0.00 0
57480 0.00 0.00 0.00 0
57481 0.00 0.00 0.00 0
57482 0.00 0.00 0.00 0
57483 0.00 0.00 0.00 0
57484 0.00 0.00 0.00 0
57485 0.00 0.00 0.00 0
57486 0.00 0.00 0.00 0
61658 0.00 0.00 0.00 0
61659 0.00 0.00 0.00 0
61660 0.00 0.00 0.00 0
61661 0.00 0.00 0.00 0
61662 0.00 0.00 0.00 0
61663 0.00 0.00 0.00 0
61664 0.00 0.00 0.00 0
61665 0.00 0.00 0.00 0
61666 0.00 0.00 0.00 0
61667 0.00 0.00 0.00 0
61668 0.00 0.00 0.00 0
61669 0.00 0.00 0.00 0
61670 0.00 0.00 0.00 0
61671 0.00 0.00 0.00 0
61672 0.00 0.00 0.00 0
61673 0.00 0.00 0.00 0
61674 0.00 0.00 0.00 0
61675 0.00 0.00 0.00 0
61676 0.00 0.00 0.00 0
61677 0.00 0.00 0.00 0
61678 0.00 0.00 0.00 0
61679 0.00 0.00 0.00 0
61680 0.00 0.00 0.00 0
61681 0.00 0.00 0.00 0
61682 0.00 0.00 0.00 0
61683 0.00 0.00 0.00 0
61684 0.00 0.00 0.00 0
61685 0.00 0.00 0.00 0
61686 0.00 0.00 0.00 0
61687 0.00 0.00 0.00 0
61688 0.00 0.00 0.00 0
61689 0.00 0.00 0.00 0
61690 0.00 0.00 0.00 0
61691 0.00 0.00 0.00 0
61692 0.00 0.00 0.00 0
61693 0.00 0.00 0.00 0
61694 0.00 0.00 0.00 0
61700 0.00 0.00 0.00 0
61701 0.00 0.00 0.00 0
61702 0.00 0.00 0.00 0
61703 0.00 0.00 0.00 0
61704 0.00 0.00 0.00 0
61705 0.00 0.00 0.00 0
61706 0.00 0.00 0.00 0
61707 0.00 0.00 0.00 0
61708 0.00 0.00 0.00 0
61709 0.00 0.00 0.00 0
61710 0.00 0.00 0.00 0
61711 0.00 0.00 0.00 0
61712 0.00 0.00 0.00 0
61713 0.00 0.00 0.00 0
61714 0.00 0.00 0.00 0
61715 0.00 0.00 0.00 0
61716 0.00 0.00 0.00 0
64672 0.00 0.00 0.00 0
64673 0.00 0.00 0.00 0
64674 0.00 0.00 0.00 0
64675 0.00 0.00 0.00 0
64676 0.00 0.00 0.00 0
64677 0.00 0.00 0.00 0
64678 0.00 0.00 0.00 0
64679 0.00 0.00 0.00 0
64680 0.00 0.00 0.00 0
64681 0.00 0.00 0.00 0
64682 0.00 0.00 0.00 0
64683 0.00 0.00 0.00 0
64684 0.00 0.00 0.00 0
64685 0.00 0.00 0.00 0
64686 0.00 0.00 0.00 0
68831 0.00 0.00 0.00 0
68832 0.00 0.00 0.00 0
68836 0.00 0.00 0.00 0
68837 0.00 0.00 0.00 0
68838 0.00 0.00 0.00 0
68840 0.00 0.00 0.00 0
68853 0.00 0.00 0.00 0
68857 0.00 0.00 0.00 0
68858 0.00 0.00 0.00 0
68859 0.00 0.00 0.00 0
68860 0.00 0.00 0.00 0
68861 0.00 0.00 0.00 0
68862 0.00 0.00 0.00 0
68863 0.00 0.00 0.00 0
68864 0.00 0.00 0.00 0
68865 0.00 0.00 0.00 0
68866 0.00 0.00 0.00 0
68867 0.00 0.00 0.00 0
68868 0.00 0.00 0.00 0
68869 0.00 0.00 0.00 0
68870 0.00 0.00 0.00 0
68871 0.00 0.00 0.00 0
68872 0.00 0.00 0.00 0
68873 0.00 0.00 0.00 0
68874 0.00 0.00 0.00 0
68875 0.00 0.00 0.00 0
68876 0.00 0.00 0.00 0
68877 0.00 0.00 0.00 0
68878 0.00 0.00 0.00 0
68879 0.00 0.00 0.00 0
68880 0.00 0.00 0.00 0
68881 0.00 0.00 0.00 0
68882 0.00 0.00 0.00 0
68883 0.00 0.00 0.00 0
68884 0.00 0.00 0.00 0
68885 0.00 0.00 0.00 0
68886 0.00 0.00 0.00 0
68887 0.00 0.00 0.00 0
68888 0.00 0.00 0.00 0
68889 0.00 0.00 0.00 0
68890 0.00 0.00 0.00 0
68891 0.00 0.00 0.00 0
68892 0.00 0.00 0.00 0
68893 0.00 0.00 0.00 0
68894 0.00 0.00 0.00 0
68898 0.00 0.00 0.00 0
68900 0.00 0.00 0.00 0
68901 0.00 0.00 0.00 0
68902 0.00 0.00 0.00 0
68907 0.00 0.00 0.00 0
68908 0.00 0.00 0.00 0
68909 0.00 0.00 0.00 0
68910 0.00 0.00 0.00 0
68911 0.00 0.00 0.00 0
69105 0.00 0.00 0.00 0
74521 0.00 0.00 0.00 0
74522 0.00 0.00 0.00 0
74523 0.00 0.00 0.00 0
74524 0.00 0.00 0.00 0
74525 0.00 0.00 0.00 0
74526 0.00 0.00 0.00 0
74527 0.00 0.00 0.00 0
74528 0.00 0.00 0.00 0
74529 0.00 0.00 0.00 0
74530 0.00 0.00 0.00 0
74531 0.00 0.00 0.00 0
74532 0.00 0.00 0.00 0
74533 0.00 0.00 0.00 0
74534 0.00 0.00 0.00 0
74535 0.00 0.00 0.00 0
74536 0.00 0.00 0.00 0
74537 0.00 0.00 0.00 0
74538 0.00 0.00 0.00 0
74539 0.00 0.00 0.00 0
74540 0.00 0.00 0.00 0
74541 0.00 0.00 0.00 0
78587 0.00 0.00 0.00 0
78588 0.00 0.00 0.00 0
78589 0.00 0.00 0.00 0
78590 0.00 0.00 0.00 0
78591 0.00 0.00 0.00 0
86890 0.00 0.00 0.00 0
86891 0.00 0.00 0.00 0
86892 0.00 0.00 0.00 0
86893 0.00 0.00 0.00 0
86894 0.00 0.00 0.00 0
87061 0.00 0.00 0.00 0
87083 0.00 0.00 0.00 0
87084 0.00 0.00 0.00 0
87085 0.00 0.00 0.00 0
87086 0.00 0.00 0.00 0
87087 0.00 0.00 0.00 0
87088 0.00 0.00 0.00 0
87089 0.00 0.00 0.00 0
87090 0.00 0.00 0.00 0
87092 0.00 0.00 0.00 0
87093 0.00 0.00 0.00 0
87094 0.00 0.00 0.00 0
87095 0.00 0.00 0.00 0
87096 0.00 0.00 0.00 0
87097 0.00 0.00 0.00 0
87098 0.00 0.00 0.00 0
87099 0.00 0.00 0.00 0
87100 0.00 0.00 0.00 0
87101 0.00 0.00 0.00 0
87102 0.00 0.00 0.00 0
87103 0.00 0.00 0.00 0
87104 0.00 0.00 0.00 0
87105 0.00 0.00 0.00 0
87106 0.00 0.00 0.00 0
87107 0.00 0.00 0.00 0
87108 0.00 0.00 0.00 0
87109 0.00 0.00 0.00 0
87110 0.00 0.00 0.00 0
87111 0.00 0.00 0.00 0
87112 0.00 0.00 0.00 0
87113 0.00 0.00 0.00 0
87114 0.00 0.00 0.00 0
87115 0.00 0.00 0.00 0
87116 0.00 0.00 0.00 0
87117 0.00 0.00 0.00 0
87118 0.00 0.00 0.00 0
87119 0.00 0.00 0.00 0
87120 0.00 0.00 0.00 0
87121 0.00 0.00 0.00 0
87122 0.00 0.00 0.00 0
87123 0.00 0.00 0.00 0
87124 0.00 0.00 0.00 0
87125 0.00 0.00 0.00 0
87126 0.00 0.00 0.00 0
87127 0.00 0.00 0.00 0
87128 0.00 0.00 0.00 0
87129 0.00 0.00 0.00 0
87130 0.00 0.00 0.00 0
87131 0.00 0.00 0.00 0
87132 0.00 0.00 0.00 0
87133 0.00 0.00 0.00 0
87134 0.00 0.00 0.00 0
87135 0.00 0.00 0.00 0
87136 0.00 0.00 0.00 0
87137 0.00 0.00 0.00 0
87138 0.00 0.00 0.00 0
87139 0.00 0.00 0.00 0
87140 0.00 0.00 0.00 0
87141 0.00 0.00 0.00 0
87142 0.00 0.00 0.00 0
87143 0.00 0.00 0.00 0
87144 0.00 0.00 0.00 0
87145 0.00 0.00 0.00 0
87146 0.00 0.00 0.00 0
87147 0.00 0.00 0.00 0
87148 0.00 0.00 0.00 0
87149 0.00 0.00 0.00 0
87150 0.00 0.00 0.00 0
87151 0.00 0.00 0.00 0
87152 0.00 0.00 0.00 0
87153 0.00 0.00 0.00 0
87154 0.00 0.00 0.00 0
87155 0.00 0.00 0.00 0
87156 0.00 0.00 0.00 0
87157 0.00 0.00 0.00 0
87158 0.00 0.00 0.00 0
87159 0.00 0.00 0.00 0
87160 0.00 0.00 0.00 0
87161 0.00 0.00 0.00 0
87162 0.00 0.00 0.00 0
87163 0.00 0.00 0.00 0
87164 0.00 0.00 0.00 0
87166 0.00 0.00 0.00 0
87171 0.00 0.00 0.00 0
87172 0.00 0.00 0.00 0
87176 0.00 0.00 0.00 0
87177 0.00 0.00 0.00 0
87178 0.00 0.00 0.00 0
87179 0.00 0.00 0.00 0
87180 0.00 0.00 0.00 0
87181 0.00 0.00 0.00 0
87182 0.00 0.00 0.00 0
87183 0.00 0.00 0.00 0
87184 0.00 0.00 0.00 0
87185 0.00 0.00 0.00 0
87186 0.00 0.00 0.00 0
87187 0.00 0.00 0.00 0
87190 0.00 0.00 0.00 0
87191 0.00 0.00 0.00 0
87192 0.00 0.00 0.00 0
87193 0.00 0.00 0.00 0
87194 0.00 0.00 0.00 0
87195 0.00 0.00 0.00 0
87196 0.00 0.00 0.00 0
87197 0.00 0.00 0.00 0
87198 0.00 0.00 0.00 0
87199 0.00 0.00 0.00 0
87200 0.00 0.00 0.00 0
87201 0.00 0.00 0.00 0
87202 0.00 0.00 0.00 0
87203 0.00 0.00 0.00 0
87204 0.00 0.00 0.00 0
87205 0.00 0.00 0.00 0
87206 0.00 0.00 0.00 0
87207 0.00 0.00 0.00 0
87208 0.00 0.00 0.00 0
87209 0.00 0.00 0.00 0
87210 0.00 0.00 0.00 0
87211 0.00 0.00 0.00 0
87212 0.00 0.00 0.00 0
87213 0.00 0.00 0.00 0
87214 0.00 0.00 0.00 0
87215 0.00 0.00 0.00 0
87216 0.00 0.00 0.00 0
87217 0.00 0.00 0.00 0
87218 0.00 0.00 0.00 0
87219 0.00 0.00 0.00 0
87220 0.00 0.00 0.00 0
87221 0.00 0.00 0.00 0
87222 0.00 0.00 0.00 0
87223 0.00 0.00 0.00 0
87224 0.00 0.00 0.00 0
87225 0.00 0.00 0.00 0
87226 0.00 0.00 0.00 0
87227 0.00 0.00 0.00 0
87228 0.00 0.00 0.00 0
87229 0.00 0.00 0.00 0
87230 0.00 0.00 0.00 0
87231 0.00 0.00 0.00 0
87232 0.00 0.00 0.00 0
87233 0.00 0.00 0.00 0
87234 0.00 0.00 0.00 0
92416 0.00 0.00 0.00 0
92418 0.00 0.00 0.00 0
92419 0.00 0.00 0.00 0
92420 0.00 0.00 0.00 0
92421 0.00 0.00 0.00 0
92422 0.00 0.00 0.00 0
92423 0.00 0.00 0.00 0
92424 0.00 0.00 0.00 0
93254 0.00 0.00 0.00 0
93255 0.00 0.00 0.00 0
93256 0.00 0.00 0.00 0
93257 0.00 0.00 0.00 0
93258 0.00 0.00 0.00 0
93259 0.00 0.00 0.00 0
93260 0.00 0.00 0.00 0
93261 0.00 0.00 0.00 0
93262 0.00 0.00 0.00 0
93263 0.00 0.00 0.00 0
93264 0.00 0.00 0.00 0
93265 0.00 0.00 0.00 0
93266 0.00 0.00 0.00 0
93307 0.00 0.00 0.00 0
93308 0.00 0.00 0.00 0
93309 0.00 0.00 0.00 0
93310 0.00 0.00 0.00 0
93311 0.00 0.00 0.00 0
93312 0.00 0.00 0.00 0
93313 0.00 0.00 0.00 0
93314 0.00 0.00 0.00 0
93315 0.00 0.00 0.00 0
94387 0.00 0.00 0.00 0
94388 0.00 0.00 0.00 0
94389 0.00 0.00 0.00 0
94390 0.00 0.00 0.00 0
94391 0.00 0.00 0.00 0
94392 0.00 0.00 0.00 0
94393 0.00 0.00 0.00 0
94394 0.00 0.00 0.00 0
94395 0.00 0.00 0.00 0
96899 0.00 0.00 0.00 0
96900 0.00 0.00 0.00 0
96901 0.00 0.00 0.00 0
96902 0.00 0.00 0.00 0
96903 0.00 0.00 0.00 0
96904 0.00 0.00 0.00 0
96905 0.00 0.00 0.00 0
96906 0.00 0.00 0.00 0
96907 0.00 0.00 0.00 0
96908 0.00 0.00 0.00 0
96909 0.00 0.00 0.00 0
96910 0.00 0.00 0.00 0
96911 0.00 0.00 0.00 0
96912 0.00 0.00 0.00 0
96913 0.00 0.00 0.00 0
96914 0.00 0.00 0.00 0
96915 0.00 0.00 0.00 0
96916 0.00 0.00 0.00 0
96917 0.00 0.00 0.00 0
96918 0.00 0.00 0.00 0
96919 0.00 0.00 0.00 0
96920 0.00 0.00 0.00 0
96926 0.00 0.00 0.00 0
96927 0.00 0.00 0.00 0
96928 0.00 0.00 0.00 0
96929 0.00 0.00 0.00 0
96930 0.00 0.00 0.00 0
96931 0.00 0.00 0.00 0
96932 0.00 0.00 0.00 0
96933 0.00 0.00 0.00 0
98707 0.00 0.00 0.00 0
98708 0.00 0.00 0.00 0
98709 0.00 0.00 0.00 0
98710 0.00 0.00 0.00 0
98711 0.00 0.00 0.00 0
98712 0.00 0.00 0.00 0
98713 0.00 0.00 0.00 0
98714 0.00 0.00 0.00 0
98715 0.00 0.00 0.00 0
101204 0.00 0.00 0.00 0
101205 0.00 0.00 0.00 0
101206 0.00 0.00 0.00 0
101207 0.00 0.00 0.00 0
101208 0.00 0.00 0.00 0
101216 0.00 0.00 0.00 0
101217 0.00 0.00 0.00 0
101218 0.00 0.00 0.00 0
101219 0.00 0.00 0.00 0
101220 0.00 0.00 0.00 0
101221 0.00 0.00 0.00 0
101222 0.00 0.00 0.00 0
101223 0.00 0.00 0.00 0
101224 0.00 0.00 0.00 0
101225 0.00 0.00 0.00 0
101226 0.00 0.00 0.00 0
101227 0.00 0.00 0.00 0
101228 0.00 0.00 0.00 0
101229 0.00 0.00 0.00 0
101230 0.00 0.00 0.00 0
101231 0.00 0.00 0.00 0
101232 0.00 0.00 0.00 0
101233 0.00 0.00 0.00 0
101234 0.00 0.00 0.00 0
101235 0.00 0.00 0.00 0
101236 0.00 0.00 0.00 0
101237 0.00 0.00 0.00 0
101238 0.00 0.00 0.00 0
101239 0.00 0.00 0.00 0
101240 0.00 0.00 0.00 0
101245 0.00 0.00 0.00 0
104607 0.00 0.00 0.00 0
104615 0.00 0.00 0.00 0
104616 0.00 0.00 0.00 0
104617 0.00 0.00 0.00 0
104618 0.00 0.00 0.00 0
104619 0.00 0.00 0.00 0
104620 0.00 0.00 0.00 0
104621 0.00 0.00 0.00 0
104622 0.00 0.00 0.00 0
104623 0.00 0.00 0.00 0
104624 0.00 0.00 0.00 0
104625 0.00 0.00 0.00 0
104626 0.00 0.00 0.00 0
104627 0.00 0.00 0.00 0
104628 0.00 0.00 0.00 0
107056 0.00 0.00 0.00 0
107057 0.00 0.00 0.00 0
107058 0.00 0.00 0.00 0
112141 0.00 0.00 0.00 0
112142 0.00 0.00 0.00 0
112143 0.00 0.00 0.00 0
112153 0.00 0.00 0.00 0
112154 0.00 0.00 0.00 0
112155 0.00 0.00 0.00 0
112156 0.00 0.00 0.00 0
112157 0.00 0.00 0.00 0
112158 0.00 0.00 0.00 0
112159 0.00 0.00 0.00 0
112160 0.00 0.00 0.00 0
112161 0.00 0.00 0.00 0
112162 0.00 0.00 0.00 0
112163 0.00 0.00 0.00 0
112164 0.00 0.00 0.00 0
112165 0.00 0.00 0.00 0
112166 0.00 0.00 0.00 0
112167 0.00 0.00 0.00 0
112168 0.00 0.00 0.00 0
112169 0.00 0.00 0.00 0
112170 0.00 0.00 0.00 0
112171 0.00 0.00 0.00 0
112172 0.00 0.00 0.00 0
112173 0.00 0.00 0.00 0
112174 0.00 0.00 0.00 0
112175 0.00 0.00 0.00 0
112176 0.00 0.00 0.00 0
112177 0.00 0.00 0.00 0
112178 0.00 0.00 0.00 0
112179 0.00 0.00 0.00 0
112180 0.00 0.00 0.00 0
112181 0.00 0.00 0.00 0
112182 0.00 0.00 0.00 0
112183 0.00 0.00 0.00 0
112184 0.00 0.00 0.00 0
112185 0.00 0.00 0.00 0
112186 0.00 0.00 0.00 0
112187 0.00 0.00 0.00 0
112188 0.00 0.00 0.00 0
112189 0.00 0.00 0.00 0
112190 0.00 0.00 0.00 0
112191 0.00 0.00 0.00 0
112192 0.00 0.00 0.00 0
112193 0.00 0.00 0.00 0
112194 0.00 0.00 0.00 0
112195 0.00 0.00 0.00 0
112196 0.00 0.00 0.00 0
112197 0.00 0.00 0.00 0
112198 0.00 0.00 0.00 0
112199 0.00 0.00 0.00 0
112200 0.00 0.00 0.00 0
112201 0.00 0.00 0.00 0
112202 0.00 0.00 0.00 0
112208 0.00 0.00 0.00 0
112209 0.00 0.00 0.00 0
112210 0.00 0.00 0.00 0
112211 0.00 0.00 0.00 0
112212 0.00 0.00 0.00 0
112213 0.00 0.00 0.00 0
112214 0.00 0.00 0.00 0
112215 0.00 0.00 0.00 0
112216 0.00 0.00 0.00 0
112217 0.00 0.00 0.00 0
112218 0.00 0.00 0.00 0
112219 0.00 0.00 0.00 0
112220 0.00 0.00 0.00 0
112221 0.00 0.00 0.00 0
112222 0.00 0.00 0.00 0
112223 0.00 0.00 0.00 0
112224 0.00 0.00 0.00 0
112225 0.00 0.00 0.00 0
112226 0.00 0.00 0.00 0
112227 0.00 0.00 0.00 0
112228 0.00 0.00 0.00 0
112229 0.00 0.00 0.00 0
112230 0.00 0.00 0.00 0
112231 0.00 0.00 0.00 0
112232 0.00 0.00 0.00 0
112233 0.00 0.00 0.00 0
112234 0.00 0.00 0.00 0
112235 0.00 0.00 0.00 0
112236 0.00 0.00 0.00 0
112237 0.00 0.00 0.00 0
112238 0.00 0.00 0.00 0
112239 0.00 0.00 0.00 0
112240 0.00 0.00 0.00 0
112241 0.00 0.00 0.00 0
112242 0.00 0.00 0.00 0
112243 0.00 0.00 0.00 0
112244 0.00 0.00 0.00 0
112245 0.00 0.00 0.00 0
112246 0.00 0.00 0.00 0
115810 0.00 0.00 0.00 0
115811 0.00 0.00 0.00 0
115812 0.00 0.00 0.00 0
115813 0.00 0.00 0.00 0
115814 0.00 0.00 0.00 0
115815 0.00 0.00 0.00 0
115816 0.00 0.00 0.00 0
115817 0.00 0.00 0.00 0
115818 0.00 0.00 0.00 0
117755 0.00 0.00 0.00 0
117756 0.00 0.00 0.00 0
117757 0.00 0.00 0.00 0
117758 0.00 0.00 0.00 0
117759 0.00 0.00 0.00 0
117760 0.00 0.00 0.00 0
117761 0.00 0.00 0.00 0
117762 0.00 0.00 0.00 0
117763 0.00 0.00 0.00 0
117764 0.00 0.00 0.00 0
117765 0.00 0.00 0.00 0
117766 0.00 0.00 0.00 0
117767 0.00 0.00 0.00 0
117768 0.00 0.00 0.00 0
117769 0.00 0.00 0.00 0
117770 0.00 0.00 0.00 0
117771 0.00 0.00 0.00 0
117772 0.00 0.00 0.00 0
117773 0.00 0.00 0.00 0
117774 0.00 0.00 0.00 0
117775 0.00 0.00 0.00 0
117776 0.00 0.00 0.00 0
117777 0.00 0.00 0.00 0
117778 0.00 0.00 0.00 0
117779 0.00 0.00 0.00 0
117780 0.00 0.00 0.00 0
117781 0.00 0.00 0.00 0
117782 0.00 0.00 0.00 0
117877 0.00 0.00 0.00 0
117878 0.00 0.00 0.00 0
117879 0.00 0.00 0.00 0
117880 0.00 0.00 0.00 0
117881 0.00 0.00 0.00 0
117882 0.00 0.00 0.00 0
117883 0.00 0.00 0.00 0
117884 0.00 0.00 0.00 0
117892 0.00 0.00 0.00 0
120397 0.00 0.00 0.00 0
120399 0.00 0.00 0.00 0
120400 0.00 0.00 0.00 0
120401 0.00 0.00 0.00 0
120402 0.00 0.00 0.00 0
120403 0.00 0.00 0.00 0
120404 0.00 0.00 0.00 0
120405 0.00 0.00 0.00 0
120406 0.00 0.00 0.00 0
120407 0.00 0.00 0.00 0
120408 0.00 0.00 0.00 0
120409 0.00 0.00 0.00 0
120410 0.00 0.00 0.00 0
120411 0.00 0.00 0.00 0
120412 0.00 0.00 0.00 0
120413 0.00 0.00 0.00 0
120414 0.00 0.00 0.00 0
120415 0.00 0.00 0.00 0
120416 0.00 0.00 0.00 0
120417 0.00 0.00 0.00 0
122307 0.00 0.00 0.00 0
126257 0.00 0.00 0.00 0
126258 0.00 0.00 0.00 0
126259 0.00 0.00 0.00 0
126260 0.00 0.00 0.00 0
126261 0.00 0.00 0.00 0
126262 0.00 0.00 0.00 0
126263 0.00 0.00 0.00 0
126264 0.00 0.00 0.00 0
126265 0.00 0.00 0.00 0
126266 0.00 0.00 0.00 0
126267 0.00 0.00 0.00 0
126268 0.00 0.00 0.00 0
126269 0.00 0.00 0.00 0
126270 0.00 0.00 0.00 0
126271 0.00 0.00 0.00 0
126272 0.00 0.00 0.00 0
126273 0.00 0.00 0.00 0
126274 0.00 0.00 0.00 0
126275 0.00 0.00 0.00 0
126276 0.00 0.00 0.00 0
126277 0.00 0.00 0.00 0
126278 0.00 0.00 0.00 0
126279 0.00 0.00 0.00 0
126280 0.00 0.00 0.00 0
126281 0.00 0.00 0.00 0
126282 0.00 0.00 0.00 0
126283 0.00 0.00 0.00 0
126284 0.00 0.00 0.00 0
126285 0.00 0.00 0.00 0
126286 0.00 0.00 0.00 0
126287 0.00 0.00 0.00 0
126288 0.00 0.00 0.00 0
126289 0.00 0.00 0.00 0
126290 0.00 0.00 0.00 0
126291 0.00 0.00 0.00 0
126292 0.00 0.00 0.00 0
126293 0.00 0.00 0.00 0
126294 0.00 0.00 0.00 0
126295 0.00 0.00 0.00 0
126296 0.00 0.00 0.00 0
126297 0.00 0.00 0.00 0
126298 0.00 0.00 0.00 0
126299 0.00 0.00 0.00 0
126300 0.00 0.00 0.00 0
126301 0.00 0.00 0.00 0
126302 0.00 0.00 0.00 0
126303 0.00 0.00 0.00 0
126304 0.00 0.00 0.00 0
126305 0.00 0.00 0.00 0
126306 0.00 0.00 0.00 0
126307 0.00 0.00 0.00 0
126308 0.00 0.00 0.00 0
126316 0.00 0.00 0.00 0
126317 0.00 0.00 0.00 0
126318 0.00 0.00 0.00 0
126319 0.00 0.00 0.00 0
126320 0.00 0.00 0.00 0
126321 0.00 0.00 0.00 0
126322 0.00 0.00 0.00 0
126323 0.00 0.00 0.00 0
126324 0.00 0.00 0.00 0
126325 0.00 0.00 0.00 0
126326 0.00 0.00 0.00 0
126327 0.00 0.00 0.00 0
126328 0.00 0.00 0.00 0
126329 0.00 0.00 0.00 0
126330 0.00 0.00 0.00 0
126331 0.00 0.00 0.00 0
126332 0.00 0.00 0.00 0
126333 0.00 0.00 0.00 0
126334 0.00 0.00 0.00 0
126335 0.00 0.00 0.00 0
126336 0.00 0.00 0.00 0
126337 0.00 0.00 0.00 0
126338 0.00 0.00 0.00 0
126339 0.00 0.00 0.00 0
126340 0.00 0.00 0.00 0
126635 0.00 0.00 0.00 0
130306 0.00 0.00 0.00 0
130307 0.00 0.00 0.00 0
130311 0.00 0.00 0.00 0
130312 0.00 0.00 0.00 0
130313 0.00 0.00 0.00 0
130314 0.00 0.00 0.00 0
130315 0.00 0.00 0.00 0
130316 0.00 0.00 0.00 0
130317 0.00 0.00 0.00 0
130318 0.00 0.00 0.00 0
130319 0.00 0.00 0.00 0
130320 0.00 0.00 0.00 0
135570 0.00 0.00 0.00 0
135571 0.00 0.00 0.00 0
135572 0.00 0.00 0.00 0
135578 0.00 0.00 0.00 0
135579 0.00 0.00 0.00 0
135580 0.00 0.00 0.00 0
135581 0.00 0.00 0.00 0
135604 0.00 0.00 0.00 0
135605 0.00 0.00 0.00 0
135606 0.00 0.00 0.00 0
135607 0.00 0.00 0.00 0
135608 0.00 0.00 0.00 0
135609 0.00 0.00 0.00 0
135610 0.00 0.00 0.00 0
135611 0.00 0.00 0.00 0
135612 0.00 0.00 0.00 0
135613 0.00 0.00 0.00 0
135614 0.00 0.00 0.00 0
135615 0.00 0.00 0.00 0
135616 0.00 0.00 0.00 0
135617 0.00 0.00 0.00 0
135618 0.00 0.00 0.00 0
135619 0.00 0.00 0.00 0
135620 0.00 0.00 0.00 0
135621 0.00 0.00 0.00 0
135622 0.00 0.00 0.00 0
135623 0.00 0.00 0.00 0
135624 0.00 0.00 0.00 0
135625 0.00 0.00 0.00 0
135626 0.00 0.00 0.00 0
135627 0.00 0.00 0.00 0
135628 0.00 0.00 0.00 0
135629 0.00 0.00 0.00 0
135630 0.00 0.00 0.00 0
135631 0.00 0.00 0.00 0
135632 0.00 0.00 0.00 0
135633 0.00 0.00 0.00 0
135634 0.00 0.00 0.00 0
135635 0.00 0.00 0.00 0
135636 0.00 0.00 0.00 0
135637 0.00 0.00 0.00 0
135638 0.00 0.00 0.00 0
135639 0.00 0.00 0.00 0
135640 0.00 0.00 0.00 0
135641 0.00 0.00 0.00 0
135642 0.00 0.00 0.00 0
135643 0.00 0.00 0.00 0
135644 0.00 0.00 0.00 0
135645 0.00 0.00 0.00 0
135646 0.00 0.00 0.00 0
135647 0.00 0.00 0.00 0
135648 0.00 0.00 0.00 0
135649 0.00 0.00 0.00 0
135650 0.00 0.00 0.00 0
135658 0.00 0.00 0.00 0
135659 0.00 0.00 0.00 0
135660 0.00 0.00 0.00 0
135661 0.00 0.00 0.00 0
135663 0.00 0.00 0.00 0
135664 0.00 0.00 0.00 0
135665 0.00 0.00 0.00 0
135666 0.00 0.00 0.00 0
135667 0.00 0.00 0.00 0
135668 0.00 0.00 0.00 0
135669 0.00 0.00 0.00 0
135670 0.00 0.00 0.00 0
135671 0.00 0.00 0.00 0
135672 0.00 0.00 0.00 0
135918 0.00 0.00 0.00 0
142297 0.00 0.00 0.00 0
142298 0.00 0.00 0.00 0
142299 0.00 0.00 0.00 0
142603 0.00 0.00 0.00 0
142604 0.00 0.00 0.00 0
142605 0.00 0.00 0.00 0
142606 0.00 0.00 0.00 0
142607 0.00 0.00 0.00 0
142608 0.00 0.00 0.00 0
142609 0.00 0.00 0.00 0
142610 0.00 0.00 0.00 0
142611 0.00 0.00 0.00 0
142612 0.00 0.00 0.00 0
142613 0.00 0.00 0.00 0
142614 0.00 0.00 0.00 0
142615 0.00 0.00 0.00 0
142616 0.00 0.00 0.00 0
142617 0.00 0.00 0.00 0
142618 0.00 0.00 0.00 0
142619 0.00 0.00 0.00 0
142620 0.00 0.00 0.00 0
142621 0.00 0.00 0.00 0
142622 0.00 0.00 0.00 0
142623 0.00 0.00 0.00 0
142624 0.00 0.00 0.00 0
142625 0.00 0.00 0.00 0
142626 0.00 0.00 0.00 0
147535 0.00 0.00 0.00 0
147536 0.00 0.00 0.00 0
147537 0.00 0.00 0.00 0
157515 0.00 0.00 0.00 0
157516 0.00 0.00 0.00 0
157517 0.00 0.00 0.00 0
157518 0.00 0.00 0.00 0
157519 0.00 0.00 0.00 0
157520 0.00 0.00 0.00 0
157521 0.00 0.00 0.00 0
157522 0.00 0.00 0.00 0
157748 0.00 0.00 0.00 0
157749 0.00 0.00 0.00 0
157750 0.00 0.00 0.00 0
157751 0.00 0.00 0.00 0
157752 0.00 0.00 0.00 0
157753 0.00 0.00 0.00 0
157754 0.00 0.00 0.00 0
157759 0.00 0.00 0.00 0
157760 0.00 0.00 0.00 0
157761 0.00 0.00 0.00 0
157762 0.00 0.00 0.00 0
157763 0.00 0.00 0.00 0
157764 0.00 0.00 0.00 0
157765 0.00 0.00 0.00 0
157766 0.00 0.00 0.00 0
157767 0.00 0.00 0.00 0
157768 0.00 0.00 0.00 0
157769 0.00 0.00 0.00 0
157770 0.00 0.00 0.00 0
157771 0.00 0.00 0.00 0
157772 0.00 0.00 0.00 0
157773 0.00 0.00 0.00 0
157774 0.00 0.00 0.00 0
157775 0.00 0.00 0.00 0
157776 0.00 0.00 0.00 0
157777 0.00 0.00 0.00 0
157778 0.00 0.00 0.00 0
157779 0.00 0.00 0.00 0
157780 0.00 0.00 0.00 0
157781 0.00 0.00 0.00 0
157782 0.00 0.00 0.00 0
157783 0.00 0.00 0.00 0
157784 0.00 0.00 0.00 0
157785 0.00 0.00 0.00 0
157786 0.00 0.00 0.00 0
157787 0.00 0.00 0.00 0
157788 0.00 0.00 0.00 0
157789 0.00 0.00 0.00 0
157790 0.00 0.00 0.00 0
157791 0.00 0.00 0.00 0
157792 0.00 0.00 0.00 0
157793 0.00 0.00 0.00 0
157794 0.00 0.00 0.00 0
157795 0.00 0.00 0.00 0
157796 0.00 0.00 0.00 0
157797 0.00 0.00 0.00 0
157798 0.00 0.00 0.00 0
157799 0.00 0.00 0.00 0
157800 0.00 0.00 0.00 0
157801 0.00 0.00 0.00 0
157802 0.00 0.00 0.00 0
157803 0.00 0.00 0.00 0
157804 0.00 0.00 0.00 0
157805 0.00 0.00 0.00 0
157806 0.00 0.00 0.00 0
157807 0.00 0.00 0.00 0
157808 0.00 0.00 0.00 0
157809 0.00 0.00 0.00 0
157810 0.00 0.00 0.00 0
157811 0.00 0.00 0.00 0
157812 0.00 0.00 0.00 0
157813 0.00 0.00 0.00 0
157814 0.00 0.00 0.00 0
157815 0.00 0.00 0.00 0
157816 0.00 0.00 0.00 0
157817 0.00 0.00 0.00 0
157818 0.00 0.00 0.00 0
157819 0.00 0.00 0.00 0
157820 0.00 0.00 0.00 0
157821 0.00 0.00 0.00 0
157822 0.00 0.00 0.00 0
157823 0.00 0.00 0.00 0
157824 0.00 0.00 0.00 0
157825 0.00 0.00 0.00 0
157826 0.00 0.00 0.00 0
157827 0.00 0.00 0.00 0
157828 0.00 0.00 0.00 0
157829 0.00 0.00 0.00 0
157830 0.00 0.00 0.00 0
157831 0.00 0.00 0.00 0
157832 0.00 0.00 0.00 0
157833 0.00 0.00 0.00 0
157834 0.00 0.00 0.00 0
157835 0.00 0.00 0.00 0
157836 0.00 0.00 0.00 0
157837 0.00 0.00 0.00 0
157838 0.00 0.00 0.00 0
157839 0.00 0.00 0.00 0
157840 0.00 0.00 0.00 0
157841 0.00 0.00 0.00 0
157842 0.00 0.00 0.00 0
157843 0.00 0.00 0.00 0
157844 0.00 0.00 0.00 0
157845 0.00 0.00 0.00 0
157846 0.00 0.00 0.00 0
157847 0.00 0.00 0.00 0
157848 0.00 0.00 0.00 0
157849 0.00 0.00 0.00 0
157851 0.00 0.00 0.00 0
157852 0.00 0.00 0.00 0
157853 0.00 0.00 0.00 0
157854 0.00 0.00 0.00 0
157855 0.00 0.00 0.00 0
157859 0.00 0.00 0.00 0
157860 0.00 0.00 0.00 0
157861 0.00 0.00 0.00 0
157862 0.00 0.00 0.00 0
157863 0.00 0.00 0.00 0
157864 0.00 0.00 0.00 0
157865 0.00 0.00 0.00 0
157866 0.00 0.00 0.00 0
157867 0.00 0.00 0.00 0
157868 0.00 0.00 0.00 0
157869 0.00 0.00 0.00 0
157870 0.00 0.00 0.00 0
157871 0.00 0.00 0.00 0
157872 0.00 0.00 0.00 0
157873 0.00 0.00 0.00 0
157876 0.00 0.00 0.00 0
157877 0.00 0.00 0.00 0
157878 0.00 0.00 0.00 0
157879 0.00 0.00 0.00 0
157880 0.00 0.00 0.00 0
157881 0.00 0.00 0.00 0
157882 0.00 0.00 0.00 0
157883 0.00 0.00 0.00 0
157884 0.00 0.00 0.00 0
157885 0.00 0.00 0.00 0
157886 0.00 0.00 0.00 0
157887 0.00 0.00 0.00 0
157888 0.00 0.00 0.00 0
157889 0.00 0.00 0.00 0
157890 0.00 0.00 0.00 0
157891 0.00 0.00 0.00 0
157892 0.00 0.00 0.00 0
157893 0.00 0.00 0.00 0
157894 0.00 0.00 0.00 0
157895 0.00 0.00 0.00 0
157896 0.00 0.00 0.00 0
157897 0.00 0.00 0.00 0
157898 0.00 0.00 0.00 0
157899 0.00 0.00 0.00 0
157900 0.00 0.00 0.00 0
157901 0.00 0.00 0.00 0
157902 0.00 0.00 0.00 0
157903 0.00 0.00 0.00 0
157904 0.00 0.00 0.00 0
157905 0.00 0.00 0.00 0
157906 0.00 0.00 0.00 0
157907 0.00 0.00 0.00 0
157908 0.00 0.00 0.00 0
157909 0.00 0.00 0.00 0
157910 0.00 0.00 0.00 0
157911 0.00 0.00 0.00 0
157912 0.00 0.00 0.00 0
157913 0.00 0.00 0.00 0
157914 0.00 0.00 0.00 0
157915 0.00 0.00 0.00 0
157916 0.00 0.00 0.00 0
157917 0.00 0.00 0.00 0
157918 0.00 0.00 0.00 0
157919 0.00 0.00 0.00 0
157920 0.00 0.00 0.00 0
157921 0.00 0.00 0.00 0
157922 0.00 0.00 0.00 0
157923 0.00 0.00 0.00 0
157924 0.00 0.00 0.00 0
157925 0.00 0.00 0.00 0
157926 0.00 0.00 0.00 0
157927 0.00 0.00 0.00 0
157928 0.00 0.00 0.00 0
157929 0.00 0.00 0.00 0
157930 0.00 0.00 0.00 0
157931 0.00 0.00 0.00 0
157932 0.00 0.00 0.00 0
157933 0.00 0.00 0.00 0
158695 0.00 0.00 0.00 0
