# S_oc-temp_med_and_Lingual
2129
39 0.00 0.00 0.00 0
155 0.00 0.00 0.00 0
341 0.00 0.00 0.00 0
342 0.00 0.00 0.00 0
343 0.00 0.00 0.00 0
345 0.00 0.00 0.00 0
613 0.00 0.00 0.00 0
614 0.00 0.00 0.00 0
821 0.00 0.00 0.00 0
822 0.00 0.00 0.00 0
823 0.00 0.00 0.00 0
824 0.00 0.00 0.00 0
825 0.00 0.00 0.00 0
1384 0.00 0.00 0.00 0
1385 0.00 0.00 0.00 0
1386 0.00 0.00 0.00 0
1388 0.00 0.00 0.00 0
1767 0.00 0.00 0.00 0
1768 0.00 0.00 0.00 0
1769 0.00 0.00 0.00 0
1770 0.00 0.00 0.00 0
1771 0.00 0.00 0.00 0
1772 0.00 0.00 0.00 0
1773 0.00 0.00 0.00 0
1988 0.00 0.00 0.00 0
1989 0.00 0.00 0.00 0
2463 0.00 0.00 0.00 0
2472 0.00 0.00 0.00 0
2473 0.00 0.00 0.00 0
2474 0.00 0.00 0.00 0
2475 0.00 0.00 0.00 0
2477 0.00 0.00 0.00 0
2478 0.00 0.00 0.00 0
2741 0.00 0.00 0.00 0
2742 0.00 0.00 0.00 0
2743 0.00 0.00 0.00 0
2744 0.00 0.00 0.00 0
2745 0.00 0.00 0.00 0
3304 0.00 0.00 0.00 0
3305 0.00 0.00 0.00 0
3306 0.00 0.00 0.00 0
3307 0.00 0.00 0.00 0
3308 0.00 0.00 0.00 0
3309 0.00 0.00 0.00 0
3310 0.00 0.00 0.00 0
3903 0.00 0.00 0.00 0
3904 0.00 0.00 0.00 0
3905 0.00 0.00 0.00 0
3906 0.00 0.00 0.00 0
3907 0.00 0.00 0.00 0
3908 0.00 0.00 0.00 0
3909 0.00 0.00 0.00 0
3910 0.00 0.00 0.00 0
3911 0.00 0.00 0.00 0
3912 0.00 0.00 0.00 0
3913 0.00 0.00 0.00 0
3914 0.00 0.00 0.00 0
3915 0.00 0.00 0.00 0
4364 0.00 0.00 0.00 0
4365 0.00 0.00 0.00 0
5536 0.00 0.00 0.00 0
5537 0.00 0.00 0.00 0
5538 0.00 0.00 0.00 0
5539 0.00 0.00 0.00 0
5540 0.00 0.00 0.00 0
5541 0.00 0.00 0.00 0
5542 0.00 0.00 0.00 0
5546 0.00 0.00 0.00 0
5548 0.00 0.00 0.00 0
5549 0.00 0.00 0.00 0
5550 0.00 0.00 0.00 0
5589 0.00 0.00 0.00 0
5591 0.00 0.00 0.00 0
5593 0.00 0.00 0.00 0
5599 0.00 0.00 0.00 0
5601 0.00 0.00 0.00 0
6085 0.00 0.00 0.00 0
6086 0.00 0.00 0.00 0
6087 0.00 0.00 0.00 0
6088 0.00 0.00 0.00 0
6089 0.00 0.00 0.00 0
6090 0.00 0.00 0.00 0
6091 0.00 0.00 0.00 0
6092 0.00 0.00 0.00 0
6093 0.00 0.00 0.00 0
7096 0.00 0.00 0.00 0
7097 0.00 0.00 0.00 0
7098 0.00 0.00 0.00 0
7099 0.00 0.00 0.00 0
7100 0.00 0.00 0.00 0
7101 0.00 0.00 0.00 0
7102 0.00 0.00 0.00 0
7104 0.00 0.00 0.00 0
7105 0.00 0.00 0.00 0
7106 0.00 0.00 0.00 0
7959 0.00 0.00 0.00 0
7960 0.00 0.00 0.00 0
7961 0.00 0.00 0.00 0
7962 0.00 0.00 0.00 0
7963 0.00 0.00 0.00 0
7964 0.00 0.00 0.00 0
7965 0.00 0.00 0.00 0
7966 0.00 0.00 0.00 0
7967 0.00 0.00 0.00 0
7968 0.00 0.00 0.00 0
7969 0.00 0.00 0.00 0
7970 0.00 0.00 0.00 0
7971 0.00 0.00 0.00 0
7972 0.00 0.00 0.00 0
7973 0.00 0.00 0.00 0
7974 0.00 0.00 0.00 0
7975 0.00 0.00 0.00 0
7976 0.00 0.00 0.00 0
7977 0.00 0.00 0.00 0
8550 0.00 0.00 0.00 0
8551 0.00 0.00 0.00 0
8552 0.00 0.00 0.00 0
8553 0.00 0.00 0.00 0
9943 0.00 0.00 0.00 0
9944 0.00 0.00 0.00 0
9945 0.00 0.00 0.00 0
9971 0.00 0.00 0.00 0
9972 0.00 0.00 0.00 0
9973 0.00 0.00 0.00 0
9974 0.00 0.00 0.00 0
9975 0.00 0.00 0.00 0
9976 0.00 0.00 0.00 0
9977 0.00 0.00 0.00 0
9978 0.00 0.00 0.00 0
9979 0.00 0.00 0.00 0
9980 0.00 0.00 0.00 0
9981 0.00 0.00 0.00 0
9987 0.00 0.00 0.00 0
9988 0.00 0.00 0.00 0
9989 0.00 0.00 0.00 0
9990 0.00 0.00 0.00 0
10039 0.00 0.00 0.00 0
10421 0.00 0.00 0.00 0
10422 0.00 0.00 0.00 0
10423 0.00 0.00 0.00 0
10424 0.00 0.00 0.00 0
10425 0.00 0.00 0.00 0
10984 0.00 0.00 0.00 0
10985 0.00 0.00 0.00 0
10986 0.00 0.00 0.00 0
10987 0.00 0.00 0.00 0
10988 0.00 0.00 0.00 0
10989 0.00 0.00 0.00 0
10990 0.00 0.00 0.00 0
10991 0.00 0.00 0.00 0
11582 0.00 0.00 0.00 0
11583 0.00 0.00 0.00 0
11584 0.00 0.00 0.00 0
11585 0.00 0.00 0.00 0
11586 0.00 0.00 0.00 0
11587 0.00 0.00 0.00 0
11588 0.00 0.00 0.00 0
11589 0.00 0.00 0.00 0
11590 0.00 0.00 0.00 0
11591 0.00 0.00 0.00 0
11592 0.00 0.00 0.00 0
11593 0.00 0.00 0.00 0
11594 0.00 0.00 0.00 0
11595 0.00 0.00 0.00 0
12044 0.00 0.00 0.00 0
13216 0.00 0.00 0.00 0
13218 0.00 0.00 0.00 0
13219 0.00 0.00 0.00 0
13220 0.00 0.00 0.00 0
13221 0.00 0.00 0.00 0
13222 0.00 0.00 0.00 0
13226 0.00 0.00 0.00 0
13227 0.00 0.00 0.00 0
13228 0.00 0.00 0.00 0
13229 0.00 0.00 0.00 0
13230 0.00 0.00 0.00 0
13269 0.00 0.00 0.00 0
13270 0.00 0.00 0.00 0
13271 0.00 0.00 0.00 0
13279 0.00 0.00 0.00 0
13280 0.00 0.00 0.00 0
13281 0.00 0.00 0.00 0
13981 0.00 0.00 0.00 0
13982 0.00 0.00 0.00 0
13983 0.00 0.00 0.00 0
13984 0.00 0.00 0.00 0
13985 0.00 0.00 0.00 0
13986 0.00 0.00 0.00 0
13987 0.00 0.00 0.00 0
13988 0.00 0.00 0.00 0
13989 0.00 0.00 0.00 0
13990 0.00 0.00 0.00 0
13991 0.00 0.00 0.00 0
13992 0.00 0.00 0.00 0
13993 0.00 0.00 0.00 0
13994 0.00 0.00 0.00 0
13995 0.00 0.00 0.00 0
15666 0.00 0.00 0.00 0
15667 0.00 0.00 0.00 0
15668 0.00 0.00 0.00 0
15669 0.00 0.00 0.00 0
15670 0.00 0.00 0.00 0
15671 0.00 0.00 0.00 0
15672 0.00 0.00 0.00 0
15673 0.00 0.00 0.00 0
15674 0.00 0.00 0.00 0
15675 0.00 0.00 0.00 0
15676 0.00 0.00 0.00 0
15677 0.00 0.00 0.00 0
15678 0.00 0.00 0.00 0
15679 0.00 0.00 0.00 0
15680 0.00 0.00 0.00 0
15681 0.00 0.00 0.00 0
15682 0.00 0.00 0.00 0
15683 0.00 0.00 0.00 0
15684 0.00 0.00 0.00 0
15685 0.00 0.00 0.00 0
17464 0.00 0.00 0.00 0
17465 0.00 0.00 0.00 0
17466 0.00 0.00 0.00 0
17467 0.00 0.00 0.00 0
17468 0.00 0.00 0.00 0
17469 0.00 0.00 0.00 0
17470 0.00 0.00 0.00 0
17471 0.00 0.00 0.00 0
17472 0.00 0.00 0.00 0
17473 0.00 0.00 0.00 0
17474 0.00 0.00 0.00 0
17475 0.00 0.00 0.00 0
17476 0.00 0.00 0.00 0
17477 0.00 0.00 0.00 0
17478 0.00 0.00 0.00 0
17479 0.00 0.00 0.00 0
17480 0.00 0.00 0.00 0
17481 0.00 0.00 0.00 0
17482 0.00 0.00 0.00 0
17483 0.00 0.00 0.00 0
17484 0.00 0.00 0.00 0
17485 0.00 0.00 0.00 0
17486 0.00 0.00 0.00 0
17487 0.00 0.00 0.00 0
17488 0.00 0.00 0.00 0
17489 0.00 0.00 0.00 0
17490 0.00 0.00 0.00 0
17491 0.00 0.00 0.00 0
17492 0.00 0.00 0.00 0
17493 0.00 0.00 0.00 0
17494 0.00 0.00 0.00 0
17495 0.00 0.00 0.00 0
17496 0.00 0.00 0.00 0
17497 0.00 0.00 0.00 0
17498 0.00 0.00 0.00 0
17499 0.00 0.00 0.00 0
17500 0.00 0.00 0.00 0
17501 0.00 0.00 0.00 0
17502 0.00 0.00 0.00 0
17503 0.00 0.00 0.00 0
17504 0.00 0.00 0.00 0
17505 0.00 0.00 0.00 0
18848 0.00 0.00 0.00 0
18849 0.00 0.00 0.00 0
18850 0.00 0.00 0.00 0
18851 0.00 0.00 0.00 0
18852 0.00 0.00 0.00 0
18853 0.00 0.00 0.00 0
18854 0.00 0.00 0.00 0
18855 0.00 0.00 0.00 0
22294 0.00 0.00 0.00 0
22295 0.00 0.00 0.00 0
22296 0.00 0.00 0.00 0
22297 0.00 0.00 0.00 0
22361 0.00 0.00 0.00 0
22362 0.00 0.00 0.00 0
22363 0.00 0.00 0.00 0
22364 0.00 0.00 0.00 0
22365 0.00 0.00 0.00 0
22366 0.00 0.00 0.00 0
22367 0.00 0.00 0.00 0
22368 0.00 0.00 0.00 0
22369 0.00 0.00 0.00 0
22370 0.00 0.00 0.00 0
22371 0.00 0.00 0.00 0
22372 0.00 0.00 0.00 0
22374 0.00 0.00 0.00 0
22375 0.00 0.00 0.00 0
22376 0.00 0.00 0.00 0
22377 0.00 0.00 0.00 0
22378 0.00 0.00 0.00 0
22379 0.00 0.00 0.00 0
22380 0.00 0.00 0.00 0
22381 0.00 0.00 0.00 0
22382 0.00 0.00 0.00 0
22383 0.00 0.00 0.00 0
22384 0.00 0.00 0.00 0
22385 0.00 0.00 0.00 0
22386 0.00 0.00 0.00 0
22387 0.00 0.00 0.00 0
22399 0.00 0.00 0.00 0
22403 0.00 0.00 0.00 0
22404 0.00 0.00 0.00 0
22405 0.00 0.00 0.00 0
22406 0.00 0.00 0.00 0
22407 0.00 0.00 0.00 0
22408 0.00 0.00 0.00 0
22409 0.00 0.00 0.00 0
22410 0.00 0.00 0.00 0
22532 0.00 0.00 0.00 0
22533 0.00 0.00 0.00 0
22534 0.00 0.00 0.00 0
22591 0.00 0.00 0.00 0
23365 0.00 0.00 0.00 0
23366 0.00 0.00 0.00 0
23367 0.00 0.00 0.00 0
23368 0.00 0.00 0.00 0
23369 0.00 0.00 0.00 0
23370 0.00 0.00 0.00 0
23371 0.00 0.00 0.00 0
23372 0.00 0.00 0.00 0
23373 0.00 0.00 0.00 0
24378 0.00 0.00 0.00 0
24379 0.00 0.00 0.00 0
24380 0.00 0.00 0.00 0
24381 0.00 0.00 0.00 0
24382 0.00 0.00 0.00 0
24383 0.00 0.00 0.00 0
24384 0.00 0.00 0.00 0
24385 0.00 0.00 0.00 0
24386 0.00 0.00 0.00 0
24387 0.00 0.00 0.00 0
24388 0.00 0.00 0.00 0
24389 0.00 0.00 0.00 0
25456 0.00 0.00 0.00 0
25457 0.00 0.00 0.00 0
25458 0.00 0.00 0.00 0
25459 0.00 0.00 0.00 0
25460 0.00 0.00 0.00 0
25461 0.00 0.00 0.00 0
25462 0.00 0.00 0.00 0
25463 0.00 0.00 0.00 0
25464 0.00 0.00 0.00 0
25465 0.00 0.00 0.00 0
25466 0.00 0.00 0.00 0
25467 0.00 0.00 0.00 0
25468 0.00 0.00 0.00 0
25469 0.00 0.00 0.00 0
25470 0.00 0.00 0.00 0
25471 0.00 0.00 0.00 0
25472 0.00 0.00 0.00 0
25473 0.00 0.00 0.00 0
25474 0.00 0.00 0.00 0
25475 0.00 0.00 0.00 0
25476 0.00 0.00 0.00 0
25477 0.00 0.00 0.00 0
25478 0.00 0.00 0.00 0
25479 0.00 0.00 0.00 0
26286 0.00 0.00 0.00 0
26287 0.00 0.00 0.00 0
26288 0.00 0.00 0.00 0
26289 0.00 0.00 0.00 0
28395 0.00 0.00 0.00 0
28396 0.00 0.00 0.00 0
28397 0.00 0.00 0.00 0
28398 0.00 0.00 0.00 0
28399 0.00 0.00 0.00 0
28401 0.00 0.00 0.00 0
28402 0.00 0.00 0.00 0
28403 0.00 0.00 0.00 0
28404 0.00 0.00 0.00 0
28405 0.00 0.00 0.00 0
28406 0.00 0.00 0.00 0
28407 0.00 0.00 0.00 0
28408 0.00 0.00 0.00 0
28417 0.00 0.00 0.00 0
28418 0.00 0.00 0.00 0
28419 0.00 0.00 0.00 0
28420 0.00 0.00 0.00 0
28421 0.00 0.00 0.00 0
28422 0.00 0.00 0.00 0
28496 0.00 0.00 0.00 0
28497 0.00 0.00 0.00 0
28498 0.00 0.00 0.00 0
28509 0.00 0.00 0.00 0
28511 0.00 0.00 0.00 0
28515 0.00 0.00 0.00 0
29557 0.00 0.00 0.00 0
29558 0.00 0.00 0.00 0
29559 0.00 0.00 0.00 0
29560 0.00 0.00 0.00 0
29561 0.00 0.00 0.00 0
29562 0.00 0.00 0.00 0
29563 0.00 0.00 0.00 0
29564 0.00 0.00 0.00 0
29565 0.00 0.00 0.00 0
29566 0.00 0.00 0.00 0
29567 0.00 0.00 0.00 0
29568 0.00 0.00 0.00 0
29569 0.00 0.00 0.00 0
29570 0.00 0.00 0.00 0
29571 0.00 0.00 0.00 0
29572 0.00 0.00 0.00 0
29573 0.00 0.00 0.00 0
29574 0.00 0.00 0.00 0
29575 0.00 0.00 0.00 0
29576 0.00 0.00 0.00 0
29577 0.00 0.00 0.00 0
31865 0.00 0.00 0.00 0
31917 0.00 0.00 0.00 0
31918 0.00 0.00 0.00 0
31920 0.00 0.00 0.00 0
31921 0.00 0.00 0.00 0
31922 0.00 0.00 0.00 0
31923 0.00 0.00 0.00 0
31924 0.00 0.00 0.00 0
31925 0.00 0.00 0.00 0
31926 0.00 0.00 0.00 0
31927 0.00 0.00 0.00 0
31928 0.00 0.00 0.00 0
31934 0.00 0.00 0.00 0
31935 0.00 0.00 0.00 0
31936 0.00 0.00 0.00 0
31937 0.00 0.00 0.00 0
31938 0.00 0.00 0.00 0
31939 0.00 0.00 0.00 0
31940 0.00 0.00 0.00 0
34215 0.00 0.00 0.00 0
34216 0.00 0.00 0.00 0
34219 0.00 0.00 0.00 0
34221 0.00 0.00 0.00 0
34222 0.00 0.00 0.00 0
34223 0.00 0.00 0.00 0
34224 0.00 0.00 0.00 0
34225 0.00 0.00 0.00 0
34226 0.00 0.00 0.00 0
34227 0.00 0.00 0.00 0
34228 0.00 0.00 0.00 0
34229 0.00 0.00 0.00 0
34230 0.00 0.00 0.00 0
34231 0.00 0.00 0.00 0
34232 0.00 0.00 0.00 0
34233 0.00 0.00 0.00 0
34234 0.00 0.00 0.00 0
34235 0.00 0.00 0.00 0
34236 0.00 0.00 0.00 0
34237 0.00 0.00 0.00 0
34238 0.00 0.00 0.00 0
34239 0.00 0.00 0.00 0
34240 0.00 0.00 0.00 0
34241 0.00 0.00 0.00 0
34242 0.00 0.00 0.00 0
34243 0.00 0.00 0.00 0
34244 0.00 0.00 0.00 0
34245 0.00 0.00 0.00 0
34246 0.00 0.00 0.00 0
34247 0.00 0.00 0.00 0
34248 0.00 0.00 0.00 0
34249 0.00 0.00 0.00 0
34252 0.00 0.00 0.00 0
34253 0.00 0.00 0.00 0
34254 0.00 0.00 0.00 0
34255 0.00 0.00 0.00 0
34256 0.00 0.00 0.00 0
34257 0.00 0.00 0.00 0
34258 0.00 0.00 0.00 0
34259 0.00 0.00 0.00 0
34264 0.00 0.00 0.00 0
34265 0.00 0.00 0.00 0
34268 0.00 0.00 0.00 0
34269 0.00 0.00 0.00 0
35916 0.00 0.00 0.00 0
35917 0.00 0.00 0.00 0
35918 0.00 0.00 0.00 0
35919 0.00 0.00 0.00 0
35920 0.00 0.00 0.00 0
35921 0.00 0.00 0.00 0
35922 0.00 0.00 0.00 0
35923 0.00 0.00 0.00 0
35924 0.00 0.00 0.00 0
35925 0.00 0.00 0.00 0
40063 0.00 0.00 0.00 0
40064 0.00 0.00 0.00 0
40065 0.00 0.00 0.00 0
40067 0.00 0.00 0.00 0
40068 0.00 0.00 0.00 0
40069 0.00 0.00 0.00 0
40070 0.00 0.00 0.00 0
40071 0.00 0.00 0.00 0
40149 0.00 0.00 0.00 0
40150 0.00 0.00 0.00 0
40151 0.00 0.00 0.00 0
40152 0.00 0.00 0.00 0
40153 0.00 0.00 0.00 0
40154 0.00 0.00 0.00 0
40155 0.00 0.00 0.00 0
40156 0.00 0.00 0.00 0
40157 0.00 0.00 0.00 0
40158 0.00 0.00 0.00 0
40159 0.00 0.00 0.00 0
40160 0.00 0.00 0.00 0
40161 0.00 0.00 0.00 0
40163 0.00 0.00 0.00 0
40164 0.00 0.00 0.00 0
40165 0.00 0.00 0.00 0
40166 0.00 0.00 0.00 0
40167 0.00 0.00 0.00 0
40168 0.00 0.00 0.00 0
40169 0.00 0.00 0.00 0
40170 0.00 0.00 0.00 0
40171 0.00 0.00 0.00 0
40172 0.00 0.00 0.00 0
40173 0.00 0.00 0.00 0
40174 0.00 0.00 0.00 0
40175 0.00 0.00 0.00 0
40176 0.00 0.00 0.00 0
40177 0.00 0.00 0.00 0
40178 0.00 0.00 0.00 0
40179 0.00 0.00 0.00 0
40197 0.00 0.00 0.00 0
40198 0.00 0.00 0.00 0
40199 0.00 0.00 0.00 0
40200 0.00 0.00 0.00 0
40201 0.00 0.00 0.00 0
40202 0.00 0.00 0.00 0
40203 0.00 0.00 0.00 0
40204 0.00 0.00 0.00 0
40205 0.00 0.00 0.00 0
40348 0.00 0.00 0.00 0
40349 0.00 0.00 0.00 0
40351 0.00 0.00 0.00 0
40352 0.00 0.00 0.00 0
40353 0.00 0.00 0.00 0
40354 0.00 0.00 0.00 0
40355 0.00 0.00 0.00 0
40423 0.00 0.00 0.00 0
41141 0.00 0.00 0.00 0
41142 0.00 0.00 0.00 0
41143 0.00 0.00 0.00 0
41144 0.00 0.00 0.00 0
41145 0.00 0.00 0.00 0
41704 0.00 0.00 0.00 0
41705 0.00 0.00 0.00 0
41706 0.00 0.00 0.00 0
41707 0.00 0.00 0.00 0
41708 0.00 0.00 0.00 0
41709 0.00 0.00 0.00 0
41710 0.00 0.00 0.00 0
41711 0.00 0.00 0.00 0
42302 0.00 0.00 0.00 0
42303 0.00 0.00 0.00 0
42304 0.00 0.00 0.00 0
42305 0.00 0.00 0.00 0
42306 0.00 0.00 0.00 0
42307 0.00 0.00 0.00 0
42308 0.00 0.00 0.00 0
42309 0.00 0.00 0.00 0
42310 0.00 0.00 0.00 0
42311 0.00 0.00 0.00 0
42312 0.00 0.00 0.00 0
42313 0.00 0.00 0.00 0
42314 0.00 0.00 0.00 0
42315 0.00 0.00 0.00 0
43938 0.00 0.00 0.00 0
43939 0.00 0.00 0.00 0
43940 0.00 0.00 0.00 0
43941 0.00 0.00 0.00 0
43942 0.00 0.00 0.00 0
43946 0.00 0.00 0.00 0
43947 0.00 0.00 0.00 0
43948 0.00 0.00 0.00 0
43949 0.00 0.00 0.00 0
43950 0.00 0.00 0.00 0
43951 0.00 0.00 0.00 0
43952 0.00 0.00 0.00 0
43989 0.00 0.00 0.00 0
43990 0.00 0.00 0.00 0
43991 0.00 0.00 0.00 0
43999 0.00 0.00 0.00 0
44000 0.00 0.00 0.00 0
44001 0.00 0.00 0.00 0
44701 0.00 0.00 0.00 0
44702 0.00 0.00 0.00 0
44703 0.00 0.00 0.00 0
44704 0.00 0.00 0.00 0
44705 0.00 0.00 0.00 0
44706 0.00 0.00 0.00 0
44707 0.00 0.00 0.00 0
44708 0.00 0.00 0.00 0
44709 0.00 0.00 0.00 0
44710 0.00 0.00 0.00 0
44711 0.00 0.00 0.00 0
44712 0.00 0.00 0.00 0
44713 0.00 0.00 0.00 0
44714 0.00 0.00 0.00 0
44715 0.00 0.00 0.00 0
46387 0.00 0.00 0.00 0
46389 0.00 0.00 0.00 0
46390 0.00 0.00 0.00 0
46391 0.00 0.00 0.00 0
46392 0.00 0.00 0.00 0
46393 0.00 0.00 0.00 0
46394 0.00 0.00 0.00 0
46395 0.00 0.00 0.00 0
46396 0.00 0.00 0.00 0
46397 0.00 0.00 0.00 0
46398 0.00 0.00 0.00 0
46399 0.00 0.00 0.00 0
46400 0.00 0.00 0.00 0
46401 0.00 0.00 0.00 0
46402 0.00 0.00 0.00 0
46403 0.00 0.00 0.00 0
46404 0.00 0.00 0.00 0
46405 0.00 0.00 0.00 0
48184 0.00 0.00 0.00 0
48185 0.00 0.00 0.00 0
48186 0.00 0.00 0.00 0
48187 0.00 0.00 0.00 0
48188 0.00 0.00 0.00 0
48189 0.00 0.00 0.00 0
48190 0.00 0.00 0.00 0
48191 0.00 0.00 0.00 0
48192 0.00 0.00 0.00 0
48193 0.00 0.00 0.00 0
48194 0.00 0.00 0.00 0
48195 0.00 0.00 0.00 0
48196 0.00 0.00 0.00 0
48197 0.00 0.00 0.00 0
48198 0.00 0.00 0.00 0
48199 0.00 0.00 0.00 0
48200 0.00 0.00 0.00 0
48201 0.00 0.00 0.00 0
48202 0.00 0.00 0.00 0
48203 0.00 0.00 0.00 0
48204 0.00 0.00 0.00 0
48205 0.00 0.00 0.00 0
48206 0.00 0.00 0.00 0
48207 0.00 0.00 0.00 0
48208 0.00 0.00 0.00 0
48209 0.00 0.00 0.00 0
48210 0.00 0.00 0.00 0
48211 0.00 0.00 0.00 0
48212 0.00 0.00 0.00 0
48213 0.00 0.00 0.00 0
48214 0.00 0.00 0.00 0
48215 0.00 0.00 0.00 0
48216 0.00 0.00 0.00 0
48217 0.00 0.00 0.00 0
48218 0.00 0.00 0.00 0
48219 0.00 0.00 0.00 0
48220 0.00 0.00 0.00 0
48221 0.00 0.00 0.00 0
48222 0.00 0.00 0.00 0
48223 0.00 0.00 0.00 0
48224 0.00 0.00 0.00 0
48225 0.00 0.00 0.00 0
49568 0.00 0.00 0.00 0
49569 0.00 0.00 0.00 0
49570 0.00 0.00 0.00 0
49571 0.00 0.00 0.00 0
49572 0.00 0.00 0.00 0
49573 0.00 0.00 0.00 0
49574 0.00 0.00 0.00 0
49575 0.00 0.00 0.00 0
53014 0.00 0.00 0.00 0
53015 0.00 0.00 0.00 0
53016 0.00 0.00 0.00 0
53017 0.00 0.00 0.00 0
53081 0.00 0.00 0.00 0
53082 0.00 0.00 0.00 0
53083 0.00 0.00 0.00 0
53084 0.00 0.00 0.00 0
53085 0.00 0.00 0.00 0
53086 0.00 0.00 0.00 0
53087 0.00 0.00 0.00 0
53088 0.00 0.00 0.00 0
53089 0.00 0.00 0.00 0
53090 0.00 0.00 0.00 0
53091 0.00 0.00 0.00 0
53092 0.00 0.00 0.00 0
53095 0.00 0.00 0.00 0
53096 0.00 0.00 0.00 0
53097 0.00 0.00 0.00 0
53098 0.00 0.00 0.00 0
53099 0.00 0.00 0.00 0
53100 0.00 0.00 0.00 0
53101 0.00 0.00 0.00 0
53102 0.00 0.00 0.00 0
53103 0.00 0.00 0.00 0
53104 0.00 0.00 0.00 0
53105 0.00 0.00 0.00 0
53106 0.00 0.00 0.00 0
53107 0.00 0.00 0.00 0
53119 0.00 0.00 0.00 0
53121 0.00 0.00 0.00 0
53122 0.00 0.00 0.00 0
53123 0.00 0.00 0.00 0
53124 0.00 0.00 0.00 0
53125 0.00 0.00 0.00 0
53126 0.00 0.00 0.00 0
53127 0.00 0.00 0.00 0
53128 0.00 0.00 0.00 0
53129 0.00 0.00 0.00 0
53130 0.00 0.00 0.00 0
53131 0.00 0.00 0.00 0
53132 0.00 0.00 0.00 0
53252 0.00 0.00 0.00 0
53253 0.00 0.00 0.00 0
53254 0.00 0.00 0.00 0
53311 0.00 0.00 0.00 0
54301 0.00 0.00 0.00 0
54302 0.00 0.00 0.00 0
54303 0.00 0.00 0.00 0
54304 0.00 0.00 0.00 0
54305 0.00 0.00 0.00 0
54306 0.00 0.00 0.00 0
54307 0.00 0.00 0.00 0
54308 0.00 0.00 0.00 0
54309 0.00 0.00 0.00 0
54310 0.00 0.00 0.00 0
54311 0.00 0.00 0.00 0
54312 0.00 0.00 0.00 0
54313 0.00 0.00 0.00 0
54314 0.00 0.00 0.00 0
54315 0.00 0.00 0.00 0
55989 0.00 0.00 0.00 0
55990 0.00 0.00 0.00 0
55991 0.00 0.00 0.00 0
55992 0.00 0.00 0.00 0
55993 0.00 0.00 0.00 0
55994 0.00 0.00 0.00 0
55995 0.00 0.00 0.00 0
55996 0.00 0.00 0.00 0
55997 0.00 0.00 0.00 0
55998 0.00 0.00 0.00 0
55999 0.00 0.00 0.00 0
56000 0.00 0.00 0.00 0
56001 0.00 0.00 0.00 0
56002 0.00 0.00 0.00 0
56003 0.00 0.00 0.00 0
56004 0.00 0.00 0.00 0
56005 0.00 0.00 0.00 0
56006 0.00 0.00 0.00 0
56007 0.00 0.00 0.00 0
56008 0.00 0.00 0.00 0
57784 0.00 0.00 0.00 0
57785 0.00 0.00 0.00 0
57786 0.00 0.00 0.00 0
57787 0.00 0.00 0.00 0
57788 0.00 0.00 0.00 0
57789 0.00 0.00 0.00 0
57790 0.00 0.00 0.00 0
57791 0.00 0.00 0.00 0
57792 0.00 0.00 0.00 0
57793 0.00 0.00 0.00 0
57794 0.00 0.00 0.00 0
57795 0.00 0.00 0.00 0
57796 0.00 0.00 0.00 0
57797 0.00 0.00 0.00 0
57798 0.00 0.00 0.00 0
57799 0.00 0.00 0.00 0
57800 0.00 0.00 0.00 0
57801 0.00 0.00 0.00 0
57802 0.00 0.00 0.00 0
57803 0.00 0.00 0.00 0
57804 0.00 0.00 0.00 0
57805 0.00 0.00 0.00 0
57806 0.00 0.00 0.00 0
57807 0.00 0.00 0.00 0
57808 0.00 0.00 0.00 0
57809 0.00 0.00 0.00 0
57810 0.00 0.00 0.00 0
57811 0.00 0.00 0.00 0
57812 0.00 0.00 0.00 0
57813 0.00 0.00 0.00 0
57814 0.00 0.00 0.00 0
57815 0.00 0.00 0.00 0
57816 0.00 0.00 0.00 0
57817 0.00 0.00 0.00 0
57818 0.00 0.00 0.00 0
57819 0.00 0.00 0.00 0
57820 0.00 0.00 0.00 0
57821 0.00 0.00 0.00 0
57822 0.00 0.00 0.00 0
57823 0.00 0.00 0.00 0
57824 0.00 0.00 0.00 0
57825 0.00 0.00 0.00 0
59169 0.00 0.00 0.00 0
59170 0.00 0.00 0.00 0
59171 0.00 0.00 0.00 0
59172 0.00 0.00 0.00 0
59173 0.00 0.00 0.00 0
59174 0.00 0.00 0.00 0
59175 0.00 0.00 0.00 0
62684 0.00 0.00 0.00 0
62685 0.00 0.00 0.00 0
62686 0.00 0.00 0.00 0
62687 0.00 0.00 0.00 0
62688 0.00 0.00 0.00 0
62689 0.00 0.00 0.00 0
62690 0.00 0.00 0.00 0
62691 0.00 0.00 0.00 0
62692 0.00 0.00 0.00 0
62693 0.00 0.00 0.00 0
62694 0.00 0.00 0.00 0
62695 0.00 0.00 0.00 0
62696 0.00 0.00 0.00 0
62697 0.00 0.00 0.00 0
62698 0.00 0.00 0.00 0
62699 0.00 0.00 0.00 0
62700 0.00 0.00 0.00 0
62701 0.00 0.00 0.00 0
62702 0.00 0.00 0.00 0
62703 0.00 0.00 0.00 0
62704 0.00 0.00 0.00 0
62705 0.00 0.00 0.00 0
62706 0.00 0.00 0.00 0
62707 0.00 0.00 0.00 0
62718 0.00 0.00 0.00 0
62719 0.00 0.00 0.00 0
62720 0.00 0.00 0.00 0
62721 0.00 0.00 0.00 0
62722 0.00 0.00 0.00 0
62723 0.00 0.00 0.00 0
62724 0.00 0.00 0.00 0
62725 0.00 0.00 0.00 0
62726 0.00 0.00 0.00 0
62727 0.00 0.00 0.00 0
62728 0.00 0.00 0.00 0
62729 0.00 0.00 0.00 0
62730 0.00 0.00 0.00 0
62731 0.00 0.00 0.00 0
62732 0.00 0.00 0.00 0
62846 0.00 0.00 0.00 0
62847 0.00 0.00 0.00 0
62848 0.00 0.00 0.00 0
62849 0.00 0.00 0.00 0
62851 0.00 0.00 0.00 0
62852 0.00 0.00 0.00 0
62853 0.00 0.00 0.00 0
62874 0.00 0.00 0.00 0
62875 0.00 0.00 0.00 0
62876 0.00 0.00 0.00 0
62877 0.00 0.00 0.00 0
62878 0.00 0.00 0.00 0
62879 0.00 0.00 0.00 0
62881 0.00 0.00 0.00 0
62882 0.00 0.00 0.00 0
62883 0.00 0.00 0.00 0
64981 0.00 0.00 0.00 0
64982 0.00 0.00 0.00 0
64983 0.00 0.00 0.00 0
64984 0.00 0.00 0.00 0
64985 0.00 0.00 0.00 0
64986 0.00 0.00 0.00 0
64987 0.00 0.00 0.00 0
64988 0.00 0.00 0.00 0
64989 0.00 0.00 0.00 0
64990 0.00 0.00 0.00 0
64991 0.00 0.00 0.00 0
64992 0.00 0.00 0.00 0
64993 0.00 0.00 0.00 0
64994 0.00 0.00 0.00 0
64995 0.00 0.00 0.00 0
64996 0.00 0.00 0.00 0
64997 0.00 0.00 0.00 0
64998 0.00 0.00 0.00 0
64999 0.00 0.00 0.00 0
65000 0.00 0.00 0.00 0
65001 0.00 0.00 0.00 0
65002 0.00 0.00 0.00 0
65003 0.00 0.00 0.00 0
65004 0.00 0.00 0.00 0
65005 0.00 0.00 0.00 0
65006 0.00 0.00 0.00 0
65007 0.00 0.00 0.00 0
65008 0.00 0.00 0.00 0
65009 0.00 0.00 0.00 0
65010 0.00 0.00 0.00 0
65011 0.00 0.00 0.00 0
65012 0.00 0.00 0.00 0
65013 0.00 0.00 0.00 0
65014 0.00 0.00 0.00 0
65015 0.00 0.00 0.00 0
65016 0.00 0.00 0.00 0
65017 0.00 0.00 0.00 0
65018 0.00 0.00 0.00 0
65019 0.00 0.00 0.00 0
65020 0.00 0.00 0.00 0
65021 0.00 0.00 0.00 0
65022 0.00 0.00 0.00 0
65023 0.00 0.00 0.00 0
65024 0.00 0.00 0.00 0
65025 0.00 0.00 0.00 0
70038 0.00 0.00 0.00 0
70039 0.00 0.00 0.00 0
70040 0.00 0.00 0.00 0
70041 0.00 0.00 0.00 0
70043 0.00 0.00 0.00 0
70044 0.00 0.00 0.00 0
70045 0.00 0.00 0.00 0
70046 0.00 0.00 0.00 0
70047 0.00 0.00 0.00 0
70048 0.00 0.00 0.00 0
70049 0.00 0.00 0.00 0
70050 0.00 0.00 0.00 0
70051 0.00 0.00 0.00 0
70052 0.00 0.00 0.00 0
70053 0.00 0.00 0.00 0
70054 0.00 0.00 0.00 0
70055 0.00 0.00 0.00 0
70056 0.00 0.00 0.00 0
70057 0.00 0.00 0.00 0
70058 0.00 0.00 0.00 0
70059 0.00 0.00 0.00 0
70060 0.00 0.00 0.00 0
70061 0.00 0.00 0.00 0
70062 0.00 0.00 0.00 0
70063 0.00 0.00 0.00 0
70064 0.00 0.00 0.00 0
70069 0.00 0.00 0.00 0
70070 0.00 0.00 0.00 0
70071 0.00 0.00 0.00 0
70072 0.00 0.00 0.00 0
70073 0.00 0.00 0.00 0
70074 0.00 0.00 0.00 0
70075 0.00 0.00 0.00 0
70076 0.00 0.00 0.00 0
70077 0.00 0.00 0.00 0
70078 0.00 0.00 0.00 0
70079 0.00 0.00 0.00 0
70080 0.00 0.00 0.00 0
70081 0.00 0.00 0.00 0
70082 0.00 0.00 0.00 0
70083 0.00 0.00 0.00 0
70084 0.00 0.00 0.00 0
70085 0.00 0.00 0.00 0
70086 0.00 0.00 0.00 0
70087 0.00 0.00 0.00 0
70088 0.00 0.00 0.00 0
70090 0.00 0.00 0.00 0
70096 0.00 0.00 0.00 0
70097 0.00 0.00 0.00 0
75425 0.00 0.00 0.00 0
75426 0.00 0.00 0.00 0
75428 0.00 0.00 0.00 0
75432 0.00 0.00 0.00 0
75433 0.00 0.00 0.00 0
75434 0.00 0.00 0.00 0
75435 0.00 0.00 0.00 0
75436 0.00 0.00 0.00 0
75438 0.00 0.00 0.00 0
75439 0.00 0.00 0.00 0
75440 0.00 0.00 0.00 0
75441 0.00 0.00 0.00 0
75442 0.00 0.00 0.00 0
75443 0.00 0.00 0.00 0
75444 0.00 0.00 0.00 0
75445 0.00 0.00 0.00 0
75446 0.00 0.00 0.00 0
75447 0.00 0.00 0.00 0
75448 0.00 0.00 0.00 0
75449 0.00 0.00 0.00 0
75450 0.00 0.00 0.00 0
75451 0.00 0.00 0.00 0
75452 0.00 0.00 0.00 0
75453 0.00 0.00 0.00 0
75454 0.00 0.00 0.00 0
75455 0.00 0.00 0.00 0
75456 0.00 0.00 0.00 0
75457 0.00 0.00 0.00 0
75458 0.00 0.00 0.00 0
75459 0.00 0.00 0.00 0
75460 0.00 0.00 0.00 0
75461 0.00 0.00 0.00 0
75462 0.00 0.00 0.00 0
75463 0.00 0.00 0.00 0
75464 0.00 0.00 0.00 0
75465 0.00 0.00 0.00 0
75466 0.00 0.00 0.00 0
75467 0.00 0.00 0.00 0
75468 0.00 0.00 0.00 0
75469 0.00 0.00 0.00 0
75470 0.00 0.00 0.00 0
75471 0.00 0.00 0.00 0
75472 0.00 0.00 0.00 0
75473 0.00 0.00 0.00 0
75474 0.00 0.00 0.00 0
75475 0.00 0.00 0.00 0
75476 0.00 0.00 0.00 0
75477 0.00 0.00 0.00 0
75478 0.00 0.00 0.00 0
75479 0.00 0.00 0.00 0
75480 0.00 0.00 0.00 0
75481 0.00 0.00 0.00 0
75482 0.00 0.00 0.00 0
75483 0.00 0.00 0.00 0
75484 0.00 0.00 0.00 0
75485 0.00 0.00 0.00 0
75486 0.00 0.00 0.00 0
75487 0.00 0.00 0.00 0
75488 0.00 0.00 0.00 0
75489 0.00 0.00 0.00 0
75490 0.00 0.00 0.00 0
75491 0.00 0.00 0.00 0
75492 0.00 0.00 0.00 0
75493 0.00 0.00 0.00 0
75494 0.00 0.00 0.00 0
75495 0.00 0.00 0.00 0
75496 0.00 0.00 0.00 0
75497 0.00 0.00 0.00 0
75498 0.00 0.00 0.00 0
75499 0.00 0.00 0.00 0
75500 0.00 0.00 0.00 0
75501 0.00 0.00 0.00 0
75502 0.00 0.00 0.00 0
75503 0.00 0.00 0.00 0
75504 0.00 0.00 0.00 0
75505 0.00 0.00 0.00 0
75506 0.00 0.00 0.00 0
75507 0.00 0.00 0.00 0
75511 0.00 0.00 0.00 0
75512 0.00 0.00 0.00 0
75513 0.00 0.00 0.00 0
75514 0.00 0.00 0.00 0
75515 0.00 0.00 0.00 0
75516 0.00 0.00 0.00 0
75517 0.00 0.00 0.00 0
75518 0.00 0.00 0.00 0
75519 0.00 0.00 0.00 0
75520 0.00 0.00 0.00 0
75521 0.00 0.00 0.00 0
75522 0.00 0.00 0.00 0
75523 0.00 0.00 0.00 0
75524 0.00 0.00 0.00 0
75525 0.00 0.00 0.00 0
75526 0.00 0.00 0.00 0
75527 0.00 0.00 0.00 0
75528 0.00 0.00 0.00 0
75529 0.00 0.00 0.00 0
75530 0.00 0.00 0.00 0
75531 0.00 0.00 0.00 0
75536 0.00 0.00 0.00 0
75541 0.00 0.00 0.00 0
75542 0.00 0.00 0.00 0
75543 0.00 0.00 0.00 0
75544 0.00 0.00 0.00 0
75545 0.00 0.00 0.00 0
75546 0.00 0.00 0.00 0
75548 0.00 0.00 0.00 0
75550 0.00 0.00 0.00 0
75551 0.00 0.00 0.00 0
75552 0.00 0.00 0.00 0
75553 0.00 0.00 0.00 0
75554 0.00 0.00 0.00 0
75555 0.00 0.00 0.00 0
79583 0.00 0.00 0.00 0
79584 0.00 0.00 0.00 0
79585 0.00 0.00 0.00 0
79586 0.00 0.00 0.00 0
79587 0.00 0.00 0.00 0
79588 0.00 0.00 0.00 0
79589 0.00 0.00 0.00 0
79590 0.00 0.00 0.00 0
79591 0.00 0.00 0.00 0
79592 0.00 0.00 0.00 0
79593 0.00 0.00 0.00 0
79594 0.00 0.00 0.00 0
79595 0.00 0.00 0.00 0
79596 0.00 0.00 0.00 0
79597 0.00 0.00 0.00 0
79598 0.00 0.00 0.00 0
79599 0.00 0.00 0.00 0
79600 0.00 0.00 0.00 0
79601 0.00 0.00 0.00 0
79602 0.00 0.00 0.00 0
79603 0.00 0.00 0.00 0
79604 0.00 0.00 0.00 0
79605 0.00 0.00 0.00 0
89912 0.00 0.00 0.00 0
89913 0.00 0.00 0.00 0
89914 0.00 0.00 0.00 0
89915 0.00 0.00 0.00 0
89916 0.00 0.00 0.00 0
89917 0.00 0.00 0.00 0
89921 0.00 0.00 0.00 0
89922 0.00 0.00 0.00 0
89923 0.00 0.00 0.00 0
89924 0.00 0.00 0.00 0
89925 0.00 0.00 0.00 0
89926 0.00 0.00 0.00 0
89927 0.00 0.00 0.00 0
89928 0.00 0.00 0.00 0
89929 0.00 0.00 0.00 0
89930 0.00 0.00 0.00 0
89931 0.00 0.00 0.00 0
89932 0.00 0.00 0.00 0
90124 0.00 0.00 0.00 0
90126 0.00 0.00 0.00 0
90128 0.00 0.00 0.00 0
90129 0.00 0.00 0.00 0
90130 0.00 0.00 0.00 0
90131 0.00 0.00 0.00 0
90132 0.00 0.00 0.00 0
90133 0.00 0.00 0.00 0
90134 0.00 0.00 0.00 0
90135 0.00 0.00 0.00 0
90136 0.00 0.00 0.00 0
90137 0.00 0.00 0.00 0
90138 0.00 0.00 0.00 0
90139 0.00 0.00 0.00 0
90140 0.00 0.00 0.00 0
90141 0.00 0.00 0.00 0
90142 0.00 0.00 0.00 0
90143 0.00 0.00 0.00 0
90144 0.00 0.00 0.00 0
90145 0.00 0.00 0.00 0
90146 0.00 0.00 0.00 0
90147 0.00 0.00 0.00 0
90148 0.00 0.00 0.00 0
90149 0.00 0.00 0.00 0
90150 0.00 0.00 0.00 0
90151 0.00 0.00 0.00 0
90152 0.00 0.00 0.00 0
90153 0.00 0.00 0.00 0
90154 0.00 0.00 0.00 0
90155 0.00 0.00 0.00 0
90156 0.00 0.00 0.00 0
90157 0.00 0.00 0.00 0
90161 0.00 0.00 0.00 0
90162 0.00 0.00 0.00 0
90163 0.00 0.00 0.00 0
90164 0.00 0.00 0.00 0
90165 0.00 0.00 0.00 0
90166 0.00 0.00 0.00 0
90167 0.00 0.00 0.00 0
90168 0.00 0.00 0.00 0
90169 0.00 0.00 0.00 0
90170 0.00 0.00 0.00 0
90171 0.00 0.00 0.00 0
90172 0.00 0.00 0.00 0
90173 0.00 0.00 0.00 0
90174 0.00 0.00 0.00 0
90175 0.00 0.00 0.00 0
90176 0.00 0.00 0.00 0
90177 0.00 0.00 0.00 0
90178 0.00 0.00 0.00 0
90179 0.00 0.00 0.00 0
90180 0.00 0.00 0.00 0
90181 0.00 0.00 0.00 0
90182 0.00 0.00 0.00 0
90183 0.00 0.00 0.00 0
90184 0.00 0.00 0.00 0
90185 0.00 0.00 0.00 0
90186 0.00 0.00 0.00 0
90187 0.00 0.00 0.00 0
90188 0.00 0.00 0.00 0
90189 0.00 0.00 0.00 0
90190 0.00 0.00 0.00 0
90191 0.00 0.00 0.00 0
90192 0.00 0.00 0.00 0
90193 0.00 0.00 0.00 0
90194 0.00 0.00 0.00 0
90195 0.00 0.00 0.00 0
90196 0.00 0.00 0.00 0
90197 0.00 0.00 0.00 0
90198 0.00 0.00 0.00 0
90199 0.00 0.00 0.00 0
90200 0.00 0.00 0.00 0
90201 0.00 0.00 0.00 0
90202 0.00 0.00 0.00 0
90244 0.00 0.00 0.00 0
90246 0.00 0.00 0.00 0
90247 0.00 0.00 0.00 0
90248 0.00 0.00 0.00 0
90249 0.00 0.00 0.00 0
90250 0.00 0.00 0.00 0
90251 0.00 0.00 0.00 0
90252 0.00 0.00 0.00 0
90253 0.00 0.00 0.00 0
90254 0.00 0.00 0.00 0
90255 0.00 0.00 0.00 0
90256 0.00 0.00 0.00 0
90257 0.00 0.00 0.00 0
90258 0.00 0.00 0.00 0
90259 0.00 0.00 0.00 0
90260 0.00 0.00 0.00 0
90261 0.00 0.00 0.00 0
90262 0.00 0.00 0.00 0
90263 0.00 0.00 0.00 0
90264 0.00 0.00 0.00 0
90265 0.00 0.00 0.00 0
90266 0.00 0.00 0.00 0
90267 0.00 0.00 0.00 0
90268 0.00 0.00 0.00 0
90269 0.00 0.00 0.00 0
90628 0.00 0.00 0.00 0
90629 0.00 0.00 0.00 0
90630 0.00 0.00 0.00 0
90632 0.00 0.00 0.00 0
90633 0.00 0.00 0.00 0
90634 0.00 0.00 0.00 0
90635 0.00 0.00 0.00 0
90636 0.00 0.00 0.00 0
90637 0.00 0.00 0.00 0
90638 0.00 0.00 0.00 0
90639 0.00 0.00 0.00 0
90640 0.00 0.00 0.00 0
90641 0.00 0.00 0.00 0
90642 0.00 0.00 0.00 0
90644 0.00 0.00 0.00 0
90811 0.00 0.00 0.00 0
90812 0.00 0.00 0.00 0
90813 0.00 0.00 0.00 0
92485 0.00 0.00 0.00 0
92486 0.00 0.00 0.00 0
92487 0.00 0.00 0.00 0
92488 0.00 0.00 0.00 0
92489 0.00 0.00 0.00 0
92490 0.00 0.00 0.00 0
92491 0.00 0.00 0.00 0
92492 0.00 0.00 0.00 0
92493 0.00 0.00 0.00 0
93498 0.00 0.00 0.00 0
93499 0.00 0.00 0.00 0
93500 0.00 0.00 0.00 0
93501 0.00 0.00 0.00 0
93502 0.00 0.00 0.00 0
93503 0.00 0.00 0.00 0
93504 0.00 0.00 0.00 0
93505 0.00 0.00 0.00 0
93506 0.00 0.00 0.00 0
93507 0.00 0.00 0.00 0
93508 0.00 0.00 0.00 0
93509 0.00 0.00 0.00 0
93510 0.00 0.00 0.00 0
94576 0.00 0.00 0.00 0
94577 0.00 0.00 0.00 0
94578 0.00 0.00 0.00 0
94579 0.00 0.00 0.00 0
94580 0.00 0.00 0.00 0
94581 0.00 0.00 0.00 0
94582 0.00 0.00 0.00 0
94583 0.00 0.00 0.00 0
94584 0.00 0.00 0.00 0
94585 0.00 0.00 0.00 0
94586 0.00 0.00 0.00 0
94587 0.00 0.00 0.00 0
94588 0.00 0.00 0.00 0
94589 0.00 0.00 0.00 0
94590 0.00 0.00 0.00 0
94591 0.00 0.00 0.00 0
94592 0.00 0.00 0.00 0
94593 0.00 0.00 0.00 0
94594 0.00 0.00 0.00 0
94595 0.00 0.00 0.00 0
94596 0.00 0.00 0.00 0
94597 0.00 0.00 0.00 0
94598 0.00 0.00 0.00 0
94599 0.00 0.00 0.00 0
95406 0.00 0.00 0.00 0
95407 0.00 0.00 0.00 0
95408 0.00 0.00 0.00 0
95409 0.00 0.00 0.00 0
97516 0.00 0.00 0.00 0
97520 0.00 0.00 0.00 0
97521 0.00 0.00 0.00 0
97522 0.00 0.00 0.00 0
97523 0.00 0.00 0.00 0
97524 0.00 0.00 0.00 0
97525 0.00 0.00 0.00 0
97526 0.00 0.00 0.00 0
97527 0.00 0.00 0.00 0
97528 0.00 0.00 0.00 0
97534 0.00 0.00 0.00 0
97535 0.00 0.00 0.00 0
97536 0.00 0.00 0.00 0
97537 0.00 0.00 0.00 0
97538 0.00 0.00 0.00 0
97539 0.00 0.00 0.00 0
97540 0.00 0.00 0.00 0
97541 0.00 0.00 0.00 0
97542 0.00 0.00 0.00 0
97543 0.00 0.00 0.00 0
97544 0.00 0.00 0.00 0
97611 0.00 0.00 0.00 0
97612 0.00 0.00 0.00 0
97613 0.00 0.00 0.00 0
97614 0.00 0.00 0.00 0
97615 0.00 0.00 0.00 0
97629 0.00 0.00 0.00 0
97630 0.00 0.00 0.00 0
97631 0.00 0.00 0.00 0
97632 0.00 0.00 0.00 0
97633 0.00 0.00 0.00 0
97634 0.00 0.00 0.00 0
97635 0.00 0.00 0.00 0
98893 0.00 0.00 0.00 0
98894 0.00 0.00 0.00 0
98895 0.00 0.00 0.00 0
98896 0.00 0.00 0.00 0
98897 0.00 0.00 0.00 0
98898 0.00 0.00 0.00 0
98899 0.00 0.00 0.00 0
98900 0.00 0.00 0.00 0
98901 0.00 0.00 0.00 0
98902 0.00 0.00 0.00 0
98903 0.00 0.00 0.00 0
98904 0.00 0.00 0.00 0
98905 0.00 0.00 0.00 0
98906 0.00 0.00 0.00 0
98907 0.00 0.00 0.00 0
98908 0.00 0.00 0.00 0
98909 0.00 0.00 0.00 0
98910 0.00 0.00 0.00 0
98911 0.00 0.00 0.00 0
98912 0.00 0.00 0.00 0
98913 0.00 0.00 0.00 0
98914 0.00 0.00 0.00 0
98915 0.00 0.00 0.00 0
98916 0.00 0.00 0.00 0
98917 0.00 0.00 0.00 0
98918 0.00 0.00 0.00 0
98919 0.00 0.00 0.00 0
101926 0.00 0.00 0.00 0
101927 0.00 0.00 0.00 0
101928 0.00 0.00 0.00 0
101929 0.00 0.00 0.00 0
101930 0.00 0.00 0.00 0
101931 0.00 0.00 0.00 0
101932 0.00 0.00 0.00 0
101933 0.00 0.00 0.00 0
101934 0.00 0.00 0.00 0
101935 0.00 0.00 0.00 0
101936 0.00 0.00 0.00 0
101937 0.00 0.00 0.00 0
101938 0.00 0.00 0.00 0
101939 0.00 0.00 0.00 0
101940 0.00 0.00 0.00 0
101941 0.00 0.00 0.00 0
101942 0.00 0.00 0.00 0
101943 0.00 0.00 0.00 0
101944 0.00 0.00 0.00 0
101945 0.00 0.00 0.00 0
101946 0.00 0.00 0.00 0
101947 0.00 0.00 0.00 0
101948 0.00 0.00 0.00 0
101949 0.00 0.00 0.00 0
101950 0.00 0.00 0.00 0
101951 0.00 0.00 0.00 0
101952 0.00 0.00 0.00 0
101953 0.00 0.00 0.00 0
101954 0.00 0.00 0.00 0
101955 0.00 0.00 0.00 0
101956 0.00 0.00 0.00 0
101957 0.00 0.00 0.00 0
101958 0.00 0.00 0.00 0
101959 0.00 0.00 0.00 0
101960 0.00 0.00 0.00 0
105162 0.00 0.00 0.00 0
105163 0.00 0.00 0.00 0
105164 0.00 0.00 0.00 0
105165 0.00 0.00 0.00 0
105166 0.00 0.00 0.00 0
105167 0.00 0.00 0.00 0
105168 0.00 0.00 0.00 0
105169 0.00 0.00 0.00 0
105170 0.00 0.00 0.00 0
105171 0.00 0.00 0.00 0
105172 0.00 0.00 0.00 0
105173 0.00 0.00 0.00 0
105174 0.00 0.00 0.00 0
105175 0.00 0.00 0.00 0
105176 0.00 0.00 0.00 0
105177 0.00 0.00 0.00 0
105178 0.00 0.00 0.00 0
105179 0.00 0.00 0.00 0
105180 0.00 0.00 0.00 0
105181 0.00 0.00 0.00 0
105182 0.00 0.00 0.00 0
105183 0.00 0.00 0.00 0
105184 0.00 0.00 0.00 0
105185 0.00 0.00 0.00 0
105186 0.00 0.00 0.00 0
105187 0.00 0.00 0.00 0
105188 0.00 0.00 0.00 0
105189 0.00 0.00 0.00 0
105190 0.00 0.00 0.00 0
105191 0.00 0.00 0.00 0
105192 0.00 0.00 0.00 0
105193 0.00 0.00 0.00 0
105194 0.00 0.00 0.00 0
105195 0.00 0.00 0.00 0
105196 0.00 0.00 0.00 0
105197 0.00 0.00 0.00 0
105198 0.00 0.00 0.00 0
105199 0.00 0.00 0.00 0
105200 0.00 0.00 0.00 0
105201 0.00 0.00 0.00 0
105202 0.00 0.00 0.00 0
105203 0.00 0.00 0.00 0
105204 0.00 0.00 0.00 0
105205 0.00 0.00 0.00 0
105206 0.00 0.00 0.00 0
105207 0.00 0.00 0.00 0
105208 0.00 0.00 0.00 0
105209 0.00 0.00 0.00 0
105210 0.00 0.00 0.00 0
105211 0.00 0.00 0.00 0
105212 0.00 0.00 0.00 0
105213 0.00 0.00 0.00 0
105214 0.00 0.00 0.00 0
105215 0.00 0.00 0.00 0
105216 0.00 0.00 0.00 0
105217 0.00 0.00 0.00 0
105218 0.00 0.00 0.00 0
105219 0.00 0.00 0.00 0
105220 0.00 0.00 0.00 0
105221 0.00 0.00 0.00 0
105222 0.00 0.00 0.00 0
105223 0.00 0.00 0.00 0
105224 0.00 0.00 0.00 0
105225 0.00 0.00 0.00 0
105226 0.00 0.00 0.00 0
105227 0.00 0.00 0.00 0
105228 0.00 0.00 0.00 0
105229 0.00 0.00 0.00 0
105230 0.00 0.00 0.00 0
105231 0.00 0.00 0.00 0
105232 0.00 0.00 0.00 0
105233 0.00 0.00 0.00 0
105234 0.00 0.00 0.00 0
105235 0.00 0.00 0.00 0
105236 0.00 0.00 0.00 0
105237 0.00 0.00 0.00 0
107654 0.00 0.00 0.00 0
107655 0.00 0.00 0.00 0
107656 0.00 0.00 0.00 0
107657 0.00 0.00 0.00 0
107658 0.00 0.00 0.00 0
107659 0.00 0.00 0.00 0
107660 0.00 0.00 0.00 0
107661 0.00 0.00 0.00 0
107662 0.00 0.00 0.00 0
107663 0.00 0.00 0.00 0
107664 0.00 0.00 0.00 0
107665 0.00 0.00 0.00 0
107666 0.00 0.00 0.00 0
107667 0.00 0.00 0.00 0
113857 0.00 0.00 0.00 0
113858 0.00 0.00 0.00 0
113859 0.00 0.00 0.00 0
113860 0.00 0.00 0.00 0
113861 0.00 0.00 0.00 0
113862 0.00 0.00 0.00 0
113863 0.00 0.00 0.00 0
113979 0.00 0.00 0.00 0
113980 0.00 0.00 0.00 0
113981 0.00 0.00 0.00 0
113982 0.00 0.00 0.00 0
113983 0.00 0.00 0.00 0
113984 0.00 0.00 0.00 0
113985 0.00 0.00 0.00 0
113986 0.00 0.00 0.00 0
113987 0.00 0.00 0.00 0
113988 0.00 0.00 0.00 0
113989 0.00 0.00 0.00 0
113990 0.00 0.00 0.00 0
113991 0.00 0.00 0.00 0
113992 0.00 0.00 0.00 0
113993 0.00 0.00 0.00 0
113994 0.00 0.00 0.00 0
113995 0.00 0.00 0.00 0
113996 0.00 0.00 0.00 0
113997 0.00 0.00 0.00 0
113998 0.00 0.00 0.00 0
114002 0.00 0.00 0.00 0
114003 0.00 0.00 0.00 0
114004 0.00 0.00 0.00 0
114005 0.00 0.00 0.00 0
114006 0.00 0.00 0.00 0
114007 0.00 0.00 0.00 0
114008 0.00 0.00 0.00 0
114009 0.00 0.00 0.00 0
114010 0.00 0.00 0.00 0
114011 0.00 0.00 0.00 0
114012 0.00 0.00 0.00 0
114013 0.00 0.00 0.00 0
114014 0.00 0.00 0.00 0
114015 0.00 0.00 0.00 0
114016 0.00 0.00 0.00 0
114017 0.00 0.00 0.00 0
114018 0.00 0.00 0.00 0
114019 0.00 0.00 0.00 0
114020 0.00 0.00 0.00 0
114021 0.00 0.00 0.00 0
114022 0.00 0.00 0.00 0
114023 0.00 0.00 0.00 0
114024 0.00 0.00 0.00 0
114025 0.00 0.00 0.00 0
114052 0.00 0.00 0.00 0
114053 0.00 0.00 0.00 0
114054 0.00 0.00 0.00 0
114055 0.00 0.00 0.00 0
114056 0.00 0.00 0.00 0
114057 0.00 0.00 0.00 0
114058 0.00 0.00 0.00 0
114059 0.00 0.00 0.00 0
114060 0.00 0.00 0.00 0
114061 0.00 0.00 0.00 0
114062 0.00 0.00 0.00 0
114063 0.00 0.00 0.00 0
114064 0.00 0.00 0.00 0
114065 0.00 0.00 0.00 0
114066 0.00 0.00 0.00 0
114284 0.00 0.00 0.00 0
114285 0.00 0.00 0.00 0
114286 0.00 0.00 0.00 0
114287 0.00 0.00 0.00 0
114288 0.00 0.00 0.00 0
114290 0.00 0.00 0.00 0
114391 0.00 0.00 0.00 0
114392 0.00 0.00 0.00 0
115957 0.00 0.00 0.00 0
115958 0.00 0.00 0.00 0
115959 0.00 0.00 0.00 0
115960 0.00 0.00 0.00 0
115961 0.00 0.00 0.00 0
115962 0.00 0.00 0.00 0
115963 0.00 0.00 0.00 0
115964 0.00 0.00 0.00 0
115965 0.00 0.00 0.00 0
115966 0.00 0.00 0.00 0
115967 0.00 0.00 0.00 0
115968 0.00 0.00 0.00 0
115969 0.00 0.00 0.00 0
115970 0.00 0.00 0.00 0
115971 0.00 0.00 0.00 0
115972 0.00 0.00 0.00 0
115973 0.00 0.00 0.00 0
115974 0.00 0.00 0.00 0
115975 0.00 0.00 0.00 0
115976 0.00 0.00 0.00 0
115977 0.00 0.00 0.00 0
118320 0.00 0.00 0.00 0
118321 0.00 0.00 0.00 0
118322 0.00 0.00 0.00 0
118323 0.00 0.00 0.00 0
118324 0.00 0.00 0.00 0
118325 0.00 0.00 0.00 0
118326 0.00 0.00 0.00 0
118327 0.00 0.00 0.00 0
118328 0.00 0.00 0.00 0
118329 0.00 0.00 0.00 0
118330 0.00 0.00 0.00 0
118331 0.00 0.00 0.00 0
118332 0.00 0.00 0.00 0
118333 0.00 0.00 0.00 0
118334 0.00 0.00 0.00 0
118335 0.00 0.00 0.00 0
118336 0.00 0.00 0.00 0
118337 0.00 0.00 0.00 0
118338 0.00 0.00 0.00 0
118339 0.00 0.00 0.00 0
118340 0.00 0.00 0.00 0
118341 0.00 0.00 0.00 0
118342 0.00 0.00 0.00 0
118343 0.00 0.00 0.00 0
118344 0.00 0.00 0.00 0
118345 0.00 0.00 0.00 0
118346 0.00 0.00 0.00 0
118347 0.00 0.00 0.00 0
120835 0.00 0.00 0.00 0
120836 0.00 0.00 0.00 0
120837 0.00 0.00 0.00 0
120838 0.00 0.00 0.00 0
120839 0.00 0.00 0.00 0
120840 0.00 0.00 0.00 0
120841 0.00 0.00 0.00 0
120842 0.00 0.00 0.00 0
120843 0.00 0.00 0.00 0
120844 0.00 0.00 0.00 0
120845 0.00 0.00 0.00 0
120846 0.00 0.00 0.00 0
120847 0.00 0.00 0.00 0
120848 0.00 0.00 0.00 0
120849 0.00 0.00 0.00 0
120850 0.00 0.00 0.00 0
120851 0.00 0.00 0.00 0
120852 0.00 0.00 0.00 0
120853 0.00 0.00 0.00 0
120854 0.00 0.00 0.00 0
120855 0.00 0.00 0.00 0
120856 0.00 0.00 0.00 0
120857 0.00 0.00 0.00 0
120858 0.00 0.00 0.00 0
120859 0.00 0.00 0.00 0
120860 0.00 0.00 0.00 0
120861 0.00 0.00 0.00 0
120862 0.00 0.00 0.00 0
120863 0.00 0.00 0.00 0
120864 0.00 0.00 0.00 0
120865 0.00 0.00 0.00 0
120866 0.00 0.00 0.00 0
120867 0.00 0.00 0.00 0
120868 0.00 0.00 0.00 0
120869 0.00 0.00 0.00 0
120870 0.00 0.00 0.00 0
120871 0.00 0.00 0.00 0
120872 0.00 0.00 0.00 0
120873 0.00 0.00 0.00 0
120874 0.00 0.00 0.00 0
120875 0.00 0.00 0.00 0
120876 0.00 0.00 0.00 0
120877 0.00 0.00 0.00 0
120878 0.00 0.00 0.00 0
120879 0.00 0.00 0.00 0
120880 0.00 0.00 0.00 0
120881 0.00 0.00 0.00 0
120882 0.00 0.00 0.00 0
120883 0.00 0.00 0.00 0
120884 0.00 0.00 0.00 0
120885 0.00 0.00 0.00 0
120886 0.00 0.00 0.00 0
120887 0.00 0.00 0.00 0
120888 0.00 0.00 0.00 0
120889 0.00 0.00 0.00 0
120890 0.00 0.00 0.00 0
120891 0.00 0.00 0.00 0
122771 0.00 0.00 0.00 0
122772 0.00 0.00 0.00 0
122773 0.00 0.00 0.00 0
122774 0.00 0.00 0.00 0
122775 0.00 0.00 0.00 0
122776 0.00 0.00 0.00 0
122777 0.00 0.00 0.00 0
122778 0.00 0.00 0.00 0
122779 0.00 0.00 0.00 0
122780 0.00 0.00 0.00 0
122781 0.00 0.00 0.00 0
127693 0.00 0.00 0.00 0
127694 0.00 0.00 0.00 0
127695 0.00 0.00 0.00 0
127696 0.00 0.00 0.00 0
127697 0.00 0.00 0.00 0
127698 0.00 0.00 0.00 0
127699 0.00 0.00 0.00 0
127700 0.00 0.00 0.00 0
127701 0.00 0.00 0.00 0
127702 0.00 0.00 0.00 0
127703 0.00 0.00 0.00 0
127704 0.00 0.00 0.00 0
127705 0.00 0.00 0.00 0
127707 0.00 0.00 0.00 0
127708 0.00 0.00 0.00 0
127709 0.00 0.00 0.00 0
127710 0.00 0.00 0.00 0
127711 0.00 0.00 0.00 0
127712 0.00 0.00 0.00 0
127713 0.00 0.00 0.00 0
127714 0.00 0.00 0.00 0
127715 0.00 0.00 0.00 0
127716 0.00 0.00 0.00 0
127717 0.00 0.00 0.00 0
127718 0.00 0.00 0.00 0
127719 0.00 0.00 0.00 0
127720 0.00 0.00 0.00 0
127721 0.00 0.00 0.00 0
127722 0.00 0.00 0.00 0
127723 0.00 0.00 0.00 0
127724 0.00 0.00 0.00 0
127725 0.00 0.00 0.00 0
127726 0.00 0.00 0.00 0
127743 0.00 0.00 0.00 0
127744 0.00 0.00 0.00 0
127745 0.00 0.00 0.00 0
127746 0.00 0.00 0.00 0
127747 0.00 0.00 0.00 0
127748 0.00 0.00 0.00 0
127749 0.00 0.00 0.00 0
127750 0.00 0.00 0.00 0
127751 0.00 0.00 0.00 0
127752 0.00 0.00 0.00 0
127753 0.00 0.00 0.00 0
127754 0.00 0.00 0.00 0
127755 0.00 0.00 0.00 0
127756 0.00 0.00 0.00 0
127757 0.00 0.00 0.00 0
127758 0.00 0.00 0.00 0
127759 0.00 0.00 0.00 0
127760 0.00 0.00 0.00 0
127922 0.00 0.00 0.00 0
127928 0.00 0.00 0.00 0
127929 0.00 0.00 0.00 0
127930 0.00 0.00 0.00 0
127931 0.00 0.00 0.00 0
127932 0.00 0.00 0.00 0
127959 0.00 0.00 0.00 0
127961 0.00 0.00 0.00 0
127964 0.00 0.00 0.00 0
127965 0.00 0.00 0.00 0
127972 0.00 0.00 0.00 0
127973 0.00 0.00 0.00 0
127974 0.00 0.00 0.00 0
130693 0.00 0.00 0.00 0
130694 0.00 0.00 0.00 0
130695 0.00 0.00 0.00 0
130696 0.00 0.00 0.00 0
130697 0.00 0.00 0.00 0
130698 0.00 0.00 0.00 0
130699 0.00 0.00 0.00 0
130700 0.00 0.00 0.00 0
130701 0.00 0.00 0.00 0
130702 0.00 0.00 0.00 0
130703 0.00 0.00 0.00 0
130704 0.00 0.00 0.00 0
130705 0.00 0.00 0.00 0
130706 0.00 0.00 0.00 0
130707 0.00 0.00 0.00 0
130708 0.00 0.00 0.00 0
130709 0.00 0.00 0.00 0
130710 0.00 0.00 0.00 0
130711 0.00 0.00 0.00 0
130712 0.00 0.00 0.00 0
130713 0.00 0.00 0.00 0
130714 0.00 0.00 0.00 0
130715 0.00 0.00 0.00 0
130716 0.00 0.00 0.00 0
130717 0.00 0.00 0.00 0
130718 0.00 0.00 0.00 0
130719 0.00 0.00 0.00 0
130720 0.00 0.00 0.00 0
130721 0.00 0.00 0.00 0
130722 0.00 0.00 0.00 0
130723 0.00 0.00 0.00 0
130724 0.00 0.00 0.00 0
130725 0.00 0.00 0.00 0
130726 0.00 0.00 0.00 0
130727 0.00 0.00 0.00 0
130728 0.00 0.00 0.00 0
130729 0.00 0.00 0.00 0
130730 0.00 0.00 0.00 0
130731 0.00 0.00 0.00 0
130732 0.00 0.00 0.00 0
130733 0.00 0.00 0.00 0
130734 0.00 0.00 0.00 0
130735 0.00 0.00 0.00 0
130736 0.00 0.00 0.00 0
130737 0.00 0.00 0.00 0
130738 0.00 0.00 0.00 0
130739 0.00 0.00 0.00 0
130740 0.00 0.00 0.00 0
130741 0.00 0.00 0.00 0
130742 0.00 0.00 0.00 0
130743 0.00 0.00 0.00 0
130744 0.00 0.00 0.00 0
130745 0.00 0.00 0.00 0
130746 0.00 0.00 0.00 0
130747 0.00 0.00 0.00 0
130748 0.00 0.00 0.00 0
130749 0.00 0.00 0.00 0
136959 0.00 0.00 0.00 0
136960 0.00 0.00 0.00 0
136961 0.00 0.00 0.00 0
136962 0.00 0.00 0.00 0
136963 0.00 0.00 0.00 0
137100 0.00 0.00 0.00 0
137101 0.00 0.00 0.00 0
137106 0.00 0.00 0.00 0
137107 0.00 0.00 0.00 0
137108 0.00 0.00 0.00 0
137109 0.00 0.00 0.00 0
137110 0.00 0.00 0.00 0
137111 0.00 0.00 0.00 0
137112 0.00 0.00 0.00 0
137113 0.00 0.00 0.00 0
137114 0.00 0.00 0.00 0
137115 0.00 0.00 0.00 0
137116 0.00 0.00 0.00 0
137117 0.00 0.00 0.00 0
137118 0.00 0.00 0.00 0
137119 0.00 0.00 0.00 0
137120 0.00 0.00 0.00 0
137121 0.00 0.00 0.00 0
137122 0.00 0.00 0.00 0
137123 0.00 0.00 0.00 0
137124 0.00 0.00 0.00 0
137125 0.00 0.00 0.00 0
137126 0.00 0.00 0.00 0
137127 0.00 0.00 0.00 0
137128 0.00 0.00 0.00 0
137129 0.00 0.00 0.00 0
137130 0.00 0.00 0.00 0
137145 0.00 0.00 0.00 0
137146 0.00 0.00 0.00 0
137147 0.00 0.00 0.00 0
137148 0.00 0.00 0.00 0
137149 0.00 0.00 0.00 0
137150 0.00 0.00 0.00 0
137151 0.00 0.00 0.00 0
137152 0.00 0.00 0.00 0
137153 0.00 0.00 0.00 0
137154 0.00 0.00 0.00 0
137155 0.00 0.00 0.00 0
137156 0.00 0.00 0.00 0
137157 0.00 0.00 0.00 0
137158 0.00 0.00 0.00 0
137159 0.00 0.00 0.00 0
137160 0.00 0.00 0.00 0
137161 0.00 0.00 0.00 0
137162 0.00 0.00 0.00 0
137173 0.00 0.00 0.00 0
143705 0.00 0.00 0.00 0
143706 0.00 0.00 0.00 0
143707 0.00 0.00 0.00 0
143708 0.00 0.00 0.00 0
143715 0.00 0.00 0.00 0
143716 0.00 0.00 0.00 0
143717 0.00 0.00 0.00 0
143718 0.00 0.00 0.00 0
143723 0.00 0.00 0.00 0
143724 0.00 0.00 0.00 0
143725 0.00 0.00 0.00 0
143726 0.00 0.00 0.00 0
143727 0.00 0.00 0.00 0
143728 0.00 0.00 0.00 0
143729 0.00 0.00 0.00 0
143730 0.00 0.00 0.00 0
143731 0.00 0.00 0.00 0
143732 0.00 0.00 0.00 0
143733 0.00 0.00 0.00 0
143734 0.00 0.00 0.00 0
143735 0.00 0.00 0.00 0
143736 0.00 0.00 0.00 0
143737 0.00 0.00 0.00 0
143738 0.00 0.00 0.00 0
143739 0.00 0.00 0.00 0
143740 0.00 0.00 0.00 0
143741 0.00 0.00 0.00 0
143742 0.00 0.00 0.00 0
143743 0.00 0.00 0.00 0
143744 0.00 0.00 0.00 0
143745 0.00 0.00 0.00 0
143746 0.00 0.00 0.00 0
143747 0.00 0.00 0.00 0
143748 0.00 0.00 0.00 0
143749 0.00 0.00 0.00 0
143750 0.00 0.00 0.00 0
143751 0.00 0.00 0.00 0
143752 0.00 0.00 0.00 0
143753 0.00 0.00 0.00 0
143754 0.00 0.00 0.00 0
143755 0.00 0.00 0.00 0
143756 0.00 0.00 0.00 0
143757 0.00 0.00 0.00 0
143758 0.00 0.00 0.00 0
143759 0.00 0.00 0.00 0
143760 0.00 0.00 0.00 0
143761 0.00 0.00 0.00 0
143762 0.00 0.00 0.00 0
143763 0.00 0.00 0.00 0
143764 0.00 0.00 0.00 0
143765 0.00 0.00 0.00 0
143766 0.00 0.00 0.00 0
143767 0.00 0.00 0.00 0
143768 0.00 0.00 0.00 0
143769 0.00 0.00 0.00 0
143770 0.00 0.00 0.00 0
143771 0.00 0.00 0.00 0
143772 0.00 0.00 0.00 0
143773 0.00 0.00 0.00 0
143774 0.00 0.00 0.00 0
143775 0.00 0.00 0.00 0
143776 0.00 0.00 0.00 0
143777 0.00 0.00 0.00 0
143778 0.00 0.00 0.00 0
143779 0.00 0.00 0.00 0
143780 0.00 0.00 0.00 0
143781 0.00 0.00 0.00 0
143782 0.00 0.00 0.00 0
143783 0.00 0.00 0.00 0
143784 0.00 0.00 0.00 0
143785 0.00 0.00 0.00 0
143786 0.00 0.00 0.00 0
143787 0.00 0.00 0.00 0
143788 0.00 0.00 0.00 0
143789 0.00 0.00 0.00 0
143790 0.00 0.00 0.00 0
143791 0.00 0.00 0.00 0
143792 0.00 0.00 0.00 0
143793 0.00 0.00 0.00 0
143794 0.00 0.00 0.00 0
143795 0.00 0.00 0.00 0
143796 0.00 0.00 0.00 0
143797 0.00 0.00 0.00 0
143798 0.00 0.00 0.00 0
143799 0.00 0.00 0.00 0
143800 0.00 0.00 0.00 0
143801 0.00 0.00 0.00 0
143802 0.00 0.00 0.00 0
143803 0.00 0.00 0.00 0
143804 0.00 0.00 0.00 0
143806 0.00 0.00 0.00 0
143807 0.00 0.00 0.00 0
143812 0.00 0.00 0.00 0
143813 0.00 0.00 0.00 0
143814 0.00 0.00 0.00 0
143815 0.00 0.00 0.00 0
143816 0.00 0.00 0.00 0
143817 0.00 0.00 0.00 0
143818 0.00 0.00 0.00 0
143819 0.00 0.00 0.00 0
143820 0.00 0.00 0.00 0
143821 0.00 0.00 0.00 0
143822 0.00 0.00 0.00 0
143823 0.00 0.00 0.00 0
143824 0.00 0.00 0.00 0
143825 0.00 0.00 0.00 0
143826 0.00 0.00 0.00 0
143827 0.00 0.00 0.00 0
143828 0.00 0.00 0.00 0
143829 0.00 0.00 0.00 0
143830 0.00 0.00 0.00 0
143831 0.00 0.00 0.00 0
143832 0.00 0.00 0.00 0
143833 0.00 0.00 0.00 0
143834 0.00 0.00 0.00 0
143835 0.00 0.00 0.00 0
143848 0.00 0.00 0.00 0
143849 0.00 0.00 0.00 0
143850 0.00 0.00 0.00 0
143851 0.00 0.00 0.00 0
143852 0.00 0.00 0.00 0
143853 0.00 0.00 0.00 0
143860 0.00 0.00 0.00 0
143861 0.00 0.00 0.00 0
143862 0.00 0.00 0.00 0
143863 0.00 0.00 0.00 0
143864 0.00 0.00 0.00 0
143865 0.00 0.00 0.00 0
148734 0.00 0.00 0.00 0
148735 0.00 0.00 0.00 0
148736 0.00 0.00 0.00 0
148737 0.00 0.00 0.00 0
148738 0.00 0.00 0.00 0
148739 0.00 0.00 0.00 0
148740 0.00 0.00 0.00 0
148741 0.00 0.00 0.00 0
148742 0.00 0.00 0.00 0
148743 0.00 0.00 0.00 0
148744 0.00 0.00 0.00 0
148745 0.00 0.00 0.00 0
148746 0.00 0.00 0.00 0
148747 0.00 0.00 0.00 0
148748 0.00 0.00 0.00 0
148749 0.00 0.00 0.00 0
148750 0.00 0.00 0.00 0
148751 0.00 0.00 0.00 0
148752 0.00 0.00 0.00 0
148753 0.00 0.00 0.00 0
148754 0.00 0.00 0.00 0
148755 0.00 0.00 0.00 0
148756 0.00 0.00 0.00 0
148757 0.00 0.00 0.00 0
148758 0.00 0.00 0.00 0
148759 0.00 0.00 0.00 0
148760 0.00 0.00 0.00 0
148761 0.00 0.00 0.00 0
161144 0.00 0.00 0.00 0
161145 0.00 0.00 0.00 0
161146 0.00 0.00 0.00 0
161147 0.00 0.00 0.00 0
161148 0.00 0.00 0.00 0
161149 0.00 0.00 0.00 0
161150 0.00 0.00 0.00 0
161151 0.00 0.00 0.00 0
161154 0.00 0.00 0.00 0
161155 0.00 0.00 0.00 0
161156 0.00 0.00 0.00 0
161157 0.00 0.00 0.00 0
161158 0.00 0.00 0.00 0
161159 0.00 0.00 0.00 0
161160 0.00 0.00 0.00 0
161161 0.00 0.00 0.00 0
161162 0.00 0.00 0.00 0
161163 0.00 0.00 0.00 0
161164 0.00 0.00 0.00 0
161165 0.00 0.00 0.00 0
161166 0.00 0.00 0.00 0
161167 0.00 0.00 0.00 0
161168 0.00 0.00 0.00 0
161169 0.00 0.00 0.00 0
161403 0.00 0.00 0.00 0
161404 0.00 0.00 0.00 0
161405 0.00 0.00 0.00 0
161406 0.00 0.00 0.00 0
161407 0.00 0.00 0.00 0
161408 0.00 0.00 0.00 0
161409 0.00 0.00 0.00 0
161410 0.00 0.00 0.00 0
161411 0.00 0.00 0.00 0
161412 0.00 0.00 0.00 0
161413 0.00 0.00 0.00 0
161414 0.00 0.00 0.00 0
161415 0.00 0.00 0.00 0
161416 0.00 0.00 0.00 0
161417 0.00 0.00 0.00 0
161418 0.00 0.00 0.00 0
161419 0.00 0.00 0.00 0
161420 0.00 0.00 0.00 0
161421 0.00 0.00 0.00 0
161422 0.00 0.00 0.00 0
161423 0.00 0.00 0.00 0
161424 0.00 0.00 0.00 0
161425 0.00 0.00 0.00 0
161426 0.00 0.00 0.00 0
161427 0.00 0.00 0.00 0
161428 0.00 0.00 0.00 0
161429 0.00 0.00 0.00 0
161430 0.00 0.00 0.00 0
161431 0.00 0.00 0.00 0
161432 0.00 0.00 0.00 0
161433 0.00 0.00 0.00 0
161434 0.00 0.00 0.00 0
161435 0.00 0.00 0.00 0
161436 0.00 0.00 0.00 0
161437 0.00 0.00 0.00 0
161438 0.00 0.00 0.00 0
161439 0.00 0.00 0.00 0
161442 0.00 0.00 0.00 0
161444 0.00 0.00 0.00 0
161445 0.00 0.00 0.00 0
161446 0.00 0.00 0.00 0
161447 0.00 0.00 0.00 0
161448 0.00 0.00 0.00 0
161449 0.00 0.00 0.00 0
161450 0.00 0.00 0.00 0
161451 0.00 0.00 0.00 0
161452 0.00 0.00 0.00 0
161453 0.00 0.00 0.00 0
161454 0.00 0.00 0.00 0
161455 0.00 0.00 0.00 0
161456 0.00 0.00 0.00 0
161457 0.00 0.00 0.00 0
161458 0.00 0.00 0.00 0
161459 0.00 0.00 0.00 0
161460 0.00 0.00 0.00 0
161461 0.00 0.00 0.00 0
161462 0.00 0.00 0.00 0
161463 0.00 0.00 0.00 0
161464 0.00 0.00 0.00 0
161465 0.00 0.00 0.00 0
161466 0.00 0.00 0.00 0
161467 0.00 0.00 0.00 0
161468 0.00 0.00 0.00 0
161469 0.00 0.00 0.00 0
161470 0.00 0.00 0.00 0
161471 0.00 0.00 0.00 0
161472 0.00 0.00 0.00 0
161473 0.00 0.00 0.00 0
161474 0.00 0.00 0.00 0
161475 0.00 0.00 0.00 0
161476 0.00 0.00 0.00 0
161477 0.00 0.00 0.00 0
161478 0.00 0.00 0.00 0
161479 0.00 0.00 0.00 0
161480 0.00 0.00 0.00 0
161481 0.00 0.00 0.00 0
161482 0.00 0.00 0.00 0
161483 0.00 0.00 0.00 0
161484 0.00 0.00 0.00 0
161485 0.00 0.00 0.00 0
161486 0.00 0.00 0.00 0
161487 0.00 0.00 0.00 0
161488 0.00 0.00 0.00 0
161489 0.00 0.00 0.00 0
161490 0.00 0.00 0.00 0
161491 0.00 0.00 0.00 0
161492 0.00 0.00 0.00 0
161493 0.00 0.00 0.00 0
161546 0.00 0.00 0.00 0
161547 0.00 0.00 0.00 0
161548 0.00 0.00 0.00 0
161549 0.00 0.00 0.00 0
161550 0.00 0.00 0.00 0
161551 0.00 0.00 0.00 0
161552 0.00 0.00 0.00 0
161553 0.00 0.00 0.00 0
161554 0.00 0.00 0.00 0
161555 0.00 0.00 0.00 0
161556 0.00 0.00 0.00 0
161557 0.00 0.00 0.00 0
161558 0.00 0.00 0.00 0
161559 0.00 0.00 0.00 0
161560 0.00 0.00 0.00 0
161561 0.00 0.00 0.00 0
161562 0.00 0.00 0.00 0
161563 0.00 0.00 0.00 0
161564 0.00 0.00 0.00 0
161565 0.00 0.00 0.00 0
161566 0.00 0.00 0.00 0
161567 0.00 0.00 0.00 0
161568 0.00 0.00 0.00 0
161569 0.00 0.00 0.00 0
161570 0.00 0.00 0.00 0
161571 0.00 0.00 0.00 0
161572 0.00 0.00 0.00 0
161573 0.00 0.00 0.00 0
161999 0.00 0.00 0.00 0
162000 0.00 0.00 0.00 0
162001 0.00 0.00 0.00 0
162002 0.00 0.00 0.00 0
162003 0.00 0.00 0.00 0
162004 0.00 0.00 0.00 0
162007 0.00 0.00 0.00 0
162008 0.00 0.00 0.00 0
162009 0.00 0.00 0.00 0
162010 0.00 0.00 0.00 0
162011 0.00 0.00 0.00 0
162012 0.00 0.00 0.00 0
162013 0.00 0.00 0.00 0
162014 0.00 0.00 0.00 0
162016 0.00 0.00 0.00 0
162017 0.00 0.00 0.00 0
162018 0.00 0.00 0.00 0
162019 0.00 0.00 0.00 0
162020 0.00 0.00 0.00 0
162021 0.00 0.00 0.00 0
162022 0.00 0.00 0.00 0
162223 0.00 0.00 0.00 0
162224 0.00 0.00 0.00 0
162225 0.00 0.00 0.00 0
