# S_oc-temp_med_and_Lingual
2543
11 0.00 0.00 0.00 0
158 0.00 0.00 0.00 0
159 0.00 0.00 0.00 0
359 0.00 0.00 0.00 0
361 0.00 0.00 0.00 0
605 0.00 0.00 0.00 0
630 0.00 0.00 0.00 0
631 0.00 0.00 0.00 0
633 0.00 0.00 0.00 0
839 0.00 0.00 0.00 0
840 0.00 0.00 0.00 0
841 0.00 0.00 0.00 0
1407 0.00 0.00 0.00 0
1409 0.00 0.00 0.00 0
1411 0.00 0.00 0.00 0
1412 0.00 0.00 0.00 0
1413 0.00 0.00 0.00 0
1437 0.00 0.00 0.00 0
1439 0.00 0.00 0.00 0
1440 0.00 0.00 0.00 0
1441 0.00 0.00 0.00 0
1783 0.00 0.00 0.00 0
1784 0.00 0.00 0.00 0
1799 0.00 0.00 0.00 0
1800 0.00 0.00 0.00 0
1801 0.00 0.00 0.00 0
2481 0.00 0.00 0.00 0
2525 0.00 0.00 0.00 0
2526 0.00 0.00 0.00 0
2527 0.00 0.00 0.00 0
2528 0.00 0.00 0.00 0
2529 0.00 0.00 0.00 0
2530 0.00 0.00 0.00 0
2531 0.00 0.00 0.00 0
2532 0.00 0.00 0.00 0
2533 0.00 0.00 0.00 0
2534 0.00 0.00 0.00 0
2535 0.00 0.00 0.00 0
2561 0.00 0.00 0.00 0
2759 0.00 0.00 0.00 0
2760 0.00 0.00 0.00 0
2761 0.00 0.00 0.00 0
3327 0.00 0.00 0.00 0
3328 0.00 0.00 0.00 0
3329 0.00 0.00 0.00 0
3330 0.00 0.00 0.00 0
3331 0.00 0.00 0.00 0
3332 0.00 0.00 0.00 0
3333 0.00 0.00 0.00 0
3357 0.00 0.00 0.00 0
3358 0.00 0.00 0.00 0
3359 0.00 0.00 0.00 0
3360 0.00 0.00 0.00 0
3361 0.00 0.00 0.00 0
3929 0.00 0.00 0.00 0
3930 0.00 0.00 0.00 0
3931 0.00 0.00 0.00 0
3932 0.00 0.00 0.00 0
3956 0.00 0.00 0.00 0
3957 0.00 0.00 0.00 0
3958 0.00 0.00 0.00 0
3959 0.00 0.00 0.00 0
3960 0.00 0.00 0.00 0
3961 0.00 0.00 0.00 0
5553 0.00 0.00 0.00 0
5555 0.00 0.00 0.00 0
5557 0.00 0.00 0.00 0
5660 0.00 0.00 0.00 0
5667 0.00 0.00 0.00 0
5669 0.00 0.00 0.00 0
5670 0.00 0.00 0.00 0
5671 0.00 0.00 0.00 0
5672 0.00 0.00 0.00 0
5673 0.00 0.00 0.00 0
5674 0.00 0.00 0.00 0
5675 0.00 0.00 0.00 0
5676 0.00 0.00 0.00 0
5677 0.00 0.00 0.00 0
5678 0.00 0.00 0.00 0
5679 0.00 0.00 0.00 0
5680 0.00 0.00 0.00 0
5685 0.00 0.00 0.00 0
5686 0.00 0.00 0.00 0
5687 0.00 0.00 0.00 0
5688 0.00 0.00 0.00 0
5757 0.00 0.00 0.00 0
5758 0.00 0.00 0.00 0
5759 0.00 0.00 0.00 0
5760 0.00 0.00 0.00 0
5761 0.00 0.00 0.00 0
6117 0.00 0.00 0.00 0
6118 0.00 0.00 0.00 0
6119 0.00 0.00 0.00 0
6120 0.00 0.00 0.00 0
6121 0.00 0.00 0.00 0
7141 0.00 0.00 0.00 0
7142 0.00 0.00 0.00 0
7143 0.00 0.00 0.00 0
7147 0.00 0.00 0.00 0
7148 0.00 0.00 0.00 0
7149 0.00 0.00 0.00 0
7150 0.00 0.00 0.00 0
7151 0.00 0.00 0.00 0
7193 0.00 0.00 0.00 0
7195 0.00 0.00 0.00 0
7196 0.00 0.00 0.00 0
7197 0.00 0.00 0.00 0
7198 0.00 0.00 0.00 0
7199 0.00 0.00 0.00 0
7200 0.00 0.00 0.00 0
7201 0.00 0.00 0.00 0
7997 0.00 0.00 0.00 0
7998 0.00 0.00 0.00 0
7999 0.00 0.00 0.00 0
8000 0.00 0.00 0.00 0
8001 0.00 0.00 0.00 0
8002 0.00 0.00 0.00 0
8035 0.00 0.00 0.00 0
8036 0.00 0.00 0.00 0
8037 0.00 0.00 0.00 0
8038 0.00 0.00 0.00 0
8039 0.00 0.00 0.00 0
8040 0.00 0.00 0.00 0
8041 0.00 0.00 0.00 0
9916 0.00 0.00 0.00 0
9917 0.00 0.00 0.00 0
9918 0.00 0.00 0.00 0
9998 0.00 0.00 0.00 0
9999 0.00 0.00 0.00 0
10131 0.00 0.00 0.00 0
10132 0.00 0.00 0.00 0
10133 0.00 0.00 0.00 0
10134 0.00 0.00 0.00 0
10135 0.00 0.00 0.00 0
10136 0.00 0.00 0.00 0
10137 0.00 0.00 0.00 0
10138 0.00 0.00 0.00 0
10139 0.00 0.00 0.00 0
10140 0.00 0.00 0.00 0
10141 0.00 0.00 0.00 0
10142 0.00 0.00 0.00 0
10143 0.00 0.00 0.00 0
10144 0.00 0.00 0.00 0
10145 0.00 0.00 0.00 0
10146 0.00 0.00 0.00 0
10148 0.00 0.00 0.00 0
10149 0.00 0.00 0.00 0
10150 0.00 0.00 0.00 0
10151 0.00 0.00 0.00 0
10152 0.00 0.00 0.00 0
10153 0.00 0.00 0.00 0
10154 0.00 0.00 0.00 0
10155 0.00 0.00 0.00 0
10157 0.00 0.00 0.00 0
10158 0.00 0.00 0.00 0
10159 0.00 0.00 0.00 0
10160 0.00 0.00 0.00 0
10161 0.00 0.00 0.00 0
10240 0.00 0.00 0.00 0
10241 0.00 0.00 0.00 0
10440 0.00 0.00 0.00 0
10441 0.00 0.00 0.00 0
11007 0.00 0.00 0.00 0
11008 0.00 0.00 0.00 0
11009 0.00 0.00 0.00 0
11010 0.00 0.00 0.00 0
11011 0.00 0.00 0.00 0
11012 0.00 0.00 0.00 0
11013 0.00 0.00 0.00 0
11037 0.00 0.00 0.00 0
11038 0.00 0.00 0.00 0
11039 0.00 0.00 0.00 0
11040 0.00 0.00 0.00 0
11041 0.00 0.00 0.00 0
11609 0.00 0.00 0.00 0
11610 0.00 0.00 0.00 0
11611 0.00 0.00 0.00 0
11612 0.00 0.00 0.00 0
11630 0.00 0.00 0.00 0
11636 0.00 0.00 0.00 0
11637 0.00 0.00 0.00 0
11638 0.00 0.00 0.00 0
11639 0.00 0.00 0.00 0
11640 0.00 0.00 0.00 0
11641 0.00 0.00 0.00 0
13233 0.00 0.00 0.00 0
13234 0.00 0.00 0.00 0
13235 0.00 0.00 0.00 0
13236 0.00 0.00 0.00 0
13237 0.00 0.00 0.00 0
13347 0.00 0.00 0.00 0
13348 0.00 0.00 0.00 0
13349 0.00 0.00 0.00 0
13350 0.00 0.00 0.00 0
13351 0.00 0.00 0.00 0
13352 0.00 0.00 0.00 0
13353 0.00 0.00 0.00 0
13354 0.00 0.00 0.00 0
13355 0.00 0.00 0.00 0
13356 0.00 0.00 0.00 0
13357 0.00 0.00 0.00 0
13358 0.00 0.00 0.00 0
13365 0.00 0.00 0.00 0
13366 0.00 0.00 0.00 0
13367 0.00 0.00 0.00 0
13437 0.00 0.00 0.00 0
13438 0.00 0.00 0.00 0
13439 0.00 0.00 0.00 0
13440 0.00 0.00 0.00 0
13441 0.00 0.00 0.00 0
14032 0.00 0.00 0.00 0
14033 0.00 0.00 0.00 0
14034 0.00 0.00 0.00 0
14035 0.00 0.00 0.00 0
14036 0.00 0.00 0.00 0
14037 0.00 0.00 0.00 0
14038 0.00 0.00 0.00 0
14039 0.00 0.00 0.00 0
14040 0.00 0.00 0.00 0
14041 0.00 0.00 0.00 0
15737 0.00 0.00 0.00 0
15738 0.00 0.00 0.00 0
15739 0.00 0.00 0.00 0
15740 0.00 0.00 0.00 0
15741 0.00 0.00 0.00 0
15742 0.00 0.00 0.00 0
15743 0.00 0.00 0.00 0
15744 0.00 0.00 0.00 0
15746 0.00 0.00 0.00 0
15747 0.00 0.00 0.00 0
15748 0.00 0.00 0.00 0
15749 0.00 0.00 0.00 0
15751 0.00 0.00 0.00 0
15752 0.00 0.00 0.00 0
15753 0.00 0.00 0.00 0
15754 0.00 0.00 0.00 0
15755 0.00 0.00 0.00 0
15756 0.00 0.00 0.00 0
15757 0.00 0.00 0.00 0
15758 0.00 0.00 0.00 0
15827 0.00 0.00 0.00 0
15828 0.00 0.00 0.00 0
15829 0.00 0.00 0.00 0
15830 0.00 0.00 0.00 0
15831 0.00 0.00 0.00 0
15832 0.00 0.00 0.00 0
15833 0.00 0.00 0.00 0
15834 0.00 0.00 0.00 0
15835 0.00 0.00 0.00 0
15836 0.00 0.00 0.00 0
15837 0.00 0.00 0.00 0
15838 0.00 0.00 0.00 0
15839 0.00 0.00 0.00 0
15840 0.00 0.00 0.00 0
15841 0.00 0.00 0.00 0
17546 0.00 0.00 0.00 0
17547 0.00 0.00 0.00 0
17548 0.00 0.00 0.00 0
17549 0.00 0.00 0.00 0
17550 0.00 0.00 0.00 0
17551 0.00 0.00 0.00 0
17552 0.00 0.00 0.00 0
17553 0.00 0.00 0.00 0
17554 0.00 0.00 0.00 0
17555 0.00 0.00 0.00 0
17556 0.00 0.00 0.00 0
17557 0.00 0.00 0.00 0
17626 0.00 0.00 0.00 0
17627 0.00 0.00 0.00 0
17628 0.00 0.00 0.00 0
17629 0.00 0.00 0.00 0
17630 0.00 0.00 0.00 0
17631 0.00 0.00 0.00 0
17632 0.00 0.00 0.00 0
17633 0.00 0.00 0.00 0
17634 0.00 0.00 0.00 0
17635 0.00 0.00 0.00 0
17636 0.00 0.00 0.00 0
17637 0.00 0.00 0.00 0
17638 0.00 0.00 0.00 0
17639 0.00 0.00 0.00 0
17640 0.00 0.00 0.00 0
17641 0.00 0.00 0.00 0
22227 0.00 0.00 0.00 0
22228 0.00 0.00 0.00 0
22229 0.00 0.00 0.00 0
22429 0.00 0.00 0.00 0
22431 0.00 0.00 0.00 0
22432 0.00 0.00 0.00 0
22634 0.00 0.00 0.00 0
22635 0.00 0.00 0.00 0
22764 0.00 0.00 0.00 0
22765 0.00 0.00 0.00 0
22766 0.00 0.00 0.00 0
22767 0.00 0.00 0.00 0
22768 0.00 0.00 0.00 0
22769 0.00 0.00 0.00 0
22770 0.00 0.00 0.00 0
22771 0.00 0.00 0.00 0
22772 0.00 0.00 0.00 0
22773 0.00 0.00 0.00 0
22774 0.00 0.00 0.00 0
22775 0.00 0.00 0.00 0
22776 0.00 0.00 0.00 0
22777 0.00 0.00 0.00 0
22778 0.00 0.00 0.00 0
22779 0.00 0.00 0.00 0
22780 0.00 0.00 0.00 0
22781 0.00 0.00 0.00 0
22782 0.00 0.00 0.00 0
22783 0.00 0.00 0.00 0
22784 0.00 0.00 0.00 0
22785 0.00 0.00 0.00 0
22786 0.00 0.00 0.00 0
22787 0.00 0.00 0.00 0
22788 0.00 0.00 0.00 0
22789 0.00 0.00 0.00 0
22790 0.00 0.00 0.00 0
22791 0.00 0.00 0.00 0
22792 0.00 0.00 0.00 0
22793 0.00 0.00 0.00 0
22794 0.00 0.00 0.00 0
22795 0.00 0.00 0.00 0
22796 0.00 0.00 0.00 0
22797 0.00 0.00 0.00 0
22798 0.00 0.00 0.00 0
22799 0.00 0.00 0.00 0
22800 0.00 0.00 0.00 0
22801 0.00 0.00 0.00 0
22807 0.00 0.00 0.00 0
22808 0.00 0.00 0.00 0
22809 0.00 0.00 0.00 0
22810 0.00 0.00 0.00 0
22811 0.00 0.00 0.00 0
22812 0.00 0.00 0.00 0
22813 0.00 0.00 0.00 0
22814 0.00 0.00 0.00 0
22815 0.00 0.00 0.00 0
22816 0.00 0.00 0.00 0
22817 0.00 0.00 0.00 0
22818 0.00 0.00 0.00 0
22819 0.00 0.00 0.00 0
22820 0.00 0.00 0.00 0
22821 0.00 0.00 0.00 0
22822 0.00 0.00 0.00 0
22823 0.00 0.00 0.00 0
22829 0.00 0.00 0.00 0
22830 0.00 0.00 0.00 0
22831 0.00 0.00 0.00 0
22832 0.00 0.00 0.00 0
22833 0.00 0.00 0.00 0
22835 0.00 0.00 0.00 0
22837 0.00 0.00 0.00 0
23027 0.00 0.00 0.00 0
23028 0.00 0.00 0.00 0
23029 0.00 0.00 0.00 0
23030 0.00 0.00 0.00 0
23031 0.00 0.00 0.00 0
23032 0.00 0.00 0.00 0
23034 0.00 0.00 0.00 0
23036 0.00 0.00 0.00 0
23037 0.00 0.00 0.00 0
23038 0.00 0.00 0.00 0
23039 0.00 0.00 0.00 0
23040 0.00 0.00 0.00 0
23041 0.00 0.00 0.00 0
23397 0.00 0.00 0.00 0
23398 0.00 0.00 0.00 0
23399 0.00 0.00 0.00 0
23400 0.00 0.00 0.00 0
23401 0.00 0.00 0.00 0
24419 0.00 0.00 0.00 0
24420 0.00 0.00 0.00 0
24421 0.00 0.00 0.00 0
24422 0.00 0.00 0.00 0
24423 0.00 0.00 0.00 0
24424 0.00 0.00 0.00 0
24425 0.00 0.00 0.00 0
24426 0.00 0.00 0.00 0
24427 0.00 0.00 0.00 0
24428 0.00 0.00 0.00 0
24429 0.00 0.00 0.00 0
24430 0.00 0.00 0.00 0
24431 0.00 0.00 0.00 0
24473 0.00 0.00 0.00 0
24474 0.00 0.00 0.00 0
24475 0.00 0.00 0.00 0
24476 0.00 0.00 0.00 0
24477 0.00 0.00 0.00 0
24478 0.00 0.00 0.00 0
24479 0.00 0.00 0.00 0
24480 0.00 0.00 0.00 0
24481 0.00 0.00 0.00 0
25503 0.00 0.00 0.00 0
25504 0.00 0.00 0.00 0
25505 0.00 0.00 0.00 0
25506 0.00 0.00 0.00 0
25507 0.00 0.00 0.00 0
25508 0.00 0.00 0.00 0
25509 0.00 0.00 0.00 0
25510 0.00 0.00 0.00 0
25552 0.00 0.00 0.00 0
25553 0.00 0.00 0.00 0
25554 0.00 0.00 0.00 0
25555 0.00 0.00 0.00 0
25556 0.00 0.00 0.00 0
25557 0.00 0.00 0.00 0
25558 0.00 0.00 0.00 0
25559 0.00 0.00 0.00 0
25560 0.00 0.00 0.00 0
25561 0.00 0.00 0.00 0
28429 0.00 0.00 0.00 0
28430 0.00 0.00 0.00 0
28434 0.00 0.00 0.00 0
28435 0.00 0.00 0.00 0
28618 0.00 0.00 0.00 0
28634 0.00 0.00 0.00 0
28635 0.00 0.00 0.00 0
28636 0.00 0.00 0.00 0
28637 0.00 0.00 0.00 0
28638 0.00 0.00 0.00 0
28639 0.00 0.00 0.00 0
28640 0.00 0.00 0.00 0
28641 0.00 0.00 0.00 0
28642 0.00 0.00 0.00 0
28643 0.00 0.00 0.00 0
28644 0.00 0.00 0.00 0
28645 0.00 0.00 0.00 0
28646 0.00 0.00 0.00 0
28647 0.00 0.00 0.00 0
28648 0.00 0.00 0.00 0
28649 0.00 0.00 0.00 0
28650 0.00 0.00 0.00 0
28651 0.00 0.00 0.00 0
28652 0.00 0.00 0.00 0
28653 0.00 0.00 0.00 0
28654 0.00 0.00 0.00 0
28655 0.00 0.00 0.00 0
28656 0.00 0.00 0.00 0
28657 0.00 0.00 0.00 0
28662 0.00 0.00 0.00 0
28663 0.00 0.00 0.00 0
28664 0.00 0.00 0.00 0
28665 0.00 0.00 0.00 0
28666 0.00 0.00 0.00 0
28667 0.00 0.00 0.00 0
28668 0.00 0.00 0.00 0
28669 0.00 0.00 0.00 0
28670 0.00 0.00 0.00 0
28793 0.00 0.00 0.00 0
28794 0.00 0.00 0.00 0
28795 0.00 0.00 0.00 0
28796 0.00 0.00 0.00 0
28797 0.00 0.00 0.00 0
28798 0.00 0.00 0.00 0
28799 0.00 0.00 0.00 0
28800 0.00 0.00 0.00 0
28801 0.00 0.00 0.00 0
29630 0.00 0.00 0.00 0
29631 0.00 0.00 0.00 0
29632 0.00 0.00 0.00 0
29633 0.00 0.00 0.00 0
29634 0.00 0.00 0.00 0
29635 0.00 0.00 0.00 0
29636 0.00 0.00 0.00 0
29637 0.00 0.00 0.00 0
29638 0.00 0.00 0.00 0
29639 0.00 0.00 0.00 0
29640 0.00 0.00 0.00 0
29641 0.00 0.00 0.00 0
32019 0.00 0.00 0.00 0
32020 0.00 0.00 0.00 0
32021 0.00 0.00 0.00 0
32022 0.00 0.00 0.00 0
32023 0.00 0.00 0.00 0
32024 0.00 0.00 0.00 0
32030 0.00 0.00 0.00 0
32034 0.00 0.00 0.00 0
32035 0.00 0.00 0.00 0
32036 0.00 0.00 0.00 0
32037 0.00 0.00 0.00 0
32038 0.00 0.00 0.00 0
32039 0.00 0.00 0.00 0
32040 0.00 0.00 0.00 0
32041 0.00 0.00 0.00 0
32042 0.00 0.00 0.00 0
32043 0.00 0.00 0.00 0
32044 0.00 0.00 0.00 0
32045 0.00 0.00 0.00 0
32141 0.00 0.00 0.00 0
32143 0.00 0.00 0.00 0
32144 0.00 0.00 0.00 0
32145 0.00 0.00 0.00 0
32146 0.00 0.00 0.00 0
32147 0.00 0.00 0.00 0
32153 0.00 0.00 0.00 0
32154 0.00 0.00 0.00 0
32155 0.00 0.00 0.00 0
32156 0.00 0.00 0.00 0
32157 0.00 0.00 0.00 0
32158 0.00 0.00 0.00 0
32159 0.00 0.00 0.00 0
32160 0.00 0.00 0.00 0
32161 0.00 0.00 0.00 0
34321 0.00 0.00 0.00 0
34322 0.00 0.00 0.00 0
34323 0.00 0.00 0.00 0
34324 0.00 0.00 0.00 0
34325 0.00 0.00 0.00 0
34326 0.00 0.00 0.00 0
34327 0.00 0.00 0.00 0
34328 0.00 0.00 0.00 0
34329 0.00 0.00 0.00 0
34330 0.00 0.00 0.00 0
34331 0.00 0.00 0.00 0
34332 0.00 0.00 0.00 0
34333 0.00 0.00 0.00 0
34334 0.00 0.00 0.00 0
34335 0.00 0.00 0.00 0
34424 0.00 0.00 0.00 0
34425 0.00 0.00 0.00 0
34426 0.00 0.00 0.00 0
34427 0.00 0.00 0.00 0
34428 0.00 0.00 0.00 0
34429 0.00 0.00 0.00 0
34430 0.00 0.00 0.00 0
34431 0.00 0.00 0.00 0
34432 0.00 0.00 0.00 0
34433 0.00 0.00 0.00 0
34434 0.00 0.00 0.00 0
34435 0.00 0.00 0.00 0
34436 0.00 0.00 0.00 0
34437 0.00 0.00 0.00 0
34438 0.00 0.00 0.00 0
34439 0.00 0.00 0.00 0
34440 0.00 0.00 0.00 0
34441 0.00 0.00 0.00 0
39981 0.00 0.00 0.00 0
39982 0.00 0.00 0.00 0
39983 0.00 0.00 0.00 0
39985 0.00 0.00 0.00 0
39986 0.00 0.00 0.00 0
39987 0.00 0.00 0.00 0
39988 0.00 0.00 0.00 0
39989 0.00 0.00 0.00 0
39990 0.00 0.00 0.00 0
40227 0.00 0.00 0.00 0
40229 0.00 0.00 0.00 0
40230 0.00 0.00 0.00 0
40231 0.00 0.00 0.00 0
40232 0.00 0.00 0.00 0
40233 0.00 0.00 0.00 0
40473 0.00 0.00 0.00 0
40474 0.00 0.00 0.00 0
40475 0.00 0.00 0.00 0
40476 0.00 0.00 0.00 0
40620 0.00 0.00 0.00 0
40629 0.00 0.00 0.00 0
40630 0.00 0.00 0.00 0
40633 0.00 0.00 0.00 0
40634 0.00 0.00 0.00 0
40638 0.00 0.00 0.00 0
40639 0.00 0.00 0.00 0
40640 0.00 0.00 0.00 0
40641 0.00 0.00 0.00 0
40642 0.00 0.00 0.00 0
40643 0.00 0.00 0.00 0
40644 0.00 0.00 0.00 0
40645 0.00 0.00 0.00 0
40646 0.00 0.00 0.00 0
40647 0.00 0.00 0.00 0
40648 0.00 0.00 0.00 0
40649 0.00 0.00 0.00 0
40650 0.00 0.00 0.00 0
40651 0.00 0.00 0.00 0
40652 0.00 0.00 0.00 0
40653 0.00 0.00 0.00 0
40654 0.00 0.00 0.00 0
40655 0.00 0.00 0.00 0
40656 0.00 0.00 0.00 0
40657 0.00 0.00 0.00 0
40658 0.00 0.00 0.00 0
40659 0.00 0.00 0.00 0
40660 0.00 0.00 0.00 0
40661 0.00 0.00 0.00 0
40662 0.00 0.00 0.00 0
40663 0.00 0.00 0.00 0
40664 0.00 0.00 0.00 0
40665 0.00 0.00 0.00 0
40666 0.00 0.00 0.00 0
40667 0.00 0.00 0.00 0
40668 0.00 0.00 0.00 0
40669 0.00 0.00 0.00 0
40670 0.00 0.00 0.00 0
40671 0.00 0.00 0.00 0
40672 0.00 0.00 0.00 0
40673 0.00 0.00 0.00 0
40674 0.00 0.00 0.00 0
40680 0.00 0.00 0.00 0
40681 0.00 0.00 0.00 0
40682 0.00 0.00 0.00 0
40683 0.00 0.00 0.00 0
40684 0.00 0.00 0.00 0
40685 0.00 0.00 0.00 0
40686 0.00 0.00 0.00 0
40687 0.00 0.00 0.00 0
40688 0.00 0.00 0.00 0
40689 0.00 0.00 0.00 0
40690 0.00 0.00 0.00 0
40691 0.00 0.00 0.00 0
40692 0.00 0.00 0.00 0
40693 0.00 0.00 0.00 0
40694 0.00 0.00 0.00 0
40695 0.00 0.00 0.00 0
40696 0.00 0.00 0.00 0
40697 0.00 0.00 0.00 0
40698 0.00 0.00 0.00 0
40699 0.00 0.00 0.00 0
40700 0.00 0.00 0.00 0
40701 0.00 0.00 0.00 0
40704 0.00 0.00 0.00 0
40706 0.00 0.00 0.00 0
40707 0.00 0.00 0.00 0
40708 0.00 0.00 0.00 0
40709 0.00 0.00 0.00 0
40710 0.00 0.00 0.00 0
40711 0.00 0.00 0.00 0
40712 0.00 0.00 0.00 0
40713 0.00 0.00 0.00 0
40714 0.00 0.00 0.00 0
40715 0.00 0.00 0.00 0
40716 0.00 0.00 0.00 0
40717 0.00 0.00 0.00 0
40718 0.00 0.00 0.00 0
40719 0.00 0.00 0.00 0
40948 0.00 0.00 0.00 0
40956 0.00 0.00 0.00 0
40957 0.00 0.00 0.00 0
40958 0.00 0.00 0.00 0
40959 0.00 0.00 0.00 0
40960 0.00 0.00 0.00 0
40961 0.00 0.00 0.00 0
41727 0.00 0.00 0.00 0
41728 0.00 0.00 0.00 0
41729 0.00 0.00 0.00 0
41730 0.00 0.00 0.00 0
41731 0.00 0.00 0.00 0
41732 0.00 0.00 0.00 0
41733 0.00 0.00 0.00 0
41757 0.00 0.00 0.00 0
41758 0.00 0.00 0.00 0
41759 0.00 0.00 0.00 0
41760 0.00 0.00 0.00 0
41761 0.00 0.00 0.00 0
42330 0.00 0.00 0.00 0
42332 0.00 0.00 0.00 0
42350 0.00 0.00 0.00 0
42356 0.00 0.00 0.00 0
42357 0.00 0.00 0.00 0
42358 0.00 0.00 0.00 0
42359 0.00 0.00 0.00 0
42360 0.00 0.00 0.00 0
42361 0.00 0.00 0.00 0
43953 0.00 0.00 0.00 0
43954 0.00 0.00 0.00 0
43955 0.00 0.00 0.00 0
43956 0.00 0.00 0.00 0
43957 0.00 0.00 0.00 0
44067 0.00 0.00 0.00 0
44068 0.00 0.00 0.00 0
44069 0.00 0.00 0.00 0
44070 0.00 0.00 0.00 0
44071 0.00 0.00 0.00 0
44072 0.00 0.00 0.00 0
44073 0.00 0.00 0.00 0
44074 0.00 0.00 0.00 0
44075 0.00 0.00 0.00 0
44076 0.00 0.00 0.00 0
44077 0.00 0.00 0.00 0
44078 0.00 0.00 0.00 0
44157 0.00 0.00 0.00 0
44158 0.00 0.00 0.00 0
44159 0.00 0.00 0.00 0
44160 0.00 0.00 0.00 0
44161 0.00 0.00 0.00 0
44750 0.00 0.00 0.00 0
44752 0.00 0.00 0.00 0
44753 0.00 0.00 0.00 0
44754 0.00 0.00 0.00 0
44755 0.00 0.00 0.00 0
44756 0.00 0.00 0.00 0
44757 0.00 0.00 0.00 0
44758 0.00 0.00 0.00 0
44759 0.00 0.00 0.00 0
44760 0.00 0.00 0.00 0
44761 0.00 0.00 0.00 0
46457 0.00 0.00 0.00 0
46458 0.00 0.00 0.00 0
46459 0.00 0.00 0.00 0
46460 0.00 0.00 0.00 0
46461 0.00 0.00 0.00 0
46462 0.00 0.00 0.00 0
46463 0.00 0.00 0.00 0
46464 0.00 0.00 0.00 0
46465 0.00 0.00 0.00 0
46466 0.00 0.00 0.00 0
46467 0.00 0.00 0.00 0
46468 0.00 0.00 0.00 0
46469 0.00 0.00 0.00 0
46470 0.00 0.00 0.00 0
46471 0.00 0.00 0.00 0
46472 0.00 0.00 0.00 0
46473 0.00 0.00 0.00 0
46474 0.00 0.00 0.00 0
46475 0.00 0.00 0.00 0
46476 0.00 0.00 0.00 0
46477 0.00 0.00 0.00 0
46478 0.00 0.00 0.00 0
46547 0.00 0.00 0.00 0
46548 0.00 0.00 0.00 0
46549 0.00 0.00 0.00 0
46550 0.00 0.00 0.00 0
46551 0.00 0.00 0.00 0
46552 0.00 0.00 0.00 0
46553 0.00 0.00 0.00 0
46554 0.00 0.00 0.00 0
46555 0.00 0.00 0.00 0
46556 0.00 0.00 0.00 0
46557 0.00 0.00 0.00 0
46558 0.00 0.00 0.00 0
46559 0.00 0.00 0.00 0
46560 0.00 0.00 0.00 0
46561 0.00 0.00 0.00 0
48266 0.00 0.00 0.00 0
48267 0.00 0.00 0.00 0
48268 0.00 0.00 0.00 0
48269 0.00 0.00 0.00 0
48270 0.00 0.00 0.00 0
48271 0.00 0.00 0.00 0
48272 0.00 0.00 0.00 0
48273 0.00 0.00 0.00 0
48274 0.00 0.00 0.00 0
48275 0.00 0.00 0.00 0
48346 0.00 0.00 0.00 0
48347 0.00 0.00 0.00 0
48348 0.00 0.00 0.00 0
48349 0.00 0.00 0.00 0
48350 0.00 0.00 0.00 0
48351 0.00 0.00 0.00 0
48352 0.00 0.00 0.00 0
48353 0.00 0.00 0.00 0
48354 0.00 0.00 0.00 0
48355 0.00 0.00 0.00 0
48356 0.00 0.00 0.00 0
48357 0.00 0.00 0.00 0
48358 0.00 0.00 0.00 0
48359 0.00 0.00 0.00 0
48360 0.00 0.00 0.00 0
48361 0.00 0.00 0.00 0
52948 0.00 0.00 0.00 0
52949 0.00 0.00 0.00 0
53151 0.00 0.00 0.00 0
53152 0.00 0.00 0.00 0
53353 0.00 0.00 0.00 0
53354 0.00 0.00 0.00 0
53355 0.00 0.00 0.00 0
53480 0.00 0.00 0.00 0
53482 0.00 0.00 0.00 0
53483 0.00 0.00 0.00 0
53484 0.00 0.00 0.00 0
53485 0.00 0.00 0.00 0
53486 0.00 0.00 0.00 0
53487 0.00 0.00 0.00 0
53488 0.00 0.00 0.00 0
53489 0.00 0.00 0.00 0
53490 0.00 0.00 0.00 0
53491 0.00 0.00 0.00 0
53492 0.00 0.00 0.00 0
53493 0.00 0.00 0.00 0
53494 0.00 0.00 0.00 0
53495 0.00 0.00 0.00 0
53496 0.00 0.00 0.00 0
53497 0.00 0.00 0.00 0
53498 0.00 0.00 0.00 0
53499 0.00 0.00 0.00 0
53500 0.00 0.00 0.00 0
53501 0.00 0.00 0.00 0
53502 0.00 0.00 0.00 0
53503 0.00 0.00 0.00 0
53504 0.00 0.00 0.00 0
53505 0.00 0.00 0.00 0
53506 0.00 0.00 0.00 0
53507 0.00 0.00 0.00 0
53508 0.00 0.00 0.00 0
53509 0.00 0.00 0.00 0
53510 0.00 0.00 0.00 0
53511 0.00 0.00 0.00 0
53512 0.00 0.00 0.00 0
53513 0.00 0.00 0.00 0
53514 0.00 0.00 0.00 0
53515 0.00 0.00 0.00 0
53516 0.00 0.00 0.00 0
53517 0.00 0.00 0.00 0
53518 0.00 0.00 0.00 0
53519 0.00 0.00 0.00 0
53520 0.00 0.00 0.00 0
53521 0.00 0.00 0.00 0
53525 0.00 0.00 0.00 0
53526 0.00 0.00 0.00 0
53527 0.00 0.00 0.00 0
53528 0.00 0.00 0.00 0
53529 0.00 0.00 0.00 0
53530 0.00 0.00 0.00 0
53531 0.00 0.00 0.00 0
53532 0.00 0.00 0.00 0
53533 0.00 0.00 0.00 0
53534 0.00 0.00 0.00 0
53535 0.00 0.00 0.00 0
53536 0.00 0.00 0.00 0
53537 0.00 0.00 0.00 0
53538 0.00 0.00 0.00 0
53539 0.00 0.00 0.00 0
53540 0.00 0.00 0.00 0
53541 0.00 0.00 0.00 0
53542 0.00 0.00 0.00 0
53543 0.00 0.00 0.00 0
53549 0.00 0.00 0.00 0
53550 0.00 0.00 0.00 0
53551 0.00 0.00 0.00 0
53552 0.00 0.00 0.00 0
53553 0.00 0.00 0.00 0
53747 0.00 0.00 0.00 0
53748 0.00 0.00 0.00 0
53749 0.00 0.00 0.00 0
53750 0.00 0.00 0.00 0
53751 0.00 0.00 0.00 0
53752 0.00 0.00 0.00 0
53753 0.00 0.00 0.00 0
53754 0.00 0.00 0.00 0
53755 0.00 0.00 0.00 0
53756 0.00 0.00 0.00 0
53757 0.00 0.00 0.00 0
53758 0.00 0.00 0.00 0
53759 0.00 0.00 0.00 0
53760 0.00 0.00 0.00 0
53761 0.00 0.00 0.00 0
54354 0.00 0.00 0.00 0
54355 0.00 0.00 0.00 0
54356 0.00 0.00 0.00 0
54357 0.00 0.00 0.00 0
54358 0.00 0.00 0.00 0
54359 0.00 0.00 0.00 0
54360 0.00 0.00 0.00 0
54361 0.00 0.00 0.00 0
56057 0.00 0.00 0.00 0
56058 0.00 0.00 0.00 0
56059 0.00 0.00 0.00 0
56060 0.00 0.00 0.00 0
56061 0.00 0.00 0.00 0
56062 0.00 0.00 0.00 0
56063 0.00 0.00 0.00 0
56064 0.00 0.00 0.00 0
56065 0.00 0.00 0.00 0
56066 0.00 0.00 0.00 0
56067 0.00 0.00 0.00 0
56068 0.00 0.00 0.00 0
56069 0.00 0.00 0.00 0
56070 0.00 0.00 0.00 0
56071 0.00 0.00 0.00 0
56072 0.00 0.00 0.00 0
56073 0.00 0.00 0.00 0
56074 0.00 0.00 0.00 0
56075 0.00 0.00 0.00 0
56076 0.00 0.00 0.00 0
56077 0.00 0.00 0.00 0
56078 0.00 0.00 0.00 0
56147 0.00 0.00 0.00 0
56148 0.00 0.00 0.00 0
56149 0.00 0.00 0.00 0
56150 0.00 0.00 0.00 0
56151 0.00 0.00 0.00 0
56152 0.00 0.00 0.00 0
56153 0.00 0.00 0.00 0
56154 0.00 0.00 0.00 0
56155 0.00 0.00 0.00 0
56156 0.00 0.00 0.00 0
56157 0.00 0.00 0.00 0
56158 0.00 0.00 0.00 0
56159 0.00 0.00 0.00 0
56160 0.00 0.00 0.00 0
56161 0.00 0.00 0.00 0
57863 0.00 0.00 0.00 0
57864 0.00 0.00 0.00 0
57865 0.00 0.00 0.00 0
57866 0.00 0.00 0.00 0
57867 0.00 0.00 0.00 0
57868 0.00 0.00 0.00 0
57869 0.00 0.00 0.00 0
57870 0.00 0.00 0.00 0
57871 0.00 0.00 0.00 0
57872 0.00 0.00 0.00 0
57873 0.00 0.00 0.00 0
57874 0.00 0.00 0.00 0
57875 0.00 0.00 0.00 0
57876 0.00 0.00 0.00 0
57877 0.00 0.00 0.00 0
57942 0.00 0.00 0.00 0
57944 0.00 0.00 0.00 0
57946 0.00 0.00 0.00 0
57947 0.00 0.00 0.00 0
57948 0.00 0.00 0.00 0
57949 0.00 0.00 0.00 0
57950 0.00 0.00 0.00 0
57951 0.00 0.00 0.00 0
57952 0.00 0.00 0.00 0
57953 0.00 0.00 0.00 0
57954 0.00 0.00 0.00 0
57955 0.00 0.00 0.00 0
57956 0.00 0.00 0.00 0
57957 0.00 0.00 0.00 0
57958 0.00 0.00 0.00 0
57959 0.00 0.00 0.00 0
57960 0.00 0.00 0.00 0
57961 0.00 0.00 0.00 0
62738 0.00 0.00 0.00 0
62739 0.00 0.00 0.00 0
62740 0.00 0.00 0.00 0
62741 0.00 0.00 0.00 0
62742 0.00 0.00 0.00 0
62743 0.00 0.00 0.00 0
62747 0.00 0.00 0.00 0
62748 0.00 0.00 0.00 0
62749 0.00 0.00 0.00 0
62750 0.00 0.00 0.00 0
62751 0.00 0.00 0.00 0
62752 0.00 0.00 0.00 0
63055 0.00 0.00 0.00 0
63079 0.00 0.00 0.00 0
63080 0.00 0.00 0.00 0
63081 0.00 0.00 0.00 0
63082 0.00 0.00 0.00 0
63083 0.00 0.00 0.00 0
63084 0.00 0.00 0.00 0
63085 0.00 0.00 0.00 0
63086 0.00 0.00 0.00 0
63087 0.00 0.00 0.00 0
63088 0.00 0.00 0.00 0
63089 0.00 0.00 0.00 0
63090 0.00 0.00 0.00 0
63091 0.00 0.00 0.00 0
63092 0.00 0.00 0.00 0
63093 0.00 0.00 0.00 0
63094 0.00 0.00 0.00 0
63095 0.00 0.00 0.00 0
63096 0.00 0.00 0.00 0
63097 0.00 0.00 0.00 0
63098 0.00 0.00 0.00 0
63099 0.00 0.00 0.00 0
63100 0.00 0.00 0.00 0
63101 0.00 0.00 0.00 0
63102 0.00 0.00 0.00 0
63103 0.00 0.00 0.00 0
63104 0.00 0.00 0.00 0
63105 0.00 0.00 0.00 0
63106 0.00 0.00 0.00 0
63107 0.00 0.00 0.00 0
63108 0.00 0.00 0.00 0
63109 0.00 0.00 0.00 0
63110 0.00 0.00 0.00 0
63111 0.00 0.00 0.00 0
63112 0.00 0.00 0.00 0
63113 0.00 0.00 0.00 0
63114 0.00 0.00 0.00 0
63115 0.00 0.00 0.00 0
63116 0.00 0.00 0.00 0
63118 0.00 0.00 0.00 0
63119 0.00 0.00 0.00 0
63120 0.00 0.00 0.00 0
63129 0.00 0.00 0.00 0
63130 0.00 0.00 0.00 0
63131 0.00 0.00 0.00 0
63132 0.00 0.00 0.00 0
63133 0.00 0.00 0.00 0
63134 0.00 0.00 0.00 0
63135 0.00 0.00 0.00 0
63136 0.00 0.00 0.00 0
63137 0.00 0.00 0.00 0
63138 0.00 0.00 0.00 0
63139 0.00 0.00 0.00 0
63140 0.00 0.00 0.00 0
63141 0.00 0.00 0.00 0
63142 0.00 0.00 0.00 0
63143 0.00 0.00 0.00 0
63347 0.00 0.00 0.00 0
63348 0.00 0.00 0.00 0
63349 0.00 0.00 0.00 0
63350 0.00 0.00 0.00 0
63351 0.00 0.00 0.00 0
63352 0.00 0.00 0.00 0
63353 0.00 0.00 0.00 0
63354 0.00 0.00 0.00 0
63355 0.00 0.00 0.00 0
63356 0.00 0.00 0.00 0
63357 0.00 0.00 0.00 0
63358 0.00 0.00 0.00 0
63359 0.00 0.00 0.00 0
63360 0.00 0.00 0.00 0
63361 0.00 0.00 0.00 0
65135 0.00 0.00 0.00 0
65136 0.00 0.00 0.00 0
65137 0.00 0.00 0.00 0
65138 0.00 0.00 0.00 0
65139 0.00 0.00 0.00 0
65140 0.00 0.00 0.00 0
65141 0.00 0.00 0.00 0
65142 0.00 0.00 0.00 0
65143 0.00 0.00 0.00 0
65144 0.00 0.00 0.00 0
65145 0.00 0.00 0.00 0
65146 0.00 0.00 0.00 0
65147 0.00 0.00 0.00 0
65148 0.00 0.00 0.00 0
65149 0.00 0.00 0.00 0
65150 0.00 0.00 0.00 0
65151 0.00 0.00 0.00 0
65152 0.00 0.00 0.00 0
65153 0.00 0.00 0.00 0
65154 0.00 0.00 0.00 0
65155 0.00 0.00 0.00 0
65156 0.00 0.00 0.00 0
65157 0.00 0.00 0.00 0
65158 0.00 0.00 0.00 0
65159 0.00 0.00 0.00 0
65160 0.00 0.00 0.00 0
65161 0.00 0.00 0.00 0
70250 0.00 0.00 0.00 0
70252 0.00 0.00 0.00 0
70253 0.00 0.00 0.00 0
70254 0.00 0.00 0.00 0
70255 0.00 0.00 0.00 0
70256 0.00 0.00 0.00 0
70257 0.00 0.00 0.00 0
70258 0.00 0.00 0.00 0
70259 0.00 0.00 0.00 0
70260 0.00 0.00 0.00 0
70261 0.00 0.00 0.00 0
70262 0.00 0.00 0.00 0
70263 0.00 0.00 0.00 0
70264 0.00 0.00 0.00 0
70265 0.00 0.00 0.00 0
70266 0.00 0.00 0.00 0
70267 0.00 0.00 0.00 0
70268 0.00 0.00 0.00 0
70277 0.00 0.00 0.00 0
70278 0.00 0.00 0.00 0
70279 0.00 0.00 0.00 0
70287 0.00 0.00 0.00 0
70289 0.00 0.00 0.00 0
70290 0.00 0.00 0.00 0
70291 0.00 0.00 0.00 0
70292 0.00 0.00 0.00 0
70293 0.00 0.00 0.00 0
70294 0.00 0.00 0.00 0
70295 0.00 0.00 0.00 0
70296 0.00 0.00 0.00 0
70297 0.00 0.00 0.00 0
70298 0.00 0.00 0.00 0
70299 0.00 0.00 0.00 0
70300 0.00 0.00 0.00 0
70301 0.00 0.00 0.00 0
70302 0.00 0.00 0.00 0
70303 0.00 0.00 0.00 0
70304 0.00 0.00 0.00 0
70305 0.00 0.00 0.00 0
70306 0.00 0.00 0.00 0
70307 0.00 0.00 0.00 0
70308 0.00 0.00 0.00 0
70309 0.00 0.00 0.00 0
70310 0.00 0.00 0.00 0
70311 0.00 0.00 0.00 0
70312 0.00 0.00 0.00 0
70313 0.00 0.00 0.00 0
70517 0.00 0.00 0.00 0
70518 0.00 0.00 0.00 0
70519 0.00 0.00 0.00 0
70520 0.00 0.00 0.00 0
70521 0.00 0.00 0.00 0
70522 0.00 0.00 0.00 0
70523 0.00 0.00 0.00 0
70524 0.00 0.00 0.00 0
70525 0.00 0.00 0.00 0
70526 0.00 0.00 0.00 0
70527 0.00 0.00 0.00 0
70528 0.00 0.00 0.00 0
70529 0.00 0.00 0.00 0
70530 0.00 0.00 0.00 0
70531 0.00 0.00 0.00 0
70532 0.00 0.00 0.00 0
70534 0.00 0.00 0.00 0
70535 0.00 0.00 0.00 0
70536 0.00 0.00 0.00 0
70537 0.00 0.00 0.00 0
70539 0.00 0.00 0.00 0
70541 0.00 0.00 0.00 0
70542 0.00 0.00 0.00 0
70543 0.00 0.00 0.00 0
70544 0.00 0.00 0.00 0
70545 0.00 0.00 0.00 0
70546 0.00 0.00 0.00 0
70547 0.00 0.00 0.00 0
70548 0.00 0.00 0.00 0
70549 0.00 0.00 0.00 0
70550 0.00 0.00 0.00 0
70551 0.00 0.00 0.00 0
70552 0.00 0.00 0.00 0
70553 0.00 0.00 0.00 0
70554 0.00 0.00 0.00 0
70555 0.00 0.00 0.00 0
70556 0.00 0.00 0.00 0
70557 0.00 0.00 0.00 0
70558 0.00 0.00 0.00 0
70559 0.00 0.00 0.00 0
70560 0.00 0.00 0.00 0
70561 0.00 0.00 0.00 0
75676 0.00 0.00 0.00 0
75677 0.00 0.00 0.00 0
75678 0.00 0.00 0.00 0
75679 0.00 0.00 0.00 0
75680 0.00 0.00 0.00 0
75681 0.00 0.00 0.00 0
75682 0.00 0.00 0.00 0
75683 0.00 0.00 0.00 0
75684 0.00 0.00 0.00 0
75685 0.00 0.00 0.00 0
75686 0.00 0.00 0.00 0
75687 0.00 0.00 0.00 0
75688 0.00 0.00 0.00 0
75689 0.00 0.00 0.00 0
75690 0.00 0.00 0.00 0
75691 0.00 0.00 0.00 0
75692 0.00 0.00 0.00 0
75693 0.00 0.00 0.00 0
75694 0.00 0.00 0.00 0
75695 0.00 0.00 0.00 0
75696 0.00 0.00 0.00 0
75697 0.00 0.00 0.00 0
75698 0.00 0.00 0.00 0
75699 0.00 0.00 0.00 0
75700 0.00 0.00 0.00 0
75701 0.00 0.00 0.00 0
75702 0.00 0.00 0.00 0
75703 0.00 0.00 0.00 0
75704 0.00 0.00 0.00 0
75705 0.00 0.00 0.00 0
75706 0.00 0.00 0.00 0
75707 0.00 0.00 0.00 0
75708 0.00 0.00 0.00 0
75916 0.00 0.00 0.00 0
75917 0.00 0.00 0.00 0
75918 0.00 0.00 0.00 0
75919 0.00 0.00 0.00 0
75920 0.00 0.00 0.00 0
75921 0.00 0.00 0.00 0
75922 0.00 0.00 0.00 0
75923 0.00 0.00 0.00 0
75924 0.00 0.00 0.00 0
75925 0.00 0.00 0.00 0
75926 0.00 0.00 0.00 0
75927 0.00 0.00 0.00 0
75928 0.00 0.00 0.00 0
75929 0.00 0.00 0.00 0
75930 0.00 0.00 0.00 0
75931 0.00 0.00 0.00 0
75932 0.00 0.00 0.00 0
75933 0.00 0.00 0.00 0
75934 0.00 0.00 0.00 0
75935 0.00 0.00 0.00 0
75936 0.00 0.00 0.00 0
75937 0.00 0.00 0.00 0
75938 0.00 0.00 0.00 0
75939 0.00 0.00 0.00 0
75940 0.00 0.00 0.00 0
75941 0.00 0.00 0.00 0
75942 0.00 0.00 0.00 0
75943 0.00 0.00 0.00 0
75944 0.00 0.00 0.00 0
75945 0.00 0.00 0.00 0
75946 0.00 0.00 0.00 0
75947 0.00 0.00 0.00 0
75948 0.00 0.00 0.00 0
75949 0.00 0.00 0.00 0
75950 0.00 0.00 0.00 0
75951 0.00 0.00 0.00 0
75952 0.00 0.00 0.00 0
75953 0.00 0.00 0.00 0
75954 0.00 0.00 0.00 0
75955 0.00 0.00 0.00 0
75956 0.00 0.00 0.00 0
75957 0.00 0.00 0.00 0
75958 0.00 0.00 0.00 0
75959 0.00 0.00 0.00 0
75960 0.00 0.00 0.00 0
75961 0.00 0.00 0.00 0
89708 0.00 0.00 0.00 0
89713 0.00 0.00 0.00 0
89720 0.00 0.00 0.00 0
89721 0.00 0.00 0.00 0
89722 0.00 0.00 0.00 0
89723 0.00 0.00 0.00 0
89724 0.00 0.00 0.00 0
89725 0.00 0.00 0.00 0
89726 0.00 0.00 0.00 0
89727 0.00 0.00 0.00 0
89728 0.00 0.00 0.00 0
89729 0.00 0.00 0.00 0
90322 0.00 0.00 0.00 0
90326 0.00 0.00 0.00 0
90327 0.00 0.00 0.00 0
90328 0.00 0.00 0.00 0
90329 0.00 0.00 0.00 0
90330 0.00 0.00 0.00 0
90331 0.00 0.00 0.00 0
90332 0.00 0.00 0.00 0
90333 0.00 0.00 0.00 0
90334 0.00 0.00 0.00 0
90335 0.00 0.00 0.00 0
90336 0.00 0.00 0.00 0
90337 0.00 0.00 0.00 0
90938 0.00 0.00 0.00 0
90939 0.00 0.00 0.00 0
90940 0.00 0.00 0.00 0
90941 0.00 0.00 0.00 0
90942 0.00 0.00 0.00 0
90943 0.00 0.00 0.00 0
90944 0.00 0.00 0.00 0
90945 0.00 0.00 0.00 0
91325 0.00 0.00 0.00 0
91327 0.00 0.00 0.00 0
91328 0.00 0.00 0.00 0
91329 0.00 0.00 0.00 0
91330 0.00 0.00 0.00 0
91331 0.00 0.00 0.00 0
91332 0.00 0.00 0.00 0
91333 0.00 0.00 0.00 0
91337 0.00 0.00 0.00 0
91338 0.00 0.00 0.00 0
91339 0.00 0.00 0.00 0
91340 0.00 0.00 0.00 0
91341 0.00 0.00 0.00 0
91342 0.00 0.00 0.00 0
91343 0.00 0.00 0.00 0
91344 0.00 0.00 0.00 0
91346 0.00 0.00 0.00 0
91347 0.00 0.00 0.00 0
91348 0.00 0.00 0.00 0
91349 0.00 0.00 0.00 0
91350 0.00 0.00 0.00 0
91351 0.00 0.00 0.00 0
91352 0.00 0.00 0.00 0
91353 0.00 0.00 0.00 0
91354 0.00 0.00 0.00 0
91355 0.00 0.00 0.00 0
91356 0.00 0.00 0.00 0
91357 0.00 0.00 0.00 0
91358 0.00 0.00 0.00 0
91359 0.00 0.00 0.00 0
91360 0.00 0.00 0.00 0
91361 0.00 0.00 0.00 0
91362 0.00 0.00 0.00 0
91363 0.00 0.00 0.00 0
91364 0.00 0.00 0.00 0
91365 0.00 0.00 0.00 0
91366 0.00 0.00 0.00 0
91367 0.00 0.00 0.00 0
91368 0.00 0.00 0.00 0
91369 0.00 0.00 0.00 0
91370 0.00 0.00 0.00 0
91371 0.00 0.00 0.00 0
91372 0.00 0.00 0.00 0
91373 0.00 0.00 0.00 0
91374 0.00 0.00 0.00 0
91375 0.00 0.00 0.00 0
91376 0.00 0.00 0.00 0
91377 0.00 0.00 0.00 0
91378 0.00 0.00 0.00 0
91379 0.00 0.00 0.00 0
91380 0.00 0.00 0.00 0
91381 0.00 0.00 0.00 0
91382 0.00 0.00 0.00 0
91383 0.00 0.00 0.00 0
91384 0.00 0.00 0.00 0
91385 0.00 0.00 0.00 0
91386 0.00 0.00 0.00 0
91387 0.00 0.00 0.00 0
91388 0.00 0.00 0.00 0
91389 0.00 0.00 0.00 0
91390 0.00 0.00 0.00 0
91391 0.00 0.00 0.00 0
91392 0.00 0.00 0.00 0
91393 0.00 0.00 0.00 0
91394 0.00 0.00 0.00 0
91395 0.00 0.00 0.00 0
91396 0.00 0.00 0.00 0
91397 0.00 0.00 0.00 0
91398 0.00 0.00 0.00 0
91399 0.00 0.00 0.00 0
91400 0.00 0.00 0.00 0
91401 0.00 0.00 0.00 0
91402 0.00 0.00 0.00 0
91403 0.00 0.00 0.00 0
91404 0.00 0.00 0.00 0
91405 0.00 0.00 0.00 0
91406 0.00 0.00 0.00 0
91407 0.00 0.00 0.00 0
91408 0.00 0.00 0.00 0
91409 0.00 0.00 0.00 0
91410 0.00 0.00 0.00 0
91411 0.00 0.00 0.00 0
91412 0.00 0.00 0.00 0
91413 0.00 0.00 0.00 0
91414 0.00 0.00 0.00 0
91415 0.00 0.00 0.00 0
91416 0.00 0.00 0.00 0
91417 0.00 0.00 0.00 0
91418 0.00 0.00 0.00 0
91419 0.00 0.00 0.00 0
91420 0.00 0.00 0.00 0
91421 0.00 0.00 0.00 0
91422 0.00 0.00 0.00 0
91423 0.00 0.00 0.00 0
91424 0.00 0.00 0.00 0
91425 0.00 0.00 0.00 0
91426 0.00 0.00 0.00 0
91427 0.00 0.00 0.00 0
91428 0.00 0.00 0.00 0
91429 0.00 0.00 0.00 0
91430 0.00 0.00 0.00 0
91431 0.00 0.00 0.00 0
91432 0.00 0.00 0.00 0
91433 0.00 0.00 0.00 0
91434 0.00 0.00 0.00 0
91435 0.00 0.00 0.00 0
91436 0.00 0.00 0.00 0
91437 0.00 0.00 0.00 0
91438 0.00 0.00 0.00 0
91439 0.00 0.00 0.00 0
91440 0.00 0.00 0.00 0
91441 0.00 0.00 0.00 0
91457 0.00 0.00 0.00 0
91458 0.00 0.00 0.00 0
91459 0.00 0.00 0.00 0
91460 0.00 0.00 0.00 0
91461 0.00 0.00 0.00 0
91462 0.00 0.00 0.00 0
91463 0.00 0.00 0.00 0
91464 0.00 0.00 0.00 0
91465 0.00 0.00 0.00 0
91466 0.00 0.00 0.00 0
91467 0.00 0.00 0.00 0
91468 0.00 0.00 0.00 0
91469 0.00 0.00 0.00 0
91470 0.00 0.00 0.00 0
91471 0.00 0.00 0.00 0
91472 0.00 0.00 0.00 0
91473 0.00 0.00 0.00 0
91474 0.00 0.00 0.00 0
91475 0.00 0.00 0.00 0
91476 0.00 0.00 0.00 0
91477 0.00 0.00 0.00 0
91478 0.00 0.00 0.00 0
91479 0.00 0.00 0.00 0
91480 0.00 0.00 0.00 0
91481 0.00 0.00 0.00 0
91482 0.00 0.00 0.00 0
91483 0.00 0.00 0.00 0
91484 0.00 0.00 0.00 0
91485 0.00 0.00 0.00 0
91486 0.00 0.00 0.00 0
91487 0.00 0.00 0.00 0
91488 0.00 0.00 0.00 0
91489 0.00 0.00 0.00 0
91490 0.00 0.00 0.00 0
91491 0.00 0.00 0.00 0
91492 0.00 0.00 0.00 0
91493 0.00 0.00 0.00 0
91494 0.00 0.00 0.00 0
91495 0.00 0.00 0.00 0
91496 0.00 0.00 0.00 0
91497 0.00 0.00 0.00 0
91498 0.00 0.00 0.00 0
91499 0.00 0.00 0.00 0
91500 0.00 0.00 0.00 0
91501 0.00 0.00 0.00 0
91502 0.00 0.00 0.00 0
91503 0.00 0.00 0.00 0
91504 0.00 0.00 0.00 0
91505 0.00 0.00 0.00 0
91506 0.00 0.00 0.00 0
91507 0.00 0.00 0.00 0
91508 0.00 0.00 0.00 0
91520 0.00 0.00 0.00 0
91522 0.00 0.00 0.00 0
91523 0.00 0.00 0.00 0
91524 0.00 0.00 0.00 0
91525 0.00 0.00 0.00 0
91526 0.00 0.00 0.00 0
91527 0.00 0.00 0.00 0
91528 0.00 0.00 0.00 0
91529 0.00 0.00 0.00 0
91530 0.00 0.00 0.00 0
91531 0.00 0.00 0.00 0
91532 0.00 0.00 0.00 0
91533 0.00 0.00 0.00 0
91534 0.00 0.00 0.00 0
91535 0.00 0.00 0.00 0
91536 0.00 0.00 0.00 0
91537 0.00 0.00 0.00 0
91538 0.00 0.00 0.00 0
91540 0.00 0.00 0.00 0
91541 0.00 0.00 0.00 0
91542 0.00 0.00 0.00 0
91543 0.00 0.00 0.00 0
91544 0.00 0.00 0.00 0
91545 0.00 0.00 0.00 0
91546 0.00 0.00 0.00 0
91547 0.00 0.00 0.00 0
91548 0.00 0.00 0.00 0
91550 0.00 0.00 0.00 0
91551 0.00 0.00 0.00 0
91552 0.00 0.00 0.00 0
91553 0.00 0.00 0.00 0
92125 0.00 0.00 0.00 0
92126 0.00 0.00 0.00 0
92127 0.00 0.00 0.00 0
92142 0.00 0.00 0.00 0
92146 0.00 0.00 0.00 0
92147 0.00 0.00 0.00 0
92148 0.00 0.00 0.00 0
92149 0.00 0.00 0.00 0
92150 0.00 0.00 0.00 0
92151 0.00 0.00 0.00 0
92152 0.00 0.00 0.00 0
92153 0.00 0.00 0.00 0
92154 0.00 0.00 0.00 0
92155 0.00 0.00 0.00 0
92156 0.00 0.00 0.00 0
92157 0.00 0.00 0.00 0
92158 0.00 0.00 0.00 0
92159 0.00 0.00 0.00 0
92160 0.00 0.00 0.00 0
92161 0.00 0.00 0.00 0
92518 0.00 0.00 0.00 0
92519 0.00 0.00 0.00 0
92520 0.00 0.00 0.00 0
92521 0.00 0.00 0.00 0
93539 0.00 0.00 0.00 0
93540 0.00 0.00 0.00 0
93541 0.00 0.00 0.00 0
93542 0.00 0.00 0.00 0
93543 0.00 0.00 0.00 0
93544 0.00 0.00 0.00 0
93545 0.00 0.00 0.00 0
93546 0.00 0.00 0.00 0
93547 0.00 0.00 0.00 0
93548 0.00 0.00 0.00 0
93549 0.00 0.00 0.00 0
93550 0.00 0.00 0.00 0
93551 0.00 0.00 0.00 0
93593 0.00 0.00 0.00 0
93594 0.00 0.00 0.00 0
93595 0.00 0.00 0.00 0
93596 0.00 0.00 0.00 0
93597 0.00 0.00 0.00 0
93598 0.00 0.00 0.00 0
93599 0.00 0.00 0.00 0
93600 0.00 0.00 0.00 0
93601 0.00 0.00 0.00 0
94623 0.00 0.00 0.00 0
94624 0.00 0.00 0.00 0
94625 0.00 0.00 0.00 0
94626 0.00 0.00 0.00 0
94627 0.00 0.00 0.00 0
94628 0.00 0.00 0.00 0
94629 0.00 0.00 0.00 0
94672 0.00 0.00 0.00 0
94673 0.00 0.00 0.00 0
94674 0.00 0.00 0.00 0
94675 0.00 0.00 0.00 0
94676 0.00 0.00 0.00 0
94677 0.00 0.00 0.00 0
94678 0.00 0.00 0.00 0
94679 0.00 0.00 0.00 0
94680 0.00 0.00 0.00 0
94681 0.00 0.00 0.00 0
97547 0.00 0.00 0.00 0
97548 0.00 0.00 0.00 0
97549 0.00 0.00 0.00 0
97550 0.00 0.00 0.00 0
97551 0.00 0.00 0.00 0
97552 0.00 0.00 0.00 0
97553 0.00 0.00 0.00 0
97554 0.00 0.00 0.00 0
97555 0.00 0.00 0.00 0
97738 0.00 0.00 0.00 0
97751 0.00 0.00 0.00 0
97752 0.00 0.00 0.00 0
97753 0.00 0.00 0.00 0
97754 0.00 0.00 0.00 0
97755 0.00 0.00 0.00 0
97756 0.00 0.00 0.00 0
97757 0.00 0.00 0.00 0
97758 0.00 0.00 0.00 0
97759 0.00 0.00 0.00 0
97760 0.00 0.00 0.00 0
97761 0.00 0.00 0.00 0
97762 0.00 0.00 0.00 0
97763 0.00 0.00 0.00 0
97764 0.00 0.00 0.00 0
97765 0.00 0.00 0.00 0
97766 0.00 0.00 0.00 0
97767 0.00 0.00 0.00 0
97768 0.00 0.00 0.00 0
97769 0.00 0.00 0.00 0
97770 0.00 0.00 0.00 0
97771 0.00 0.00 0.00 0
97772 0.00 0.00 0.00 0
97774 0.00 0.00 0.00 0
97783 0.00 0.00 0.00 0
97785 0.00 0.00 0.00 0
97786 0.00 0.00 0.00 0
97787 0.00 0.00 0.00 0
97788 0.00 0.00 0.00 0
97789 0.00 0.00 0.00 0
97913 0.00 0.00 0.00 0
97914 0.00 0.00 0.00 0
97915 0.00 0.00 0.00 0
97916 0.00 0.00 0.00 0
97917 0.00 0.00 0.00 0
97918 0.00 0.00 0.00 0
97919 0.00 0.00 0.00 0
97920 0.00 0.00 0.00 0
97921 0.00 0.00 0.00 0
98986 0.00 0.00 0.00 0
98987 0.00 0.00 0.00 0
98988 0.00 0.00 0.00 0
98989 0.00 0.00 0.00 0
98990 0.00 0.00 0.00 0
98991 0.00 0.00 0.00 0
98992 0.00 0.00 0.00 0
98993 0.00 0.00 0.00 0
98994 0.00 0.00 0.00 0
98995 0.00 0.00 0.00 0
98996 0.00 0.00 0.00 0
98997 0.00 0.00 0.00 0
98998 0.00 0.00 0.00 0
98999 0.00 0.00 0.00 0
99000 0.00 0.00 0.00 0
99001 0.00 0.00 0.00 0
102055 0.00 0.00 0.00 0
102056 0.00 0.00 0.00 0
102057 0.00 0.00 0.00 0
102058 0.00 0.00 0.00 0
102059 0.00 0.00 0.00 0
102060 0.00 0.00 0.00 0
102061 0.00 0.00 0.00 0
102062 0.00 0.00 0.00 0
102063 0.00 0.00 0.00 0
102064 0.00 0.00 0.00 0
102065 0.00 0.00 0.00 0
102066 0.00 0.00 0.00 0
102071 0.00 0.00 0.00 0
102072 0.00 0.00 0.00 0
102073 0.00 0.00 0.00 0
102074 0.00 0.00 0.00 0
102078 0.00 0.00 0.00 0
102079 0.00 0.00 0.00 0
102080 0.00 0.00 0.00 0
102081 0.00 0.00 0.00 0
102082 0.00 0.00 0.00 0
102083 0.00 0.00 0.00 0
102084 0.00 0.00 0.00 0
102085 0.00 0.00 0.00 0
102086 0.00 0.00 0.00 0
102087 0.00 0.00 0.00 0
102088 0.00 0.00 0.00 0
102089 0.00 0.00 0.00 0
102090 0.00 0.00 0.00 0
102091 0.00 0.00 0.00 0
102092 0.00 0.00 0.00 0
102215 0.00 0.00 0.00 0
102216 0.00 0.00 0.00 0
102217 0.00 0.00 0.00 0
102218 0.00 0.00 0.00 0
102219 0.00 0.00 0.00 0
102220 0.00 0.00 0.00 0
102221 0.00 0.00 0.00 0
102222 0.00 0.00 0.00 0
102223 0.00 0.00 0.00 0
102224 0.00 0.00 0.00 0
102225 0.00 0.00 0.00 0
102226 0.00 0.00 0.00 0
102227 0.00 0.00 0.00 0
102228 0.00 0.00 0.00 0
102229 0.00 0.00 0.00 0
102230 0.00 0.00 0.00 0
102231 0.00 0.00 0.00 0
102232 0.00 0.00 0.00 0
102233 0.00 0.00 0.00 0
102234 0.00 0.00 0.00 0
102235 0.00 0.00 0.00 0
102236 0.00 0.00 0.00 0
102237 0.00 0.00 0.00 0
102238 0.00 0.00 0.00 0
102239 0.00 0.00 0.00 0
102240 0.00 0.00 0.00 0
102241 0.00 0.00 0.00 0
105310 0.00 0.00 0.00 0
105311 0.00 0.00 0.00 0
105312 0.00 0.00 0.00 0
105313 0.00 0.00 0.00 0
105314 0.00 0.00 0.00 0
105315 0.00 0.00 0.00 0
105316 0.00 0.00 0.00 0
105317 0.00 0.00 0.00 0
105318 0.00 0.00 0.00 0
105319 0.00 0.00 0.00 0
105320 0.00 0.00 0.00 0
105321 0.00 0.00 0.00 0
105322 0.00 0.00 0.00 0
105323 0.00 0.00 0.00 0
105324 0.00 0.00 0.00 0
105325 0.00 0.00 0.00 0
105326 0.00 0.00 0.00 0
105327 0.00 0.00 0.00 0
105328 0.00 0.00 0.00 0
105329 0.00 0.00 0.00 0
105330 0.00 0.00 0.00 0
105454 0.00 0.00 0.00 0
105455 0.00 0.00 0.00 0
105456 0.00 0.00 0.00 0
105457 0.00 0.00 0.00 0
105458 0.00 0.00 0.00 0
105459 0.00 0.00 0.00 0
105460 0.00 0.00 0.00 0
105461 0.00 0.00 0.00 0
105462 0.00 0.00 0.00 0
105463 0.00 0.00 0.00 0
105464 0.00 0.00 0.00 0
105465 0.00 0.00 0.00 0
105466 0.00 0.00 0.00 0
105467 0.00 0.00 0.00 0
105468 0.00 0.00 0.00 0
105469 0.00 0.00 0.00 0
105470 0.00 0.00 0.00 0
105471 0.00 0.00 0.00 0
105472 0.00 0.00 0.00 0
105473 0.00 0.00 0.00 0
105474 0.00 0.00 0.00 0
105475 0.00 0.00 0.00 0
105476 0.00 0.00 0.00 0
105477 0.00 0.00 0.00 0
105478 0.00 0.00 0.00 0
105479 0.00 0.00 0.00 0
105480 0.00 0.00 0.00 0
105481 0.00 0.00 0.00 0
113737 0.00 0.00 0.00 0
113738 0.00 0.00 0.00 0
113739 0.00 0.00 0.00 0
113740 0.00 0.00 0.00 0
113741 0.00 0.00 0.00 0
114103 0.00 0.00 0.00 0
114104 0.00 0.00 0.00 0
114105 0.00 0.00 0.00 0
114106 0.00 0.00 0.00 0
114470 0.00 0.00 0.00 0
114471 0.00 0.00 0.00 0
114701 0.00 0.00 0.00 0
114702 0.00 0.00 0.00 0
114703 0.00 0.00 0.00 0
114704 0.00 0.00 0.00 0
114705 0.00 0.00 0.00 0
114706 0.00 0.00 0.00 0
114707 0.00 0.00 0.00 0
114708 0.00 0.00 0.00 0
114709 0.00 0.00 0.00 0
114710 0.00 0.00 0.00 0
114711 0.00 0.00 0.00 0
114712 0.00 0.00 0.00 0
114713 0.00 0.00 0.00 0
114714 0.00 0.00 0.00 0
114715 0.00 0.00 0.00 0
114716 0.00 0.00 0.00 0
114717 0.00 0.00 0.00 0
114718 0.00 0.00 0.00 0
114719 0.00 0.00 0.00 0
114720 0.00 0.00 0.00 0
114721 0.00 0.00 0.00 0
114722 0.00 0.00 0.00 0
114723 0.00 0.00 0.00 0
114724 0.00 0.00 0.00 0
114725 0.00 0.00 0.00 0
114726 0.00 0.00 0.00 0
114727 0.00 0.00 0.00 0
114728 0.00 0.00 0.00 0
114729 0.00 0.00 0.00 0
114730 0.00 0.00 0.00 0
114731 0.00 0.00 0.00 0
114732 0.00 0.00 0.00 0
114733 0.00 0.00 0.00 0
114734 0.00 0.00 0.00 0
114735 0.00 0.00 0.00 0
114736 0.00 0.00 0.00 0
114737 0.00 0.00 0.00 0
114738 0.00 0.00 0.00 0
114739 0.00 0.00 0.00 0
114740 0.00 0.00 0.00 0
114741 0.00 0.00 0.00 0
114742 0.00 0.00 0.00 0
114743 0.00 0.00 0.00 0
114744 0.00 0.00 0.00 0
114745 0.00 0.00 0.00 0
114746 0.00 0.00 0.00 0
114747 0.00 0.00 0.00 0
114748 0.00 0.00 0.00 0
114749 0.00 0.00 0.00 0
114750 0.00 0.00 0.00 0
114751 0.00 0.00 0.00 0
114752 0.00 0.00 0.00 0
114753 0.00 0.00 0.00 0
114754 0.00 0.00 0.00 0
114755 0.00 0.00 0.00 0
114756 0.00 0.00 0.00 0
114757 0.00 0.00 0.00 0
114758 0.00 0.00 0.00 0
114759 0.00 0.00 0.00 0
114760 0.00 0.00 0.00 0
114761 0.00 0.00 0.00 0
114762 0.00 0.00 0.00 0
114763 0.00 0.00 0.00 0
114764 0.00 0.00 0.00 0
114765 0.00 0.00 0.00 0
114766 0.00 0.00 0.00 0
114767 0.00 0.00 0.00 0
114768 0.00 0.00 0.00 0
114769 0.00 0.00 0.00 0
114779 0.00 0.00 0.00 0
114780 0.00 0.00 0.00 0
114781 0.00 0.00 0.00 0
114782 0.00 0.00 0.00 0
114783 0.00 0.00 0.00 0
114784 0.00 0.00 0.00 0
114785 0.00 0.00 0.00 0
114786 0.00 0.00 0.00 0
114787 0.00 0.00 0.00 0
114788 0.00 0.00 0.00 0
114789 0.00 0.00 0.00 0
114790 0.00 0.00 0.00 0
114791 0.00 0.00 0.00 0
114792 0.00 0.00 0.00 0
114793 0.00 0.00 0.00 0
114794 0.00 0.00 0.00 0
114795 0.00 0.00 0.00 0
114796 0.00 0.00 0.00 0
114797 0.00 0.00 0.00 0
114798 0.00 0.00 0.00 0
114799 0.00 0.00 0.00 0
114800 0.00 0.00 0.00 0
114801 0.00 0.00 0.00 0
114802 0.00 0.00 0.00 0
114803 0.00 0.00 0.00 0
114804 0.00 0.00 0.00 0
114805 0.00 0.00 0.00 0
114806 0.00 0.00 0.00 0
114807 0.00 0.00 0.00 0
114808 0.00 0.00 0.00 0
114809 0.00 0.00 0.00 0
114819 0.00 0.00 0.00 0
114820 0.00 0.00 0.00 0
114821 0.00 0.00 0.00 0
114822 0.00 0.00 0.00 0
114823 0.00 0.00 0.00 0
114824 0.00 0.00 0.00 0
114825 0.00 0.00 0.00 0
114826 0.00 0.00 0.00 0
114827 0.00 0.00 0.00 0
114832 0.00 0.00 0.00 0
114833 0.00 0.00 0.00 0
114834 0.00 0.00 0.00 0
115175 0.00 0.00 0.00 0
115176 0.00 0.00 0.00 0
115177 0.00 0.00 0.00 0
115178 0.00 0.00 0.00 0
115180 0.00 0.00 0.00 0
115181 0.00 0.00 0.00 0
115182 0.00 0.00 0.00 0
115183 0.00 0.00 0.00 0
115186 0.00 0.00 0.00 0
115187 0.00 0.00 0.00 0
115191 0.00 0.00 0.00 0
115192 0.00 0.00 0.00 0
115193 0.00 0.00 0.00 0
115194 0.00 0.00 0.00 0
115195 0.00 0.00 0.00 0
115196 0.00 0.00 0.00 0
115197 0.00 0.00 0.00 0
115198 0.00 0.00 0.00 0
115199 0.00 0.00 0.00 0
115200 0.00 0.00 0.00 0
115201 0.00 0.00 0.00 0
116030 0.00 0.00 0.00 0
116031 0.00 0.00 0.00 0
116032 0.00 0.00 0.00 0
116033 0.00 0.00 0.00 0
116034 0.00 0.00 0.00 0
116035 0.00 0.00 0.00 0
116036 0.00 0.00 0.00 0
116037 0.00 0.00 0.00 0
116038 0.00 0.00 0.00 0
116039 0.00 0.00 0.00 0
116040 0.00 0.00 0.00 0
116041 0.00 0.00 0.00 0
118415 0.00 0.00 0.00 0
118416 0.00 0.00 0.00 0
118417 0.00 0.00 0.00 0
118418 0.00 0.00 0.00 0
118419 0.00 0.00 0.00 0
118420 0.00 0.00 0.00 0
118421 0.00 0.00 0.00 0
118422 0.00 0.00 0.00 0
118423 0.00 0.00 0.00 0
118424 0.00 0.00 0.00 0
118425 0.00 0.00 0.00 0
118426 0.00 0.00 0.00 0
118427 0.00 0.00 0.00 0
118428 0.00 0.00 0.00 0
118429 0.00 0.00 0.00 0
118430 0.00 0.00 0.00 0
118431 0.00 0.00 0.00 0
118432 0.00 0.00 0.00 0
118433 0.00 0.00 0.00 0
118434 0.00 0.00 0.00 0
118435 0.00 0.00 0.00 0
118436 0.00 0.00 0.00 0
118437 0.00 0.00 0.00 0
118438 0.00 0.00 0.00 0
118439 0.00 0.00 0.00 0
118440 0.00 0.00 0.00 0
118441 0.00 0.00 0.00 0
118442 0.00 0.00 0.00 0
118443 0.00 0.00 0.00 0
118444 0.00 0.00 0.00 0
118445 0.00 0.00 0.00 0
118541 0.00 0.00 0.00 0
118542 0.00 0.00 0.00 0
118543 0.00 0.00 0.00 0
118544 0.00 0.00 0.00 0
118545 0.00 0.00 0.00 0
118546 0.00 0.00 0.00 0
118547 0.00 0.00 0.00 0
118548 0.00 0.00 0.00 0
118549 0.00 0.00 0.00 0
118550 0.00 0.00 0.00 0
118551 0.00 0.00 0.00 0
118552 0.00 0.00 0.00 0
118553 0.00 0.00 0.00 0
118554 0.00 0.00 0.00 0
118555 0.00 0.00 0.00 0
118556 0.00 0.00 0.00 0
118557 0.00 0.00 0.00 0
118558 0.00 0.00 0.00 0
118559 0.00 0.00 0.00 0
118560 0.00 0.00 0.00 0
118561 0.00 0.00 0.00 0
120945 0.00 0.00 0.00 0
120946 0.00 0.00 0.00 0
120947 0.00 0.00 0.00 0
120948 0.00 0.00 0.00 0
120949 0.00 0.00 0.00 0
120950 0.00 0.00 0.00 0
120951 0.00 0.00 0.00 0
120952 0.00 0.00 0.00 0
120953 0.00 0.00 0.00 0
120954 0.00 0.00 0.00 0
120955 0.00 0.00 0.00 0
120956 0.00 0.00 0.00 0
120957 0.00 0.00 0.00 0
120958 0.00 0.00 0.00 0
120959 0.00 0.00 0.00 0
120960 0.00 0.00 0.00 0
120961 0.00 0.00 0.00 0
120962 0.00 0.00 0.00 0
120963 0.00 0.00 0.00 0
120964 0.00 0.00 0.00 0
121060 0.00 0.00 0.00 0
121061 0.00 0.00 0.00 0
121062 0.00 0.00 0.00 0
121063 0.00 0.00 0.00 0
121064 0.00 0.00 0.00 0
121065 0.00 0.00 0.00 0
121066 0.00 0.00 0.00 0
121067 0.00 0.00 0.00 0
121068 0.00 0.00 0.00 0
121069 0.00 0.00 0.00 0
121070 0.00 0.00 0.00 0
121071 0.00 0.00 0.00 0
121072 0.00 0.00 0.00 0
121073 0.00 0.00 0.00 0
121074 0.00 0.00 0.00 0
121075 0.00 0.00 0.00 0
121076 0.00 0.00 0.00 0
121077 0.00 0.00 0.00 0
121078 0.00 0.00 0.00 0
121079 0.00 0.00 0.00 0
121080 0.00 0.00 0.00 0
121081 0.00 0.00 0.00 0
127774 0.00 0.00 0.00 0
127775 0.00 0.00 0.00 0
127784 0.00 0.00 0.00 0
127785 0.00 0.00 0.00 0
127786 0.00 0.00 0.00 0
127787 0.00 0.00 0.00 0
127788 0.00 0.00 0.00 0
127789 0.00 0.00 0.00 0
128212 0.00 0.00 0.00 0
128248 0.00 0.00 0.00 0
128249 0.00 0.00 0.00 0
128252 0.00 0.00 0.00 0
128253 0.00 0.00 0.00 0
128254 0.00 0.00 0.00 0
128255 0.00 0.00 0.00 0
128256 0.00 0.00 0.00 0
128257 0.00 0.00 0.00 0
128258 0.00 0.00 0.00 0
128259 0.00 0.00 0.00 0
128260 0.00 0.00 0.00 0
128261 0.00 0.00 0.00 0
128262 0.00 0.00 0.00 0
128263 0.00 0.00 0.00 0
128264 0.00 0.00 0.00 0
128265 0.00 0.00 0.00 0
128266 0.00 0.00 0.00 0
128267 0.00 0.00 0.00 0
128268 0.00 0.00 0.00 0
128269 0.00 0.00 0.00 0
128270 0.00 0.00 0.00 0
128271 0.00 0.00 0.00 0
128272 0.00 0.00 0.00 0
128273 0.00 0.00 0.00 0
128274 0.00 0.00 0.00 0
128275 0.00 0.00 0.00 0
128276 0.00 0.00 0.00 0
128277 0.00 0.00 0.00 0
128278 0.00 0.00 0.00 0
128279 0.00 0.00 0.00 0
128280 0.00 0.00 0.00 0
128281 0.00 0.00 0.00 0
128282 0.00 0.00 0.00 0
128283 0.00 0.00 0.00 0
128284 0.00 0.00 0.00 0
128285 0.00 0.00 0.00 0
128286 0.00 0.00 0.00 0
128287 0.00 0.00 0.00 0
128288 0.00 0.00 0.00 0
128289 0.00 0.00 0.00 0
128290 0.00 0.00 0.00 0
128291 0.00 0.00 0.00 0
128292 0.00 0.00 0.00 0
128293 0.00 0.00 0.00 0
128294 0.00 0.00 0.00 0
128295 0.00 0.00 0.00 0
128296 0.00 0.00 0.00 0
128297 0.00 0.00 0.00 0
128298 0.00 0.00 0.00 0
128299 0.00 0.00 0.00 0
128300 0.00 0.00 0.00 0
128301 0.00 0.00 0.00 0
128302 0.00 0.00 0.00 0
128303 0.00 0.00 0.00 0
128304 0.00 0.00 0.00 0
128305 0.00 0.00 0.00 0
128315 0.00 0.00 0.00 0
128316 0.00 0.00 0.00 0
128317 0.00 0.00 0.00 0
128318 0.00 0.00 0.00 0
128319 0.00 0.00 0.00 0
128320 0.00 0.00 0.00 0
128321 0.00 0.00 0.00 0
128322 0.00 0.00 0.00 0
128323 0.00 0.00 0.00 0
128324 0.00 0.00 0.00 0
128325 0.00 0.00 0.00 0
128326 0.00 0.00 0.00 0
128327 0.00 0.00 0.00 0
128328 0.00 0.00 0.00 0
128329 0.00 0.00 0.00 0
128330 0.00 0.00 0.00 0
128331 0.00 0.00 0.00 0
128332 0.00 0.00 0.00 0
128333 0.00 0.00 0.00 0
128334 0.00 0.00 0.00 0
128335 0.00 0.00 0.00 0
128336 0.00 0.00 0.00 0
128348 0.00 0.00 0.00 0
128621 0.00 0.00 0.00 0
128622 0.00 0.00 0.00 0
128623 0.00 0.00 0.00 0
128624 0.00 0.00 0.00 0
128625 0.00 0.00 0.00 0
128626 0.00 0.00 0.00 0
128627 0.00 0.00 0.00 0
128628 0.00 0.00 0.00 0
128629 0.00 0.00 0.00 0
128630 0.00 0.00 0.00 0
128631 0.00 0.00 0.00 0
128632 0.00 0.00 0.00 0
128633 0.00 0.00 0.00 0
128634 0.00 0.00 0.00 0
128635 0.00 0.00 0.00 0
128636 0.00 0.00 0.00 0
128637 0.00 0.00 0.00 0
128638 0.00 0.00 0.00 0
128639 0.00 0.00 0.00 0
128640 0.00 0.00 0.00 0
128641 0.00 0.00 0.00 0
130891 0.00 0.00 0.00 0
130892 0.00 0.00 0.00 0
130893 0.00 0.00 0.00 0
130894 0.00 0.00 0.00 0
130895 0.00 0.00 0.00 0
130896 0.00 0.00 0.00 0
130897 0.00 0.00 0.00 0
130898 0.00 0.00 0.00 0
130899 0.00 0.00 0.00 0
130900 0.00 0.00 0.00 0
130901 0.00 0.00 0.00 0
130902 0.00 0.00 0.00 0
130903 0.00 0.00 0.00 0
130904 0.00 0.00 0.00 0
130905 0.00 0.00 0.00 0
130906 0.00 0.00 0.00 0
130907 0.00 0.00 0.00 0
130908 0.00 0.00 0.00 0
130909 0.00 0.00 0.00 0
130910 0.00 0.00 0.00 0
130911 0.00 0.00 0.00 0
130912 0.00 0.00 0.00 0
130913 0.00 0.00 0.00 0
130914 0.00 0.00 0.00 0
130915 0.00 0.00 0.00 0
130916 0.00 0.00 0.00 0
130917 0.00 0.00 0.00 0
130918 0.00 0.00 0.00 0
130919 0.00 0.00 0.00 0
130920 0.00 0.00 0.00 0
130921 0.00 0.00 0.00 0
136987 0.00 0.00 0.00 0
136988 0.00 0.00 0.00 0
136989 0.00 0.00 0.00 0
136990 0.00 0.00 0.00 0
137374 0.00 0.00 0.00 0
137375 0.00 0.00 0.00 0
137376 0.00 0.00 0.00 0
137377 0.00 0.00 0.00 0
137378 0.00 0.00 0.00 0
137379 0.00 0.00 0.00 0
137380 0.00 0.00 0.00 0
137381 0.00 0.00 0.00 0
137382 0.00 0.00 0.00 0
137383 0.00 0.00 0.00 0
137384 0.00 0.00 0.00 0
137385 0.00 0.00 0.00 0
137386 0.00 0.00 0.00 0
137387 0.00 0.00 0.00 0
137388 0.00 0.00 0.00 0
137389 0.00 0.00 0.00 0
137402 0.00 0.00 0.00 0
137403 0.00 0.00 0.00 0
137405 0.00 0.00 0.00 0
137416 0.00 0.00 0.00 0
137417 0.00 0.00 0.00 0
137418 0.00 0.00 0.00 0
137419 0.00 0.00 0.00 0
137420 0.00 0.00 0.00 0
137421 0.00 0.00 0.00 0
137422 0.00 0.00 0.00 0
137423 0.00 0.00 0.00 0
137424 0.00 0.00 0.00 0
137425 0.00 0.00 0.00 0
137426 0.00 0.00 0.00 0
137427 0.00 0.00 0.00 0
137428 0.00 0.00 0.00 0
137429 0.00 0.00 0.00 0
137430 0.00 0.00 0.00 0
137431 0.00 0.00 0.00 0
137432 0.00 0.00 0.00 0
137433 0.00 0.00 0.00 0
137434 0.00 0.00 0.00 0
137435 0.00 0.00 0.00 0
137436 0.00 0.00 0.00 0
137437 0.00 0.00 0.00 0
137438 0.00 0.00 0.00 0
137439 0.00 0.00 0.00 0
137440 0.00 0.00 0.00 0
137441 0.00 0.00 0.00 0
137442 0.00 0.00 0.00 0
137443 0.00 0.00 0.00 0
137444 0.00 0.00 0.00 0
137445 0.00 0.00 0.00 0
137446 0.00 0.00 0.00 0
137447 0.00 0.00 0.00 0
137705 0.00 0.00 0.00 0
137707 0.00 0.00 0.00 0
137708 0.00 0.00 0.00 0
137709 0.00 0.00 0.00 0
137710 0.00 0.00 0.00 0
137711 0.00 0.00 0.00 0
137716 0.00 0.00 0.00 0
137717 0.00 0.00 0.00 0
137718 0.00 0.00 0.00 0
137719 0.00 0.00 0.00 0
137720 0.00 0.00 0.00 0
137721 0.00 0.00 0.00 0
137722 0.00 0.00 0.00 0
137723 0.00 0.00 0.00 0
137728 0.00 0.00 0.00 0
137737 0.00 0.00 0.00 0
137738 0.00 0.00 0.00 0
137739 0.00 0.00 0.00 0
137740 0.00 0.00 0.00 0
137741 0.00 0.00 0.00 0
137742 0.00 0.00 0.00 0
137743 0.00 0.00 0.00 0
137744 0.00 0.00 0.00 0
137745 0.00 0.00 0.00 0
137746 0.00 0.00 0.00 0
137747 0.00 0.00 0.00 0
137748 0.00 0.00 0.00 0
137749 0.00 0.00 0.00 0
137750 0.00 0.00 0.00 0
137751 0.00 0.00 0.00 0
137752 0.00 0.00 0.00 0
137753 0.00 0.00 0.00 0
137754 0.00 0.00 0.00 0
137755 0.00 0.00 0.00 0
137756 0.00 0.00 0.00 0
137757 0.00 0.00 0.00 0
137758 0.00 0.00 0.00 0
137759 0.00 0.00 0.00 0
137760 0.00 0.00 0.00 0
137761 0.00 0.00 0.00 0
144012 0.00 0.00 0.00 0
144013 0.00 0.00 0.00 0
144014 0.00 0.00 0.00 0
144015 0.00 0.00 0.00 0
144016 0.00 0.00 0.00 0
144017 0.00 0.00 0.00 0
144018 0.00 0.00 0.00 0
144019 0.00 0.00 0.00 0
144020 0.00 0.00 0.00 0
144021 0.00 0.00 0.00 0
144022 0.00 0.00 0.00 0
144023 0.00 0.00 0.00 0
144024 0.00 0.00 0.00 0
144025 0.00 0.00 0.00 0
144026 0.00 0.00 0.00 0
144027 0.00 0.00 0.00 0
144028 0.00 0.00 0.00 0
144029 0.00 0.00 0.00 0
144030 0.00 0.00 0.00 0
144031 0.00 0.00 0.00 0
144032 0.00 0.00 0.00 0
144033 0.00 0.00 0.00 0
144034 0.00 0.00 0.00 0
144035 0.00 0.00 0.00 0
144036 0.00 0.00 0.00 0
144037 0.00 0.00 0.00 0
144038 0.00 0.00 0.00 0
144039 0.00 0.00 0.00 0
144040 0.00 0.00 0.00 0
144041 0.00 0.00 0.00 0
144042 0.00 0.00 0.00 0
144043 0.00 0.00 0.00 0
144044 0.00 0.00 0.00 0
144045 0.00 0.00 0.00 0
144046 0.00 0.00 0.00 0
144047 0.00 0.00 0.00 0
144048 0.00 0.00 0.00 0
144049 0.00 0.00 0.00 0
144050 0.00 0.00 0.00 0
144051 0.00 0.00 0.00 0
144052 0.00 0.00 0.00 0
144053 0.00 0.00 0.00 0
144054 0.00 0.00 0.00 0
144308 0.00 0.00 0.00 0
144309 0.00 0.00 0.00 0
144310 0.00 0.00 0.00 0
144311 0.00 0.00 0.00 0
144312 0.00 0.00 0.00 0
144313 0.00 0.00 0.00 0
144314 0.00 0.00 0.00 0
144315 0.00 0.00 0.00 0
144316 0.00 0.00 0.00 0
144317 0.00 0.00 0.00 0
144318 0.00 0.00 0.00 0
144319 0.00 0.00 0.00 0
144320 0.00 0.00 0.00 0
144321 0.00 0.00 0.00 0
144322 0.00 0.00 0.00 0
144323 0.00 0.00 0.00 0
144324 0.00 0.00 0.00 0
144325 0.00 0.00 0.00 0
144326 0.00 0.00 0.00 0
144327 0.00 0.00 0.00 0
144328 0.00 0.00 0.00 0
144329 0.00 0.00 0.00 0
144330 0.00 0.00 0.00 0
144331 0.00 0.00 0.00 0
144332 0.00 0.00 0.00 0
144333 0.00 0.00 0.00 0
144334 0.00 0.00 0.00 0
144335 0.00 0.00 0.00 0
144336 0.00 0.00 0.00 0
144337 0.00 0.00 0.00 0
144338 0.00 0.00 0.00 0
144339 0.00 0.00 0.00 0
144340 0.00 0.00 0.00 0
144341 0.00 0.00 0.00 0
144342 0.00 0.00 0.00 0
144343 0.00 0.00 0.00 0
144344 0.00 0.00 0.00 0
144345 0.00 0.00 0.00 0
144346 0.00 0.00 0.00 0
144347 0.00 0.00 0.00 0
144348 0.00 0.00 0.00 0
144349 0.00 0.00 0.00 0
144350 0.00 0.00 0.00 0
144351 0.00 0.00 0.00 0
144352 0.00 0.00 0.00 0
144353 0.00 0.00 0.00 0
144354 0.00 0.00 0.00 0
144355 0.00 0.00 0.00 0
144356 0.00 0.00 0.00 0
144357 0.00 0.00 0.00 0
144358 0.00 0.00 0.00 0
144359 0.00 0.00 0.00 0
144360 0.00 0.00 0.00 0
144361 0.00 0.00 0.00 0
160898 0.00 0.00 0.00 0
160899 0.00 0.00 0.00 0
160900 0.00 0.00 0.00 0
160901 0.00 0.00 0.00 0
160903 0.00 0.00 0.00 0
160904 0.00 0.00 0.00 0
160905 0.00 0.00 0.00 0
160906 0.00 0.00 0.00 0
160907 0.00 0.00 0.00 0
160914 0.00 0.00 0.00 0
160915 0.00 0.00 0.00 0
160916 0.00 0.00 0.00 0
160917 0.00 0.00 0.00 0
160918 0.00 0.00 0.00 0
160919 0.00 0.00 0.00 0
160920 0.00 0.00 0.00 0
160921 0.00 0.00 0.00 0
160922 0.00 0.00 0.00 0
160923 0.00 0.00 0.00 0
160924 0.00 0.00 0.00 0
160925 0.00 0.00 0.00 0
160926 0.00 0.00 0.00 0
161637 0.00 0.00 0.00 0
161641 0.00 0.00 0.00 0
161642 0.00 0.00 0.00 0
161643 0.00 0.00 0.00 0
161644 0.00 0.00 0.00 0
161645 0.00 0.00 0.00 0
161646 0.00 0.00 0.00 0
161647 0.00 0.00 0.00 0
161648 0.00 0.00 0.00 0
161649 0.00 0.00 0.00 0
161650 0.00 0.00 0.00 0
161651 0.00 0.00 0.00 0
161652 0.00 0.00 0.00 0
161653 0.00 0.00 0.00 0
161654 0.00 0.00 0.00 0
161655 0.00 0.00 0.00 0
162376 0.00 0.00 0.00 0
162377 0.00 0.00 0.00 0
162378 0.00 0.00 0.00 0
162379 0.00 0.00 0.00 0
162380 0.00 0.00 0.00 0
162381 0.00 0.00 0.00 0
162382 0.00 0.00 0.00 0
162383 0.00 0.00 0.00 0
162384 0.00 0.00 0.00 0
162816 0.00 0.00 0.00 0
162841 0.00 0.00 0.00 0
162842 0.00 0.00 0.00 0
162843 0.00 0.00 0.00 0
162847 0.00 0.00 0.00 0
162848 0.00 0.00 0.00 0
162853 0.00 0.00 0.00 0
162854 0.00 0.00 0.00 0
162855 0.00 0.00 0.00 0
162856 0.00 0.00 0.00 0
162857 0.00 0.00 0.00 0
162858 0.00 0.00 0.00 0
162859 0.00 0.00 0.00 0
162865 0.00 0.00 0.00 0
162871 0.00 0.00 0.00 0
162872 0.00 0.00 0.00 0
162873 0.00 0.00 0.00 0
162874 0.00 0.00 0.00 0
162875 0.00 0.00 0.00 0
162876 0.00 0.00 0.00 0
162877 0.00 0.00 0.00 0
162878 0.00 0.00 0.00 0
162879 0.00 0.00 0.00 0
162880 0.00 0.00 0.00 0
162881 0.00 0.00 0.00 0
162882 0.00 0.00 0.00 0
162883 0.00 0.00 0.00 0
162884 0.00 0.00 0.00 0
162885 0.00 0.00 0.00 0
162886 0.00 0.00 0.00 0
162887 0.00 0.00 0.00 0
162888 0.00 0.00 0.00 0
162889 0.00 0.00 0.00 0
162890 0.00 0.00 0.00 0
162891 0.00 0.00 0.00 0
162892 0.00 0.00 0.00 0
162893 0.00 0.00 0.00 0
162894 0.00 0.00 0.00 0
162895 0.00 0.00 0.00 0
162896 0.00 0.00 0.00 0
162897 0.00 0.00 0.00 0
162898 0.00 0.00 0.00 0
162899 0.00 0.00 0.00 0
162900 0.00 0.00 0.00 0
162901 0.00 0.00 0.00 0
162902 0.00 0.00 0.00 0
162903 0.00 0.00 0.00 0
162904 0.00 0.00 0.00 0
162905 0.00 0.00 0.00 0
162906 0.00 0.00 0.00 0
162907 0.00 0.00 0.00 0
162908 0.00 0.00 0.00 0
162909 0.00 0.00 0.00 0
162910 0.00 0.00 0.00 0
162911 0.00 0.00 0.00 0
162912 0.00 0.00 0.00 0
162913 0.00 0.00 0.00 0
162914 0.00 0.00 0.00 0
162915 0.00 0.00 0.00 0
162916 0.00 0.00 0.00 0
162917 0.00 0.00 0.00 0
162918 0.00 0.00 0.00 0
162919 0.00 0.00 0.00 0
162920 0.00 0.00 0.00 0
162921 0.00 0.00 0.00 0
162922 0.00 0.00 0.00 0
162923 0.00 0.00 0.00 0
162924 0.00 0.00 0.00 0
162925 0.00 0.00 0.00 0
162926 0.00 0.00 0.00 0
162927 0.00 0.00 0.00 0
162928 0.00 0.00 0.00 0
162929 0.00 0.00 0.00 0
162930 0.00 0.00 0.00 0
162931 0.00 0.00 0.00 0
162932 0.00 0.00 0.00 0
162933 0.00 0.00 0.00 0
162934 0.00 0.00 0.00 0
162935 0.00 0.00 0.00 0
162936 0.00 0.00 0.00 0
162937 0.00 0.00 0.00 0
162938 0.00 0.00 0.00 0
162939 0.00 0.00 0.00 0
162940 0.00 0.00 0.00 0
162941 0.00 0.00 0.00 0
162942 0.00 0.00 0.00 0
162943 0.00 0.00 0.00 0
162944 0.00 0.00 0.00 0
162945 0.00 0.00 0.00 0
162946 0.00 0.00 0.00 0
162947 0.00 0.00 0.00 0
162948 0.00 0.00 0.00 0
162949 0.00 0.00 0.00 0
162950 0.00 0.00 0.00 0
162951 0.00 0.00 0.00 0
162952 0.00 0.00 0.00 0
162953 0.00 0.00 0.00 0
162954 0.00 0.00 0.00 0
162955 0.00 0.00 0.00 0
162956 0.00 0.00 0.00 0
162957 0.00 0.00 0.00 0
162958 0.00 0.00 0.00 0
162959 0.00 0.00 0.00 0
162960 0.00 0.00 0.00 0
162961 0.00 0.00 0.00 0
162962 0.00 0.00 0.00 0
162963 0.00 0.00 0.00 0
162964 0.00 0.00 0.00 0
162965 0.00 0.00 0.00 0
162966 0.00 0.00 0.00 0
162967 0.00 0.00 0.00 0
162968 0.00 0.00 0.00 0
162969 0.00 0.00 0.00 0
162970 0.00 0.00 0.00 0
162971 0.00 0.00 0.00 0
162972 0.00 0.00 0.00 0
162973 0.00 0.00 0.00 0
162974 0.00 0.00 0.00 0
162975 0.00 0.00 0.00 0
162976 0.00 0.00 0.00 0
162977 0.00 0.00 0.00 0
162978 0.00 0.00 0.00 0
162987 0.00 0.00 0.00 0
162996 0.00 0.00 0.00 0
162997 0.00 0.00 0.00 0
162998 0.00 0.00 0.00 0
162999 0.00 0.00 0.00 0
163000 0.00 0.00 0.00 0
163001 0.00 0.00 0.00 0
163002 0.00 0.00 0.00 0
163003 0.00 0.00 0.00 0
163004 0.00 0.00 0.00 0
163005 0.00 0.00 0.00 0
163006 0.00 0.00 0.00 0
163007 0.00 0.00 0.00 0
163008 0.00 0.00 0.00 0
163009 0.00 0.00 0.00 0
163010 0.00 0.00 0.00 0
163011 0.00 0.00 0.00 0
163012 0.00 0.00 0.00 0
163013 0.00 0.00 0.00 0
163014 0.00 0.00 0.00 0
163015 0.00 0.00 0.00 0
163016 0.00 0.00 0.00 0
163017 0.00 0.00 0.00 0
163018 0.00 0.00 0.00 0
163019 0.00 0.00 0.00 0
163020 0.00 0.00 0.00 0
163021 0.00 0.00 0.00 0
163022 0.00 0.00 0.00 0
163023 0.00 0.00 0.00 0
163024 0.00 0.00 0.00 0
163025 0.00 0.00 0.00 0
163026 0.00 0.00 0.00 0
163027 0.00 0.00 0.00 0
163028 0.00 0.00 0.00 0
163029 0.00 0.00 0.00 0
163030 0.00 0.00 0.00 0
163031 0.00 0.00 0.00 0
163032 0.00 0.00 0.00 0
163033 0.00 0.00 0.00 0
163034 0.00 0.00 0.00 0
163035 0.00 0.00 0.00 0
163036 0.00 0.00 0.00 0
163037 0.00 0.00 0.00 0
163038 0.00 0.00 0.00 0
163039 0.00 0.00 0.00 0
163040 0.00 0.00 0.00 0
163041 0.00 0.00 0.00 0
163042 0.00 0.00 0.00 0
163043 0.00 0.00 0.00 0
163044 0.00 0.00 0.00 0
163045 0.00 0.00 0.00 0
163046 0.00 0.00 0.00 0
163047 0.00 0.00 0.00 0
163048 0.00 0.00 0.00 0
163049 0.00 0.00 0.00 0
163050 0.00 0.00 0.00 0
163051 0.00 0.00 0.00 0
163052 0.00 0.00 0.00 0
163053 0.00 0.00 0.00 0
163054 0.00 0.00 0.00 0
163055 0.00 0.00 0.00 0
163056 0.00 0.00 0.00 0
163057 0.00 0.00 0.00 0
163058 0.00 0.00 0.00 0
163059 0.00 0.00 0.00 0
163066 0.00 0.00 0.00 0
163067 0.00 0.00 0.00 0
163068 0.00 0.00 0.00 0
163075 0.00 0.00 0.00 0
163076 0.00 0.00 0.00 0
163077 0.00 0.00 0.00 0
163078 0.00 0.00 0.00 0
163079 0.00 0.00 0.00 0
163080 0.00 0.00 0.00 0
163081 0.00 0.00 0.00 0
163082 0.00 0.00 0.00 0
163083 0.00 0.00 0.00 0
163084 0.00 0.00 0.00 0
163085 0.00 0.00 0.00 0
163086 0.00 0.00 0.00 0
163087 0.00 0.00 0.00 0
163088 0.00 0.00 0.00 0
163089 0.00 0.00 0.00 0
163090 0.00 0.00 0.00 0
163091 0.00 0.00 0.00 0
163092 0.00 0.00 0.00 0
163093 0.00 0.00 0.00 0
163094 0.00 0.00 0.00 0
163095 0.00 0.00 0.00 0
163096 0.00 0.00 0.00 0
163097 0.00 0.00 0.00 0
163098 0.00 0.00 0.00 0
163099 0.00 0.00 0.00 0
163100 0.00 0.00 0.00 0
163101 0.00 0.00 0.00 0
163102 0.00 0.00 0.00 0
163103 0.00 0.00 0.00 0
163104 0.00 0.00 0.00 0
163105 0.00 0.00 0.00 0
163106 0.00 0.00 0.00 0
163107 0.00 0.00 0.00 0
163108 0.00 0.00 0.00 0
163109 0.00 0.00 0.00 0
163110 0.00 0.00 0.00 0
163111 0.00 0.00 0.00 0
163112 0.00 0.00 0.00 0
163113 0.00 0.00 0.00 0
163798 0.00 0.00 0.00 0
163799 0.00 0.00 0.00 0
163801 0.00 0.00 0.00 0
163825 0.00 0.00 0.00 0
163826 0.00 0.00 0.00 0
163827 0.00 0.00 0.00 0
163828 0.00 0.00 0.00 0
163829 0.00 0.00 0.00 0
163830 0.00 0.00 0.00 0
163831 0.00 0.00 0.00 0
163832 0.00 0.00 0.00 0
163833 0.00 0.00 0.00 0
163834 0.00 0.00 0.00 0
163835 0.00 0.00 0.00 0
163836 0.00 0.00 0.00 0
163837 0.00 0.00 0.00 0
163838 0.00 0.00 0.00 0
163839 0.00 0.00 0.00 0
163840 0.00 0.00 0.00 0
163841 0.00 0.00 0.00 0
