# S_oc_sup_and_transversal
1325
32 0.00 0.00 0.00 0
304 0.00 0.00 0.00 0
306 0.00 0.00 0.00 0
565 0.00 0.00 0.00 0
782 0.00 0.00 0.00 0
783 0.00 0.00 0.00 0
784 0.00 0.00 0.00 0
785 0.00 0.00 0.00 0
786 0.00 0.00 0.00 0
1251 0.00 0.00 0.00 0
1252 0.00 0.00 0.00 0
1253 0.00 0.00 0.00 0
1703 0.00 0.00 0.00 0
1934 0.00 0.00 0.00 0
1935 0.00 0.00 0.00 0
2326 0.00 0.00 0.00 0
2334 0.00 0.00 0.00 0
2335 0.00 0.00 0.00 0
2336 0.00 0.00 0.00 0
2337 0.00 0.00 0.00 0
2702 0.00 0.00 0.00 0
2703 0.00 0.00 0.00 0
2704 0.00 0.00 0.00 0
2705 0.00 0.00 0.00 0
2706 0.00 0.00 0.00 0
3790 0.00 0.00 0.00 0
3797 0.00 0.00 0.00 0
3798 0.00 0.00 0.00 0
3799 0.00 0.00 0.00 0
3801 0.00 0.00 0.00 0
4248 0.00 0.00 0.00 0
4249 0.00 0.00 0.00 0
4250 0.00 0.00 0.00 0
4251 0.00 0.00 0.00 0
5173 0.00 0.00 0.00 0
5174 0.00 0.00 0.00 0
5193 0.00 0.00 0.00 0
5194 0.00 0.00 0.00 0
5195 0.00 0.00 0.00 0
5196 0.00 0.00 0.00 0
5197 0.00 0.00 0.00 0
5198 0.00 0.00 0.00 0
5199 0.00 0.00 0.00 0
5200 0.00 0.00 0.00 0
5201 0.00 0.00 0.00 0
5202 0.00 0.00 0.00 0
5203 0.00 0.00 0.00 0
6016 0.00 0.00 0.00 0
6018 0.00 0.00 0.00 0
6019 0.00 0.00 0.00 0
6020 0.00 0.00 0.00 0
6021 0.00 0.00 0.00 0
6022 0.00 0.00 0.00 0
6023 0.00 0.00 0.00 0
6024 0.00 0.00 0.00 0
6859 0.00 0.00 0.00 0
6860 0.00 0.00 0.00 0
6861 0.00 0.00 0.00 0
6862 0.00 0.00 0.00 0
6863 0.00 0.00 0.00 0
6864 0.00 0.00 0.00 0
7813 0.00 0.00 0.00 0
7814 0.00 0.00 0.00 0
8404 0.00 0.00 0.00 0
8405 0.00 0.00 0.00 0
8406 0.00 0.00 0.00 0
8407 0.00 0.00 0.00 0
8408 0.00 0.00 0.00 0
8409 0.00 0.00 0.00 0
9536 0.00 0.00 0.00 0
9537 0.00 0.00 0.00 0
9538 0.00 0.00 0.00 0
9559 0.00 0.00 0.00 0
9560 0.00 0.00 0.00 0
9561 0.00 0.00 0.00 0
9562 0.00 0.00 0.00 0
9563 0.00 0.00 0.00 0
9564 0.00 0.00 0.00 0
9565 0.00 0.00 0.00 0
9566 0.00 0.00 0.00 0
9567 0.00 0.00 0.00 0
9568 0.00 0.00 0.00 0
9569 0.00 0.00 0.00 0
9570 0.00 0.00 0.00 0
9571 0.00 0.00 0.00 0
9572 0.00 0.00 0.00 0
10382 0.00 0.00 0.00 0
10383 0.00 0.00 0.00 0
10384 0.00 0.00 0.00 0
10385 0.00 0.00 0.00 0
10386 0.00 0.00 0.00 0
11470 0.00 0.00 0.00 0
11477 0.00 0.00 0.00 0
11478 0.00 0.00 0.00 0
11479 0.00 0.00 0.00 0
11480 0.00 0.00 0.00 0
11481 0.00 0.00 0.00 0
11930 0.00 0.00 0.00 0
12854 0.00 0.00 0.00 0
12873 0.00 0.00 0.00 0
12874 0.00 0.00 0.00 0
12875 0.00 0.00 0.00 0
12876 0.00 0.00 0.00 0
12877 0.00 0.00 0.00 0
12878 0.00 0.00 0.00 0
12879 0.00 0.00 0.00 0
12881 0.00 0.00 0.00 0
13867 0.00 0.00 0.00 0
13868 0.00 0.00 0.00 0
13869 0.00 0.00 0.00 0
13870 0.00 0.00 0.00 0
13871 0.00 0.00 0.00 0
13872 0.00 0.00 0.00 0
13873 0.00 0.00 0.00 0
13874 0.00 0.00 0.00 0
13875 0.00 0.00 0.00 0
13876 0.00 0.00 0.00 0
13877 0.00 0.00 0.00 0
13878 0.00 0.00 0.00 0
13879 0.00 0.00 0.00 0
13880 0.00 0.00 0.00 0
13881 0.00 0.00 0.00 0
15275 0.00 0.00 0.00 0
15276 0.00 0.00 0.00 0
15277 0.00 0.00 0.00 0
15278 0.00 0.00 0.00 0
15279 0.00 0.00 0.00 0
17130 0.00 0.00 0.00 0
17152 0.00 0.00 0.00 0
17153 0.00 0.00 0.00 0
17154 0.00 0.00 0.00 0
17155 0.00 0.00 0.00 0
17156 0.00 0.00 0.00 0
17157 0.00 0.00 0.00 0
18504 0.00 0.00 0.00 0
18505 0.00 0.00 0.00 0
18506 0.00 0.00 0.00 0
18507 0.00 0.00 0.00 0
18508 0.00 0.00 0.00 0
18509 0.00 0.00 0.00 0
18510 0.00 0.00 0.00 0
18511 0.00 0.00 0.00 0
18512 0.00 0.00 0.00 0
18513 0.00 0.00 0.00 0
18514 0.00 0.00 0.00 0
18515 0.00 0.00 0.00 0
18516 0.00 0.00 0.00 0
21280 0.00 0.00 0.00 0
21281 0.00 0.00 0.00 0
21282 0.00 0.00 0.00 0
21283 0.00 0.00 0.00 0
21284 0.00 0.00 0.00 0
21338 0.00 0.00 0.00 0
21339 0.00 0.00 0.00 0
21340 0.00 0.00 0.00 0
21341 0.00 0.00 0.00 0
21342 0.00 0.00 0.00 0
21343 0.00 0.00 0.00 0
21344 0.00 0.00 0.00 0
21345 0.00 0.00 0.00 0
21346 0.00 0.00 0.00 0
21347 0.00 0.00 0.00 0
21348 0.00 0.00 0.00 0
21349 0.00 0.00 0.00 0
21350 0.00 0.00 0.00 0
21351 0.00 0.00 0.00 0
21352 0.00 0.00 0.00 0
21353 0.00 0.00 0.00 0
21354 0.00 0.00 0.00 0
21355 0.00 0.00 0.00 0
21356 0.00 0.00 0.00 0
21357 0.00 0.00 0.00 0
21358 0.00 0.00 0.00 0
21359 0.00 0.00 0.00 0
21360 0.00 0.00 0.00 0
21361 0.00 0.00 0.00 0
21362 0.00 0.00 0.00 0
21363 0.00 0.00 0.00 0
21364 0.00 0.00 0.00 0
21365 0.00 0.00 0.00 0
21366 0.00 0.00 0.00 0
21367 0.00 0.00 0.00 0
21368 0.00 0.00 0.00 0
21369 0.00 0.00 0.00 0
23296 0.00 0.00 0.00 0
23297 0.00 0.00 0.00 0
23298 0.00 0.00 0.00 0
23299 0.00 0.00 0.00 0
23300 0.00 0.00 0.00 0
23301 0.00 0.00 0.00 0
23302 0.00 0.00 0.00 0
23303 0.00 0.00 0.00 0
23304 0.00 0.00 0.00 0
25254 0.00 0.00 0.00 0
25256 0.00 0.00 0.00 0
25267 0.00 0.00 0.00 0
25268 0.00 0.00 0.00 0
25269 0.00 0.00 0.00 0
25270 0.00 0.00 0.00 0
25271 0.00 0.00 0.00 0
25272 0.00 0.00 0.00 0
25273 0.00 0.00 0.00 0
25274 0.00 0.00 0.00 0
25275 0.00 0.00 0.00 0
26078 0.00 0.00 0.00 0
26080 0.00 0.00 0.00 0
26081 0.00 0.00 0.00 0
26082 0.00 0.00 0.00 0
26083 0.00 0.00 0.00 0
26084 0.00 0.00 0.00 0
26085 0.00 0.00 0.00 0
27745 0.00 0.00 0.00 0
27746 0.00 0.00 0.00 0
27779 0.00 0.00 0.00 0
27780 0.00 0.00 0.00 0
27781 0.00 0.00 0.00 0
27782 0.00 0.00 0.00 0
27783 0.00 0.00 0.00 0
27784 0.00 0.00 0.00 0
27785 0.00 0.00 0.00 0
27786 0.00 0.00 0.00 0
27787 0.00 0.00 0.00 0
27788 0.00 0.00 0.00 0
27789 0.00 0.00 0.00 0
27790 0.00 0.00 0.00 0
27791 0.00 0.00 0.00 0
27792 0.00 0.00 0.00 0
27793 0.00 0.00 0.00 0
27794 0.00 0.00 0.00 0
27795 0.00 0.00 0.00 0
27796 0.00 0.00 0.00 0
27797 0.00 0.00 0.00 0
27798 0.00 0.00 0.00 0
29400 0.00 0.00 0.00 0
29401 0.00 0.00 0.00 0
29402 0.00 0.00 0.00 0
29403 0.00 0.00 0.00 0
29404 0.00 0.00 0.00 0
29405 0.00 0.00 0.00 0
29406 0.00 0.00 0.00 0
29407 0.00 0.00 0.00 0
29408 0.00 0.00 0.00 0
29409 0.00 0.00 0.00 0
29410 0.00 0.00 0.00 0
29411 0.00 0.00 0.00 0
29412 0.00 0.00 0.00 0
29413 0.00 0.00 0.00 0
29414 0.00 0.00 0.00 0
29415 0.00 0.00 0.00 0
29416 0.00 0.00 0.00 0
29417 0.00 0.00 0.00 0
29418 0.00 0.00 0.00 0
31363 0.00 0.00 0.00 0
31365 0.00 0.00 0.00 0
31366 0.00 0.00 0.00 0
31368 0.00 0.00 0.00 0
31369 0.00 0.00 0.00 0
31370 0.00 0.00 0.00 0
31371 0.00 0.00 0.00 0
31372 0.00 0.00 0.00 0
31373 0.00 0.00 0.00 0
31374 0.00 0.00 0.00 0
31375 0.00 0.00 0.00 0
31376 0.00 0.00 0.00 0
31378 0.00 0.00 0.00 0
31379 0.00 0.00 0.00 0
33823 0.00 0.00 0.00 0
33824 0.00 0.00 0.00 0
33826 0.00 0.00 0.00 0
33827 0.00 0.00 0.00 0
35497 0.00 0.00 0.00 0
35498 0.00 0.00 0.00 0
35503 0.00 0.00 0.00 0
35504 0.00 0.00 0.00 0
35505 0.00 0.00 0.00 0
35506 0.00 0.00 0.00 0
35507 0.00 0.00 0.00 0
35508 0.00 0.00 0.00 0
35509 0.00 0.00 0.00 0
35510 0.00 0.00 0.00 0
35511 0.00 0.00 0.00 0
38847 0.00 0.00 0.00 0
38848 0.00 0.00 0.00 0
38849 0.00 0.00 0.00 0
38850 0.00 0.00 0.00 0
38851 0.00 0.00 0.00 0
38852 0.00 0.00 0.00 0
38853 0.00 0.00 0.00 0
38854 0.00 0.00 0.00 0
38917 0.00 0.00 0.00 0
38918 0.00 0.00 0.00 0
38919 0.00 0.00 0.00 0
38920 0.00 0.00 0.00 0
38921 0.00 0.00 0.00 0
38922 0.00 0.00 0.00 0
38923 0.00 0.00 0.00 0
38924 0.00 0.00 0.00 0
38925 0.00 0.00 0.00 0
38926 0.00 0.00 0.00 0
38927 0.00 0.00 0.00 0
38928 0.00 0.00 0.00 0
38929 0.00 0.00 0.00 0
38930 0.00 0.00 0.00 0
38931 0.00 0.00 0.00 0
38932 0.00 0.00 0.00 0
38933 0.00 0.00 0.00 0
38934 0.00 0.00 0.00 0
38935 0.00 0.00 0.00 0
38936 0.00 0.00 0.00 0
38937 0.00 0.00 0.00 0
38938 0.00 0.00 0.00 0
38939 0.00 0.00 0.00 0
38940 0.00 0.00 0.00 0
38941 0.00 0.00 0.00 0
38942 0.00 0.00 0.00 0
38943 0.00 0.00 0.00 0
38944 0.00 0.00 0.00 0
38945 0.00 0.00 0.00 0
38946 0.00 0.00 0.00 0
38947 0.00 0.00 0.00 0
38948 0.00 0.00 0.00 0
38949 0.00 0.00 0.00 0
38950 0.00 0.00 0.00 0
38951 0.00 0.00 0.00 0
38952 0.00 0.00 0.00 0
38953 0.00 0.00 0.00 0
38954 0.00 0.00 0.00 0
38955 0.00 0.00 0.00 0
38956 0.00 0.00 0.00 0
38957 0.00 0.00 0.00 0
41102 0.00 0.00 0.00 0
41103 0.00 0.00 0.00 0
41104 0.00 0.00 0.00 0
41105 0.00 0.00 0.00 0
41106 0.00 0.00 0.00 0
42190 0.00 0.00 0.00 0
42196 0.00 0.00 0.00 0
42197 0.00 0.00 0.00 0
42198 0.00 0.00 0.00 0
42199 0.00 0.00 0.00 0
42200 0.00 0.00 0.00 0
42201 0.00 0.00 0.00 0
43593 0.00 0.00 0.00 0
43594 0.00 0.00 0.00 0
43595 0.00 0.00 0.00 0
43596 0.00 0.00 0.00 0
43597 0.00 0.00 0.00 0
43598 0.00 0.00 0.00 0
43599 0.00 0.00 0.00 0
44587 0.00 0.00 0.00 0
44588 0.00 0.00 0.00 0
44589 0.00 0.00 0.00 0
44590 0.00 0.00 0.00 0
44591 0.00 0.00 0.00 0
44592 0.00 0.00 0.00 0
44593 0.00 0.00 0.00 0
44594 0.00 0.00 0.00 0
44595 0.00 0.00 0.00 0
44596 0.00 0.00 0.00 0
44597 0.00 0.00 0.00 0
44598 0.00 0.00 0.00 0
44599 0.00 0.00 0.00 0
44600 0.00 0.00 0.00 0
44601 0.00 0.00 0.00 0
45995 0.00 0.00 0.00 0
45996 0.00 0.00 0.00 0
45997 0.00 0.00 0.00 0
45998 0.00 0.00 0.00 0
45999 0.00 0.00 0.00 0
47850 0.00 0.00 0.00 0
47872 0.00 0.00 0.00 0
47873 0.00 0.00 0.00 0
47874 0.00 0.00 0.00 0
47875 0.00 0.00 0.00 0
47876 0.00 0.00 0.00 0
47877 0.00 0.00 0.00 0
47879 0.00 0.00 0.00 0
47881 0.00 0.00 0.00 0
49225 0.00 0.00 0.00 0
49226 0.00 0.00 0.00 0
49227 0.00 0.00 0.00 0
49228 0.00 0.00 0.00 0
49229 0.00 0.00 0.00 0
49230 0.00 0.00 0.00 0
49231 0.00 0.00 0.00 0
49232 0.00 0.00 0.00 0
49233 0.00 0.00 0.00 0
49234 0.00 0.00 0.00 0
49235 0.00 0.00 0.00 0
49236 0.00 0.00 0.00 0
52000 0.00 0.00 0.00 0
52001 0.00 0.00 0.00 0
52002 0.00 0.00 0.00 0
52003 0.00 0.00 0.00 0
52004 0.00 0.00 0.00 0
52058 0.00 0.00 0.00 0
52059 0.00 0.00 0.00 0
52060 0.00 0.00 0.00 0
52061 0.00 0.00 0.00 0
52062 0.00 0.00 0.00 0
52063 0.00 0.00 0.00 0
52064 0.00 0.00 0.00 0
52065 0.00 0.00 0.00 0
52066 0.00 0.00 0.00 0
52067 0.00 0.00 0.00 0
52068 0.00 0.00 0.00 0
52069 0.00 0.00 0.00 0
52070 0.00 0.00 0.00 0
52071 0.00 0.00 0.00 0
52072 0.00 0.00 0.00 0
52073 0.00 0.00 0.00 0
52074 0.00 0.00 0.00 0
52075 0.00 0.00 0.00 0
52076 0.00 0.00 0.00 0
52077 0.00 0.00 0.00 0
52078 0.00 0.00 0.00 0
52079 0.00 0.00 0.00 0
52080 0.00 0.00 0.00 0
52081 0.00 0.00 0.00 0
52082 0.00 0.00 0.00 0
52083 0.00 0.00 0.00 0
52084 0.00 0.00 0.00 0
52085 0.00 0.00 0.00 0
52086 0.00 0.00 0.00 0
52087 0.00 0.00 0.00 0
52088 0.00 0.00 0.00 0
52089 0.00 0.00 0.00 0
54187 0.00 0.00 0.00 0
54188 0.00 0.00 0.00 0
54189 0.00 0.00 0.00 0
54190 0.00 0.00 0.00 0
54191 0.00 0.00 0.00 0
54192 0.00 0.00 0.00 0
54193 0.00 0.00 0.00 0
54194 0.00 0.00 0.00 0
54195 0.00 0.00 0.00 0
54196 0.00 0.00 0.00 0
54197 0.00 0.00 0.00 0
54198 0.00 0.00 0.00 0
54199 0.00 0.00 0.00 0
54200 0.00 0.00 0.00 0
54201 0.00 0.00 0.00 0
57450 0.00 0.00 0.00 0
57451 0.00 0.00 0.00 0
57452 0.00 0.00 0.00 0
57472 0.00 0.00 0.00 0
57473 0.00 0.00 0.00 0
57474 0.00 0.00 0.00 0
57475 0.00 0.00 0.00 0
57476 0.00 0.00 0.00 0
57477 0.00 0.00 0.00 0
57478 0.00 0.00 0.00 0
57479 0.00 0.00 0.00 0
57480 0.00 0.00 0.00 0
57481 0.00 0.00 0.00 0
57482 0.00 0.00 0.00 0
57483 0.00 0.00 0.00 0
57484 0.00 0.00 0.00 0
57485 0.00 0.00 0.00 0
57486 0.00 0.00 0.00 0
58827 0.00 0.00 0.00 0
58828 0.00 0.00 0.00 0
58829 0.00 0.00 0.00 0
58830 0.00 0.00 0.00 0
58831 0.00 0.00 0.00 0
58832 0.00 0.00 0.00 0
58833 0.00 0.00 0.00 0
58834 0.00 0.00 0.00 0
58835 0.00 0.00 0.00 0
58836 0.00 0.00 0.00 0
61602 0.00 0.00 0.00 0
61603 0.00 0.00 0.00 0
61604 0.00 0.00 0.00 0
61658 0.00 0.00 0.00 0
61659 0.00 0.00 0.00 0
61660 0.00 0.00 0.00 0
61661 0.00 0.00 0.00 0
61662 0.00 0.00 0.00 0
61663 0.00 0.00 0.00 0
61664 0.00 0.00 0.00 0
61665 0.00 0.00 0.00 0
61666 0.00 0.00 0.00 0
61667 0.00 0.00 0.00 0
61668 0.00 0.00 0.00 0
61669 0.00 0.00 0.00 0
61670 0.00 0.00 0.00 0
61671 0.00 0.00 0.00 0
61672 0.00 0.00 0.00 0
61673 0.00 0.00 0.00 0
61674 0.00 0.00 0.00 0
61675 0.00 0.00 0.00 0
61676 0.00 0.00 0.00 0
61677 0.00 0.00 0.00 0
61678 0.00 0.00 0.00 0
61679 0.00 0.00 0.00 0
61680 0.00 0.00 0.00 0
61681 0.00 0.00 0.00 0
61682 0.00 0.00 0.00 0
61683 0.00 0.00 0.00 0
61684 0.00 0.00 0.00 0
61685 0.00 0.00 0.00 0
61686 0.00 0.00 0.00 0
61687 0.00 0.00 0.00 0
61688 0.00 0.00 0.00 0
61689 0.00 0.00 0.00 0
64642 0.00 0.00 0.00 0
64644 0.00 0.00 0.00 0
64645 0.00 0.00 0.00 0
64646 0.00 0.00 0.00 0
64647 0.00 0.00 0.00 0
64648 0.00 0.00 0.00 0
64649 0.00 0.00 0.00 0
64650 0.00 0.00 0.00 0
64651 0.00 0.00 0.00 0
64652 0.00 0.00 0.00 0
64653 0.00 0.00 0.00 0
64654 0.00 0.00 0.00 0
64655 0.00 0.00 0.00 0
64656 0.00 0.00 0.00 0
64657 0.00 0.00 0.00 0
64658 0.00 0.00 0.00 0
64659 0.00 0.00 0.00 0
64660 0.00 0.00 0.00 0
64661 0.00 0.00 0.00 0
64662 0.00 0.00 0.00 0
64663 0.00 0.00 0.00 0
64664 0.00 0.00 0.00 0
64665 0.00 0.00 0.00 0
64666 0.00 0.00 0.00 0
64667 0.00 0.00 0.00 0
64668 0.00 0.00 0.00 0
64669 0.00 0.00 0.00 0
64670 0.00 0.00 0.00 0
64671 0.00 0.00 0.00 0
64672 0.00 0.00 0.00 0
64673 0.00 0.00 0.00 0
64674 0.00 0.00 0.00 0
64675 0.00 0.00 0.00 0
64676 0.00 0.00 0.00 0
64677 0.00 0.00 0.00 0
64678 0.00 0.00 0.00 0
64679 0.00 0.00 0.00 0
64680 0.00 0.00 0.00 0
64681 0.00 0.00 0.00 0
64682 0.00 0.00 0.00 0
64683 0.00 0.00 0.00 0
64684 0.00 0.00 0.00 0
64685 0.00 0.00 0.00 0
64686 0.00 0.00 0.00 0
68853 0.00 0.00 0.00 0
68854 0.00 0.00 0.00 0
68855 0.00 0.00 0.00 0
68856 0.00 0.00 0.00 0
68857 0.00 0.00 0.00 0
68861 0.00 0.00 0.00 0
68862 0.00 0.00 0.00 0
68863 0.00 0.00 0.00 0
68864 0.00 0.00 0.00 0
68865 0.00 0.00 0.00 0
68866 0.00 0.00 0.00 0
68867 0.00 0.00 0.00 0
68868 0.00 0.00 0.00 0
68869 0.00 0.00 0.00 0
68870 0.00 0.00 0.00 0
68871 0.00 0.00 0.00 0
68872 0.00 0.00 0.00 0
68873 0.00 0.00 0.00 0
68874 0.00 0.00 0.00 0
68875 0.00 0.00 0.00 0
68876 0.00 0.00 0.00 0
68877 0.00 0.00 0.00 0
68878 0.00 0.00 0.00 0
68879 0.00 0.00 0.00 0
68884 0.00 0.00 0.00 0
68885 0.00 0.00 0.00 0
68886 0.00 0.00 0.00 0
68887 0.00 0.00 0.00 0
68888 0.00 0.00 0.00 0
74497 0.00 0.00 0.00 0
74498 0.00 0.00 0.00 0
74499 0.00 0.00 0.00 0
74500 0.00 0.00 0.00 0
74501 0.00 0.00 0.00 0
74502 0.00 0.00 0.00 0
74503 0.00 0.00 0.00 0
74504 0.00 0.00 0.00 0
74505 0.00 0.00 0.00 0
74506 0.00 0.00 0.00 0
74507 0.00 0.00 0.00 0
74508 0.00 0.00 0.00 0
74509 0.00 0.00 0.00 0
74510 0.00 0.00 0.00 0
74511 0.00 0.00 0.00 0
74527 0.00 0.00 0.00 0
78550 0.00 0.00 0.00 0
78555 0.00 0.00 0.00 0
78556 0.00 0.00 0.00 0
78557 0.00 0.00 0.00 0
78558 0.00 0.00 0.00 0
78559 0.00 0.00 0.00 0
78560 0.00 0.00 0.00 0
78561 0.00 0.00 0.00 0
78562 0.00 0.00 0.00 0
78564 0.00 0.00 0.00 0
78565 0.00 0.00 0.00 0
78566 0.00 0.00 0.00 0
78567 0.00 0.00 0.00 0
78569 0.00 0.00 0.00 0
78570 0.00 0.00 0.00 0
78571 0.00 0.00 0.00 0
78572 0.00 0.00 0.00 0
78573 0.00 0.00 0.00 0
78574 0.00 0.00 0.00 0
78575 0.00 0.00 0.00 0
78576 0.00 0.00 0.00 0
78577 0.00 0.00 0.00 0
78578 0.00 0.00 0.00 0
78579 0.00 0.00 0.00 0
78580 0.00 0.00 0.00 0
78581 0.00 0.00 0.00 0
78582 0.00 0.00 0.00 0
78583 0.00 0.00 0.00 0
78584 0.00 0.00 0.00 0
78585 0.00 0.00 0.00 0
78586 0.00 0.00 0.00 0
78587 0.00 0.00 0.00 0
78588 0.00 0.00 0.00 0
78589 0.00 0.00 0.00 0
78590 0.00 0.00 0.00 0
78591 0.00 0.00 0.00 0
86875 0.00 0.00 0.00 0
86877 0.00 0.00 0.00 0
86878 0.00 0.00 0.00 0
86879 0.00 0.00 0.00 0
86882 0.00 0.00 0.00 0
86883 0.00 0.00 0.00 0
86884 0.00 0.00 0.00 0
86885 0.00 0.00 0.00 0
86886 0.00 0.00 0.00 0
86887 0.00 0.00 0.00 0
86888 0.00 0.00 0.00 0
86889 0.00 0.00 0.00 0
86890 0.00 0.00 0.00 0
86891 0.00 0.00 0.00 0
86892 0.00 0.00 0.00 0
86893 0.00 0.00 0.00 0
86894 0.00 0.00 0.00 0
87052 0.00 0.00 0.00 0
87053 0.00 0.00 0.00 0
87054 0.00 0.00 0.00 0
87055 0.00 0.00 0.00 0
87056 0.00 0.00 0.00 0
87057 0.00 0.00 0.00 0
87058 0.00 0.00 0.00 0
87059 0.00 0.00 0.00 0
87060 0.00 0.00 0.00 0
87061 0.00 0.00 0.00 0
87062 0.00 0.00 0.00 0
87063 0.00 0.00 0.00 0
87064 0.00 0.00 0.00 0
87065 0.00 0.00 0.00 0
87066 0.00 0.00 0.00 0
87067 0.00 0.00 0.00 0
87068 0.00 0.00 0.00 0
87069 0.00 0.00 0.00 0
87070 0.00 0.00 0.00 0
87071 0.00 0.00 0.00 0
87072 0.00 0.00 0.00 0
87073 0.00 0.00 0.00 0
87074 0.00 0.00 0.00 0
87075 0.00 0.00 0.00 0
87076 0.00 0.00 0.00 0
87077 0.00 0.00 0.00 0
87078 0.00 0.00 0.00 0
87079 0.00 0.00 0.00 0
87080 0.00 0.00 0.00 0
87081 0.00 0.00 0.00 0
87082 0.00 0.00 0.00 0
87083 0.00 0.00 0.00 0
87084 0.00 0.00 0.00 0
87085 0.00 0.00 0.00 0
87086 0.00 0.00 0.00 0
87087 0.00 0.00 0.00 0
87088 0.00 0.00 0.00 0
87089 0.00 0.00 0.00 0
87090 0.00 0.00 0.00 0
87091 0.00 0.00 0.00 0
87092 0.00 0.00 0.00 0
87093 0.00 0.00 0.00 0
87094 0.00 0.00 0.00 0
87095 0.00 0.00 0.00 0
87096 0.00 0.00 0.00 0
87097 0.00 0.00 0.00 0
87098 0.00 0.00 0.00 0
87099 0.00 0.00 0.00 0
87100 0.00 0.00 0.00 0
87101 0.00 0.00 0.00 0
87102 0.00 0.00 0.00 0
87103 0.00 0.00 0.00 0
87104 0.00 0.00 0.00 0
87105 0.00 0.00 0.00 0
87106 0.00 0.00 0.00 0
87107 0.00 0.00 0.00 0
87108 0.00 0.00 0.00 0
87109 0.00 0.00 0.00 0
87110 0.00 0.00 0.00 0
87111 0.00 0.00 0.00 0
87112 0.00 0.00 0.00 0
87113 0.00 0.00 0.00 0
87114 0.00 0.00 0.00 0
87115 0.00 0.00 0.00 0
87116 0.00 0.00 0.00 0
87117 0.00 0.00 0.00 0
87118 0.00 0.00 0.00 0
87119 0.00 0.00 0.00 0
87120 0.00 0.00 0.00 0
87121 0.00 0.00 0.00 0
87122 0.00 0.00 0.00 0
87123 0.00 0.00 0.00 0
87124 0.00 0.00 0.00 0
87125 0.00 0.00 0.00 0
87126 0.00 0.00 0.00 0
87127 0.00 0.00 0.00 0
87128 0.00 0.00 0.00 0
87129 0.00 0.00 0.00 0
87130 0.00 0.00 0.00 0
87131 0.00 0.00 0.00 0
87132 0.00 0.00 0.00 0
87133 0.00 0.00 0.00 0
87134 0.00 0.00 0.00 0
87135 0.00 0.00 0.00 0
87136 0.00 0.00 0.00 0
87137 0.00 0.00 0.00 0
87138 0.00 0.00 0.00 0
87139 0.00 0.00 0.00 0
87140 0.00 0.00 0.00 0
87141 0.00 0.00 0.00 0
87142 0.00 0.00 0.00 0
87143 0.00 0.00 0.00 0
87144 0.00 0.00 0.00 0
87145 0.00 0.00 0.00 0
87146 0.00 0.00 0.00 0
87147 0.00 0.00 0.00 0
87148 0.00 0.00 0.00 0
87149 0.00 0.00 0.00 0
87150 0.00 0.00 0.00 0
87151 0.00 0.00 0.00 0
87152 0.00 0.00 0.00 0
92416 0.00 0.00 0.00 0
92417 0.00 0.00 0.00 0
92418 0.00 0.00 0.00 0
92419 0.00 0.00 0.00 0
92420 0.00 0.00 0.00 0
92421 0.00 0.00 0.00 0
92422 0.00 0.00 0.00 0
92423 0.00 0.00 0.00 0
92424 0.00 0.00 0.00 0
94374 0.00 0.00 0.00 0
94375 0.00 0.00 0.00 0
94376 0.00 0.00 0.00 0
94387 0.00 0.00 0.00 0
94388 0.00 0.00 0.00 0
94389 0.00 0.00 0.00 0
94390 0.00 0.00 0.00 0
94391 0.00 0.00 0.00 0
94392 0.00 0.00 0.00 0
94393 0.00 0.00 0.00 0
94394 0.00 0.00 0.00 0
94395 0.00 0.00 0.00 0
95202 0.00 0.00 0.00 0
96866 0.00 0.00 0.00 0
96899 0.00 0.00 0.00 0
96900 0.00 0.00 0.00 0
96901 0.00 0.00 0.00 0
96902 0.00 0.00 0.00 0
96903 0.00 0.00 0.00 0
96904 0.00 0.00 0.00 0
96905 0.00 0.00 0.00 0
96906 0.00 0.00 0.00 0
96907 0.00 0.00 0.00 0
96908 0.00 0.00 0.00 0
96909 0.00 0.00 0.00 0
96910 0.00 0.00 0.00 0
96911 0.00 0.00 0.00 0
96912 0.00 0.00 0.00 0
96913 0.00 0.00 0.00 0
96914 0.00 0.00 0.00 0
96915 0.00 0.00 0.00 0
96916 0.00 0.00 0.00 0
96917 0.00 0.00 0.00 0
98689 0.00 0.00 0.00 0
98690 0.00 0.00 0.00 0
98691 0.00 0.00 0.00 0
98692 0.00 0.00 0.00 0
98693 0.00 0.00 0.00 0
98694 0.00 0.00 0.00 0
98695 0.00 0.00 0.00 0
98696 0.00 0.00 0.00 0
98697 0.00 0.00 0.00 0
98698 0.00 0.00 0.00 0
98699 0.00 0.00 0.00 0
98700 0.00 0.00 0.00 0
98701 0.00 0.00 0.00 0
98702 0.00 0.00 0.00 0
98703 0.00 0.00 0.00 0
98704 0.00 0.00 0.00 0
98705 0.00 0.00 0.00 0
98706 0.00 0.00 0.00 0
98707 0.00 0.00 0.00 0
98708 0.00 0.00 0.00 0
98709 0.00 0.00 0.00 0
98710 0.00 0.00 0.00 0
98711 0.00 0.00 0.00 0
98712 0.00 0.00 0.00 0
98713 0.00 0.00 0.00 0
98714 0.00 0.00 0.00 0
98715 0.00 0.00 0.00 0
101218 0.00 0.00 0.00 0
101223 0.00 0.00 0.00 0
101224 0.00 0.00 0.00 0
101225 0.00 0.00 0.00 0
101226 0.00 0.00 0.00 0
101227 0.00 0.00 0.00 0
101228 0.00 0.00 0.00 0
101229 0.00 0.00 0.00 0
101230 0.00 0.00 0.00 0
101231 0.00 0.00 0.00 0
104562 0.00 0.00 0.00 0
104602 0.00 0.00 0.00 0
104603 0.00 0.00 0.00 0
104604 0.00 0.00 0.00 0
104605 0.00 0.00 0.00 0
104606 0.00 0.00 0.00 0
104607 0.00 0.00 0.00 0
104608 0.00 0.00 0.00 0
104609 0.00 0.00 0.00 0
104610 0.00 0.00 0.00 0
104611 0.00 0.00 0.00 0
107035 0.00 0.00 0.00 0
107036 0.00 0.00 0.00 0
107037 0.00 0.00 0.00 0
107038 0.00 0.00 0.00 0
107039 0.00 0.00 0.00 0
107040 0.00 0.00 0.00 0
107041 0.00 0.00 0.00 0
107042 0.00 0.00 0.00 0
107043 0.00 0.00 0.00 0
107044 0.00 0.00 0.00 0
107045 0.00 0.00 0.00 0
107046 0.00 0.00 0.00 0
107047 0.00 0.00 0.00 0
107048 0.00 0.00 0.00 0
107049 0.00 0.00 0.00 0
107050 0.00 0.00 0.00 0
107051 0.00 0.00 0.00 0
107052 0.00 0.00 0.00 0
107053 0.00 0.00 0.00 0
107054 0.00 0.00 0.00 0
107055 0.00 0.00 0.00 0
107056 0.00 0.00 0.00 0
107057 0.00 0.00 0.00 0
107058 0.00 0.00 0.00 0
112031 0.00 0.00 0.00 0
112032 0.00 0.00 0.00 0
112033 0.00 0.00 0.00 0
112034 0.00 0.00 0.00 0
112035 0.00 0.00 0.00 0
112036 0.00 0.00 0.00 0
112037 0.00 0.00 0.00 0
112038 0.00 0.00 0.00 0
112039 0.00 0.00 0.00 0
112040 0.00 0.00 0.00 0
112135 0.00 0.00 0.00 0
112136 0.00 0.00 0.00 0
112137 0.00 0.00 0.00 0
112138 0.00 0.00 0.00 0
112139 0.00 0.00 0.00 0
112140 0.00 0.00 0.00 0
112141 0.00 0.00 0.00 0
112142 0.00 0.00 0.00 0
112143 0.00 0.00 0.00 0
112144 0.00 0.00 0.00 0
112145 0.00 0.00 0.00 0
112146 0.00 0.00 0.00 0
112147 0.00 0.00 0.00 0
112148 0.00 0.00 0.00 0
112149 0.00 0.00 0.00 0
112150 0.00 0.00 0.00 0
112151 0.00 0.00 0.00 0
112152 0.00 0.00 0.00 0
112153 0.00 0.00 0.00 0
112154 0.00 0.00 0.00 0
112155 0.00 0.00 0.00 0
112156 0.00 0.00 0.00 0
112157 0.00 0.00 0.00 0
112158 0.00 0.00 0.00 0
112159 0.00 0.00 0.00 0
112160 0.00 0.00 0.00 0
112161 0.00 0.00 0.00 0
112162 0.00 0.00 0.00 0
112163 0.00 0.00 0.00 0
112164 0.00 0.00 0.00 0
112165 0.00 0.00 0.00 0
112166 0.00 0.00 0.00 0
112167 0.00 0.00 0.00 0
112168 0.00 0.00 0.00 0
112169 0.00 0.00 0.00 0
112170 0.00 0.00 0.00 0
112171 0.00 0.00 0.00 0
112172 0.00 0.00 0.00 0
112173 0.00 0.00 0.00 0
112174 0.00 0.00 0.00 0
112175 0.00 0.00 0.00 0
112176 0.00 0.00 0.00 0
112177 0.00 0.00 0.00 0
112178 0.00 0.00 0.00 0
112179 0.00 0.00 0.00 0
112180 0.00 0.00 0.00 0
112181 0.00 0.00 0.00 0
112182 0.00 0.00 0.00 0
112183 0.00 0.00 0.00 0
112184 0.00 0.00 0.00 0
112185 0.00 0.00 0.00 0
112186 0.00 0.00 0.00 0
112187 0.00 0.00 0.00 0
112188 0.00 0.00 0.00 0
112189 0.00 0.00 0.00 0
112190 0.00 0.00 0.00 0
112191 0.00 0.00 0.00 0
112192 0.00 0.00 0.00 0
112193 0.00 0.00 0.00 0
112194 0.00 0.00 0.00 0
112195 0.00 0.00 0.00 0
115798 0.00 0.00 0.00 0
115799 0.00 0.00 0.00 0
115800 0.00 0.00 0.00 0
115801 0.00 0.00 0.00 0
115802 0.00 0.00 0.00 0
115803 0.00 0.00 0.00 0
115804 0.00 0.00 0.00 0
115805 0.00 0.00 0.00 0
115806 0.00 0.00 0.00 0
115807 0.00 0.00 0.00 0
115808 0.00 0.00 0.00 0
115809 0.00 0.00 0.00 0
115810 0.00 0.00 0.00 0
115811 0.00 0.00 0.00 0
115812 0.00 0.00 0.00 0
115813 0.00 0.00 0.00 0
115814 0.00 0.00 0.00 0
115815 0.00 0.00 0.00 0
115816 0.00 0.00 0.00 0
115817 0.00 0.00 0.00 0
115818 0.00 0.00 0.00 0
120366 0.00 0.00 0.00 0
120367 0.00 0.00 0.00 0
120368 0.00 0.00 0.00 0
120369 0.00 0.00 0.00 0
120397 0.00 0.00 0.00 0
120398 0.00 0.00 0.00 0
120399 0.00 0.00 0.00 0
120400 0.00 0.00 0.00 0
120401 0.00 0.00 0.00 0
120402 0.00 0.00 0.00 0
120403 0.00 0.00 0.00 0
120404 0.00 0.00 0.00 0
120405 0.00 0.00 0.00 0
120406 0.00 0.00 0.00 0
120407 0.00 0.00 0.00 0
120408 0.00 0.00 0.00 0
120409 0.00 0.00 0.00 0
120410 0.00 0.00 0.00 0
120411 0.00 0.00 0.00 0
120412 0.00 0.00 0.00 0
120413 0.00 0.00 0.00 0
120414 0.00 0.00 0.00 0
122290 0.00 0.00 0.00 0
122291 0.00 0.00 0.00 0
122293 0.00 0.00 0.00 0
122294 0.00 0.00 0.00 0
122295 0.00 0.00 0.00 0
122296 0.00 0.00 0.00 0
122297 0.00 0.00 0.00 0
122298 0.00 0.00 0.00 0
122299 0.00 0.00 0.00 0
122300 0.00 0.00 0.00 0
122301 0.00 0.00 0.00 0
122302 0.00 0.00 0.00 0
122303 0.00 0.00 0.00 0
122304 0.00 0.00 0.00 0
122305 0.00 0.00 0.00 0
122306 0.00 0.00 0.00 0
122307 0.00 0.00 0.00 0
126176 0.00 0.00 0.00 0
126178 0.00 0.00 0.00 0
126179 0.00 0.00 0.00 0
126180 0.00 0.00 0.00 0
126181 0.00 0.00 0.00 0
126182 0.00 0.00 0.00 0
126257 0.00 0.00 0.00 0
126258 0.00 0.00 0.00 0
126259 0.00 0.00 0.00 0
126260 0.00 0.00 0.00 0
126261 0.00 0.00 0.00 0
126262 0.00 0.00 0.00 0
126263 0.00 0.00 0.00 0
126264 0.00 0.00 0.00 0
126265 0.00 0.00 0.00 0
126266 0.00 0.00 0.00 0
126267 0.00 0.00 0.00 0
126268 0.00 0.00 0.00 0
126269 0.00 0.00 0.00 0
126270 0.00 0.00 0.00 0
126271 0.00 0.00 0.00 0
126272 0.00 0.00 0.00 0
126273 0.00 0.00 0.00 0
126274 0.00 0.00 0.00 0
126275 0.00 0.00 0.00 0
126276 0.00 0.00 0.00 0
126277 0.00 0.00 0.00 0
126278 0.00 0.00 0.00 0
126279 0.00 0.00 0.00 0
126280 0.00 0.00 0.00 0
126281 0.00 0.00 0.00 0
126282 0.00 0.00 0.00 0
126283 0.00 0.00 0.00 0
126284 0.00 0.00 0.00 0
126285 0.00 0.00 0.00 0
126286 0.00 0.00 0.00 0
126287 0.00 0.00 0.00 0
126288 0.00 0.00 0.00 0
126289 0.00 0.00 0.00 0
126290 0.00 0.00 0.00 0
126291 0.00 0.00 0.00 0
126292 0.00 0.00 0.00 0
126293 0.00 0.00 0.00 0
126294 0.00 0.00 0.00 0
126295 0.00 0.00 0.00 0
126296 0.00 0.00 0.00 0
126297 0.00 0.00 0.00 0
126298 0.00 0.00 0.00 0
126299 0.00 0.00 0.00 0
126300 0.00 0.00 0.00 0
126301 0.00 0.00 0.00 0
126302 0.00 0.00 0.00 0
126303 0.00 0.00 0.00 0
126304 0.00 0.00 0.00 0
126305 0.00 0.00 0.00 0
130268 0.00 0.00 0.00 0
130269 0.00 0.00 0.00 0
130270 0.00 0.00 0.00 0
130271 0.00 0.00 0.00 0
130272 0.00 0.00 0.00 0
130273 0.00 0.00 0.00 0
130274 0.00 0.00 0.00 0
130275 0.00 0.00 0.00 0
130276 0.00 0.00 0.00 0
130277 0.00 0.00 0.00 0
130278 0.00 0.00 0.00 0
130279 0.00 0.00 0.00 0
130280 0.00 0.00 0.00 0
130281 0.00 0.00 0.00 0
130282 0.00 0.00 0.00 0
130283 0.00 0.00 0.00 0
130284 0.00 0.00 0.00 0
130285 0.00 0.00 0.00 0
130286 0.00 0.00 0.00 0
130287 0.00 0.00 0.00 0
130288 0.00 0.00 0.00 0
130289 0.00 0.00 0.00 0
130290 0.00 0.00 0.00 0
130291 0.00 0.00 0.00 0
130292 0.00 0.00 0.00 0
130293 0.00 0.00 0.00 0
130294 0.00 0.00 0.00 0
130295 0.00 0.00 0.00 0
130296 0.00 0.00 0.00 0
130297 0.00 0.00 0.00 0
130298 0.00 0.00 0.00 0
130299 0.00 0.00 0.00 0
130300 0.00 0.00 0.00 0
130301 0.00 0.00 0.00 0
130302 0.00 0.00 0.00 0
130303 0.00 0.00 0.00 0
130304 0.00 0.00 0.00 0
130305 0.00 0.00 0.00 0
130306 0.00 0.00 0.00 0
130307 0.00 0.00 0.00 0
130308 0.00 0.00 0.00 0
130309 0.00 0.00 0.00 0
130310 0.00 0.00 0.00 0
130311 0.00 0.00 0.00 0
130312 0.00 0.00 0.00 0
130313 0.00 0.00 0.00 0
130314 0.00 0.00 0.00 0
130315 0.00 0.00 0.00 0
130316 0.00 0.00 0.00 0
130317 0.00 0.00 0.00 0
130318 0.00 0.00 0.00 0
130319 0.00 0.00 0.00 0
130320 0.00 0.00 0.00 0
135598 0.00 0.00 0.00 0
135600 0.00 0.00 0.00 0
135601 0.00 0.00 0.00 0
135602 0.00 0.00 0.00 0
135603 0.00 0.00 0.00 0
135604 0.00 0.00 0.00 0
135607 0.00 0.00 0.00 0
135609 0.00 0.00 0.00 0
135610 0.00 0.00 0.00 0
135611 0.00 0.00 0.00 0
135612 0.00 0.00 0.00 0
135613 0.00 0.00 0.00 0
135614 0.00 0.00 0.00 0
135615 0.00 0.00 0.00 0
135616 0.00 0.00 0.00 0
135617 0.00 0.00 0.00 0
135618 0.00 0.00 0.00 0
135619 0.00 0.00 0.00 0
135620 0.00 0.00 0.00 0
135621 0.00 0.00 0.00 0
135622 0.00 0.00 0.00 0
135623 0.00 0.00 0.00 0
135624 0.00 0.00 0.00 0
135625 0.00 0.00 0.00 0
135626 0.00 0.00 0.00 0
135627 0.00 0.00 0.00 0
135628 0.00 0.00 0.00 0
135629 0.00 0.00 0.00 0
135630 0.00 0.00 0.00 0
135631 0.00 0.00 0.00 0
135632 0.00 0.00 0.00 0
135633 0.00 0.00 0.00 0
135634 0.00 0.00 0.00 0
135635 0.00 0.00 0.00 0
135637 0.00 0.00 0.00 0
135638 0.00 0.00 0.00 0
135639 0.00 0.00 0.00 0
135640 0.00 0.00 0.00 0
135641 0.00 0.00 0.00 0
135642 0.00 0.00 0.00 0
135643 0.00 0.00 0.00 0
135644 0.00 0.00 0.00 0
135647 0.00 0.00 0.00 0
142573 0.00 0.00 0.00 0
142574 0.00 0.00 0.00 0
142576 0.00 0.00 0.00 0
142577 0.00 0.00 0.00 0
142582 0.00 0.00 0.00 0
142583 0.00 0.00 0.00 0
142584 0.00 0.00 0.00 0
142585 0.00 0.00 0.00 0
142586 0.00 0.00 0.00 0
142587 0.00 0.00 0.00 0
142588 0.00 0.00 0.00 0
147493 0.00 0.00 0.00 0
147494 0.00 0.00 0.00 0
147495 0.00 0.00 0.00 0
147496 0.00 0.00 0.00 0
147497 0.00 0.00 0.00 0
147498 0.00 0.00 0.00 0
147499 0.00 0.00 0.00 0
147505 0.00 0.00 0.00 0
147512 0.00 0.00 0.00 0
147513 0.00 0.00 0.00 0
147514 0.00 0.00 0.00 0
147515 0.00 0.00 0.00 0
147516 0.00 0.00 0.00 0
147517 0.00 0.00 0.00 0
147518 0.00 0.00 0.00 0
147519 0.00 0.00 0.00 0
147520 0.00 0.00 0.00 0
147521 0.00 0.00 0.00 0
147522 0.00 0.00 0.00 0
147523 0.00 0.00 0.00 0
147524 0.00 0.00 0.00 0
147525 0.00 0.00 0.00 0
147526 0.00 0.00 0.00 0
147527 0.00 0.00 0.00 0
147528 0.00 0.00 0.00 0
147529 0.00 0.00 0.00 0
147530 0.00 0.00 0.00 0
147531 0.00 0.00 0.00 0
147532 0.00 0.00 0.00 0
147533 0.00 0.00 0.00 0
147534 0.00 0.00 0.00 0
147535 0.00 0.00 0.00 0
147536 0.00 0.00 0.00 0
147537 0.00 0.00 0.00 0
157501 0.00 0.00 0.00 0
157502 0.00 0.00 0.00 0
157503 0.00 0.00 0.00 0
157504 0.00 0.00 0.00 0
157507 0.00 0.00 0.00 0
157508 0.00 0.00 0.00 0
157509 0.00 0.00 0.00 0
157510 0.00 0.00 0.00 0
157511 0.00 0.00 0.00 0
157512 0.00 0.00 0.00 0
157513 0.00 0.00 0.00 0
157514 0.00 0.00 0.00 0
157515 0.00 0.00 0.00 0
157516 0.00 0.00 0.00 0
157517 0.00 0.00 0.00 0
157518 0.00 0.00 0.00 0
157519 0.00 0.00 0.00 0
157520 0.00 0.00 0.00 0
157521 0.00 0.00 0.00 0
157522 0.00 0.00 0.00 0
157715 0.00 0.00 0.00 0
157716 0.00 0.00 0.00 0
157720 0.00 0.00 0.00 0
157721 0.00 0.00 0.00 0
157722 0.00 0.00 0.00 0
157723 0.00 0.00 0.00 0
157724 0.00 0.00 0.00 0
157725 0.00 0.00 0.00 0
157726 0.00 0.00 0.00 0
157727 0.00 0.00 0.00 0
157728 0.00 0.00 0.00 0
157729 0.00 0.00 0.00 0
157730 0.00 0.00 0.00 0
157731 0.00 0.00 0.00 0
157732 0.00 0.00 0.00 0
157733 0.00 0.00 0.00 0
157734 0.00 0.00 0.00 0
157735 0.00 0.00 0.00 0
157736 0.00 0.00 0.00 0
157737 0.00 0.00 0.00 0
157739 0.00 0.00 0.00 0
157740 0.00 0.00 0.00 0
157741 0.00 0.00 0.00 0
157742 0.00 0.00 0.00 0
157743 0.00 0.00 0.00 0
157744 0.00 0.00 0.00 0
157745 0.00 0.00 0.00 0
157746 0.00 0.00 0.00 0
157747 0.00 0.00 0.00 0
157748 0.00 0.00 0.00 0
157749 0.00 0.00 0.00 0
157750 0.00 0.00 0.00 0
157751 0.00 0.00 0.00 0
157752 0.00 0.00 0.00 0
157753 0.00 0.00 0.00 0
157754 0.00 0.00 0.00 0
157755 0.00 0.00 0.00 0
157756 0.00 0.00 0.00 0
157757 0.00 0.00 0.00 0
157758 0.00 0.00 0.00 0
157759 0.00 0.00 0.00 0
157760 0.00 0.00 0.00 0
157761 0.00 0.00 0.00 0
157762 0.00 0.00 0.00 0
157763 0.00 0.00 0.00 0
157764 0.00 0.00 0.00 0
157765 0.00 0.00 0.00 0
157766 0.00 0.00 0.00 0
157767 0.00 0.00 0.00 0
157768 0.00 0.00 0.00 0
157769 0.00 0.00 0.00 0
157770 0.00 0.00 0.00 0
157771 0.00 0.00 0.00 0
157772 0.00 0.00 0.00 0
157773 0.00 0.00 0.00 0
157774 0.00 0.00 0.00 0
157775 0.00 0.00 0.00 0
157776 0.00 0.00 0.00 0
157777 0.00 0.00 0.00 0
157778 0.00 0.00 0.00 0
157779 0.00 0.00 0.00 0
157780 0.00 0.00 0.00 0
157781 0.00 0.00 0.00 0
157782 0.00 0.00 0.00 0
157783 0.00 0.00 0.00 0
157784 0.00 0.00 0.00 0
157785 0.00 0.00 0.00 0
157786 0.00 0.00 0.00 0
157787 0.00 0.00 0.00 0
157788 0.00 0.00 0.00 0
157789 0.00 0.00 0.00 0
157790 0.00 0.00 0.00 0
157791 0.00 0.00 0.00 0
157792 0.00 0.00 0.00 0
157793 0.00 0.00 0.00 0
157794 0.00 0.00 0.00 0
157795 0.00 0.00 0.00 0
157796 0.00 0.00 0.00 0
157797 0.00 0.00 0.00 0
157798 0.00 0.00 0.00 0
157799 0.00 0.00 0.00 0
157800 0.00 0.00 0.00 0
157801 0.00 0.00 0.00 0
157802 0.00 0.00 0.00 0
157803 0.00 0.00 0.00 0
157804 0.00 0.00 0.00 0
157805 0.00 0.00 0.00 0
157806 0.00 0.00 0.00 0
157807 0.00 0.00 0.00 0
157808 0.00 0.00 0.00 0
157809 0.00 0.00 0.00 0
157810 0.00 0.00 0.00 0
157811 0.00 0.00 0.00 0
157812 0.00 0.00 0.00 0
157813 0.00 0.00 0.00 0
157814 0.00 0.00 0.00 0
157815 0.00 0.00 0.00 0
157816 0.00 0.00 0.00 0
157817 0.00 0.00 0.00 0
157818 0.00 0.00 0.00 0
157819 0.00 0.00 0.00 0
157820 0.00 0.00 0.00 0
157821 0.00 0.00 0.00 0
157822 0.00 0.00 0.00 0
157823 0.00 0.00 0.00 0
157824 0.00 0.00 0.00 0
157825 0.00 0.00 0.00 0
157826 0.00 0.00 0.00 0
157827 0.00 0.00 0.00 0
157829 0.00 0.00 0.00 0
157830 0.00 0.00 0.00 0
157831 0.00 0.00 0.00 0
157832 0.00 0.00 0.00 0
157833 0.00 0.00 0.00 0
157834 0.00 0.00 0.00 0
157835 0.00 0.00 0.00 0
