# S_occipital_ant
857
131 0.00 0.00 0.00 0
338 0.00 0.00 0.00 0
339 0.00 0.00 0.00 0
553 0.00 0.00 0.00 0
617 0.00 0.00 0.00 0
1219 0.00 0.00 0.00 0
1220 0.00 0.00 0.00 0
1373 0.00 0.00 0.00 0
1375 0.00 0.00 0.00 0
1760 0.00 0.00 0.00 0
1761 0.00 0.00 0.00 0
2294 0.00 0.00 0.00 0
2296 0.00 0.00 0.00 0
2297 0.00 0.00 0.00 0
2485 0.00 0.00 0.00 0
3293 0.00 0.00 0.00 0
3294 0.00 0.00 0.00 0
3295 0.00 0.00 0.00 0
3893 0.00 0.00 0.00 0
3894 0.00 0.00 0.00 0
5090 0.00 0.00 0.00 0
5091 0.00 0.00 0.00 0
5095 0.00 0.00 0.00 0
5096 0.00 0.00 0.00 0
5097 0.00 0.00 0.00 0
5098 0.00 0.00 0.00 0
5099 0.00 0.00 0.00 0
5100 0.00 0.00 0.00 0
5101 0.00 0.00 0.00 0
5567 0.00 0.00 0.00 0
5569 0.00 0.00 0.00 0
5575 0.00 0.00 0.00 0
6802 0.00 0.00 0.00 0
6803 0.00 0.00 0.00 0
6804 0.00 0.00 0.00 0
6805 0.00 0.00 0.00 0
6806 0.00 0.00 0.00 0
7079 0.00 0.00 0.00 0
7081 0.00 0.00 0.00 0
7088 0.00 0.00 0.00 0
7946 0.00 0.00 0.00 0
7947 0.00 0.00 0.00 0
7948 0.00 0.00 0.00 0
7949 0.00 0.00 0.00 0
9438 0.00 0.00 0.00 0
9439 0.00 0.00 0.00 0
9440 0.00 0.00 0.00 0
9447 0.00 0.00 0.00 0
9448 0.00 0.00 0.00 0
9449 0.00 0.00 0.00 0
9450 0.00 0.00 0.00 0
9455 0.00 0.00 0.00 0
10009 0.00 0.00 0.00 0
10010 0.00 0.00 0.00 0
10022 0.00 0.00 0.00 0
10973 0.00 0.00 0.00 0
10974 0.00 0.00 0.00 0
10975 0.00 0.00 0.00 0
11573 0.00 0.00 0.00 0
11574 0.00 0.00 0.00 0
12775 0.00 0.00 0.00 0
12776 0.00 0.00 0.00 0
12777 0.00 0.00 0.00 0
12778 0.00 0.00 0.00 0
12779 0.00 0.00 0.00 0
12780 0.00 0.00 0.00 0
12781 0.00 0.00 0.00 0
13249 0.00 0.00 0.00 0
13250 0.00 0.00 0.00 0
13251 0.00 0.00 0.00 0
13253 0.00 0.00 0.00 0
13255 0.00 0.00 0.00 0
15175 0.00 0.00 0.00 0
15176 0.00 0.00 0.00 0
15177 0.00 0.00 0.00 0
15178 0.00 0.00 0.00 0
15179 0.00 0.00 0.00 0
15180 0.00 0.00 0.00 0
15181 0.00 0.00 0.00 0
15183 0.00 0.00 0.00 0
15184 0.00 0.00 0.00 0
15185 0.00 0.00 0.00 0
15638 0.00 0.00 0.00 0
15639 0.00 0.00 0.00 0
15640 0.00 0.00 0.00 0
15641 0.00 0.00 0.00 0
15642 0.00 0.00 0.00 0
15643 0.00 0.00 0.00 0
15645 0.00 0.00 0.00 0
17438 0.00 0.00 0.00 0
17439 0.00 0.00 0.00 0
17440 0.00 0.00 0.00 0
17441 0.00 0.00 0.00 0
17442 0.00 0.00 0.00 0
17443 0.00 0.00 0.00 0
21032 0.00 0.00 0.00 0
21033 0.00 0.00 0.00 0
21034 0.00 0.00 0.00 0
21035 0.00 0.00 0.00 0
21036 0.00 0.00 0.00 0
21048 0.00 0.00 0.00 0
21049 0.00 0.00 0.00 0
21050 0.00 0.00 0.00 0
21052 0.00 0.00 0.00 0
21053 0.00 0.00 0.00 0
21054 0.00 0.00 0.00 0
21055 0.00 0.00 0.00 0
21056 0.00 0.00 0.00 0
21057 0.00 0.00 0.00 0
21058 0.00 0.00 0.00 0
21059 0.00 0.00 0.00 0
21060 0.00 0.00 0.00 0
21061 0.00 0.00 0.00 0
21062 0.00 0.00 0.00 0
21063 0.00 0.00 0.00 0
21067 0.00 0.00 0.00 0
21069 0.00 0.00 0.00 0
21074 0.00 0.00 0.00 0
22456 0.00 0.00 0.00 0
22457 0.00 0.00 0.00 0
22458 0.00 0.00 0.00 0
22459 0.00 0.00 0.00 0
22460 0.00 0.00 0.00 0
22461 0.00 0.00 0.00 0
24359 0.00 0.00 0.00 0
24360 0.00 0.00 0.00 0
24361 0.00 0.00 0.00 0
24362 0.00 0.00 0.00 0
24363 0.00 0.00 0.00 0
25439 0.00 0.00 0.00 0
25440 0.00 0.00 0.00 0
25441 0.00 0.00 0.00 0
25442 0.00 0.00 0.00 0
27596 0.00 0.00 0.00 0
27597 0.00 0.00 0.00 0
27603 0.00 0.00 0.00 0
27604 0.00 0.00 0.00 0
27605 0.00 0.00 0.00 0
27606 0.00 0.00 0.00 0
27607 0.00 0.00 0.00 0
27608 0.00 0.00 0.00 0
27609 0.00 0.00 0.00 0
27610 0.00 0.00 0.00 0
27611 0.00 0.00 0.00 0
27612 0.00 0.00 0.00 0
27613 0.00 0.00 0.00 0
27614 0.00 0.00 0.00 0
27615 0.00 0.00 0.00 0
27616 0.00 0.00 0.00 0
27617 0.00 0.00 0.00 0
28450 0.00 0.00 0.00 0
28451 0.00 0.00 0.00 0
28453 0.00 0.00 0.00 0
28454 0.00 0.00 0.00 0
28467 0.00 0.00 0.00 0
31232 0.00 0.00 0.00 0
31233 0.00 0.00 0.00 0
31234 0.00 0.00 0.00 0
31235 0.00 0.00 0.00 0
31236 0.00 0.00 0.00 0
31237 0.00 0.00 0.00 0
31238 0.00 0.00 0.00 0
31239 0.00 0.00 0.00 0
31241 0.00 0.00 0.00 0
31242 0.00 0.00 0.00 0
31244 0.00 0.00 0.00 0
31882 0.00 0.00 0.00 0
31897 0.00 0.00 0.00 0
31898 0.00 0.00 0.00 0
31899 0.00 0.00 0.00 0
31900 0.00 0.00 0.00 0
34184 0.00 0.00 0.00 0
34185 0.00 0.00 0.00 0
34186 0.00 0.00 0.00 0
34187 0.00 0.00 0.00 0
34188 0.00 0.00 0.00 0
34189 0.00 0.00 0.00 0
34190 0.00 0.00 0.00 0
34191 0.00 0.00 0.00 0
34192 0.00 0.00 0.00 0
38551 0.00 0.00 0.00 0
38552 0.00 0.00 0.00 0
38553 0.00 0.00 0.00 0
38554 0.00 0.00 0.00 0
38555 0.00 0.00 0.00 0
38556 0.00 0.00 0.00 0
38557 0.00 0.00 0.00 0
38558 0.00 0.00 0.00 0
38577 0.00 0.00 0.00 0
38578 0.00 0.00 0.00 0
38579 0.00 0.00 0.00 0
38580 0.00 0.00 0.00 0
38581 0.00 0.00 0.00 0
38582 0.00 0.00 0.00 0
38583 0.00 0.00 0.00 0
38584 0.00 0.00 0.00 0
38585 0.00 0.00 0.00 0
38586 0.00 0.00 0.00 0
38587 0.00 0.00 0.00 0
38588 0.00 0.00 0.00 0
38589 0.00 0.00 0.00 0
38590 0.00 0.00 0.00 0
38591 0.00 0.00 0.00 0
38595 0.00 0.00 0.00 0
38602 0.00 0.00 0.00 0
38603 0.00 0.00 0.00 0
40261 0.00 0.00 0.00 0
40262 0.00 0.00 0.00 0
40263 0.00 0.00 0.00 0
40264 0.00 0.00 0.00 0
40265 0.00 0.00 0.00 0
40266 0.00 0.00 0.00 0
40272 0.00 0.00 0.00 0
40274 0.00 0.00 0.00 0
40298 0.00 0.00 0.00 0
41693 0.00 0.00 0.00 0
41694 0.00 0.00 0.00 0
41695 0.00 0.00 0.00 0
42293 0.00 0.00 0.00 0
42294 0.00 0.00 0.00 0
42295 0.00 0.00 0.00 0
43495 0.00 0.00 0.00 0
43496 0.00 0.00 0.00 0
43497 0.00 0.00 0.00 0
43498 0.00 0.00 0.00 0
43499 0.00 0.00 0.00 0
43500 0.00 0.00 0.00 0
43501 0.00 0.00 0.00 0
43969 0.00 0.00 0.00 0
43970 0.00 0.00 0.00 0
43971 0.00 0.00 0.00 0
43972 0.00 0.00 0.00 0
43973 0.00 0.00 0.00 0
43974 0.00 0.00 0.00 0
43975 0.00 0.00 0.00 0
45896 0.00 0.00 0.00 0
45897 0.00 0.00 0.00 0
45898 0.00 0.00 0.00 0
45899 0.00 0.00 0.00 0
45900 0.00 0.00 0.00 0
45901 0.00 0.00 0.00 0
45903 0.00 0.00 0.00 0
45904 0.00 0.00 0.00 0
45905 0.00 0.00 0.00 0
45906 0.00 0.00 0.00 0
46358 0.00 0.00 0.00 0
46359 0.00 0.00 0.00 0
46360 0.00 0.00 0.00 0
46361 0.00 0.00 0.00 0
46362 0.00 0.00 0.00 0
46363 0.00 0.00 0.00 0
46364 0.00 0.00 0.00 0
46365 0.00 0.00 0.00 0
48158 0.00 0.00 0.00 0
48159 0.00 0.00 0.00 0
48160 0.00 0.00 0.00 0
48161 0.00 0.00 0.00 0
48162 0.00 0.00 0.00 0
48163 0.00 0.00 0.00 0
51752 0.00 0.00 0.00 0
51753 0.00 0.00 0.00 0
51754 0.00 0.00 0.00 0
51755 0.00 0.00 0.00 0
51756 0.00 0.00 0.00 0
51768 0.00 0.00 0.00 0
51769 0.00 0.00 0.00 0
51770 0.00 0.00 0.00 0
51771 0.00 0.00 0.00 0
51772 0.00 0.00 0.00 0
51773 0.00 0.00 0.00 0
51774 0.00 0.00 0.00 0
51775 0.00 0.00 0.00 0
51776 0.00 0.00 0.00 0
51777 0.00 0.00 0.00 0
51778 0.00 0.00 0.00 0
51779 0.00 0.00 0.00 0
51780 0.00 0.00 0.00 0
51781 0.00 0.00 0.00 0
51782 0.00 0.00 0.00 0
51783 0.00 0.00 0.00 0
51787 0.00 0.00 0.00 0
51788 0.00 0.00 0.00 0
51789 0.00 0.00 0.00 0
51795 0.00 0.00 0.00 0
53176 0.00 0.00 0.00 0
53177 0.00 0.00 0.00 0
53178 0.00 0.00 0.00 0
53179 0.00 0.00 0.00 0
53180 0.00 0.00 0.00 0
53181 0.00 0.00 0.00 0
53183 0.00 0.00 0.00 0
55958 0.00 0.00 0.00 0
55959 0.00 0.00 0.00 0
55960 0.00 0.00 0.00 0
55961 0.00 0.00 0.00 0
55962 0.00 0.00 0.00 0
55963 0.00 0.00 0.00 0
55964 0.00 0.00 0.00 0
55965 0.00 0.00 0.00 0
57758 0.00 0.00 0.00 0
57759 0.00 0.00 0.00 0
57760 0.00 0.00 0.00 0
57762 0.00 0.00 0.00 0
57763 0.00 0.00 0.00 0
57764 0.00 0.00 0.00 0
61354 0.00 0.00 0.00 0
61355 0.00 0.00 0.00 0
61356 0.00 0.00 0.00 0
61365 0.00 0.00 0.00 0
61366 0.00 0.00 0.00 0
61367 0.00 0.00 0.00 0
61368 0.00 0.00 0.00 0
61369 0.00 0.00 0.00 0
61370 0.00 0.00 0.00 0
61371 0.00 0.00 0.00 0
61372 0.00 0.00 0.00 0
61373 0.00 0.00 0.00 0
61374 0.00 0.00 0.00 0
61375 0.00 0.00 0.00 0
61376 0.00 0.00 0.00 0
61377 0.00 0.00 0.00 0
61378 0.00 0.00 0.00 0
61379 0.00 0.00 0.00 0
61380 0.00 0.00 0.00 0
61381 0.00 0.00 0.00 0
61382 0.00 0.00 0.00 0
61383 0.00 0.00 0.00 0
61384 0.00 0.00 0.00 0
61385 0.00 0.00 0.00 0
61386 0.00 0.00 0.00 0
61388 0.00 0.00 0.00 0
62776 0.00 0.00 0.00 0
62777 0.00 0.00 0.00 0
62782 0.00 0.00 0.00 0
62783 0.00 0.00 0.00 0
62785 0.00 0.00 0.00 0
62786 0.00 0.00 0.00 0
62804 0.00 0.00 0.00 0
62805 0.00 0.00 0.00 0
68568 0.00 0.00 0.00 0
68572 0.00 0.00 0.00 0
68573 0.00 0.00 0.00 0
68574 0.00 0.00 0.00 0
68575 0.00 0.00 0.00 0
68576 0.00 0.00 0.00 0
68577 0.00 0.00 0.00 0
68578 0.00 0.00 0.00 0
68579 0.00 0.00 0.00 0
68580 0.00 0.00 0.00 0
68581 0.00 0.00 0.00 0
68582 0.00 0.00 0.00 0
68583 0.00 0.00 0.00 0
68584 0.00 0.00 0.00 0
68585 0.00 0.00 0.00 0
68586 0.00 0.00 0.00 0
68590 0.00 0.00 0.00 0
68591 0.00 0.00 0.00 0
68592 0.00 0.00 0.00 0
68593 0.00 0.00 0.00 0
68594 0.00 0.00 0.00 0
68595 0.00 0.00 0.00 0
68596 0.00 0.00 0.00 0
68597 0.00 0.00 0.00 0
68598 0.00 0.00 0.00 0
68599 0.00 0.00 0.00 0
69956 0.00 0.00 0.00 0
69957 0.00 0.00 0.00 0
69958 0.00 0.00 0.00 0
69960 0.00 0.00 0.00 0
69961 0.00 0.00 0.00 0
69962 0.00 0.00 0.00 0
69963 0.00 0.00 0.00 0
69964 0.00 0.00 0.00 0
69965 0.00 0.00 0.00 0
69995 0.00 0.00 0.00 0
69996 0.00 0.00 0.00 0
69997 0.00 0.00 0.00 0
69998 0.00 0.00 0.00 0
69999 0.00 0.00 0.00 0
70000 0.00 0.00 0.00 0
75353 0.00 0.00 0.00 0
75354 0.00 0.00 0.00 0
75355 0.00 0.00 0.00 0
75356 0.00 0.00 0.00 0
75357 0.00 0.00 0.00 0
75358 0.00 0.00 0.00 0
75359 0.00 0.00 0.00 0
75360 0.00 0.00 0.00 0
75361 0.00 0.00 0.00 0
75362 0.00 0.00 0.00 0
75363 0.00 0.00 0.00 0
75364 0.00 0.00 0.00 0
75365 0.00 0.00 0.00 0
75366 0.00 0.00 0.00 0
75367 0.00 0.00 0.00 0
75368 0.00 0.00 0.00 0
75369 0.00 0.00 0.00 0
75370 0.00 0.00 0.00 0
86134 0.00 0.00 0.00 0
86135 0.00 0.00 0.00 0
86136 0.00 0.00 0.00 0
86137 0.00 0.00 0.00 0
86138 0.00 0.00 0.00 0
86139 0.00 0.00 0.00 0
86140 0.00 0.00 0.00 0
86141 0.00 0.00 0.00 0
86142 0.00 0.00 0.00 0
86143 0.00 0.00 0.00 0
86144 0.00 0.00 0.00 0
86145 0.00 0.00 0.00 0
86146 0.00 0.00 0.00 0
86147 0.00 0.00 0.00 0
86148 0.00 0.00 0.00 0
86149 0.00 0.00 0.00 0
86150 0.00 0.00 0.00 0
86151 0.00 0.00 0.00 0
86183 0.00 0.00 0.00 0
86184 0.00 0.00 0.00 0
86185 0.00 0.00 0.00 0
86200 0.00 0.00 0.00 0
86201 0.00 0.00 0.00 0
86202 0.00 0.00 0.00 0
86203 0.00 0.00 0.00 0
86204 0.00 0.00 0.00 0
86205 0.00 0.00 0.00 0
86206 0.00 0.00 0.00 0
86207 0.00 0.00 0.00 0
86208 0.00 0.00 0.00 0
86209 0.00 0.00 0.00 0
86210 0.00 0.00 0.00 0
86211 0.00 0.00 0.00 0
86212 0.00 0.00 0.00 0
86213 0.00 0.00 0.00 0
86214 0.00 0.00 0.00 0
86215 0.00 0.00 0.00 0
86216 0.00 0.00 0.00 0
86217 0.00 0.00 0.00 0
86218 0.00 0.00 0.00 0
86219 0.00 0.00 0.00 0
86220 0.00 0.00 0.00 0
86221 0.00 0.00 0.00 0
86222 0.00 0.00 0.00 0
86223 0.00 0.00 0.00 0
86224 0.00 0.00 0.00 0
86225 0.00 0.00 0.00 0
86226 0.00 0.00 0.00 0
86227 0.00 0.00 0.00 0
86228 0.00 0.00 0.00 0
86229 0.00 0.00 0.00 0
86230 0.00 0.00 0.00 0
86231 0.00 0.00 0.00 0
86232 0.00 0.00 0.00 0
86233 0.00 0.00 0.00 0
86242 0.00 0.00 0.00 0
86243 0.00 0.00 0.00 0
86244 0.00 0.00 0.00 0
86250 0.00 0.00 0.00 0
86251 0.00 0.00 0.00 0
86252 0.00 0.00 0.00 0
86260 0.00 0.00 0.00 0
86263 0.00 0.00 0.00 0
86264 0.00 0.00 0.00 0
90406 0.00 0.00 0.00 0
90407 0.00 0.00 0.00 0
90408 0.00 0.00 0.00 0
90409 0.00 0.00 0.00 0
90410 0.00 0.00 0.00 0
90411 0.00 0.00 0.00 0
90412 0.00 0.00 0.00 0
90413 0.00 0.00 0.00 0
90414 0.00 0.00 0.00 0
90415 0.00 0.00 0.00 0
90416 0.00 0.00 0.00 0
90417 0.00 0.00 0.00 0
90418 0.00 0.00 0.00 0
90419 0.00 0.00 0.00 0
90420 0.00 0.00 0.00 0
90421 0.00 0.00 0.00 0
90422 0.00 0.00 0.00 0
90423 0.00 0.00 0.00 0
90497 0.00 0.00 0.00 0
90502 0.00 0.00 0.00 0
90511 0.00 0.00 0.00 0
93479 0.00 0.00 0.00 0
93480 0.00 0.00 0.00 0
93481 0.00 0.00 0.00 0
93482 0.00 0.00 0.00 0
93483 0.00 0.00 0.00 0
94559 0.00 0.00 0.00 0
94560 0.00 0.00 0.00 0
94561 0.00 0.00 0.00 0
96723 0.00 0.00 0.00 0
96724 0.00 0.00 0.00 0
96725 0.00 0.00 0.00 0
96726 0.00 0.00 0.00 0
96727 0.00 0.00 0.00 0
96728 0.00 0.00 0.00 0
96729 0.00 0.00 0.00 0
96730 0.00 0.00 0.00 0
96731 0.00 0.00 0.00 0
96732 0.00 0.00 0.00 0
96733 0.00 0.00 0.00 0
96734 0.00 0.00 0.00 0
96735 0.00 0.00 0.00 0
97575 0.00 0.00 0.00 0
97576 0.00 0.00 0.00 0
97577 0.00 0.00 0.00 0
97578 0.00 0.00 0.00 0
97581 0.00 0.00 0.00 0
97582 0.00 0.00 0.00 0
97586 0.00 0.00 0.00 0
101043 0.00 0.00 0.00 0
101044 0.00 0.00 0.00 0
101045 0.00 0.00 0.00 0
101046 0.00 0.00 0.00 0
101047 0.00 0.00 0.00 0
101048 0.00 0.00 0.00 0
101049 0.00 0.00 0.00 0
101050 0.00 0.00 0.00 0
101051 0.00 0.00 0.00 0
101052 0.00 0.00 0.00 0
101053 0.00 0.00 0.00 0
101054 0.00 0.00 0.00 0
101055 0.00 0.00 0.00 0
101058 0.00 0.00 0.00 0
101059 0.00 0.00 0.00 0
101060 0.00 0.00 0.00 0
101061 0.00 0.00 0.00 0
101062 0.00 0.00 0.00 0
101063 0.00 0.00 0.00 0
101876 0.00 0.00 0.00 0
101877 0.00 0.00 0.00 0
101878 0.00 0.00 0.00 0
101879 0.00 0.00 0.00 0
101880 0.00 0.00 0.00 0
101881 0.00 0.00 0.00 0
101882 0.00 0.00 0.00 0
101883 0.00 0.00 0.00 0
101884 0.00 0.00 0.00 0
101887 0.00 0.00 0.00 0
101904 0.00 0.00 0.00 0
105116 0.00 0.00 0.00 0
105117 0.00 0.00 0.00 0
105118 0.00 0.00 0.00 0
105119 0.00 0.00 0.00 0
105120 0.00 0.00 0.00 0
105121 0.00 0.00 0.00 0
105122 0.00 0.00 0.00 0
105123 0.00 0.00 0.00 0
105124 0.00 0.00 0.00 0
105125 0.00 0.00 0.00 0
111585 0.00 0.00 0.00 0
111586 0.00 0.00 0.00 0
111587 0.00 0.00 0.00 0
111588 0.00 0.00 0.00 0
111589 0.00 0.00 0.00 0
111590 0.00 0.00 0.00 0
111591 0.00 0.00 0.00 0
111592 0.00 0.00 0.00 0
111593 0.00 0.00 0.00 0
111594 0.00 0.00 0.00 0
111614 0.00 0.00 0.00 0
111615 0.00 0.00 0.00 0
111616 0.00 0.00 0.00 0
111617 0.00 0.00 0.00 0
111623 0.00 0.00 0.00 0
111624 0.00 0.00 0.00 0
111625 0.00 0.00 0.00 0
111626 0.00 0.00 0.00 0
111627 0.00 0.00 0.00 0
111628 0.00 0.00 0.00 0
111629 0.00 0.00 0.00 0
111630 0.00 0.00 0.00 0
111631 0.00 0.00 0.00 0
111632 0.00 0.00 0.00 0
111633 0.00 0.00 0.00 0
111634 0.00 0.00 0.00 0
111635 0.00 0.00 0.00 0
111636 0.00 0.00 0.00 0
111637 0.00 0.00 0.00 0
111638 0.00 0.00 0.00 0
111639 0.00 0.00 0.00 0
111640 0.00 0.00 0.00 0
111641 0.00 0.00 0.00 0
111642 0.00 0.00 0.00 0
111643 0.00 0.00 0.00 0
111649 0.00 0.00 0.00 0
111650 0.00 0.00 0.00 0
111651 0.00 0.00 0.00 0
111662 0.00 0.00 0.00 0
111664 0.00 0.00 0.00 0
114148 0.00 0.00 0.00 0
114149 0.00 0.00 0.00 0
114150 0.00 0.00 0.00 0
114151 0.00 0.00 0.00 0
114152 0.00 0.00 0.00 0
114153 0.00 0.00 0.00 0
114154 0.00 0.00 0.00 0
114155 0.00 0.00 0.00 0
114156 0.00 0.00 0.00 0
114157 0.00 0.00 0.00 0
114158 0.00 0.00 0.00 0
118277 0.00 0.00 0.00 0
118278 0.00 0.00 0.00 0
118279 0.00 0.00 0.00 0
118280 0.00 0.00 0.00 0
118281 0.00 0.00 0.00 0
118282 0.00 0.00 0.00 0
118283 0.00 0.00 0.00 0
118284 0.00 0.00 0.00 0
118285 0.00 0.00 0.00 0
118286 0.00 0.00 0.00 0
118287 0.00 0.00 0.00 0
120797 0.00 0.00 0.00 0
120798 0.00 0.00 0.00 0
120799 0.00 0.00 0.00 0
120800 0.00 0.00 0.00 0
120801 0.00 0.00 0.00 0
120802 0.00 0.00 0.00 0
120803 0.00 0.00 0.00 0
120804 0.00 0.00 0.00 0
120805 0.00 0.00 0.00 0
120806 0.00 0.00 0.00 0
125829 0.00 0.00 0.00 0
125831 0.00 0.00 0.00 0
125832 0.00 0.00 0.00 0
125833 0.00 0.00 0.00 0
125834 0.00 0.00 0.00 0
125835 0.00 0.00 0.00 0
125847 0.00 0.00 0.00 0
125848 0.00 0.00 0.00 0
125849 0.00 0.00 0.00 0
125850 0.00 0.00 0.00 0
125851 0.00 0.00 0.00 0
125852 0.00 0.00 0.00 0
125853 0.00 0.00 0.00 0
125854 0.00 0.00 0.00 0
125855 0.00 0.00 0.00 0
125856 0.00 0.00 0.00 0
125857 0.00 0.00 0.00 0
125858 0.00 0.00 0.00 0
125859 0.00 0.00 0.00 0
125860 0.00 0.00 0.00 0
125861 0.00 0.00 0.00 0
125862 0.00 0.00 0.00 0
125863 0.00 0.00 0.00 0
125864 0.00 0.00 0.00 0
125865 0.00 0.00 0.00 0
125866 0.00 0.00 0.00 0
125867 0.00 0.00 0.00 0
125868 0.00 0.00 0.00 0
125869 0.00 0.00 0.00 0
125870 0.00 0.00 0.00 0
125871 0.00 0.00 0.00 0
125872 0.00 0.00 0.00 0
125873 0.00 0.00 0.00 0
125874 0.00 0.00 0.00 0
125875 0.00 0.00 0.00 0
125876 0.00 0.00 0.00 0
125878 0.00 0.00 0.00 0
125879 0.00 0.00 0.00 0
125880 0.00 0.00 0.00 0
125881 0.00 0.00 0.00 0
127822 0.00 0.00 0.00 0
127823 0.00 0.00 0.00 0
127824 0.00 0.00 0.00 0
127826 0.00 0.00 0.00 0
127829 0.00 0.00 0.00 0
127830 0.00 0.00 0.00 0
127831 0.00 0.00 0.00 0
127832 0.00 0.00 0.00 0
127862 0.00 0.00 0.00 0
127863 0.00 0.00 0.00 0
135242 0.00 0.00 0.00 0
135243 0.00 0.00 0.00 0
135244 0.00 0.00 0.00 0
135245 0.00 0.00 0.00 0
135246 0.00 0.00 0.00 0
135247 0.00 0.00 0.00 0
135248 0.00 0.00 0.00 0
135249 0.00 0.00 0.00 0
135250 0.00 0.00 0.00 0
135251 0.00 0.00 0.00 0
135252 0.00 0.00 0.00 0
135253 0.00 0.00 0.00 0
135254 0.00 0.00 0.00 0
135255 0.00 0.00 0.00 0
135256 0.00 0.00 0.00 0
135257 0.00 0.00 0.00 0
135258 0.00 0.00 0.00 0
135259 0.00 0.00 0.00 0
135260 0.00 0.00 0.00 0
135261 0.00 0.00 0.00 0
135262 0.00 0.00 0.00 0
135263 0.00 0.00 0.00 0
135267 0.00 0.00 0.00 0
135268 0.00 0.00 0.00 0
135269 0.00 0.00 0.00 0
135270 0.00 0.00 0.00 0
135271 0.00 0.00 0.00 0
135273 0.00 0.00 0.00 0
135274 0.00 0.00 0.00 0
135275 0.00 0.00 0.00 0
135276 0.00 0.00 0.00 0
136996 0.00 0.00 0.00 0
137002 0.00 0.00 0.00 0
137003 0.00 0.00 0.00 0
137004 0.00 0.00 0.00 0
137005 0.00 0.00 0.00 0
137006 0.00 0.00 0.00 0
137007 0.00 0.00 0.00 0
137020 0.00 0.00 0.00 0
137042 0.00 0.00 0.00 0
137044 0.00 0.00 0.00 0
137045 0.00 0.00 0.00 0
137046 0.00 0.00 0.00 0
137047 0.00 0.00 0.00 0
137048 0.00 0.00 0.00 0
137049 0.00 0.00 0.00 0
137050 0.00 0.00 0.00 0
137051 0.00 0.00 0.00 0
143618 0.00 0.00 0.00 0
143619 0.00 0.00 0.00 0
143620 0.00 0.00 0.00 0
143621 0.00 0.00 0.00 0
143622 0.00 0.00 0.00 0
143623 0.00 0.00 0.00 0
143624 0.00 0.00 0.00 0
143625 0.00 0.00 0.00 0
143626 0.00 0.00 0.00 0
143627 0.00 0.00 0.00 0
143628 0.00 0.00 0.00 0
143629 0.00 0.00 0.00 0
143630 0.00 0.00 0.00 0
143631 0.00 0.00 0.00 0
143632 0.00 0.00 0.00 0
143633 0.00 0.00 0.00 0
143634 0.00 0.00 0.00 0
143635 0.00 0.00 0.00 0
143636 0.00 0.00 0.00 0
143637 0.00 0.00 0.00 0
143638 0.00 0.00 0.00 0
143639 0.00 0.00 0.00 0
143640 0.00 0.00 0.00 0
156611 0.00 0.00 0.00 0
156612 0.00 0.00 0.00 0
156613 0.00 0.00 0.00 0
156614 0.00 0.00 0.00 0
156616 0.00 0.00 0.00 0
156617 0.00 0.00 0.00 0
156618 0.00 0.00 0.00 0
156619 0.00 0.00 0.00 0
156620 0.00 0.00 0.00 0
156621 0.00 0.00 0.00 0
156622 0.00 0.00 0.00 0
156623 0.00 0.00 0.00 0
156624 0.00 0.00 0.00 0
156625 0.00 0.00 0.00 0
156626 0.00 0.00 0.00 0
156627 0.00 0.00 0.00 0
156628 0.00 0.00 0.00 0
156629 0.00 0.00 0.00 0
156630 0.00 0.00 0.00 0
156631 0.00 0.00 0.00 0
156632 0.00 0.00 0.00 0
156669 0.00 0.00 0.00 0
156672 0.00 0.00 0.00 0
156689 0.00 0.00 0.00 0
156690 0.00 0.00 0.00 0
156691 0.00 0.00 0.00 0
156692 0.00 0.00 0.00 0
156693 0.00 0.00 0.00 0
156694 0.00 0.00 0.00 0
156695 0.00 0.00 0.00 0
156696 0.00 0.00 0.00 0
156697 0.00 0.00 0.00 0
156698 0.00 0.00 0.00 0
156699 0.00 0.00 0.00 0
156700 0.00 0.00 0.00 0
156701 0.00 0.00 0.00 0
156702 0.00 0.00 0.00 0
156703 0.00 0.00 0.00 0
156704 0.00 0.00 0.00 0
156705 0.00 0.00 0.00 0
156706 0.00 0.00 0.00 0
156707 0.00 0.00 0.00 0
156708 0.00 0.00 0.00 0
156709 0.00 0.00 0.00 0
156710 0.00 0.00 0.00 0
156711 0.00 0.00 0.00 0
156712 0.00 0.00 0.00 0
156713 0.00 0.00 0.00 0
156714 0.00 0.00 0.00 0
156715 0.00 0.00 0.00 0
156716 0.00 0.00 0.00 0
156717 0.00 0.00 0.00 0
156718 0.00 0.00 0.00 0
156719 0.00 0.00 0.00 0
156720 0.00 0.00 0.00 0
156721 0.00 0.00 0.00 0
156722 0.00 0.00 0.00 0
156723 0.00 0.00 0.00 0
156724 0.00 0.00 0.00 0
156725 0.00 0.00 0.00 0
156726 0.00 0.00 0.00 0
156727 0.00 0.00 0.00 0
156728 0.00 0.00 0.00 0
156729 0.00 0.00 0.00 0
156730 0.00 0.00 0.00 0
156731 0.00 0.00 0.00 0
156737 0.00 0.00 0.00 0
156738 0.00 0.00 0.00 0
156739 0.00 0.00 0.00 0
156740 0.00 0.00 0.00 0
156741 0.00 0.00 0.00 0
156742 0.00 0.00 0.00 0
156743 0.00 0.00 0.00 0
156744 0.00 0.00 0.00 0
156745 0.00 0.00 0.00 0
156746 0.00 0.00 0.00 0
156747 0.00 0.00 0.00 0
156750 0.00 0.00 0.00 0
156751 0.00 0.00 0.00 0
156765 0.00 0.00 0.00 0
156766 0.00 0.00 0.00 0
156767 0.00 0.00 0.00 0
161737 0.00 0.00 0.00 0
161738 0.00 0.00 0.00 0
161739 0.00 0.00 0.00 0
161740 0.00 0.00 0.00 0
161741 0.00 0.00 0.00 0
161742 0.00 0.00 0.00 0
161743 0.00 0.00 0.00 0
161744 0.00 0.00 0.00 0
161745 0.00 0.00 0.00 0
161746 0.00 0.00 0.00 0
161747 0.00 0.00 0.00 0
161748 0.00 0.00 0.00 0
161749 0.00 0.00 0.00 0
161750 0.00 0.00 0.00 0
161751 0.00 0.00 0.00 0
161752 0.00 0.00 0.00 0
161753 0.00 0.00 0.00 0
161754 0.00 0.00 0.00 0
161755 0.00 0.00 0.00 0
161770 0.00 0.00 0.00 0
161771 0.00 0.00 0.00 0
161772 0.00 0.00 0.00 0
161775 0.00 0.00 0.00 0
161779 0.00 0.00 0.00 0
161780 0.00 0.00 0.00 0
161781 0.00 0.00 0.00 0
161845 0.00 0.00 0.00 0
161851 0.00 0.00 0.00 0
161852 0.00 0.00 0.00 0
161853 0.00 0.00 0.00 0
161862 0.00 0.00 0.00 0
