# S_oc-temp_lat
999
350 0.00 0.00 0.00 0
351 0.00 0.00 0.00 0
352 0.00 0.00 0.00 0
632 0.00 0.00 0.00 0
1407 0.00 0.00 0.00 0
1414 0.00 0.00 0.00 0
1415 0.00 0.00 0.00 0
1416 0.00 0.00 0.00 0
1417 0.00 0.00 0.00 0
1418 0.00 0.00 0.00 0
1782 0.00 0.00 0.00 0
1783 0.00 0.00 0.00 0
1784 0.00 0.00 0.00 0
1785 0.00 0.00 0.00 0
1786 0.00 0.00 0.00 0
2530 0.00 0.00 0.00 0
2753 0.00 0.00 0.00 0
3327 0.00 0.00 0.00 0
3335 0.00 0.00 0.00 0
3336 0.00 0.00 0.00 0
3337 0.00 0.00 0.00 0
3929 0.00 0.00 0.00 0
3930 0.00 0.00 0.00 0
3931 0.00 0.00 0.00 0
3932 0.00 0.00 0.00 0
3933 0.00 0.00 0.00 0
5679 0.00 0.00 0.00 0
5680 0.00 0.00 0.00 0
5681 0.00 0.00 0.00 0
5682 0.00 0.00 0.00 0
5683 0.00 0.00 0.00 0
5684 0.00 0.00 0.00 0
5689 0.00 0.00 0.00 0
6104 0.00 0.00 0.00 0
7139 0.00 0.00 0.00 0
7140 0.00 0.00 0.00 0
7141 0.00 0.00 0.00 0
7152 0.00 0.00 0.00 0
7153 0.00 0.00 0.00 0
7154 0.00 0.00 0.00 0
7155 0.00 0.00 0.00 0
7156 0.00 0.00 0.00 0
7157 0.00 0.00 0.00 0
7158 0.00 0.00 0.00 0
7159 0.00 0.00 0.00 0
7160 0.00 0.00 0.00 0
7997 0.00 0.00 0.00 0
7998 0.00 0.00 0.00 0
7999 0.00 0.00 0.00 0
8001 0.00 0.00 0.00 0
8002 0.00 0.00 0.00 0
8003 0.00 0.00 0.00 0
8004 0.00 0.00 0.00 0
8005 0.00 0.00 0.00 0
8006 0.00 0.00 0.00 0
8007 0.00 0.00 0.00 0
10120 0.00 0.00 0.00 0
10144 0.00 0.00 0.00 0
10145 0.00 0.00 0.00 0
10147 0.00 0.00 0.00 0
10148 0.00 0.00 0.00 0
10156 0.00 0.00 0.00 0
10432 0.00 0.00 0.00 0
11015 0.00 0.00 0.00 0
11017 0.00 0.00 0.00 0
11607 0.00 0.00 0.00 0
11609 0.00 0.00 0.00 0
11610 0.00 0.00 0.00 0
11611 0.00 0.00 0.00 0
11612 0.00 0.00 0.00 0
11613 0.00 0.00 0.00 0
13339 0.00 0.00 0.00 0
13359 0.00 0.00 0.00 0
13360 0.00 0.00 0.00 0
13361 0.00 0.00 0.00 0
13362 0.00 0.00 0.00 0
13363 0.00 0.00 0.00 0
13364 0.00 0.00 0.00 0
13366 0.00 0.00 0.00 0
13368 0.00 0.00 0.00 0
15737 0.00 0.00 0.00 0
15738 0.00 0.00 0.00 0
15739 0.00 0.00 0.00 0
15759 0.00 0.00 0.00 0
15760 0.00 0.00 0.00 0
15761 0.00 0.00 0.00 0
15762 0.00 0.00 0.00 0
15763 0.00 0.00 0.00 0
15764 0.00 0.00 0.00 0
15765 0.00 0.00 0.00 0
15766 0.00 0.00 0.00 0
15767 0.00 0.00 0.00 0
15768 0.00 0.00 0.00 0
15769 0.00 0.00 0.00 0
15770 0.00 0.00 0.00 0
15771 0.00 0.00 0.00 0
15772 0.00 0.00 0.00 0
15773 0.00 0.00 0.00 0
17544 0.00 0.00 0.00 0
17545 0.00 0.00 0.00 0
17546 0.00 0.00 0.00 0
17547 0.00 0.00 0.00 0
17548 0.00 0.00 0.00 0
17549 0.00 0.00 0.00 0
17550 0.00 0.00 0.00 0
17551 0.00 0.00 0.00 0
17552 0.00 0.00 0.00 0
17553 0.00 0.00 0.00 0
17554 0.00 0.00 0.00 0
17555 0.00 0.00 0.00 0
17556 0.00 0.00 0.00 0
17557 0.00 0.00 0.00 0
17558 0.00 0.00 0.00 0
17560 0.00 0.00 0.00 0
17561 0.00 0.00 0.00 0
17563 0.00 0.00 0.00 0
17564 0.00 0.00 0.00 0
17565 0.00 0.00 0.00 0
17566 0.00 0.00 0.00 0
17567 0.00 0.00 0.00 0
17568 0.00 0.00 0.00 0
22619 0.00 0.00 0.00 0
22620 0.00 0.00 0.00 0
22735 0.00 0.00 0.00 0
22736 0.00 0.00 0.00 0
22737 0.00 0.00 0.00 0
22794 0.00 0.00 0.00 0
22796 0.00 0.00 0.00 0
22797 0.00 0.00 0.00 0
22798 0.00 0.00 0.00 0
22799 0.00 0.00 0.00 0
22801 0.00 0.00 0.00 0
22802 0.00 0.00 0.00 0
22803 0.00 0.00 0.00 0
22804 0.00 0.00 0.00 0
22805 0.00 0.00 0.00 0
22806 0.00 0.00 0.00 0
22807 0.00 0.00 0.00 0
22824 0.00 0.00 0.00 0
22825 0.00 0.00 0.00 0
22826 0.00 0.00 0.00 0
24419 0.00 0.00 0.00 0
24420 0.00 0.00 0.00 0
24432 0.00 0.00 0.00 0
24433 0.00 0.00 0.00 0
24434 0.00 0.00 0.00 0
24435 0.00 0.00 0.00 0
24436 0.00 0.00 0.00 0
24437 0.00 0.00 0.00 0
24438 0.00 0.00 0.00 0
24439 0.00 0.00 0.00 0
25503 0.00 0.00 0.00 0
25504 0.00 0.00 0.00 0
25505 0.00 0.00 0.00 0
25506 0.00 0.00 0.00 0
25507 0.00 0.00 0.00 0
25508 0.00 0.00 0.00 0
25509 0.00 0.00 0.00 0
25510 0.00 0.00 0.00 0
25511 0.00 0.00 0.00 0
28653 0.00 0.00 0.00 0
28654 0.00 0.00 0.00 0
28655 0.00 0.00 0.00 0
28656 0.00 0.00 0.00 0
28657 0.00 0.00 0.00 0
28658 0.00 0.00 0.00 0
28659 0.00 0.00 0.00 0
28660 0.00 0.00 0.00 0
28661 0.00 0.00 0.00 0
28671 0.00 0.00 0.00 0
28672 0.00 0.00 0.00 0
29599 0.00 0.00 0.00 0
29600 0.00 0.00 0.00 0
29601 0.00 0.00 0.00 0
32015 0.00 0.00 0.00 0
32016 0.00 0.00 0.00 0
32017 0.00 0.00 0.00 0
32018 0.00 0.00 0.00 0
32046 0.00 0.00 0.00 0
32047 0.00 0.00 0.00 0
32048 0.00 0.00 0.00 0
32049 0.00 0.00 0.00 0
32050 0.00 0.00 0.00 0
32051 0.00 0.00 0.00 0
32052 0.00 0.00 0.00 0
32053 0.00 0.00 0.00 0
32054 0.00 0.00 0.00 0
32055 0.00 0.00 0.00 0
32056 0.00 0.00 0.00 0
32057 0.00 0.00 0.00 0
32058 0.00 0.00 0.00 0
32059 0.00 0.00 0.00 0
32060 0.00 0.00 0.00 0
32061 0.00 0.00 0.00 0
32062 0.00 0.00 0.00 0
32063 0.00 0.00 0.00 0
32064 0.00 0.00 0.00 0
32065 0.00 0.00 0.00 0
32066 0.00 0.00 0.00 0
34318 0.00 0.00 0.00 0
34319 0.00 0.00 0.00 0
34320 0.00 0.00 0.00 0
34321 0.00 0.00 0.00 0
34322 0.00 0.00 0.00 0
34323 0.00 0.00 0.00 0
34324 0.00 0.00 0.00 0
34325 0.00 0.00 0.00 0
34326 0.00 0.00 0.00 0
34329 0.00 0.00 0.00 0
34330 0.00 0.00 0.00 0
34331 0.00 0.00 0.00 0
34332 0.00 0.00 0.00 0
34333 0.00 0.00 0.00 0
34334 0.00 0.00 0.00 0
34335 0.00 0.00 0.00 0
34336 0.00 0.00 0.00 0
34337 0.00 0.00 0.00 0
34338 0.00 0.00 0.00 0
34339 0.00 0.00 0.00 0
34340 0.00 0.00 0.00 0
34341 0.00 0.00 0.00 0
34342 0.00 0.00 0.00 0
34343 0.00 0.00 0.00 0
34344 0.00 0.00 0.00 0
34345 0.00 0.00 0.00 0
34346 0.00 0.00 0.00 0
34347 0.00 0.00 0.00 0
34348 0.00 0.00 0.00 0
34349 0.00 0.00 0.00 0
34351 0.00 0.00 0.00 0
34352 0.00 0.00 0.00 0
40455 0.00 0.00 0.00 0
40456 0.00 0.00 0.00 0
40594 0.00 0.00 0.00 0
40595 0.00 0.00 0.00 0
40669 0.00 0.00 0.00 0
40670 0.00 0.00 0.00 0
40675 0.00 0.00 0.00 0
40676 0.00 0.00 0.00 0
40677 0.00 0.00 0.00 0
40678 0.00 0.00 0.00 0
40679 0.00 0.00 0.00 0
40680 0.00 0.00 0.00 0
40681 0.00 0.00 0.00 0
40702 0.00 0.00 0.00 0
40703 0.00 0.00 0.00 0
42327 0.00 0.00 0.00 0
42328 0.00 0.00 0.00 0
42329 0.00 0.00 0.00 0
42330 0.00 0.00 0.00 0
42331 0.00 0.00 0.00 0
42332 0.00 0.00 0.00 0
42333 0.00 0.00 0.00 0
44059 0.00 0.00 0.00 0
44079 0.00 0.00 0.00 0
44080 0.00 0.00 0.00 0
44081 0.00 0.00 0.00 0
44082 0.00 0.00 0.00 0
44083 0.00 0.00 0.00 0
44084 0.00 0.00 0.00 0
44085 0.00 0.00 0.00 0
44086 0.00 0.00 0.00 0
44087 0.00 0.00 0.00 0
44088 0.00 0.00 0.00 0
46457 0.00 0.00 0.00 0
46458 0.00 0.00 0.00 0
46459 0.00 0.00 0.00 0
46479 0.00 0.00 0.00 0
46480 0.00 0.00 0.00 0
46481 0.00 0.00 0.00 0
46482 0.00 0.00 0.00 0
46483 0.00 0.00 0.00 0
46484 0.00 0.00 0.00 0
46485 0.00 0.00 0.00 0
46486 0.00 0.00 0.00 0
46487 0.00 0.00 0.00 0
46488 0.00 0.00 0.00 0
46489 0.00 0.00 0.00 0
46490 0.00 0.00 0.00 0
46491 0.00 0.00 0.00 0
46492 0.00 0.00 0.00 0
46493 0.00 0.00 0.00 0
48260 0.00 0.00 0.00 0
48262 0.00 0.00 0.00 0
48263 0.00 0.00 0.00 0
48264 0.00 0.00 0.00 0
48265 0.00 0.00 0.00 0
48266 0.00 0.00 0.00 0
48267 0.00 0.00 0.00 0
48268 0.00 0.00 0.00 0
48269 0.00 0.00 0.00 0
48270 0.00 0.00 0.00 0
48271 0.00 0.00 0.00 0
48272 0.00 0.00 0.00 0
48273 0.00 0.00 0.00 0
48274 0.00 0.00 0.00 0
48275 0.00 0.00 0.00 0
48276 0.00 0.00 0.00 0
48277 0.00 0.00 0.00 0
48278 0.00 0.00 0.00 0
48280 0.00 0.00 0.00 0
48282 0.00 0.00 0.00 0
48283 0.00 0.00 0.00 0
48284 0.00 0.00 0.00 0
48285 0.00 0.00 0.00 0
48286 0.00 0.00 0.00 0
48287 0.00 0.00 0.00 0
48288 0.00 0.00 0.00 0
53455 0.00 0.00 0.00 0
53456 0.00 0.00 0.00 0
53457 0.00 0.00 0.00 0
53514 0.00 0.00 0.00 0
53515 0.00 0.00 0.00 0
53516 0.00 0.00 0.00 0
53517 0.00 0.00 0.00 0
53518 0.00 0.00 0.00 0
53519 0.00 0.00 0.00 0
53520 0.00 0.00 0.00 0
53521 0.00 0.00 0.00 0
53522 0.00 0.00 0.00 0
53523 0.00 0.00 0.00 0
53524 0.00 0.00 0.00 0
53526 0.00 0.00 0.00 0
53544 0.00 0.00 0.00 0
53545 0.00 0.00 0.00 0
53546 0.00 0.00 0.00 0
54334 0.00 0.00 0.00 0
54335 0.00 0.00 0.00 0
54336 0.00 0.00 0.00 0
56057 0.00 0.00 0.00 0
56058 0.00 0.00 0.00 0
56079 0.00 0.00 0.00 0
56080 0.00 0.00 0.00 0
56081 0.00 0.00 0.00 0
56082 0.00 0.00 0.00 0
56083 0.00 0.00 0.00 0
56084 0.00 0.00 0.00 0
56085 0.00 0.00 0.00 0
56086 0.00 0.00 0.00 0
56087 0.00 0.00 0.00 0
56088 0.00 0.00 0.00 0
56090 0.00 0.00 0.00 0
56092 0.00 0.00 0.00 0
57860 0.00 0.00 0.00 0
57861 0.00 0.00 0.00 0
57862 0.00 0.00 0.00 0
57863 0.00 0.00 0.00 0
57864 0.00 0.00 0.00 0
57865 0.00 0.00 0.00 0
57866 0.00 0.00 0.00 0
57867 0.00 0.00 0.00 0
57868 0.00 0.00 0.00 0
57869 0.00 0.00 0.00 0
57870 0.00 0.00 0.00 0
57871 0.00 0.00 0.00 0
57872 0.00 0.00 0.00 0
57873 0.00 0.00 0.00 0
57874 0.00 0.00 0.00 0
57875 0.00 0.00 0.00 0
57876 0.00 0.00 0.00 0
57877 0.00 0.00 0.00 0
57878 0.00 0.00 0.00 0
63114 0.00 0.00 0.00 0
63115 0.00 0.00 0.00 0
63116 0.00 0.00 0.00 0
63117 0.00 0.00 0.00 0
63118 0.00 0.00 0.00 0
63119 0.00 0.00 0.00 0
63120 0.00 0.00 0.00 0
63121 0.00 0.00 0.00 0
63122 0.00 0.00 0.00 0
63123 0.00 0.00 0.00 0
63124 0.00 0.00 0.00 0
63125 0.00 0.00 0.00 0
63126 0.00 0.00 0.00 0
63127 0.00 0.00 0.00 0
63128 0.00 0.00 0.00 0
63129 0.00 0.00 0.00 0
63144 0.00 0.00 0.00 0
63145 0.00 0.00 0.00 0
65070 0.00 0.00 0.00 0
65071 0.00 0.00 0.00 0
65072 0.00 0.00 0.00 0
65073 0.00 0.00 0.00 0
70247 0.00 0.00 0.00 0
70248 0.00 0.00 0.00 0
70249 0.00 0.00 0.00 0
70250 0.00 0.00 0.00 0
70251 0.00 0.00 0.00 0
70252 0.00 0.00 0.00 0
70253 0.00 0.00 0.00 0
70254 0.00 0.00 0.00 0
70256 0.00 0.00 0.00 0
70314 0.00 0.00 0.00 0
70315 0.00 0.00 0.00 0
70316 0.00 0.00 0.00 0
70317 0.00 0.00 0.00 0
70318 0.00 0.00 0.00 0
70319 0.00 0.00 0.00 0
70320 0.00 0.00 0.00 0
70321 0.00 0.00 0.00 0
70322 0.00 0.00 0.00 0
70323 0.00 0.00 0.00 0
70324 0.00 0.00 0.00 0
70325 0.00 0.00 0.00 0
70326 0.00 0.00 0.00 0
70327 0.00 0.00 0.00 0
70328 0.00 0.00 0.00 0
70329 0.00 0.00 0.00 0
70330 0.00 0.00 0.00 0
70331 0.00 0.00 0.00 0
70332 0.00 0.00 0.00 0
70333 0.00 0.00 0.00 0
70334 0.00 0.00 0.00 0
70335 0.00 0.00 0.00 0
70336 0.00 0.00 0.00 0
70337 0.00 0.00 0.00 0
70338 0.00 0.00 0.00 0
70339 0.00 0.00 0.00 0
70340 0.00 0.00 0.00 0
70341 0.00 0.00 0.00 0
70342 0.00 0.00 0.00 0
70343 0.00 0.00 0.00 0
70344 0.00 0.00 0.00 0
70345 0.00 0.00 0.00 0
70346 0.00 0.00 0.00 0
70347 0.00 0.00 0.00 0
70348 0.00 0.00 0.00 0
70349 0.00 0.00 0.00 0
70350 0.00 0.00 0.00 0
70351 0.00 0.00 0.00 0
70352 0.00 0.00 0.00 0
70353 0.00 0.00 0.00 0
70354 0.00 0.00 0.00 0
70355 0.00 0.00 0.00 0
70356 0.00 0.00 0.00 0
70357 0.00 0.00 0.00 0
70358 0.00 0.00 0.00 0
75670 0.00 0.00 0.00 0
75671 0.00 0.00 0.00 0
75672 0.00 0.00 0.00 0
75673 0.00 0.00 0.00 0
75674 0.00 0.00 0.00 0
75675 0.00 0.00 0.00 0
75676 0.00 0.00 0.00 0
75677 0.00 0.00 0.00 0
75678 0.00 0.00 0.00 0
75679 0.00 0.00 0.00 0
75680 0.00 0.00 0.00 0
75681 0.00 0.00 0.00 0
75682 0.00 0.00 0.00 0
75683 0.00 0.00 0.00 0
75684 0.00 0.00 0.00 0
75685 0.00 0.00 0.00 0
75686 0.00 0.00 0.00 0
75687 0.00 0.00 0.00 0
75688 0.00 0.00 0.00 0
75689 0.00 0.00 0.00 0
75690 0.00 0.00 0.00 0
75691 0.00 0.00 0.00 0
75692 0.00 0.00 0.00 0
75693 0.00 0.00 0.00 0
75694 0.00 0.00 0.00 0
75695 0.00 0.00 0.00 0
75696 0.00 0.00 0.00 0
75697 0.00 0.00 0.00 0
75698 0.00 0.00 0.00 0
75699 0.00 0.00 0.00 0
75700 0.00 0.00 0.00 0
75701 0.00 0.00 0.00 0
75702 0.00 0.00 0.00 0
75703 0.00 0.00 0.00 0
75704 0.00 0.00 0.00 0
75705 0.00 0.00 0.00 0
75706 0.00 0.00 0.00 0
75707 0.00 0.00 0.00 0
75708 0.00 0.00 0.00 0
75709 0.00 0.00 0.00 0
75710 0.00 0.00 0.00 0
75711 0.00 0.00 0.00 0
75712 0.00 0.00 0.00 0
75713 0.00 0.00 0.00 0
75714 0.00 0.00 0.00 0
75715 0.00 0.00 0.00 0
75716 0.00 0.00 0.00 0
75717 0.00 0.00 0.00 0
75718 0.00 0.00 0.00 0
75719 0.00 0.00 0.00 0
75720 0.00 0.00 0.00 0
75721 0.00 0.00 0.00 0
75725 0.00 0.00 0.00 0
75726 0.00 0.00 0.00 0
75727 0.00 0.00 0.00 0
75728 0.00 0.00 0.00 0
75729 0.00 0.00 0.00 0
75730 0.00 0.00 0.00 0
75731 0.00 0.00 0.00 0
75732 0.00 0.00 0.00 0
75733 0.00 0.00 0.00 0
75734 0.00 0.00 0.00 0
75735 0.00 0.00 0.00 0
75736 0.00 0.00 0.00 0
75737 0.00 0.00 0.00 0
75738 0.00 0.00 0.00 0
75739 0.00 0.00 0.00 0
75740 0.00 0.00 0.00 0
75741 0.00 0.00 0.00 0
75742 0.00 0.00 0.00 0
75743 0.00 0.00 0.00 0
75748 0.00 0.00 0.00 0
75749 0.00 0.00 0.00 0
75750 0.00 0.00 0.00 0
75751 0.00 0.00 0.00 0
75752 0.00 0.00 0.00 0
90894 0.00 0.00 0.00 0
90896 0.00 0.00 0.00 0
91240 0.00 0.00 0.00 0
91241 0.00 0.00 0.00 0
91242 0.00 0.00 0.00 0
91243 0.00 0.00 0.00 0
91244 0.00 0.00 0.00 0
91245 0.00 0.00 0.00 0
91246 0.00 0.00 0.00 0
91427 0.00 0.00 0.00 0
91428 0.00 0.00 0.00 0
91429 0.00 0.00 0.00 0
91430 0.00 0.00 0.00 0
91431 0.00 0.00 0.00 0
91432 0.00 0.00 0.00 0
91433 0.00 0.00 0.00 0
91434 0.00 0.00 0.00 0
91442 0.00 0.00 0.00 0
91443 0.00 0.00 0.00 0
91444 0.00 0.00 0.00 0
91445 0.00 0.00 0.00 0
91446 0.00 0.00 0.00 0
91447 0.00 0.00 0.00 0
91448 0.00 0.00 0.00 0
91449 0.00 0.00 0.00 0
91450 0.00 0.00 0.00 0
91451 0.00 0.00 0.00 0
91452 0.00 0.00 0.00 0
91453 0.00 0.00 0.00 0
91454 0.00 0.00 0.00 0
91455 0.00 0.00 0.00 0
91456 0.00 0.00 0.00 0
91457 0.00 0.00 0.00 0
91458 0.00 0.00 0.00 0
91459 0.00 0.00 0.00 0
91509 0.00 0.00 0.00 0
91510 0.00 0.00 0.00 0
91511 0.00 0.00 0.00 0
91512 0.00 0.00 0.00 0
91513 0.00 0.00 0.00 0
91514 0.00 0.00 0.00 0
91515 0.00 0.00 0.00 0
91516 0.00 0.00 0.00 0
91517 0.00 0.00 0.00 0
91518 0.00 0.00 0.00 0
92504 0.00 0.00 0.00 0
92505 0.00 0.00 0.00 0
92506 0.00 0.00 0.00 0
92507 0.00 0.00 0.00 0
93555 0.00 0.00 0.00 0
93556 0.00 0.00 0.00 0
93557 0.00 0.00 0.00 0
94621 0.00 0.00 0.00 0
94622 0.00 0.00 0.00 0
94623 0.00 0.00 0.00 0
94624 0.00 0.00 0.00 0
94625 0.00 0.00 0.00 0
94626 0.00 0.00 0.00 0
94627 0.00 0.00 0.00 0
94628 0.00 0.00 0.00 0
94629 0.00 0.00 0.00 0
94630 0.00 0.00 0.00 0
94631 0.00 0.00 0.00 0
97773 0.00 0.00 0.00 0
97774 0.00 0.00 0.00 0
97775 0.00 0.00 0.00 0
97776 0.00 0.00 0.00 0
97777 0.00 0.00 0.00 0
97778 0.00 0.00 0.00 0
97779 0.00 0.00 0.00 0
97780 0.00 0.00 0.00 0
97781 0.00 0.00 0.00 0
97782 0.00 0.00 0.00 0
97790 0.00 0.00 0.00 0
102053 0.00 0.00 0.00 0
102054 0.00 0.00 0.00 0
102055 0.00 0.00 0.00 0
102056 0.00 0.00 0.00 0
102057 0.00 0.00 0.00 0
102093 0.00 0.00 0.00 0
102094 0.00 0.00 0.00 0
102095 0.00 0.00 0.00 0
102096 0.00 0.00 0.00 0
102097 0.00 0.00 0.00 0
102098 0.00 0.00 0.00 0
102099 0.00 0.00 0.00 0
102100 0.00 0.00 0.00 0
102101 0.00 0.00 0.00 0
102102 0.00 0.00 0.00 0
102103 0.00 0.00 0.00 0
102104 0.00 0.00 0.00 0
102105 0.00 0.00 0.00 0
102106 0.00 0.00 0.00 0
102107 0.00 0.00 0.00 0
102108 0.00 0.00 0.00 0
102109 0.00 0.00 0.00 0
102110 0.00 0.00 0.00 0
102111 0.00 0.00 0.00 0
102112 0.00 0.00 0.00 0
102113 0.00 0.00 0.00 0
102114 0.00 0.00 0.00 0
102115 0.00 0.00 0.00 0
102116 0.00 0.00 0.00 0
102117 0.00 0.00 0.00 0
102118 0.00 0.00 0.00 0
102119 0.00 0.00 0.00 0
105306 0.00 0.00 0.00 0
105307 0.00 0.00 0.00 0
105308 0.00 0.00 0.00 0
105309 0.00 0.00 0.00 0
105310 0.00 0.00 0.00 0
105311 0.00 0.00 0.00 0
105312 0.00 0.00 0.00 0
105313 0.00 0.00 0.00 0
105314 0.00 0.00 0.00 0
105315 0.00 0.00 0.00 0
105316 0.00 0.00 0.00 0
105317 0.00 0.00 0.00 0
105318 0.00 0.00 0.00 0
105319 0.00 0.00 0.00 0
105320 0.00 0.00 0.00 0
105321 0.00 0.00 0.00 0
105322 0.00 0.00 0.00 0
105323 0.00 0.00 0.00 0
105324 0.00 0.00 0.00 0
105325 0.00 0.00 0.00 0
105326 0.00 0.00 0.00 0
105327 0.00 0.00 0.00 0
105328 0.00 0.00 0.00 0
105329 0.00 0.00 0.00 0
105330 0.00 0.00 0.00 0
105331 0.00 0.00 0.00 0
105332 0.00 0.00 0.00 0
105333 0.00 0.00 0.00 0
105334 0.00 0.00 0.00 0
105335 0.00 0.00 0.00 0
105336 0.00 0.00 0.00 0
105337 0.00 0.00 0.00 0
105340 0.00 0.00 0.00 0
105341 0.00 0.00 0.00 0
105342 0.00 0.00 0.00 0
105343 0.00 0.00 0.00 0
105344 0.00 0.00 0.00 0
105345 0.00 0.00 0.00 0
105346 0.00 0.00 0.00 0
105347 0.00 0.00 0.00 0
105348 0.00 0.00 0.00 0
105349 0.00 0.00 0.00 0
105350 0.00 0.00 0.00 0
114443 0.00 0.00 0.00 0
114649 0.00 0.00 0.00 0
114650 0.00 0.00 0.00 0
114651 0.00 0.00 0.00 0
114652 0.00 0.00 0.00 0
114653 0.00 0.00 0.00 0
114756 0.00 0.00 0.00 0
114758 0.00 0.00 0.00 0
114759 0.00 0.00 0.00 0
114760 0.00 0.00 0.00 0
114761 0.00 0.00 0.00 0
114762 0.00 0.00 0.00 0
114763 0.00 0.00 0.00 0
114764 0.00 0.00 0.00 0
114765 0.00 0.00 0.00 0
114766 0.00 0.00 0.00 0
114767 0.00 0.00 0.00 0
114768 0.00 0.00 0.00 0
114769 0.00 0.00 0.00 0
114770 0.00 0.00 0.00 0
114771 0.00 0.00 0.00 0
114772 0.00 0.00 0.00 0
114773 0.00 0.00 0.00 0
114774 0.00 0.00 0.00 0
114775 0.00 0.00 0.00 0
114776 0.00 0.00 0.00 0
114777 0.00 0.00 0.00 0
114778 0.00 0.00 0.00 0
114779 0.00 0.00 0.00 0
114780 0.00 0.00 0.00 0
114810 0.00 0.00 0.00 0
114811 0.00 0.00 0.00 0
114812 0.00 0.00 0.00 0
114813 0.00 0.00 0.00 0
114814 0.00 0.00 0.00 0
116004 0.00 0.00 0.00 0
118415 0.00 0.00 0.00 0
118416 0.00 0.00 0.00 0
118417 0.00 0.00 0.00 0
118446 0.00 0.00 0.00 0
118447 0.00 0.00 0.00 0
118448 0.00 0.00 0.00 0
118449 0.00 0.00 0.00 0
118450 0.00 0.00 0.00 0
118451 0.00 0.00 0.00 0
118452 0.00 0.00 0.00 0
118453 0.00 0.00 0.00 0
118454 0.00 0.00 0.00 0
118455 0.00 0.00 0.00 0
118456 0.00 0.00 0.00 0
118457 0.00 0.00 0.00 0
118458 0.00 0.00 0.00 0
118459 0.00 0.00 0.00 0
118460 0.00 0.00 0.00 0
118461 0.00 0.00 0.00 0
118462 0.00 0.00 0.00 0
118463 0.00 0.00 0.00 0
118464 0.00 0.00 0.00 0
118465 0.00 0.00 0.00 0
118466 0.00 0.00 0.00 0
120943 0.00 0.00 0.00 0
120944 0.00 0.00 0.00 0
120945 0.00 0.00 0.00 0
120946 0.00 0.00 0.00 0
120947 0.00 0.00 0.00 0
120948 0.00 0.00 0.00 0
120949 0.00 0.00 0.00 0
120950 0.00 0.00 0.00 0
120951 0.00 0.00 0.00 0
120952 0.00 0.00 0.00 0
120953 0.00 0.00 0.00 0
120954 0.00 0.00 0.00 0
120955 0.00 0.00 0.00 0
120956 0.00 0.00 0.00 0
120957 0.00 0.00 0.00 0
120958 0.00 0.00 0.00 0
120959 0.00 0.00 0.00 0
120960 0.00 0.00 0.00 0
120961 0.00 0.00 0.00 0
120962 0.00 0.00 0.00 0
120963 0.00 0.00 0.00 0
120964 0.00 0.00 0.00 0
120965 0.00 0.00 0.00 0
120977 0.00 0.00 0.00 0
128295 0.00 0.00 0.00 0
128296 0.00 0.00 0.00 0
128297 0.00 0.00 0.00 0
128298 0.00 0.00 0.00 0
128299 0.00 0.00 0.00 0
128300 0.00 0.00 0.00 0
128301 0.00 0.00 0.00 0
128302 0.00 0.00 0.00 0
128303 0.00 0.00 0.00 0
128304 0.00 0.00 0.00 0
128305 0.00 0.00 0.00 0
128306 0.00 0.00 0.00 0
128307 0.00 0.00 0.00 0
128308 0.00 0.00 0.00 0
128309 0.00 0.00 0.00 0
128310 0.00 0.00 0.00 0
128311 0.00 0.00 0.00 0
128312 0.00 0.00 0.00 0
128313 0.00 0.00 0.00 0
128314 0.00 0.00 0.00 0
128337 0.00 0.00 0.00 0
128338 0.00 0.00 0.00 0
128339 0.00 0.00 0.00 0
128340 0.00 0.00 0.00 0
130806 0.00 0.00 0.00 0
130807 0.00 0.00 0.00 0
130808 0.00 0.00 0.00 0
130809 0.00 0.00 0.00 0
130810 0.00 0.00 0.00 0
130811 0.00 0.00 0.00 0
130813 0.00 0.00 0.00 0
130814 0.00 0.00 0.00 0
137363 0.00 0.00 0.00 0
137364 0.00 0.00 0.00 0
137365 0.00 0.00 0.00 0
137366 0.00 0.00 0.00 0
137367 0.00 0.00 0.00 0
137368 0.00 0.00 0.00 0
137369 0.00 0.00 0.00 0
137370 0.00 0.00 0.00 0
137371 0.00 0.00 0.00 0
137372 0.00 0.00 0.00 0
137374 0.00 0.00 0.00 0
137375 0.00 0.00 0.00 0
137376 0.00 0.00 0.00 0
137448 0.00 0.00 0.00 0
137449 0.00 0.00 0.00 0
137450 0.00 0.00 0.00 0
137451 0.00 0.00 0.00 0
137452 0.00 0.00 0.00 0
137453 0.00 0.00 0.00 0
137454 0.00 0.00 0.00 0
137455 0.00 0.00 0.00 0
137456 0.00 0.00 0.00 0
137457 0.00 0.00 0.00 0
137458 0.00 0.00 0.00 0
137459 0.00 0.00 0.00 0
137460 0.00 0.00 0.00 0
137461 0.00 0.00 0.00 0
137462 0.00 0.00 0.00 0
137463 0.00 0.00 0.00 0
137464 0.00 0.00 0.00 0
137465 0.00 0.00 0.00 0
137466 0.00 0.00 0.00 0
137467 0.00 0.00 0.00 0
137468 0.00 0.00 0.00 0
137469 0.00 0.00 0.00 0
137470 0.00 0.00 0.00 0
137471 0.00 0.00 0.00 0
137472 0.00 0.00 0.00 0
137473 0.00 0.00 0.00 0
137474 0.00 0.00 0.00 0
137475 0.00 0.00 0.00 0
137476 0.00 0.00 0.00 0
137477 0.00 0.00 0.00 0
137478 0.00 0.00 0.00 0
137479 0.00 0.00 0.00 0
137480 0.00 0.00 0.00 0
137481 0.00 0.00 0.00 0
137482 0.00 0.00 0.00 0
137483 0.00 0.00 0.00 0
137484 0.00 0.00 0.00 0
137485 0.00 0.00 0.00 0
137486 0.00 0.00 0.00 0
137487 0.00 0.00 0.00 0
137488 0.00 0.00 0.00 0
137489 0.00 0.00 0.00 0
137490 0.00 0.00 0.00 0
137491 0.00 0.00 0.00 0
137492 0.00 0.00 0.00 0
137493 0.00 0.00 0.00 0
137494 0.00 0.00 0.00 0
137495 0.00 0.00 0.00 0
137496 0.00 0.00 0.00 0
137497 0.00 0.00 0.00 0
137498 0.00 0.00 0.00 0
137499 0.00 0.00 0.00 0
137500 0.00 0.00 0.00 0
137501 0.00 0.00 0.00 0
137502 0.00 0.00 0.00 0
137503 0.00 0.00 0.00 0
143977 0.00 0.00 0.00 0
144004 0.00 0.00 0.00 0
144005 0.00 0.00 0.00 0
144006 0.00 0.00 0.00 0
144007 0.00 0.00 0.00 0
144008 0.00 0.00 0.00 0
144009 0.00 0.00 0.00 0
144010 0.00 0.00 0.00 0
144011 0.00 0.00 0.00 0
144012 0.00 0.00 0.00 0
144013 0.00 0.00 0.00 0
144014 0.00 0.00 0.00 0
144015 0.00 0.00 0.00 0
144016 0.00 0.00 0.00 0
144017 0.00 0.00 0.00 0
144018 0.00 0.00 0.00 0
144019 0.00 0.00 0.00 0
144020 0.00 0.00 0.00 0
144021 0.00 0.00 0.00 0
144022 0.00 0.00 0.00 0
144023 0.00 0.00 0.00 0
144024 0.00 0.00 0.00 0
144025 0.00 0.00 0.00 0
144026 0.00 0.00 0.00 0
144027 0.00 0.00 0.00 0
144028 0.00 0.00 0.00 0
144029 0.00 0.00 0.00 0
144035 0.00 0.00 0.00 0
144036 0.00 0.00 0.00 0
144037 0.00 0.00 0.00 0
144038 0.00 0.00 0.00 0
144039 0.00 0.00 0.00 0
144040 0.00 0.00 0.00 0
144041 0.00 0.00 0.00 0
144042 0.00 0.00 0.00 0
144043 0.00 0.00 0.00 0
144044 0.00 0.00 0.00 0
144045 0.00 0.00 0.00 0
144046 0.00 0.00 0.00 0
144047 0.00 0.00 0.00 0
144048 0.00 0.00 0.00 0
144049 0.00 0.00 0.00 0
144050 0.00 0.00 0.00 0
144051 0.00 0.00 0.00 0
144052 0.00 0.00 0.00 0
144053 0.00 0.00 0.00 0
144054 0.00 0.00 0.00 0
144055 0.00 0.00 0.00 0
144056 0.00 0.00 0.00 0
144057 0.00 0.00 0.00 0
144058 0.00 0.00 0.00 0
144059 0.00 0.00 0.00 0
144060 0.00 0.00 0.00 0
144061 0.00 0.00 0.00 0
144062 0.00 0.00 0.00 0
144063 0.00 0.00 0.00 0
144064 0.00 0.00 0.00 0
144065 0.00 0.00 0.00 0
144066 0.00 0.00 0.00 0
144067 0.00 0.00 0.00 0
144068 0.00 0.00 0.00 0
144070 0.00 0.00 0.00 0
144071 0.00 0.00 0.00 0
144072 0.00 0.00 0.00 0
144073 0.00 0.00 0.00 0
144074 0.00 0.00 0.00 0
144075 0.00 0.00 0.00 0
144076 0.00 0.00 0.00 0
144077 0.00 0.00 0.00 0
144078 0.00 0.00 0.00 0
144079 0.00 0.00 0.00 0
144080 0.00 0.00 0.00 0
144081 0.00 0.00 0.00 0
144082 0.00 0.00 0.00 0
144083 0.00 0.00 0.00 0
144084 0.00 0.00 0.00 0
144085 0.00 0.00 0.00 0
144086 0.00 0.00 0.00 0
144087 0.00 0.00 0.00 0
144088 0.00 0.00 0.00 0
144089 0.00 0.00 0.00 0
144090 0.00 0.00 0.00 0
144091 0.00 0.00 0.00 0
144092 0.00 0.00 0.00 0
144093 0.00 0.00 0.00 0
144094 0.00 0.00 0.00 0
144095 0.00 0.00 0.00 0
144096 0.00 0.00 0.00 0
144097 0.00 0.00 0.00 0
144098 0.00 0.00 0.00 0
144100 0.00 0.00 0.00 0
144101 0.00 0.00 0.00 0
144102 0.00 0.00 0.00 0
144103 0.00 0.00 0.00 0
144104 0.00 0.00 0.00 0
144105 0.00 0.00 0.00 0
144106 0.00 0.00 0.00 0
162312 0.00 0.00 0.00 0
162321 0.00 0.00 0.00 0
162322 0.00 0.00 0.00 0
162323 0.00 0.00 0.00 0
162324 0.00 0.00 0.00 0
162325 0.00 0.00 0.00 0
162327 0.00 0.00 0.00 0
162328 0.00 0.00 0.00 0
162736 0.00 0.00 0.00 0
162737 0.00 0.00 0.00 0
162738 0.00 0.00 0.00 0
162739 0.00 0.00 0.00 0
162740 0.00 0.00 0.00 0
162741 0.00 0.00 0.00 0
162961 0.00 0.00 0.00 0
162962 0.00 0.00 0.00 0
162963 0.00 0.00 0.00 0
162964 0.00 0.00 0.00 0
162965 0.00 0.00 0.00 0
162966 0.00 0.00 0.00 0
162967 0.00 0.00 0.00 0
162979 0.00 0.00 0.00 0
162980 0.00 0.00 0.00 0
162981 0.00 0.00 0.00 0
162982 0.00 0.00 0.00 0
162983 0.00 0.00 0.00 0
162984 0.00 0.00 0.00 0
162985 0.00 0.00 0.00 0
162986 0.00 0.00 0.00 0
162987 0.00 0.00 0.00 0
162988 0.00 0.00 0.00 0
162989 0.00 0.00 0.00 0
162990 0.00 0.00 0.00 0
162991 0.00 0.00 0.00 0
162992 0.00 0.00 0.00 0
162993 0.00 0.00 0.00 0
162994 0.00 0.00 0.00 0
162995 0.00 0.00 0.00 0
162996 0.00 0.00 0.00 0
162997 0.00 0.00 0.00 0
162998 0.00 0.00 0.00 0
162999 0.00 0.00 0.00 0
163000 0.00 0.00 0.00 0
163060 0.00 0.00 0.00 0
163061 0.00 0.00 0.00 0
163062 0.00 0.00 0.00 0
163063 0.00 0.00 0.00 0
163064 0.00 0.00 0.00 0
163065 0.00 0.00 0.00 0
163066 0.00 0.00 0.00 0
163069 0.00 0.00 0.00 0
163070 0.00 0.00 0.00 0
163071 0.00 0.00 0.00 0
163074 0.00 0.00 0.00 0
