# S_orbital_med-olfact
806
427 0.00 0.00 0.00 0
428 0.00 0.00 0.00 0
519 0.00 0.00 0.00 0
1138 0.00 0.00 0.00 0
1139 0.00 0.00 0.00 0
1736 0.00 0.00 0.00 0
1957 0.00 0.00 0.00 0
1958 0.00 0.00 0.00 0
1959 0.00 0.00 0.00 0
1960 0.00 0.00 0.00 0
2199 0.00 0.00 0.00 0
2200 0.00 0.00 0.00 0
2436 0.00 0.00 0.00 0
2437 0.00 0.00 0.00 0
3059 0.00 0.00 0.00 0
4297 0.00 0.00 0.00 0
4298 0.00 0.00 0.00 0
4299 0.00 0.00 0.00 0
4856 0.00 0.00 0.00 0
4858 0.00 0.00 0.00 0
4859 0.00 0.00 0.00 0
4860 0.00 0.00 0.00 0
4861 0.00 0.00 0.00 0
4862 0.00 0.00 0.00 0
5445 0.00 0.00 0.00 0
5446 0.00 0.00 0.00 0
5447 0.00 0.00 0.00 0
5449 0.00 0.00 0.00 0
6658 0.00 0.00 0.00 0
6659 0.00 0.00 0.00 0
6660 0.00 0.00 0.00 0
6661 0.00 0.00 0.00 0
7011 0.00 0.00 0.00 0
7012 0.00 0.00 0.00 0
8467 0.00 0.00 0.00 0
8468 0.00 0.00 0.00 0
8469 0.00 0.00 0.00 0
8470 0.00 0.00 0.00 0
8471 0.00 0.00 0.00 0
8472 0.00 0.00 0.00 0
8473 0.00 0.00 0.00 0
8474 0.00 0.00 0.00 0
8475 0.00 0.00 0.00 0
9159 0.00 0.00 0.00 0
9160 0.00 0.00 0.00 0
9161 0.00 0.00 0.00 0
9162 0.00 0.00 0.00 0
9864 0.00 0.00 0.00 0
9867 0.00 0.00 0.00 0
9868 0.00 0.00 0.00 0
9870 0.00 0.00 0.00 0
11977 0.00 0.00 0.00 0
11978 0.00 0.00 0.00 0
11979 0.00 0.00 0.00 0
12536 0.00 0.00 0.00 0
12537 0.00 0.00 0.00 0
12538 0.00 0.00 0.00 0
12539 0.00 0.00 0.00 0
12540 0.00 0.00 0.00 0
12541 0.00 0.00 0.00 0
12542 0.00 0.00 0.00 0
13125 0.00 0.00 0.00 0
13126 0.00 0.00 0.00 0
13127 0.00 0.00 0.00 0
14935 0.00 0.00 0.00 0
14936 0.00 0.00 0.00 0
14937 0.00 0.00 0.00 0
14938 0.00 0.00 0.00 0
14939 0.00 0.00 0.00 0
14940 0.00 0.00 0.00 0
14941 0.00 0.00 0.00 0
15526 0.00 0.00 0.00 0
18652 0.00 0.00 0.00 0
18653 0.00 0.00 0.00 0
18654 0.00 0.00 0.00 0
18655 0.00 0.00 0.00 0
18656 0.00 0.00 0.00 0
18657 0.00 0.00 0.00 0
18658 0.00 0.00 0.00 0
18659 0.00 0.00 0.00 0
18661 0.00 0.00 0.00 0
18663 0.00 0.00 0.00 0
18664 0.00 0.00 0.00 0
18665 0.00 0.00 0.00 0
18666 0.00 0.00 0.00 0
18667 0.00 0.00 0.00 0
18668 0.00 0.00 0.00 0
18669 0.00 0.00 0.00 0
20336 0.00 0.00 0.00 0
20337 0.00 0.00 0.00 0
20338 0.00 0.00 0.00 0
20339 0.00 0.00 0.00 0
20340 0.00 0.00 0.00 0
20341 0.00 0.00 0.00 0
20342 0.00 0.00 0.00 0
20343 0.00 0.00 0.00 0
20344 0.00 0.00 0.00 0
20345 0.00 0.00 0.00 0
20346 0.00 0.00 0.00 0
20347 0.00 0.00 0.00 0
20349 0.00 0.00 0.00 0
22095 0.00 0.00 0.00 0
22096 0.00 0.00 0.00 0
22097 0.00 0.00 0.00 0
22098 0.00 0.00 0.00 0
22099 0.00 0.00 0.00 0
22100 0.00 0.00 0.00 0
22103 0.00 0.00 0.00 0
22104 0.00 0.00 0.00 0
22105 0.00 0.00 0.00 0
22106 0.00 0.00 0.00 0
22107 0.00 0.00 0.00 0
22108 0.00 0.00 0.00 0
22109 0.00 0.00 0.00 0
22110 0.00 0.00 0.00 0
22112 0.00 0.00 0.00 0
23937 0.00 0.00 0.00 0
26167 0.00 0.00 0.00 0
26168 0.00 0.00 0.00 0
26169 0.00 0.00 0.00 0
26170 0.00 0.00 0.00 0
26171 0.00 0.00 0.00 0
26177 0.00 0.00 0.00 0
27172 0.00 0.00 0.00 0
27173 0.00 0.00 0.00 0
27174 0.00 0.00 0.00 0
27175 0.00 0.00 0.00 0
27176 0.00 0.00 0.00 0
27178 0.00 0.00 0.00 0
27179 0.00 0.00 0.00 0
27180 0.00 0.00 0.00 0
27181 0.00 0.00 0.00 0
27182 0.00 0.00 0.00 0
27183 0.00 0.00 0.00 0
27184 0.00 0.00 0.00 0
28233 0.00 0.00 0.00 0
28234 0.00 0.00 0.00 0
28235 0.00 0.00 0.00 0
28236 0.00 0.00 0.00 0
28237 0.00 0.00 0.00 0
28239 0.00 0.00 0.00 0
30113 0.00 0.00 0.00 0
30894 0.00 0.00 0.00 0
30895 0.00 0.00 0.00 0
30896 0.00 0.00 0.00 0
30897 0.00 0.00 0.00 0
30898 0.00 0.00 0.00 0
30899 0.00 0.00 0.00 0
30900 0.00 0.00 0.00 0
30901 0.00 0.00 0.00 0
30902 0.00 0.00 0.00 0
31719 0.00 0.00 0.00 0
31720 0.00 0.00 0.00 0
31721 0.00 0.00 0.00 0
31722 0.00 0.00 0.00 0
35677 0.00 0.00 0.00 0
35678 0.00 0.00 0.00 0
35679 0.00 0.00 0.00 0
35680 0.00 0.00 0.00 0
35681 0.00 0.00 0.00 0
35682 0.00 0.00 0.00 0
35683 0.00 0.00 0.00 0
35684 0.00 0.00 0.00 0
35685 0.00 0.00 0.00 0
35686 0.00 0.00 0.00 0
35687 0.00 0.00 0.00 0
35688 0.00 0.00 0.00 0
35689 0.00 0.00 0.00 0
35690 0.00 0.00 0.00 0
35692 0.00 0.00 0.00 0
35693 0.00 0.00 0.00 0
35694 0.00 0.00 0.00 0
35695 0.00 0.00 0.00 0
35696 0.00 0.00 0.00 0
35697 0.00 0.00 0.00 0
35698 0.00 0.00 0.00 0
37719 0.00 0.00 0.00 0
37720 0.00 0.00 0.00 0
37721 0.00 0.00 0.00 0
37722 0.00 0.00 0.00 0
37723 0.00 0.00 0.00 0
37724 0.00 0.00 0.00 0
37725 0.00 0.00 0.00 0
37726 0.00 0.00 0.00 0
37727 0.00 0.00 0.00 0
37728 0.00 0.00 0.00 0
37729 0.00 0.00 0.00 0
37730 0.00 0.00 0.00 0
37731 0.00 0.00 0.00 0
37734 0.00 0.00 0.00 0
39828 0.00 0.00 0.00 0
39831 0.00 0.00 0.00 0
39832 0.00 0.00 0.00 0
39837 0.00 0.00 0.00 0
39838 0.00 0.00 0.00 0
39839 0.00 0.00 0.00 0
39840 0.00 0.00 0.00 0
39841 0.00 0.00 0.00 0
39842 0.00 0.00 0.00 0
39848 0.00 0.00 0.00 0
39851 0.00 0.00 0.00 0
42697 0.00 0.00 0.00 0
42698 0.00 0.00 0.00 0
42699 0.00 0.00 0.00 0
43256 0.00 0.00 0.00 0
43257 0.00 0.00 0.00 0
43258 0.00 0.00 0.00 0
43259 0.00 0.00 0.00 0
43260 0.00 0.00 0.00 0
43261 0.00 0.00 0.00 0
43262 0.00 0.00 0.00 0
43845 0.00 0.00 0.00 0
43846 0.00 0.00 0.00 0
43847 0.00 0.00 0.00 0
45655 0.00 0.00 0.00 0
45657 0.00 0.00 0.00 0
45658 0.00 0.00 0.00 0
45659 0.00 0.00 0.00 0
48042 0.00 0.00 0.00 0
48043 0.00 0.00 0.00 0
48044 0.00 0.00 0.00 0
49372 0.00 0.00 0.00 0
49373 0.00 0.00 0.00 0
49374 0.00 0.00 0.00 0
49375 0.00 0.00 0.00 0
49376 0.00 0.00 0.00 0
49377 0.00 0.00 0.00 0
49378 0.00 0.00 0.00 0
49379 0.00 0.00 0.00 0
49383 0.00 0.00 0.00 0
49384 0.00 0.00 0.00 0
49385 0.00 0.00 0.00 0
49386 0.00 0.00 0.00 0
49387 0.00 0.00 0.00 0
49388 0.00 0.00 0.00 0
49389 0.00 0.00 0.00 0
51056 0.00 0.00 0.00 0
51057 0.00 0.00 0.00 0
51058 0.00 0.00 0.00 0
51059 0.00 0.00 0.00 0
51060 0.00 0.00 0.00 0
51061 0.00 0.00 0.00 0
51062 0.00 0.00 0.00 0
51063 0.00 0.00 0.00 0
51064 0.00 0.00 0.00 0
51065 0.00 0.00 0.00 0
51066 0.00 0.00 0.00 0
51067 0.00 0.00 0.00 0
52815 0.00 0.00 0.00 0
52816 0.00 0.00 0.00 0
52817 0.00 0.00 0.00 0
52818 0.00 0.00 0.00 0
52819 0.00 0.00 0.00 0
52820 0.00 0.00 0.00 0
52822 0.00 0.00 0.00 0
52823 0.00 0.00 0.00 0
52824 0.00 0.00 0.00 0
52825 0.00 0.00 0.00 0
52826 0.00 0.00 0.00 0
52827 0.00 0.00 0.00 0
52828 0.00 0.00 0.00 0
52829 0.00 0.00 0.00 0
52830 0.00 0.00 0.00 0
52831 0.00 0.00 0.00 0
52832 0.00 0.00 0.00 0
58972 0.00 0.00 0.00 0
58973 0.00 0.00 0.00 0
58974 0.00 0.00 0.00 0
58975 0.00 0.00 0.00 0
58976 0.00 0.00 0.00 0
58977 0.00 0.00 0.00 0
58978 0.00 0.00 0.00 0
58979 0.00 0.00 0.00 0
60646 0.00 0.00 0.00 0
60647 0.00 0.00 0.00 0
60648 0.00 0.00 0.00 0
60649 0.00 0.00 0.00 0
60650 0.00 0.00 0.00 0
60651 0.00 0.00 0.00 0
60652 0.00 0.00 0.00 0
60653 0.00 0.00 0.00 0
60654 0.00 0.00 0.00 0
60655 0.00 0.00 0.00 0
60656 0.00 0.00 0.00 0
60657 0.00 0.00 0.00 0
60658 0.00 0.00 0.00 0
60659 0.00 0.00 0.00 0
60660 0.00 0.00 0.00 0
60661 0.00 0.00 0.00 0
60662 0.00 0.00 0.00 0
60663 0.00 0.00 0.00 0
60664 0.00 0.00 0.00 0
60665 0.00 0.00 0.00 0
60666 0.00 0.00 0.00 0
60667 0.00 0.00 0.00 0
62415 0.00 0.00 0.00 0
62416 0.00 0.00 0.00 0
62417 0.00 0.00 0.00 0
62418 0.00 0.00 0.00 0
62419 0.00 0.00 0.00 0
62420 0.00 0.00 0.00 0
62421 0.00 0.00 0.00 0
62422 0.00 0.00 0.00 0
67845 0.00 0.00 0.00 0
67846 0.00 0.00 0.00 0
67847 0.00 0.00 0.00 0
67848 0.00 0.00 0.00 0
67849 0.00 0.00 0.00 0
67850 0.00 0.00 0.00 0
67851 0.00 0.00 0.00 0
67852 0.00 0.00 0.00 0
67853 0.00 0.00 0.00 0
67854 0.00 0.00 0.00 0
67855 0.00 0.00 0.00 0
67856 0.00 0.00 0.00 0
67857 0.00 0.00 0.00 0
67858 0.00 0.00 0.00 0
67859 0.00 0.00 0.00 0
67860 0.00 0.00 0.00 0
67861 0.00 0.00 0.00 0
67862 0.00 0.00 0.00 0
69615 0.00 0.00 0.00 0
69616 0.00 0.00 0.00 0
69617 0.00 0.00 0.00 0
69619 0.00 0.00 0.00 0
69620 0.00 0.00 0.00 0
69621 0.00 0.00 0.00 0
78997 0.00 0.00 0.00 0
78998 0.00 0.00 0.00 0
78999 0.00 0.00 0.00 0
79000 0.00 0.00 0.00 0
79001 0.00 0.00 0.00 0
79002 0.00 0.00 0.00 0
79003 0.00 0.00 0.00 0
79004 0.00 0.00 0.00 0
79005 0.00 0.00 0.00 0
79006 0.00 0.00 0.00 0
79007 0.00 0.00 0.00 0
79008 0.00 0.00 0.00 0
79009 0.00 0.00 0.00 0
79010 0.00 0.00 0.00 0
79011 0.00 0.00 0.00 0
79012 0.00 0.00 0.00 0
79013 0.00 0.00 0.00 0
79014 0.00 0.00 0.00 0
79015 0.00 0.00 0.00 0
79016 0.00 0.00 0.00 0
79017 0.00 0.00 0.00 0
79018 0.00 0.00 0.00 0
79019 0.00 0.00 0.00 0
79021 0.00 0.00 0.00 0
79022 0.00 0.00 0.00 0
79023 0.00 0.00 0.00 0
79024 0.00 0.00 0.00 0
79025 0.00 0.00 0.00 0
79026 0.00 0.00 0.00 0
79027 0.00 0.00 0.00 0
79031 0.00 0.00 0.00 0
79032 0.00 0.00 0.00 0
79033 0.00 0.00 0.00 0
79034 0.00 0.00 0.00 0
79035 0.00 0.00 0.00 0
79036 0.00 0.00 0.00 0
79037 0.00 0.00 0.00 0
79038 0.00 0.00 0.00 0
79039 0.00 0.00 0.00 0
79040 0.00 0.00 0.00 0
79041 0.00 0.00 0.00 0
79042 0.00 0.00 0.00 0
79043 0.00 0.00 0.00 0
79044 0.00 0.00 0.00 0
79045 0.00 0.00 0.00 0
79046 0.00 0.00 0.00 0
79047 0.00 0.00 0.00 0
79048 0.00 0.00 0.00 0
79051 0.00 0.00 0.00 0
84046 0.00 0.00 0.00 0
84056 0.00 0.00 0.00 0
84057 0.00 0.00 0.00 0
84058 0.00 0.00 0.00 0
84059 0.00 0.00 0.00 0
84060 0.00 0.00 0.00 0
84061 0.00 0.00 0.00 0
84062 0.00 0.00 0.00 0
84063 0.00 0.00 0.00 0
84064 0.00 0.00 0.00 0
84065 0.00 0.00 0.00 0
84066 0.00 0.00 0.00 0
84067 0.00 0.00 0.00 0
84068 0.00 0.00 0.00 0
84069 0.00 0.00 0.00 0
84070 0.00 0.00 0.00 0
84071 0.00 0.00 0.00 0
84072 0.00 0.00 0.00 0
84073 0.00 0.00 0.00 0
84074 0.00 0.00 0.00 0
84075 0.00 0.00 0.00 0
84076 0.00 0.00 0.00 0
84077 0.00 0.00 0.00 0
84078 0.00 0.00 0.00 0
84079 0.00 0.00 0.00 0
84080 0.00 0.00 0.00 0
84081 0.00 0.00 0.00 0
84082 0.00 0.00 0.00 0
84083 0.00 0.00 0.00 0
84084 0.00 0.00 0.00 0
84085 0.00 0.00 0.00 0
84087 0.00 0.00 0.00 0
84088 0.00 0.00 0.00 0
84089 0.00 0.00 0.00 0
84090 0.00 0.00 0.00 0
84099 0.00 0.00 0.00 0
89325 0.00 0.00 0.00 0
89326 0.00 0.00 0.00 0
89327 0.00 0.00 0.00 0
89328 0.00 0.00 0.00 0
89329 0.00 0.00 0.00 0
89330 0.00 0.00 0.00 0
89332 0.00 0.00 0.00 0
89333 0.00 0.00 0.00 0
89334 0.00 0.00 0.00 0
89335 0.00 0.00 0.00 0
89336 0.00 0.00 0.00 0
89337 0.00 0.00 0.00 0
89338 0.00 0.00 0.00 0
89348 0.00 0.00 0.00 0
89349 0.00 0.00 0.00 0
89350 0.00 0.00 0.00 0
89351 0.00 0.00 0.00 0
89352 0.00 0.00 0.00 0
89353 0.00 0.00 0.00 0
89354 0.00 0.00 0.00 0
89355 0.00 0.00 0.00 0
89356 0.00 0.00 0.00 0
89357 0.00 0.00 0.00 0
89358 0.00 0.00 0.00 0
89359 0.00 0.00 0.00 0
89360 0.00 0.00 0.00 0
89361 0.00 0.00 0.00 0
89362 0.00 0.00 0.00 0
89363 0.00 0.00 0.00 0
89364 0.00 0.00 0.00 0
89365 0.00 0.00 0.00 0
89373 0.00 0.00 0.00 0
89375 0.00 0.00 0.00 0
89376 0.00 0.00 0.00 0
89377 0.00 0.00 0.00 0
89384 0.00 0.00 0.00 0
95287 0.00 0.00 0.00 0
95288 0.00 0.00 0.00 0
95289 0.00 0.00 0.00 0
95290 0.00 0.00 0.00 0
95291 0.00 0.00 0.00 0
96292 0.00 0.00 0.00 0
96293 0.00 0.00 0.00 0
96294 0.00 0.00 0.00 0
96295 0.00 0.00 0.00 0
96296 0.00 0.00 0.00 0
96297 0.00 0.00 0.00 0
96298 0.00 0.00 0.00 0
96299 0.00 0.00 0.00 0
96300 0.00 0.00 0.00 0
96301 0.00 0.00 0.00 0
96302 0.00 0.00 0.00 0
96303 0.00 0.00 0.00 0
96304 0.00 0.00 0.00 0
97353 0.00 0.00 0.00 0
97354 0.00 0.00 0.00 0
97355 0.00 0.00 0.00 0
97356 0.00 0.00 0.00 0
97357 0.00 0.00 0.00 0
100611 0.00 0.00 0.00 0
100612 0.00 0.00 0.00 0
100613 0.00 0.00 0.00 0
100614 0.00 0.00 0.00 0
100615 0.00 0.00 0.00 0
100616 0.00 0.00 0.00 0
100617 0.00 0.00 0.00 0
100618 0.00 0.00 0.00 0
100619 0.00 0.00 0.00 0
100620 0.00 0.00 0.00 0
100621 0.00 0.00 0.00 0
100622 0.00 0.00 0.00 0
101673 0.00 0.00 0.00 0
101674 0.00 0.00 0.00 0
107302 0.00 0.00 0.00 0
107303 0.00 0.00 0.00 0
107304 0.00 0.00 0.00 0
107305 0.00 0.00 0.00 0
107306 0.00 0.00 0.00 0
107307 0.00 0.00 0.00 0
107308 0.00 0.00 0.00 0
107309 0.00 0.00 0.00 0
107310 0.00 0.00 0.00 0
107311 0.00 0.00 0.00 0
107312 0.00 0.00 0.00 0
107313 0.00 0.00 0.00 0
107314 0.00 0.00 0.00 0
107315 0.00 0.00 0.00 0
107321 0.00 0.00 0.00 0
107322 0.00 0.00 0.00 0
107323 0.00 0.00 0.00 0
107324 0.00 0.00 0.00 0
107325 0.00 0.00 0.00 0
107326 0.00 0.00 0.00 0
107327 0.00 0.00 0.00 0
107328 0.00 0.00 0.00 0
107329 0.00 0.00 0.00 0
107330 0.00 0.00 0.00 0
107331 0.00 0.00 0.00 0
107332 0.00 0.00 0.00 0
107333 0.00 0.00 0.00 0
110332 0.00 0.00 0.00 0
110333 0.00 0.00 0.00 0
110334 0.00 0.00 0.00 0
110335 0.00 0.00 0.00 0
110336 0.00 0.00 0.00 0
110337 0.00 0.00 0.00 0
110338 0.00 0.00 0.00 0
110339 0.00 0.00 0.00 0
110340 0.00 0.00 0.00 0
110341 0.00 0.00 0.00 0
110342 0.00 0.00 0.00 0
110343 0.00 0.00 0.00 0
110344 0.00 0.00 0.00 0
110345 0.00 0.00 0.00 0
110346 0.00 0.00 0.00 0
110347 0.00 0.00 0.00 0
110348 0.00 0.00 0.00 0
110349 0.00 0.00 0.00 0
110350 0.00 0.00 0.00 0
110351 0.00 0.00 0.00 0
110352 0.00 0.00 0.00 0
110353 0.00 0.00 0.00 0
110355 0.00 0.00 0.00 0
113499 0.00 0.00 0.00 0
113500 0.00 0.00 0.00 0
113501 0.00 0.00 0.00 0
113502 0.00 0.00 0.00 0
113503 0.00 0.00 0.00 0
113504 0.00 0.00 0.00 0
113505 0.00 0.00 0.00 0
113506 0.00 0.00 0.00 0
113507 0.00 0.00 0.00 0
113513 0.00 0.00 0.00 0
113514 0.00 0.00 0.00 0
113515 0.00 0.00 0.00 0
113516 0.00 0.00 0.00 0
113517 0.00 0.00 0.00 0
113518 0.00 0.00 0.00 0
113519 0.00 0.00 0.00 0
113520 0.00 0.00 0.00 0
113521 0.00 0.00 0.00 0
113522 0.00 0.00 0.00 0
113523 0.00 0.00 0.00 0
113524 0.00 0.00 0.00 0
113525 0.00 0.00 0.00 0
113529 0.00 0.00 0.00 0
113530 0.00 0.00 0.00 0
117290 0.00 0.00 0.00 0
117291 0.00 0.00 0.00 0
117292 0.00 0.00 0.00 0
117293 0.00 0.00 0.00 0
117294 0.00 0.00 0.00 0
122497 0.00 0.00 0.00 0
122498 0.00 0.00 0.00 0
122499 0.00 0.00 0.00 0
122500 0.00 0.00 0.00 0
122501 0.00 0.00 0.00 0
122502 0.00 0.00 0.00 0
122503 0.00 0.00 0.00 0
122504 0.00 0.00 0.00 0
122505 0.00 0.00 0.00 0
122506 0.00 0.00 0.00 0
122507 0.00 0.00 0.00 0
122516 0.00 0.00 0.00 0
122517 0.00 0.00 0.00 0
122518 0.00 0.00 0.00 0
122519 0.00 0.00 0.00 0
122520 0.00 0.00 0.00 0
124840 0.00 0.00 0.00 0
124841 0.00 0.00 0.00 0
124842 0.00 0.00 0.00 0
124843 0.00 0.00 0.00 0
124844 0.00 0.00 0.00 0
124845 0.00 0.00 0.00 0
124846 0.00 0.00 0.00 0
124847 0.00 0.00 0.00 0
124853 0.00 0.00 0.00 0
124854 0.00 0.00 0.00 0
124855 0.00 0.00 0.00 0
124856 0.00 0.00 0.00 0
124857 0.00 0.00 0.00 0
124858 0.00 0.00 0.00 0
124859 0.00 0.00 0.00 0
124860 0.00 0.00 0.00 0
124861 0.00 0.00 0.00 0
124862 0.00 0.00 0.00 0
124863 0.00 0.00 0.00 0
124864 0.00 0.00 0.00 0
124865 0.00 0.00 0.00 0
124866 0.00 0.00 0.00 0
124867 0.00 0.00 0.00 0
124868 0.00 0.00 0.00 0
124869 0.00 0.00 0.00 0
124870 0.00 0.00 0.00 0
127317 0.00 0.00 0.00 0
127318 0.00 0.00 0.00 0
127319 0.00 0.00 0.00 0
127320 0.00 0.00 0.00 0
127321 0.00 0.00 0.00 0
127322 0.00 0.00 0.00 0
127323 0.00 0.00 0.00 0
127324 0.00 0.00 0.00 0
127325 0.00 0.00 0.00 0
127326 0.00 0.00 0.00 0
127327 0.00 0.00 0.00 0
127329 0.00 0.00 0.00 0
127335 0.00 0.00 0.00 0
127336 0.00 0.00 0.00 0
127337 0.00 0.00 0.00 0
127338 0.00 0.00 0.00 0
127339 0.00 0.00 0.00 0
132202 0.00 0.00 0.00 0
132203 0.00 0.00 0.00 0
132204 0.00 0.00 0.00 0
134322 0.00 0.00 0.00 0
134323 0.00 0.00 0.00 0
134324 0.00 0.00 0.00 0
134325 0.00 0.00 0.00 0
134326 0.00 0.00 0.00 0
134327 0.00 0.00 0.00 0
134328 0.00 0.00 0.00 0
134329 0.00 0.00 0.00 0
134330 0.00 0.00 0.00 0
134331 0.00 0.00 0.00 0
134332 0.00 0.00 0.00 0
134333 0.00 0.00 0.00 0
134334 0.00 0.00 0.00 0
134335 0.00 0.00 0.00 0
134336 0.00 0.00 0.00 0
134337 0.00 0.00 0.00 0
134338 0.00 0.00 0.00 0
134339 0.00 0.00 0.00 0
134340 0.00 0.00 0.00 0
134341 0.00 0.00 0.00 0
134342 0.00 0.00 0.00 0
134343 0.00 0.00 0.00 0
134344 0.00 0.00 0.00 0
134345 0.00 0.00 0.00 0
134346 0.00 0.00 0.00 0
136563 0.00 0.00 0.00 0
136564 0.00 0.00 0.00 0
136565 0.00 0.00 0.00 0
136566 0.00 0.00 0.00 0
136567 0.00 0.00 0.00 0
136568 0.00 0.00 0.00 0
136569 0.00 0.00 0.00 0
136570 0.00 0.00 0.00 0
136571 0.00 0.00 0.00 0
136572 0.00 0.00 0.00 0
148027 0.00 0.00 0.00 0
148028 0.00 0.00 0.00 0
148029 0.00 0.00 0.00 0
148030 0.00 0.00 0.00 0
148031 0.00 0.00 0.00 0
148032 0.00 0.00 0.00 0
148033 0.00 0.00 0.00 0
148034 0.00 0.00 0.00 0
148035 0.00 0.00 0.00 0
148036 0.00 0.00 0.00 0
148037 0.00 0.00 0.00 0
148038 0.00 0.00 0.00 0
148039 0.00 0.00 0.00 0
148040 0.00 0.00 0.00 0
148041 0.00 0.00 0.00 0
148042 0.00 0.00 0.00 0
148043 0.00 0.00 0.00 0
148044 0.00 0.00 0.00 0
148045 0.00 0.00 0.00 0
148046 0.00 0.00 0.00 0
148047 0.00 0.00 0.00 0
148048 0.00 0.00 0.00 0
148049 0.00 0.00 0.00 0
148050 0.00 0.00 0.00 0
148051 0.00 0.00 0.00 0
148052 0.00 0.00 0.00 0
148053 0.00 0.00 0.00 0
148054 0.00 0.00 0.00 0
148055 0.00 0.00 0.00 0
148056 0.00 0.00 0.00 0
148057 0.00 0.00 0.00 0
148058 0.00 0.00 0.00 0
148059 0.00 0.00 0.00 0
148060 0.00 0.00 0.00 0
148061 0.00 0.00 0.00 0
148062 0.00 0.00 0.00 0
148063 0.00 0.00 0.00 0
148064 0.00 0.00 0.00 0
148067 0.00 0.00 0.00 0
148068 0.00 0.00 0.00 0
148069 0.00 0.00 0.00 0
148070 0.00 0.00 0.00 0
148071 0.00 0.00 0.00 0
148072 0.00 0.00 0.00 0
148073 0.00 0.00 0.00 0
148074 0.00 0.00 0.00 0
148075 0.00 0.00 0.00 0
148076 0.00 0.00 0.00 0
148077 0.00 0.00 0.00 0
148078 0.00 0.00 0.00 0
148079 0.00 0.00 0.00 0
148080 0.00 0.00 0.00 0
148081 0.00 0.00 0.00 0
148082 0.00 0.00 0.00 0
148083 0.00 0.00 0.00 0
148084 0.00 0.00 0.00 0
148085 0.00 0.00 0.00 0
148086 0.00 0.00 0.00 0
148087 0.00 0.00 0.00 0
148088 0.00 0.00 0.00 0
148089 0.00 0.00 0.00 0
148092 0.00 0.00 0.00 0
148093 0.00 0.00 0.00 0
148094 0.00 0.00 0.00 0
154119 0.00 0.00 0.00 0
154120 0.00 0.00 0.00 0
154121 0.00 0.00 0.00 0
154122 0.00 0.00 0.00 0
154123 0.00 0.00 0.00 0
154124 0.00 0.00 0.00 0
154125 0.00 0.00 0.00 0
154126 0.00 0.00 0.00 0
154127 0.00 0.00 0.00 0
154128 0.00 0.00 0.00 0
154129 0.00 0.00 0.00 0
154130 0.00 0.00 0.00 0
154131 0.00 0.00 0.00 0
154132 0.00 0.00 0.00 0
154133 0.00 0.00 0.00 0
154134 0.00 0.00 0.00 0
154135 0.00 0.00 0.00 0
154136 0.00 0.00 0.00 0
154137 0.00 0.00 0.00 0
154138 0.00 0.00 0.00 0
154139 0.00 0.00 0.00 0
154140 0.00 0.00 0.00 0
154141 0.00 0.00 0.00 0
154142 0.00 0.00 0.00 0
154143 0.00 0.00 0.00 0
154144 0.00 0.00 0.00 0
154145 0.00 0.00 0.00 0
154146 0.00 0.00 0.00 0
154147 0.00 0.00 0.00 0
154148 0.00 0.00 0.00 0
154149 0.00 0.00 0.00 0
154150 0.00 0.00 0.00 0
154151 0.00 0.00 0.00 0
154152 0.00 0.00 0.00 0
154153 0.00 0.00 0.00 0
154154 0.00 0.00 0.00 0
154155 0.00 0.00 0.00 0
154163 0.00 0.00 0.00 0
154164 0.00 0.00 0.00 0
154165 0.00 0.00 0.00 0
154166 0.00 0.00 0.00 0
154167 0.00 0.00 0.00 0
154170 0.00 0.00 0.00 0
154171 0.00 0.00 0.00 0
154172 0.00 0.00 0.00 0
154173 0.00 0.00 0.00 0
160443 0.00 0.00 0.00 0
160449 0.00 0.00 0.00 0
160450 0.00 0.00 0.00 0
160451 0.00 0.00 0.00 0
160452 0.00 0.00 0.00 0
160453 0.00 0.00 0.00 0
160454 0.00 0.00 0.00 0
160467 0.00 0.00 0.00 0
160468 0.00 0.00 0.00 0
160469 0.00 0.00 0.00 0
160470 0.00 0.00 0.00 0
160471 0.00 0.00 0.00 0
160472 0.00 0.00 0.00 0
160473 0.00 0.00 0.00 0
160474 0.00 0.00 0.00 0
160475 0.00 0.00 0.00 0
160476 0.00 0.00 0.00 0
160477 0.00 0.00 0.00 0
160478 0.00 0.00 0.00 0
160479 0.00 0.00 0.00 0
160480 0.00 0.00 0.00 0
160481 0.00 0.00 0.00 0
160482 0.00 0.00 0.00 0
160483 0.00 0.00 0.00 0
160484 0.00 0.00 0.00 0
160485 0.00 0.00 0.00 0
160501 0.00 0.00 0.00 0
160502 0.00 0.00 0.00 0
160503 0.00 0.00 0.00 0
160504 0.00 0.00 0.00 0
160505 0.00 0.00 0.00 0
160508 0.00 0.00 0.00 0
160509 0.00 0.00 0.00 0
160510 0.00 0.00 0.00 0
160511 0.00 0.00 0.00 0
