# S_orbital-H_Shaped
1394
117 0.00 0.00 0.00 0
118 0.00 0.00 0.00 0
255 0.00 0.00 0.00 0
256 0.00 0.00 0.00 0
257 0.00 0.00 0.00 0
514 0.00 0.00 0.00 0
515 0.00 0.00 0.00 0
736 0.00 0.00 0.00 0
1127 0.00 0.00 0.00 0
1128 0.00 0.00 0.00 0
1129 0.00 0.00 0.00 0
1130 0.00 0.00 0.00 0
1611 0.00 0.00 0.00 0
1612 0.00 0.00 0.00 0
1613 0.00 0.00 0.00 0
1614 0.00 0.00 0.00 0
1615 0.00 0.00 0.00 0
2184 0.00 0.00 0.00 0
2185 0.00 0.00 0.00 0
2186 0.00 0.00 0.00 0
2187 0.00 0.00 0.00 0
2193 0.00 0.00 0.00 0
2196 0.00 0.00 0.00 0
3048 0.00 0.00 0.00 0
3049 0.00 0.00 0.00 0
3050 0.00 0.00 0.00 0
3051 0.00 0.00 0.00 0
3052 0.00 0.00 0.00 0
3247 0.00 0.00 0.00 0
3645 0.00 0.00 0.00 0
3646 0.00 0.00 0.00 0
3647 0.00 0.00 0.00 0
3648 0.00 0.00 0.00 0
3649 0.00 0.00 0.00 0
3650 0.00 0.00 0.00 0
3651 0.00 0.00 0.00 0
3652 0.00 0.00 0.00 0
4820 0.00 0.00 0.00 0
4821 0.00 0.00 0.00 0
4822 0.00 0.00 0.00 0
4823 0.00 0.00 0.00 0
4824 0.00 0.00 0.00 0
4825 0.00 0.00 0.00 0
4826 0.00 0.00 0.00 0
4827 0.00 0.00 0.00 0
4828 0.00 0.00 0.00 0
4829 0.00 0.00 0.00 0
4830 0.00 0.00 0.00 0
4844 0.00 0.00 0.00 0
4845 0.00 0.00 0.00 0
4852 0.00 0.00 0.00 0
5932 0.00 0.00 0.00 0
5934 0.00 0.00 0.00 0
6637 0.00 0.00 0.00 0
6638 0.00 0.00 0.00 0
6639 0.00 0.00 0.00 0
6640 0.00 0.00 0.00 0
6641 0.00 0.00 0.00 0
6642 0.00 0.00 0.00 0
6644 0.00 0.00 0.00 0
7600 0.00 0.00 0.00 0
7601 0.00 0.00 0.00 0
7602 0.00 0.00 0.00 0
7603 0.00 0.00 0.00 0
7604 0.00 0.00 0.00 0
7605 0.00 0.00 0.00 0
7606 0.00 0.00 0.00 0
7607 0.00 0.00 0.00 0
7608 0.00 0.00 0.00 0
7609 0.00 0.00 0.00 0
9113 0.00 0.00 0.00 0
9114 0.00 0.00 0.00 0
9115 0.00 0.00 0.00 0
9116 0.00 0.00 0.00 0
9117 0.00 0.00 0.00 0
9118 0.00 0.00 0.00 0
9119 0.00 0.00 0.00 0
9120 0.00 0.00 0.00 0
9121 0.00 0.00 0.00 0
9122 0.00 0.00 0.00 0
9123 0.00 0.00 0.00 0
9139 0.00 0.00 0.00 0
9140 0.00 0.00 0.00 0
9141 0.00 0.00 0.00 0
9148 0.00 0.00 0.00 0
9149 0.00 0.00 0.00 0
9150 0.00 0.00 0.00 0
9151 0.00 0.00 0.00 0
10728 0.00 0.00 0.00 0
10729 0.00 0.00 0.00 0
10730 0.00 0.00 0.00 0
10731 0.00 0.00 0.00 0
10732 0.00 0.00 0.00 0
10927 0.00 0.00 0.00 0
10928 0.00 0.00 0.00 0
10929 0.00 0.00 0.00 0
11325 0.00 0.00 0.00 0
11326 0.00 0.00 0.00 0
11327 0.00 0.00 0.00 0
11328 0.00 0.00 0.00 0
11329 0.00 0.00 0.00 0
11330 0.00 0.00 0.00 0
11331 0.00 0.00 0.00 0
11332 0.00 0.00 0.00 0
12498 0.00 0.00 0.00 0
12500 0.00 0.00 0.00 0
12501 0.00 0.00 0.00 0
12502 0.00 0.00 0.00 0
12503 0.00 0.00 0.00 0
12504 0.00 0.00 0.00 0
12505 0.00 0.00 0.00 0
12506 0.00 0.00 0.00 0
12507 0.00 0.00 0.00 0
12508 0.00 0.00 0.00 0
12509 0.00 0.00 0.00 0
12510 0.00 0.00 0.00 0
12511 0.00 0.00 0.00 0
12512 0.00 0.00 0.00 0
13731 0.00 0.00 0.00 0
14902 0.00 0.00 0.00 0
14903 0.00 0.00 0.00 0
14904 0.00 0.00 0.00 0
14905 0.00 0.00 0.00 0
14906 0.00 0.00 0.00 0
14907 0.00 0.00 0.00 0
14908 0.00 0.00 0.00 0
14909 0.00 0.00 0.00 0
14910 0.00 0.00 0.00 0
14911 0.00 0.00 0.00 0
14912 0.00 0.00 0.00 0
14913 0.00 0.00 0.00 0
14914 0.00 0.00 0.00 0
16696 0.00 0.00 0.00 0
16697 0.00 0.00 0.00 0
16698 0.00 0.00 0.00 0
16699 0.00 0.00 0.00 0
16700 0.00 0.00 0.00 0
16701 0.00 0.00 0.00 0
16702 0.00 0.00 0.00 0
16703 0.00 0.00 0.00 0
16704 0.00 0.00 0.00 0
16705 0.00 0.00 0.00 0
16706 0.00 0.00 0.00 0
16707 0.00 0.00 0.00 0
16708 0.00 0.00 0.00 0
16709 0.00 0.00 0.00 0
16710 0.00 0.00 0.00 0
16711 0.00 0.00 0.00 0
16712 0.00 0.00 0.00 0
16713 0.00 0.00 0.00 0
16714 0.00 0.00 0.00 0
16715 0.00 0.00 0.00 0
16716 0.00 0.00 0.00 0
16717 0.00 0.00 0.00 0
20223 0.00 0.00 0.00 0
20224 0.00 0.00 0.00 0
20225 0.00 0.00 0.00 0
20226 0.00 0.00 0.00 0
20227 0.00 0.00 0.00 0
20228 0.00 0.00 0.00 0
20229 0.00 0.00 0.00 0
20230 0.00 0.00 0.00 0
20231 0.00 0.00 0.00 0
20232 0.00 0.00 0.00 0
20233 0.00 0.00 0.00 0
20234 0.00 0.00 0.00 0
20235 0.00 0.00 0.00 0
20236 0.00 0.00 0.00 0
20237 0.00 0.00 0.00 0
20238 0.00 0.00 0.00 0
20239 0.00 0.00 0.00 0
20240 0.00 0.00 0.00 0
20241 0.00 0.00 0.00 0
20242 0.00 0.00 0.00 0
20243 0.00 0.00 0.00 0
20244 0.00 0.00 0.00 0
20245 0.00 0.00 0.00 0
20246 0.00 0.00 0.00 0
20247 0.00 0.00 0.00 0
20248 0.00 0.00 0.00 0
20249 0.00 0.00 0.00 0
20250 0.00 0.00 0.00 0
20252 0.00 0.00 0.00 0
20289 0.00 0.00 0.00 0
20290 0.00 0.00 0.00 0
20291 0.00 0.00 0.00 0
20292 0.00 0.00 0.00 0
20293 0.00 0.00 0.00 0
20294 0.00 0.00 0.00 0
20295 0.00 0.00 0.00 0
20313 0.00 0.00 0.00 0
20314 0.00 0.00 0.00 0
20315 0.00 0.00 0.00 0
20316 0.00 0.00 0.00 0
20317 0.00 0.00 0.00 0
20318 0.00 0.00 0.00 0
20319 0.00 0.00 0.00 0
20320 0.00 0.00 0.00 0
23918 0.00 0.00 0.00 0
23919 0.00 0.00 0.00 0
23920 0.00 0.00 0.00 0
23921 0.00 0.00 0.00 0
23922 0.00 0.00 0.00 0
23923 0.00 0.00 0.00 0
23924 0.00 0.00 0.00 0
23925 0.00 0.00 0.00 0
23926 0.00 0.00 0.00 0
24277 0.00 0.00 0.00 0
24279 0.00 0.00 0.00 0
24993 0.00 0.00 0.00 0
24994 0.00 0.00 0.00 0
24995 0.00 0.00 0.00 0
24996 0.00 0.00 0.00 0
24997 0.00 0.00 0.00 0
24998 0.00 0.00 0.00 0
24999 0.00 0.00 0.00 0
25000 0.00 0.00 0.00 0
25001 0.00 0.00 0.00 0
25002 0.00 0.00 0.00 0
25003 0.00 0.00 0.00 0
25004 0.00 0.00 0.00 0
25005 0.00 0.00 0.00 0
25006 0.00 0.00 0.00 0
27109 0.00 0.00 0.00 0
27110 0.00 0.00 0.00 0
27111 0.00 0.00 0.00 0
27112 0.00 0.00 0.00 0
27113 0.00 0.00 0.00 0
27114 0.00 0.00 0.00 0
27115 0.00 0.00 0.00 0
27116 0.00 0.00 0.00 0
27117 0.00 0.00 0.00 0
27118 0.00 0.00 0.00 0
27119 0.00 0.00 0.00 0
27120 0.00 0.00 0.00 0
27121 0.00 0.00 0.00 0
27122 0.00 0.00 0.00 0
27123 0.00 0.00 0.00 0
27124 0.00 0.00 0.00 0
27125 0.00 0.00 0.00 0
27126 0.00 0.00 0.00 0
27127 0.00 0.00 0.00 0
27128 0.00 0.00 0.00 0
27150 0.00 0.00 0.00 0
27152 0.00 0.00 0.00 0
27153 0.00 0.00 0.00 0
27167 0.00 0.00 0.00 0
27168 0.00 0.00 0.00 0
29200 0.00 0.00 0.00 0
29201 0.00 0.00 0.00 0
29202 0.00 0.00 0.00 0
29203 0.00 0.00 0.00 0
29206 0.00 0.00 0.00 0
29207 0.00 0.00 0.00 0
29208 0.00 0.00 0.00 0
29209 0.00 0.00 0.00 0
30847 0.00 0.00 0.00 0
30848 0.00 0.00 0.00 0
30849 0.00 0.00 0.00 0
30850 0.00 0.00 0.00 0
30851 0.00 0.00 0.00 0
30852 0.00 0.00 0.00 0
30853 0.00 0.00 0.00 0
30854 0.00 0.00 0.00 0
30855 0.00 0.00 0.00 0
30856 0.00 0.00 0.00 0
30857 0.00 0.00 0.00 0
30858 0.00 0.00 0.00 0
30859 0.00 0.00 0.00 0
30860 0.00 0.00 0.00 0
30861 0.00 0.00 0.00 0
30863 0.00 0.00 0.00 0
33246 0.00 0.00 0.00 0
33247 0.00 0.00 0.00 0
33248 0.00 0.00 0.00 0
33249 0.00 0.00 0.00 0
33250 0.00 0.00 0.00 0
33251 0.00 0.00 0.00 0
33252 0.00 0.00 0.00 0
33253 0.00 0.00 0.00 0
33254 0.00 0.00 0.00 0
33255 0.00 0.00 0.00 0
33256 0.00 0.00 0.00 0
33257 0.00 0.00 0.00 0
33258 0.00 0.00 0.00 0
33259 0.00 0.00 0.00 0
33260 0.00 0.00 0.00 0
33261 0.00 0.00 0.00 0
33262 0.00 0.00 0.00 0
33263 0.00 0.00 0.00 0
33264 0.00 0.00 0.00 0
33265 0.00 0.00 0.00 0
33266 0.00 0.00 0.00 0
33267 0.00 0.00 0.00 0
33268 0.00 0.00 0.00 0
33269 0.00 0.00 0.00 0
33270 0.00 0.00 0.00 0
33271 0.00 0.00 0.00 0
37579 0.00 0.00 0.00 0
37580 0.00 0.00 0.00 0
37581 0.00 0.00 0.00 0
37582 0.00 0.00 0.00 0
37583 0.00 0.00 0.00 0
37584 0.00 0.00 0.00 0
37585 0.00 0.00 0.00 0
37586 0.00 0.00 0.00 0
37587 0.00 0.00 0.00 0
37588 0.00 0.00 0.00 0
37589 0.00 0.00 0.00 0
37590 0.00 0.00 0.00 0
37591 0.00 0.00 0.00 0
37592 0.00 0.00 0.00 0
37593 0.00 0.00 0.00 0
37594 0.00 0.00 0.00 0
37595 0.00 0.00 0.00 0
37596 0.00 0.00 0.00 0
37597 0.00 0.00 0.00 0
37598 0.00 0.00 0.00 0
37599 0.00 0.00 0.00 0
37600 0.00 0.00 0.00 0
37601 0.00 0.00 0.00 0
37602 0.00 0.00 0.00 0
37603 0.00 0.00 0.00 0
37604 0.00 0.00 0.00 0
37605 0.00 0.00 0.00 0
37606 0.00 0.00 0.00 0
37607 0.00 0.00 0.00 0
37608 0.00 0.00 0.00 0
37609 0.00 0.00 0.00 0
37610 0.00 0.00 0.00 0
37611 0.00 0.00 0.00 0
37657 0.00 0.00 0.00 0
37658 0.00 0.00 0.00 0
37659 0.00 0.00 0.00 0
37660 0.00 0.00 0.00 0
37661 0.00 0.00 0.00 0
37662 0.00 0.00 0.00 0
37663 0.00 0.00 0.00 0
37664 0.00 0.00 0.00 0
37665 0.00 0.00 0.00 0
37685 0.00 0.00 0.00 0
37686 0.00 0.00 0.00 0
37687 0.00 0.00 0.00 0
37688 0.00 0.00 0.00 0
37689 0.00 0.00 0.00 0
37690 0.00 0.00 0.00 0
37691 0.00 0.00 0.00 0
37692 0.00 0.00 0.00 0
37693 0.00 0.00 0.00 0
37694 0.00 0.00 0.00 0
41448 0.00 0.00 0.00 0
41449 0.00 0.00 0.00 0
41450 0.00 0.00 0.00 0
41451 0.00 0.00 0.00 0
41452 0.00 0.00 0.00 0
41647 0.00 0.00 0.00 0
41648 0.00 0.00 0.00 0
41649 0.00 0.00 0.00 0
42045 0.00 0.00 0.00 0
42046 0.00 0.00 0.00 0
42047 0.00 0.00 0.00 0
42048 0.00 0.00 0.00 0
42049 0.00 0.00 0.00 0
42050 0.00 0.00 0.00 0
42051 0.00 0.00 0.00 0
42052 0.00 0.00 0.00 0
42087 0.00 0.00 0.00 0
42088 0.00 0.00 0.00 0
43218 0.00 0.00 0.00 0
43219 0.00 0.00 0.00 0
43220 0.00 0.00 0.00 0
43221 0.00 0.00 0.00 0
43222 0.00 0.00 0.00 0
43223 0.00 0.00 0.00 0
43224 0.00 0.00 0.00 0
43225 0.00 0.00 0.00 0
43226 0.00 0.00 0.00 0
43227 0.00 0.00 0.00 0
43228 0.00 0.00 0.00 0
43229 0.00 0.00 0.00 0
43230 0.00 0.00 0.00 0
43231 0.00 0.00 0.00 0
43232 0.00 0.00 0.00 0
45622 0.00 0.00 0.00 0
45623 0.00 0.00 0.00 0
45624 0.00 0.00 0.00 0
45625 0.00 0.00 0.00 0
45626 0.00 0.00 0.00 0
45627 0.00 0.00 0.00 0
45628 0.00 0.00 0.00 0
45629 0.00 0.00 0.00 0
45630 0.00 0.00 0.00 0
45631 0.00 0.00 0.00 0
45632 0.00 0.00 0.00 0
47415 0.00 0.00 0.00 0
47416 0.00 0.00 0.00 0
47417 0.00 0.00 0.00 0
47418 0.00 0.00 0.00 0
47419 0.00 0.00 0.00 0
47420 0.00 0.00 0.00 0
47421 0.00 0.00 0.00 0
47422 0.00 0.00 0.00 0
47423 0.00 0.00 0.00 0
47424 0.00 0.00 0.00 0
47425 0.00 0.00 0.00 0
47426 0.00 0.00 0.00 0
47427 0.00 0.00 0.00 0
47428 0.00 0.00 0.00 0
47429 0.00 0.00 0.00 0
47430 0.00 0.00 0.00 0
47431 0.00 0.00 0.00 0
47432 0.00 0.00 0.00 0
47433 0.00 0.00 0.00 0
47434 0.00 0.00 0.00 0
47435 0.00 0.00 0.00 0
47436 0.00 0.00 0.00 0
47437 0.00 0.00 0.00 0
50943 0.00 0.00 0.00 0
50944 0.00 0.00 0.00 0
50945 0.00 0.00 0.00 0
50946 0.00 0.00 0.00 0
50947 0.00 0.00 0.00 0
50948 0.00 0.00 0.00 0
50949 0.00 0.00 0.00 0
50950 0.00 0.00 0.00 0
50951 0.00 0.00 0.00 0
50952 0.00 0.00 0.00 0
50953 0.00 0.00 0.00 0
50954 0.00 0.00 0.00 0
50955 0.00 0.00 0.00 0
50956 0.00 0.00 0.00 0
50957 0.00 0.00 0.00 0
50958 0.00 0.00 0.00 0
50959 0.00 0.00 0.00 0
50960 0.00 0.00 0.00 0
50961 0.00 0.00 0.00 0
50962 0.00 0.00 0.00 0
50963 0.00 0.00 0.00 0
50964 0.00 0.00 0.00 0
50965 0.00 0.00 0.00 0
50966 0.00 0.00 0.00 0
50967 0.00 0.00 0.00 0
50968 0.00 0.00 0.00 0
50969 0.00 0.00 0.00 0
50970 0.00 0.00 0.00 0
50971 0.00 0.00 0.00 0
50972 0.00 0.00 0.00 0
51009 0.00 0.00 0.00 0
51010 0.00 0.00 0.00 0
51011 0.00 0.00 0.00 0
51012 0.00 0.00 0.00 0
51013 0.00 0.00 0.00 0
51014 0.00 0.00 0.00 0
51015 0.00 0.00 0.00 0
51034 0.00 0.00 0.00 0
51035 0.00 0.00 0.00 0
51036 0.00 0.00 0.00 0
51037 0.00 0.00 0.00 0
51038 0.00 0.00 0.00 0
51039 0.00 0.00 0.00 0
51040 0.00 0.00 0.00 0
55223 0.00 0.00 0.00 0
55224 0.00 0.00 0.00 0
55225 0.00 0.00 0.00 0
55226 0.00 0.00 0.00 0
55227 0.00 0.00 0.00 0
55228 0.00 0.00 0.00 0
55229 0.00 0.00 0.00 0
55230 0.00 0.00 0.00 0
55231 0.00 0.00 0.00 0
55232 0.00 0.00 0.00 0
55233 0.00 0.00 0.00 0
55234 0.00 0.00 0.00 0
55235 0.00 0.00 0.00 0
55236 0.00 0.00 0.00 0
55237 0.00 0.00 0.00 0
55822 0.00 0.00 0.00 0
55823 0.00 0.00 0.00 0
55824 0.00 0.00 0.00 0
57015 0.00 0.00 0.00 0
57016 0.00 0.00 0.00 0
57017 0.00 0.00 0.00 0
57018 0.00 0.00 0.00 0
57019 0.00 0.00 0.00 0
57020 0.00 0.00 0.00 0
57021 0.00 0.00 0.00 0
57022 0.00 0.00 0.00 0
57023 0.00 0.00 0.00 0
57024 0.00 0.00 0.00 0
57025 0.00 0.00 0.00 0
57026 0.00 0.00 0.00 0
57027 0.00 0.00 0.00 0
57028 0.00 0.00 0.00 0
57029 0.00 0.00 0.00 0
57030 0.00 0.00 0.00 0
57031 0.00 0.00 0.00 0
57032 0.00 0.00 0.00 0
57033 0.00 0.00 0.00 0
57034 0.00 0.00 0.00 0
57035 0.00 0.00 0.00 0
57036 0.00 0.00 0.00 0
57037 0.00 0.00 0.00 0
57145 0.00 0.00 0.00 0
57147 0.00 0.00 0.00 0
57148 0.00 0.00 0.00 0
60541 0.00 0.00 0.00 0
60542 0.00 0.00 0.00 0
60543 0.00 0.00 0.00 0
60544 0.00 0.00 0.00 0
60545 0.00 0.00 0.00 0
60546 0.00 0.00 0.00 0
60547 0.00 0.00 0.00 0
60548 0.00 0.00 0.00 0
60549 0.00 0.00 0.00 0
60550 0.00 0.00 0.00 0
60551 0.00 0.00 0.00 0
60552 0.00 0.00 0.00 0
60553 0.00 0.00 0.00 0
60554 0.00 0.00 0.00 0
60555 0.00 0.00 0.00 0
60556 0.00 0.00 0.00 0
60557 0.00 0.00 0.00 0
60558 0.00 0.00 0.00 0
60559 0.00 0.00 0.00 0
60560 0.00 0.00 0.00 0
60561 0.00 0.00 0.00 0
60562 0.00 0.00 0.00 0
60563 0.00 0.00 0.00 0
60564 0.00 0.00 0.00 0
60565 0.00 0.00 0.00 0
60566 0.00 0.00 0.00 0
60567 0.00 0.00 0.00 0
60568 0.00 0.00 0.00 0
60569 0.00 0.00 0.00 0
60570 0.00 0.00 0.00 0
60571 0.00 0.00 0.00 0
60572 0.00 0.00 0.00 0
60613 0.00 0.00 0.00 0
60614 0.00 0.00 0.00 0
60615 0.00 0.00 0.00 0
60637 0.00 0.00 0.00 0
64216 0.00 0.00 0.00 0
64221 0.00 0.00 0.00 0
64228 0.00 0.00 0.00 0
64229 0.00 0.00 0.00 0
64230 0.00 0.00 0.00 0
64231 0.00 0.00 0.00 0
64232 0.00 0.00 0.00 0
64233 0.00 0.00 0.00 0
64234 0.00 0.00 0.00 0
64235 0.00 0.00 0.00 0
64236 0.00 0.00 0.00 0
64237 0.00 0.00 0.00 0
67743 0.00 0.00 0.00 0
67747 0.00 0.00 0.00 0
67748 0.00 0.00 0.00 0
67749 0.00 0.00 0.00 0
67750 0.00 0.00 0.00 0
67751 0.00 0.00 0.00 0
67752 0.00 0.00 0.00 0
67753 0.00 0.00 0.00 0
67754 0.00 0.00 0.00 0
67755 0.00 0.00 0.00 0
67756 0.00 0.00 0.00 0
67757 0.00 0.00 0.00 0
67758 0.00 0.00 0.00 0
67759 0.00 0.00 0.00 0
67760 0.00 0.00 0.00 0
67761 0.00 0.00 0.00 0
67762 0.00 0.00 0.00 0
67763 0.00 0.00 0.00 0
67764 0.00 0.00 0.00 0
67765 0.00 0.00 0.00 0
67766 0.00 0.00 0.00 0
67767 0.00 0.00 0.00 0
67768 0.00 0.00 0.00 0
67769 0.00 0.00 0.00 0
67770 0.00 0.00 0.00 0
67771 0.00 0.00 0.00 0
67772 0.00 0.00 0.00 0
67773 0.00 0.00 0.00 0
67774 0.00 0.00 0.00 0
67775 0.00 0.00 0.00 0
67776 0.00 0.00 0.00 0
67777 0.00 0.00 0.00 0
67778 0.00 0.00 0.00 0
67779 0.00 0.00 0.00 0
67780 0.00 0.00 0.00 0
73128 0.00 0.00 0.00 0
73129 0.00 0.00 0.00 0
73130 0.00 0.00 0.00 0
73131 0.00 0.00 0.00 0
73132 0.00 0.00 0.00 0
73133 0.00 0.00 0.00 0
73134 0.00 0.00 0.00 0
73135 0.00 0.00 0.00 0
73136 0.00 0.00 0.00 0
73137 0.00 0.00 0.00 0
73138 0.00 0.00 0.00 0
73139 0.00 0.00 0.00 0
73140 0.00 0.00 0.00 0
73141 0.00 0.00 0.00 0
73142 0.00 0.00 0.00 0
73143 0.00 0.00 0.00 0
73144 0.00 0.00 0.00 0
73145 0.00 0.00 0.00 0
73146 0.00 0.00 0.00 0
73147 0.00 0.00 0.00 0
73148 0.00 0.00 0.00 0
73149 0.00 0.00 0.00 0
73150 0.00 0.00 0.00 0
73151 0.00 0.00 0.00 0
73152 0.00 0.00 0.00 0
73153 0.00 0.00 0.00 0
73154 0.00 0.00 0.00 0
73155 0.00 0.00 0.00 0
73156 0.00 0.00 0.00 0
73157 0.00 0.00 0.00 0
73158 0.00 0.00 0.00 0
73159 0.00 0.00 0.00 0
73160 0.00 0.00 0.00 0
73161 0.00 0.00 0.00 0
73162 0.00 0.00 0.00 0
73163 0.00 0.00 0.00 0
73164 0.00 0.00 0.00 0
73165 0.00 0.00 0.00 0
73166 0.00 0.00 0.00 0
73167 0.00 0.00 0.00 0
73168 0.00 0.00 0.00 0
73169 0.00 0.00 0.00 0
73170 0.00 0.00 0.00 0
73171 0.00 0.00 0.00 0
73172 0.00 0.00 0.00 0
73173 0.00 0.00 0.00 0
73174 0.00 0.00 0.00 0
73175 0.00 0.00 0.00 0
73176 0.00 0.00 0.00 0
73177 0.00 0.00 0.00 0
73178 0.00 0.00 0.00 0
73179 0.00 0.00 0.00 0
73180 0.00 0.00 0.00 0
73181 0.00 0.00 0.00 0
73182 0.00 0.00 0.00 0
73183 0.00 0.00 0.00 0
73184 0.00 0.00 0.00 0
73185 0.00 0.00 0.00 0
73186 0.00 0.00 0.00 0
73187 0.00 0.00 0.00 0
73188 0.00 0.00 0.00 0
73189 0.00 0.00 0.00 0
73190 0.00 0.00 0.00 0
73191 0.00 0.00 0.00 0
73192 0.00 0.00 0.00 0
83708 0.00 0.00 0.00 0
83709 0.00 0.00 0.00 0
83710 0.00 0.00 0.00 0
83711 0.00 0.00 0.00 0
83712 0.00 0.00 0.00 0
83713 0.00 0.00 0.00 0
83714 0.00 0.00 0.00 0
83715 0.00 0.00 0.00 0
83716 0.00 0.00 0.00 0
83717 0.00 0.00 0.00 0
83718 0.00 0.00 0.00 0
83719 0.00 0.00 0.00 0
83720 0.00 0.00 0.00 0
83721 0.00 0.00 0.00 0
83722 0.00 0.00 0.00 0
83723 0.00 0.00 0.00 0
83725 0.00 0.00 0.00 0
83726 0.00 0.00 0.00 0
83727 0.00 0.00 0.00 0
83728 0.00 0.00 0.00 0
83729 0.00 0.00 0.00 0
83730 0.00 0.00 0.00 0
83731 0.00 0.00 0.00 0
83732 0.00 0.00 0.00 0
83733 0.00 0.00 0.00 0
83734 0.00 0.00 0.00 0
83735 0.00 0.00 0.00 0
83736 0.00 0.00 0.00 0
83737 0.00 0.00 0.00 0
83738 0.00 0.00 0.00 0
83739 0.00 0.00 0.00 0
83740 0.00 0.00 0.00 0
83741 0.00 0.00 0.00 0
83742 0.00 0.00 0.00 0
83743 0.00 0.00 0.00 0
83744 0.00 0.00 0.00 0
83745 0.00 0.00 0.00 0
83746 0.00 0.00 0.00 0
83747 0.00 0.00 0.00 0
83748 0.00 0.00 0.00 0
83749 0.00 0.00 0.00 0
83750 0.00 0.00 0.00 0
83751 0.00 0.00 0.00 0
83752 0.00 0.00 0.00 0
83753 0.00 0.00 0.00 0
83754 0.00 0.00 0.00 0
83755 0.00 0.00 0.00 0
83756 0.00 0.00 0.00 0
83757 0.00 0.00 0.00 0
83758 0.00 0.00 0.00 0
83759 0.00 0.00 0.00 0
83760 0.00 0.00 0.00 0
83761 0.00 0.00 0.00 0
83762 0.00 0.00 0.00 0
83763 0.00 0.00 0.00 0
83764 0.00 0.00 0.00 0
83765 0.00 0.00 0.00 0
83766 0.00 0.00 0.00 0
83767 0.00 0.00 0.00 0
83768 0.00 0.00 0.00 0
83769 0.00 0.00 0.00 0
83770 0.00 0.00 0.00 0
83771 0.00 0.00 0.00 0
83772 0.00 0.00 0.00 0
83773 0.00 0.00 0.00 0
83774 0.00 0.00 0.00 0
83775 0.00 0.00 0.00 0
83776 0.00 0.00 0.00 0
83777 0.00 0.00 0.00 0
83778 0.00 0.00 0.00 0
83779 0.00 0.00 0.00 0
83780 0.00 0.00 0.00 0
83781 0.00 0.00 0.00 0
83782 0.00 0.00 0.00 0
83783 0.00 0.00 0.00 0
83784 0.00 0.00 0.00 0
83785 0.00 0.00 0.00 0
83786 0.00 0.00 0.00 0
83787 0.00 0.00 0.00 0
83788 0.00 0.00 0.00 0
83789 0.00 0.00 0.00 0
83790 0.00 0.00 0.00 0
83792 0.00 0.00 0.00 0
83813 0.00 0.00 0.00 0
83814 0.00 0.00 0.00 0
83904 0.00 0.00 0.00 0
83906 0.00 0.00 0.00 0
83907 0.00 0.00 0.00 0
83908 0.00 0.00 0.00 0
83909 0.00 0.00 0.00 0
83910 0.00 0.00 0.00 0
83911 0.00 0.00 0.00 0
83912 0.00 0.00 0.00 0
83913 0.00 0.00 0.00 0
83914 0.00 0.00 0.00 0
83915 0.00 0.00 0.00 0
83916 0.00 0.00 0.00 0
83917 0.00 0.00 0.00 0
83918 0.00 0.00 0.00 0
83919 0.00 0.00 0.00 0
83920 0.00 0.00 0.00 0
83921 0.00 0.00 0.00 0
83922 0.00 0.00 0.00 0
83923 0.00 0.00 0.00 0
83924 0.00 0.00 0.00 0
83925 0.00 0.00 0.00 0
83974 0.00 0.00 0.00 0
83975 0.00 0.00 0.00 0
83976 0.00 0.00 0.00 0
83977 0.00 0.00 0.00 0
83978 0.00 0.00 0.00 0
83979 0.00 0.00 0.00 0
83980 0.00 0.00 0.00 0
83981 0.00 0.00 0.00 0
83982 0.00 0.00 0.00 0
83983 0.00 0.00 0.00 0
83984 0.00 0.00 0.00 0
83985 0.00 0.00 0.00 0
83986 0.00 0.00 0.00 0
83987 0.00 0.00 0.00 0
83988 0.00 0.00 0.00 0
83989 0.00 0.00 0.00 0
83990 0.00 0.00 0.00 0
83991 0.00 0.00 0.00 0
83992 0.00 0.00 0.00 0
83993 0.00 0.00 0.00 0
83994 0.00 0.00 0.00 0
83995 0.00 0.00 0.00 0
83996 0.00 0.00 0.00 0
83997 0.00 0.00 0.00 0
83998 0.00 0.00 0.00 0
83999 0.00 0.00 0.00 0
93038 0.00 0.00 0.00 0
93039 0.00 0.00 0.00 0
93040 0.00 0.00 0.00 0
93041 0.00 0.00 0.00 0
93042 0.00 0.00 0.00 0
93043 0.00 0.00 0.00 0
93044 0.00 0.00 0.00 0
93045 0.00 0.00 0.00 0
93046 0.00 0.00 0.00 0
93397 0.00 0.00 0.00 0
93398 0.00 0.00 0.00 0
93399 0.00 0.00 0.00 0
93400 0.00 0.00 0.00 0
94113 0.00 0.00 0.00 0
94114 0.00 0.00 0.00 0
94115 0.00 0.00 0.00 0
94116 0.00 0.00 0.00 0
94117 0.00 0.00 0.00 0
94118 0.00 0.00 0.00 0
94119 0.00 0.00 0.00 0
94120 0.00 0.00 0.00 0
94121 0.00 0.00 0.00 0
94122 0.00 0.00 0.00 0
94123 0.00 0.00 0.00 0
94124 0.00 0.00 0.00 0
94125 0.00 0.00 0.00 0
94126 0.00 0.00 0.00 0
94192 0.00 0.00 0.00 0
96227 0.00 0.00 0.00 0
96228 0.00 0.00 0.00 0
96229 0.00 0.00 0.00 0
96230 0.00 0.00 0.00 0
96231 0.00 0.00 0.00 0
96232 0.00 0.00 0.00 0
96233 0.00 0.00 0.00 0
96234 0.00 0.00 0.00 0
96235 0.00 0.00 0.00 0
96236 0.00 0.00 0.00 0
96237 0.00 0.00 0.00 0
96238 0.00 0.00 0.00 0
96239 0.00 0.00 0.00 0
96240 0.00 0.00 0.00 0
96241 0.00 0.00 0.00 0
96242 0.00 0.00 0.00 0
96243 0.00 0.00 0.00 0
96244 0.00 0.00 0.00 0
96245 0.00 0.00 0.00 0
96246 0.00 0.00 0.00 0
96247 0.00 0.00 0.00 0
96248 0.00 0.00 0.00 0
96249 0.00 0.00 0.00 0
98443 0.00 0.00 0.00 0
100551 0.00 0.00 0.00 0
100552 0.00 0.00 0.00 0
100553 0.00 0.00 0.00 0
100554 0.00 0.00 0.00 0
100555 0.00 0.00 0.00 0
100556 0.00 0.00 0.00 0
100557 0.00 0.00 0.00 0
100558 0.00 0.00 0.00 0
100559 0.00 0.00 0.00 0
100560 0.00 0.00 0.00 0
100561 0.00 0.00 0.00 0
100562 0.00 0.00 0.00 0
100563 0.00 0.00 0.00 0
100564 0.00 0.00 0.00 0
100565 0.00 0.00 0.00 0
100566 0.00 0.00 0.00 0
100567 0.00 0.00 0.00 0
100568 0.00 0.00 0.00 0
100569 0.00 0.00 0.00 0
100570 0.00 0.00 0.00 0
100571 0.00 0.00 0.00 0
100572 0.00 0.00 0.00 0
100573 0.00 0.00 0.00 0
103781 0.00 0.00 0.00 0
103782 0.00 0.00 0.00 0
103783 0.00 0.00 0.00 0
103784 0.00 0.00 0.00 0
103785 0.00 0.00 0.00 0
103786 0.00 0.00 0.00 0
103787 0.00 0.00 0.00 0
103788 0.00 0.00 0.00 0
103789 0.00 0.00 0.00 0
103790 0.00 0.00 0.00 0
103791 0.00 0.00 0.00 0
103792 0.00 0.00 0.00 0
103793 0.00 0.00 0.00 0
103794 0.00 0.00 0.00 0
103795 0.00 0.00 0.00 0
103796 0.00 0.00 0.00 0
103797 0.00 0.00 0.00 0
103798 0.00 0.00 0.00 0
103799 0.00 0.00 0.00 0
103800 0.00 0.00 0.00 0
103801 0.00 0.00 0.00 0
103802 0.00 0.00 0.00 0
103803 0.00 0.00 0.00 0
103804 0.00 0.00 0.00 0
103805 0.00 0.00 0.00 0
103806 0.00 0.00 0.00 0
103807 0.00 0.00 0.00 0
103808 0.00 0.00 0.00 0
103809 0.00 0.00 0.00 0
103810 0.00 0.00 0.00 0
103811 0.00 0.00 0.00 0
103812 0.00 0.00 0.00 0
103813 0.00 0.00 0.00 0
103814 0.00 0.00 0.00 0
103815 0.00 0.00 0.00 0
103816 0.00 0.00 0.00 0
103817 0.00 0.00 0.00 0
103818 0.00 0.00 0.00 0
103819 0.00 0.00 0.00 0
110129 0.00 0.00 0.00 0
110130 0.00 0.00 0.00 0
110131 0.00 0.00 0.00 0
110132 0.00 0.00 0.00 0
110133 0.00 0.00 0.00 0
110134 0.00 0.00 0.00 0
110135 0.00 0.00 0.00 0
110136 0.00 0.00 0.00 0
110137 0.00 0.00 0.00 0
110138 0.00 0.00 0.00 0
110139 0.00 0.00 0.00 0
110140 0.00 0.00 0.00 0
110141 0.00 0.00 0.00 0
110142 0.00 0.00 0.00 0
110143 0.00 0.00 0.00 0
110144 0.00 0.00 0.00 0
110145 0.00 0.00 0.00 0
110146 0.00 0.00 0.00 0
110147 0.00 0.00 0.00 0
110148 0.00 0.00 0.00 0
110149 0.00 0.00 0.00 0
110150 0.00 0.00 0.00 0
110151 0.00 0.00 0.00 0
110152 0.00 0.00 0.00 0
110153 0.00 0.00 0.00 0
110154 0.00 0.00 0.00 0
110155 0.00 0.00 0.00 0
110156 0.00 0.00 0.00 0
110157 0.00 0.00 0.00 0
110158 0.00 0.00 0.00 0
110159 0.00 0.00 0.00 0
110160 0.00 0.00 0.00 0
110161 0.00 0.00 0.00 0
110162 0.00 0.00 0.00 0
110163 0.00 0.00 0.00 0
110164 0.00 0.00 0.00 0
110165 0.00 0.00 0.00 0
110166 0.00 0.00 0.00 0
110167 0.00 0.00 0.00 0
110168 0.00 0.00 0.00 0
110169 0.00 0.00 0.00 0
110170 0.00 0.00 0.00 0
110171 0.00 0.00 0.00 0
110172 0.00 0.00 0.00 0
110173 0.00 0.00 0.00 0
110174 0.00 0.00 0.00 0
110175 0.00 0.00 0.00 0
110176 0.00 0.00 0.00 0
110177 0.00 0.00 0.00 0
110178 0.00 0.00 0.00 0
110179 0.00 0.00 0.00 0
110180 0.00 0.00 0.00 0
110248 0.00 0.00 0.00 0
110249 0.00 0.00 0.00 0
110250 0.00 0.00 0.00 0
110251 0.00 0.00 0.00 0
110252 0.00 0.00 0.00 0
110253 0.00 0.00 0.00 0
110254 0.00 0.00 0.00 0
110255 0.00 0.00 0.00 0
110256 0.00 0.00 0.00 0
110257 0.00 0.00 0.00 0
110258 0.00 0.00 0.00 0
110259 0.00 0.00 0.00 0
110290 0.00 0.00 0.00 0
110291 0.00 0.00 0.00 0
110292 0.00 0.00 0.00 0
110293 0.00 0.00 0.00 0
110294 0.00 0.00 0.00 0
110295 0.00 0.00 0.00 0
110296 0.00 0.00 0.00 0
110297 0.00 0.00 0.00 0
110298 0.00 0.00 0.00 0
110299 0.00 0.00 0.00 0
110300 0.00 0.00 0.00 0
110301 0.00 0.00 0.00 0
110302 0.00 0.00 0.00 0
110303 0.00 0.00 0.00 0
110304 0.00 0.00 0.00 0
117248 0.00 0.00 0.00 0
117249 0.00 0.00 0.00 0
117250 0.00 0.00 0.00 0
117251 0.00 0.00 0.00 0
117252 0.00 0.00 0.00 0
117253 0.00 0.00 0.00 0
117254 0.00 0.00 0.00 0
117255 0.00 0.00 0.00 0
117256 0.00 0.00 0.00 0
117257 0.00 0.00 0.00 0
117258 0.00 0.00 0.00 0
117259 0.00 0.00 0.00 0
117260 0.00 0.00 0.00 0
117261 0.00 0.00 0.00 0
117262 0.00 0.00 0.00 0
117263 0.00 0.00 0.00 0
117264 0.00 0.00 0.00 0
117265 0.00 0.00 0.00 0
117266 0.00 0.00 0.00 0
117267 0.00 0.00 0.00 0
117268 0.00 0.00 0.00 0
118087 0.00 0.00 0.00 0
118092 0.00 0.00 0.00 0
119757 0.00 0.00 0.00 0
119758 0.00 0.00 0.00 0
119759 0.00 0.00 0.00 0
119760 0.00 0.00 0.00 0
119761 0.00 0.00 0.00 0
119762 0.00 0.00 0.00 0
119763 0.00 0.00 0.00 0
119764 0.00 0.00 0.00 0
119765 0.00 0.00 0.00 0
119766 0.00 0.00 0.00 0
119767 0.00 0.00 0.00 0
119768 0.00 0.00 0.00 0
119769 0.00 0.00 0.00 0
119770 0.00 0.00 0.00 0
119771 0.00 0.00 0.00 0
119772 0.00 0.00 0.00 0
119773 0.00 0.00 0.00 0
119774 0.00 0.00 0.00 0
119775 0.00 0.00 0.00 0
119776 0.00 0.00 0.00 0
119777 0.00 0.00 0.00 0
119778 0.00 0.00 0.00 0
119779 0.00 0.00 0.00 0
119780 0.00 0.00 0.00 0
119781 0.00 0.00 0.00 0
119782 0.00 0.00 0.00 0
119783 0.00 0.00 0.00 0
119784 0.00 0.00 0.00 0
119785 0.00 0.00 0.00 0
119786 0.00 0.00 0.00 0
119787 0.00 0.00 0.00 0
119788 0.00 0.00 0.00 0
124695 0.00 0.00 0.00 0
124696 0.00 0.00 0.00 0
124697 0.00 0.00 0.00 0
124698 0.00 0.00 0.00 0
124699 0.00 0.00 0.00 0
124700 0.00 0.00 0.00 0
124701 0.00 0.00 0.00 0
124702 0.00 0.00 0.00 0
124703 0.00 0.00 0.00 0
124704 0.00 0.00 0.00 0
124705 0.00 0.00 0.00 0
124706 0.00 0.00 0.00 0
124707 0.00 0.00 0.00 0
124708 0.00 0.00 0.00 0
124709 0.00 0.00 0.00 0
124710 0.00 0.00 0.00 0
124711 0.00 0.00 0.00 0
124712 0.00 0.00 0.00 0
124713 0.00 0.00 0.00 0
124714 0.00 0.00 0.00 0
124715 0.00 0.00 0.00 0
124716 0.00 0.00 0.00 0
124717 0.00 0.00 0.00 0
124718 0.00 0.00 0.00 0
124719 0.00 0.00 0.00 0
124720 0.00 0.00 0.00 0
124721 0.00 0.00 0.00 0
124722 0.00 0.00 0.00 0
124723 0.00 0.00 0.00 0
124724 0.00 0.00 0.00 0
124725 0.00 0.00 0.00 0
124726 0.00 0.00 0.00 0
124727 0.00 0.00 0.00 0
124728 0.00 0.00 0.00 0
124729 0.00 0.00 0.00 0
124730 0.00 0.00 0.00 0
124731 0.00 0.00 0.00 0
124732 0.00 0.00 0.00 0
124733 0.00 0.00 0.00 0
124734 0.00 0.00 0.00 0
124735 0.00 0.00 0.00 0
124736 0.00 0.00 0.00 0
124737 0.00 0.00 0.00 0
124739 0.00 0.00 0.00 0
124791 0.00 0.00 0.00 0
124793 0.00 0.00 0.00 0
124794 0.00 0.00 0.00 0
124795 0.00 0.00 0.00 0
124796 0.00 0.00 0.00 0
124797 0.00 0.00 0.00 0
124823 0.00 0.00 0.00 0
124826 0.00 0.00 0.00 0
124827 0.00 0.00 0.00 0
124828 0.00 0.00 0.00 0
124829 0.00 0.00 0.00 0
124830 0.00 0.00 0.00 0
124831 0.00 0.00 0.00 0
129724 0.00 0.00 0.00 0
129725 0.00 0.00 0.00 0
129726 0.00 0.00 0.00 0
129727 0.00 0.00 0.00 0
129729 0.00 0.00 0.00 0
129730 0.00 0.00 0.00 0
129731 0.00 0.00 0.00 0
129732 0.00 0.00 0.00 0
129733 0.00 0.00 0.00 0
129740 0.00 0.00 0.00 0
129741 0.00 0.00 0.00 0
129742 0.00 0.00 0.00 0
129743 0.00 0.00 0.00 0
129744 0.00 0.00 0.00 0
129745 0.00 0.00 0.00 0
129746 0.00 0.00 0.00 0
129747 0.00 0.00 0.00 0
129748 0.00 0.00 0.00 0
129749 0.00 0.00 0.00 0
129750 0.00 0.00 0.00 0
129751 0.00 0.00 0.00 0
134196 0.00 0.00 0.00 0
134197 0.00 0.00 0.00 0
134198 0.00 0.00 0.00 0
134199 0.00 0.00 0.00 0
134200 0.00 0.00 0.00 0
134201 0.00 0.00 0.00 0
134202 0.00 0.00 0.00 0
134203 0.00 0.00 0.00 0
134204 0.00 0.00 0.00 0
134205 0.00 0.00 0.00 0
134206 0.00 0.00 0.00 0
134207 0.00 0.00 0.00 0
134208 0.00 0.00 0.00 0
134209 0.00 0.00 0.00 0
134210 0.00 0.00 0.00 0
134211 0.00 0.00 0.00 0
134212 0.00 0.00 0.00 0
134213 0.00 0.00 0.00 0
134214 0.00 0.00 0.00 0
134215 0.00 0.00 0.00 0
134216 0.00 0.00 0.00 0
134217 0.00 0.00 0.00 0
134218 0.00 0.00 0.00 0
134219 0.00 0.00 0.00 0
134220 0.00 0.00 0.00 0
134221 0.00 0.00 0.00 0
134222 0.00 0.00 0.00 0
134223 0.00 0.00 0.00 0
134224 0.00 0.00 0.00 0
134225 0.00 0.00 0.00 0
134226 0.00 0.00 0.00 0
134227 0.00 0.00 0.00 0
134228 0.00 0.00 0.00 0
134229 0.00 0.00 0.00 0
134230 0.00 0.00 0.00 0
134231 0.00 0.00 0.00 0
134232 0.00 0.00 0.00 0
134233 0.00 0.00 0.00 0
134234 0.00 0.00 0.00 0
134237 0.00 0.00 0.00 0
134238 0.00 0.00 0.00 0
134239 0.00 0.00 0.00 0
134240 0.00 0.00 0.00 0
134241 0.00 0.00 0.00 0
134242 0.00 0.00 0.00 0
140899 0.00 0.00 0.00 0
140900 0.00 0.00 0.00 0
140901 0.00 0.00 0.00 0
140902 0.00 0.00 0.00 0
140903 0.00 0.00 0.00 0
140904 0.00 0.00 0.00 0
140905 0.00 0.00 0.00 0
140906 0.00 0.00 0.00 0
140907 0.00 0.00 0.00 0
140908 0.00 0.00 0.00 0
140909 0.00 0.00 0.00 0
140910 0.00 0.00 0.00 0
140911 0.00 0.00 0.00 0
140912 0.00 0.00 0.00 0
140913 0.00 0.00 0.00 0
140914 0.00 0.00 0.00 0
140915 0.00 0.00 0.00 0
140916 0.00 0.00 0.00 0
140917 0.00 0.00 0.00 0
140918 0.00 0.00 0.00 0
140919 0.00 0.00 0.00 0
140920 0.00 0.00 0.00 0
140921 0.00 0.00 0.00 0
140922 0.00 0.00 0.00 0
140923 0.00 0.00 0.00 0
140924 0.00 0.00 0.00 0
140925 0.00 0.00 0.00 0
140926 0.00 0.00 0.00 0
140927 0.00 0.00 0.00 0
140928 0.00 0.00 0.00 0
140929 0.00 0.00 0.00 0
140930 0.00 0.00 0.00 0
140931 0.00 0.00 0.00 0
140932 0.00 0.00 0.00 0
140933 0.00 0.00 0.00 0
140934 0.00 0.00 0.00 0
140935 0.00 0.00 0.00 0
140936 0.00 0.00 0.00 0
140937 0.00 0.00 0.00 0
140938 0.00 0.00 0.00 0
140939 0.00 0.00 0.00 0
140940 0.00 0.00 0.00 0
140941 0.00 0.00 0.00 0
140942 0.00 0.00 0.00 0
140943 0.00 0.00 0.00 0
140944 0.00 0.00 0.00 0
140945 0.00 0.00 0.00 0
140946 0.00 0.00 0.00 0
140947 0.00 0.00 0.00 0
140948 0.00 0.00 0.00 0
140949 0.00 0.00 0.00 0
140950 0.00 0.00 0.00 0
140951 0.00 0.00 0.00 0
140952 0.00 0.00 0.00 0
140953 0.00 0.00 0.00 0
140954 0.00 0.00 0.00 0
140955 0.00 0.00 0.00 0
140956 0.00 0.00 0.00 0
140957 0.00 0.00 0.00 0
140958 0.00 0.00 0.00 0
140959 0.00 0.00 0.00 0
140960 0.00 0.00 0.00 0
140961 0.00 0.00 0.00 0
140962 0.00 0.00 0.00 0
140963 0.00 0.00 0.00 0
140964 0.00 0.00 0.00 0
140965 0.00 0.00 0.00 0
140966 0.00 0.00 0.00 0
140967 0.00 0.00 0.00 0
140968 0.00 0.00 0.00 0
140969 0.00 0.00 0.00 0
140970 0.00 0.00 0.00 0
140971 0.00 0.00 0.00 0
140972 0.00 0.00 0.00 0
140973 0.00 0.00 0.00 0
140974 0.00 0.00 0.00 0
140975 0.00 0.00 0.00 0
140976 0.00 0.00 0.00 0
140977 0.00 0.00 0.00 0
153699 0.00 0.00 0.00 0
153700 0.00 0.00 0.00 0
153701 0.00 0.00 0.00 0
153702 0.00 0.00 0.00 0
153703 0.00 0.00 0.00 0
153704 0.00 0.00 0.00 0
153705 0.00 0.00 0.00 0
153706 0.00 0.00 0.00 0
153707 0.00 0.00 0.00 0
153708 0.00 0.00 0.00 0
153709 0.00 0.00 0.00 0
153710 0.00 0.00 0.00 0
153711 0.00 0.00 0.00 0
153712 0.00 0.00 0.00 0
153713 0.00 0.00 0.00 0
153714 0.00 0.00 0.00 0
153718 0.00 0.00 0.00 0
153719 0.00 0.00 0.00 0
153720 0.00 0.00 0.00 0
153721 0.00 0.00 0.00 0
153722 0.00 0.00 0.00 0
153723 0.00 0.00 0.00 0
153724 0.00 0.00 0.00 0
153725 0.00 0.00 0.00 0
153726 0.00 0.00 0.00 0
153727 0.00 0.00 0.00 0
153728 0.00 0.00 0.00 0
153729 0.00 0.00 0.00 0
153730 0.00 0.00 0.00 0
153731 0.00 0.00 0.00 0
153732 0.00 0.00 0.00 0
153733 0.00 0.00 0.00 0
153734 0.00 0.00 0.00 0
153735 0.00 0.00 0.00 0
153736 0.00 0.00 0.00 0
153737 0.00 0.00 0.00 0
153738 0.00 0.00 0.00 0
153739 0.00 0.00 0.00 0
153740 0.00 0.00 0.00 0
153741 0.00 0.00 0.00 0
153742 0.00 0.00 0.00 0
153743 0.00 0.00 0.00 0
153744 0.00 0.00 0.00 0
153745 0.00 0.00 0.00 0
153746 0.00 0.00 0.00 0
153747 0.00 0.00 0.00 0
153748 0.00 0.00 0.00 0
153749 0.00 0.00 0.00 0
153750 0.00 0.00 0.00 0
153751 0.00 0.00 0.00 0
153752 0.00 0.00 0.00 0
153753 0.00 0.00 0.00 0
153754 0.00 0.00 0.00 0
153755 0.00 0.00 0.00 0
153756 0.00 0.00 0.00 0
153757 0.00 0.00 0.00 0
153758 0.00 0.00 0.00 0
153759 0.00 0.00 0.00 0
153760 0.00 0.00 0.00 0
153761 0.00 0.00 0.00 0
153762 0.00 0.00 0.00 0
153763 0.00 0.00 0.00 0
153764 0.00 0.00 0.00 0
153765 0.00 0.00 0.00 0
153766 0.00 0.00 0.00 0
153767 0.00 0.00 0.00 0
153768 0.00 0.00 0.00 0
153769 0.00 0.00 0.00 0
153770 0.00 0.00 0.00 0
153771 0.00 0.00 0.00 0
153772 0.00 0.00 0.00 0
153773 0.00 0.00 0.00 0
153774 0.00 0.00 0.00 0
153775 0.00 0.00 0.00 0
153776 0.00 0.00 0.00 0
153777 0.00 0.00 0.00 0
153778 0.00 0.00 0.00 0
153779 0.00 0.00 0.00 0
153780 0.00 0.00 0.00 0
153781 0.00 0.00 0.00 0
153782 0.00 0.00 0.00 0
153783 0.00 0.00 0.00 0
153784 0.00 0.00 0.00 0
153785 0.00 0.00 0.00 0
153786 0.00 0.00 0.00 0
153787 0.00 0.00 0.00 0
153788 0.00 0.00 0.00 0
153789 0.00 0.00 0.00 0
153790 0.00 0.00 0.00 0
153791 0.00 0.00 0.00 0
153792 0.00 0.00 0.00 0
153793 0.00 0.00 0.00 0
153794 0.00 0.00 0.00 0
153795 0.00 0.00 0.00 0
153805 0.00 0.00 0.00 0
153823 0.00 0.00 0.00 0
153824 0.00 0.00 0.00 0
153902 0.00 0.00 0.00 0
153903 0.00 0.00 0.00 0
153930 0.00 0.00 0.00 0
153931 0.00 0.00 0.00 0
153932 0.00 0.00 0.00 0
153933 0.00 0.00 0.00 0
153934 0.00 0.00 0.00 0
153935 0.00 0.00 0.00 0
153936 0.00 0.00 0.00 0
153937 0.00 0.00 0.00 0
153938 0.00 0.00 0.00 0
153939 0.00 0.00 0.00 0
153940 0.00 0.00 0.00 0
153941 0.00 0.00 0.00 0
153942 0.00 0.00 0.00 0
153943 0.00 0.00 0.00 0
153944 0.00 0.00 0.00 0
153945 0.00 0.00 0.00 0
153946 0.00 0.00 0.00 0
153947 0.00 0.00 0.00 0
153948 0.00 0.00 0.00 0
153949 0.00 0.00 0.00 0
153950 0.00 0.00 0.00 0
153951 0.00 0.00 0.00 0
153952 0.00 0.00 0.00 0
153953 0.00 0.00 0.00 0
153954 0.00 0.00 0.00 0
153955 0.00 0.00 0.00 0
153956 0.00 0.00 0.00 0
153957 0.00 0.00 0.00 0
154017 0.00 0.00 0.00 0
154018 0.00 0.00 0.00 0
154019 0.00 0.00 0.00 0
154020 0.00 0.00 0.00 0
154022 0.00 0.00 0.00 0
154023 0.00 0.00 0.00 0
154024 0.00 0.00 0.00 0
154025 0.00 0.00 0.00 0
154026 0.00 0.00 0.00 0
154027 0.00 0.00 0.00 0
154028 0.00 0.00 0.00 0
154029 0.00 0.00 0.00 0
154030 0.00 0.00 0.00 0
154031 0.00 0.00 0.00 0
154032 0.00 0.00 0.00 0
154033 0.00 0.00 0.00 0
154034 0.00 0.00 0.00 0
154035 0.00 0.00 0.00 0
154036 0.00 0.00 0.00 0
154037 0.00 0.00 0.00 0
154038 0.00 0.00 0.00 0
154039 0.00 0.00 0.00 0
154040 0.00 0.00 0.00 0
154041 0.00 0.00 0.00 0
154042 0.00 0.00 0.00 0
154043 0.00 0.00 0.00 0
154044 0.00 0.00 0.00 0
154045 0.00 0.00 0.00 0
154046 0.00 0.00 0.00 0
154048 0.00 0.00 0.00 0
154049 0.00 0.00 0.00 0
154050 0.00 0.00 0.00 0
