# S_orbital_lateral
371
56 0.00 0.00 0.00 0
390 0.00 0.00 0.00 0
889 0.00 0.00 0.00 0
1617 0.00 0.00 0.00 0
1867 0.00 0.00 0.00 0
1869 0.00 0.00 0.00 0
1870 0.00 0.00 0.00 0
3053 0.00 0.00 0.00 0
3055 0.00 0.00 0.00 0
4106 0.00 0.00 0.00 0
4107 0.00 0.00 0.00 0
4108 0.00 0.00 0.00 0
4109 0.00 0.00 0.00 0
4110 0.00 0.00 0.00 0
7610 0.00 0.00 0.00 0
7611 0.00 0.00 0.00 0
7612 0.00 0.00 0.00 0
8220 0.00 0.00 0.00 0
8221 0.00 0.00 0.00 0
8225 0.00 0.00 0.00 0
8228 0.00 0.00 0.00 0
8229 0.00 0.00 0.00 0
8230 0.00 0.00 0.00 0
9142 0.00 0.00 0.00 0
10733 0.00 0.00 0.00 0
10734 0.00 0.00 0.00 0
10735 0.00 0.00 0.00 0
11786 0.00 0.00 0.00 0
11787 0.00 0.00 0.00 0
11788 0.00 0.00 0.00 0
11789 0.00 0.00 0.00 0
11790 0.00 0.00 0.00 0
11791 0.00 0.00 0.00 0
11792 0.00 0.00 0.00 0
16719 0.00 0.00 0.00 0
18063 0.00 0.00 0.00 0
18065 0.00 0.00 0.00 0
18066 0.00 0.00 0.00 0
18067 0.00 0.00 0.00 0
18078 0.00 0.00 0.00 0
18079 0.00 0.00 0.00 0
18080 0.00 0.00 0.00 0
18081 0.00 0.00 0.00 0
18083 0.00 0.00 0.00 0
18084 0.00 0.00 0.00 0
18085 0.00 0.00 0.00 0
18086 0.00 0.00 0.00 0
18087 0.00 0.00 0.00 0
18088 0.00 0.00 0.00 0
18089 0.00 0.00 0.00 0
18090 0.00 0.00 0.00 0
18091 0.00 0.00 0.00 0
18092 0.00 0.00 0.00 0
20296 0.00 0.00 0.00 0
20297 0.00 0.00 0.00 0
20298 0.00 0.00 0.00 0
23929 0.00 0.00 0.00 0
25816 0.00 0.00 0.00 0
25822 0.00 0.00 0.00 0
25823 0.00 0.00 0.00 0
25824 0.00 0.00 0.00 0
25825 0.00 0.00 0.00 0
25826 0.00 0.00 0.00 0
25827 0.00 0.00 0.00 0
25828 0.00 0.00 0.00 0
25829 0.00 0.00 0.00 0
25830 0.00 0.00 0.00 0
25831 0.00 0.00 0.00 0
25832 0.00 0.00 0.00 0
25833 0.00 0.00 0.00 0
29848 0.00 0.00 0.00 0
33272 0.00 0.00 0.00 0
33273 0.00 0.00 0.00 0
33274 0.00 0.00 0.00 0
33275 0.00 0.00 0.00 0
33276 0.00 0.00 0.00 0
34961 0.00 0.00 0.00 0
34962 0.00 0.00 0.00 0
34963 0.00 0.00 0.00 0
34976 0.00 0.00 0.00 0
34977 0.00 0.00 0.00 0
34983 0.00 0.00 0.00 0
34984 0.00 0.00 0.00 0
34985 0.00 0.00 0.00 0
34986 0.00 0.00 0.00 0
34987 0.00 0.00 0.00 0
34988 0.00 0.00 0.00 0
34989 0.00 0.00 0.00 0
34990 0.00 0.00 0.00 0
34991 0.00 0.00 0.00 0
34992 0.00 0.00 0.00 0
37666 0.00 0.00 0.00 0
37667 0.00 0.00 0.00 0
41453 0.00 0.00 0.00 0
41454 0.00 0.00 0.00 0
41455 0.00 0.00 0.00 0
42506 0.00 0.00 0.00 0
42507 0.00 0.00 0.00 0
42508 0.00 0.00 0.00 0
42509 0.00 0.00 0.00 0
42510 0.00 0.00 0.00 0
42511 0.00 0.00 0.00 0
42512 0.00 0.00 0.00 0
48783 0.00 0.00 0.00 0
48784 0.00 0.00 0.00 0
48785 0.00 0.00 0.00 0
48786 0.00 0.00 0.00 0
48787 0.00 0.00 0.00 0
48796 0.00 0.00 0.00 0
48798 0.00 0.00 0.00 0
48799 0.00 0.00 0.00 0
48800 0.00 0.00 0.00 0
48801 0.00 0.00 0.00 0
48802 0.00 0.00 0.00 0
48803 0.00 0.00 0.00 0
48804 0.00 0.00 0.00 0
48805 0.00 0.00 0.00 0
48806 0.00 0.00 0.00 0
48807 0.00 0.00 0.00 0
48808 0.00 0.00 0.00 0
48809 0.00 0.00 0.00 0
48810 0.00 0.00 0.00 0
48811 0.00 0.00 0.00 0
48812 0.00 0.00 0.00 0
51016 0.00 0.00 0.00 0
51017 0.00 0.00 0.00 0
51018 0.00 0.00 0.00 0
55238 0.00 0.00 0.00 0
55240 0.00 0.00 0.00 0
55241 0.00 0.00 0.00 0
55242 0.00 0.00 0.00 0
55243 0.00 0.00 0.00 0
55245 0.00 0.00 0.00 0
58387 0.00 0.00 0.00 0
58396 0.00 0.00 0.00 0
58397 0.00 0.00 0.00 0
58398 0.00 0.00 0.00 0
58399 0.00 0.00 0.00 0
58400 0.00 0.00 0.00 0
58401 0.00 0.00 0.00 0
58402 0.00 0.00 0.00 0
58403 0.00 0.00 0.00 0
58404 0.00 0.00 0.00 0
58405 0.00 0.00 0.00 0
58406 0.00 0.00 0.00 0
58407 0.00 0.00 0.00 0
58408 0.00 0.00 0.00 0
58409 0.00 0.00 0.00 0
58410 0.00 0.00 0.00 0
58411 0.00 0.00 0.00 0
58412 0.00 0.00 0.00 0
58413 0.00 0.00 0.00 0
58414 0.00 0.00 0.00 0
58415 0.00 0.00 0.00 0
65604 0.00 0.00 0.00 0
73193 0.00 0.00 0.00 0
73194 0.00 0.00 0.00 0
73195 0.00 0.00 0.00 0
73196 0.00 0.00 0.00 0
73197 0.00 0.00 0.00 0
73198 0.00 0.00 0.00 0
73199 0.00 0.00 0.00 0
73200 0.00 0.00 0.00 0
77237 0.00 0.00 0.00 0
77238 0.00 0.00 0.00 0
77239 0.00 0.00 0.00 0
77240 0.00 0.00 0.00 0
77241 0.00 0.00 0.00 0
77242 0.00 0.00 0.00 0
77269 0.00 0.00 0.00 0
77271 0.00 0.00 0.00 0
77272 0.00 0.00 0.00 0
77273 0.00 0.00 0.00 0
77274 0.00 0.00 0.00 0
77275 0.00 0.00 0.00 0
77276 0.00 0.00 0.00 0
77278 0.00 0.00 0.00 0
77291 0.00 0.00 0.00 0
77292 0.00 0.00 0.00 0
77293 0.00 0.00 0.00 0
77294 0.00 0.00 0.00 0
77295 0.00 0.00 0.00 0
77296 0.00 0.00 0.00 0
77297 0.00 0.00 0.00 0
77298 0.00 0.00 0.00 0
77299 0.00 0.00 0.00 0
77300 0.00 0.00 0.00 0
77301 0.00 0.00 0.00 0
77302 0.00 0.00 0.00 0
77303 0.00 0.00 0.00 0
77304 0.00 0.00 0.00 0
77305 0.00 0.00 0.00 0
77306 0.00 0.00 0.00 0
77307 0.00 0.00 0.00 0
77308 0.00 0.00 0.00 0
77309 0.00 0.00 0.00 0
77310 0.00 0.00 0.00 0
77311 0.00 0.00 0.00 0
77312 0.00 0.00 0.00 0
77313 0.00 0.00 0.00 0
77314 0.00 0.00 0.00 0
77315 0.00 0.00 0.00 0
77318 0.00 0.00 0.00 0
77319 0.00 0.00 0.00 0
83926 0.00 0.00 0.00 0
83927 0.00 0.00 0.00 0
83928 0.00 0.00 0.00 0
83929 0.00 0.00 0.00 0
83930 0.00 0.00 0.00 0
83931 0.00 0.00 0.00 0
83932 0.00 0.00 0.00 0
93047 0.00 0.00 0.00 0
93048 0.00 0.00 0.00 0
93049 0.00 0.00 0.00 0
93050 0.00 0.00 0.00 0
93051 0.00 0.00 0.00 0
94942 0.00 0.00 0.00 0
94943 0.00 0.00 0.00 0
94944 0.00 0.00 0.00 0
94945 0.00 0.00 0.00 0
94946 0.00 0.00 0.00 0
94947 0.00 0.00 0.00 0
94948 0.00 0.00 0.00 0
94949 0.00 0.00 0.00 0
94950 0.00 0.00 0.00 0
94951 0.00 0.00 0.00 0
94952 0.00 0.00 0.00 0
94953 0.00 0.00 0.00 0
94954 0.00 0.00 0.00 0
103820 0.00 0.00 0.00 0
103821 0.00 0.00 0.00 0
103822 0.00 0.00 0.00 0
103823 0.00 0.00 0.00 0
103824 0.00 0.00 0.00 0
106244 0.00 0.00 0.00 0
106245 0.00 0.00 0.00 0
106246 0.00 0.00 0.00 0
106247 0.00 0.00 0.00 0
106248 0.00 0.00 0.00 0
106249 0.00 0.00 0.00 0
106268 0.00 0.00 0.00 0
106269 0.00 0.00 0.00 0
106270 0.00 0.00 0.00 0
106271 0.00 0.00 0.00 0
106272 0.00 0.00 0.00 0
106279 0.00 0.00 0.00 0
106280 0.00 0.00 0.00 0
106281 0.00 0.00 0.00 0
106282 0.00 0.00 0.00 0
106283 0.00 0.00 0.00 0
106284 0.00 0.00 0.00 0
106285 0.00 0.00 0.00 0
106286 0.00 0.00 0.00 0
106287 0.00 0.00 0.00 0
106288 0.00 0.00 0.00 0
106289 0.00 0.00 0.00 0
106290 0.00 0.00 0.00 0
106291 0.00 0.00 0.00 0
106292 0.00 0.00 0.00 0
106293 0.00 0.00 0.00 0
110260 0.00 0.00 0.00 0
110261 0.00 0.00 0.00 0
110262 0.00 0.00 0.00 0
110263 0.00 0.00 0.00 0
110264 0.00 0.00 0.00 0
117274 0.00 0.00 0.00 0
121677 0.00 0.00 0.00 0
121678 0.00 0.00 0.00 0
121690 0.00 0.00 0.00 0
121691 0.00 0.00 0.00 0
121692 0.00 0.00 0.00 0
121693 0.00 0.00 0.00 0
121694 0.00 0.00 0.00 0
121695 0.00 0.00 0.00 0
121696 0.00 0.00 0.00 0
121697 0.00 0.00 0.00 0
121698 0.00 0.00 0.00 0
121699 0.00 0.00 0.00 0
121700 0.00 0.00 0.00 0
121701 0.00 0.00 0.00 0
121702 0.00 0.00 0.00 0
121703 0.00 0.00 0.00 0
121704 0.00 0.00 0.00 0
121705 0.00 0.00 0.00 0
121706 0.00 0.00 0.00 0
121707 0.00 0.00 0.00 0
121708 0.00 0.00 0.00 0
121709 0.00 0.00 0.00 0
121710 0.00 0.00 0.00 0
121711 0.00 0.00 0.00 0
121712 0.00 0.00 0.00 0
121713 0.00 0.00 0.00 0
121714 0.00 0.00 0.00 0
121715 0.00 0.00 0.00 0
121716 0.00 0.00 0.00 0
121717 0.00 0.00 0.00 0
124799 0.00 0.00 0.00 0
131472 0.00 0.00 0.00 0
131481 0.00 0.00 0.00 0
131482 0.00 0.00 0.00 0
131483 0.00 0.00 0.00 0
131484 0.00 0.00 0.00 0
131487 0.00 0.00 0.00 0
131488 0.00 0.00 0.00 0
131489 0.00 0.00 0.00 0
131490 0.00 0.00 0.00 0
131491 0.00 0.00 0.00 0
140978 0.00 0.00 0.00 0
140979 0.00 0.00 0.00 0
140980 0.00 0.00 0.00 0
140981 0.00 0.00 0.00 0
140982 0.00 0.00 0.00 0
140983 0.00 0.00 0.00 0
140984 0.00 0.00 0.00 0
140985 0.00 0.00 0.00 0
140986 0.00 0.00 0.00 0
140987 0.00 0.00 0.00 0
140988 0.00 0.00 0.00 0
145902 0.00 0.00 0.00 0
145903 0.00 0.00 0.00 0
145904 0.00 0.00 0.00 0
145905 0.00 0.00 0.00 0
145906 0.00 0.00 0.00 0
145907 0.00 0.00 0.00 0
145908 0.00 0.00 0.00 0
145909 0.00 0.00 0.00 0
145946 0.00 0.00 0.00 0
145947 0.00 0.00 0.00 0
145948 0.00 0.00 0.00 0
145949 0.00 0.00 0.00 0
145950 0.00 0.00 0.00 0
145951 0.00 0.00 0.00 0
145968 0.00 0.00 0.00 0
145969 0.00 0.00 0.00 0
145970 0.00 0.00 0.00 0
145971 0.00 0.00 0.00 0
145972 0.00 0.00 0.00 0
145973 0.00 0.00 0.00 0
145974 0.00 0.00 0.00 0
145975 0.00 0.00 0.00 0
145976 0.00 0.00 0.00 0
145977 0.00 0.00 0.00 0
145978 0.00 0.00 0.00 0
145979 0.00 0.00 0.00 0
145980 0.00 0.00 0.00 0
145981 0.00 0.00 0.00 0
145982 0.00 0.00 0.00 0
145983 0.00 0.00 0.00 0
145984 0.00 0.00 0.00 0
145985 0.00 0.00 0.00 0
145986 0.00 0.00 0.00 0
145987 0.00 0.00 0.00 0
145988 0.00 0.00 0.00 0
145989 0.00 0.00 0.00 0
145990 0.00 0.00 0.00 0
145991 0.00 0.00 0.00 0
145992 0.00 0.00 0.00 0
145993 0.00 0.00 0.00 0
145994 0.00 0.00 0.00 0
145995 0.00 0.00 0.00 0
145996 0.00 0.00 0.00 0
146000 0.00 0.00 0.00 0
153958 0.00 0.00 0.00 0
153959 0.00 0.00 0.00 0
153960 0.00 0.00 0.00 0
153961 0.00 0.00 0.00 0
153962 0.00 0.00 0.00 0
153963 0.00 0.00 0.00 0
153964 0.00 0.00 0.00 0
153967 0.00 0.00 0.00 0
153968 0.00 0.00 0.00 0
