# S_parieto_occipital
2208
33 0.00 0.00 0.00 0
137 0.00 0.00 0.00 0
299 0.00 0.00 0.00 0
300 0.00 0.00 0.00 0
301 0.00 0.00 0.00 0
414 0.00 0.00 0.00 0
569 0.00 0.00 0.00 0
571 0.00 0.00 0.00 0
779 0.00 0.00 0.00 0
780 0.00 0.00 0.00 0
781 0.00 0.00 0.00 0
793 0.00 0.00 0.00 0
1259 0.00 0.00 0.00 0
1260 0.00 0.00 0.00 0
1261 0.00 0.00 0.00 0
1300 0.00 0.00 0.00 0
1302 0.00 0.00 0.00 0
1303 0.00 0.00 0.00 0
1691 0.00 0.00 0.00 0
1692 0.00 0.00 0.00 0
1693 0.00 0.00 0.00 0
1694 0.00 0.00 0.00 0
1695 0.00 0.00 0.00 0
1717 0.00 0.00 0.00 0
1925 0.00 0.00 0.00 0
1926 0.00 0.00 0.00 0
1927 0.00 0.00 0.00 0
1928 0.00 0.00 0.00 0
2345 0.00 0.00 0.00 0
2347 0.00 0.00 0.00 0
2350 0.00 0.00 0.00 0
2356 0.00 0.00 0.00 0
2398 0.00 0.00 0.00 0
2399 0.00 0.00 0.00 0
2699 0.00 0.00 0.00 0
2700 0.00 0.00 0.00 0
2701 0.00 0.00 0.00 0
2710 0.00 0.00 0.00 0
2712 0.00 0.00 0.00 0
2713 0.00 0.00 0.00 0
3179 0.00 0.00 0.00 0
3180 0.00 0.00 0.00 0
3181 0.00 0.00 0.00 0
3220 0.00 0.00 0.00 0
3221 0.00 0.00 0.00 0
3222 0.00 0.00 0.00 0
3223 0.00 0.00 0.00 0
3779 0.00 0.00 0.00 0
3780 0.00 0.00 0.00 0
3781 0.00 0.00 0.00 0
3782 0.00 0.00 0.00 0
3783 0.00 0.00 0.00 0
3784 0.00 0.00 0.00 0
3785 0.00 0.00 0.00 0
3786 0.00 0.00 0.00 0
3820 0.00 0.00 0.00 0
3821 0.00 0.00 0.00 0
3822 0.00 0.00 0.00 0
3823 0.00 0.00 0.00 0
4230 0.00 0.00 0.00 0
4231 0.00 0.00 0.00 0
4233 0.00 0.00 0.00 0
5219 0.00 0.00 0.00 0
5220 0.00 0.00 0.00 0
5221 0.00 0.00 0.00 0
5222 0.00 0.00 0.00 0
5223 0.00 0.00 0.00 0
5227 0.00 0.00 0.00 0
5228 0.00 0.00 0.00 0
5229 0.00 0.00 0.00 0
5242 0.00 0.00 0.00 0
5243 0.00 0.00 0.00 0
5244 0.00 0.00 0.00 0
5350 0.00 0.00 0.00 0
5351 0.00 0.00 0.00 0
5352 0.00 0.00 0.00 0
5353 0.00 0.00 0.00 0
5419 0.00 0.00 0.00 0
5421 0.00 0.00 0.00 0
6011 0.00 0.00 0.00 0
6012 0.00 0.00 0.00 0
6013 0.00 0.00 0.00 0
6014 0.00 0.00 0.00 0
6015 0.00 0.00 0.00 0
6036 0.00 0.00 0.00 0
6037 0.00 0.00 0.00 0
6875 0.00 0.00 0.00 0
6876 0.00 0.00 0.00 0
6877 0.00 0.00 0.00 0
6878 0.00 0.00 0.00 0
6879 0.00 0.00 0.00 0
6880 0.00 0.00 0.00 0
6881 0.00 0.00 0.00 0
6889 0.00 0.00 0.00 0
6890 0.00 0.00 0.00 0
6948 0.00 0.00 0.00 0
6950 0.00 0.00 0.00 0
6951 0.00 0.00 0.00 0
6952 0.00 0.00 0.00 0
6953 0.00 0.00 0.00 0
6954 0.00 0.00 0.00 0
6955 0.00 0.00 0.00 0
7787 0.00 0.00 0.00 0
7788 0.00 0.00 0.00 0
7789 0.00 0.00 0.00 0
7790 0.00 0.00 0.00 0
7791 0.00 0.00 0.00 0
7792 0.00 0.00 0.00 0
7793 0.00 0.00 0.00 0
7794 0.00 0.00 0.00 0
7795 0.00 0.00 0.00 0
7796 0.00 0.00 0.00 0
7848 0.00 0.00 0.00 0
7849 0.00 0.00 0.00 0
8381 0.00 0.00 0.00 0
8382 0.00 0.00 0.00 0
8383 0.00 0.00 0.00 0
8384 0.00 0.00 0.00 0
8385 0.00 0.00 0.00 0
8386 0.00 0.00 0.00 0
8387 0.00 0.00 0.00 0
8388 0.00 0.00 0.00 0
8389 0.00 0.00 0.00 0
9598 0.00 0.00 0.00 0
9599 0.00 0.00 0.00 0
9604 0.00 0.00 0.00 0
9605 0.00 0.00 0.00 0
9606 0.00 0.00 0.00 0
9607 0.00 0.00 0.00 0
9622 0.00 0.00 0.00 0
9623 0.00 0.00 0.00 0
9624 0.00 0.00 0.00 0
9625 0.00 0.00 0.00 0
9626 0.00 0.00 0.00 0
9627 0.00 0.00 0.00 0
9628 0.00 0.00 0.00 0
9750 0.00 0.00 0.00 0
9751 0.00 0.00 0.00 0
9752 0.00 0.00 0.00 0
9753 0.00 0.00 0.00 0
9754 0.00 0.00 0.00 0
10379 0.00 0.00 0.00 0
10380 0.00 0.00 0.00 0
10381 0.00 0.00 0.00 0
10390 0.00 0.00 0.00 0
10391 0.00 0.00 0.00 0
10392 0.00 0.00 0.00 0
10393 0.00 0.00 0.00 0
10859 0.00 0.00 0.00 0
10860 0.00 0.00 0.00 0
10861 0.00 0.00 0.00 0
10900 0.00 0.00 0.00 0
10901 0.00 0.00 0.00 0
10902 0.00 0.00 0.00 0
10903 0.00 0.00 0.00 0
11459 0.00 0.00 0.00 0
11460 0.00 0.00 0.00 0
11461 0.00 0.00 0.00 0
11462 0.00 0.00 0.00 0
11463 0.00 0.00 0.00 0
11464 0.00 0.00 0.00 0
11465 0.00 0.00 0.00 0
11466 0.00 0.00 0.00 0
11500 0.00 0.00 0.00 0
11501 0.00 0.00 0.00 0
11502 0.00 0.00 0.00 0
11503 0.00 0.00 0.00 0
12899 0.00 0.00 0.00 0
12900 0.00 0.00 0.00 0
12901 0.00 0.00 0.00 0
12902 0.00 0.00 0.00 0
12903 0.00 0.00 0.00 0
12904 0.00 0.00 0.00 0
12906 0.00 0.00 0.00 0
12907 0.00 0.00 0.00 0
12908 0.00 0.00 0.00 0
12909 0.00 0.00 0.00 0
12922 0.00 0.00 0.00 0
12923 0.00 0.00 0.00 0
12924 0.00 0.00 0.00 0
13030 0.00 0.00 0.00 0
13031 0.00 0.00 0.00 0
13032 0.00 0.00 0.00 0
13033 0.00 0.00 0.00 0
13099 0.00 0.00 0.00 0
13100 0.00 0.00 0.00 0
13101 0.00 0.00 0.00 0
13859 0.00 0.00 0.00 0
13860 0.00 0.00 0.00 0
13861 0.00 0.00 0.00 0
13862 0.00 0.00 0.00 0
13863 0.00 0.00 0.00 0
13864 0.00 0.00 0.00 0
13865 0.00 0.00 0.00 0
13866 0.00 0.00 0.00 0
13900 0.00 0.00 0.00 0
13901 0.00 0.00 0.00 0
13902 0.00 0.00 0.00 0
13903 0.00 0.00 0.00 0
15299 0.00 0.00 0.00 0
15300 0.00 0.00 0.00 0
15301 0.00 0.00 0.00 0
15302 0.00 0.00 0.00 0
15303 0.00 0.00 0.00 0
15304 0.00 0.00 0.00 0
15305 0.00 0.00 0.00 0
15306 0.00 0.00 0.00 0
15307 0.00 0.00 0.00 0
15323 0.00 0.00 0.00 0
15420 0.00 0.00 0.00 0
15421 0.00 0.00 0.00 0
15422 0.00 0.00 0.00 0
15423 0.00 0.00 0.00 0
15424 0.00 0.00 0.00 0
15425 0.00 0.00 0.00 0
15426 0.00 0.00 0.00 0
15427 0.00 0.00 0.00 0
15428 0.00 0.00 0.00 0
15429 0.00 0.00 0.00 0
15430 0.00 0.00 0.00 0
15431 0.00 0.00 0.00 0
15432 0.00 0.00 0.00 0
15433 0.00 0.00 0.00 0
17099 0.00 0.00 0.00 0
17100 0.00 0.00 0.00 0
17101 0.00 0.00 0.00 0
17102 0.00 0.00 0.00 0
17103 0.00 0.00 0.00 0
17104 0.00 0.00 0.00 0
17105 0.00 0.00 0.00 0
17106 0.00 0.00 0.00 0
17107 0.00 0.00 0.00 0
17108 0.00 0.00 0.00 0
17109 0.00 0.00 0.00 0
17110 0.00 0.00 0.00 0
17111 0.00 0.00 0.00 0
17112 0.00 0.00 0.00 0
17113 0.00 0.00 0.00 0
17114 0.00 0.00 0.00 0
17115 0.00 0.00 0.00 0
17116 0.00 0.00 0.00 0
17117 0.00 0.00 0.00 0
17118 0.00 0.00 0.00 0
17119 0.00 0.00 0.00 0
17223 0.00 0.00 0.00 0
17224 0.00 0.00 0.00 0
17225 0.00 0.00 0.00 0
17227 0.00 0.00 0.00 0
17228 0.00 0.00 0.00 0
17229 0.00 0.00 0.00 0
17230 0.00 0.00 0.00 0
17231 0.00 0.00 0.00 0
17232 0.00 0.00 0.00 0
17233 0.00 0.00 0.00 0
18449 0.00 0.00 0.00 0
18450 0.00 0.00 0.00 0
18451 0.00 0.00 0.00 0
18452 0.00 0.00 0.00 0
18453 0.00 0.00 0.00 0
18454 0.00 0.00 0.00 0
18455 0.00 0.00 0.00 0
18456 0.00 0.00 0.00 0
18460 0.00 0.00 0.00 0
18461 0.00 0.00 0.00 0
18462 0.00 0.00 0.00 0
18463 0.00 0.00 0.00 0
18464 0.00 0.00 0.00 0
18465 0.00 0.00 0.00 0
18466 0.00 0.00 0.00 0
18582 0.00 0.00 0.00 0
18583 0.00 0.00 0.00 0
21419 0.00 0.00 0.00 0
21421 0.00 0.00 0.00 0
21422 0.00 0.00 0.00 0
21427 0.00 0.00 0.00 0
21428 0.00 0.00 0.00 0
21429 0.00 0.00 0.00 0
21431 0.00 0.00 0.00 0
21442 0.00 0.00 0.00 0
21443 0.00 0.00 0.00 0
21444 0.00 0.00 0.00 0
21445 0.00 0.00 0.00 0
21446 0.00 0.00 0.00 0
21447 0.00 0.00 0.00 0
21448 0.00 0.00 0.00 0
21449 0.00 0.00 0.00 0
21451 0.00 0.00 0.00 0
21487 0.00 0.00 0.00 0
21488 0.00 0.00 0.00 0
21489 0.00 0.00 0.00 0
21490 0.00 0.00 0.00 0
21491 0.00 0.00 0.00 0
21492 0.00 0.00 0.00 0
21493 0.00 0.00 0.00 0
21494 0.00 0.00 0.00 0
21495 0.00 0.00 0.00 0
21496 0.00 0.00 0.00 0
21497 0.00 0.00 0.00 0
21499 0.00 0.00 0.00 0
21500 0.00 0.00 0.00 0
21501 0.00 0.00 0.00 0
21502 0.00 0.00 0.00 0
21503 0.00 0.00 0.00 0
21810 0.00 0.00 0.00 0
21811 0.00 0.00 0.00 0
21812 0.00 0.00 0.00 0
21813 0.00 0.00 0.00 0
21814 0.00 0.00 0.00 0
21815 0.00 0.00 0.00 0
21816 0.00 0.00 0.00 0
21817 0.00 0.00 0.00 0
21818 0.00 0.00 0.00 0
21819 0.00 0.00 0.00 0
21820 0.00 0.00 0.00 0
21821 0.00 0.00 0.00 0
21822 0.00 0.00 0.00 0
21823 0.00 0.00 0.00 0
23291 0.00 0.00 0.00 0
23292 0.00 0.00 0.00 0
23293 0.00 0.00 0.00 0
23294 0.00 0.00 0.00 0
23295 0.00 0.00 0.00 0
23314 0.00 0.00 0.00 0
23315 0.00 0.00 0.00 0
23316 0.00 0.00 0.00 0
23317 0.00 0.00 0.00 0
24155 0.00 0.00 0.00 0
24156 0.00 0.00 0.00 0
24157 0.00 0.00 0.00 0
24158 0.00 0.00 0.00 0
24159 0.00 0.00 0.00 0
24228 0.00 0.00 0.00 0
24229 0.00 0.00 0.00 0
24230 0.00 0.00 0.00 0
24231 0.00 0.00 0.00 0
24232 0.00 0.00 0.00 0
24233 0.00 0.00 0.00 0
24234 0.00 0.00 0.00 0
24235 0.00 0.00 0.00 0
25235 0.00 0.00 0.00 0
25236 0.00 0.00 0.00 0
25237 0.00 0.00 0.00 0
25238 0.00 0.00 0.00 0
25239 0.00 0.00 0.00 0
25240 0.00 0.00 0.00 0
25241 0.00 0.00 0.00 0
25242 0.00 0.00 0.00 0
25243 0.00 0.00 0.00 0
25244 0.00 0.00 0.00 0
25245 0.00 0.00 0.00 0
25246 0.00 0.00 0.00 0
25247 0.00 0.00 0.00 0
25248 0.00 0.00 0.00 0
25308 0.00 0.00 0.00 0
25309 0.00 0.00 0.00 0
25310 0.00 0.00 0.00 0
25311 0.00 0.00 0.00 0
25312 0.00 0.00 0.00 0
25313 0.00 0.00 0.00 0
25314 0.00 0.00 0.00 0
25315 0.00 0.00 0.00 0
26046 0.00 0.00 0.00 0
26047 0.00 0.00 0.00 0
26048 0.00 0.00 0.00 0
26049 0.00 0.00 0.00 0
26053 0.00 0.00 0.00 0
26054 0.00 0.00 0.00 0
26055 0.00 0.00 0.00 0
27827 0.00 0.00 0.00 0
27828 0.00 0.00 0.00 0
27829 0.00 0.00 0.00 0
27830 0.00 0.00 0.00 0
27831 0.00 0.00 0.00 0
27832 0.00 0.00 0.00 0
27833 0.00 0.00 0.00 0
27834 0.00 0.00 0.00 0
27835 0.00 0.00 0.00 0
27841 0.00 0.00 0.00 0
27842 0.00 0.00 0.00 0
27843 0.00 0.00 0.00 0
27844 0.00 0.00 0.00 0
27845 0.00 0.00 0.00 0
27868 0.00 0.00 0.00 0
27869 0.00 0.00 0.00 0
27870 0.00 0.00 0.00 0
27871 0.00 0.00 0.00 0
27872 0.00 0.00 0.00 0
28062 0.00 0.00 0.00 0
28063 0.00 0.00 0.00 0
28064 0.00 0.00 0.00 0
28065 0.00 0.00 0.00 0
28066 0.00 0.00 0.00 0
28067 0.00 0.00 0.00 0
28068 0.00 0.00 0.00 0
28069 0.00 0.00 0.00 0
28191 0.00 0.00 0.00 0
29387 0.00 0.00 0.00 0
29388 0.00 0.00 0.00 0
29389 0.00 0.00 0.00 0
29390 0.00 0.00 0.00 0
29391 0.00 0.00 0.00 0
29392 0.00 0.00 0.00 0
29393 0.00 0.00 0.00 0
29394 0.00 0.00 0.00 0
29395 0.00 0.00 0.00 0
29396 0.00 0.00 0.00 0
29397 0.00 0.00 0.00 0
29444 0.00 0.00 0.00 0
29445 0.00 0.00 0.00 0
29446 0.00 0.00 0.00 0
29447 0.00 0.00 0.00 0
29448 0.00 0.00 0.00 0
29449 0.00 0.00 0.00 0
31403 0.00 0.00 0.00 0
31404 0.00 0.00 0.00 0
31405 0.00 0.00 0.00 0
31406 0.00 0.00 0.00 0
31407 0.00 0.00 0.00 0
31408 0.00 0.00 0.00 0
31409 0.00 0.00 0.00 0
31410 0.00 0.00 0.00 0
31411 0.00 0.00 0.00 0
31412 0.00 0.00 0.00 0
31413 0.00 0.00 0.00 0
31414 0.00 0.00 0.00 0
31415 0.00 0.00 0.00 0
31416 0.00 0.00 0.00 0
31435 0.00 0.00 0.00 0
31436 0.00 0.00 0.00 0
31437 0.00 0.00 0.00 0
31438 0.00 0.00 0.00 0
31577 0.00 0.00 0.00 0
31578 0.00 0.00 0.00 0
31584 0.00 0.00 0.00 0
31585 0.00 0.00 0.00 0
31586 0.00 0.00 0.00 0
31587 0.00 0.00 0.00 0
31588 0.00 0.00 0.00 0
31589 0.00 0.00 0.00 0
31590 0.00 0.00 0.00 0
31591 0.00 0.00 0.00 0
33755 0.00 0.00 0.00 0
33756 0.00 0.00 0.00 0
33757 0.00 0.00 0.00 0
33758 0.00 0.00 0.00 0
33759 0.00 0.00 0.00 0
33760 0.00 0.00 0.00 0
33761 0.00 0.00 0.00 0
33762 0.00 0.00 0.00 0
33763 0.00 0.00 0.00 0
33764 0.00 0.00 0.00 0
33765 0.00 0.00 0.00 0
33766 0.00 0.00 0.00 0
33767 0.00 0.00 0.00 0
33768 0.00 0.00 0.00 0
33769 0.00 0.00 0.00 0
33770 0.00 0.00 0.00 0
33771 0.00 0.00 0.00 0
33772 0.00 0.00 0.00 0
33773 0.00 0.00 0.00 0
33774 0.00 0.00 0.00 0
33775 0.00 0.00 0.00 0
33776 0.00 0.00 0.00 0
33777 0.00 0.00 0.00 0
33778 0.00 0.00 0.00 0
33779 0.00 0.00 0.00 0
33919 0.00 0.00 0.00 0
33920 0.00 0.00 0.00 0
33921 0.00 0.00 0.00 0
33922 0.00 0.00 0.00 0
33923 0.00 0.00 0.00 0
33924 0.00 0.00 0.00 0
33925 0.00 0.00 0.00 0
35429 0.00 0.00 0.00 0
35430 0.00 0.00 0.00 0
35431 0.00 0.00 0.00 0
35432 0.00 0.00 0.00 0
35433 0.00 0.00 0.00 0
35434 0.00 0.00 0.00 0
35435 0.00 0.00 0.00 0
35436 0.00 0.00 0.00 0
35437 0.00 0.00 0.00 0
35438 0.00 0.00 0.00 0
35439 0.00 0.00 0.00 0
35442 0.00 0.00 0.00 0
35443 0.00 0.00 0.00 0
35444 0.00 0.00 0.00 0
35445 0.00 0.00 0.00 0
35446 0.00 0.00 0.00 0
35447 0.00 0.00 0.00 0
35448 0.00 0.00 0.00 0
35449 0.00 0.00 0.00 0
35450 0.00 0.00 0.00 0
35452 0.00 0.00 0.00 0
35593 0.00 0.00 0.00 0
39022 0.00 0.00 0.00 0
39028 0.00 0.00 0.00 0
39029 0.00 0.00 0.00 0
39030 0.00 0.00 0.00 0
39031 0.00 0.00 0.00 0
39032 0.00 0.00 0.00 0
39033 0.00 0.00 0.00 0
39046 0.00 0.00 0.00 0
39047 0.00 0.00 0.00 0
39048 0.00 0.00 0.00 0
39049 0.00 0.00 0.00 0
39050 0.00 0.00 0.00 0
39051 0.00 0.00 0.00 0
39052 0.00 0.00 0.00 0
39053 0.00 0.00 0.00 0
39054 0.00 0.00 0.00 0
39055 0.00 0.00 0.00 0
39056 0.00 0.00 0.00 0
39057 0.00 0.00 0.00 0
39061 0.00 0.00 0.00 0
39062 0.00 0.00 0.00 0
39063 0.00 0.00 0.00 0
39100 0.00 0.00 0.00 0
39101 0.00 0.00 0.00 0
39102 0.00 0.00 0.00 0
39103 0.00 0.00 0.00 0
39104 0.00 0.00 0.00 0
39105 0.00 0.00 0.00 0
39106 0.00 0.00 0.00 0
39107 0.00 0.00 0.00 0
39108 0.00 0.00 0.00 0
39109 0.00 0.00 0.00 0
39110 0.00 0.00 0.00 0
39111 0.00 0.00 0.00 0
39112 0.00 0.00 0.00 0
39113 0.00 0.00 0.00 0
39114 0.00 0.00 0.00 0
39115 0.00 0.00 0.00 0
39116 0.00 0.00 0.00 0
39117 0.00 0.00 0.00 0
39118 0.00 0.00 0.00 0
39119 0.00 0.00 0.00 0
39120 0.00 0.00 0.00 0
39488 0.00 0.00 0.00 0
39489 0.00 0.00 0.00 0
39490 0.00 0.00 0.00 0
39491 0.00 0.00 0.00 0
39492 0.00 0.00 0.00 0
39495 0.00 0.00 0.00 0
39496 0.00 0.00 0.00 0
39497 0.00 0.00 0.00 0
39498 0.00 0.00 0.00 0
39499 0.00 0.00 0.00 0
39500 0.00 0.00 0.00 0
39501 0.00 0.00 0.00 0
41099 0.00 0.00 0.00 0
41100 0.00 0.00 0.00 0
41101 0.00 0.00 0.00 0
41110 0.00 0.00 0.00 0
41111 0.00 0.00 0.00 0
41112 0.00 0.00 0.00 0
41113 0.00 0.00 0.00 0
41579 0.00 0.00 0.00 0
41580 0.00 0.00 0.00 0
41581 0.00 0.00 0.00 0
41620 0.00 0.00 0.00 0
41621 0.00 0.00 0.00 0
41622 0.00 0.00 0.00 0
41623 0.00 0.00 0.00 0
42179 0.00 0.00 0.00 0
42180 0.00 0.00 0.00 0
42181 0.00 0.00 0.00 0
42182 0.00 0.00 0.00 0
42183 0.00 0.00 0.00 0
42184 0.00 0.00 0.00 0
42185 0.00 0.00 0.00 0
42186 0.00 0.00 0.00 0
42220 0.00 0.00 0.00 0
42221 0.00 0.00 0.00 0
42222 0.00 0.00 0.00 0
42223 0.00 0.00 0.00 0
43619 0.00 0.00 0.00 0
43620 0.00 0.00 0.00 0
43621 0.00 0.00 0.00 0
43622 0.00 0.00 0.00 0
43623 0.00 0.00 0.00 0
43624 0.00 0.00 0.00 0
43625 0.00 0.00 0.00 0
43626 0.00 0.00 0.00 0
43627 0.00 0.00 0.00 0
43628 0.00 0.00 0.00 0
43629 0.00 0.00 0.00 0
43642 0.00 0.00 0.00 0
43643 0.00 0.00 0.00 0
43644 0.00 0.00 0.00 0
43750 0.00 0.00 0.00 0
43751 0.00 0.00 0.00 0
43752 0.00 0.00 0.00 0
43753 0.00 0.00 0.00 0
43820 0.00 0.00 0.00 0
43821 0.00 0.00 0.00 0
44579 0.00 0.00 0.00 0
44580 0.00 0.00 0.00 0
44581 0.00 0.00 0.00 0
44582 0.00 0.00 0.00 0
44583 0.00 0.00 0.00 0
44584 0.00 0.00 0.00 0
44585 0.00 0.00 0.00 0
44586 0.00 0.00 0.00 0
44620 0.00 0.00 0.00 0
44621 0.00 0.00 0.00 0
44622 0.00 0.00 0.00 0
44623 0.00 0.00 0.00 0
46019 0.00 0.00 0.00 0
46020 0.00 0.00 0.00 0
46021 0.00 0.00 0.00 0
46022 0.00 0.00 0.00 0
46023 0.00 0.00 0.00 0
46024 0.00 0.00 0.00 0
46025 0.00 0.00 0.00 0
46026 0.00 0.00 0.00 0
46140 0.00 0.00 0.00 0
46141 0.00 0.00 0.00 0
46142 0.00 0.00 0.00 0
46143 0.00 0.00 0.00 0
46144 0.00 0.00 0.00 0
46145 0.00 0.00 0.00 0
46146 0.00 0.00 0.00 0
46147 0.00 0.00 0.00 0
46148 0.00 0.00 0.00 0
46149 0.00 0.00 0.00 0
46150 0.00 0.00 0.00 0
46151 0.00 0.00 0.00 0
46152 0.00 0.00 0.00 0
46153 0.00 0.00 0.00 0
47819 0.00 0.00 0.00 0
47820 0.00 0.00 0.00 0
47821 0.00 0.00 0.00 0
47822 0.00 0.00 0.00 0
47823 0.00 0.00 0.00 0
47824 0.00 0.00 0.00 0
47825 0.00 0.00 0.00 0
47826 0.00 0.00 0.00 0
47827 0.00 0.00 0.00 0
47828 0.00 0.00 0.00 0
47829 0.00 0.00 0.00 0
47830 0.00 0.00 0.00 0
47831 0.00 0.00 0.00 0
47832 0.00 0.00 0.00 0
47833 0.00 0.00 0.00 0
47834 0.00 0.00 0.00 0
47835 0.00 0.00 0.00 0
47836 0.00 0.00 0.00 0
47837 0.00 0.00 0.00 0
47838 0.00 0.00 0.00 0
47839 0.00 0.00 0.00 0
47840 0.00 0.00 0.00 0
47940 0.00 0.00 0.00 0
47942 0.00 0.00 0.00 0
47943 0.00 0.00 0.00 0
47944 0.00 0.00 0.00 0
47945 0.00 0.00 0.00 0
47946 0.00 0.00 0.00 0
47947 0.00 0.00 0.00 0
47948 0.00 0.00 0.00 0
47949 0.00 0.00 0.00 0
47950 0.00 0.00 0.00 0
47951 0.00 0.00 0.00 0
47952 0.00 0.00 0.00 0
47953 0.00 0.00 0.00 0
49169 0.00 0.00 0.00 0
49170 0.00 0.00 0.00 0
49171 0.00 0.00 0.00 0
49172 0.00 0.00 0.00 0
49173 0.00 0.00 0.00 0
49174 0.00 0.00 0.00 0
49175 0.00 0.00 0.00 0
49176 0.00 0.00 0.00 0
49180 0.00 0.00 0.00 0
49181 0.00 0.00 0.00 0
49182 0.00 0.00 0.00 0
49183 0.00 0.00 0.00 0
49184 0.00 0.00 0.00 0
49185 0.00 0.00 0.00 0
49186 0.00 0.00 0.00 0
49300 0.00 0.00 0.00 0
49301 0.00 0.00 0.00 0
49302 0.00 0.00 0.00 0
49303 0.00 0.00 0.00 0
52139 0.00 0.00 0.00 0
52140 0.00 0.00 0.00 0
52141 0.00 0.00 0.00 0
52142 0.00 0.00 0.00 0
52143 0.00 0.00 0.00 0
52147 0.00 0.00 0.00 0
52148 0.00 0.00 0.00 0
52149 0.00 0.00 0.00 0
52162 0.00 0.00 0.00 0
52163 0.00 0.00 0.00 0
52164 0.00 0.00 0.00 0
52165 0.00 0.00 0.00 0
52166 0.00 0.00 0.00 0
52167 0.00 0.00 0.00 0
52168 0.00 0.00 0.00 0
52169 0.00 0.00 0.00 0
52207 0.00 0.00 0.00 0
52208 0.00 0.00 0.00 0
52209 0.00 0.00 0.00 0
52210 0.00 0.00 0.00 0
52211 0.00 0.00 0.00 0
52212 0.00 0.00 0.00 0
52213 0.00 0.00 0.00 0
52214 0.00 0.00 0.00 0
52215 0.00 0.00 0.00 0
52216 0.00 0.00 0.00 0
52217 0.00 0.00 0.00 0
52221 0.00 0.00 0.00 0
52222 0.00 0.00 0.00 0
52223 0.00 0.00 0.00 0
52530 0.00 0.00 0.00 0
52531 0.00 0.00 0.00 0
52532 0.00 0.00 0.00 0
52533 0.00 0.00 0.00 0
52534 0.00 0.00 0.00 0
52535 0.00 0.00 0.00 0
52536 0.00 0.00 0.00 0
52537 0.00 0.00 0.00 0
52538 0.00 0.00 0.00 0
52539 0.00 0.00 0.00 0
52540 0.00 0.00 0.00 0
52541 0.00 0.00 0.00 0
52542 0.00 0.00 0.00 0
52543 0.00 0.00 0.00 0
54179 0.00 0.00 0.00 0
54180 0.00 0.00 0.00 0
54181 0.00 0.00 0.00 0
54182 0.00 0.00 0.00 0
54183 0.00 0.00 0.00 0
54184 0.00 0.00 0.00 0
54185 0.00 0.00 0.00 0
54186 0.00 0.00 0.00 0
54213 0.00 0.00 0.00 0
54214 0.00 0.00 0.00 0
54215 0.00 0.00 0.00 0
54216 0.00 0.00 0.00 0
54217 0.00 0.00 0.00 0
54218 0.00 0.00 0.00 0
54219 0.00 0.00 0.00 0
54220 0.00 0.00 0.00 0
54221 0.00 0.00 0.00 0
54222 0.00 0.00 0.00 0
54223 0.00 0.00 0.00 0
55619 0.00 0.00 0.00 0
55620 0.00 0.00 0.00 0
55621 0.00 0.00 0.00 0
55622 0.00 0.00 0.00 0
55623 0.00 0.00 0.00 0
55624 0.00 0.00 0.00 0
55625 0.00 0.00 0.00 0
55626 0.00 0.00 0.00 0
55740 0.00 0.00 0.00 0
55741 0.00 0.00 0.00 0
55742 0.00 0.00 0.00 0
55743 0.00 0.00 0.00 0
55744 0.00 0.00 0.00 0
55745 0.00 0.00 0.00 0
55746 0.00 0.00 0.00 0
55747 0.00 0.00 0.00 0
55748 0.00 0.00 0.00 0
55749 0.00 0.00 0.00 0
55750 0.00 0.00 0.00 0
55751 0.00 0.00 0.00 0
55752 0.00 0.00 0.00 0
55753 0.00 0.00 0.00 0
57419 0.00 0.00 0.00 0
57420 0.00 0.00 0.00 0
57421 0.00 0.00 0.00 0
57422 0.00 0.00 0.00 0
57423 0.00 0.00 0.00 0
57424 0.00 0.00 0.00 0
57425 0.00 0.00 0.00 0
57426 0.00 0.00 0.00 0
57427 0.00 0.00 0.00 0
57428 0.00 0.00 0.00 0
57429 0.00 0.00 0.00 0
57430 0.00 0.00 0.00 0
57431 0.00 0.00 0.00 0
57432 0.00 0.00 0.00 0
57433 0.00 0.00 0.00 0
57434 0.00 0.00 0.00 0
57435 0.00 0.00 0.00 0
57436 0.00 0.00 0.00 0
57437 0.00 0.00 0.00 0
57438 0.00 0.00 0.00 0
57439 0.00 0.00 0.00 0
57440 0.00 0.00 0.00 0
57441 0.00 0.00 0.00 0
57540 0.00 0.00 0.00 0
57541 0.00 0.00 0.00 0
57542 0.00 0.00 0.00 0
57543 0.00 0.00 0.00 0
57544 0.00 0.00 0.00 0
57545 0.00 0.00 0.00 0
57546 0.00 0.00 0.00 0
57547 0.00 0.00 0.00 0
57548 0.00 0.00 0.00 0
57549 0.00 0.00 0.00 0
57550 0.00 0.00 0.00 0
57551 0.00 0.00 0.00 0
57552 0.00 0.00 0.00 0
57553 0.00 0.00 0.00 0
58770 0.00 0.00 0.00 0
58773 0.00 0.00 0.00 0
58774 0.00 0.00 0.00 0
58775 0.00 0.00 0.00 0
58776 0.00 0.00 0.00 0
58782 0.00 0.00 0.00 0
58783 0.00 0.00 0.00 0
58784 0.00 0.00 0.00 0
58785 0.00 0.00 0.00 0
61739 0.00 0.00 0.00 0
61740 0.00 0.00 0.00 0
61741 0.00 0.00 0.00 0
61742 0.00 0.00 0.00 0
61743 0.00 0.00 0.00 0
61744 0.00 0.00 0.00 0
61745 0.00 0.00 0.00 0
61746 0.00 0.00 0.00 0
61747 0.00 0.00 0.00 0
61748 0.00 0.00 0.00 0
61749 0.00 0.00 0.00 0
61750 0.00 0.00 0.00 0
61751 0.00 0.00 0.00 0
61752 0.00 0.00 0.00 0
61762 0.00 0.00 0.00 0
61763 0.00 0.00 0.00 0
61764 0.00 0.00 0.00 0
61765 0.00 0.00 0.00 0
61766 0.00 0.00 0.00 0
61767 0.00 0.00 0.00 0
61768 0.00 0.00 0.00 0
61769 0.00 0.00 0.00 0
61807 0.00 0.00 0.00 0
61808 0.00 0.00 0.00 0
61809 0.00 0.00 0.00 0
61810 0.00 0.00 0.00 0
61811 0.00 0.00 0.00 0
61812 0.00 0.00 0.00 0
61813 0.00 0.00 0.00 0
61814 0.00 0.00 0.00 0
62130 0.00 0.00 0.00 0
62131 0.00 0.00 0.00 0
62132 0.00 0.00 0.00 0
62133 0.00 0.00 0.00 0
62134 0.00 0.00 0.00 0
62135 0.00 0.00 0.00 0
62136 0.00 0.00 0.00 0
62137 0.00 0.00 0.00 0
62138 0.00 0.00 0.00 0
62139 0.00 0.00 0.00 0
62140 0.00 0.00 0.00 0
62141 0.00 0.00 0.00 0
62142 0.00 0.00 0.00 0
62143 0.00 0.00 0.00 0
62341 0.00 0.00 0.00 0
62342 0.00 0.00 0.00 0
62343 0.00 0.00 0.00 0
62344 0.00 0.00 0.00 0
62345 0.00 0.00 0.00 0
62346 0.00 0.00 0.00 0
64619 0.00 0.00 0.00 0
64620 0.00 0.00 0.00 0
64621 0.00 0.00 0.00 0
64622 0.00 0.00 0.00 0
64623 0.00 0.00 0.00 0
64624 0.00 0.00 0.00 0
64625 0.00 0.00 0.00 0
64626 0.00 0.00 0.00 0
64627 0.00 0.00 0.00 0
64628 0.00 0.00 0.00 0
64629 0.00 0.00 0.00 0
64630 0.00 0.00 0.00 0
64631 0.00 0.00 0.00 0
64632 0.00 0.00 0.00 0
64633 0.00 0.00 0.00 0
64634 0.00 0.00 0.00 0
64635 0.00 0.00 0.00 0
64636 0.00 0.00 0.00 0
64637 0.00 0.00 0.00 0
64638 0.00 0.00 0.00 0
64639 0.00 0.00 0.00 0
64640 0.00 0.00 0.00 0
64641 0.00 0.00 0.00 0
64739 0.00 0.00 0.00 0
64740 0.00 0.00 0.00 0
64741 0.00 0.00 0.00 0
64742 0.00 0.00 0.00 0
64743 0.00 0.00 0.00 0
64744 0.00 0.00 0.00 0
64745 0.00 0.00 0.00 0
64746 0.00 0.00 0.00 0
64747 0.00 0.00 0.00 0
64748 0.00 0.00 0.00 0
64749 0.00 0.00 0.00 0
64750 0.00 0.00 0.00 0
64751 0.00 0.00 0.00 0
64752 0.00 0.00 0.00 0
64753 0.00 0.00 0.00 0
68939 0.00 0.00 0.00 0
68940 0.00 0.00 0.00 0
68941 0.00 0.00 0.00 0
68942 0.00 0.00 0.00 0
68943 0.00 0.00 0.00 0
68944 0.00 0.00 0.00 0
68945 0.00 0.00 0.00 0
68946 0.00 0.00 0.00 0
68947 0.00 0.00 0.00 0
68948 0.00 0.00 0.00 0
68949 0.00 0.00 0.00 0
68950 0.00 0.00 0.00 0
68951 0.00 0.00 0.00 0
68952 0.00 0.00 0.00 0
68953 0.00 0.00 0.00 0
68954 0.00 0.00 0.00 0
68955 0.00 0.00 0.00 0
68956 0.00 0.00 0.00 0
68957 0.00 0.00 0.00 0
68958 0.00 0.00 0.00 0
68959 0.00 0.00 0.00 0
68960 0.00 0.00 0.00 0
68961 0.00 0.00 0.00 0
68962 0.00 0.00 0.00 0
68963 0.00 0.00 0.00 0
68964 0.00 0.00 0.00 0
69007 0.00 0.00 0.00 0
69008 0.00 0.00 0.00 0
69009 0.00 0.00 0.00 0
69010 0.00 0.00 0.00 0
69011 0.00 0.00 0.00 0
69012 0.00 0.00 0.00 0
69013 0.00 0.00 0.00 0
69303 0.00 0.00 0.00 0
69307 0.00 0.00 0.00 0
69308 0.00 0.00 0.00 0
69309 0.00 0.00 0.00 0
69310 0.00 0.00 0.00 0
69311 0.00 0.00 0.00 0
69312 0.00 0.00 0.00 0
69313 0.00 0.00 0.00 0
69314 0.00 0.00 0.00 0
69315 0.00 0.00 0.00 0
69317 0.00 0.00 0.00 0
69318 0.00 0.00 0.00 0
69319 0.00 0.00 0.00 0
69320 0.00 0.00 0.00 0
69322 0.00 0.00 0.00 0
69323 0.00 0.00 0.00 0
69324 0.00 0.00 0.00 0
69325 0.00 0.00 0.00 0
69326 0.00 0.00 0.00 0
69327 0.00 0.00 0.00 0
69328 0.00 0.00 0.00 0
69329 0.00 0.00 0.00 0
69330 0.00 0.00 0.00 0
69331 0.00 0.00 0.00 0
69332 0.00 0.00 0.00 0
69333 0.00 0.00 0.00 0
69334 0.00 0.00 0.00 0
69335 0.00 0.00 0.00 0
69336 0.00 0.00 0.00 0
69337 0.00 0.00 0.00 0
69338 0.00 0.00 0.00 0
69339 0.00 0.00 0.00 0
69340 0.00 0.00 0.00 0
69341 0.00 0.00 0.00 0
69342 0.00 0.00 0.00 0
69343 0.00 0.00 0.00 0
74339 0.00 0.00 0.00 0
74340 0.00 0.00 0.00 0
74341 0.00 0.00 0.00 0
74342 0.00 0.00 0.00 0
74343 0.00 0.00 0.00 0
74344 0.00 0.00 0.00 0
74345 0.00 0.00 0.00 0
74346 0.00 0.00 0.00 0
74347 0.00 0.00 0.00 0
74348 0.00 0.00 0.00 0
74349 0.00 0.00 0.00 0
74350 0.00 0.00 0.00 0
74351 0.00 0.00 0.00 0
74352 0.00 0.00 0.00 0
74353 0.00 0.00 0.00 0
74354 0.00 0.00 0.00 0
74355 0.00 0.00 0.00 0
74356 0.00 0.00 0.00 0
74357 0.00 0.00 0.00 0
74358 0.00 0.00 0.00 0
74359 0.00 0.00 0.00 0
74360 0.00 0.00 0.00 0
74361 0.00 0.00 0.00 0
74362 0.00 0.00 0.00 0
74363 0.00 0.00 0.00 0
74364 0.00 0.00 0.00 0
74365 0.00 0.00 0.00 0
74366 0.00 0.00 0.00 0
74367 0.00 0.00 0.00 0
74368 0.00 0.00 0.00 0
74369 0.00 0.00 0.00 0
74370 0.00 0.00 0.00 0
74371 0.00 0.00 0.00 0
74372 0.00 0.00 0.00 0
74373 0.00 0.00 0.00 0
74374 0.00 0.00 0.00 0
74375 0.00 0.00 0.00 0
74376 0.00 0.00 0.00 0
74377 0.00 0.00 0.00 0
74378 0.00 0.00 0.00 0
74379 0.00 0.00 0.00 0
74380 0.00 0.00 0.00 0
74381 0.00 0.00 0.00 0
74382 0.00 0.00 0.00 0
74383 0.00 0.00 0.00 0
74384 0.00 0.00 0.00 0
74385 0.00 0.00 0.00 0
74386 0.00 0.00 0.00 0
74387 0.00 0.00 0.00 0
74388 0.00 0.00 0.00 0
74389 0.00 0.00 0.00 0
74390 0.00 0.00 0.00 0
74391 0.00 0.00 0.00 0
74392 0.00 0.00 0.00 0
74393 0.00 0.00 0.00 0
74394 0.00 0.00 0.00 0
74395 0.00 0.00 0.00 0
74396 0.00 0.00 0.00 0
74397 0.00 0.00 0.00 0
74398 0.00 0.00 0.00 0
74708 0.00 0.00 0.00 0
74709 0.00 0.00 0.00 0
74710 0.00 0.00 0.00 0
74725 0.00 0.00 0.00 0
74726 0.00 0.00 0.00 0
74727 0.00 0.00 0.00 0
74728 0.00 0.00 0.00 0
74729 0.00 0.00 0.00 0
74730 0.00 0.00 0.00 0
74731 0.00 0.00 0.00 0
74732 0.00 0.00 0.00 0
74733 0.00 0.00 0.00 0
74734 0.00 0.00 0.00 0
74735 0.00 0.00 0.00 0
74736 0.00 0.00 0.00 0
74737 0.00 0.00 0.00 0
74738 0.00 0.00 0.00 0
74739 0.00 0.00 0.00 0
74740 0.00 0.00 0.00 0
74741 0.00 0.00 0.00 0
74742 0.00 0.00 0.00 0
74743 0.00 0.00 0.00 0
78389 0.00 0.00 0.00 0
78390 0.00 0.00 0.00 0
78391 0.00 0.00 0.00 0
78392 0.00 0.00 0.00 0
78393 0.00 0.00 0.00 0
78394 0.00 0.00 0.00 0
78395 0.00 0.00 0.00 0
78396 0.00 0.00 0.00 0
78397 0.00 0.00 0.00 0
78398 0.00 0.00 0.00 0
78399 0.00 0.00 0.00 0
78400 0.00 0.00 0.00 0
78401 0.00 0.00 0.00 0
78402 0.00 0.00 0.00 0
78403 0.00 0.00 0.00 0
78404 0.00 0.00 0.00 0
78405 0.00 0.00 0.00 0
78406 0.00 0.00 0.00 0
78407 0.00 0.00 0.00 0
78408 0.00 0.00 0.00 0
78409 0.00 0.00 0.00 0
78410 0.00 0.00 0.00 0
78411 0.00 0.00 0.00 0
78417 0.00 0.00 0.00 0
78418 0.00 0.00 0.00 0
78419 0.00 0.00 0.00 0
78422 0.00 0.00 0.00 0
78423 0.00 0.00 0.00 0
78424 0.00 0.00 0.00 0
78425 0.00 0.00 0.00 0
78426 0.00 0.00 0.00 0
78427 0.00 0.00 0.00 0
78428 0.00 0.00 0.00 0
78429 0.00 0.00 0.00 0
78430 0.00 0.00 0.00 0
78431 0.00 0.00 0.00 0
78432 0.00 0.00 0.00 0
78433 0.00 0.00 0.00 0
78434 0.00 0.00 0.00 0
78435 0.00 0.00 0.00 0
78436 0.00 0.00 0.00 0
78437 0.00 0.00 0.00 0
78438 0.00 0.00 0.00 0
78439 0.00 0.00 0.00 0
78440 0.00 0.00 0.00 0
78441 0.00 0.00 0.00 0
78442 0.00 0.00 0.00 0
78443 0.00 0.00 0.00 0
78444 0.00 0.00 0.00 0
78790 0.00 0.00 0.00 0
78791 0.00 0.00 0.00 0
78792 0.00 0.00 0.00 0
78793 0.00 0.00 0.00 0
87307 0.00 0.00 0.00 0
87308 0.00 0.00 0.00 0
87309 0.00 0.00 0.00 0
87322 0.00 0.00 0.00 0
87323 0.00 0.00 0.00 0
87324 0.00 0.00 0.00 0
87325 0.00 0.00 0.00 0
87326 0.00 0.00 0.00 0
87327 0.00 0.00 0.00 0
87328 0.00 0.00 0.00 0
87329 0.00 0.00 0.00 0
87330 0.00 0.00 0.00 0
87331 0.00 0.00 0.00 0
87332 0.00 0.00 0.00 0
87333 0.00 0.00 0.00 0
87334 0.00 0.00 0.00 0
87335 0.00 0.00 0.00 0
87336 0.00 0.00 0.00 0
87337 0.00 0.00 0.00 0
87367 0.00 0.00 0.00 0
87368 0.00 0.00 0.00 0
87369 0.00 0.00 0.00 0
87370 0.00 0.00 0.00 0
87371 0.00 0.00 0.00 0
87372 0.00 0.00 0.00 0
87373 0.00 0.00 0.00 0
87374 0.00 0.00 0.00 0
87375 0.00 0.00 0.00 0
87376 0.00 0.00 0.00 0
87377 0.00 0.00 0.00 0
87378 0.00 0.00 0.00 0
87379 0.00 0.00 0.00 0
87380 0.00 0.00 0.00 0
87381 0.00 0.00 0.00 0
87382 0.00 0.00 0.00 0
87383 0.00 0.00 0.00 0
87384 0.00 0.00 0.00 0
87385 0.00 0.00 0.00 0
87386 0.00 0.00 0.00 0
87387 0.00 0.00 0.00 0
87388 0.00 0.00 0.00 0
87389 0.00 0.00 0.00 0
87390 0.00 0.00 0.00 0
87391 0.00 0.00 0.00 0
87392 0.00 0.00 0.00 0
87393 0.00 0.00 0.00 0
87394 0.00 0.00 0.00 0
87395 0.00 0.00 0.00 0
87396 0.00 0.00 0.00 0
87397 0.00 0.00 0.00 0
87411 0.00 0.00 0.00 0
87502 0.00 0.00 0.00 0
87503 0.00 0.00 0.00 0
87504 0.00 0.00 0.00 0
87505 0.00 0.00 0.00 0
87506 0.00 0.00 0.00 0
87507 0.00 0.00 0.00 0
87508 0.00 0.00 0.00 0
87509 0.00 0.00 0.00 0
87510 0.00 0.00 0.00 0
87511 0.00 0.00 0.00 0
87512 0.00 0.00 0.00 0
87513 0.00 0.00 0.00 0
87514 0.00 0.00 0.00 0
87515 0.00 0.00 0.00 0
87516 0.00 0.00 0.00 0
87517 0.00 0.00 0.00 0
87518 0.00 0.00 0.00 0
87519 0.00 0.00 0.00 0
87520 0.00 0.00 0.00 0
87521 0.00 0.00 0.00 0
87522 0.00 0.00 0.00 0
87523 0.00 0.00 0.00 0
87524 0.00 0.00 0.00 0
87525 0.00 0.00 0.00 0
87526 0.00 0.00 0.00 0
87527 0.00 0.00 0.00 0
87528 0.00 0.00 0.00 0
87529 0.00 0.00 0.00 0
87530 0.00 0.00 0.00 0
87531 0.00 0.00 0.00 0
87532 0.00 0.00 0.00 0
87536 0.00 0.00 0.00 0
87537 0.00 0.00 0.00 0
87538 0.00 0.00 0.00 0
87539 0.00 0.00 0.00 0
87540 0.00 0.00 0.00 0
87541 0.00 0.00 0.00 0
87542 0.00 0.00 0.00 0
87543 0.00 0.00 0.00 0
87544 0.00 0.00 0.00 0
87545 0.00 0.00 0.00 0
87546 0.00 0.00 0.00 0
87547 0.00 0.00 0.00 0
87548 0.00 0.00 0.00 0
87549 0.00 0.00 0.00 0
87550 0.00 0.00 0.00 0
87551 0.00 0.00 0.00 0
87552 0.00 0.00 0.00 0
87553 0.00 0.00 0.00 0
87554 0.00 0.00 0.00 0
88470 0.00 0.00 0.00 0
88472 0.00 0.00 0.00 0
88473 0.00 0.00 0.00 0
88474 0.00 0.00 0.00 0
88475 0.00 0.00 0.00 0
88477 0.00 0.00 0.00 0
88478 0.00 0.00 0.00 0
88479 0.00 0.00 0.00 0
88480 0.00 0.00 0.00 0
88481 0.00 0.00 0.00 0
88482 0.00 0.00 0.00 0
88483 0.00 0.00 0.00 0
88484 0.00 0.00 0.00 0
88485 0.00 0.00 0.00 0
88486 0.00 0.00 0.00 0
88487 0.00 0.00 0.00 0
88488 0.00 0.00 0.00 0
88489 0.00 0.00 0.00 0
88490 0.00 0.00 0.00 0
88492 0.00 0.00 0.00 0
88493 0.00 0.00 0.00 0
88494 0.00 0.00 0.00 0
88495 0.00 0.00 0.00 0
88496 0.00 0.00 0.00 0
88497 0.00 0.00 0.00 0
88498 0.00 0.00 0.00 0
88499 0.00 0.00 0.00 0
88500 0.00 0.00 0.00 0
88501 0.00 0.00 0.00 0
88502 0.00 0.00 0.00 0
88503 0.00 0.00 0.00 0
88504 0.00 0.00 0.00 0
88505 0.00 0.00 0.00 0
88506 0.00 0.00 0.00 0
88507 0.00 0.00 0.00 0
88508 0.00 0.00 0.00 0
88509 0.00 0.00 0.00 0
88510 0.00 0.00 0.00 0
88511 0.00 0.00 0.00 0
92411 0.00 0.00 0.00 0
92412 0.00 0.00 0.00 0
92413 0.00 0.00 0.00 0
92414 0.00 0.00 0.00 0
92415 0.00 0.00 0.00 0
92430 0.00 0.00 0.00 0
92431 0.00 0.00 0.00 0
92432 0.00 0.00 0.00 0
92433 0.00 0.00 0.00 0
92434 0.00 0.00 0.00 0
92435 0.00 0.00 0.00 0
92436 0.00 0.00 0.00 0
92437 0.00 0.00 0.00 0
93275 0.00 0.00 0.00 0
93276 0.00 0.00 0.00 0
93277 0.00 0.00 0.00 0
93278 0.00 0.00 0.00 0
93279 0.00 0.00 0.00 0
93348 0.00 0.00 0.00 0
93349 0.00 0.00 0.00 0
93350 0.00 0.00 0.00 0
93351 0.00 0.00 0.00 0
93352 0.00 0.00 0.00 0
93353 0.00 0.00 0.00 0
93354 0.00 0.00 0.00 0
93355 0.00 0.00 0.00 0
94355 0.00 0.00 0.00 0
94356 0.00 0.00 0.00 0
94357 0.00 0.00 0.00 0
94358 0.00 0.00 0.00 0
94359 0.00 0.00 0.00 0
94360 0.00 0.00 0.00 0
94361 0.00 0.00 0.00 0
94362 0.00 0.00 0.00 0
94363 0.00 0.00 0.00 0
94364 0.00 0.00 0.00 0
94365 0.00 0.00 0.00 0
94366 0.00 0.00 0.00 0
94367 0.00 0.00 0.00 0
94368 0.00 0.00 0.00 0
94428 0.00 0.00 0.00 0
94429 0.00 0.00 0.00 0
94430 0.00 0.00 0.00 0
94431 0.00 0.00 0.00 0
94432 0.00 0.00 0.00 0
94433 0.00 0.00 0.00 0
94434 0.00 0.00 0.00 0
94435 0.00 0.00 0.00 0
96947 0.00 0.00 0.00 0
96948 0.00 0.00 0.00 0
96949 0.00 0.00 0.00 0
96950 0.00 0.00 0.00 0
96951 0.00 0.00 0.00 0
96952 0.00 0.00 0.00 0
96953 0.00 0.00 0.00 0
96954 0.00 0.00 0.00 0
96955 0.00 0.00 0.00 0
96956 0.00 0.00 0.00 0
96958 0.00 0.00 0.00 0
96961 0.00 0.00 0.00 0
96962 0.00 0.00 0.00 0
96963 0.00 0.00 0.00 0
96964 0.00 0.00 0.00 0
96965 0.00 0.00 0.00 0
96988 0.00 0.00 0.00 0
96989 0.00 0.00 0.00 0
96990 0.00 0.00 0.00 0
96991 0.00 0.00 0.00 0
96992 0.00 0.00 0.00 0
97182 0.00 0.00 0.00 0
97183 0.00 0.00 0.00 0
97184 0.00 0.00 0.00 0
97185 0.00 0.00 0.00 0
97186 0.00 0.00 0.00 0
97187 0.00 0.00 0.00 0
97188 0.00 0.00 0.00 0
97189 0.00 0.00 0.00 0
97307 0.00 0.00 0.00 0
97308 0.00 0.00 0.00 0
97309 0.00 0.00 0.00 0
97310 0.00 0.00 0.00 0
97311 0.00 0.00 0.00 0
98675 0.00 0.00 0.00 0
98676 0.00 0.00 0.00 0
98677 0.00 0.00 0.00 0
98678 0.00 0.00 0.00 0
98679 0.00 0.00 0.00 0
98680 0.00 0.00 0.00 0
98681 0.00 0.00 0.00 0
98682 0.00 0.00 0.00 0
98683 0.00 0.00 0.00 0
98684 0.00 0.00 0.00 0
98685 0.00 0.00 0.00 0
98686 0.00 0.00 0.00 0
98687 0.00 0.00 0.00 0
98688 0.00 0.00 0.00 0
98747 0.00 0.00 0.00 0
98748 0.00 0.00 0.00 0
98749 0.00 0.00 0.00 0
98750 0.00 0.00 0.00 0
98751 0.00 0.00 0.00 0
98752 0.00 0.00 0.00 0
98753 0.00 0.00 0.00 0
98754 0.00 0.00 0.00 0
98755 0.00 0.00 0.00 0
101267 0.00 0.00 0.00 0
101268 0.00 0.00 0.00 0
101269 0.00 0.00 0.00 0
101270 0.00 0.00 0.00 0
101271 0.00 0.00 0.00 0
101272 0.00 0.00 0.00 0
101273 0.00 0.00 0.00 0
101274 0.00 0.00 0.00 0
101275 0.00 0.00 0.00 0
101276 0.00 0.00 0.00 0
101277 0.00 0.00 0.00 0
101278 0.00 0.00 0.00 0
101279 0.00 0.00 0.00 0
101280 0.00 0.00 0.00 0
101281 0.00 0.00 0.00 0
101282 0.00 0.00 0.00 0
101283 0.00 0.00 0.00 0
101308 0.00 0.00 0.00 0
101309 0.00 0.00 0.00 0
101484 0.00 0.00 0.00 0
101485 0.00 0.00 0.00 0
101486 0.00 0.00 0.00 0
101487 0.00 0.00 0.00 0
101488 0.00 0.00 0.00 0
101489 0.00 0.00 0.00 0
101490 0.00 0.00 0.00 0
101491 0.00 0.00 0.00 0
101492 0.00 0.00 0.00 0
101493 0.00 0.00 0.00 0
101494 0.00 0.00 0.00 0
101495 0.00 0.00 0.00 0
101496 0.00 0.00 0.00 0
101497 0.00 0.00 0.00 0
101498 0.00 0.00 0.00 0
101499 0.00 0.00 0.00 0
101500 0.00 0.00 0.00 0
101501 0.00 0.00 0.00 0
101502 0.00 0.00 0.00 0
101503 0.00 0.00 0.00 0
101504 0.00 0.00 0.00 0
101505 0.00 0.00 0.00 0
101506 0.00 0.00 0.00 0
101507 0.00 0.00 0.00 0
101508 0.00 0.00 0.00 0
101509 0.00 0.00 0.00 0
104507 0.00 0.00 0.00 0
104508 0.00 0.00 0.00 0
104509 0.00 0.00 0.00 0
104510 0.00 0.00 0.00 0
104511 0.00 0.00 0.00 0
104512 0.00 0.00 0.00 0
104513 0.00 0.00 0.00 0
104514 0.00 0.00 0.00 0
104515 0.00 0.00 0.00 0
104516 0.00 0.00 0.00 0
104517 0.00 0.00 0.00 0
104518 0.00 0.00 0.00 0
104519 0.00 0.00 0.00 0
104520 0.00 0.00 0.00 0
104521 0.00 0.00 0.00 0
104522 0.00 0.00 0.00 0
104523 0.00 0.00 0.00 0
104524 0.00 0.00 0.00 0
104525 0.00 0.00 0.00 0
104526 0.00 0.00 0.00 0
104527 0.00 0.00 0.00 0
104528 0.00 0.00 0.00 0
104529 0.00 0.00 0.00 0
104530 0.00 0.00 0.00 0
104531 0.00 0.00 0.00 0
104532 0.00 0.00 0.00 0
104533 0.00 0.00 0.00 0
104534 0.00 0.00 0.00 0
104535 0.00 0.00 0.00 0
104536 0.00 0.00 0.00 0
104537 0.00 0.00 0.00 0
104538 0.00 0.00 0.00 0
104539 0.00 0.00 0.00 0
104540 0.00 0.00 0.00 0
104541 0.00 0.00 0.00 0
104542 0.00 0.00 0.00 0
104543 0.00 0.00 0.00 0
104729 0.00 0.00 0.00 0
104730 0.00 0.00 0.00 0
104731 0.00 0.00 0.00 0
104732 0.00 0.00 0.00 0
104735 0.00 0.00 0.00 0
104736 0.00 0.00 0.00 0
104737 0.00 0.00 0.00 0
104738 0.00 0.00 0.00 0
104739 0.00 0.00 0.00 0
104740 0.00 0.00 0.00 0
104741 0.00 0.00 0.00 0
104742 0.00 0.00 0.00 0
104743 0.00 0.00 0.00 0
104744 0.00 0.00 0.00 0
104745 0.00 0.00 0.00 0
104746 0.00 0.00 0.00 0
104747 0.00 0.00 0.00 0
104748 0.00 0.00 0.00 0
104749 0.00 0.00 0.00 0
106937 0.00 0.00 0.00 0
106938 0.00 0.00 0.00 0
106939 0.00 0.00 0.00 0
106940 0.00 0.00 0.00 0
106941 0.00 0.00 0.00 0
106942 0.00 0.00 0.00 0
106943 0.00 0.00 0.00 0
106944 0.00 0.00 0.00 0
106945 0.00 0.00 0.00 0
106946 0.00 0.00 0.00 0
106947 0.00 0.00 0.00 0
106948 0.00 0.00 0.00 0
106949 0.00 0.00 0.00 0
106950 0.00 0.00 0.00 0
106956 0.00 0.00 0.00 0
106957 0.00 0.00 0.00 0
106958 0.00 0.00 0.00 0
106959 0.00 0.00 0.00 0
106960 0.00 0.00 0.00 0
106961 0.00 0.00 0.00 0
106962 0.00 0.00 0.00 0
106963 0.00 0.00 0.00 0
106964 0.00 0.00 0.00 0
106965 0.00 0.00 0.00 0
106966 0.00 0.00 0.00 0
106967 0.00 0.00 0.00 0
106968 0.00 0.00 0.00 0
107177 0.00 0.00 0.00 0
107178 0.00 0.00 0.00 0
107179 0.00 0.00 0.00 0
112286 0.00 0.00 0.00 0
112287 0.00 0.00 0.00 0
112288 0.00 0.00 0.00 0
112289 0.00 0.00 0.00 0
112290 0.00 0.00 0.00 0
112297 0.00 0.00 0.00 0
112298 0.00 0.00 0.00 0
112299 0.00 0.00 0.00 0
112300 0.00 0.00 0.00 0
112301 0.00 0.00 0.00 0
112302 0.00 0.00 0.00 0
112303 0.00 0.00 0.00 0
112304 0.00 0.00 0.00 0
112305 0.00 0.00 0.00 0
112324 0.00 0.00 0.00 0
112325 0.00 0.00 0.00 0
112326 0.00 0.00 0.00 0
112327 0.00 0.00 0.00 0
112328 0.00 0.00 0.00 0
112329 0.00 0.00 0.00 0
112330 0.00 0.00 0.00 0
112331 0.00 0.00 0.00 0
112332 0.00 0.00 0.00 0
112333 0.00 0.00 0.00 0
112334 0.00 0.00 0.00 0
112335 0.00 0.00 0.00 0
112336 0.00 0.00 0.00 0
112337 0.00 0.00 0.00 0
112339 0.00 0.00 0.00 0
112405 0.00 0.00 0.00 0
112406 0.00 0.00 0.00 0
112407 0.00 0.00 0.00 0
112408 0.00 0.00 0.00 0
112409 0.00 0.00 0.00 0
112410 0.00 0.00 0.00 0
112411 0.00 0.00 0.00 0
112412 0.00 0.00 0.00 0
112413 0.00 0.00 0.00 0
112414 0.00 0.00 0.00 0
112415 0.00 0.00 0.00 0
112416 0.00 0.00 0.00 0
112417 0.00 0.00 0.00 0
112418 0.00 0.00 0.00 0
112419 0.00 0.00 0.00 0
112420 0.00 0.00 0.00 0
112421 0.00 0.00 0.00 0
112422 0.00 0.00 0.00 0
112423 0.00 0.00 0.00 0
112427 0.00 0.00 0.00 0
112428 0.00 0.00 0.00 0
112429 0.00 0.00 0.00 0
112430 0.00 0.00 0.00 0
112431 0.00 0.00 0.00 0
112432 0.00 0.00 0.00 0
112433 0.00 0.00 0.00 0
112434 0.00 0.00 0.00 0
112435 0.00 0.00 0.00 0
112986 0.00 0.00 0.00 0
112987 0.00 0.00 0.00 0
112988 0.00 0.00 0.00 0
112989 0.00 0.00 0.00 0
112990 0.00 0.00 0.00 0
112991 0.00 0.00 0.00 0
112992 0.00 0.00 0.00 0
112993 0.00 0.00 0.00 0
112994 0.00 0.00 0.00 0
112995 0.00 0.00 0.00 0
112996 0.00 0.00 0.00 0
112997 0.00 0.00 0.00 0
112998 0.00 0.00 0.00 0
112999 0.00 0.00 0.00 0
113000 0.00 0.00 0.00 0
113001 0.00 0.00 0.00 0
113002 0.00 0.00 0.00 0
113003 0.00 0.00 0.00 0
113004 0.00 0.00 0.00 0
113005 0.00 0.00 0.00 0
113006 0.00 0.00 0.00 0
113007 0.00 0.00 0.00 0
113008 0.00 0.00 0.00 0
113009 0.00 0.00 0.00 0
113010 0.00 0.00 0.00 0
113011 0.00 0.00 0.00 0
115787 0.00 0.00 0.00 0
115788 0.00 0.00 0.00 0
115789 0.00 0.00 0.00 0
115790 0.00 0.00 0.00 0
115791 0.00 0.00 0.00 0
115792 0.00 0.00 0.00 0
115793 0.00 0.00 0.00 0
115794 0.00 0.00 0.00 0
115795 0.00 0.00 0.00 0
115796 0.00 0.00 0.00 0
115797 0.00 0.00 0.00 0
115835 0.00 0.00 0.00 0
115839 0.00 0.00 0.00 0
115840 0.00 0.00 0.00 0
115841 0.00 0.00 0.00 0
115842 0.00 0.00 0.00 0
115843 0.00 0.00 0.00 0
115844 0.00 0.00 0.00 0
115845 0.00 0.00 0.00 0
115846 0.00 0.00 0.00 0
115847 0.00 0.00 0.00 0
115848 0.00 0.00 0.00 0
115849 0.00 0.00 0.00 0
117803 0.00 0.00 0.00 0
117804 0.00 0.00 0.00 0
117805 0.00 0.00 0.00 0
117806 0.00 0.00 0.00 0
117807 0.00 0.00 0.00 0
117808 0.00 0.00 0.00 0
117809 0.00 0.00 0.00 0
117810 0.00 0.00 0.00 0
117811 0.00 0.00 0.00 0
117812 0.00 0.00 0.00 0
117813 0.00 0.00 0.00 0
117972 0.00 0.00 0.00 0
117973 0.00 0.00 0.00 0
117974 0.00 0.00 0.00 0
117975 0.00 0.00 0.00 0
117976 0.00 0.00 0.00 0
117977 0.00 0.00 0.00 0
117978 0.00 0.00 0.00 0
117979 0.00 0.00 0.00 0
117980 0.00 0.00 0.00 0
117981 0.00 0.00 0.00 0
117982 0.00 0.00 0.00 0
117983 0.00 0.00 0.00 0
117984 0.00 0.00 0.00 0
117985 0.00 0.00 0.00 0
117986 0.00 0.00 0.00 0
117987 0.00 0.00 0.00 0
117988 0.00 0.00 0.00 0
117989 0.00 0.00 0.00 0
117990 0.00 0.00 0.00 0
117991 0.00 0.00 0.00 0
120323 0.00 0.00 0.00 0
120324 0.00 0.00 0.00 0
120325 0.00 0.00 0.00 0
120326 0.00 0.00 0.00 0
120327 0.00 0.00 0.00 0
120328 0.00 0.00 0.00 0
120329 0.00 0.00 0.00 0
120330 0.00 0.00 0.00 0
120331 0.00 0.00 0.00 0
120332 0.00 0.00 0.00 0
120333 0.00 0.00 0.00 0
120334 0.00 0.00 0.00 0
120335 0.00 0.00 0.00 0
120336 0.00 0.00 0.00 0
120337 0.00 0.00 0.00 0
120338 0.00 0.00 0.00 0
120339 0.00 0.00 0.00 0
120340 0.00 0.00 0.00 0
120341 0.00 0.00 0.00 0
120342 0.00 0.00 0.00 0
120343 0.00 0.00 0.00 0
120344 0.00 0.00 0.00 0
120345 0.00 0.00 0.00 0
120346 0.00 0.00 0.00 0
120347 0.00 0.00 0.00 0
120348 0.00 0.00 0.00 0
120349 0.00 0.00 0.00 0
120350 0.00 0.00 0.00 0
120351 0.00 0.00 0.00 0
120352 0.00 0.00 0.00 0
120353 0.00 0.00 0.00 0
120354 0.00 0.00 0.00 0
120492 0.00 0.00 0.00 0
120493 0.00 0.00 0.00 0
120494 0.00 0.00 0.00 0
120495 0.00 0.00 0.00 0
120496 0.00 0.00 0.00 0
120497 0.00 0.00 0.00 0
120498 0.00 0.00 0.00 0
120499 0.00 0.00 0.00 0
120500 0.00 0.00 0.00 0
120501 0.00 0.00 0.00 0
120502 0.00 0.00 0.00 0
120503 0.00 0.00 0.00 0
120504 0.00 0.00 0.00 0
120505 0.00 0.00 0.00 0
120506 0.00 0.00 0.00 0
120507 0.00 0.00 0.00 0
120508 0.00 0.00 0.00 0
120509 0.00 0.00 0.00 0
120510 0.00 0.00 0.00 0
120511 0.00 0.00 0.00 0
122213 0.00 0.00 0.00 0
122214 0.00 0.00 0.00 0
122215 0.00 0.00 0.00 0
122216 0.00 0.00 0.00 0
122217 0.00 0.00 0.00 0
122219 0.00 0.00 0.00 0
122220 0.00 0.00 0.00 0
122221 0.00 0.00 0.00 0
122222 0.00 0.00 0.00 0
122223 0.00 0.00 0.00 0
122228 0.00 0.00 0.00 0
122230 0.00 0.00 0.00 0
122231 0.00 0.00 0.00 0
122232 0.00 0.00 0.00 0
122233 0.00 0.00 0.00 0
122234 0.00 0.00 0.00 0
122235 0.00 0.00 0.00 0
122236 0.00 0.00 0.00 0
122237 0.00 0.00 0.00 0
126371 0.00 0.00 0.00 0
126372 0.00 0.00 0.00 0
126373 0.00 0.00 0.00 0
126374 0.00 0.00 0.00 0
126375 0.00 0.00 0.00 0
126376 0.00 0.00 0.00 0
126377 0.00 0.00 0.00 0
126378 0.00 0.00 0.00 0
126379 0.00 0.00 0.00 0
126380 0.00 0.00 0.00 0
126381 0.00 0.00 0.00 0
126382 0.00 0.00 0.00 0
126383 0.00 0.00 0.00 0
126384 0.00 0.00 0.00 0
126385 0.00 0.00 0.00 0
126386 0.00 0.00 0.00 0
126387 0.00 0.00 0.00 0
126388 0.00 0.00 0.00 0
126389 0.00 0.00 0.00 0
126403 0.00 0.00 0.00 0
126404 0.00 0.00 0.00 0
126405 0.00 0.00 0.00 0
126406 0.00 0.00 0.00 0
126407 0.00 0.00 0.00 0
126408 0.00 0.00 0.00 0
126409 0.00 0.00 0.00 0
126410 0.00 0.00 0.00 0
126411 0.00 0.00 0.00 0
126412 0.00 0.00 0.00 0
126413 0.00 0.00 0.00 0
126466 0.00 0.00 0.00 0
126467 0.00 0.00 0.00 0
126468 0.00 0.00 0.00 0
126469 0.00 0.00 0.00 0
126470 0.00 0.00 0.00 0
126471 0.00 0.00 0.00 0
126472 0.00 0.00 0.00 0
126473 0.00 0.00 0.00 0
126474 0.00 0.00 0.00 0
126475 0.00 0.00 0.00 0
126476 0.00 0.00 0.00 0
126918 0.00 0.00 0.00 0
126919 0.00 0.00 0.00 0
126920 0.00 0.00 0.00 0
126921 0.00 0.00 0.00 0
126922 0.00 0.00 0.00 0
126923 0.00 0.00 0.00 0
126924 0.00 0.00 0.00 0
126925 0.00 0.00 0.00 0
126926 0.00 0.00 0.00 0
126927 0.00 0.00 0.00 0
126928 0.00 0.00 0.00 0
126929 0.00 0.00 0.00 0
126930 0.00 0.00 0.00 0
126931 0.00 0.00 0.00 0
126932 0.00 0.00 0.00 0
126933 0.00 0.00 0.00 0
126934 0.00 0.00 0.00 0
126935 0.00 0.00 0.00 0
126936 0.00 0.00 0.00 0
126937 0.00 0.00 0.00 0
127216 0.00 0.00 0.00 0
127221 0.00 0.00 0.00 0
130235 0.00 0.00 0.00 0
130236 0.00 0.00 0.00 0
130237 0.00 0.00 0.00 0
130238 0.00 0.00 0.00 0
130239 0.00 0.00 0.00 0
130240 0.00 0.00 0.00 0
130241 0.00 0.00 0.00 0
130242 0.00 0.00 0.00 0
130243 0.00 0.00 0.00 0
130244 0.00 0.00 0.00 0
130245 0.00 0.00 0.00 0
130246 0.00 0.00 0.00 0
130247 0.00 0.00 0.00 0
130248 0.00 0.00 0.00 0
130249 0.00 0.00 0.00 0
130250 0.00 0.00 0.00 0
130251 0.00 0.00 0.00 0
130252 0.00 0.00 0.00 0
130253 0.00 0.00 0.00 0
130254 0.00 0.00 0.00 0
130255 0.00 0.00 0.00 0
130256 0.00 0.00 0.00 0
130257 0.00 0.00 0.00 0
130258 0.00 0.00 0.00 0
130259 0.00 0.00 0.00 0
130260 0.00 0.00 0.00 0
130261 0.00 0.00 0.00 0
130262 0.00 0.00 0.00 0
130263 0.00 0.00 0.00 0
130387 0.00 0.00 0.00 0
130388 0.00 0.00 0.00 0
130389 0.00 0.00 0.00 0
130390 0.00 0.00 0.00 0
130391 0.00 0.00 0.00 0
130392 0.00 0.00 0.00 0
130393 0.00 0.00 0.00 0
130394 0.00 0.00 0.00 0
130395 0.00 0.00 0.00 0
130396 0.00 0.00 0.00 0
130397 0.00 0.00 0.00 0
130398 0.00 0.00 0.00 0
130399 0.00 0.00 0.00 0
130400 0.00 0.00 0.00 0
130401 0.00 0.00 0.00 0
130402 0.00 0.00 0.00 0
130403 0.00 0.00 0.00 0
130404 0.00 0.00 0.00 0
130405 0.00 0.00 0.00 0
135707 0.00 0.00 0.00 0
135708 0.00 0.00 0.00 0
135709 0.00 0.00 0.00 0
135710 0.00 0.00 0.00 0
135711 0.00 0.00 0.00 0
135712 0.00 0.00 0.00 0
135713 0.00 0.00 0.00 0
135714 0.00 0.00 0.00 0
135715 0.00 0.00 0.00 0
135716 0.00 0.00 0.00 0
135717 0.00 0.00 0.00 0
135718 0.00 0.00 0.00 0
135719 0.00 0.00 0.00 0
135720 0.00 0.00 0.00 0
135721 0.00 0.00 0.00 0
135722 0.00 0.00 0.00 0
135723 0.00 0.00 0.00 0
135724 0.00 0.00 0.00 0
135725 0.00 0.00 0.00 0
135726 0.00 0.00 0.00 0
135727 0.00 0.00 0.00 0
135728 0.00 0.00 0.00 0
135729 0.00 0.00 0.00 0
135730 0.00 0.00 0.00 0
135731 0.00 0.00 0.00 0
135732 0.00 0.00 0.00 0
135733 0.00 0.00 0.00 0
135734 0.00 0.00 0.00 0
135735 0.00 0.00 0.00 0
135736 0.00 0.00 0.00 0
135737 0.00 0.00 0.00 0
135738 0.00 0.00 0.00 0
135739 0.00 0.00 0.00 0
135740 0.00 0.00 0.00 0
135741 0.00 0.00 0.00 0
135742 0.00 0.00 0.00 0
135743 0.00 0.00 0.00 0
135793 0.00 0.00 0.00 0
135794 0.00 0.00 0.00 0
135795 0.00 0.00 0.00 0
135796 0.00 0.00 0.00 0
135797 0.00 0.00 0.00 0
135798 0.00 0.00 0.00 0
135799 0.00 0.00 0.00 0
135800 0.00 0.00 0.00 0
135801 0.00 0.00 0.00 0
135802 0.00 0.00 0.00 0
136175 0.00 0.00 0.00 0
136176 0.00 0.00 0.00 0
136177 0.00 0.00 0.00 0
136178 0.00 0.00 0.00 0
136179 0.00 0.00 0.00 0
136180 0.00 0.00 0.00 0
136181 0.00 0.00 0.00 0
136187 0.00 0.00 0.00 0
136195 0.00 0.00 0.00 0
136196 0.00 0.00 0.00 0
136197 0.00 0.00 0.00 0
136198 0.00 0.00 0.00 0
136199 0.00 0.00 0.00 0
136200 0.00 0.00 0.00 0
136201 0.00 0.00 0.00 0
136202 0.00 0.00 0.00 0
136203 0.00 0.00 0.00 0
136204 0.00 0.00 0.00 0
136205 0.00 0.00 0.00 0
136206 0.00 0.00 0.00 0
136207 0.00 0.00 0.00 0
136208 0.00 0.00 0.00 0
136209 0.00 0.00 0.00 0
136210 0.00 0.00 0.00 0
136211 0.00 0.00 0.00 0
136212 0.00 0.00 0.00 0
136213 0.00 0.00 0.00 0
136214 0.00 0.00 0.00 0
136215 0.00 0.00 0.00 0
136216 0.00 0.00 0.00 0
136217 0.00 0.00 0.00 0
136218 0.00 0.00 0.00 0
136219 0.00 0.00 0.00 0
142379 0.00 0.00 0.00 0
142380 0.00 0.00 0.00 0
142381 0.00 0.00 0.00 0
142382 0.00 0.00 0.00 0
142383 0.00 0.00 0.00 0
142384 0.00 0.00 0.00 0
142385 0.00 0.00 0.00 0
142386 0.00 0.00 0.00 0
142387 0.00 0.00 0.00 0
142388 0.00 0.00 0.00 0
142389 0.00 0.00 0.00 0
142390 0.00 0.00 0.00 0
142391 0.00 0.00 0.00 0
142392 0.00 0.00 0.00 0
142393 0.00 0.00 0.00 0
142394 0.00 0.00 0.00 0
142395 0.00 0.00 0.00 0
142396 0.00 0.00 0.00 0
142397 0.00 0.00 0.00 0
142398 0.00 0.00 0.00 0
142399 0.00 0.00 0.00 0
142400 0.00 0.00 0.00 0
142401 0.00 0.00 0.00 0
142402 0.00 0.00 0.00 0
142403 0.00 0.00 0.00 0
142404 0.00 0.00 0.00 0
142405 0.00 0.00 0.00 0
142406 0.00 0.00 0.00 0
142407 0.00 0.00 0.00 0
142408 0.00 0.00 0.00 0
142409 0.00 0.00 0.00 0
142410 0.00 0.00 0.00 0
142411 0.00 0.00 0.00 0
142412 0.00 0.00 0.00 0
142413 0.00 0.00 0.00 0
142414 0.00 0.00 0.00 0
142415 0.00 0.00 0.00 0
142416 0.00 0.00 0.00 0
142417 0.00 0.00 0.00 0
142418 0.00 0.00 0.00 0
142419 0.00 0.00 0.00 0
142420 0.00 0.00 0.00 0
142421 0.00 0.00 0.00 0
142422 0.00 0.00 0.00 0
142423 0.00 0.00 0.00 0
142424 0.00 0.00 0.00 0
142425 0.00 0.00 0.00 0
142426 0.00 0.00 0.00 0
142427 0.00 0.00 0.00 0
142428 0.00 0.00 0.00 0
142429 0.00 0.00 0.00 0
142430 0.00 0.00 0.00 0
142431 0.00 0.00 0.00 0
142432 0.00 0.00 0.00 0
142433 0.00 0.00 0.00 0
142434 0.00 0.00 0.00 0
142435 0.00 0.00 0.00 0
142436 0.00 0.00 0.00 0
142437 0.00 0.00 0.00 0
142438 0.00 0.00 0.00 0
142439 0.00 0.00 0.00 0
142440 0.00 0.00 0.00 0
142441 0.00 0.00 0.00 0
142442 0.00 0.00 0.00 0
142444 0.00 0.00 0.00 0
142445 0.00 0.00 0.00 0
142446 0.00 0.00 0.00 0
142447 0.00 0.00 0.00 0
142448 0.00 0.00 0.00 0
142449 0.00 0.00 0.00 0
142450 0.00 0.00 0.00 0
142830 0.00 0.00 0.00 0
142833 0.00 0.00 0.00 0
142850 0.00 0.00 0.00 0
142851 0.00 0.00 0.00 0
142852 0.00 0.00 0.00 0
142853 0.00 0.00 0.00 0
142854 0.00 0.00 0.00 0
142855 0.00 0.00 0.00 0
142856 0.00 0.00 0.00 0
142857 0.00 0.00 0.00 0
142858 0.00 0.00 0.00 0
142859 0.00 0.00 0.00 0
142860 0.00 0.00 0.00 0
142861 0.00 0.00 0.00 0
142862 0.00 0.00 0.00 0
142863 0.00 0.00 0.00 0
142864 0.00 0.00 0.00 0
142865 0.00 0.00 0.00 0
142866 0.00 0.00 0.00 0
142867 0.00 0.00 0.00 0
142868 0.00 0.00 0.00 0
142869 0.00 0.00 0.00 0
142870 0.00 0.00 0.00 0
142871 0.00 0.00 0.00 0
142872 0.00 0.00 0.00 0
142873 0.00 0.00 0.00 0
147293 0.00 0.00 0.00 0
147294 0.00 0.00 0.00 0
147295 0.00 0.00 0.00 0
147296 0.00 0.00 0.00 0
147297 0.00 0.00 0.00 0
147298 0.00 0.00 0.00 0
147299 0.00 0.00 0.00 0
147300 0.00 0.00 0.00 0
147301 0.00 0.00 0.00 0
147302 0.00 0.00 0.00 0
147303 0.00 0.00 0.00 0
147304 0.00 0.00 0.00 0
147305 0.00 0.00 0.00 0
147306 0.00 0.00 0.00 0
147307 0.00 0.00 0.00 0
147308 0.00 0.00 0.00 0
147309 0.00 0.00 0.00 0
147310 0.00 0.00 0.00 0
147311 0.00 0.00 0.00 0
147312 0.00 0.00 0.00 0
147313 0.00 0.00 0.00 0
147314 0.00 0.00 0.00 0
147315 0.00 0.00 0.00 0
147316 0.00 0.00 0.00 0
147317 0.00 0.00 0.00 0
147318 0.00 0.00 0.00 0
147319 0.00 0.00 0.00 0
147320 0.00 0.00 0.00 0
147321 0.00 0.00 0.00 0
147327 0.00 0.00 0.00 0
147328 0.00 0.00 0.00 0
147329 0.00 0.00 0.00 0
147330 0.00 0.00 0.00 0
147333 0.00 0.00 0.00 0
147334 0.00 0.00 0.00 0
147335 0.00 0.00 0.00 0
147336 0.00 0.00 0.00 0
147337 0.00 0.00 0.00 0
147338 0.00 0.00 0.00 0
147339 0.00 0.00 0.00 0
147340 0.00 0.00 0.00 0
147341 0.00 0.00 0.00 0
147342 0.00 0.00 0.00 0
147343 0.00 0.00 0.00 0
147344 0.00 0.00 0.00 0
147345 0.00 0.00 0.00 0
147346 0.00 0.00 0.00 0
147347 0.00 0.00 0.00 0
147348 0.00 0.00 0.00 0
147349 0.00 0.00 0.00 0
147350 0.00 0.00 0.00 0
147351 0.00 0.00 0.00 0
147352 0.00 0.00 0.00 0
147353 0.00 0.00 0.00 0
147354 0.00 0.00 0.00 0
147355 0.00 0.00 0.00 0
147358 0.00 0.00 0.00 0
147359 0.00 0.00 0.00 0
147360 0.00 0.00 0.00 0
147362 0.00 0.00 0.00 0
147363 0.00 0.00 0.00 0
147776 0.00 0.00 0.00 0
147777 0.00 0.00 0.00 0
147778 0.00 0.00 0.00 0
147779 0.00 0.00 0.00 0
147780 0.00 0.00 0.00 0
147781 0.00 0.00 0.00 0
158020 0.00 0.00 0.00 0
158021 0.00 0.00 0.00 0
158022 0.00 0.00 0.00 0
158023 0.00 0.00 0.00 0
158024 0.00 0.00 0.00 0
158038 0.00 0.00 0.00 0
158039 0.00 0.00 0.00 0
158040 0.00 0.00 0.00 0
158041 0.00 0.00 0.00 0
158042 0.00 0.00 0.00 0
158043 0.00 0.00 0.00 0
158044 0.00 0.00 0.00 0
158045 0.00 0.00 0.00 0
158046 0.00 0.00 0.00 0
158047 0.00 0.00 0.00 0
158048 0.00 0.00 0.00 0
158049 0.00 0.00 0.00 0
158050 0.00 0.00 0.00 0
158051 0.00 0.00 0.00 0
158052 0.00 0.00 0.00 0
158053 0.00 0.00 0.00 0
158054 0.00 0.00 0.00 0
158055 0.00 0.00 0.00 0
158092 0.00 0.00 0.00 0
158093 0.00 0.00 0.00 0
158094 0.00 0.00 0.00 0
158095 0.00 0.00 0.00 0
158096 0.00 0.00 0.00 0
158097 0.00 0.00 0.00 0
158098 0.00 0.00 0.00 0
158099 0.00 0.00 0.00 0
158100 0.00 0.00 0.00 0
158101 0.00 0.00 0.00 0
158102 0.00 0.00 0.00 0
158103 0.00 0.00 0.00 0
158104 0.00 0.00 0.00 0
158105 0.00 0.00 0.00 0
158106 0.00 0.00 0.00 0
158107 0.00 0.00 0.00 0
158108 0.00 0.00 0.00 0
158109 0.00 0.00 0.00 0
158110 0.00 0.00 0.00 0
158111 0.00 0.00 0.00 0
158112 0.00 0.00 0.00 0
158113 0.00 0.00 0.00 0
158114 0.00 0.00 0.00 0
158115 0.00 0.00 0.00 0
158116 0.00 0.00 0.00 0
158117 0.00 0.00 0.00 0
158118 0.00 0.00 0.00 0
158119 0.00 0.00 0.00 0
158120 0.00 0.00 0.00 0
158121 0.00 0.00 0.00 0
158122 0.00 0.00 0.00 0
158123 0.00 0.00 0.00 0
158124 0.00 0.00 0.00 0
158125 0.00 0.00 0.00 0
158126 0.00 0.00 0.00 0
158127 0.00 0.00 0.00 0
158135 0.00 0.00 0.00 0
158136 0.00 0.00 0.00 0
158137 0.00 0.00 0.00 0
158138 0.00 0.00 0.00 0
158139 0.00 0.00 0.00 0
158141 0.00 0.00 0.00 0
158142 0.00 0.00 0.00 0
158143 0.00 0.00 0.00 0
158144 0.00 0.00 0.00 0
158145 0.00 0.00 0.00 0
158146 0.00 0.00 0.00 0
158254 0.00 0.00 0.00 0
158255 0.00 0.00 0.00 0
158256 0.00 0.00 0.00 0
158257 0.00 0.00 0.00 0
158258 0.00 0.00 0.00 0
158259 0.00 0.00 0.00 0
158260 0.00 0.00 0.00 0
158261 0.00 0.00 0.00 0
158262 0.00 0.00 0.00 0
158263 0.00 0.00 0.00 0
158264 0.00 0.00 0.00 0
158265 0.00 0.00 0.00 0
158266 0.00 0.00 0.00 0
158267 0.00 0.00 0.00 0
158268 0.00 0.00 0.00 0
158269 0.00 0.00 0.00 0
158270 0.00 0.00 0.00 0
158271 0.00 0.00 0.00 0
158272 0.00 0.00 0.00 0
158273 0.00 0.00 0.00 0
158274 0.00 0.00 0.00 0
158275 0.00 0.00 0.00 0
158276 0.00 0.00 0.00 0
158277 0.00 0.00 0.00 0
158278 0.00 0.00 0.00 0
158279 0.00 0.00 0.00 0
158280 0.00 0.00 0.00 0
158281 0.00 0.00 0.00 0
158282 0.00 0.00 0.00 0
158283 0.00 0.00 0.00 0
158284 0.00 0.00 0.00 0
158285 0.00 0.00 0.00 0
158286 0.00 0.00 0.00 0
158287 0.00 0.00 0.00 0
158288 0.00 0.00 0.00 0
158289 0.00 0.00 0.00 0
158291 0.00 0.00 0.00 0
158292 0.00 0.00 0.00 0
158293 0.00 0.00 0.00 0
158294 0.00 0.00 0.00 0
158295 0.00 0.00 0.00 0
158296 0.00 0.00 0.00 0
158297 0.00 0.00 0.00 0
158298 0.00 0.00 0.00 0
158299 0.00 0.00 0.00 0
158300 0.00 0.00 0.00 0
158301 0.00 0.00 0.00 0
158302 0.00 0.00 0.00 0
158303 0.00 0.00 0.00 0
158304 0.00 0.00 0.00 0
158305 0.00 0.00 0.00 0
158306 0.00 0.00 0.00 0
158307 0.00 0.00 0.00 0
158308 0.00 0.00 0.00 0
158309 0.00 0.00 0.00 0
158310 0.00 0.00 0.00 0
158311 0.00 0.00 0.00 0
158312 0.00 0.00 0.00 0
158313 0.00 0.00 0.00 0
158314 0.00 0.00 0.00 0
158315 0.00 0.00 0.00 0
158316 0.00 0.00 0.00 0
159417 0.00 0.00 0.00 0
159423 0.00 0.00 0.00 0
159424 0.00 0.00 0.00 0
159425 0.00 0.00 0.00 0
159426 0.00 0.00 0.00 0
159427 0.00 0.00 0.00 0
159428 0.00 0.00 0.00 0
159429 0.00 0.00 0.00 0
159430 0.00 0.00 0.00 0
159435 0.00 0.00 0.00 0
159441 0.00 0.00 0.00 0
159442 0.00 0.00 0.00 0
159443 0.00 0.00 0.00 0
159444 0.00 0.00 0.00 0
159445 0.00 0.00 0.00 0
159446 0.00 0.00 0.00 0
159447 0.00 0.00 0.00 0
159448 0.00 0.00 0.00 0
159449 0.00 0.00 0.00 0
159450 0.00 0.00 0.00 0
159451 0.00 0.00 0.00 0
159452 0.00 0.00 0.00 0
159453 0.00 0.00 0.00 0
159454 0.00 0.00 0.00 0
159455 0.00 0.00 0.00 0
159456 0.00 0.00 0.00 0
159457 0.00 0.00 0.00 0
159458 0.00 0.00 0.00 0
159459 0.00 0.00 0.00 0
159462 0.00 0.00 0.00 0
