# S_parieto_occipital
2106
65 0.00 0.00 0.00 0
133 0.00 0.00 0.00 0
288 0.00 0.00 0.00 0
289 0.00 0.00 0.00 0
404 0.00 0.00 0.00 0
405 0.00 0.00 0.00 0
406 0.00 0.00 0.00 0
555 0.00 0.00 0.00 0
768 0.00 0.00 0.00 0
915 0.00 0.00 0.00 0
1222 0.00 0.00 0.00 0
1223 0.00 0.00 0.00 0
1224 0.00 0.00 0.00 0
1225 0.00 0.00 0.00 0
1226 0.00 0.00 0.00 0
1227 0.00 0.00 0.00 0
1670 0.00 0.00 0.00 0
1671 0.00 0.00 0.00 0
1672 0.00 0.00 0.00 0
1673 0.00 0.00 0.00 0
1674 0.00 0.00 0.00 0
1675 0.00 0.00 0.00 0
1904 0.00 0.00 0.00 0
1905 0.00 0.00 0.00 0
1906 0.00 0.00 0.00 0
1907 0.00 0.00 0.00 0
1908 0.00 0.00 0.00 0
2301 0.00 0.00 0.00 0
2302 0.00 0.00 0.00 0
2304 0.00 0.00 0.00 0
2305 0.00 0.00 0.00 0
3142 0.00 0.00 0.00 0
3143 0.00 0.00 0.00 0
3144 0.00 0.00 0.00 0
3145 0.00 0.00 0.00 0
3146 0.00 0.00 0.00 0
3147 0.00 0.00 0.00 0
3148 0.00 0.00 0.00 0
3149 0.00 0.00 0.00 0
3151 0.00 0.00 0.00 0
3743 0.00 0.00 0.00 0
3745 0.00 0.00 0.00 0
3746 0.00 0.00 0.00 0
3747 0.00 0.00 0.00 0
3748 0.00 0.00 0.00 0
3749 0.00 0.00 0.00 0
3750 0.00 0.00 0.00 0
3751 0.00 0.00 0.00 0
4184 0.00 0.00 0.00 0
4185 0.00 0.00 0.00 0
4186 0.00 0.00 0.00 0
4187 0.00 0.00 0.00 0
4188 0.00 0.00 0.00 0
4189 0.00 0.00 0.00 0
4190 0.00 0.00 0.00 0
4191 0.00 0.00 0.00 0
5107 0.00 0.00 0.00 0
5108 0.00 0.00 0.00 0
5109 0.00 0.00 0.00 0
5110 0.00 0.00 0.00 0
5111 0.00 0.00 0.00 0
5112 0.00 0.00 0.00 0
5113 0.00 0.00 0.00 0
5114 0.00 0.00 0.00 0
5115 0.00 0.00 0.00 0
5116 0.00 0.00 0.00 0
5117 0.00 0.00 0.00 0
5118 0.00 0.00 0.00 0
5119 0.00 0.00 0.00 0
5120 0.00 0.00 0.00 0
5137 0.00 0.00 0.00 0
5138 0.00 0.00 0.00 0
5993 0.00 0.00 0.00 0
5994 0.00 0.00 0.00 0
6255 0.00 0.00 0.00 0
6265 0.00 0.00 0.00 0
6808 0.00 0.00 0.00 0
6809 0.00 0.00 0.00 0
6810 0.00 0.00 0.00 0
6811 0.00 0.00 0.00 0
6812 0.00 0.00 0.00 0
6813 0.00 0.00 0.00 0
6814 0.00 0.00 0.00 0
6815 0.00 0.00 0.00 0
6816 0.00 0.00 0.00 0
6817 0.00 0.00 0.00 0
6819 0.00 0.00 0.00 0
7735 0.00 0.00 0.00 0
7736 0.00 0.00 0.00 0
7737 0.00 0.00 0.00 0
7738 0.00 0.00 0.00 0
7739 0.00 0.00 0.00 0
7740 0.00 0.00 0.00 0
7741 0.00 0.00 0.00 0
7742 0.00 0.00 0.00 0
7743 0.00 0.00 0.00 0
7744 0.00 0.00 0.00 0
7745 0.00 0.00 0.00 0
7746 0.00 0.00 0.00 0
7747 0.00 0.00 0.00 0
7748 0.00 0.00 0.00 0
7749 0.00 0.00 0.00 0
7750 0.00 0.00 0.00 0
7751 0.00 0.00 0.00 0
8325 0.00 0.00 0.00 0
8326 0.00 0.00 0.00 0
8327 0.00 0.00 0.00 0
8328 0.00 0.00 0.00 0
8329 0.00 0.00 0.00 0
8330 0.00 0.00 0.00 0
8331 0.00 0.00 0.00 0
8332 0.00 0.00 0.00 0
8333 0.00 0.00 0.00 0
8334 0.00 0.00 0.00 0
8343 0.00 0.00 0.00 0
9459 0.00 0.00 0.00 0
9460 0.00 0.00 0.00 0
9461 0.00 0.00 0.00 0
9462 0.00 0.00 0.00 0
9463 0.00 0.00 0.00 0
9464 0.00 0.00 0.00 0
9468 0.00 0.00 0.00 0
9469 0.00 0.00 0.00 0
9470 0.00 0.00 0.00 0
9471 0.00 0.00 0.00 0
9472 0.00 0.00 0.00 0
9473 0.00 0.00 0.00 0
9474 0.00 0.00 0.00 0
9495 0.00 0.00 0.00 0
10822 0.00 0.00 0.00 0
10823 0.00 0.00 0.00 0
10824 0.00 0.00 0.00 0
10825 0.00 0.00 0.00 0
10826 0.00 0.00 0.00 0
10827 0.00 0.00 0.00 0
10828 0.00 0.00 0.00 0
10829 0.00 0.00 0.00 0
10830 0.00 0.00 0.00 0
10831 0.00 0.00 0.00 0
11425 0.00 0.00 0.00 0
11426 0.00 0.00 0.00 0
11427 0.00 0.00 0.00 0
11428 0.00 0.00 0.00 0
11429 0.00 0.00 0.00 0
11430 0.00 0.00 0.00 0
11431 0.00 0.00 0.00 0
11864 0.00 0.00 0.00 0
11865 0.00 0.00 0.00 0
11866 0.00 0.00 0.00 0
11867 0.00 0.00 0.00 0
11868 0.00 0.00 0.00 0
11869 0.00 0.00 0.00 0
11870 0.00 0.00 0.00 0
11871 0.00 0.00 0.00 0
11905 0.00 0.00 0.00 0
11906 0.00 0.00 0.00 0
11907 0.00 0.00 0.00 0
12787 0.00 0.00 0.00 0
12788 0.00 0.00 0.00 0
12789 0.00 0.00 0.00 0
12790 0.00 0.00 0.00 0
12791 0.00 0.00 0.00 0
12792 0.00 0.00 0.00 0
12793 0.00 0.00 0.00 0
12794 0.00 0.00 0.00 0
12795 0.00 0.00 0.00 0
12796 0.00 0.00 0.00 0
12797 0.00 0.00 0.00 0
12798 0.00 0.00 0.00 0
12799 0.00 0.00 0.00 0
12800 0.00 0.00 0.00 0
12818 0.00 0.00 0.00 0
15187 0.00 0.00 0.00 0
15188 0.00 0.00 0.00 0
15189 0.00 0.00 0.00 0
15190 0.00 0.00 0.00 0
15191 0.00 0.00 0.00 0
15192 0.00 0.00 0.00 0
15193 0.00 0.00 0.00 0
15194 0.00 0.00 0.00 0
15195 0.00 0.00 0.00 0
15196 0.00 0.00 0.00 0
15197 0.00 0.00 0.00 0
15198 0.00 0.00 0.00 0
15199 0.00 0.00 0.00 0
15200 0.00 0.00 0.00 0
15201 0.00 0.00 0.00 0
15202 0.00 0.00 0.00 0
15203 0.00 0.00 0.00 0
15204 0.00 0.00 0.00 0
15205 0.00 0.00 0.00 0
15206 0.00 0.00 0.00 0
16988 0.00 0.00 0.00 0
16989 0.00 0.00 0.00 0
16990 0.00 0.00 0.00 0
16991 0.00 0.00 0.00 0
16992 0.00 0.00 0.00 0
16993 0.00 0.00 0.00 0
16994 0.00 0.00 0.00 0
16996 0.00 0.00 0.00 0
16997 0.00 0.00 0.00 0
16998 0.00 0.00 0.00 0
16999 0.00 0.00 0.00 0
17000 0.00 0.00 0.00 0
17001 0.00 0.00 0.00 0
17002 0.00 0.00 0.00 0
17003 0.00 0.00 0.00 0
17004 0.00 0.00 0.00 0
17005 0.00 0.00 0.00 0
17006 0.00 0.00 0.00 0
17007 0.00 0.00 0.00 0
17008 0.00 0.00 0.00 0
17009 0.00 0.00 0.00 0
17010 0.00 0.00 0.00 0
17011 0.00 0.00 0.00 0
17012 0.00 0.00 0.00 0
17013 0.00 0.00 0.00 0
17014 0.00 0.00 0.00 0
17015 0.00 0.00 0.00 0
17016 0.00 0.00 0.00 0
17018 0.00 0.00 0.00 0
17019 0.00 0.00 0.00 0
17021 0.00 0.00 0.00 0
17022 0.00 0.00 0.00 0
17023 0.00 0.00 0.00 0
17024 0.00 0.00 0.00 0
18315 0.00 0.00 0.00 0
18316 0.00 0.00 0.00 0
18317 0.00 0.00 0.00 0
18318 0.00 0.00 0.00 0
18319 0.00 0.00 0.00 0
18320 0.00 0.00 0.00 0
18321 0.00 0.00 0.00 0
18322 0.00 0.00 0.00 0
18323 0.00 0.00 0.00 0
18324 0.00 0.00 0.00 0
18325 0.00 0.00 0.00 0
18326 0.00 0.00 0.00 0
18327 0.00 0.00 0.00 0
18328 0.00 0.00 0.00 0
18329 0.00 0.00 0.00 0
18330 0.00 0.00 0.00 0
18331 0.00 0.00 0.00 0
18332 0.00 0.00 0.00 0
18333 0.00 0.00 0.00 0
18334 0.00 0.00 0.00 0
18335 0.00 0.00 0.00 0
18336 0.00 0.00 0.00 0
18358 0.00 0.00 0.00 0
21082 0.00 0.00 0.00 0
21083 0.00 0.00 0.00 0
21084 0.00 0.00 0.00 0
21085 0.00 0.00 0.00 0
21086 0.00 0.00 0.00 0
21087 0.00 0.00 0.00 0
21088 0.00 0.00 0.00 0
21089 0.00 0.00 0.00 0
21090 0.00 0.00 0.00 0
21091 0.00 0.00 0.00 0
21092 0.00 0.00 0.00 0
21093 0.00 0.00 0.00 0
21094 0.00 0.00 0.00 0
21095 0.00 0.00 0.00 0
21096 0.00 0.00 0.00 0
21097 0.00 0.00 0.00 0
21099 0.00 0.00 0.00 0
21100 0.00 0.00 0.00 0
21105 0.00 0.00 0.00 0
21106 0.00 0.00 0.00 0
21107 0.00 0.00 0.00 0
21108 0.00 0.00 0.00 0
21109 0.00 0.00 0.00 0
21110 0.00 0.00 0.00 0
21111 0.00 0.00 0.00 0
21112 0.00 0.00 0.00 0
21113 0.00 0.00 0.00 0
21114 0.00 0.00 0.00 0
21115 0.00 0.00 0.00 0
21116 0.00 0.00 0.00 0
21117 0.00 0.00 0.00 0
21118 0.00 0.00 0.00 0
21119 0.00 0.00 0.00 0
21120 0.00 0.00 0.00 0
21121 0.00 0.00 0.00 0
21122 0.00 0.00 0.00 0
21172 0.00 0.00 0.00 0
21173 0.00 0.00 0.00 0
21174 0.00 0.00 0.00 0
21176 0.00 0.00 0.00 0
24088 0.00 0.00 0.00 0
24089 0.00 0.00 0.00 0
24090 0.00 0.00 0.00 0
24091 0.00 0.00 0.00 0
24092 0.00 0.00 0.00 0
24093 0.00 0.00 0.00 0
24094 0.00 0.00 0.00 0
24095 0.00 0.00 0.00 0
24096 0.00 0.00 0.00 0
24097 0.00 0.00 0.00 0
24098 0.00 0.00 0.00 0
24099 0.00 0.00 0.00 0
24100 0.00 0.00 0.00 0
24105 0.00 0.00 0.00 0
25169 0.00 0.00 0.00 0
25171 0.00 0.00 0.00 0
25172 0.00 0.00 0.00 0
25173 0.00 0.00 0.00 0
25174 0.00 0.00 0.00 0
25175 0.00 0.00 0.00 0
25176 0.00 0.00 0.00 0
25177 0.00 0.00 0.00 0
25178 0.00 0.00 0.00 0
25179 0.00 0.00 0.00 0
25180 0.00 0.00 0.00 0
25181 0.00 0.00 0.00 0
25182 0.00 0.00 0.00 0
25183 0.00 0.00 0.00 0
25184 0.00 0.00 0.00 0
25185 0.00 0.00 0.00 0
25964 0.00 0.00 0.00 0
25965 0.00 0.00 0.00 0
25966 0.00 0.00 0.00 0
25967 0.00 0.00 0.00 0
25968 0.00 0.00 0.00 0
25969 0.00 0.00 0.00 0
25970 0.00 0.00 0.00 0
25971 0.00 0.00 0.00 0
25972 0.00 0.00 0.00 0
25973 0.00 0.00 0.00 0
25974 0.00 0.00 0.00 0
25975 0.00 0.00 0.00 0
25976 0.00 0.00 0.00 0
25977 0.00 0.00 0.00 0
26040 0.00 0.00 0.00 0
27625 0.00 0.00 0.00 0
27626 0.00 0.00 0.00 0
27627 0.00 0.00 0.00 0
27628 0.00 0.00 0.00 0
27629 0.00 0.00 0.00 0
27630 0.00 0.00 0.00 0
27631 0.00 0.00 0.00 0
27632 0.00 0.00 0.00 0
27633 0.00 0.00 0.00 0
27634 0.00 0.00 0.00 0
27635 0.00 0.00 0.00 0
27636 0.00 0.00 0.00 0
27637 0.00 0.00 0.00 0
27638 0.00 0.00 0.00 0
27639 0.00 0.00 0.00 0
27640 0.00 0.00 0.00 0
27641 0.00 0.00 0.00 0
27642 0.00 0.00 0.00 0
27643 0.00 0.00 0.00 0
27644 0.00 0.00 0.00 0
27645 0.00 0.00 0.00 0
27646 0.00 0.00 0.00 0
27647 0.00 0.00 0.00 0
27648 0.00 0.00 0.00 0
27649 0.00 0.00 0.00 0
27650 0.00 0.00 0.00 0
27679 0.00 0.00 0.00 0
27680 0.00 0.00 0.00 0
27681 0.00 0.00 0.00 0
27682 0.00 0.00 0.00 0
29343 0.00 0.00 0.00 0
29344 0.00 0.00 0.00 0
29345 0.00 0.00 0.00 0
29346 0.00 0.00 0.00 0
29347 0.00 0.00 0.00 0
29954 0.00 0.00 0.00 0
29955 0.00 0.00 0.00 0
29956 0.00 0.00 0.00 0
29957 0.00 0.00 0.00 0
29958 0.00 0.00 0.00 0
29961 0.00 0.00 0.00 0
29962 0.00 0.00 0.00 0
29963 0.00 0.00 0.00 0
29978 0.00 0.00 0.00 0
31246 0.00 0.00 0.00 0
31247 0.00 0.00 0.00 0
31248 0.00 0.00 0.00 0
31249 0.00 0.00 0.00 0
31250 0.00 0.00 0.00 0
31251 0.00 0.00 0.00 0
31252 0.00 0.00 0.00 0
31253 0.00 0.00 0.00 0
31254 0.00 0.00 0.00 0
31255 0.00 0.00 0.00 0
31256 0.00 0.00 0.00 0
31257 0.00 0.00 0.00 0
31258 0.00 0.00 0.00 0
31259 0.00 0.00 0.00 0
31260 0.00 0.00 0.00 0
31261 0.00 0.00 0.00 0
31262 0.00 0.00 0.00 0
31263 0.00 0.00 0.00 0
31264 0.00 0.00 0.00 0
31265 0.00 0.00 0.00 0
31266 0.00 0.00 0.00 0
31267 0.00 0.00 0.00 0
31272 0.00 0.00 0.00 0
31273 0.00 0.00 0.00 0
33613 0.00 0.00 0.00 0
33614 0.00 0.00 0.00 0
33615 0.00 0.00 0.00 0
33616 0.00 0.00 0.00 0
33617 0.00 0.00 0.00 0
33618 0.00 0.00 0.00 0
33619 0.00 0.00 0.00 0
33620 0.00 0.00 0.00 0
33621 0.00 0.00 0.00 0
33622 0.00 0.00 0.00 0
33623 0.00 0.00 0.00 0
33625 0.00 0.00 0.00 0
33626 0.00 0.00 0.00 0
33627 0.00 0.00 0.00 0
33628 0.00 0.00 0.00 0
33629 0.00 0.00 0.00 0
33630 0.00 0.00 0.00 0
33631 0.00 0.00 0.00 0
33632 0.00 0.00 0.00 0
33633 0.00 0.00 0.00 0
33634 0.00 0.00 0.00 0
33635 0.00 0.00 0.00 0
33636 0.00 0.00 0.00 0
33637 0.00 0.00 0.00 0
33638 0.00 0.00 0.00 0
33639 0.00 0.00 0.00 0
33640 0.00 0.00 0.00 0
33641 0.00 0.00 0.00 0
33642 0.00 0.00 0.00 0
33643 0.00 0.00 0.00 0
33644 0.00 0.00 0.00 0
33645 0.00 0.00 0.00 0
33646 0.00 0.00 0.00 0
33647 0.00 0.00 0.00 0
33648 0.00 0.00 0.00 0
33649 0.00 0.00 0.00 0
33652 0.00 0.00 0.00 0
33653 0.00 0.00 0.00 0
33654 0.00 0.00 0.00 0
33655 0.00 0.00 0.00 0
33656 0.00 0.00 0.00 0
33657 0.00 0.00 0.00 0
33658 0.00 0.00 0.00 0
33661 0.00 0.00 0.00 0
35265 0.00 0.00 0.00 0
35266 0.00 0.00 0.00 0
35267 0.00 0.00 0.00 0
35268 0.00 0.00 0.00 0
35269 0.00 0.00 0.00 0
35270 0.00 0.00 0.00 0
35271 0.00 0.00 0.00 0
35272 0.00 0.00 0.00 0
35273 0.00 0.00 0.00 0
35274 0.00 0.00 0.00 0
35275 0.00 0.00 0.00 0
35276 0.00 0.00 0.00 0
35277 0.00 0.00 0.00 0
35278 0.00 0.00 0.00 0
35279 0.00 0.00 0.00 0
35280 0.00 0.00 0.00 0
35281 0.00 0.00 0.00 0
35282 0.00 0.00 0.00 0
35283 0.00 0.00 0.00 0
35284 0.00 0.00 0.00 0
35285 0.00 0.00 0.00 0
35286 0.00 0.00 0.00 0
35287 0.00 0.00 0.00 0
35288 0.00 0.00 0.00 0
35289 0.00 0.00 0.00 0
35290 0.00 0.00 0.00 0
35291 0.00 0.00 0.00 0
35292 0.00 0.00 0.00 0
35313 0.00 0.00 0.00 0
35316 0.00 0.00 0.00 0
35317 0.00 0.00 0.00 0
35318 0.00 0.00 0.00 0
35319 0.00 0.00 0.00 0
35320 0.00 0.00 0.00 0
38613 0.00 0.00 0.00 0
38614 0.00 0.00 0.00 0
38615 0.00 0.00 0.00 0
38616 0.00 0.00 0.00 0
38617 0.00 0.00 0.00 0
38618 0.00 0.00 0.00 0
38619 0.00 0.00 0.00 0
38620 0.00 0.00 0.00 0
38621 0.00 0.00 0.00 0
38622 0.00 0.00 0.00 0
38623 0.00 0.00 0.00 0
38624 0.00 0.00 0.00 0
38625 0.00 0.00 0.00 0
38626 0.00 0.00 0.00 0
38627 0.00 0.00 0.00 0
38628 0.00 0.00 0.00 0
38629 0.00 0.00 0.00 0
38630 0.00 0.00 0.00 0
38634 0.00 0.00 0.00 0
38640 0.00 0.00 0.00 0
38641 0.00 0.00 0.00 0
38642 0.00 0.00 0.00 0
38643 0.00 0.00 0.00 0
38644 0.00 0.00 0.00 0
38645 0.00 0.00 0.00 0
38646 0.00 0.00 0.00 0
38647 0.00 0.00 0.00 0
38648 0.00 0.00 0.00 0
38649 0.00 0.00 0.00 0
38650 0.00 0.00 0.00 0
38651 0.00 0.00 0.00 0
38652 0.00 0.00 0.00 0
38653 0.00 0.00 0.00 0
38654 0.00 0.00 0.00 0
38655 0.00 0.00 0.00 0
38656 0.00 0.00 0.00 0
38657 0.00 0.00 0.00 0
38658 0.00 0.00 0.00 0
38659 0.00 0.00 0.00 0
38660 0.00 0.00 0.00 0
38661 0.00 0.00 0.00 0
38721 0.00 0.00 0.00 0
38722 0.00 0.00 0.00 0
38723 0.00 0.00 0.00 0
38724 0.00 0.00 0.00 0
38725 0.00 0.00 0.00 0
41542 0.00 0.00 0.00 0
41543 0.00 0.00 0.00 0
41544 0.00 0.00 0.00 0
41545 0.00 0.00 0.00 0
41546 0.00 0.00 0.00 0
41547 0.00 0.00 0.00 0
41548 0.00 0.00 0.00 0
41549 0.00 0.00 0.00 0
41550 0.00 0.00 0.00 0
41551 0.00 0.00 0.00 0
42145 0.00 0.00 0.00 0
42146 0.00 0.00 0.00 0
42147 0.00 0.00 0.00 0
42148 0.00 0.00 0.00 0
42149 0.00 0.00 0.00 0
42150 0.00 0.00 0.00 0
42151 0.00 0.00 0.00 0
42584 0.00 0.00 0.00 0
42585 0.00 0.00 0.00 0
42586 0.00 0.00 0.00 0
42587 0.00 0.00 0.00 0
42588 0.00 0.00 0.00 0
42589 0.00 0.00 0.00 0
42590 0.00 0.00 0.00 0
42591 0.00 0.00 0.00 0
42625 0.00 0.00 0.00 0
42626 0.00 0.00 0.00 0
42627 0.00 0.00 0.00 0
42628 0.00 0.00 0.00 0
43507 0.00 0.00 0.00 0
43508 0.00 0.00 0.00 0
43509 0.00 0.00 0.00 0
43510 0.00 0.00 0.00 0
43511 0.00 0.00 0.00 0
43512 0.00 0.00 0.00 0
43513 0.00 0.00 0.00 0
43514 0.00 0.00 0.00 0
43515 0.00 0.00 0.00 0
43516 0.00 0.00 0.00 0
43517 0.00 0.00 0.00 0
43518 0.00 0.00 0.00 0
43519 0.00 0.00 0.00 0
45907 0.00 0.00 0.00 0
45908 0.00 0.00 0.00 0
45909 0.00 0.00 0.00 0
45910 0.00 0.00 0.00 0
45911 0.00 0.00 0.00 0
45912 0.00 0.00 0.00 0
45913 0.00 0.00 0.00 0
45914 0.00 0.00 0.00 0
45915 0.00 0.00 0.00 0
45916 0.00 0.00 0.00 0
45917 0.00 0.00 0.00 0
45918 0.00 0.00 0.00 0
45919 0.00 0.00 0.00 0
45920 0.00 0.00 0.00 0
45921 0.00 0.00 0.00 0
45922 0.00 0.00 0.00 0
45923 0.00 0.00 0.00 0
45924 0.00 0.00 0.00 0
45925 0.00 0.00 0.00 0
45926 0.00 0.00 0.00 0
47708 0.00 0.00 0.00 0
47710 0.00 0.00 0.00 0
47711 0.00 0.00 0.00 0
47712 0.00 0.00 0.00 0
47713 0.00 0.00 0.00 0
47714 0.00 0.00 0.00 0
47716 0.00 0.00 0.00 0
47717 0.00 0.00 0.00 0
47718 0.00 0.00 0.00 0
47719 0.00 0.00 0.00 0
47720 0.00 0.00 0.00 0
47721 0.00 0.00 0.00 0
47722 0.00 0.00 0.00 0
47723 0.00 0.00 0.00 0
47724 0.00 0.00 0.00 0
47725 0.00 0.00 0.00 0
47726 0.00 0.00 0.00 0
47727 0.00 0.00 0.00 0
47728 0.00 0.00 0.00 0
47729 0.00 0.00 0.00 0
47730 0.00 0.00 0.00 0
47731 0.00 0.00 0.00 0
47733 0.00 0.00 0.00 0
47735 0.00 0.00 0.00 0
47736 0.00 0.00 0.00 0
47738 0.00 0.00 0.00 0
47741 0.00 0.00 0.00 0
47743 0.00 0.00 0.00 0
47744 0.00 0.00 0.00 0
49034 0.00 0.00 0.00 0
49035 0.00 0.00 0.00 0
49036 0.00 0.00 0.00 0
49037 0.00 0.00 0.00 0
49038 0.00 0.00 0.00 0
49039 0.00 0.00 0.00 0
49040 0.00 0.00 0.00 0
49041 0.00 0.00 0.00 0
49042 0.00 0.00 0.00 0
49043 0.00 0.00 0.00 0
49044 0.00 0.00 0.00 0
49045 0.00 0.00 0.00 0
49046 0.00 0.00 0.00 0
49047 0.00 0.00 0.00 0
49048 0.00 0.00 0.00 0
49049 0.00 0.00 0.00 0
49050 0.00 0.00 0.00 0
49051 0.00 0.00 0.00 0
49052 0.00 0.00 0.00 0
49053 0.00 0.00 0.00 0
49054 0.00 0.00 0.00 0
49055 0.00 0.00 0.00 0
49056 0.00 0.00 0.00 0
51802 0.00 0.00 0.00 0
51803 0.00 0.00 0.00 0
51804 0.00 0.00 0.00 0
51805 0.00 0.00 0.00 0
51806 0.00 0.00 0.00 0
51807 0.00 0.00 0.00 0
51808 0.00 0.00 0.00 0
51809 0.00 0.00 0.00 0
51810 0.00 0.00 0.00 0
51811 0.00 0.00 0.00 0
51812 0.00 0.00 0.00 0
51813 0.00 0.00 0.00 0
51814 0.00 0.00 0.00 0
51815 0.00 0.00 0.00 0
51816 0.00 0.00 0.00 0
51817 0.00 0.00 0.00 0
51818 0.00 0.00 0.00 0
51819 0.00 0.00 0.00 0
51825 0.00 0.00 0.00 0
51826 0.00 0.00 0.00 0
51827 0.00 0.00 0.00 0
51828 0.00 0.00 0.00 0
51829 0.00 0.00 0.00 0
51830 0.00 0.00 0.00 0
51831 0.00 0.00 0.00 0
51832 0.00 0.00 0.00 0
51833 0.00 0.00 0.00 0
51834 0.00 0.00 0.00 0
51835 0.00 0.00 0.00 0
51836 0.00 0.00 0.00 0
51837 0.00 0.00 0.00 0
51838 0.00 0.00 0.00 0
51839 0.00 0.00 0.00 0
51840 0.00 0.00 0.00 0
51841 0.00 0.00 0.00 0
51842 0.00 0.00 0.00 0
51892 0.00 0.00 0.00 0
51893 0.00 0.00 0.00 0
51894 0.00 0.00 0.00 0
55507 0.00 0.00 0.00 0
55508 0.00 0.00 0.00 0
55509 0.00 0.00 0.00 0
55510 0.00 0.00 0.00 0
55511 0.00 0.00 0.00 0
55512 0.00 0.00 0.00 0
55513 0.00 0.00 0.00 0
55514 0.00 0.00 0.00 0
55515 0.00 0.00 0.00 0
55516 0.00 0.00 0.00 0
55517 0.00 0.00 0.00 0
55518 0.00 0.00 0.00 0
55519 0.00 0.00 0.00 0
55520 0.00 0.00 0.00 0
55521 0.00 0.00 0.00 0
55522 0.00 0.00 0.00 0
55523 0.00 0.00 0.00 0
55524 0.00 0.00 0.00 0
55525 0.00 0.00 0.00 0
55526 0.00 0.00 0.00 0
55527 0.00 0.00 0.00 0
55532 0.00 0.00 0.00 0
55533 0.00 0.00 0.00 0
55534 0.00 0.00 0.00 0
55535 0.00 0.00 0.00 0
55536 0.00 0.00 0.00 0
57312 0.00 0.00 0.00 0
57313 0.00 0.00 0.00 0
57314 0.00 0.00 0.00 0
57315 0.00 0.00 0.00 0
57316 0.00 0.00 0.00 0
57317 0.00 0.00 0.00 0
57318 0.00 0.00 0.00 0
57319 0.00 0.00 0.00 0
57320 0.00 0.00 0.00 0
57321 0.00 0.00 0.00 0
57322 0.00 0.00 0.00 0
57323 0.00 0.00 0.00 0
57324 0.00 0.00 0.00 0
57325 0.00 0.00 0.00 0
57326 0.00 0.00 0.00 0
57327 0.00 0.00 0.00 0
57328 0.00 0.00 0.00 0
57329 0.00 0.00 0.00 0
57330 0.00 0.00 0.00 0
57331 0.00 0.00 0.00 0
57332 0.00 0.00 0.00 0
57333 0.00 0.00 0.00 0
57334 0.00 0.00 0.00 0
57335 0.00 0.00 0.00 0
57336 0.00 0.00 0.00 0
58634 0.00 0.00 0.00 0
58635 0.00 0.00 0.00 0
58636 0.00 0.00 0.00 0
58637 0.00 0.00 0.00 0
58638 0.00 0.00 0.00 0
58639 0.00 0.00 0.00 0
58640 0.00 0.00 0.00 0
58641 0.00 0.00 0.00 0
58642 0.00 0.00 0.00 0
58643 0.00 0.00 0.00 0
58644 0.00 0.00 0.00 0
58645 0.00 0.00 0.00 0
58646 0.00 0.00 0.00 0
58647 0.00 0.00 0.00 0
58648 0.00 0.00 0.00 0
58649 0.00 0.00 0.00 0
58650 0.00 0.00 0.00 0
58651 0.00 0.00 0.00 0
58652 0.00 0.00 0.00 0
58653 0.00 0.00 0.00 0
58654 0.00 0.00 0.00 0
58655 0.00 0.00 0.00 0
58656 0.00 0.00 0.00 0
58758 0.00 0.00 0.00 0
58759 0.00 0.00 0.00 0
58760 0.00 0.00 0.00 0
61402 0.00 0.00 0.00 0
61403 0.00 0.00 0.00 0
61404 0.00 0.00 0.00 0
61405 0.00 0.00 0.00 0
61406 0.00 0.00 0.00 0
61407 0.00 0.00 0.00 0
61408 0.00 0.00 0.00 0
61409 0.00 0.00 0.00 0
61410 0.00 0.00 0.00 0
61411 0.00 0.00 0.00 0
61412 0.00 0.00 0.00 0
61413 0.00 0.00 0.00 0
61414 0.00 0.00 0.00 0
61415 0.00 0.00 0.00 0
61416 0.00 0.00 0.00 0
61417 0.00 0.00 0.00 0
61418 0.00 0.00 0.00 0
61419 0.00 0.00 0.00 0
61420 0.00 0.00 0.00 0
61421 0.00 0.00 0.00 0
61422 0.00 0.00 0.00 0
61423 0.00 0.00 0.00 0
61424 0.00 0.00 0.00 0
61425 0.00 0.00 0.00 0
61426 0.00 0.00 0.00 0
61427 0.00 0.00 0.00 0
61428 0.00 0.00 0.00 0
61429 0.00 0.00 0.00 0
61430 0.00 0.00 0.00 0
61431 0.00 0.00 0.00 0
61432 0.00 0.00 0.00 0
61433 0.00 0.00 0.00 0
61434 0.00 0.00 0.00 0
61435 0.00 0.00 0.00 0
61436 0.00 0.00 0.00 0
61437 0.00 0.00 0.00 0
61438 0.00 0.00 0.00 0
61439 0.00 0.00 0.00 0
61440 0.00 0.00 0.00 0
61441 0.00 0.00 0.00 0
61442 0.00 0.00 0.00 0
61492 0.00 0.00 0.00 0
61493 0.00 0.00 0.00 0
61494 0.00 0.00 0.00 0
61495 0.00 0.00 0.00 0
61496 0.00 0.00 0.00 0
61497 0.00 0.00 0.00 0
64523 0.00 0.00 0.00 0
64526 0.00 0.00 0.00 0
64527 0.00 0.00 0.00 0
64528 0.00 0.00 0.00 0
64529 0.00 0.00 0.00 0
64530 0.00 0.00 0.00 0
64531 0.00 0.00 0.00 0
65834 0.00 0.00 0.00 0
65835 0.00 0.00 0.00 0
65836 0.00 0.00 0.00 0
65840 0.00 0.00 0.00 0
65850 0.00 0.00 0.00 0
65851 0.00 0.00 0.00 0
65855 0.00 0.00 0.00 0
65884 0.00 0.00 0.00 0
65885 0.00 0.00 0.00 0
65886 0.00 0.00 0.00 0
65968 0.00 0.00 0.00 0
68602 0.00 0.00 0.00 0
68603 0.00 0.00 0.00 0
68604 0.00 0.00 0.00 0
68605 0.00 0.00 0.00 0
68606 0.00 0.00 0.00 0
68607 0.00 0.00 0.00 0
68608 0.00 0.00 0.00 0
68609 0.00 0.00 0.00 0
68610 0.00 0.00 0.00 0
68611 0.00 0.00 0.00 0
68612 0.00 0.00 0.00 0
68613 0.00 0.00 0.00 0
68614 0.00 0.00 0.00 0
68615 0.00 0.00 0.00 0
68616 0.00 0.00 0.00 0
68617 0.00 0.00 0.00 0
68618 0.00 0.00 0.00 0
68619 0.00 0.00 0.00 0
68620 0.00 0.00 0.00 0
68621 0.00 0.00 0.00 0
68622 0.00 0.00 0.00 0
68623 0.00 0.00 0.00 0
68624 0.00 0.00 0.00 0
68625 0.00 0.00 0.00 0
68626 0.00 0.00 0.00 0
68627 0.00 0.00 0.00 0
68628 0.00 0.00 0.00 0
68629 0.00 0.00 0.00 0
68630 0.00 0.00 0.00 0
68631 0.00 0.00 0.00 0
68632 0.00 0.00 0.00 0
68633 0.00 0.00 0.00 0
68634 0.00 0.00 0.00 0
68635 0.00 0.00 0.00 0
68636 0.00 0.00 0.00 0
68637 0.00 0.00 0.00 0
68638 0.00 0.00 0.00 0
68639 0.00 0.00 0.00 0
68640 0.00 0.00 0.00 0
68641 0.00 0.00 0.00 0
68642 0.00 0.00 0.00 0
68643 0.00 0.00 0.00 0
68644 0.00 0.00 0.00 0
68645 0.00 0.00 0.00 0
68646 0.00 0.00 0.00 0
68647 0.00 0.00 0.00 0
68649 0.00 0.00 0.00 0
68650 0.00 0.00 0.00 0
68655 0.00 0.00 0.00 0
68656 0.00 0.00 0.00 0
68657 0.00 0.00 0.00 0
68658 0.00 0.00 0.00 0
68659 0.00 0.00 0.00 0
68660 0.00 0.00 0.00 0
74002 0.00 0.00 0.00 0
74003 0.00 0.00 0.00 0
74004 0.00 0.00 0.00 0
74005 0.00 0.00 0.00 0
74006 0.00 0.00 0.00 0
74007 0.00 0.00 0.00 0
74008 0.00 0.00 0.00 0
74009 0.00 0.00 0.00 0
74010 0.00 0.00 0.00 0
74011 0.00 0.00 0.00 0
74012 0.00 0.00 0.00 0
74013 0.00 0.00 0.00 0
74014 0.00 0.00 0.00 0
74015 0.00 0.00 0.00 0
74016 0.00 0.00 0.00 0
74017 0.00 0.00 0.00 0
74018 0.00 0.00 0.00 0
74019 0.00 0.00 0.00 0
74020 0.00 0.00 0.00 0
74021 0.00 0.00 0.00 0
74022 0.00 0.00 0.00 0
74023 0.00 0.00 0.00 0
74024 0.00 0.00 0.00 0
74028 0.00 0.00 0.00 0
74029 0.00 0.00 0.00 0
74030 0.00 0.00 0.00 0
74031 0.00 0.00 0.00 0
74032 0.00 0.00 0.00 0
74033 0.00 0.00 0.00 0
74034 0.00 0.00 0.00 0
74035 0.00 0.00 0.00 0
74036 0.00 0.00 0.00 0
74037 0.00 0.00 0.00 0
74038 0.00 0.00 0.00 0
74039 0.00 0.00 0.00 0
74040 0.00 0.00 0.00 0
74041 0.00 0.00 0.00 0
74042 0.00 0.00 0.00 0
74043 0.00 0.00 0.00 0
74044 0.00 0.00 0.00 0
74045 0.00 0.00 0.00 0
74046 0.00 0.00 0.00 0
74047 0.00 0.00 0.00 0
74048 0.00 0.00 0.00 0
74049 0.00 0.00 0.00 0
74050 0.00 0.00 0.00 0
74051 0.00 0.00 0.00 0
74052 0.00 0.00 0.00 0
74053 0.00 0.00 0.00 0
74054 0.00 0.00 0.00 0
74055 0.00 0.00 0.00 0
74056 0.00 0.00 0.00 0
74057 0.00 0.00 0.00 0
74058 0.00 0.00 0.00 0
74059 0.00 0.00 0.00 0
74060 0.00 0.00 0.00 0
74061 0.00 0.00 0.00 0
74062 0.00 0.00 0.00 0
74063 0.00 0.00 0.00 0
74064 0.00 0.00 0.00 0
74065 0.00 0.00 0.00 0
74066 0.00 0.00 0.00 0
74067 0.00 0.00 0.00 0
74068 0.00 0.00 0.00 0
74069 0.00 0.00 0.00 0
74070 0.00 0.00 0.00 0
74071 0.00 0.00 0.00 0
74072 0.00 0.00 0.00 0
74073 0.00 0.00 0.00 0
74074 0.00 0.00 0.00 0
74075 0.00 0.00 0.00 0
74076 0.00 0.00 0.00 0
74077 0.00 0.00 0.00 0
74078 0.00 0.00 0.00 0
74079 0.00 0.00 0.00 0
74080 0.00 0.00 0.00 0
74081 0.00 0.00 0.00 0
74082 0.00 0.00 0.00 0
74083 0.00 0.00 0.00 0
74084 0.00 0.00 0.00 0
74085 0.00 0.00 0.00 0
74086 0.00 0.00 0.00 0
74087 0.00 0.00 0.00 0
74088 0.00 0.00 0.00 0
74092 0.00 0.00 0.00 0
74093 0.00 0.00 0.00 0
74094 0.00 0.00 0.00 0
74095 0.00 0.00 0.00 0
74096 0.00 0.00 0.00 0
74097 0.00 0.00 0.00 0
74098 0.00 0.00 0.00 0
74099 0.00 0.00 0.00 0
74103 0.00 0.00 0.00 0
74104 0.00 0.00 0.00 0
74105 0.00 0.00 0.00 0
74106 0.00 0.00 0.00 0
74107 0.00 0.00 0.00 0
74108 0.00 0.00 0.00 0
74109 0.00 0.00 0.00 0
74110 0.00 0.00 0.00 0
74116 0.00 0.00 0.00 0
77987 0.00 0.00 0.00 0
77988 0.00 0.00 0.00 0
77989 0.00 0.00 0.00 0
77990 0.00 0.00 0.00 0
77991 0.00 0.00 0.00 0
77992 0.00 0.00 0.00 0
77993 0.00 0.00 0.00 0
77994 0.00 0.00 0.00 0
77995 0.00 0.00 0.00 0
77996 0.00 0.00 0.00 0
77997 0.00 0.00 0.00 0
77998 0.00 0.00 0.00 0
77999 0.00 0.00 0.00 0
78000 0.00 0.00 0.00 0
78001 0.00 0.00 0.00 0
78002 0.00 0.00 0.00 0
78003 0.00 0.00 0.00 0
78004 0.00 0.00 0.00 0
78005 0.00 0.00 0.00 0
78006 0.00 0.00 0.00 0
78007 0.00 0.00 0.00 0
78008 0.00 0.00 0.00 0
78009 0.00 0.00 0.00 0
78010 0.00 0.00 0.00 0
78011 0.00 0.00 0.00 0
78012 0.00 0.00 0.00 0
78013 0.00 0.00 0.00 0
78014 0.00 0.00 0.00 0
78015 0.00 0.00 0.00 0
78016 0.00 0.00 0.00 0
78017 0.00 0.00 0.00 0
78018 0.00 0.00 0.00 0
78019 0.00 0.00 0.00 0
78020 0.00 0.00 0.00 0
78021 0.00 0.00 0.00 0
78022 0.00 0.00 0.00 0
78023 0.00 0.00 0.00 0
78024 0.00 0.00 0.00 0
78025 0.00 0.00 0.00 0
78026 0.00 0.00 0.00 0
78027 0.00 0.00 0.00 0
78028 0.00 0.00 0.00 0
78029 0.00 0.00 0.00 0
78030 0.00 0.00 0.00 0
78031 0.00 0.00 0.00 0
78032 0.00 0.00 0.00 0
78033 0.00 0.00 0.00 0
78034 0.00 0.00 0.00 0
78035 0.00 0.00 0.00 0
78036 0.00 0.00 0.00 0
78037 0.00 0.00 0.00 0
78038 0.00 0.00 0.00 0
78039 0.00 0.00 0.00 0
78040 0.00 0.00 0.00 0
78041 0.00 0.00 0.00 0
78042 0.00 0.00 0.00 0
78043 0.00 0.00 0.00 0
78044 0.00 0.00 0.00 0
78045 0.00 0.00 0.00 0
78046 0.00 0.00 0.00 0
78047 0.00 0.00 0.00 0
78048 0.00 0.00 0.00 0
78049 0.00 0.00 0.00 0
78050 0.00 0.00 0.00 0
78051 0.00 0.00 0.00 0
78103 0.00 0.00 0.00 0
78104 0.00 0.00 0.00 0
78111 0.00 0.00 0.00 0
78112 0.00 0.00 0.00 0
78113 0.00 0.00 0.00 0
78114 0.00 0.00 0.00 0
78115 0.00 0.00 0.00 0
78116 0.00 0.00 0.00 0
78117 0.00 0.00 0.00 0
78118 0.00 0.00 0.00 0
78119 0.00 0.00 0.00 0
78120 0.00 0.00 0.00 0
78121 0.00 0.00 0.00 0
86287 0.00 0.00 0.00 0
86288 0.00 0.00 0.00 0
86289 0.00 0.00 0.00 0
86290 0.00 0.00 0.00 0
86291 0.00 0.00 0.00 0
86292 0.00 0.00 0.00 0
86293 0.00 0.00 0.00 0
86294 0.00 0.00 0.00 0
86295 0.00 0.00 0.00 0
86296 0.00 0.00 0.00 0
86297 0.00 0.00 0.00 0
86298 0.00 0.00 0.00 0
86299 0.00 0.00 0.00 0
86300 0.00 0.00 0.00 0
86301 0.00 0.00 0.00 0
86302 0.00 0.00 0.00 0
86303 0.00 0.00 0.00 0
86304 0.00 0.00 0.00 0
86305 0.00 0.00 0.00 0
86306 0.00 0.00 0.00 0
86307 0.00 0.00 0.00 0
86308 0.00 0.00 0.00 0
86309 0.00 0.00 0.00 0
86310 0.00 0.00 0.00 0
86311 0.00 0.00 0.00 0
86312 0.00 0.00 0.00 0
86313 0.00 0.00 0.00 0
86314 0.00 0.00 0.00 0
86315 0.00 0.00 0.00 0
86316 0.00 0.00 0.00 0
86317 0.00 0.00 0.00 0
86318 0.00 0.00 0.00 0
86319 0.00 0.00 0.00 0
86320 0.00 0.00 0.00 0
86321 0.00 0.00 0.00 0
86322 0.00 0.00 0.00 0
86323 0.00 0.00 0.00 0
86324 0.00 0.00 0.00 0
86325 0.00 0.00 0.00 0
86326 0.00 0.00 0.00 0
86327 0.00 0.00 0.00 0
86328 0.00 0.00 0.00 0
86329 0.00 0.00 0.00 0
86330 0.00 0.00 0.00 0
86331 0.00 0.00 0.00 0
86332 0.00 0.00 0.00 0
86334 0.00 0.00 0.00 0
86340 0.00 0.00 0.00 0
86341 0.00 0.00 0.00 0
86342 0.00 0.00 0.00 0
86355 0.00 0.00 0.00 0
86356 0.00 0.00 0.00 0
86357 0.00 0.00 0.00 0
86358 0.00 0.00 0.00 0
86359 0.00 0.00 0.00 0
86360 0.00 0.00 0.00 0
86361 0.00 0.00 0.00 0
86362 0.00 0.00 0.00 0
86363 0.00 0.00 0.00 0
86364 0.00 0.00 0.00 0
86365 0.00 0.00 0.00 0
86366 0.00 0.00 0.00 0
86367 0.00 0.00 0.00 0
86368 0.00 0.00 0.00 0
86369 0.00 0.00 0.00 0
86370 0.00 0.00 0.00 0
86371 0.00 0.00 0.00 0
86372 0.00 0.00 0.00 0
86373 0.00 0.00 0.00 0
86374 0.00 0.00 0.00 0
86375 0.00 0.00 0.00 0
86376 0.00 0.00 0.00 0
86377 0.00 0.00 0.00 0
86378 0.00 0.00 0.00 0
86379 0.00 0.00 0.00 0
86380 0.00 0.00 0.00 0
86381 0.00 0.00 0.00 0
86382 0.00 0.00 0.00 0
86383 0.00 0.00 0.00 0
86384 0.00 0.00 0.00 0
86385 0.00 0.00 0.00 0
86386 0.00 0.00 0.00 0
86387 0.00 0.00 0.00 0
86388 0.00 0.00 0.00 0
86389 0.00 0.00 0.00 0
86390 0.00 0.00 0.00 0
86391 0.00 0.00 0.00 0
86392 0.00 0.00 0.00 0
86393 0.00 0.00 0.00 0
86394 0.00 0.00 0.00 0
86395 0.00 0.00 0.00 0
86396 0.00 0.00 0.00 0
86397 0.00 0.00 0.00 0
86398 0.00 0.00 0.00 0
86399 0.00 0.00 0.00 0
86400 0.00 0.00 0.00 0
86401 0.00 0.00 0.00 0
86402 0.00 0.00 0.00 0
86403 0.00 0.00 0.00 0
86404 0.00 0.00 0.00 0
86405 0.00 0.00 0.00 0
86406 0.00 0.00 0.00 0
86407 0.00 0.00 0.00 0
86408 0.00 0.00 0.00 0
86409 0.00 0.00 0.00 0
86557 0.00 0.00 0.00 0
86558 0.00 0.00 0.00 0
86559 0.00 0.00 0.00 0
86560 0.00 0.00 0.00 0
86561 0.00 0.00 0.00 0
86562 0.00 0.00 0.00 0
86563 0.00 0.00 0.00 0
86564 0.00 0.00 0.00 0
86565 0.00 0.00 0.00 0
86566 0.00 0.00 0.00 0
86567 0.00 0.00 0.00 0
86568 0.00 0.00 0.00 0
86569 0.00 0.00 0.00 0
86570 0.00 0.00 0.00 0
86571 0.00 0.00 0.00 0
93208 0.00 0.00 0.00 0
93209 0.00 0.00 0.00 0
93210 0.00 0.00 0.00 0
93211 0.00 0.00 0.00 0
93212 0.00 0.00 0.00 0
93213 0.00 0.00 0.00 0
93214 0.00 0.00 0.00 0
93215 0.00 0.00 0.00 0
93216 0.00 0.00 0.00 0
93217 0.00 0.00 0.00 0
93218 0.00 0.00 0.00 0
93219 0.00 0.00 0.00 0
93220 0.00 0.00 0.00 0
93221 0.00 0.00 0.00 0
93222 0.00 0.00 0.00 0
93223 0.00 0.00 0.00 0
93224 0.00 0.00 0.00 0
93225 0.00 0.00 0.00 0
94293 0.00 0.00 0.00 0
94294 0.00 0.00 0.00 0
94295 0.00 0.00 0.00 0
94296 0.00 0.00 0.00 0
94297 0.00 0.00 0.00 0
94298 0.00 0.00 0.00 0
94299 0.00 0.00 0.00 0
94300 0.00 0.00 0.00 0
94301 0.00 0.00 0.00 0
94302 0.00 0.00 0.00 0
94303 0.00 0.00 0.00 0
94304 0.00 0.00 0.00 0
94305 0.00 0.00 0.00 0
95084 0.00 0.00 0.00 0
95085 0.00 0.00 0.00 0
95086 0.00 0.00 0.00 0
95087 0.00 0.00 0.00 0
95088 0.00 0.00 0.00 0
95089 0.00 0.00 0.00 0
95090 0.00 0.00 0.00 0
95091 0.00 0.00 0.00 0
95092 0.00 0.00 0.00 0
95093 0.00 0.00 0.00 0
95094 0.00 0.00 0.00 0
95095 0.00 0.00 0.00 0
95096 0.00 0.00 0.00 0
95097 0.00 0.00 0.00 0
95157 0.00 0.00 0.00 0
95158 0.00 0.00 0.00 0
95159 0.00 0.00 0.00 0
95160 0.00 0.00 0.00 0
95161 0.00 0.00 0.00 0
95162 0.00 0.00 0.00 0
95163 0.00 0.00 0.00 0
95164 0.00 0.00 0.00 0
96745 0.00 0.00 0.00 0
96746 0.00 0.00 0.00 0
96747 0.00 0.00 0.00 0
96748 0.00 0.00 0.00 0
96749 0.00 0.00 0.00 0
96750 0.00 0.00 0.00 0
96751 0.00 0.00 0.00 0
96752 0.00 0.00 0.00 0
96753 0.00 0.00 0.00 0
96754 0.00 0.00 0.00 0
96755 0.00 0.00 0.00 0
96756 0.00 0.00 0.00 0
96757 0.00 0.00 0.00 0
96758 0.00 0.00 0.00 0
96759 0.00 0.00 0.00 0
96760 0.00 0.00 0.00 0
96761 0.00 0.00 0.00 0
96762 0.00 0.00 0.00 0
96763 0.00 0.00 0.00 0
96764 0.00 0.00 0.00 0
96765 0.00 0.00 0.00 0
96766 0.00 0.00 0.00 0
96767 0.00 0.00 0.00 0
96768 0.00 0.00 0.00 0
96800 0.00 0.00 0.00 0
98622 0.00 0.00 0.00 0
101065 0.00 0.00 0.00 0
101066 0.00 0.00 0.00 0
101067 0.00 0.00 0.00 0
101068 0.00 0.00 0.00 0
101069 0.00 0.00 0.00 0
101070 0.00 0.00 0.00 0
101071 0.00 0.00 0.00 0
101072 0.00 0.00 0.00 0
101073 0.00 0.00 0.00 0
101074 0.00 0.00 0.00 0
101075 0.00 0.00 0.00 0
101076 0.00 0.00 0.00 0
101077 0.00 0.00 0.00 0
101078 0.00 0.00 0.00 0
101079 0.00 0.00 0.00 0
101080 0.00 0.00 0.00 0
101081 0.00 0.00 0.00 0
101082 0.00 0.00 0.00 0
101083 0.00 0.00 0.00 0
101084 0.00 0.00 0.00 0
101085 0.00 0.00 0.00 0
101086 0.00 0.00 0.00 0
101087 0.00 0.00 0.00 0
101088 0.00 0.00 0.00 0
101089 0.00 0.00 0.00 0
101090 0.00 0.00 0.00 0
101091 0.00 0.00 0.00 0
101092 0.00 0.00 0.00 0
101093 0.00 0.00 0.00 0
101094 0.00 0.00 0.00 0
101095 0.00 0.00 0.00 0
101096 0.00 0.00 0.00 0
101097 0.00 0.00 0.00 0
101098 0.00 0.00 0.00 0
101099 0.00 0.00 0.00 0
101100 0.00 0.00 0.00 0
104305 0.00 0.00 0.00 0
104306 0.00 0.00 0.00 0
104307 0.00 0.00 0.00 0
104308 0.00 0.00 0.00 0
104309 0.00 0.00 0.00 0
104310 0.00 0.00 0.00 0
104311 0.00 0.00 0.00 0
104312 0.00 0.00 0.00 0
104313 0.00 0.00 0.00 0
104314 0.00 0.00 0.00 0
104315 0.00 0.00 0.00 0
104316 0.00 0.00 0.00 0
104317 0.00 0.00 0.00 0
104318 0.00 0.00 0.00 0
104322 0.00 0.00 0.00 0
104323 0.00 0.00 0.00 0
104324 0.00 0.00 0.00 0
104325 0.00 0.00 0.00 0
104326 0.00 0.00 0.00 0
104327 0.00 0.00 0.00 0
104328 0.00 0.00 0.00 0
104329 0.00 0.00 0.00 0
104330 0.00 0.00 0.00 0
104331 0.00 0.00 0.00 0
104332 0.00 0.00 0.00 0
104333 0.00 0.00 0.00 0
104334 0.00 0.00 0.00 0
104335 0.00 0.00 0.00 0
104336 0.00 0.00 0.00 0
104337 0.00 0.00 0.00 0
104338 0.00 0.00 0.00 0
104339 0.00 0.00 0.00 0
104340 0.00 0.00 0.00 0
104341 0.00 0.00 0.00 0
104342 0.00 0.00 0.00 0
104343 0.00 0.00 0.00 0
104344 0.00 0.00 0.00 0
104345 0.00 0.00 0.00 0
104346 0.00 0.00 0.00 0
104347 0.00 0.00 0.00 0
104348 0.00 0.00 0.00 0
104349 0.00 0.00 0.00 0
104350 0.00 0.00 0.00 0
104351 0.00 0.00 0.00 0
104352 0.00 0.00 0.00 0
104353 0.00 0.00 0.00 0
104354 0.00 0.00 0.00 0
104355 0.00 0.00 0.00 0
104356 0.00 0.00 0.00 0
104357 0.00 0.00 0.00 0
104358 0.00 0.00 0.00 0
104359 0.00 0.00 0.00 0
104360 0.00 0.00 0.00 0
104361 0.00 0.00 0.00 0
104362 0.00 0.00 0.00 0
104363 0.00 0.00 0.00 0
104367 0.00 0.00 0.00 0
104368 0.00 0.00 0.00 0
104369 0.00 0.00 0.00 0
104370 0.00 0.00 0.00 0
104371 0.00 0.00 0.00 0
104372 0.00 0.00 0.00 0
106695 0.00 0.00 0.00 0
106696 0.00 0.00 0.00 0
106697 0.00 0.00 0.00 0
106698 0.00 0.00 0.00 0
106699 0.00 0.00 0.00 0
106700 0.00 0.00 0.00 0
106701 0.00 0.00 0.00 0
106702 0.00 0.00 0.00 0
106703 0.00 0.00 0.00 0
106704 0.00 0.00 0.00 0
106705 0.00 0.00 0.00 0
106706 0.00 0.00 0.00 0
106707 0.00 0.00 0.00 0
106708 0.00 0.00 0.00 0
106709 0.00 0.00 0.00 0
106710 0.00 0.00 0.00 0
106711 0.00 0.00 0.00 0
106712 0.00 0.00 0.00 0
106713 0.00 0.00 0.00 0
106714 0.00 0.00 0.00 0
106715 0.00 0.00 0.00 0
106716 0.00 0.00 0.00 0
106717 0.00 0.00 0.00 0
106718 0.00 0.00 0.00 0
106719 0.00 0.00 0.00 0
106720 0.00 0.00 0.00 0
106721 0.00 0.00 0.00 0
106722 0.00 0.00 0.00 0
106723 0.00 0.00 0.00 0
106724 0.00 0.00 0.00 0
106725 0.00 0.00 0.00 0
106726 0.00 0.00 0.00 0
106727 0.00 0.00 0.00 0
106728 0.00 0.00 0.00 0
106729 0.00 0.00 0.00 0
106730 0.00 0.00 0.00 0
106731 0.00 0.00 0.00 0
106732 0.00 0.00 0.00 0
106733 0.00 0.00 0.00 0
106734 0.00 0.00 0.00 0
111676 0.00 0.00 0.00 0
111677 0.00 0.00 0.00 0
111678 0.00 0.00 0.00 0
111679 0.00 0.00 0.00 0
111680 0.00 0.00 0.00 0
111681 0.00 0.00 0.00 0
111682 0.00 0.00 0.00 0
111683 0.00 0.00 0.00 0
111684 0.00 0.00 0.00 0
111685 0.00 0.00 0.00 0
111686 0.00 0.00 0.00 0
111687 0.00 0.00 0.00 0
111688 0.00 0.00 0.00 0
111689 0.00 0.00 0.00 0
111690 0.00 0.00 0.00 0
111691 0.00 0.00 0.00 0
111692 0.00 0.00 0.00 0
111693 0.00 0.00 0.00 0
111694 0.00 0.00 0.00 0
111695 0.00 0.00 0.00 0
111696 0.00 0.00 0.00 0
111697 0.00 0.00 0.00 0
111698 0.00 0.00 0.00 0
111699 0.00 0.00 0.00 0
111700 0.00 0.00 0.00 0
111701 0.00 0.00 0.00 0
111702 0.00 0.00 0.00 0
111703 0.00 0.00 0.00 0
111704 0.00 0.00 0.00 0
111705 0.00 0.00 0.00 0
111706 0.00 0.00 0.00 0
111707 0.00 0.00 0.00 0
111708 0.00 0.00 0.00 0
111709 0.00 0.00 0.00 0
111710 0.00 0.00 0.00 0
111717 0.00 0.00 0.00 0
111718 0.00 0.00 0.00 0
111719 0.00 0.00 0.00 0
111720 0.00 0.00 0.00 0
111721 0.00 0.00 0.00 0
111722 0.00 0.00 0.00 0
111723 0.00 0.00 0.00 0
111724 0.00 0.00 0.00 0
111725 0.00 0.00 0.00 0
111726 0.00 0.00 0.00 0
111727 0.00 0.00 0.00 0
111728 0.00 0.00 0.00 0
111729 0.00 0.00 0.00 0
111730 0.00 0.00 0.00 0
111731 0.00 0.00 0.00 0
111732 0.00 0.00 0.00 0
111733 0.00 0.00 0.00 0
111734 0.00 0.00 0.00 0
111735 0.00 0.00 0.00 0
111736 0.00 0.00 0.00 0
111737 0.00 0.00 0.00 0
111738 0.00 0.00 0.00 0
111739 0.00 0.00 0.00 0
111740 0.00 0.00 0.00 0
111741 0.00 0.00 0.00 0
111742 0.00 0.00 0.00 0
111743 0.00 0.00 0.00 0
111744 0.00 0.00 0.00 0
111745 0.00 0.00 0.00 0
111746 0.00 0.00 0.00 0
111747 0.00 0.00 0.00 0
111748 0.00 0.00 0.00 0
111838 0.00 0.00 0.00 0
111839 0.00 0.00 0.00 0
111840 0.00 0.00 0.00 0
111841 0.00 0.00 0.00 0
111842 0.00 0.00 0.00 0
111844 0.00 0.00 0.00 0
117646 0.00 0.00 0.00 0
117647 0.00 0.00 0.00 0
117648 0.00 0.00 0.00 0
117649 0.00 0.00 0.00 0
117650 0.00 0.00 0.00 0
117651 0.00 0.00 0.00 0
117652 0.00 0.00 0.00 0
117653 0.00 0.00 0.00 0
117654 0.00 0.00 0.00 0
117655 0.00 0.00 0.00 0
117656 0.00 0.00 0.00 0
117657 0.00 0.00 0.00 0
117658 0.00 0.00 0.00 0
117659 0.00 0.00 0.00 0
117660 0.00 0.00 0.00 0
117661 0.00 0.00 0.00 0
117662 0.00 0.00 0.00 0
117663 0.00 0.00 0.00 0
117664 0.00 0.00 0.00 0
117665 0.00 0.00 0.00 0
117666 0.00 0.00 0.00 0
117667 0.00 0.00 0.00 0
117668 0.00 0.00 0.00 0
117669 0.00 0.00 0.00 0
117670 0.00 0.00 0.00 0
117671 0.00 0.00 0.00 0
117672 0.00 0.00 0.00 0
117673 0.00 0.00 0.00 0
117674 0.00 0.00 0.00 0
117675 0.00 0.00 0.00 0
117676 0.00 0.00 0.00 0
117682 0.00 0.00 0.00 0
120173 0.00 0.00 0.00 0
120174 0.00 0.00 0.00 0
120175 0.00 0.00 0.00 0
120176 0.00 0.00 0.00 0
120177 0.00 0.00 0.00 0
120178 0.00 0.00 0.00 0
120179 0.00 0.00 0.00 0
120180 0.00 0.00 0.00 0
120181 0.00 0.00 0.00 0
120182 0.00 0.00 0.00 0
120183 0.00 0.00 0.00 0
120184 0.00 0.00 0.00 0
120185 0.00 0.00 0.00 0
120186 0.00 0.00 0.00 0
120187 0.00 0.00 0.00 0
120188 0.00 0.00 0.00 0
120189 0.00 0.00 0.00 0
120190 0.00 0.00 0.00 0
120191 0.00 0.00 0.00 0
120192 0.00 0.00 0.00 0
120193 0.00 0.00 0.00 0
120194 0.00 0.00 0.00 0
120195 0.00 0.00 0.00 0
120196 0.00 0.00 0.00 0
120197 0.00 0.00 0.00 0
120198 0.00 0.00 0.00 0
120199 0.00 0.00 0.00 0
120200 0.00 0.00 0.00 0
120201 0.00 0.00 0.00 0
120202 0.00 0.00 0.00 0
120203 0.00 0.00 0.00 0
120204 0.00 0.00 0.00 0
120205 0.00 0.00 0.00 0
120206 0.00 0.00 0.00 0
120207 0.00 0.00 0.00 0
122024 0.00 0.00 0.00 0
122025 0.00 0.00 0.00 0
122026 0.00 0.00 0.00 0
122027 0.00 0.00 0.00 0
122028 0.00 0.00 0.00 0
122029 0.00 0.00 0.00 0
122030 0.00 0.00 0.00 0
122031 0.00 0.00 0.00 0
122032 0.00 0.00 0.00 0
122033 0.00 0.00 0.00 0
122034 0.00 0.00 0.00 0
122035 0.00 0.00 0.00 0
122036 0.00 0.00 0.00 0
122037 0.00 0.00 0.00 0
122038 0.00 0.00 0.00 0
122039 0.00 0.00 0.00 0
122040 0.00 0.00 0.00 0
122041 0.00 0.00 0.00 0
122042 0.00 0.00 0.00 0
122043 0.00 0.00 0.00 0
122044 0.00 0.00 0.00 0
122045 0.00 0.00 0.00 0
122046 0.00 0.00 0.00 0
122047 0.00 0.00 0.00 0
122048 0.00 0.00 0.00 0
122049 0.00 0.00 0.00 0
122050 0.00 0.00 0.00 0
122051 0.00 0.00 0.00 0
122052 0.00 0.00 0.00 0
122053 0.00 0.00 0.00 0
122054 0.00 0.00 0.00 0
122055 0.00 0.00 0.00 0
122197 0.00 0.00 0.00 0
122198 0.00 0.00 0.00 0
122199 0.00 0.00 0.00 0
122200 0.00 0.00 0.00 0
122201 0.00 0.00 0.00 0
125899 0.00 0.00 0.00 0
125900 0.00 0.00 0.00 0
125901 0.00 0.00 0.00 0
125902 0.00 0.00 0.00 0
125903 0.00 0.00 0.00 0
125904 0.00 0.00 0.00 0
125905 0.00 0.00 0.00 0
125906 0.00 0.00 0.00 0
125907 0.00 0.00 0.00 0
125908 0.00 0.00 0.00 0
125909 0.00 0.00 0.00 0
125910 0.00 0.00 0.00 0
125911 0.00 0.00 0.00 0
125912 0.00 0.00 0.00 0
125913 0.00 0.00 0.00 0
125914 0.00 0.00 0.00 0
125915 0.00 0.00 0.00 0
125916 0.00 0.00 0.00 0
125917 0.00 0.00 0.00 0
125918 0.00 0.00 0.00 0
125919 0.00 0.00 0.00 0
125920 0.00 0.00 0.00 0
125921 0.00 0.00 0.00 0
125922 0.00 0.00 0.00 0
125923 0.00 0.00 0.00 0
125924 0.00 0.00 0.00 0
125925 0.00 0.00 0.00 0
125926 0.00 0.00 0.00 0
125927 0.00 0.00 0.00 0
125928 0.00 0.00 0.00 0
125929 0.00 0.00 0.00 0
125930 0.00 0.00 0.00 0
125931 0.00 0.00 0.00 0
125932 0.00 0.00 0.00 0
125933 0.00 0.00 0.00 0
125934 0.00 0.00 0.00 0
125935 0.00 0.00 0.00 0
125936 0.00 0.00 0.00 0
125937 0.00 0.00 0.00 0
125938 0.00 0.00 0.00 0
125939 0.00 0.00 0.00 0
125940 0.00 0.00 0.00 0
125941 0.00 0.00 0.00 0
125942 0.00 0.00 0.00 0
125943 0.00 0.00 0.00 0
125944 0.00 0.00 0.00 0
125945 0.00 0.00 0.00 0
125946 0.00 0.00 0.00 0
125947 0.00 0.00 0.00 0
125948 0.00 0.00 0.00 0
125949 0.00 0.00 0.00 0
125950 0.00 0.00 0.00 0
125951 0.00 0.00 0.00 0
125952 0.00 0.00 0.00 0
125953 0.00 0.00 0.00 0
125954 0.00 0.00 0.00 0
125955 0.00 0.00 0.00 0
126025 0.00 0.00 0.00 0
126026 0.00 0.00 0.00 0
126027 0.00 0.00 0.00 0
126028 0.00 0.00 0.00 0
126029 0.00 0.00 0.00 0
126030 0.00 0.00 0.00 0
126031 0.00 0.00 0.00 0
126032 0.00 0.00 0.00 0
130112 0.00 0.00 0.00 0
130113 0.00 0.00 0.00 0
130114 0.00 0.00 0.00 0
130115 0.00 0.00 0.00 0
130116 0.00 0.00 0.00 0
130117 0.00 0.00 0.00 0
130118 0.00 0.00 0.00 0
130119 0.00 0.00 0.00 0
130120 0.00 0.00 0.00 0
130121 0.00 0.00 0.00 0
130122 0.00 0.00 0.00 0
130123 0.00 0.00 0.00 0
130124 0.00 0.00 0.00 0
130125 0.00 0.00 0.00 0
130126 0.00 0.00 0.00 0
130127 0.00 0.00 0.00 0
130128 0.00 0.00 0.00 0
131774 0.00 0.00 0.00 0
131775 0.00 0.00 0.00 0
131776 0.00 0.00 0.00 0
131777 0.00 0.00 0.00 0
131778 0.00 0.00 0.00 0
131780 0.00 0.00 0.00 0
131781 0.00 0.00 0.00 0
131782 0.00 0.00 0.00 0
131783 0.00 0.00 0.00 0
131784 0.00 0.00 0.00 0
131792 0.00 0.00 0.00 0
131793 0.00 0.00 0.00 0
131794 0.00 0.00 0.00 0
131795 0.00 0.00 0.00 0
131796 0.00 0.00 0.00 0
131797 0.00 0.00 0.00 0
131798 0.00 0.00 0.00 0
131799 0.00 0.00 0.00 0
131800 0.00 0.00 0.00 0
131801 0.00 0.00 0.00 0
131802 0.00 0.00 0.00 0
131838 0.00 0.00 0.00 0
131839 0.00 0.00 0.00 0
131844 0.00 0.00 0.00 0
131846 0.00 0.00 0.00 0
131847 0.00 0.00 0.00 0
131943 0.00 0.00 0.00 0
131944 0.00 0.00 0.00 0
135280 0.00 0.00 0.00 0
135281 0.00 0.00 0.00 0
135282 0.00 0.00 0.00 0
135283 0.00 0.00 0.00 0
135284 0.00 0.00 0.00 0
135285 0.00 0.00 0.00 0
135286 0.00 0.00 0.00 0
135287 0.00 0.00 0.00 0
135288 0.00 0.00 0.00 0
135289 0.00 0.00 0.00 0
135290 0.00 0.00 0.00 0
135291 0.00 0.00 0.00 0
135292 0.00 0.00 0.00 0
135293 0.00 0.00 0.00 0
135294 0.00 0.00 0.00 0
135295 0.00 0.00 0.00 0
135296 0.00 0.00 0.00 0
135297 0.00 0.00 0.00 0
135298 0.00 0.00 0.00 0
135299 0.00 0.00 0.00 0
135300 0.00 0.00 0.00 0
135301 0.00 0.00 0.00 0
135302 0.00 0.00 0.00 0
135303 0.00 0.00 0.00 0
135304 0.00 0.00 0.00 0
135305 0.00 0.00 0.00 0
135306 0.00 0.00 0.00 0
135307 0.00 0.00 0.00 0
135308 0.00 0.00 0.00 0
135309 0.00 0.00 0.00 0
135310 0.00 0.00 0.00 0
135311 0.00 0.00 0.00 0
135312 0.00 0.00 0.00 0
135313 0.00 0.00 0.00 0
135314 0.00 0.00 0.00 0
135315 0.00 0.00 0.00 0
135316 0.00 0.00 0.00 0
135317 0.00 0.00 0.00 0
135318 0.00 0.00 0.00 0
135319 0.00 0.00 0.00 0
135320 0.00 0.00 0.00 0
135321 0.00 0.00 0.00 0
135322 0.00 0.00 0.00 0
135323 0.00 0.00 0.00 0
135324 0.00 0.00 0.00 0
135325 0.00 0.00 0.00 0
135326 0.00 0.00 0.00 0
135327 0.00 0.00 0.00 0
135328 0.00 0.00 0.00 0
135329 0.00 0.00 0.00 0
135330 0.00 0.00 0.00 0
135331 0.00 0.00 0.00 0
135332 0.00 0.00 0.00 0
135333 0.00 0.00 0.00 0
135334 0.00 0.00 0.00 0
135335 0.00 0.00 0.00 0
135336 0.00 0.00 0.00 0
135348 0.00 0.00 0.00 0
135349 0.00 0.00 0.00 0
135350 0.00 0.00 0.00 0
135351 0.00 0.00 0.00 0
135352 0.00 0.00 0.00 0
135353 0.00 0.00 0.00 0
141967 0.00 0.00 0.00 0
141968 0.00 0.00 0.00 0
141969 0.00 0.00 0.00 0
141970 0.00 0.00 0.00 0
141971 0.00 0.00 0.00 0
141972 0.00 0.00 0.00 0
141973 0.00 0.00 0.00 0
141974 0.00 0.00 0.00 0
141975 0.00 0.00 0.00 0
141976 0.00 0.00 0.00 0
141977 0.00 0.00 0.00 0
141978 0.00 0.00 0.00 0
141979 0.00 0.00 0.00 0
141980 0.00 0.00 0.00 0
141981 0.00 0.00 0.00 0
141982 0.00 0.00 0.00 0
141983 0.00 0.00 0.00 0
141984 0.00 0.00 0.00 0
141985 0.00 0.00 0.00 0
141986 0.00 0.00 0.00 0
141987 0.00 0.00 0.00 0
141988 0.00 0.00 0.00 0
141989 0.00 0.00 0.00 0
141990 0.00 0.00 0.00 0
141991 0.00 0.00 0.00 0
141992 0.00 0.00 0.00 0
141993 0.00 0.00 0.00 0
141994 0.00 0.00 0.00 0
141995 0.00 0.00 0.00 0
142001 0.00 0.00 0.00 0
142002 0.00 0.00 0.00 0
142003 0.00 0.00 0.00 0
142004 0.00 0.00 0.00 0
142005 0.00 0.00 0.00 0
142006 0.00 0.00 0.00 0
142007 0.00 0.00 0.00 0
142008 0.00 0.00 0.00 0
142009 0.00 0.00 0.00 0
142010 0.00 0.00 0.00 0
142011 0.00 0.00 0.00 0
142012 0.00 0.00 0.00 0
142013 0.00 0.00 0.00 0
142014 0.00 0.00 0.00 0
142015 0.00 0.00 0.00 0
142016 0.00 0.00 0.00 0
142017 0.00 0.00 0.00 0
142018 0.00 0.00 0.00 0
142019 0.00 0.00 0.00 0
142020 0.00 0.00 0.00 0
142021 0.00 0.00 0.00 0
142022 0.00 0.00 0.00 0
142023 0.00 0.00 0.00 0
142024 0.00 0.00 0.00 0
142025 0.00 0.00 0.00 0
142026 0.00 0.00 0.00 0
142027 0.00 0.00 0.00 0
142028 0.00 0.00 0.00 0
142029 0.00 0.00 0.00 0
142030 0.00 0.00 0.00 0
142031 0.00 0.00 0.00 0
142032 0.00 0.00 0.00 0
142033 0.00 0.00 0.00 0
142034 0.00 0.00 0.00 0
142035 0.00 0.00 0.00 0
142036 0.00 0.00 0.00 0
142037 0.00 0.00 0.00 0
142038 0.00 0.00 0.00 0
142039 0.00 0.00 0.00 0
142040 0.00 0.00 0.00 0
142041 0.00 0.00 0.00 0
142042 0.00 0.00 0.00 0
142043 0.00 0.00 0.00 0
142044 0.00 0.00 0.00 0
142045 0.00 0.00 0.00 0
142046 0.00 0.00 0.00 0
142047 0.00 0.00 0.00 0
142048 0.00 0.00 0.00 0
142049 0.00 0.00 0.00 0
142050 0.00 0.00 0.00 0
142051 0.00 0.00 0.00 0
142052 0.00 0.00 0.00 0
142053 0.00 0.00 0.00 0
142054 0.00 0.00 0.00 0
142055 0.00 0.00 0.00 0
142056 0.00 0.00 0.00 0
142057 0.00 0.00 0.00 0
142058 0.00 0.00 0.00 0
142059 0.00 0.00 0.00 0
142060 0.00 0.00 0.00 0
142061 0.00 0.00 0.00 0
142062 0.00 0.00 0.00 0
142063 0.00 0.00 0.00 0
142064 0.00 0.00 0.00 0
142065 0.00 0.00 0.00 0
142066 0.00 0.00 0.00 0
142067 0.00 0.00 0.00 0
142068 0.00 0.00 0.00 0
142069 0.00 0.00 0.00 0
142070 0.00 0.00 0.00 0
142071 0.00 0.00 0.00 0
142072 0.00 0.00 0.00 0
142073 0.00 0.00 0.00 0
142078 0.00 0.00 0.00 0
142079 0.00 0.00 0.00 0
142080 0.00 0.00 0.00 0
142081 0.00 0.00 0.00 0
142082 0.00 0.00 0.00 0
142083 0.00 0.00 0.00 0
142084 0.00 0.00 0.00 0
142085 0.00 0.00 0.00 0
142086 0.00 0.00 0.00 0
142088 0.00 0.00 0.00 0
142089 0.00 0.00 0.00 0
142090 0.00 0.00 0.00 0
142091 0.00 0.00 0.00 0
142092 0.00 0.00 0.00 0
142093 0.00 0.00 0.00 0
142094 0.00 0.00 0.00 0
142095 0.00 0.00 0.00 0
142096 0.00 0.00 0.00 0
142097 0.00 0.00 0.00 0
142098 0.00 0.00 0.00 0
142099 0.00 0.00 0.00 0
142106 0.00 0.00 0.00 0
142107 0.00 0.00 0.00 0
142109 0.00 0.00 0.00 0
146807 0.00 0.00 0.00 0
146808 0.00 0.00 0.00 0
146809 0.00 0.00 0.00 0
146810 0.00 0.00 0.00 0
146811 0.00 0.00 0.00 0
146812 0.00 0.00 0.00 0
146813 0.00 0.00 0.00 0
146814 0.00 0.00 0.00 0
146815 0.00 0.00 0.00 0
146816 0.00 0.00 0.00 0
146817 0.00 0.00 0.00 0
146818 0.00 0.00 0.00 0
146819 0.00 0.00 0.00 0
146820 0.00 0.00 0.00 0
146821 0.00 0.00 0.00 0
146822 0.00 0.00 0.00 0
146823 0.00 0.00 0.00 0
146824 0.00 0.00 0.00 0
146825 0.00 0.00 0.00 0
146826 0.00 0.00 0.00 0
146827 0.00 0.00 0.00 0
146828 0.00 0.00 0.00 0
146829 0.00 0.00 0.00 0
146830 0.00 0.00 0.00 0
146831 0.00 0.00 0.00 0
146832 0.00 0.00 0.00 0
146833 0.00 0.00 0.00 0
146834 0.00 0.00 0.00 0
146835 0.00 0.00 0.00 0
146836 0.00 0.00 0.00 0
146837 0.00 0.00 0.00 0
146838 0.00 0.00 0.00 0
146839 0.00 0.00 0.00 0
146840 0.00 0.00 0.00 0
146841 0.00 0.00 0.00 0
146842 0.00 0.00 0.00 0
146843 0.00 0.00 0.00 0
146844 0.00 0.00 0.00 0
146845 0.00 0.00 0.00 0
146846 0.00 0.00 0.00 0
146847 0.00 0.00 0.00 0
146848 0.00 0.00 0.00 0
146849 0.00 0.00 0.00 0
146850 0.00 0.00 0.00 0
146851 0.00 0.00 0.00 0
146852 0.00 0.00 0.00 0
146853 0.00 0.00 0.00 0
146854 0.00 0.00 0.00 0
146855 0.00 0.00 0.00 0
146856 0.00 0.00 0.00 0
146857 0.00 0.00 0.00 0
146858 0.00 0.00 0.00 0
146859 0.00 0.00 0.00 0
146860 0.00 0.00 0.00 0
146861 0.00 0.00 0.00 0
146862 0.00 0.00 0.00 0
146863 0.00 0.00 0.00 0
146864 0.00 0.00 0.00 0
146865 0.00 0.00 0.00 0
146866 0.00 0.00 0.00 0
146867 0.00 0.00 0.00 0
146868 0.00 0.00 0.00 0
146869 0.00 0.00 0.00 0
146870 0.00 0.00 0.00 0
146871 0.00 0.00 0.00 0
146872 0.00 0.00 0.00 0
146873 0.00 0.00 0.00 0
146874 0.00 0.00 0.00 0
146875 0.00 0.00 0.00 0
146876 0.00 0.00 0.00 0
146877 0.00 0.00 0.00 0
146878 0.00 0.00 0.00 0
146879 0.00 0.00 0.00 0
146880 0.00 0.00 0.00 0
146881 0.00 0.00 0.00 0
146882 0.00 0.00 0.00 0
146883 0.00 0.00 0.00 0
146884 0.00 0.00 0.00 0
146885 0.00 0.00 0.00 0
146886 0.00 0.00 0.00 0
146941 0.00 0.00 0.00 0
146942 0.00 0.00 0.00 0
146943 0.00 0.00 0.00 0
146946 0.00 0.00 0.00 0
146947 0.00 0.00 0.00 0
146948 0.00 0.00 0.00 0
146949 0.00 0.00 0.00 0
146956 0.00 0.00 0.00 0
146957 0.00 0.00 0.00 0
146958 0.00 0.00 0.00 0
146959 0.00 0.00 0.00 0
146960 0.00 0.00 0.00 0
146961 0.00 0.00 0.00 0
146962 0.00 0.00 0.00 0
146963 0.00 0.00 0.00 0
146964 0.00 0.00 0.00 0
146965 0.00 0.00 0.00 0
146966 0.00 0.00 0.00 0
146967 0.00 0.00 0.00 0
146968 0.00 0.00 0.00 0
146969 0.00 0.00 0.00 0
146970 0.00 0.00 0.00 0
146973 0.00 0.00 0.00 0
156797 0.00 0.00 0.00 0
156798 0.00 0.00 0.00 0
156799 0.00 0.00 0.00 0
156800 0.00 0.00 0.00 0
156801 0.00 0.00 0.00 0
156802 0.00 0.00 0.00 0
156803 0.00 0.00 0.00 0
156804 0.00 0.00 0.00 0
156805 0.00 0.00 0.00 0
156806 0.00 0.00 0.00 0
156807 0.00 0.00 0.00 0
156808 0.00 0.00 0.00 0
156809 0.00 0.00 0.00 0
156810 0.00 0.00 0.00 0
156811 0.00 0.00 0.00 0
156812 0.00 0.00 0.00 0
156813 0.00 0.00 0.00 0
156814 0.00 0.00 0.00 0
156815 0.00 0.00 0.00 0
156816 0.00 0.00 0.00 0
156817 0.00 0.00 0.00 0
156818 0.00 0.00 0.00 0
156819 0.00 0.00 0.00 0
156822 0.00 0.00 0.00 0
156823 0.00 0.00 0.00 0
156824 0.00 0.00 0.00 0
156825 0.00 0.00 0.00 0
156826 0.00 0.00 0.00 0
156827 0.00 0.00 0.00 0
156828 0.00 0.00 0.00 0
156829 0.00 0.00 0.00 0
156830 0.00 0.00 0.00 0
156831 0.00 0.00 0.00 0
156832 0.00 0.00 0.00 0
156833 0.00 0.00 0.00 0
156834 0.00 0.00 0.00 0
156835 0.00 0.00 0.00 0
156836 0.00 0.00 0.00 0
156837 0.00 0.00 0.00 0
156838 0.00 0.00 0.00 0
156839 0.00 0.00 0.00 0
156840 0.00 0.00 0.00 0
156841 0.00 0.00 0.00 0
156842 0.00 0.00 0.00 0
156843 0.00 0.00 0.00 0
156844 0.00 0.00 0.00 0
156845 0.00 0.00 0.00 0
156846 0.00 0.00 0.00 0
156847 0.00 0.00 0.00 0
156858 0.00 0.00 0.00 0
156859 0.00 0.00 0.00 0
156860 0.00 0.00 0.00 0
156861 0.00 0.00 0.00 0
156876 0.00 0.00 0.00 0
156877 0.00 0.00 0.00 0
156878 0.00 0.00 0.00 0
156879 0.00 0.00 0.00 0
156880 0.00 0.00 0.00 0
156881 0.00 0.00 0.00 0
156882 0.00 0.00 0.00 0
156883 0.00 0.00 0.00 0
156884 0.00 0.00 0.00 0
156885 0.00 0.00 0.00 0
156886 0.00 0.00 0.00 0
156887 0.00 0.00 0.00 0
156888 0.00 0.00 0.00 0
156889 0.00 0.00 0.00 0
156890 0.00 0.00 0.00 0
156891 0.00 0.00 0.00 0
156892 0.00 0.00 0.00 0
156893 0.00 0.00 0.00 0
156894 0.00 0.00 0.00 0
156895 0.00 0.00 0.00 0
156896 0.00 0.00 0.00 0
156897 0.00 0.00 0.00 0
156898 0.00 0.00 0.00 0
156899 0.00 0.00 0.00 0
156900 0.00 0.00 0.00 0
156901 0.00 0.00 0.00 0
156902 0.00 0.00 0.00 0
156903 0.00 0.00 0.00 0
156904 0.00 0.00 0.00 0
156905 0.00 0.00 0.00 0
156906 0.00 0.00 0.00 0
156907 0.00 0.00 0.00 0
156908 0.00 0.00 0.00 0
156909 0.00 0.00 0.00 0
156910 0.00 0.00 0.00 0
156911 0.00 0.00 0.00 0
156912 0.00 0.00 0.00 0
156913 0.00 0.00 0.00 0
156914 0.00 0.00 0.00 0
156915 0.00 0.00 0.00 0
156916 0.00 0.00 0.00 0
156917 0.00 0.00 0.00 0
156918 0.00 0.00 0.00 0
156919 0.00 0.00 0.00 0
156920 0.00 0.00 0.00 0
156921 0.00 0.00 0.00 0
156922 0.00 0.00 0.00 0
156923 0.00 0.00 0.00 0
156924 0.00 0.00 0.00 0
156925 0.00 0.00 0.00 0
156926 0.00 0.00 0.00 0
156927 0.00 0.00 0.00 0
156928 0.00 0.00 0.00 0
156929 0.00 0.00 0.00 0
156930 0.00 0.00 0.00 0
156931 0.00 0.00 0.00 0
156932 0.00 0.00 0.00 0
156933 0.00 0.00 0.00 0
156934 0.00 0.00 0.00 0
156935 0.00 0.00 0.00 0
156936 0.00 0.00 0.00 0
156937 0.00 0.00 0.00 0
156938 0.00 0.00 0.00 0
156939 0.00 0.00 0.00 0
156940 0.00 0.00 0.00 0
156941 0.00 0.00 0.00 0
156944 0.00 0.00 0.00 0
157119 0.00 0.00 0.00 0
157120 0.00 0.00 0.00 0
157121 0.00 0.00 0.00 0
157122 0.00 0.00 0.00 0
157123 0.00 0.00 0.00 0
157124 0.00 0.00 0.00 0
157125 0.00 0.00 0.00 0
157126 0.00 0.00 0.00 0
157128 0.00 0.00 0.00 0
157129 0.00 0.00 0.00 0
157130 0.00 0.00 0.00 0
157131 0.00 0.00 0.00 0
157132 0.00 0.00 0.00 0
157133 0.00 0.00 0.00 0
157134 0.00 0.00 0.00 0
157135 0.00 0.00 0.00 0
