# S_pericallosal
2270
59 0.00 0.00 0.00 0
180 0.00 0.00 0.00 0
274 0.00 0.00 0.00 0
281 0.00 0.00 0.00 0
403 0.00 0.00 0.00 0
545 0.00 0.00 0.00 0
546 0.00 0.00 0.00 0
752 0.00 0.00 0.00 0
901 0.00 0.00 0.00 0
903 0.00 0.00 0.00 0
904 0.00 0.00 0.00 0
905 0.00 0.00 0.00 0
912 0.00 0.00 0.00 0
913 0.00 0.00 0.00 0
1203 0.00 0.00 0.00 0
1204 0.00 0.00 0.00 0
1205 0.00 0.00 0.00 0
1206 0.00 0.00 0.00 0
1207 0.00 0.00 0.00 0
1208 0.00 0.00 0.00 0
1476 0.00 0.00 0.00 0
1656 0.00 0.00 0.00 0
1657 0.00 0.00 0.00 0
1658 0.00 0.00 0.00 0
1888 0.00 0.00 0.00 0
1892 0.00 0.00 0.00 0
1901 0.00 0.00 0.00 0
1902 0.00 0.00 0.00 0
2275 0.00 0.00 0.00 0
2282 0.00 0.00 0.00 0
2283 0.00 0.00 0.00 0
2286 0.00 0.00 0.00 0
2819 0.00 0.00 0.00 0
2820 0.00 0.00 0.00 0
2821 0.00 0.00 0.00 0
2823 0.00 0.00 0.00 0
2825 0.00 0.00 0.00 0
2830 0.00 0.00 0.00 0
2831 0.00 0.00 0.00 0
2832 0.00 0.00 0.00 0
2833 0.00 0.00 0.00 0
3123 0.00 0.00 0.00 0
3124 0.00 0.00 0.00 0
3125 0.00 0.00 0.00 0
3126 0.00 0.00 0.00 0
3127 0.00 0.00 0.00 0
3700 0.00 0.00 0.00 0
3704 0.00 0.00 0.00 0
3705 0.00 0.00 0.00 0
3720 0.00 0.00 0.00 0
3721 0.00 0.00 0.00 0
3722 0.00 0.00 0.00 0
4147 0.00 0.00 0.00 0
4148 0.00 0.00 0.00 0
4149 0.00 0.00 0.00 0
4150 0.00 0.00 0.00 0
4151 0.00 0.00 0.00 0
4157 0.00 0.00 0.00 0
4158 0.00 0.00 0.00 0
4159 0.00 0.00 0.00 0
4173 0.00 0.00 0.00 0
4175 0.00 0.00 0.00 0
4176 0.00 0.00 0.00 0
4177 0.00 0.00 0.00 0
4178 0.00 0.00 0.00 0
4179 0.00 0.00 0.00 0
5048 0.00 0.00 0.00 0
5049 0.00 0.00 0.00 0
5050 0.00 0.00 0.00 0
5051 0.00 0.00 0.00 0
5052 0.00 0.00 0.00 0
5053 0.00 0.00 0.00 0
5058 0.00 0.00 0.00 0
5059 0.00 0.00 0.00 0
5060 0.00 0.00 0.00 0
5064 0.00 0.00 0.00 0
5066 0.00 0.00 0.00 0
5067 0.00 0.00 0.00 0
5068 0.00 0.00 0.00 0
5078 0.00 0.00 0.00 0
5964 0.00 0.00 0.00 0
5965 0.00 0.00 0.00 0
6232 0.00 0.00 0.00 0
6233 0.00 0.00 0.00 0
6234 0.00 0.00 0.00 0
6235 0.00 0.00 0.00 0
6236 0.00 0.00 0.00 0
6237 0.00 0.00 0.00 0
6238 0.00 0.00 0.00 0
6239 0.00 0.00 0.00 0
6249 0.00 0.00 0.00 0
6250 0.00 0.00 0.00 0
6251 0.00 0.00 0.00 0
6252 0.00 0.00 0.00 0
6253 0.00 0.00 0.00 0
6773 0.00 0.00 0.00 0
6774 0.00 0.00 0.00 0
6775 0.00 0.00 0.00 0
6776 0.00 0.00 0.00 0
6777 0.00 0.00 0.00 0
6778 0.00 0.00 0.00 0
6779 0.00 0.00 0.00 0
6780 0.00 0.00 0.00 0
6781 0.00 0.00 0.00 0
6782 0.00 0.00 0.00 0
6783 0.00 0.00 0.00 0
7283 0.00 0.00 0.00 0
7284 0.00 0.00 0.00 0
7285 0.00 0.00 0.00 0
7286 0.00 0.00 0.00 0
7704 0.00 0.00 0.00 0
7705 0.00 0.00 0.00 0
7706 0.00 0.00 0.00 0
7707 0.00 0.00 0.00 0
7708 0.00 0.00 0.00 0
7710 0.00 0.00 0.00 0
7711 0.00 0.00 0.00 0
7712 0.00 0.00 0.00 0
8278 0.00 0.00 0.00 0
8279 0.00 0.00 0.00 0
8281 0.00 0.00 0.00 0
8293 0.00 0.00 0.00 0
8315 0.00 0.00 0.00 0
8316 0.00 0.00 0.00 0
8317 0.00 0.00 0.00 0
8318 0.00 0.00 0.00 0
8319 0.00 0.00 0.00 0
9385 0.00 0.00 0.00 0
9388 0.00 0.00 0.00 0
9389 0.00 0.00 0.00 0
9397 0.00 0.00 0.00 0
9406 0.00 0.00 0.00 0
9407 0.00 0.00 0.00 0
9410 0.00 0.00 0.00 0
9411 0.00 0.00 0.00 0
9419 0.00 0.00 0.00 0
9420 0.00 0.00 0.00 0
9421 0.00 0.00 0.00 0
9425 0.00 0.00 0.00 0
10499 0.00 0.00 0.00 0
10500 0.00 0.00 0.00 0
10501 0.00 0.00 0.00 0
10510 0.00 0.00 0.00 0
10511 0.00 0.00 0.00 0
10512 0.00 0.00 0.00 0
10513 0.00 0.00 0.00 0
10804 0.00 0.00 0.00 0
10805 0.00 0.00 0.00 0
10806 0.00 0.00 0.00 0
11380 0.00 0.00 0.00 0
11381 0.00 0.00 0.00 0
11382 0.00 0.00 0.00 0
11383 0.00 0.00 0.00 0
11384 0.00 0.00 0.00 0
11385 0.00 0.00 0.00 0
11386 0.00 0.00 0.00 0
11400 0.00 0.00 0.00 0
11401 0.00 0.00 0.00 0
11402 0.00 0.00 0.00 0
11827 0.00 0.00 0.00 0
11828 0.00 0.00 0.00 0
11829 0.00 0.00 0.00 0
11830 0.00 0.00 0.00 0
11831 0.00 0.00 0.00 0
11838 0.00 0.00 0.00 0
11853 0.00 0.00 0.00 0
11854 0.00 0.00 0.00 0
11855 0.00 0.00 0.00 0
11856 0.00 0.00 0.00 0
11857 0.00 0.00 0.00 0
11858 0.00 0.00 0.00 0
11859 0.00 0.00 0.00 0
12728 0.00 0.00 0.00 0
12729 0.00 0.00 0.00 0
12730 0.00 0.00 0.00 0
12731 0.00 0.00 0.00 0
12732 0.00 0.00 0.00 0
12733 0.00 0.00 0.00 0
12735 0.00 0.00 0.00 0
12737 0.00 0.00 0.00 0
12738 0.00 0.00 0.00 0
12739 0.00 0.00 0.00 0
12740 0.00 0.00 0.00 0
12741 0.00 0.00 0.00 0
12742 0.00 0.00 0.00 0
12743 0.00 0.00 0.00 0
12744 0.00 0.00 0.00 0
12748 0.00 0.00 0.00 0
13777 0.00 0.00 0.00 0
13779 0.00 0.00 0.00 0
13781 0.00 0.00 0.00 0
13783 0.00 0.00 0.00 0
14222 0.00 0.00 0.00 0
14227 0.00 0.00 0.00 0
14228 0.00 0.00 0.00 0
14229 0.00 0.00 0.00 0
14230 0.00 0.00 0.00 0
14231 0.00 0.00 0.00 0
14232 0.00 0.00 0.00 0
14233 0.00 0.00 0.00 0
14234 0.00 0.00 0.00 0
14235 0.00 0.00 0.00 0
14236 0.00 0.00 0.00 0
14238 0.00 0.00 0.00 0
14253 0.00 0.00 0.00 0
14254 0.00 0.00 0.00 0
14255 0.00 0.00 0.00 0
14256 0.00 0.00 0.00 0
14257 0.00 0.00 0.00 0
14258 0.00 0.00 0.00 0
14259 0.00 0.00 0.00 0
14260 0.00 0.00 0.00 0
14261 0.00 0.00 0.00 0
14262 0.00 0.00 0.00 0
15128 0.00 0.00 0.00 0
15129 0.00 0.00 0.00 0
15130 0.00 0.00 0.00 0
15131 0.00 0.00 0.00 0
15132 0.00 0.00 0.00 0
15133 0.00 0.00 0.00 0
15134 0.00 0.00 0.00 0
15135 0.00 0.00 0.00 0
15136 0.00 0.00 0.00 0
15137 0.00 0.00 0.00 0
15138 0.00 0.00 0.00 0
15139 0.00 0.00 0.00 0
15140 0.00 0.00 0.00 0
15141 0.00 0.00 0.00 0
15142 0.00 0.00 0.00 0
15143 0.00 0.00 0.00 0
15144 0.00 0.00 0.00 0
16019 0.00 0.00 0.00 0
16020 0.00 0.00 0.00 0
16021 0.00 0.00 0.00 0
16063 0.00 0.00 0.00 0
16920 0.00 0.00 0.00 0
16921 0.00 0.00 0.00 0
16922 0.00 0.00 0.00 0
16923 0.00 0.00 0.00 0
16924 0.00 0.00 0.00 0
16925 0.00 0.00 0.00 0
16926 0.00 0.00 0.00 0
16927 0.00 0.00 0.00 0
16933 0.00 0.00 0.00 0
16934 0.00 0.00 0.00 0
16935 0.00 0.00 0.00 0
16936 0.00 0.00 0.00 0
16937 0.00 0.00 0.00 0
18202 0.00 0.00 0.00 0
18203 0.00 0.00 0.00 0
18204 0.00 0.00 0.00 0
18205 0.00 0.00 0.00 0
18206 0.00 0.00 0.00 0
18207 0.00 0.00 0.00 0
18208 0.00 0.00 0.00 0
18209 0.00 0.00 0.00 0
18210 0.00 0.00 0.00 0
18211 0.00 0.00 0.00 0
18212 0.00 0.00 0.00 0
18232 0.00 0.00 0.00 0
18233 0.00 0.00 0.00 0
18234 0.00 0.00 0.00 0
18235 0.00 0.00 0.00 0
18236 0.00 0.00 0.00 0
18237 0.00 0.00 0.00 0
18240 0.00 0.00 0.00 0
18241 0.00 0.00 0.00 0
18288 0.00 0.00 0.00 0
18290 0.00 0.00 0.00 0
18292 0.00 0.00 0.00 0
18293 0.00 0.00 0.00 0
18294 0.00 0.00 0.00 0
18295 0.00 0.00 0.00 0
18296 0.00 0.00 0.00 0
18297 0.00 0.00 0.00 0
18298 0.00 0.00 0.00 0
18299 0.00 0.00 0.00 0
18300 0.00 0.00 0.00 0
18301 0.00 0.00 0.00 0
18302 0.00 0.00 0.00 0
20903 0.00 0.00 0.00 0
20904 0.00 0.00 0.00 0
20905 0.00 0.00 0.00 0
20906 0.00 0.00 0.00 0
20907 0.00 0.00 0.00 0
20908 0.00 0.00 0.00 0
20910 0.00 0.00 0.00 0
20911 0.00 0.00 0.00 0
20912 0.00 0.00 0.00 0
20913 0.00 0.00 0.00 0
20914 0.00 0.00 0.00 0
20915 0.00 0.00 0.00 0
20933 0.00 0.00 0.00 0
20934 0.00 0.00 0.00 0
20935 0.00 0.00 0.00 0
20955 0.00 0.00 0.00 0
20956 0.00 0.00 0.00 0
20957 0.00 0.00 0.00 0
20958 0.00 0.00 0.00 0
20959 0.00 0.00 0.00 0
20960 0.00 0.00 0.00 0
20962 0.00 0.00 0.00 0
20964 0.00 0.00 0.00 0
20965 0.00 0.00 0.00 0
20966 0.00 0.00 0.00 0
20967 0.00 0.00 0.00 0
20968 0.00 0.00 0.00 0
20969 0.00 0.00 0.00 0
20990 0.00 0.00 0.00 0
20991 0.00 0.00 0.00 0
20992 0.00 0.00 0.00 0
20993 0.00 0.00 0.00 0
20994 0.00 0.00 0.00 0
20996 0.00 0.00 0.00 0
20997 0.00 0.00 0.00 0
20999 0.00 0.00 0.00 0
21005 0.00 0.00 0.00 0
21006 0.00 0.00 0.00 0
21007 0.00 0.00 0.00 0
21009 0.00 0.00 0.00 0
21011 0.00 0.00 0.00 0
21012 0.00 0.00 0.00 0
23242 0.00 0.00 0.00 0
23243 0.00 0.00 0.00 0
23507 0.00 0.00 0.00 0
23508 0.00 0.00 0.00 0
23509 0.00 0.00 0.00 0
23510 0.00 0.00 0.00 0
23511 0.00 0.00 0.00 0
23513 0.00 0.00 0.00 0
23515 0.00 0.00 0.00 0
23516 0.00 0.00 0.00 0
23517 0.00 0.00 0.00 0
23518 0.00 0.00 0.00 0
23528 0.00 0.00 0.00 0
23529 0.00 0.00 0.00 0
23530 0.00 0.00 0.00 0
23531 0.00 0.00 0.00 0
23532 0.00 0.00 0.00 0
23533 0.00 0.00 0.00 0
24053 0.00 0.00 0.00 0
24054 0.00 0.00 0.00 0
24055 0.00 0.00 0.00 0
24056 0.00 0.00 0.00 0
24057 0.00 0.00 0.00 0
24058 0.00 0.00 0.00 0
24059 0.00 0.00 0.00 0
24060 0.00 0.00 0.00 0
24061 0.00 0.00 0.00 0
24062 0.00 0.00 0.00 0
24063 0.00 0.00 0.00 0
25099 0.00 0.00 0.00 0
25102 0.00 0.00 0.00 0
25103 0.00 0.00 0.00 0
25128 0.00 0.00 0.00 0
25129 0.00 0.00 0.00 0
25130 0.00 0.00 0.00 0
25131 0.00 0.00 0.00 0
25132 0.00 0.00 0.00 0
25897 0.00 0.00 0.00 0
25898 0.00 0.00 0.00 0
25899 0.00 0.00 0.00 0
25900 0.00 0.00 0.00 0
25901 0.00 0.00 0.00 0
25902 0.00 0.00 0.00 0
25903 0.00 0.00 0.00 0
25904 0.00 0.00 0.00 0
25915 0.00 0.00 0.00 0
25916 0.00 0.00 0.00 0
25917 0.00 0.00 0.00 0
25918 0.00 0.00 0.00 0
25919 0.00 0.00 0.00 0
25920 0.00 0.00 0.00 0
25949 0.00 0.00 0.00 0
25950 0.00 0.00 0.00 0
25951 0.00 0.00 0.00 0
25952 0.00 0.00 0.00 0
25953 0.00 0.00 0.00 0
25954 0.00 0.00 0.00 0
25955 0.00 0.00 0.00 0
27518 0.00 0.00 0.00 0
27519 0.00 0.00 0.00 0
27520 0.00 0.00 0.00 0
27521 0.00 0.00 0.00 0
27522 0.00 0.00 0.00 0
27523 0.00 0.00 0.00 0
27524 0.00 0.00 0.00 0
27525 0.00 0.00 0.00 0
27526 0.00 0.00 0.00 0
27536 0.00 0.00 0.00 0
27537 0.00 0.00 0.00 0
27538 0.00 0.00 0.00 0
27539 0.00 0.00 0.00 0
27547 0.00 0.00 0.00 0
27548 0.00 0.00 0.00 0
27549 0.00 0.00 0.00 0
27550 0.00 0.00 0.00 0
27551 0.00 0.00 0.00 0
27552 0.00 0.00 0.00 0
27553 0.00 0.00 0.00 0
27554 0.00 0.00 0.00 0
27555 0.00 0.00 0.00 0
27556 0.00 0.00 0.00 0
27557 0.00 0.00 0.00 0
27572 0.00 0.00 0.00 0
29277 0.00 0.00 0.00 0
29278 0.00 0.00 0.00 0
29279 0.00 0.00 0.00 0
29280 0.00 0.00 0.00 0
29281 0.00 0.00 0.00 0
29282 0.00 0.00 0.00 0
29902 0.00 0.00 0.00 0
29903 0.00 0.00 0.00 0
29904 0.00 0.00 0.00 0
29905 0.00 0.00 0.00 0
29906 0.00 0.00 0.00 0
29907 0.00 0.00 0.00 0
29908 0.00 0.00 0.00 0
29909 0.00 0.00 0.00 0
29910 0.00 0.00 0.00 0
29911 0.00 0.00 0.00 0
29912 0.00 0.00 0.00 0
29913 0.00 0.00 0.00 0
29914 0.00 0.00 0.00 0
29915 0.00 0.00 0.00 0
29916 0.00 0.00 0.00 0
29917 0.00 0.00 0.00 0
29918 0.00 0.00 0.00 0
29919 0.00 0.00 0.00 0
29920 0.00 0.00 0.00 0
29942 0.00 0.00 0.00 0
29943 0.00 0.00 0.00 0
29944 0.00 0.00 0.00 0
29945 0.00 0.00 0.00 0
29946 0.00 0.00 0.00 0
29947 0.00 0.00 0.00 0
29948 0.00 0.00 0.00 0
29949 0.00 0.00 0.00 0
29950 0.00 0.00 0.00 0
29951 0.00 0.00 0.00 0
31163 0.00 0.00 0.00 0
31164 0.00 0.00 0.00 0
31165 0.00 0.00 0.00 0
31166 0.00 0.00 0.00 0
31167 0.00 0.00 0.00 0
31168 0.00 0.00 0.00 0
31169 0.00 0.00 0.00 0
31170 0.00 0.00 0.00 0
31171 0.00 0.00 0.00 0
31172 0.00 0.00 0.00 0
31173 0.00 0.00 0.00 0
31174 0.00 0.00 0.00 0
31175 0.00 0.00 0.00 0
31176 0.00 0.00 0.00 0
31177 0.00 0.00 0.00 0
31178 0.00 0.00 0.00 0
31179 0.00 0.00 0.00 0
31180 0.00 0.00 0.00 0
31181 0.00 0.00 0.00 0
31182 0.00 0.00 0.00 0
31183 0.00 0.00 0.00 0
31184 0.00 0.00 0.00 0
31185 0.00 0.00 0.00 0
31186 0.00 0.00 0.00 0
31187 0.00 0.00 0.00 0
31188 0.00 0.00 0.00 0
31189 0.00 0.00 0.00 0
31190 0.00 0.00 0.00 0
32387 0.00 0.00 0.00 0
32388 0.00 0.00 0.00 0
32389 0.00 0.00 0.00 0
32390 0.00 0.00 0.00 0
32391 0.00 0.00 0.00 0
32393 0.00 0.00 0.00 0
32394 0.00 0.00 0.00 0
32395 0.00 0.00 0.00 0
32396 0.00 0.00 0.00 0
32397 0.00 0.00 0.00 0
32406 0.00 0.00 0.00 0
32442 0.00 0.00 0.00 0
32443 0.00 0.00 0.00 0
33528 0.00 0.00 0.00 0
33529 0.00 0.00 0.00 0
33530 0.00 0.00 0.00 0
33531 0.00 0.00 0.00 0
33532 0.00 0.00 0.00 0
33533 0.00 0.00 0.00 0
33534 0.00 0.00 0.00 0
33535 0.00 0.00 0.00 0
33536 0.00 0.00 0.00 0
33537 0.00 0.00 0.00 0
33538 0.00 0.00 0.00 0
33540 0.00 0.00 0.00 0
33541 0.00 0.00 0.00 0
33543 0.00 0.00 0.00 0
33544 0.00 0.00 0.00 0
33545 0.00 0.00 0.00 0
33546 0.00 0.00 0.00 0
33547 0.00 0.00 0.00 0
33548 0.00 0.00 0.00 0
33549 0.00 0.00 0.00 0
33550 0.00 0.00 0.00 0
33553 0.00 0.00 0.00 0
35128 0.00 0.00 0.00 0
35129 0.00 0.00 0.00 0
35130 0.00 0.00 0.00 0
35131 0.00 0.00 0.00 0
35132 0.00 0.00 0.00 0
35133 0.00 0.00 0.00 0
35134 0.00 0.00 0.00 0
35137 0.00 0.00 0.00 0
35138 0.00 0.00 0.00 0
35139 0.00 0.00 0.00 0
35140 0.00 0.00 0.00 0
35141 0.00 0.00 0.00 0
35142 0.00 0.00 0.00 0
35143 0.00 0.00 0.00 0
35167 0.00 0.00 0.00 0
35174 0.00 0.00 0.00 0
35175 0.00 0.00 0.00 0
35176 0.00 0.00 0.00 0
35177 0.00 0.00 0.00 0
35178 0.00 0.00 0.00 0
35237 0.00 0.00 0.00 0
35238 0.00 0.00 0.00 0
35239 0.00 0.00 0.00 0
35240 0.00 0.00 0.00 0
35241 0.00 0.00 0.00 0
35242 0.00 0.00 0.00 0
35243 0.00 0.00 0.00 0
35244 0.00 0.00 0.00 0
35245 0.00 0.00 0.00 0
35246 0.00 0.00 0.00 0
35247 0.00 0.00 0.00 0
35248 0.00 0.00 0.00 0
35249 0.00 0.00 0.00 0
35250 0.00 0.00 0.00 0
35251 0.00 0.00 0.00 0
35252 0.00 0.00 0.00 0
35253 0.00 0.00 0.00 0
38395 0.00 0.00 0.00 0
38398 0.00 0.00 0.00 0
38399 0.00 0.00 0.00 0
38404 0.00 0.00 0.00 0
38405 0.00 0.00 0.00 0
38406 0.00 0.00 0.00 0
38407 0.00 0.00 0.00 0
38408 0.00 0.00 0.00 0
38409 0.00 0.00 0.00 0
38431 0.00 0.00 0.00 0
38434 0.00 0.00 0.00 0
38458 0.00 0.00 0.00 0
38459 0.00 0.00 0.00 0
38460 0.00 0.00 0.00 0
38461 0.00 0.00 0.00 0
38462 0.00 0.00 0.00 0
38463 0.00 0.00 0.00 0
38470 0.00 0.00 0.00 0
38496 0.00 0.00 0.00 0
38498 0.00 0.00 0.00 0
38499 0.00 0.00 0.00 0
38500 0.00 0.00 0.00 0
38501 0.00 0.00 0.00 0
38506 0.00 0.00 0.00 0
38517 0.00 0.00 0.00 0
38518 0.00 0.00 0.00 0
38524 0.00 0.00 0.00 0
41219 0.00 0.00 0.00 0
41220 0.00 0.00 0.00 0
41221 0.00 0.00 0.00 0
41230 0.00 0.00 0.00 0
41231 0.00 0.00 0.00 0
41232 0.00 0.00 0.00 0
41233 0.00 0.00 0.00 0
42100 0.00 0.00 0.00 0
42101 0.00 0.00 0.00 0
42102 0.00 0.00 0.00 0
42103 0.00 0.00 0.00 0
42104 0.00 0.00 0.00 0
42105 0.00 0.00 0.00 0
42106 0.00 0.00 0.00 0
42120 0.00 0.00 0.00 0
42121 0.00 0.00 0.00 0
42547 0.00 0.00 0.00 0
42548 0.00 0.00 0.00 0
42549 0.00 0.00 0.00 0
42573 0.00 0.00 0.00 0
42574 0.00 0.00 0.00 0
42575 0.00 0.00 0.00 0
42576 0.00 0.00 0.00 0
42577 0.00 0.00 0.00 0
42578 0.00 0.00 0.00 0
42579 0.00 0.00 0.00 0
43448 0.00 0.00 0.00 0
43449 0.00 0.00 0.00 0
43450 0.00 0.00 0.00 0
43451 0.00 0.00 0.00 0
43452 0.00 0.00 0.00 0
43453 0.00 0.00 0.00 0
43454 0.00 0.00 0.00 0
43455 0.00 0.00 0.00 0
43456 0.00 0.00 0.00 0
43457 0.00 0.00 0.00 0
43458 0.00 0.00 0.00 0
43459 0.00 0.00 0.00 0
43460 0.00 0.00 0.00 0
43461 0.00 0.00 0.00 0
43462 0.00 0.00 0.00 0
43463 0.00 0.00 0.00 0
43464 0.00 0.00 0.00 0
44497 0.00 0.00 0.00 0
44498 0.00 0.00 0.00 0
44499 0.00 0.00 0.00 0
44942 0.00 0.00 0.00 0
44944 0.00 0.00 0.00 0
44946 0.00 0.00 0.00 0
44948 0.00 0.00 0.00 0
44949 0.00 0.00 0.00 0
44950 0.00 0.00 0.00 0
44951 0.00 0.00 0.00 0
44952 0.00 0.00 0.00 0
44953 0.00 0.00 0.00 0
44954 0.00 0.00 0.00 0
44955 0.00 0.00 0.00 0
44956 0.00 0.00 0.00 0
44973 0.00 0.00 0.00 0
44974 0.00 0.00 0.00 0
44975 0.00 0.00 0.00 0
44976 0.00 0.00 0.00 0
44977 0.00 0.00 0.00 0
44978 0.00 0.00 0.00 0
44979 0.00 0.00 0.00 0
44980 0.00 0.00 0.00 0
44981 0.00 0.00 0.00 0
44982 0.00 0.00 0.00 0
45848 0.00 0.00 0.00 0
45849 0.00 0.00 0.00 0
45850 0.00 0.00 0.00 0
45851 0.00 0.00 0.00 0
45852 0.00 0.00 0.00 0
45853 0.00 0.00 0.00 0
45854 0.00 0.00 0.00 0
45855 0.00 0.00 0.00 0
45856 0.00 0.00 0.00 0
45857 0.00 0.00 0.00 0
45858 0.00 0.00 0.00 0
45859 0.00 0.00 0.00 0
45860 0.00 0.00 0.00 0
45861 0.00 0.00 0.00 0
45862 0.00 0.00 0.00 0
45863 0.00 0.00 0.00 0
45864 0.00 0.00 0.00 0
46740 0.00 0.00 0.00 0
47640 0.00 0.00 0.00 0
47641 0.00 0.00 0.00 0
47642 0.00 0.00 0.00 0
47643 0.00 0.00 0.00 0
47644 0.00 0.00 0.00 0
47645 0.00 0.00 0.00 0
47646 0.00 0.00 0.00 0
47647 0.00 0.00 0.00 0
47653 0.00 0.00 0.00 0
47654 0.00 0.00 0.00 0
47655 0.00 0.00 0.00 0
47656 0.00 0.00 0.00 0
47657 0.00 0.00 0.00 0
48922 0.00 0.00 0.00 0
48923 0.00 0.00 0.00 0
48924 0.00 0.00 0.00 0
48925 0.00 0.00 0.00 0
48926 0.00 0.00 0.00 0
48927 0.00 0.00 0.00 0
48928 0.00 0.00 0.00 0
48929 0.00 0.00 0.00 0
48930 0.00 0.00 0.00 0
48931 0.00 0.00 0.00 0
48932 0.00 0.00 0.00 0
48952 0.00 0.00 0.00 0
48953 0.00 0.00 0.00 0
48954 0.00 0.00 0.00 0
48955 0.00 0.00 0.00 0
48956 0.00 0.00 0.00 0
48957 0.00 0.00 0.00 0
48958 0.00 0.00 0.00 0
48959 0.00 0.00 0.00 0
48960 0.00 0.00 0.00 0
48961 0.00 0.00 0.00 0
49008 0.00 0.00 0.00 0
49009 0.00 0.00 0.00 0
49010 0.00 0.00 0.00 0
49011 0.00 0.00 0.00 0
49012 0.00 0.00 0.00 0
49013 0.00 0.00 0.00 0
49014 0.00 0.00 0.00 0
49015 0.00 0.00 0.00 0
49016 0.00 0.00 0.00 0
49017 0.00 0.00 0.00 0
49018 0.00 0.00 0.00 0
49019 0.00 0.00 0.00 0
49020 0.00 0.00 0.00 0
49021 0.00 0.00 0.00 0
49022 0.00 0.00 0.00 0
51623 0.00 0.00 0.00 0
51624 0.00 0.00 0.00 0
51625 0.00 0.00 0.00 0
51626 0.00 0.00 0.00 0
51627 0.00 0.00 0.00 0
51628 0.00 0.00 0.00 0
51629 0.00 0.00 0.00 0
51630 0.00 0.00 0.00 0
51631 0.00 0.00 0.00 0
51632 0.00 0.00 0.00 0
51633 0.00 0.00 0.00 0
51635 0.00 0.00 0.00 0
51653 0.00 0.00 0.00 0
51654 0.00 0.00 0.00 0
51655 0.00 0.00 0.00 0
51675 0.00 0.00 0.00 0
51676 0.00 0.00 0.00 0
51677 0.00 0.00 0.00 0
51678 0.00 0.00 0.00 0
51679 0.00 0.00 0.00 0
51680 0.00 0.00 0.00 0
51681 0.00 0.00 0.00 0
51682 0.00 0.00 0.00 0
51683 0.00 0.00 0.00 0
51684 0.00 0.00 0.00 0
51685 0.00 0.00 0.00 0
51686 0.00 0.00 0.00 0
51687 0.00 0.00 0.00 0
51688 0.00 0.00 0.00 0
51689 0.00 0.00 0.00 0
51710 0.00 0.00 0.00 0
51711 0.00 0.00 0.00 0
51712 0.00 0.00 0.00 0
51713 0.00 0.00 0.00 0
51714 0.00 0.00 0.00 0
51716 0.00 0.00 0.00 0
51717 0.00 0.00 0.00 0
51718 0.00 0.00 0.00 0
51719 0.00 0.00 0.00 0
51725 0.00 0.00 0.00 0
51726 0.00 0.00 0.00 0
51727 0.00 0.00 0.00 0
51728 0.00 0.00 0.00 0
51729 0.00 0.00 0.00 0
51731 0.00 0.00 0.00 0
54539 0.00 0.00 0.00 0
54540 0.00 0.00 0.00 0
54541 0.00 0.00 0.00 0
54542 0.00 0.00 0.00 0
54543 0.00 0.00 0.00 0
54544 0.00 0.00 0.00 0
54545 0.00 0.00 0.00 0
54546 0.00 0.00 0.00 0
54553 0.00 0.00 0.00 0
54554 0.00 0.00 0.00 0
54555 0.00 0.00 0.00 0
54570 0.00 0.00 0.00 0
54571 0.00 0.00 0.00 0
54572 0.00 0.00 0.00 0
54573 0.00 0.00 0.00 0
54574 0.00 0.00 0.00 0
54575 0.00 0.00 0.00 0
54576 0.00 0.00 0.00 0
54577 0.00 0.00 0.00 0
54578 0.00 0.00 0.00 0
54579 0.00 0.00 0.00 0
54580 0.00 0.00 0.00 0
54581 0.00 0.00 0.00 0
54582 0.00 0.00 0.00 0
54583 0.00 0.00 0.00 0
55448 0.00 0.00 0.00 0
55449 0.00 0.00 0.00 0
55450 0.00 0.00 0.00 0
55451 0.00 0.00 0.00 0
55452 0.00 0.00 0.00 0
55453 0.00 0.00 0.00 0
55454 0.00 0.00 0.00 0
55455 0.00 0.00 0.00 0
55456 0.00 0.00 0.00 0
55457 0.00 0.00 0.00 0
55458 0.00 0.00 0.00 0
55459 0.00 0.00 0.00 0
55460 0.00 0.00 0.00 0
55461 0.00 0.00 0.00 0
55462 0.00 0.00 0.00 0
55463 0.00 0.00 0.00 0
55464 0.00 0.00 0.00 0
57180 0.00 0.00 0.00 0
57182 0.00 0.00 0.00 0
57190 0.00 0.00 0.00 0
57191 0.00 0.00 0.00 0
57192 0.00 0.00 0.00 0
57193 0.00 0.00 0.00 0
57194 0.00 0.00 0.00 0
57195 0.00 0.00 0.00 0
57196 0.00 0.00 0.00 0
57197 0.00 0.00 0.00 0
57198 0.00 0.00 0.00 0
57199 0.00 0.00 0.00 0
57240 0.00 0.00 0.00 0
57241 0.00 0.00 0.00 0
57242 0.00 0.00 0.00 0
57243 0.00 0.00 0.00 0
57244 0.00 0.00 0.00 0
57245 0.00 0.00 0.00 0
57246 0.00 0.00 0.00 0
57247 0.00 0.00 0.00 0
58522 0.00 0.00 0.00 0
58523 0.00 0.00 0.00 0
58524 0.00 0.00 0.00 0
58525 0.00 0.00 0.00 0
58526 0.00 0.00 0.00 0
58527 0.00 0.00 0.00 0
58528 0.00 0.00 0.00 0
58529 0.00 0.00 0.00 0
58530 0.00 0.00 0.00 0
58531 0.00 0.00 0.00 0
58532 0.00 0.00 0.00 0
58534 0.00 0.00 0.00 0
58552 0.00 0.00 0.00 0
58553 0.00 0.00 0.00 0
58554 0.00 0.00 0.00 0
58555 0.00 0.00 0.00 0
58556 0.00 0.00 0.00 0
58557 0.00 0.00 0.00 0
58558 0.00 0.00 0.00 0
58559 0.00 0.00 0.00 0
58560 0.00 0.00 0.00 0
58598 0.00 0.00 0.00 0
58600 0.00 0.00 0.00 0
58601 0.00 0.00 0.00 0
58607 0.00 0.00 0.00 0
58608 0.00 0.00 0.00 0
58609 0.00 0.00 0.00 0
58610 0.00 0.00 0.00 0
58611 0.00 0.00 0.00 0
58612 0.00 0.00 0.00 0
58613 0.00 0.00 0.00 0
58614 0.00 0.00 0.00 0
58615 0.00 0.00 0.00 0
58616 0.00 0.00 0.00 0
58617 0.00 0.00 0.00 0
58618 0.00 0.00 0.00 0
58619 0.00 0.00 0.00 0
61223 0.00 0.00 0.00 0
61224 0.00 0.00 0.00 0
61225 0.00 0.00 0.00 0
61226 0.00 0.00 0.00 0
61227 0.00 0.00 0.00 0
61228 0.00 0.00 0.00 0
61229 0.00 0.00 0.00 0
61230 0.00 0.00 0.00 0
61231 0.00 0.00 0.00 0
61232 0.00 0.00 0.00 0
61233 0.00 0.00 0.00 0
61234 0.00 0.00 0.00 0
61235 0.00 0.00 0.00 0
61236 0.00 0.00 0.00 0
61237 0.00 0.00 0.00 0
61238 0.00 0.00 0.00 0
61253 0.00 0.00 0.00 0
61254 0.00 0.00 0.00 0
61255 0.00 0.00 0.00 0
61256 0.00 0.00 0.00 0
61257 0.00 0.00 0.00 0
61258 0.00 0.00 0.00 0
61259 0.00 0.00 0.00 0
61260 0.00 0.00 0.00 0
61262 0.00 0.00 0.00 0
61263 0.00 0.00 0.00 0
61264 0.00 0.00 0.00 0
61270 0.00 0.00 0.00 0
61271 0.00 0.00 0.00 0
61272 0.00 0.00 0.00 0
61273 0.00 0.00 0.00 0
61274 0.00 0.00 0.00 0
61275 0.00 0.00 0.00 0
61276 0.00 0.00 0.00 0
61277 0.00 0.00 0.00 0
61278 0.00 0.00 0.00 0
61279 0.00 0.00 0.00 0
61280 0.00 0.00 0.00 0
61281 0.00 0.00 0.00 0
61282 0.00 0.00 0.00 0
61283 0.00 0.00 0.00 0
61284 0.00 0.00 0.00 0
61286 0.00 0.00 0.00 0
61287 0.00 0.00 0.00 0
61288 0.00 0.00 0.00 0
61289 0.00 0.00 0.00 0
64379 0.00 0.00 0.00 0
64381 0.00 0.00 0.00 0
64382 0.00 0.00 0.00 0
64383 0.00 0.00 0.00 0
64384 0.00 0.00 0.00 0
64385 0.00 0.00 0.00 0
64386 0.00 0.00 0.00 0
64387 0.00 0.00 0.00 0
64388 0.00 0.00 0.00 0
64389 0.00 0.00 0.00 0
64390 0.00 0.00 0.00 0
64391 0.00 0.00 0.00 0
64392 0.00 0.00 0.00 0
64393 0.00 0.00 0.00 0
64394 0.00 0.00 0.00 0
65707 0.00 0.00 0.00 0
65722 0.00 0.00 0.00 0
65723 0.00 0.00 0.00 0
65724 0.00 0.00 0.00 0
65725 0.00 0.00 0.00 0
65726 0.00 0.00 0.00 0
65727 0.00 0.00 0.00 0
65728 0.00 0.00 0.00 0
65729 0.00 0.00 0.00 0
65730 0.00 0.00 0.00 0
65731 0.00 0.00 0.00 0
65732 0.00 0.00 0.00 0
65733 0.00 0.00 0.00 0
65734 0.00 0.00 0.00 0
65735 0.00 0.00 0.00 0
65736 0.00 0.00 0.00 0
65737 0.00 0.00 0.00 0
65738 0.00 0.00 0.00 0
65739 0.00 0.00 0.00 0
65740 0.00 0.00 0.00 0
65741 0.00 0.00 0.00 0
65742 0.00 0.00 0.00 0
65743 0.00 0.00 0.00 0
65744 0.00 0.00 0.00 0
65745 0.00 0.00 0.00 0
65746 0.00 0.00 0.00 0
65747 0.00 0.00 0.00 0
65748 0.00 0.00 0.00 0
65749 0.00 0.00 0.00 0
65750 0.00 0.00 0.00 0
65751 0.00 0.00 0.00 0
65752 0.00 0.00 0.00 0
65753 0.00 0.00 0.00 0
65754 0.00 0.00 0.00 0
65755 0.00 0.00 0.00 0
65756 0.00 0.00 0.00 0
65757 0.00 0.00 0.00 0
65758 0.00 0.00 0.00 0
65759 0.00 0.00 0.00 0
65760 0.00 0.00 0.00 0
65761 0.00 0.00 0.00 0
65798 0.00 0.00 0.00 0
65800 0.00 0.00 0.00 0
65801 0.00 0.00 0.00 0
65802 0.00 0.00 0.00 0
65803 0.00 0.00 0.00 0
65805 0.00 0.00 0.00 0
65806 0.00 0.00 0.00 0
65807 0.00 0.00 0.00 0
65808 0.00 0.00 0.00 0
65809 0.00 0.00 0.00 0
65810 0.00 0.00 0.00 0
65811 0.00 0.00 0.00 0
65812 0.00 0.00 0.00 0
65813 0.00 0.00 0.00 0
65814 0.00 0.00 0.00 0
65815 0.00 0.00 0.00 0
65816 0.00 0.00 0.00 0
65817 0.00 0.00 0.00 0
65818 0.00 0.00 0.00 0
65819 0.00 0.00 0.00 0
65820 0.00 0.00 0.00 0
65821 0.00 0.00 0.00 0
65822 0.00 0.00 0.00 0
65823 0.00 0.00 0.00 0
65824 0.00 0.00 0.00 0
65825 0.00 0.00 0.00 0
65826 0.00 0.00 0.00 0
65827 0.00 0.00 0.00 0
65828 0.00 0.00 0.00 0
68423 0.00 0.00 0.00 0
68424 0.00 0.00 0.00 0
68425 0.00 0.00 0.00 0
68426 0.00 0.00 0.00 0
68427 0.00 0.00 0.00 0
68428 0.00 0.00 0.00 0
68429 0.00 0.00 0.00 0
68430 0.00 0.00 0.00 0
68431 0.00 0.00 0.00 0
68432 0.00 0.00 0.00 0
68433 0.00 0.00 0.00 0
68434 0.00 0.00 0.00 0
68435 0.00 0.00 0.00 0
68436 0.00 0.00 0.00 0
68437 0.00 0.00 0.00 0
68438 0.00 0.00 0.00 0
68439 0.00 0.00 0.00 0
68440 0.00 0.00 0.00 0
68441 0.00 0.00 0.00 0
68442 0.00 0.00 0.00 0
68443 0.00 0.00 0.00 0
68444 0.00 0.00 0.00 0
68445 0.00 0.00 0.00 0
68446 0.00 0.00 0.00 0
68447 0.00 0.00 0.00 0
68448 0.00 0.00 0.00 0
68449 0.00 0.00 0.00 0
68450 0.00 0.00 0.00 0
68451 0.00 0.00 0.00 0
68452 0.00 0.00 0.00 0
68453 0.00 0.00 0.00 0
68454 0.00 0.00 0.00 0
68455 0.00 0.00 0.00 0
68456 0.00 0.00 0.00 0
68457 0.00 0.00 0.00 0
68458 0.00 0.00 0.00 0
68459 0.00 0.00 0.00 0
68460 0.00 0.00 0.00 0
68461 0.00 0.00 0.00 0
68462 0.00 0.00 0.00 0
68463 0.00 0.00 0.00 0
68464 0.00 0.00 0.00 0
68465 0.00 0.00 0.00 0
68466 0.00 0.00 0.00 0
68467 0.00 0.00 0.00 0
68468 0.00 0.00 0.00 0
68469 0.00 0.00 0.00 0
68470 0.00 0.00 0.00 0
68471 0.00 0.00 0.00 0
68472 0.00 0.00 0.00 0
68473 0.00 0.00 0.00 0
68474 0.00 0.00 0.00 0
68475 0.00 0.00 0.00 0
68476 0.00 0.00 0.00 0
68477 0.00 0.00 0.00 0
68481 0.00 0.00 0.00 0
71099 0.00 0.00 0.00 0
71100 0.00 0.00 0.00 0
71101 0.00 0.00 0.00 0
71102 0.00 0.00 0.00 0
71103 0.00 0.00 0.00 0
71104 0.00 0.00 0.00 0
71105 0.00 0.00 0.00 0
71106 0.00 0.00 0.00 0
71112 0.00 0.00 0.00 0
71113 0.00 0.00 0.00 0
71114 0.00 0.00 0.00 0
71115 0.00 0.00 0.00 0
71116 0.00 0.00 0.00 0
71118 0.00 0.00 0.00 0
71119 0.00 0.00 0.00 0
71120 0.00 0.00 0.00 0
71121 0.00 0.00 0.00 0
71230 0.00 0.00 0.00 0
71231 0.00 0.00 0.00 0
71232 0.00 0.00 0.00 0
71233 0.00 0.00 0.00 0
73672 0.00 0.00 0.00 0
73673 0.00 0.00 0.00 0
73674 0.00 0.00 0.00 0
73800 0.00 0.00 0.00 0
73801 0.00 0.00 0.00 0
73802 0.00 0.00 0.00 0
73803 0.00 0.00 0.00 0
73804 0.00 0.00 0.00 0
73805 0.00 0.00 0.00 0
73806 0.00 0.00 0.00 0
73807 0.00 0.00 0.00 0
73808 0.00 0.00 0.00 0
73809 0.00 0.00 0.00 0
73810 0.00 0.00 0.00 0
73811 0.00 0.00 0.00 0
73812 0.00 0.00 0.00 0
73813 0.00 0.00 0.00 0
73814 0.00 0.00 0.00 0
73815 0.00 0.00 0.00 0
73816 0.00 0.00 0.00 0
73817 0.00 0.00 0.00 0
73818 0.00 0.00 0.00 0
73819 0.00 0.00 0.00 0
73820 0.00 0.00 0.00 0
73821 0.00 0.00 0.00 0
73822 0.00 0.00 0.00 0
73828 0.00 0.00 0.00 0
73829 0.00 0.00 0.00 0
73830 0.00 0.00 0.00 0
73834 0.00 0.00 0.00 0
73835 0.00 0.00 0.00 0
73836 0.00 0.00 0.00 0
73837 0.00 0.00 0.00 0
73838 0.00 0.00 0.00 0
73839 0.00 0.00 0.00 0
73840 0.00 0.00 0.00 0
73841 0.00 0.00 0.00 0
73842 0.00 0.00 0.00 0
73843 0.00 0.00 0.00 0
73844 0.00 0.00 0.00 0
73845 0.00 0.00 0.00 0
73846 0.00 0.00 0.00 0
73847 0.00 0.00 0.00 0
73848 0.00 0.00 0.00 0
73849 0.00 0.00 0.00 0
73850 0.00 0.00 0.00 0
73851 0.00 0.00 0.00 0
73852 0.00 0.00 0.00 0
73859 0.00 0.00 0.00 0
73861 0.00 0.00 0.00 0
77647 0.00 0.00 0.00 0
77648 0.00 0.00 0.00 0
77649 0.00 0.00 0.00 0
77650 0.00 0.00 0.00 0
77651 0.00 0.00 0.00 0
77652 0.00 0.00 0.00 0
77653 0.00 0.00 0.00 0
77654 0.00 0.00 0.00 0
77655 0.00 0.00 0.00 0
77656 0.00 0.00 0.00 0
77657 0.00 0.00 0.00 0
77658 0.00 0.00 0.00 0
77659 0.00 0.00 0.00 0
77660 0.00 0.00 0.00 0
77661 0.00 0.00 0.00 0
77662 0.00 0.00 0.00 0
77663 0.00 0.00 0.00 0
77664 0.00 0.00 0.00 0
77670 0.00 0.00 0.00 0
77671 0.00 0.00 0.00 0
77672 0.00 0.00 0.00 0
77673 0.00 0.00 0.00 0
77674 0.00 0.00 0.00 0
77675 0.00 0.00 0.00 0
77676 0.00 0.00 0.00 0
77677 0.00 0.00 0.00 0
77678 0.00 0.00 0.00 0
77679 0.00 0.00 0.00 0
77680 0.00 0.00 0.00 0
77682 0.00 0.00 0.00 0
77683 0.00 0.00 0.00 0
77684 0.00 0.00 0.00 0
77685 0.00 0.00 0.00 0
77686 0.00 0.00 0.00 0
77687 0.00 0.00 0.00 0
77737 0.00 0.00 0.00 0
77739 0.00 0.00 0.00 0
77745 0.00 0.00 0.00 0
77746 0.00 0.00 0.00 0
77747 0.00 0.00 0.00 0
77762 0.00 0.00 0.00 0
77763 0.00 0.00 0.00 0
77764 0.00 0.00 0.00 0
77765 0.00 0.00 0.00 0
77766 0.00 0.00 0.00 0
77767 0.00 0.00 0.00 0
77768 0.00 0.00 0.00 0
77769 0.00 0.00 0.00 0
77773 0.00 0.00 0.00 0
77913 0.00 0.00 0.00 0
77917 0.00 0.00 0.00 0
77918 0.00 0.00 0.00 0
77919 0.00 0.00 0.00 0
77920 0.00 0.00 0.00 0
77921 0.00 0.00 0.00 0
77922 0.00 0.00 0.00 0
77923 0.00 0.00 0.00 0
77924 0.00 0.00 0.00 0
77925 0.00 0.00 0.00 0
77926 0.00 0.00 0.00 0
77927 0.00 0.00 0.00 0
77928 0.00 0.00 0.00 0
77929 0.00 0.00 0.00 0
77930 0.00 0.00 0.00 0
77931 0.00 0.00 0.00 0
77932 0.00 0.00 0.00 0
77933 0.00 0.00 0.00 0
77934 0.00 0.00 0.00 0
77935 0.00 0.00 0.00 0
77936 0.00 0.00 0.00 0
77937 0.00 0.00 0.00 0
77938 0.00 0.00 0.00 0
77939 0.00 0.00 0.00 0
77940 0.00 0.00 0.00 0
77941 0.00 0.00 0.00 0
77942 0.00 0.00 0.00 0
77943 0.00 0.00 0.00 0
77944 0.00 0.00 0.00 0
77945 0.00 0.00 0.00 0
77946 0.00 0.00 0.00 0
77947 0.00 0.00 0.00 0
77949 0.00 0.00 0.00 0
77953 0.00 0.00 0.00 0
77954 0.00 0.00 0.00 0
77955 0.00 0.00 0.00 0
77956 0.00 0.00 0.00 0
77957 0.00 0.00 0.00 0
85748 0.00 0.00 0.00 0
85749 0.00 0.00 0.00 0
85750 0.00 0.00 0.00 0
85751 0.00 0.00 0.00 0
85752 0.00 0.00 0.00 0
85753 0.00 0.00 0.00 0
85755 0.00 0.00 0.00 0
85756 0.00 0.00 0.00 0
85757 0.00 0.00 0.00 0
85758 0.00 0.00 0.00 0
85759 0.00 0.00 0.00 0
85760 0.00 0.00 0.00 0
85771 0.00 0.00 0.00 0
85772 0.00 0.00 0.00 0
85773 0.00 0.00 0.00 0
85774 0.00 0.00 0.00 0
85775 0.00 0.00 0.00 0
85776 0.00 0.00 0.00 0
85777 0.00 0.00 0.00 0
85778 0.00 0.00 0.00 0
85779 0.00 0.00 0.00 0
85780 0.00 0.00 0.00 0
85781 0.00 0.00 0.00 0
85782 0.00 0.00 0.00 0
85783 0.00 0.00 0.00 0
85784 0.00 0.00 0.00 0
85785 0.00 0.00 0.00 0
85786 0.00 0.00 0.00 0
85787 0.00 0.00 0.00 0
85788 0.00 0.00 0.00 0
85838 0.00 0.00 0.00 0
85839 0.00 0.00 0.00 0
85840 0.00 0.00 0.00 0
85841 0.00 0.00 0.00 0
85842 0.00 0.00 0.00 0
85846 0.00 0.00 0.00 0
85847 0.00 0.00 0.00 0
85848 0.00 0.00 0.00 0
85905 0.00 0.00 0.00 0
85906 0.00 0.00 0.00 0
85907 0.00 0.00 0.00 0
85908 0.00 0.00 0.00 0
85909 0.00 0.00 0.00 0
85910 0.00 0.00 0.00 0
85911 0.00 0.00 0.00 0
85912 0.00 0.00 0.00 0
85913 0.00 0.00 0.00 0
85914 0.00 0.00 0.00 0
85915 0.00 0.00 0.00 0
85916 0.00 0.00 0.00 0
85917 0.00 0.00 0.00 0
85918 0.00 0.00 0.00 0
85919 0.00 0.00 0.00 0
85920 0.00 0.00 0.00 0
85922 0.00 0.00 0.00 0
85935 0.00 0.00 0.00 0
85936 0.00 0.00 0.00 0
85937 0.00 0.00 0.00 0
85938 0.00 0.00 0.00 0
85939 0.00 0.00 0.00 0
85940 0.00 0.00 0.00 0
85945 0.00 0.00 0.00 0
86006 0.00 0.00 0.00 0
86008 0.00 0.00 0.00 0
86009 0.00 0.00 0.00 0
86010 0.00 0.00 0.00 0
86011 0.00 0.00 0.00 0
86012 0.00 0.00 0.00 0
86013 0.00 0.00 0.00 0
86014 0.00 0.00 0.00 0
86015 0.00 0.00 0.00 0
86020 0.00 0.00 0.00 0
86025 0.00 0.00 0.00 0
86026 0.00 0.00 0.00 0
86027 0.00 0.00 0.00 0
86028 0.00 0.00 0.00 0
86029 0.00 0.00 0.00 0
86055 0.00 0.00 0.00 0
86056 0.00 0.00 0.00 0
86057 0.00 0.00 0.00 0
86058 0.00 0.00 0.00 0
86059 0.00 0.00 0.00 0
86071 0.00 0.00 0.00 0
86072 0.00 0.00 0.00 0
86073 0.00 0.00 0.00 0
86074 0.00 0.00 0.00 0
92627 0.00 0.00 0.00 0
92628 0.00 0.00 0.00 0
92629 0.00 0.00 0.00 0
92630 0.00 0.00 0.00 0
92631 0.00 0.00 0.00 0
92646 0.00 0.00 0.00 0
92647 0.00 0.00 0.00 0
92648 0.00 0.00 0.00 0
92649 0.00 0.00 0.00 0
92650 0.00 0.00 0.00 0
92651 0.00 0.00 0.00 0
92652 0.00 0.00 0.00 0
92653 0.00 0.00 0.00 0
93174 0.00 0.00 0.00 0
93176 0.00 0.00 0.00 0
93177 0.00 0.00 0.00 0
93178 0.00 0.00 0.00 0
93179 0.00 0.00 0.00 0
93180 0.00 0.00 0.00 0
94212 0.00 0.00 0.00 0
94213 0.00 0.00 0.00 0
94214 0.00 0.00 0.00 0
94215 0.00 0.00 0.00 0
94216 0.00 0.00 0.00 0
94217 0.00 0.00 0.00 0
94218 0.00 0.00 0.00 0
94219 0.00 0.00 0.00 0
94220 0.00 0.00 0.00 0
94221 0.00 0.00 0.00 0
94222 0.00 0.00 0.00 0
94223 0.00 0.00 0.00 0
94224 0.00 0.00 0.00 0
94248 0.00 0.00 0.00 0
94249 0.00 0.00 0.00 0
94250 0.00 0.00 0.00 0
94251 0.00 0.00 0.00 0
94252 0.00 0.00 0.00 0
95017 0.00 0.00 0.00 0
95018 0.00 0.00 0.00 0
95019 0.00 0.00 0.00 0
95020 0.00 0.00 0.00 0
95021 0.00 0.00 0.00 0
95022 0.00 0.00 0.00 0
95023 0.00 0.00 0.00 0
95024 0.00 0.00 0.00 0
95035 0.00 0.00 0.00 0
95036 0.00 0.00 0.00 0
95037 0.00 0.00 0.00 0
95063 0.00 0.00 0.00 0
95064 0.00 0.00 0.00 0
95065 0.00 0.00 0.00 0
95066 0.00 0.00 0.00 0
95067 0.00 0.00 0.00 0
95068 0.00 0.00 0.00 0
95069 0.00 0.00 0.00 0
95070 0.00 0.00 0.00 0
95071 0.00 0.00 0.00 0
95072 0.00 0.00 0.00 0
95073 0.00 0.00 0.00 0
95074 0.00 0.00 0.00 0
95075 0.00 0.00 0.00 0
96638 0.00 0.00 0.00 0
96639 0.00 0.00 0.00 0
96640 0.00 0.00 0.00 0
96641 0.00 0.00 0.00 0
96642 0.00 0.00 0.00 0
96643 0.00 0.00 0.00 0
96644 0.00 0.00 0.00 0
96645 0.00 0.00 0.00 0
96646 0.00 0.00 0.00 0
96647 0.00 0.00 0.00 0
96648 0.00 0.00 0.00 0
96649 0.00 0.00 0.00 0
96650 0.00 0.00 0.00 0
96655 0.00 0.00 0.00 0
96656 0.00 0.00 0.00 0
96657 0.00 0.00 0.00 0
96658 0.00 0.00 0.00 0
96659 0.00 0.00 0.00 0
96660 0.00 0.00 0.00 0
96661 0.00 0.00 0.00 0
96662 0.00 0.00 0.00 0
96663 0.00 0.00 0.00 0
96664 0.00 0.00 0.00 0
96665 0.00 0.00 0.00 0
96666 0.00 0.00 0.00 0
96667 0.00 0.00 0.00 0
96668 0.00 0.00 0.00 0
96673 0.00 0.00 0.00 0
96674 0.00 0.00 0.00 0
98527 0.00 0.00 0.00 0
98529 0.00 0.00 0.00 0
98530 0.00 0.00 0.00 0
98531 0.00 0.00 0.00 0
98533 0.00 0.00 0.00 0
98535 0.00 0.00 0.00 0
98536 0.00 0.00 0.00 0
98537 0.00 0.00 0.00 0
98538 0.00 0.00 0.00 0
99328 0.00 0.00 0.00 0
99337 0.00 0.00 0.00 0
99338 0.00 0.00 0.00 0
99339 0.00 0.00 0.00 0
99340 0.00 0.00 0.00 0
99341 0.00 0.00 0.00 0
99342 0.00 0.00 0.00 0
99343 0.00 0.00 0.00 0
99344 0.00 0.00 0.00 0
99345 0.00 0.00 0.00 0
99346 0.00 0.00 0.00 0
99347 0.00 0.00 0.00 0
99348 0.00 0.00 0.00 0
99349 0.00 0.00 0.00 0
99350 0.00 0.00 0.00 0
99351 0.00 0.00 0.00 0
99352 0.00 0.00 0.00 0
99353 0.00 0.00 0.00 0
99354 0.00 0.00 0.00 0
99356 0.00 0.00 0.00 0
99383 0.00 0.00 0.00 0
99384 0.00 0.00 0.00 0
99385 0.00 0.00 0.00 0
99386 0.00 0.00 0.00 0
99387 0.00 0.00 0.00 0
99388 0.00 0.00 0.00 0
99389 0.00 0.00 0.00 0
99390 0.00 0.00 0.00 0
99391 0.00 0.00 0.00 0
99392 0.00 0.00 0.00 0
99393 0.00 0.00 0.00 0
99394 0.00 0.00 0.00 0
99395 0.00 0.00 0.00 0
99396 0.00 0.00 0.00 0
99397 0.00 0.00 0.00 0
99398 0.00 0.00 0.00 0
99399 0.00 0.00 0.00 0
99400 0.00 0.00 0.00 0
100958 0.00 0.00 0.00 0
100959 0.00 0.00 0.00 0
100960 0.00 0.00 0.00 0
100961 0.00 0.00 0.00 0
100962 0.00 0.00 0.00 0
100963 0.00 0.00 0.00 0
100964 0.00 0.00 0.00 0
100965 0.00 0.00 0.00 0
100966 0.00 0.00 0.00 0
100967 0.00 0.00 0.00 0
100968 0.00 0.00 0.00 0
100969 0.00 0.00 0.00 0
100970 0.00 0.00 0.00 0
100971 0.00 0.00 0.00 0
100972 0.00 0.00 0.00 0
100973 0.00 0.00 0.00 0
100974 0.00 0.00 0.00 0
100975 0.00 0.00 0.00 0
100976 0.00 0.00 0.00 0
100977 0.00 0.00 0.00 0
100978 0.00 0.00 0.00 0
100979 0.00 0.00 0.00 0
100980 0.00 0.00 0.00 0
100981 0.00 0.00 0.00 0
100982 0.00 0.00 0.00 0
100983 0.00 0.00 0.00 0
100984 0.00 0.00 0.00 0
100985 0.00 0.00 0.00 0
100986 0.00 0.00 0.00 0
100987 0.00 0.00 0.00 0
100988 0.00 0.00 0.00 0
102563 0.00 0.00 0.00 0
102564 0.00 0.00 0.00 0
102565 0.00 0.00 0.00 0
102566 0.00 0.00 0.00 0
102567 0.00 0.00 0.00 0
102643 0.00 0.00 0.00 0
104184 0.00 0.00 0.00 0
104185 0.00 0.00 0.00 0
104186 0.00 0.00 0.00 0
104187 0.00 0.00 0.00 0
104188 0.00 0.00 0.00 0
104189 0.00 0.00 0.00 0
104190 0.00 0.00 0.00 0
104191 0.00 0.00 0.00 0
104192 0.00 0.00 0.00 0
104193 0.00 0.00 0.00 0
104194 0.00 0.00 0.00 0
104195 0.00 0.00 0.00 0
104196 0.00 0.00 0.00 0
104197 0.00 0.00 0.00 0
104207 0.00 0.00 0.00 0
104208 0.00 0.00 0.00 0
104209 0.00 0.00 0.00 0
104210 0.00 0.00 0.00 0
104211 0.00 0.00 0.00 0
104212 0.00 0.00 0.00 0
104213 0.00 0.00 0.00 0
104214 0.00 0.00 0.00 0
104215 0.00 0.00 0.00 0
106492 0.00 0.00 0.00 0
106493 0.00 0.00 0.00 0
106494 0.00 0.00 0.00 0
106495 0.00 0.00 0.00 0
106496 0.00 0.00 0.00 0
106497 0.00 0.00 0.00 0
106498 0.00 0.00 0.00 0
106499 0.00 0.00 0.00 0
106500 0.00 0.00 0.00 0
106501 0.00 0.00 0.00 0
106502 0.00 0.00 0.00 0
106503 0.00 0.00 0.00 0
106504 0.00 0.00 0.00 0
106505 0.00 0.00 0.00 0
106506 0.00 0.00 0.00 0
106507 0.00 0.00 0.00 0
106508 0.00 0.00 0.00 0
106509 0.00 0.00 0.00 0
106510 0.00 0.00 0.00 0
106546 0.00 0.00 0.00 0
106547 0.00 0.00 0.00 0
106548 0.00 0.00 0.00 0
106549 0.00 0.00 0.00 0
106551 0.00 0.00 0.00 0
106552 0.00 0.00 0.00 0
106553 0.00 0.00 0.00 0
106554 0.00 0.00 0.00 0
106561 0.00 0.00 0.00 0
106562 0.00 0.00 0.00 0
106563 0.00 0.00 0.00 0
106646 0.00 0.00 0.00 0
106648 0.00 0.00 0.00 0
106649 0.00 0.00 0.00 0
106652 0.00 0.00 0.00 0
106653 0.00 0.00 0.00 0
106654 0.00 0.00 0.00 0
106655 0.00 0.00 0.00 0
106656 0.00 0.00 0.00 0
106657 0.00 0.00 0.00 0
106658 0.00 0.00 0.00 0
106659 0.00 0.00 0.00 0
106660 0.00 0.00 0.00 0
106661 0.00 0.00 0.00 0
106662 0.00 0.00 0.00 0
106663 0.00 0.00 0.00 0
106664 0.00 0.00 0.00 0
106665 0.00 0.00 0.00 0
106666 0.00 0.00 0.00 0
106667 0.00 0.00 0.00 0
106668 0.00 0.00 0.00 0
106669 0.00 0.00 0.00 0
106670 0.00 0.00 0.00 0
106671 0.00 0.00 0.00 0
106672 0.00 0.00 0.00 0
111353 0.00 0.00 0.00 0
111354 0.00 0.00 0.00 0
111355 0.00 0.00 0.00 0
111356 0.00 0.00 0.00 0
111357 0.00 0.00 0.00 0
111358 0.00 0.00 0.00 0
111359 0.00 0.00 0.00 0
111360 0.00 0.00 0.00 0
111361 0.00 0.00 0.00 0
111362 0.00 0.00 0.00 0
111367 0.00 0.00 0.00 0
111368 0.00 0.00 0.00 0
111369 0.00 0.00 0.00 0
111370 0.00 0.00 0.00 0
111371 0.00 0.00 0.00 0
111372 0.00 0.00 0.00 0
111373 0.00 0.00 0.00 0
111374 0.00 0.00 0.00 0
111375 0.00 0.00 0.00 0
111376 0.00 0.00 0.00 0
111407 0.00 0.00 0.00 0
111408 0.00 0.00 0.00 0
111409 0.00 0.00 0.00 0
111410 0.00 0.00 0.00 0
111411 0.00 0.00 0.00 0
111412 0.00 0.00 0.00 0
111413 0.00 0.00 0.00 0
111447 0.00 0.00 0.00 0
111448 0.00 0.00 0.00 0
111449 0.00 0.00 0.00 0
111450 0.00 0.00 0.00 0
111451 0.00 0.00 0.00 0
111452 0.00 0.00 0.00 0
111453 0.00 0.00 0.00 0
111454 0.00 0.00 0.00 0
111455 0.00 0.00 0.00 0
111456 0.00 0.00 0.00 0
111457 0.00 0.00 0.00 0
111458 0.00 0.00 0.00 0
111459 0.00 0.00 0.00 0
111463 0.00 0.00 0.00 0
111464 0.00 0.00 0.00 0
111465 0.00 0.00 0.00 0
111466 0.00 0.00 0.00 0
111467 0.00 0.00 0.00 0
111468 0.00 0.00 0.00 0
111469 0.00 0.00 0.00 0
111470 0.00 0.00 0.00 0
111471 0.00 0.00 0.00 0
111472 0.00 0.00 0.00 0
111473 0.00 0.00 0.00 0
111510 0.00 0.00 0.00 0
111511 0.00 0.00 0.00 0
111512 0.00 0.00 0.00 0
111513 0.00 0.00 0.00 0
111514 0.00 0.00 0.00 0
111515 0.00 0.00 0.00 0
111516 0.00 0.00 0.00 0
111517 0.00 0.00 0.00 0
111518 0.00 0.00 0.00 0
111519 0.00 0.00 0.00 0
111520 0.00 0.00 0.00 0
111521 0.00 0.00 0.00 0
111522 0.00 0.00 0.00 0
111523 0.00 0.00 0.00 0
111525 0.00 0.00 0.00 0
111526 0.00 0.00 0.00 0
111527 0.00 0.00 0.00 0
111537 0.00 0.00 0.00 0
111538 0.00 0.00 0.00 0
111539 0.00 0.00 0.00 0
111540 0.00 0.00 0.00 0
111541 0.00 0.00 0.00 0
111543 0.00 0.00 0.00 0
111544 0.00 0.00 0.00 0
111545 0.00 0.00 0.00 0
111547 0.00 0.00 0.00 0
111548 0.00 0.00 0.00 0
111549 0.00 0.00 0.00 0
111550 0.00 0.00 0.00 0
115672 0.00 0.00 0.00 0
115673 0.00 0.00 0.00 0
115674 0.00 0.00 0.00 0
116291 0.00 0.00 0.00 0
116293 0.00 0.00 0.00 0
116294 0.00 0.00 0.00 0
116295 0.00 0.00 0.00 0
116296 0.00 0.00 0.00 0
116297 0.00 0.00 0.00 0
116298 0.00 0.00 0.00 0
116299 0.00 0.00 0.00 0
116300 0.00 0.00 0.00 0
116301 0.00 0.00 0.00 0
116305 0.00 0.00 0.00 0
116306 0.00 0.00 0.00 0
116308 0.00 0.00 0.00 0
116309 0.00 0.00 0.00 0
116310 0.00 0.00 0.00 0
116311 0.00 0.00 0.00 0
116312 0.00 0.00 0.00 0
116313 0.00 0.00 0.00 0
116314 0.00 0.00 0.00 0
116315 0.00 0.00 0.00 0
116316 0.00 0.00 0.00 0
116337 0.00 0.00 0.00 0
116338 0.00 0.00 0.00 0
116339 0.00 0.00 0.00 0
116340 0.00 0.00 0.00 0
116341 0.00 0.00 0.00 0
116342 0.00 0.00 0.00 0
116343 0.00 0.00 0.00 0
116344 0.00 0.00 0.00 0
116345 0.00 0.00 0.00 0
116346 0.00 0.00 0.00 0
116347 0.00 0.00 0.00 0
116348 0.00 0.00 0.00 0
116349 0.00 0.00 0.00 0
116350 0.00 0.00 0.00 0
116351 0.00 0.00 0.00 0
116352 0.00 0.00 0.00 0
116353 0.00 0.00 0.00 0
117563 0.00 0.00 0.00 0
117564 0.00 0.00 0.00 0
117565 0.00 0.00 0.00 0
117566 0.00 0.00 0.00 0
117567 0.00 0.00 0.00 0
117568 0.00 0.00 0.00 0
117569 0.00 0.00 0.00 0
117570 0.00 0.00 0.00 0
117571 0.00 0.00 0.00 0
117572 0.00 0.00 0.00 0
117573 0.00 0.00 0.00 0
117574 0.00 0.00 0.00 0
117575 0.00 0.00 0.00 0
117576 0.00 0.00 0.00 0
117577 0.00 0.00 0.00 0
117578 0.00 0.00 0.00 0
117579 0.00 0.00 0.00 0
117580 0.00 0.00 0.00 0
117581 0.00 0.00 0.00 0
117582 0.00 0.00 0.00 0
117583 0.00 0.00 0.00 0
117584 0.00 0.00 0.00 0
117585 0.00 0.00 0.00 0
117586 0.00 0.00 0.00 0
119993 0.00 0.00 0.00 0
120006 0.00 0.00 0.00 0
120007 0.00 0.00 0.00 0
120011 0.00 0.00 0.00 0
120012 0.00 0.00 0.00 0
120013 0.00 0.00 0.00 0
120014 0.00 0.00 0.00 0
120015 0.00 0.00 0.00 0
120072 0.00 0.00 0.00 0
120073 0.00 0.00 0.00 0
120074 0.00 0.00 0.00 0
120075 0.00 0.00 0.00 0
120076 0.00 0.00 0.00 0
120077 0.00 0.00 0.00 0
120078 0.00 0.00 0.00 0
120079 0.00 0.00 0.00 0
120080 0.00 0.00 0.00 0
120081 0.00 0.00 0.00 0
120082 0.00 0.00 0.00 0
121867 0.00 0.00 0.00 0
121868 0.00 0.00 0.00 0
121869 0.00 0.00 0.00 0
121870 0.00 0.00 0.00 0
121871 0.00 0.00 0.00 0
121872 0.00 0.00 0.00 0
121873 0.00 0.00 0.00 0
121874 0.00 0.00 0.00 0
121875 0.00 0.00 0.00 0
121876 0.00 0.00 0.00 0
121877 0.00 0.00 0.00 0
121878 0.00 0.00 0.00 0
121879 0.00 0.00 0.00 0
121880 0.00 0.00 0.00 0
121881 0.00 0.00 0.00 0
121882 0.00 0.00 0.00 0
121883 0.00 0.00 0.00 0
121884 0.00 0.00 0.00 0
121885 0.00 0.00 0.00 0
121909 0.00 0.00 0.00 0
121910 0.00 0.00 0.00 0
121911 0.00 0.00 0.00 0
121912 0.00 0.00 0.00 0
121913 0.00 0.00 0.00 0
121914 0.00 0.00 0.00 0
121915 0.00 0.00 0.00 0
121916 0.00 0.00 0.00 0
121917 0.00 0.00 0.00 0
121918 0.00 0.00 0.00 0
121919 0.00 0.00 0.00 0
121920 0.00 0.00 0.00 0
121921 0.00 0.00 0.00 0
121922 0.00 0.00 0.00 0
121978 0.00 0.00 0.00 0
121987 0.00 0.00 0.00 0
121988 0.00 0.00 0.00 0
121989 0.00 0.00 0.00 0
121990 0.00 0.00 0.00 0
121991 0.00 0.00 0.00 0
121992 0.00 0.00 0.00 0
121993 0.00 0.00 0.00 0
121994 0.00 0.00 0.00 0
121995 0.00 0.00 0.00 0
121996 0.00 0.00 0.00 0
121997 0.00 0.00 0.00 0
121998 0.00 0.00 0.00 0
121999 0.00 0.00 0.00 0
122000 0.00 0.00 0.00 0
122001 0.00 0.00 0.00 0
122002 0.00 0.00 0.00 0
122003 0.00 0.00 0.00 0
122004 0.00 0.00 0.00 0
122005 0.00 0.00 0.00 0
125648 0.00 0.00 0.00 0
125649 0.00 0.00 0.00 0
125650 0.00 0.00 0.00 0
125651 0.00 0.00 0.00 0
125652 0.00 0.00 0.00 0
125653 0.00 0.00 0.00 0
125654 0.00 0.00 0.00 0
125655 0.00 0.00 0.00 0
125656 0.00 0.00 0.00 0
125657 0.00 0.00 0.00 0
125658 0.00 0.00 0.00 0
125659 0.00 0.00 0.00 0
125660 0.00 0.00 0.00 0
125661 0.00 0.00 0.00 0
125662 0.00 0.00 0.00 0
125663 0.00 0.00 0.00 0
125664 0.00 0.00 0.00 0
125665 0.00 0.00 0.00 0
125666 0.00 0.00 0.00 0
125667 0.00 0.00 0.00 0
125668 0.00 0.00 0.00 0
125690 0.00 0.00 0.00 0
125691 0.00 0.00 0.00 0
125692 0.00 0.00 0.00 0
125693 0.00 0.00 0.00 0
125694 0.00 0.00 0.00 0
125695 0.00 0.00 0.00 0
125696 0.00 0.00 0.00 0
125697 0.00 0.00 0.00 0
125698 0.00 0.00 0.00 0
125705 0.00 0.00 0.00 0
125715 0.00 0.00 0.00 0
125720 0.00 0.00 0.00 0
125721 0.00 0.00 0.00 0
125722 0.00 0.00 0.00 0
125723 0.00 0.00 0.00 0
125724 0.00 0.00 0.00 0
125725 0.00 0.00 0.00 0
125726 0.00 0.00 0.00 0
125727 0.00 0.00 0.00 0
125728 0.00 0.00 0.00 0
125729 0.00 0.00 0.00 0
125730 0.00 0.00 0.00 0
125731 0.00 0.00 0.00 0
125732 0.00 0.00 0.00 0
125733 0.00 0.00 0.00 0
125734 0.00 0.00 0.00 0
125735 0.00 0.00 0.00 0
125736 0.00 0.00 0.00 0
125737 0.00 0.00 0.00 0
125738 0.00 0.00 0.00 0
125739 0.00 0.00 0.00 0
125740 0.00 0.00 0.00 0
125741 0.00 0.00 0.00 0
125774 0.00 0.00 0.00 0
129933 0.00 0.00 0.00 0
129934 0.00 0.00 0.00 0
129935 0.00 0.00 0.00 0
129936 0.00 0.00 0.00 0
129937 0.00 0.00 0.00 0
129938 0.00 0.00 0.00 0
129939 0.00 0.00 0.00 0
129942 0.00 0.00 0.00 0
129943 0.00 0.00 0.00 0
129944 0.00 0.00 0.00 0
129945 0.00 0.00 0.00 0
129946 0.00 0.00 0.00 0
129947 0.00 0.00 0.00 0
129948 0.00 0.00 0.00 0
129949 0.00 0.00 0.00 0
129950 0.00 0.00 0.00 0
129951 0.00 0.00 0.00 0
131632 0.00 0.00 0.00 0
131633 0.00 0.00 0.00 0
131634 0.00 0.00 0.00 0
131635 0.00 0.00 0.00 0
131636 0.00 0.00 0.00 0
131637 0.00 0.00 0.00 0
131638 0.00 0.00 0.00 0
131639 0.00 0.00 0.00 0
131640 0.00 0.00 0.00 0
131641 0.00 0.00 0.00 0
131642 0.00 0.00 0.00 0
131643 0.00 0.00 0.00 0
131644 0.00 0.00 0.00 0
131645 0.00 0.00 0.00 0
131646 0.00 0.00 0.00 0
131647 0.00 0.00 0.00 0
131648 0.00 0.00 0.00 0
131649 0.00 0.00 0.00 0
131650 0.00 0.00 0.00 0
131651 0.00 0.00 0.00 0
131652 0.00 0.00 0.00 0
131653 0.00 0.00 0.00 0
131654 0.00 0.00 0.00 0
131655 0.00 0.00 0.00 0
131656 0.00 0.00 0.00 0
131657 0.00 0.00 0.00 0
131658 0.00 0.00 0.00 0
131659 0.00 0.00 0.00 0
131660 0.00 0.00 0.00 0
131662 0.00 0.00 0.00 0
131663 0.00 0.00 0.00 0
131664 0.00 0.00 0.00 0
131665 0.00 0.00 0.00 0
131666 0.00 0.00 0.00 0
131667 0.00 0.00 0.00 0
131668 0.00 0.00 0.00 0
131669 0.00 0.00 0.00 0
131670 0.00 0.00 0.00 0
131671 0.00 0.00 0.00 0
131672 0.00 0.00 0.00 0
131673 0.00 0.00 0.00 0
131674 0.00 0.00 0.00 0
131675 0.00 0.00 0.00 0
131676 0.00 0.00 0.00 0
131677 0.00 0.00 0.00 0
131678 0.00 0.00 0.00 0
131679 0.00 0.00 0.00 0
131680 0.00 0.00 0.00 0
131681 0.00 0.00 0.00 0
131682 0.00 0.00 0.00 0
131732 0.00 0.00 0.00 0
131738 0.00 0.00 0.00 0
131739 0.00 0.00 0.00 0
131740 0.00 0.00 0.00 0
131741 0.00 0.00 0.00 0
131742 0.00 0.00 0.00 0
131743 0.00 0.00 0.00 0
131744 0.00 0.00 0.00 0
131745 0.00 0.00 0.00 0
131746 0.00 0.00 0.00 0
131747 0.00 0.00 0.00 0
131748 0.00 0.00 0.00 0
131749 0.00 0.00 0.00 0
131750 0.00 0.00 0.00 0
131751 0.00 0.00 0.00 0
131752 0.00 0.00 0.00 0
131753 0.00 0.00 0.00 0
131754 0.00 0.00 0.00 0
131755 0.00 0.00 0.00 0
131756 0.00 0.00 0.00 0
131757 0.00 0.00 0.00 0
131758 0.00 0.00 0.00 0
131759 0.00 0.00 0.00 0
131760 0.00 0.00 0.00 0
131761 0.00 0.00 0.00 0
131762 0.00 0.00 0.00 0
131763 0.00 0.00 0.00 0
131764 0.00 0.00 0.00 0
131765 0.00 0.00 0.00 0
131766 0.00 0.00 0.00 0
135053 0.00 0.00 0.00 0
135054 0.00 0.00 0.00 0
135055 0.00 0.00 0.00 0
135056 0.00 0.00 0.00 0
135057 0.00 0.00 0.00 0
135058 0.00 0.00 0.00 0
135059 0.00 0.00 0.00 0
135060 0.00 0.00 0.00 0
135061 0.00 0.00 0.00 0
135062 0.00 0.00 0.00 0
135063 0.00 0.00 0.00 0
135064 0.00 0.00 0.00 0
135065 0.00 0.00 0.00 0
135066 0.00 0.00 0.00 0
135067 0.00 0.00 0.00 0
135068 0.00 0.00 0.00 0
135069 0.00 0.00 0.00 0
135070 0.00 0.00 0.00 0
135071 0.00 0.00 0.00 0
135072 0.00 0.00 0.00 0
135073 0.00 0.00 0.00 0
135074 0.00 0.00 0.00 0
135075 0.00 0.00 0.00 0
135076 0.00 0.00 0.00 0
135077 0.00 0.00 0.00 0
135078 0.00 0.00 0.00 0
135079 0.00 0.00 0.00 0
135080 0.00 0.00 0.00 0
135081 0.00 0.00 0.00 0
135082 0.00 0.00 0.00 0
135083 0.00 0.00 0.00 0
135084 0.00 0.00 0.00 0
135085 0.00 0.00 0.00 0
135086 0.00 0.00 0.00 0
135087 0.00 0.00 0.00 0
135088 0.00 0.00 0.00 0
135089 0.00 0.00 0.00 0
135090 0.00 0.00 0.00 0
135091 0.00 0.00 0.00 0
135092 0.00 0.00 0.00 0
135093 0.00 0.00 0.00 0
135094 0.00 0.00 0.00 0
135095 0.00 0.00 0.00 0
135096 0.00 0.00 0.00 0
135097 0.00 0.00 0.00 0
135098 0.00 0.00 0.00 0
135099 0.00 0.00 0.00 0
135100 0.00 0.00 0.00 0
135101 0.00 0.00 0.00 0
135102 0.00 0.00 0.00 0
135103 0.00 0.00 0.00 0
135104 0.00 0.00 0.00 0
135105 0.00 0.00 0.00 0
135106 0.00 0.00 0.00 0
135107 0.00 0.00 0.00 0
135108 0.00 0.00 0.00 0
135109 0.00 0.00 0.00 0
135110 0.00 0.00 0.00 0
135111 0.00 0.00 0.00 0
135112 0.00 0.00 0.00 0
135113 0.00 0.00 0.00 0
135114 0.00 0.00 0.00 0
135115 0.00 0.00 0.00 0
135116 0.00 0.00 0.00 0
135117 0.00 0.00 0.00 0
135118 0.00 0.00 0.00 0
135119 0.00 0.00 0.00 0
135120 0.00 0.00 0.00 0
135121 0.00 0.00 0.00 0
135122 0.00 0.00 0.00 0
135124 0.00 0.00 0.00 0
135125 0.00 0.00 0.00 0
135126 0.00 0.00 0.00 0
135127 0.00 0.00 0.00 0
135128 0.00 0.00 0.00 0
135129 0.00 0.00 0.00 0
138419 0.00 0.00 0.00 0
138420 0.00 0.00 0.00 0
138421 0.00 0.00 0.00 0
138422 0.00 0.00 0.00 0
138423 0.00 0.00 0.00 0
138424 0.00 0.00 0.00 0
138425 0.00 0.00 0.00 0
138426 0.00 0.00 0.00 0
138427 0.00 0.00 0.00 0
138428 0.00 0.00 0.00 0
138429 0.00 0.00 0.00 0
138432 0.00 0.00 0.00 0
138435 0.00 0.00 0.00 0
138436 0.00 0.00 0.00 0
138437 0.00 0.00 0.00 0
138438 0.00 0.00 0.00 0
138439 0.00 0.00 0.00 0
138440 0.00 0.00 0.00 0
138441 0.00 0.00 0.00 0
138442 0.00 0.00 0.00 0
138443 0.00 0.00 0.00 0
138444 0.00 0.00 0.00 0
138445 0.00 0.00 0.00 0
138446 0.00 0.00 0.00 0
138447 0.00 0.00 0.00 0
138472 0.00 0.00 0.00 0
138473 0.00 0.00 0.00 0
138474 0.00 0.00 0.00 0
138475 0.00 0.00 0.00 0
138476 0.00 0.00 0.00 0
138477 0.00 0.00 0.00 0
138480 0.00 0.00 0.00 0
138578 0.00 0.00 0.00 0
138579 0.00 0.00 0.00 0
138580 0.00 0.00 0.00 0
138581 0.00 0.00 0.00 0
138582 0.00 0.00 0.00 0
138583 0.00 0.00 0.00 0
141568 0.00 0.00 0.00 0
141720 0.00 0.00 0.00 0
141721 0.00 0.00 0.00 0
141722 0.00 0.00 0.00 0
141723 0.00 0.00 0.00 0
141724 0.00 0.00 0.00 0
141725 0.00 0.00 0.00 0
141726 0.00 0.00 0.00 0
141727 0.00 0.00 0.00 0
141728 0.00 0.00 0.00 0
141729 0.00 0.00 0.00 0
141730 0.00 0.00 0.00 0
141731 0.00 0.00 0.00 0
141732 0.00 0.00 0.00 0
141733 0.00 0.00 0.00 0
141734 0.00 0.00 0.00 0
141735 0.00 0.00 0.00 0
141736 0.00 0.00 0.00 0
141737 0.00 0.00 0.00 0
141738 0.00 0.00 0.00 0
141739 0.00 0.00 0.00 0
141740 0.00 0.00 0.00 0
141741 0.00 0.00 0.00 0
141742 0.00 0.00 0.00 0
141743 0.00 0.00 0.00 0
141744 0.00 0.00 0.00 0
141745 0.00 0.00 0.00 0
141746 0.00 0.00 0.00 0
141747 0.00 0.00 0.00 0
141748 0.00 0.00 0.00 0
141750 0.00 0.00 0.00 0
141751 0.00 0.00 0.00 0
141754 0.00 0.00 0.00 0
141755 0.00 0.00 0.00 0
141756 0.00 0.00 0.00 0
141757 0.00 0.00 0.00 0
141763 0.00 0.00 0.00 0
141764 0.00 0.00 0.00 0
141765 0.00 0.00 0.00 0
141766 0.00 0.00 0.00 0
141767 0.00 0.00 0.00 0
141768 0.00 0.00 0.00 0
141769 0.00 0.00 0.00 0
141770 0.00 0.00 0.00 0
141771 0.00 0.00 0.00 0
141772 0.00 0.00 0.00 0
141773 0.00 0.00 0.00 0
141774 0.00 0.00 0.00 0
141775 0.00 0.00 0.00 0
141776 0.00 0.00 0.00 0
141777 0.00 0.00 0.00 0
141778 0.00 0.00 0.00 0
141779 0.00 0.00 0.00 0
141780 0.00 0.00 0.00 0
141781 0.00 0.00 0.00 0
141782 0.00 0.00 0.00 0
141783 0.00 0.00 0.00 0
141784 0.00 0.00 0.00 0
141787 0.00 0.00 0.00 0
141790 0.00 0.00 0.00 0
141791 0.00 0.00 0.00 0
141792 0.00 0.00 0.00 0
141793 0.00 0.00 0.00 0
141794 0.00 0.00 0.00 0
141795 0.00 0.00 0.00 0
146398 0.00 0.00 0.00 0
146399 0.00 0.00 0.00 0
146400 0.00 0.00 0.00 0
146401 0.00 0.00 0.00 0
146402 0.00 0.00 0.00 0
146403 0.00 0.00 0.00 0
146404 0.00 0.00 0.00 0
146405 0.00 0.00 0.00 0
146406 0.00 0.00 0.00 0
146407 0.00 0.00 0.00 0
146408 0.00 0.00 0.00 0
146409 0.00 0.00 0.00 0
146410 0.00 0.00 0.00 0
146411 0.00 0.00 0.00 0
146412 0.00 0.00 0.00 0
146413 0.00 0.00 0.00 0
146414 0.00 0.00 0.00 0
146415 0.00 0.00 0.00 0
146416 0.00 0.00 0.00 0
146419 0.00 0.00 0.00 0
146425 0.00 0.00 0.00 0
146426 0.00 0.00 0.00 0
146427 0.00 0.00 0.00 0
146428 0.00 0.00 0.00 0
146429 0.00 0.00 0.00 0
146430 0.00 0.00 0.00 0
146431 0.00 0.00 0.00 0
146432 0.00 0.00 0.00 0
146433 0.00 0.00 0.00 0
146434 0.00 0.00 0.00 0
146435 0.00 0.00 0.00 0
146436 0.00 0.00 0.00 0
146437 0.00 0.00 0.00 0
146438 0.00 0.00 0.00 0
146439 0.00 0.00 0.00 0
146440 0.00 0.00 0.00 0
146441 0.00 0.00 0.00 0
146442 0.00 0.00 0.00 0
146443 0.00 0.00 0.00 0
146444 0.00 0.00 0.00 0
146509 0.00 0.00 0.00 0
146515 0.00 0.00 0.00 0
146516 0.00 0.00 0.00 0
146518 0.00 0.00 0.00 0
146539 0.00 0.00 0.00 0
146540 0.00 0.00 0.00 0
146541 0.00 0.00 0.00 0
146542 0.00 0.00 0.00 0
146543 0.00 0.00 0.00 0
146544 0.00 0.00 0.00 0
146546 0.00 0.00 0.00 0
146547 0.00 0.00 0.00 0
146548 0.00 0.00 0.00 0
146549 0.00 0.00 0.00 0
146550 0.00 0.00 0.00 0
146551 0.00 0.00 0.00 0
146723 0.00 0.00 0.00 0
146724 0.00 0.00 0.00 0
146725 0.00 0.00 0.00 0
146726 0.00 0.00 0.00 0
146727 0.00 0.00 0.00 0
146728 0.00 0.00 0.00 0
146729 0.00 0.00 0.00 0
146730 0.00 0.00 0.00 0
146731 0.00 0.00 0.00 0
146732 0.00 0.00 0.00 0
146733 0.00 0.00 0.00 0
146734 0.00 0.00 0.00 0
146735 0.00 0.00 0.00 0
146736 0.00 0.00 0.00 0
146737 0.00 0.00 0.00 0
146738 0.00 0.00 0.00 0
146739 0.00 0.00 0.00 0
146740 0.00 0.00 0.00 0
146741 0.00 0.00 0.00 0
146742 0.00 0.00 0.00 0
146743 0.00 0.00 0.00 0
146744 0.00 0.00 0.00 0
146745 0.00 0.00 0.00 0
146746 0.00 0.00 0.00 0
146747 0.00 0.00 0.00 0
146748 0.00 0.00 0.00 0
146749 0.00 0.00 0.00 0
146751 0.00 0.00 0.00 0
146752 0.00 0.00 0.00 0
146753 0.00 0.00 0.00 0
146754 0.00 0.00 0.00 0
146755 0.00 0.00 0.00 0
146756 0.00 0.00 0.00 0
146757 0.00 0.00 0.00 0
146758 0.00 0.00 0.00 0
146759 0.00 0.00 0.00 0
146760 0.00 0.00 0.00 0
146761 0.00 0.00 0.00 0
146762 0.00 0.00 0.00 0
146764 0.00 0.00 0.00 0
146765 0.00 0.00 0.00 0
146766 0.00 0.00 0.00 0
146767 0.00 0.00 0.00 0
146768 0.00 0.00 0.00 0
146769 0.00 0.00 0.00 0
146770 0.00 0.00 0.00 0
146771 0.00 0.00 0.00 0
146773 0.00 0.00 0.00 0
146774 0.00 0.00 0.00 0
156148 0.00 0.00 0.00 0
156154 0.00 0.00 0.00 0
156155 0.00 0.00 0.00 0
156156 0.00 0.00 0.00 0
156157 0.00 0.00 0.00 0
156158 0.00 0.00 0.00 0
156159 0.00 0.00 0.00 0
156172 0.00 0.00 0.00 0
156173 0.00 0.00 0.00 0
156174 0.00 0.00 0.00 0
156175 0.00 0.00 0.00 0
156176 0.00 0.00 0.00 0
156177 0.00 0.00 0.00 0
156178 0.00 0.00 0.00 0
156179 0.00 0.00 0.00 0
156180 0.00 0.00 0.00 0
156181 0.00 0.00 0.00 0
156182 0.00 0.00 0.00 0
156183 0.00 0.00 0.00 0
156184 0.00 0.00 0.00 0
156185 0.00 0.00 0.00 0
156186 0.00 0.00 0.00 0
156187 0.00 0.00 0.00 0
156188 0.00 0.00 0.00 0
156189 0.00 0.00 0.00 0
156190 0.00 0.00 0.00 0
156191 0.00 0.00 0.00 0
156253 0.00 0.00 0.00 0
156254 0.00 0.00 0.00 0
156255 0.00 0.00 0.00 0
156256 0.00 0.00 0.00 0
156257 0.00 0.00 0.00 0
156262 0.00 0.00 0.00 0
156263 0.00 0.00 0.00 0
156264 0.00 0.00 0.00 0
156265 0.00 0.00 0.00 0
156266 0.00 0.00 0.00 0
156267 0.00 0.00 0.00 0
156334 0.00 0.00 0.00 0
156335 0.00 0.00 0.00 0
156336 0.00 0.00 0.00 0
156337 0.00 0.00 0.00 0
156338 0.00 0.00 0.00 0
156339 0.00 0.00 0.00 0
156340 0.00 0.00 0.00 0
156341 0.00 0.00 0.00 0
156342 0.00 0.00 0.00 0
156343 0.00 0.00 0.00 0
156344 0.00 0.00 0.00 0
156345 0.00 0.00 0.00 0
156346 0.00 0.00 0.00 0
156347 0.00 0.00 0.00 0
156348 0.00 0.00 0.00 0
156349 0.00 0.00 0.00 0
156350 0.00 0.00 0.00 0
156351 0.00 0.00 0.00 0
156370 0.00 0.00 0.00 0
156371 0.00 0.00 0.00 0
156372 0.00 0.00 0.00 0
156373 0.00 0.00 0.00 0
156374 0.00 0.00 0.00 0
156449 0.00 0.00 0.00 0
156450 0.00 0.00 0.00 0
156457 0.00 0.00 0.00 0
156458 0.00 0.00 0.00 0
156459 0.00 0.00 0.00 0
156460 0.00 0.00 0.00 0
156461 0.00 0.00 0.00 0
156462 0.00 0.00 0.00 0
156463 0.00 0.00 0.00 0
156464 0.00 0.00 0.00 0
156465 0.00 0.00 0.00 0
156478 0.00 0.00 0.00 0
156479 0.00 0.00 0.00 0
156480 0.00 0.00 0.00 0
156481 0.00 0.00 0.00 0
156482 0.00 0.00 0.00 0
156483 0.00 0.00 0.00 0
156513 0.00 0.00 0.00 0
156514 0.00 0.00 0.00 0
156515 0.00 0.00 0.00 0
156516 0.00 0.00 0.00 0
156517 0.00 0.00 0.00 0
156518 0.00 0.00 0.00 0
156532 0.00 0.00 0.00 0
156533 0.00 0.00 0.00 0
156534 0.00 0.00 0.00 0
156535 0.00 0.00 0.00 0
156536 0.00 0.00 0.00 0
