# S_postcentral
3874
20 0.00 0.00 0.00 0
72 0.00 0.00 0.00 0
101 0.00 0.00 0.00 0
106 0.00 0.00 0.00 0
227 0.00 0.00 0.00 0
228 0.00 0.00 0.00 0
229 0.00 0.00 0.00 0
240 0.00 0.00 0.00 0
307 0.00 0.00 0.00 0
418 0.00 0.00 0.00 0
419 0.00 0.00 0.00 0
490 0.00 0.00 0.00 0
491 0.00 0.00 0.00 0
492 0.00 0.00 0.00 0
579 0.00 0.00 0.00 0
708 0.00 0.00 0.00 0
787 0.00 0.00 0.00 0
788 0.00 0.00 0.00 0
789 0.00 0.00 0.00 0
937 0.00 0.00 0.00 0
938 0.00 0.00 0.00 0
1040 0.00 0.00 0.00 0
1075 0.00 0.00 0.00 0
1076 0.00 0.00 0.00 0
1077 0.00 0.00 0.00 0
1078 0.00 0.00 0.00 0
1079 0.00 0.00 0.00 0
1283 0.00 0.00 0.00 0
1284 0.00 0.00 0.00 0
1559 0.00 0.00 0.00 0
1560 0.00 0.00 0.00 0
1561 0.00 0.00 0.00 0
1562 0.00 0.00 0.00 0
1563 0.00 0.00 0.00 0
1584 0.00 0.00 0.00 0
1705 0.00 0.00 0.00 0
1706 0.00 0.00 0.00 0
1707 0.00 0.00 0.00 0
1936 0.00 0.00 0.00 0
1937 0.00 0.00 0.00 0
1938 0.00 0.00 0.00 0
2081 0.00 0.00 0.00 0
2082 0.00 0.00 0.00 0
2085 0.00 0.00 0.00 0
2105 0.00 0.00 0.00 0
2106 0.00 0.00 0.00 0
2107 0.00 0.00 0.00 0
2115 0.00 0.00 0.00 0
2116 0.00 0.00 0.00 0
2117 0.00 0.00 0.00 0
2118 0.00 0.00 0.00 0
2119 0.00 0.00 0.00 0
2120 0.00 0.00 0.00 0
2121 0.00 0.00 0.00 0
2122 0.00 0.00 0.00 0
2374 0.00 0.00 0.00 0
2382 0.00 0.00 0.00 0
2707 0.00 0.00 0.00 0
2708 0.00 0.00 0.00 0
2709 0.00 0.00 0.00 0
2857 0.00 0.00 0.00 0
2858 0.00 0.00 0.00 0
2859 0.00 0.00 0.00 0
2957 0.00 0.00 0.00 0
2959 0.00 0.00 0.00 0
2960 0.00 0.00 0.00 0
2962 0.00 0.00 0.00 0
2995 0.00 0.00 0.00 0
2997 0.00 0.00 0.00 0
2998 0.00 0.00 0.00 0
2999 0.00 0.00 0.00 0
3000 0.00 0.00 0.00 0
3202 0.00 0.00 0.00 0
3203 0.00 0.00 0.00 0
3204 0.00 0.00 0.00 0
3212 0.00 0.00 0.00 0
3557 0.00 0.00 0.00 0
3558 0.00 0.00 0.00 0
3559 0.00 0.00 0.00 0
3560 0.00 0.00 0.00 0
3561 0.00 0.00 0.00 0
3562 0.00 0.00 0.00 0
3563 0.00 0.00 0.00 0
3564 0.00 0.00 0.00 0
3597 0.00 0.00 0.00 0
3598 0.00 0.00 0.00 0
3599 0.00 0.00 0.00 0
3600 0.00 0.00 0.00 0
3802 0.00 0.00 0.00 0
3803 0.00 0.00 0.00 0
3804 0.00 0.00 0.00 0
3805 0.00 0.00 0.00 0
3806 0.00 0.00 0.00 0
4252 0.00 0.00 0.00 0
4253 0.00 0.00 0.00 0
4254 0.00 0.00 0.00 0
4256 0.00 0.00 0.00 0
4555 0.00 0.00 0.00 0
4556 0.00 0.00 0.00 0
4557 0.00 0.00 0.00 0
4575 0.00 0.00 0.00 0
4576 0.00 0.00 0.00 0
4577 0.00 0.00 0.00 0
4584 0.00 0.00 0.00 0
4634 0.00 0.00 0.00 0
4635 0.00 0.00 0.00 0
4636 0.00 0.00 0.00 0
4655 0.00 0.00 0.00 0
4657 0.00 0.00 0.00 0
4658 0.00 0.00 0.00 0
4659 0.00 0.00 0.00 0
4660 0.00 0.00 0.00 0
4661 0.00 0.00 0.00 0
4662 0.00 0.00 0.00 0
4663 0.00 0.00 0.00 0
4664 0.00 0.00 0.00 0
4665 0.00 0.00 0.00 0
4666 0.00 0.00 0.00 0
4668 0.00 0.00 0.00 0
4669 0.00 0.00 0.00 0
4670 0.00 0.00 0.00 0
4671 0.00 0.00 0.00 0
4672 0.00 0.00 0.00 0
4673 0.00 0.00 0.00 0
4674 0.00 0.00 0.00 0
5290 0.00 0.00 0.00 0
5291 0.00 0.00 0.00 0
5292 0.00 0.00 0.00 0
5295 0.00 0.00 0.00 0
5296 0.00 0.00 0.00 0
5310 0.00 0.00 0.00 0
5311 0.00 0.00 0.00 0
5879 0.00 0.00 0.00 0
5880 0.00 0.00 0.00 0
5881 0.00 0.00 0.00 0
5882 0.00 0.00 0.00 0
5883 0.00 0.00 0.00 0
6025 0.00 0.00 0.00 0
6026 0.00 0.00 0.00 0
6027 0.00 0.00 0.00 0
6028 0.00 0.00 0.00 0
6029 0.00 0.00 0.00 0
6295 0.00 0.00 0.00 0
6296 0.00 0.00 0.00 0
6297 0.00 0.00 0.00 0
6298 0.00 0.00 0.00 0
6478 0.00 0.00 0.00 0
6479 0.00 0.00 0.00 0
6540 0.00 0.00 0.00 0
6541 0.00 0.00 0.00 0
6542 0.00 0.00 0.00 0
6543 0.00 0.00 0.00 0
6544 0.00 0.00 0.00 0
6545 0.00 0.00 0.00 0
6546 0.00 0.00 0.00 0
6547 0.00 0.00 0.00 0
6548 0.00 0.00 0.00 0
6549 0.00 0.00 0.00 0
6919 0.00 0.00 0.00 0
6920 0.00 0.00 0.00 0
7337 0.00 0.00 0.00 0
7475 0.00 0.00 0.00 0
7476 0.00 0.00 0.00 0
7477 0.00 0.00 0.00 0
7478 0.00 0.00 0.00 0
7479 0.00 0.00 0.00 0
7480 0.00 0.00 0.00 0
7481 0.00 0.00 0.00 0
7482 0.00 0.00 0.00 0
7483 0.00 0.00 0.00 0
7484 0.00 0.00 0.00 0
7485 0.00 0.00 0.00 0
7533 0.00 0.00 0.00 0
7534 0.00 0.00 0.00 0
7535 0.00 0.00 0.00 0
7536 0.00 0.00 0.00 0
7819 0.00 0.00 0.00 0
7820 0.00 0.00 0.00 0
7821 0.00 0.00 0.00 0
7822 0.00 0.00 0.00 0
7823 0.00 0.00 0.00 0
7824 0.00 0.00 0.00 0
7825 0.00 0.00 0.00 0
8410 0.00 0.00 0.00 0
8411 0.00 0.00 0.00 0
8412 0.00 0.00 0.00 0
8413 0.00 0.00 0.00 0
8414 0.00 0.00 0.00 0
8415 0.00 0.00 0.00 0
8416 0.00 0.00 0.00 0
8417 0.00 0.00 0.00 0
8788 0.00 0.00 0.00 0
8808 0.00 0.00 0.00 0
8810 0.00 0.00 0.00 0
8811 0.00 0.00 0.00 0
8812 0.00 0.00 0.00 0
8813 0.00 0.00 0.00 0
8814 0.00 0.00 0.00 0
8820 0.00 0.00 0.00 0
8821 0.00 0.00 0.00 0
8822 0.00 0.00 0.00 0
8823 0.00 0.00 0.00 0
8869 0.00 0.00 0.00 0
8878 0.00 0.00 0.00 0
8879 0.00 0.00 0.00 0
8880 0.00 0.00 0.00 0
8881 0.00 0.00 0.00 0
8883 0.00 0.00 0.00 0
8884 0.00 0.00 0.00 0
8885 0.00 0.00 0.00 0
8886 0.00 0.00 0.00 0
8887 0.00 0.00 0.00 0
8911 0.00 0.00 0.00 0
8912 0.00 0.00 0.00 0
8913 0.00 0.00 0.00 0
8914 0.00 0.00 0.00 0
8915 0.00 0.00 0.00 0
8916 0.00 0.00 0.00 0
8917 0.00 0.00 0.00 0
8918 0.00 0.00 0.00 0
8919 0.00 0.00 0.00 0
8920 0.00 0.00 0.00 0
8921 0.00 0.00 0.00 0
8922 0.00 0.00 0.00 0
8923 0.00 0.00 0.00 0
8925 0.00 0.00 0.00 0
8926 0.00 0.00 0.00 0
8927 0.00 0.00 0.00 0
8928 0.00 0.00 0.00 0
8929 0.00 0.00 0.00 0
8930 0.00 0.00 0.00 0
8931 0.00 0.00 0.00 0
9678 0.00 0.00 0.00 0
9684 0.00 0.00 0.00 0
9685 0.00 0.00 0.00 0
9702 0.00 0.00 0.00 0
9703 0.00 0.00 0.00 0
10387 0.00 0.00 0.00 0
10388 0.00 0.00 0.00 0
10389 0.00 0.00 0.00 0
10537 0.00 0.00 0.00 0
10538 0.00 0.00 0.00 0
10539 0.00 0.00 0.00 0
10637 0.00 0.00 0.00 0
10638 0.00 0.00 0.00 0
10639 0.00 0.00 0.00 0
10640 0.00 0.00 0.00 0
10641 0.00 0.00 0.00 0
10642 0.00 0.00 0.00 0
10643 0.00 0.00 0.00 0
10677 0.00 0.00 0.00 0
10678 0.00 0.00 0.00 0
10679 0.00 0.00 0.00 0
10680 0.00 0.00 0.00 0
10882 0.00 0.00 0.00 0
10883 0.00 0.00 0.00 0
10884 0.00 0.00 0.00 0
10891 0.00 0.00 0.00 0
11237 0.00 0.00 0.00 0
11238 0.00 0.00 0.00 0
11239 0.00 0.00 0.00 0
11240 0.00 0.00 0.00 0
11241 0.00 0.00 0.00 0
11242 0.00 0.00 0.00 0
11243 0.00 0.00 0.00 0
11244 0.00 0.00 0.00 0
11277 0.00 0.00 0.00 0
11278 0.00 0.00 0.00 0
11279 0.00 0.00 0.00 0
11280 0.00 0.00 0.00 0
11482 0.00 0.00 0.00 0
11483 0.00 0.00 0.00 0
11484 0.00 0.00 0.00 0
11485 0.00 0.00 0.00 0
11486 0.00 0.00 0.00 0
11932 0.00 0.00 0.00 0
11933 0.00 0.00 0.00 0
11934 0.00 0.00 0.00 0
12235 0.00 0.00 0.00 0
12236 0.00 0.00 0.00 0
12237 0.00 0.00 0.00 0
12255 0.00 0.00 0.00 0
12256 0.00 0.00 0.00 0
12257 0.00 0.00 0.00 0
12315 0.00 0.00 0.00 0
12316 0.00 0.00 0.00 0
12335 0.00 0.00 0.00 0
12336 0.00 0.00 0.00 0
12337 0.00 0.00 0.00 0
12338 0.00 0.00 0.00 0
12339 0.00 0.00 0.00 0
12340 0.00 0.00 0.00 0
12341 0.00 0.00 0.00 0
12342 0.00 0.00 0.00 0
12343 0.00 0.00 0.00 0
12344 0.00 0.00 0.00 0
12345 0.00 0.00 0.00 0
12346 0.00 0.00 0.00 0
12347 0.00 0.00 0.00 0
12348 0.00 0.00 0.00 0
12349 0.00 0.00 0.00 0
12350 0.00 0.00 0.00 0
12351 0.00 0.00 0.00 0
12352 0.00 0.00 0.00 0
12353 0.00 0.00 0.00 0
12354 0.00 0.00 0.00 0
12970 0.00 0.00 0.00 0
12971 0.00 0.00 0.00 0
12972 0.00 0.00 0.00 0
12976 0.00 0.00 0.00 0
12990 0.00 0.00 0.00 0
12991 0.00 0.00 0.00 0
12992 0.00 0.00 0.00 0
13638 0.00 0.00 0.00 0
13643 0.00 0.00 0.00 0
13644 0.00 0.00 0.00 0
13882 0.00 0.00 0.00 0
13883 0.00 0.00 0.00 0
13884 0.00 0.00 0.00 0
13885 0.00 0.00 0.00 0
13886 0.00 0.00 0.00 0
13887 0.00 0.00 0.00 0
13888 0.00 0.00 0.00 0
13889 0.00 0.00 0.00 0
14332 0.00 0.00 0.00 0
14333 0.00 0.00 0.00 0
14334 0.00 0.00 0.00 0
14335 0.00 0.00 0.00 0
14336 0.00 0.00 0.00 0
14337 0.00 0.00 0.00 0
14635 0.00 0.00 0.00 0
14636 0.00 0.00 0.00 0
14637 0.00 0.00 0.00 0
14739 0.00 0.00 0.00 0
14740 0.00 0.00 0.00 0
14741 0.00 0.00 0.00 0
14742 0.00 0.00 0.00 0
14743 0.00 0.00 0.00 0
14744 0.00 0.00 0.00 0
14745 0.00 0.00 0.00 0
14746 0.00 0.00 0.00 0
14747 0.00 0.00 0.00 0
14748 0.00 0.00 0.00 0
14749 0.00 0.00 0.00 0
14750 0.00 0.00 0.00 0
14751 0.00 0.00 0.00 0
14752 0.00 0.00 0.00 0
14753 0.00 0.00 0.00 0
14754 0.00 0.00 0.00 0
14755 0.00 0.00 0.00 0
14756 0.00 0.00 0.00 0
14757 0.00 0.00 0.00 0
15370 0.00 0.00 0.00 0
15371 0.00 0.00 0.00 0
15372 0.00 0.00 0.00 0
15373 0.00 0.00 0.00 0
15374 0.00 0.00 0.00 0
16133 0.00 0.00 0.00 0
16427 0.00 0.00 0.00 0
16428 0.00 0.00 0.00 0
16429 0.00 0.00 0.00 0
16430 0.00 0.00 0.00 0
16431 0.00 0.00 0.00 0
16432 0.00 0.00 0.00 0
16433 0.00 0.00 0.00 0
16434 0.00 0.00 0.00 0
16435 0.00 0.00 0.00 0
16436 0.00 0.00 0.00 0
16437 0.00 0.00 0.00 0
16438 0.00 0.00 0.00 0
16439 0.00 0.00 0.00 0
16440 0.00 0.00 0.00 0
16441 0.00 0.00 0.00 0
16442 0.00 0.00 0.00 0
16443 0.00 0.00 0.00 0
16444 0.00 0.00 0.00 0
16445 0.00 0.00 0.00 0
16446 0.00 0.00 0.00 0
16447 0.00 0.00 0.00 0
16448 0.00 0.00 0.00 0
16449 0.00 0.00 0.00 0
16550 0.00 0.00 0.00 0
16551 0.00 0.00 0.00 0
16552 0.00 0.00 0.00 0
16553 0.00 0.00 0.00 0
16554 0.00 0.00 0.00 0
16555 0.00 0.00 0.00 0
16556 0.00 0.00 0.00 0
16557 0.00 0.00 0.00 0
16558 0.00 0.00 0.00 0
16559 0.00 0.00 0.00 0
16560 0.00 0.00 0.00 0
17167 0.00 0.00 0.00 0
17168 0.00 0.00 0.00 0
17169 0.00 0.00 0.00 0
17170 0.00 0.00 0.00 0
17171 0.00 0.00 0.00 0
17172 0.00 0.00 0.00 0
17173 0.00 0.00 0.00 0
17174 0.00 0.00 0.00 0
17175 0.00 0.00 0.00 0
17176 0.00 0.00 0.00 0
17177 0.00 0.00 0.00 0
17178 0.00 0.00 0.00 0
17179 0.00 0.00 0.00 0
17180 0.00 0.00 0.00 0
17181 0.00 0.00 0.00 0
18517 0.00 0.00 0.00 0
18518 0.00 0.00 0.00 0
18519 0.00 0.00 0.00 0
18520 0.00 0.00 0.00 0
18521 0.00 0.00 0.00 0
18522 0.00 0.00 0.00 0
18523 0.00 0.00 0.00 0
18524 0.00 0.00 0.00 0
18525 0.00 0.00 0.00 0
18526 0.00 0.00 0.00 0
18527 0.00 0.00 0.00 0
18528 0.00 0.00 0.00 0
18529 0.00 0.00 0.00 0
18530 0.00 0.00 0.00 0
18531 0.00 0.00 0.00 0
18540 0.00 0.00 0.00 0
18541 0.00 0.00 0.00 0
19420 0.00 0.00 0.00 0
19421 0.00 0.00 0.00 0
19422 0.00 0.00 0.00 0
19423 0.00 0.00 0.00 0
19424 0.00 0.00 0.00 0
19476 0.00 0.00 0.00 0
19478 0.00 0.00 0.00 0
19479 0.00 0.00 0.00 0
19480 0.00 0.00 0.00 0
19481 0.00 0.00 0.00 0
19482 0.00 0.00 0.00 0
19483 0.00 0.00 0.00 0
19484 0.00 0.00 0.00 0
19485 0.00 0.00 0.00 0
19486 0.00 0.00 0.00 0
19487 0.00 0.00 0.00 0
19504 0.00 0.00 0.00 0
19505 0.00 0.00 0.00 0
19506 0.00 0.00 0.00 0
19507 0.00 0.00 0.00 0
19508 0.00 0.00 0.00 0
19509 0.00 0.00 0.00 0
19510 0.00 0.00 0.00 0
19512 0.00 0.00 0.00 0
19645 0.00 0.00 0.00 0
19647 0.00 0.00 0.00 0
19648 0.00 0.00 0.00 0
19649 0.00 0.00 0.00 0
19650 0.00 0.00 0.00 0
19651 0.00 0.00 0.00 0
19655 0.00 0.00 0.00 0
19656 0.00 0.00 0.00 0
19657 0.00 0.00 0.00 0
19658 0.00 0.00 0.00 0
19659 0.00 0.00 0.00 0
19660 0.00 0.00 0.00 0
19661 0.00 0.00 0.00 0
19662 0.00 0.00 0.00 0
19663 0.00 0.00 0.00 0
19664 0.00 0.00 0.00 0
19665 0.00 0.00 0.00 0
19666 0.00 0.00 0.00 0
19723 0.00 0.00 0.00 0
19727 0.00 0.00 0.00 0
19728 0.00 0.00 0.00 0
19729 0.00 0.00 0.00 0
19730 0.00 0.00 0.00 0
19731 0.00 0.00 0.00 0
19732 0.00 0.00 0.00 0
19733 0.00 0.00 0.00 0
19734 0.00 0.00 0.00 0
19735 0.00 0.00 0.00 0
19736 0.00 0.00 0.00 0
19737 0.00 0.00 0.00 0
19738 0.00 0.00 0.00 0
19739 0.00 0.00 0.00 0
19740 0.00 0.00 0.00 0
19741 0.00 0.00 0.00 0
19742 0.00 0.00 0.00 0
19743 0.00 0.00 0.00 0
19744 0.00 0.00 0.00 0
19745 0.00 0.00 0.00 0
19746 0.00 0.00 0.00 0
19747 0.00 0.00 0.00 0
19748 0.00 0.00 0.00 0
19749 0.00 0.00 0.00 0
19750 0.00 0.00 0.00 0
19751 0.00 0.00 0.00 0
19752 0.00 0.00 0.00 0
19753 0.00 0.00 0.00 0
19754 0.00 0.00 0.00 0
19755 0.00 0.00 0.00 0
19756 0.00 0.00 0.00 0
19760 0.00 0.00 0.00 0
19761 0.00 0.00 0.00 0
19762 0.00 0.00 0.00 0
19763 0.00 0.00 0.00 0
19764 0.00 0.00 0.00 0
19765 0.00 0.00 0.00 0
19766 0.00 0.00 0.00 0
19767 0.00 0.00 0.00 0
19768 0.00 0.00 0.00 0
19769 0.00 0.00 0.00 0
19770 0.00 0.00 0.00 0
19771 0.00 0.00 0.00 0
19772 0.00 0.00 0.00 0
19773 0.00 0.00 0.00 0
19774 0.00 0.00 0.00 0
19775 0.00 0.00 0.00 0
19776 0.00 0.00 0.00 0
19777 0.00 0.00 0.00 0
19778 0.00 0.00 0.00 0
19779 0.00 0.00 0.00 0
21630 0.00 0.00 0.00 0
21631 0.00 0.00 0.00 0
21632 0.00 0.00 0.00 0
21633 0.00 0.00 0.00 0
21634 0.00 0.00 0.00 0
21635 0.00 0.00 0.00 0
21645 0.00 0.00 0.00 0
21646 0.00 0.00 0.00 0
21647 0.00 0.00 0.00 0
21648 0.00 0.00 0.00 0
21649 0.00 0.00 0.00 0
21650 0.00 0.00 0.00 0
21651 0.00 0.00 0.00 0
21690 0.00 0.00 0.00 0
21691 0.00 0.00 0.00 0
21692 0.00 0.00 0.00 0
21693 0.00 0.00 0.00 0
21694 0.00 0.00 0.00 0
21695 0.00 0.00 0.00 0
21696 0.00 0.00 0.00 0
21697 0.00 0.00 0.00 0
23305 0.00 0.00 0.00 0
23306 0.00 0.00 0.00 0
23307 0.00 0.00 0.00 0
23308 0.00 0.00 0.00 0
23309 0.00 0.00 0.00 0
23575 0.00 0.00 0.00 0
23576 0.00 0.00 0.00 0
23577 0.00 0.00 0.00 0
23578 0.00 0.00 0.00 0
23579 0.00 0.00 0.00 0
23753 0.00 0.00 0.00 0
23754 0.00 0.00 0.00 0
23755 0.00 0.00 0.00 0
23757 0.00 0.00 0.00 0
23758 0.00 0.00 0.00 0
23759 0.00 0.00 0.00 0
23760 0.00 0.00 0.00 0
23761 0.00 0.00 0.00 0
23823 0.00 0.00 0.00 0
23824 0.00 0.00 0.00 0
23825 0.00 0.00 0.00 0
23826 0.00 0.00 0.00 0
23827 0.00 0.00 0.00 0
23828 0.00 0.00 0.00 0
23829 0.00 0.00 0.00 0
23830 0.00 0.00 0.00 0
23831 0.00 0.00 0.00 0
23832 0.00 0.00 0.00 0
24196 0.00 0.00 0.00 0
24197 0.00 0.00 0.00 0
24198 0.00 0.00 0.00 0
24199 0.00 0.00 0.00 0
24200 0.00 0.00 0.00 0
24212 0.00 0.00 0.00 0
24213 0.00 0.00 0.00 0
24833 0.00 0.00 0.00 0
24834 0.00 0.00 0.00 0
24835 0.00 0.00 0.00 0
24836 0.00 0.00 0.00 0
24837 0.00 0.00 0.00 0
24838 0.00 0.00 0.00 0
24839 0.00 0.00 0.00 0
24840 0.00 0.00 0.00 0
24841 0.00 0.00 0.00 0
24842 0.00 0.00 0.00 0
24843 0.00 0.00 0.00 0
24844 0.00 0.00 0.00 0
24845 0.00 0.00 0.00 0
24846 0.00 0.00 0.00 0
24907 0.00 0.00 0.00 0
24908 0.00 0.00 0.00 0
24909 0.00 0.00 0.00 0
24910 0.00 0.00 0.00 0
24911 0.00 0.00 0.00 0
24912 0.00 0.00 0.00 0
25276 0.00 0.00 0.00 0
25277 0.00 0.00 0.00 0
25278 0.00 0.00 0.00 0
25279 0.00 0.00 0.00 0
25280 0.00 0.00 0.00 0
25281 0.00 0.00 0.00 0
25282 0.00 0.00 0.00 0
25283 0.00 0.00 0.00 0
25284 0.00 0.00 0.00 0
26086 0.00 0.00 0.00 0
26087 0.00 0.00 0.00 0
26088 0.00 0.00 0.00 0
26089 0.00 0.00 0.00 0
26090 0.00 0.00 0.00 0
26091 0.00 0.00 0.00 0
26092 0.00 0.00 0.00 0
26629 0.00 0.00 0.00 0
26630 0.00 0.00 0.00 0
26631 0.00 0.00 0.00 0
26632 0.00 0.00 0.00 0
26665 0.00 0.00 0.00 0
26666 0.00 0.00 0.00 0
26667 0.00 0.00 0.00 0
26668 0.00 0.00 0.00 0
26669 0.00 0.00 0.00 0
26680 0.00 0.00 0.00 0
26772 0.00 0.00 0.00 0
26773 0.00 0.00 0.00 0
26774 0.00 0.00 0.00 0
26775 0.00 0.00 0.00 0
26776 0.00 0.00 0.00 0
26811 0.00 0.00 0.00 0
26812 0.00 0.00 0.00 0
26813 0.00 0.00 0.00 0
26814 0.00 0.00 0.00 0
26815 0.00 0.00 0.00 0
26816 0.00 0.00 0.00 0
26817 0.00 0.00 0.00 0
26818 0.00 0.00 0.00 0
26819 0.00 0.00 0.00 0
26820 0.00 0.00 0.00 0
26821 0.00 0.00 0.00 0
26822 0.00 0.00 0.00 0
26823 0.00 0.00 0.00 0
26824 0.00 0.00 0.00 0
26825 0.00 0.00 0.00 0
26826 0.00 0.00 0.00 0
26827 0.00 0.00 0.00 0
26828 0.00 0.00 0.00 0
26829 0.00 0.00 0.00 0
26830 0.00 0.00 0.00 0
26833 0.00 0.00 0.00 0
26834 0.00 0.00 0.00 0
26835 0.00 0.00 0.00 0
26836 0.00 0.00 0.00 0
26837 0.00 0.00 0.00 0
26838 0.00 0.00 0.00 0
26839 0.00 0.00 0.00 0
26840 0.00 0.00 0.00 0
26841 0.00 0.00 0.00 0
26842 0.00 0.00 0.00 0
26843 0.00 0.00 0.00 0
26844 0.00 0.00 0.00 0
27954 0.00 0.00 0.00 0
27956 0.00 0.00 0.00 0
27957 0.00 0.00 0.00 0
27958 0.00 0.00 0.00 0
27960 0.00 0.00 0.00 0
27963 0.00 0.00 0.00 0
27964 0.00 0.00 0.00 0
27965 0.00 0.00 0.00 0
27966 0.00 0.00 0.00 0
27990 0.00 0.00 0.00 0
27991 0.00 0.00 0.00 0
27992 0.00 0.00 0.00 0
27993 0.00 0.00 0.00 0
27994 0.00 0.00 0.00 0
29075 0.00 0.00 0.00 0
29076 0.00 0.00 0.00 0
29077 0.00 0.00 0.00 0
29078 0.00 0.00 0.00 0
29079 0.00 0.00 0.00 0
29081 0.00 0.00 0.00 0
29082 0.00 0.00 0.00 0
29083 0.00 0.00 0.00 0
29084 0.00 0.00 0.00 0
29085 0.00 0.00 0.00 0
29136 0.00 0.00 0.00 0
29419 0.00 0.00 0.00 0
29420 0.00 0.00 0.00 0
29421 0.00 0.00 0.00 0
29422 0.00 0.00 0.00 0
29423 0.00 0.00 0.00 0
29424 0.00 0.00 0.00 0
29425 0.00 0.00 0.00 0
29426 0.00 0.00 0.00 0
29427 0.00 0.00 0.00 0
29428 0.00 0.00 0.00 0
29429 0.00 0.00 0.00 0
30049 0.00 0.00 0.00 0
30050 0.00 0.00 0.00 0
30051 0.00 0.00 0.00 0
30052 0.00 0.00 0.00 0
30053 0.00 0.00 0.00 0
30054 0.00 0.00 0.00 0
30055 0.00 0.00 0.00 0
30056 0.00 0.00 0.00 0
30057 0.00 0.00 0.00 0
30472 0.00 0.00 0.00 0
30473 0.00 0.00 0.00 0
30474 0.00 0.00 0.00 0
30475 0.00 0.00 0.00 0
30617 0.00 0.00 0.00 0
30618 0.00 0.00 0.00 0
30619 0.00 0.00 0.00 0
30620 0.00 0.00 0.00 0
30621 0.00 0.00 0.00 0
30622 0.00 0.00 0.00 0
30623 0.00 0.00 0.00 0
30624 0.00 0.00 0.00 0
30625 0.00 0.00 0.00 0
30626 0.00 0.00 0.00 0
30627 0.00 0.00 0.00 0
30628 0.00 0.00 0.00 0
30629 0.00 0.00 0.00 0
30630 0.00 0.00 0.00 0
30631 0.00 0.00 0.00 0
30632 0.00 0.00 0.00 0
30633 0.00 0.00 0.00 0
30634 0.00 0.00 0.00 0
30635 0.00 0.00 0.00 0
30636 0.00 0.00 0.00 0
30637 0.00 0.00 0.00 0
30638 0.00 0.00 0.00 0
30639 0.00 0.00 0.00 0
30641 0.00 0.00 0.00 0
30644 0.00 0.00 0.00 0
31502 0.00 0.00 0.00 0
31503 0.00 0.00 0.00 0
31504 0.00 0.00 0.00 0
31505 0.00 0.00 0.00 0
31506 0.00 0.00 0.00 0
31507 0.00 0.00 0.00 0
31508 0.00 0.00 0.00 0
31530 0.00 0.00 0.00 0
31531 0.00 0.00 0.00 0
32530 0.00 0.00 0.00 0
32531 0.00 0.00 0.00 0
32532 0.00 0.00 0.00 0
32903 0.00 0.00 0.00 0
32904 0.00 0.00 0.00 0
32905 0.00 0.00 0.00 0
32906 0.00 0.00 0.00 0
32907 0.00 0.00 0.00 0
32908 0.00 0.00 0.00 0
32909 0.00 0.00 0.00 0
32910 0.00 0.00 0.00 0
32911 0.00 0.00 0.00 0
32912 0.00 0.00 0.00 0
32913 0.00 0.00 0.00 0
32914 0.00 0.00 0.00 0
32915 0.00 0.00 0.00 0
32916 0.00 0.00 0.00 0
32917 0.00 0.00 0.00 0
32918 0.00 0.00 0.00 0
32919 0.00 0.00 0.00 0
32920 0.00 0.00 0.00 0
32921 0.00 0.00 0.00 0
32922 0.00 0.00 0.00 0
32923 0.00 0.00 0.00 0
32924 0.00 0.00 0.00 0
32925 0.00 0.00 0.00 0
32926 0.00 0.00 0.00 0
32927 0.00 0.00 0.00 0
32928 0.00 0.00 0.00 0
32929 0.00 0.00 0.00 0
32930 0.00 0.00 0.00 0
32931 0.00 0.00 0.00 0
33055 0.00 0.00 0.00 0
33063 0.00 0.00 0.00 0
33064 0.00 0.00 0.00 0
33065 0.00 0.00 0.00 0
33066 0.00 0.00 0.00 0
33067 0.00 0.00 0.00 0
33068 0.00 0.00 0.00 0
33069 0.00 0.00 0.00 0
33070 0.00 0.00 0.00 0
33071 0.00 0.00 0.00 0
33072 0.00 0.00 0.00 0
33841 0.00 0.00 0.00 0
33842 0.00 0.00 0.00 0
33843 0.00 0.00 0.00 0
33844 0.00 0.00 0.00 0
33845 0.00 0.00 0.00 0
33846 0.00 0.00 0.00 0
33847 0.00 0.00 0.00 0
33848 0.00 0.00 0.00 0
33849 0.00 0.00 0.00 0
33850 0.00 0.00 0.00 0
33852 0.00 0.00 0.00 0
33853 0.00 0.00 0.00 0
33854 0.00 0.00 0.00 0
33855 0.00 0.00 0.00 0
33856 0.00 0.00 0.00 0
33857 0.00 0.00 0.00 0
33858 0.00 0.00 0.00 0
33859 0.00 0.00 0.00 0
35512 0.00 0.00 0.00 0
35513 0.00 0.00 0.00 0
35514 0.00 0.00 0.00 0
35515 0.00 0.00 0.00 0
35516 0.00 0.00 0.00 0
35517 0.00 0.00 0.00 0
35518 0.00 0.00 0.00 0
35519 0.00 0.00 0.00 0
35520 0.00 0.00 0.00 0
35521 0.00 0.00 0.00 0
35522 0.00 0.00 0.00 0
35523 0.00 0.00 0.00 0
35524 0.00 0.00 0.00 0
35525 0.00 0.00 0.00 0
35526 0.00 0.00 0.00 0
35527 0.00 0.00 0.00 0
35528 0.00 0.00 0.00 0
35529 0.00 0.00 0.00 0
35530 0.00 0.00 0.00 0
35531 0.00 0.00 0.00 0
35532 0.00 0.00 0.00 0
35541 0.00 0.00 0.00 0
35542 0.00 0.00 0.00 0
35546 0.00 0.00 0.00 0
35548 0.00 0.00 0.00 0
36610 0.00 0.00 0.00 0
36611 0.00 0.00 0.00 0
36612 0.00 0.00 0.00 0
36613 0.00 0.00 0.00 0
36614 0.00 0.00 0.00 0
36619 0.00 0.00 0.00 0
36671 0.00 0.00 0.00 0
36672 0.00 0.00 0.00 0
36679 0.00 0.00 0.00 0
36680 0.00 0.00 0.00 0
36681 0.00 0.00 0.00 0
36682 0.00 0.00 0.00 0
36683 0.00 0.00 0.00 0
36684 0.00 0.00 0.00 0
36685 0.00 0.00 0.00 0
36686 0.00 0.00 0.00 0
36687 0.00 0.00 0.00 0
36688 0.00 0.00 0.00 0
36689 0.00 0.00 0.00 0
36690 0.00 0.00 0.00 0
36708 0.00 0.00 0.00 0
36709 0.00 0.00 0.00 0
36710 0.00 0.00 0.00 0
36711 0.00 0.00 0.00 0
36712 0.00 0.00 0.00 0
36713 0.00 0.00 0.00 0
36714 0.00 0.00 0.00 0
36715 0.00 0.00 0.00 0
36716 0.00 0.00 0.00 0
36717 0.00 0.00 0.00 0
36851 0.00 0.00 0.00 0
36852 0.00 0.00 0.00 0
36853 0.00 0.00 0.00 0
36879 0.00 0.00 0.00 0
36880 0.00 0.00 0.00 0
36881 0.00 0.00 0.00 0
36882 0.00 0.00 0.00 0
36883 0.00 0.00 0.00 0
36884 0.00 0.00 0.00 0
36885 0.00 0.00 0.00 0
36886 0.00 0.00 0.00 0
36887 0.00 0.00 0.00 0
36888 0.00 0.00 0.00 0
36889 0.00 0.00 0.00 0
36895 0.00 0.00 0.00 0
36896 0.00 0.00 0.00 0
36897 0.00 0.00 0.00 0
36898 0.00 0.00 0.00 0
36899 0.00 0.00 0.00 0
36900 0.00 0.00 0.00 0
36901 0.00 0.00 0.00 0
36902 0.00 0.00 0.00 0
36903 0.00 0.00 0.00 0
36904 0.00 0.00 0.00 0
36905 0.00 0.00 0.00 0
36906 0.00 0.00 0.00 0
36907 0.00 0.00 0.00 0
36980 0.00 0.00 0.00 0
36981 0.00 0.00 0.00 0
36982 0.00 0.00 0.00 0
36983 0.00 0.00 0.00 0
36984 0.00 0.00 0.00 0
36985 0.00 0.00 0.00 0
36986 0.00 0.00 0.00 0
36987 0.00 0.00 0.00 0
36988 0.00 0.00 0.00 0
36989 0.00 0.00 0.00 0
36990 0.00 0.00 0.00 0
36991 0.00 0.00 0.00 0
36992 0.00 0.00 0.00 0
36993 0.00 0.00 0.00 0
36994 0.00 0.00 0.00 0
36995 0.00 0.00 0.00 0
36996 0.00 0.00 0.00 0
36997 0.00 0.00 0.00 0
36998 0.00 0.00 0.00 0
36999 0.00 0.00 0.00 0
37000 0.00 0.00 0.00 0
37001 0.00 0.00 0.00 0
37002 0.00 0.00 0.00 0
37003 0.00 0.00 0.00 0
37004 0.00 0.00 0.00 0
37005 0.00 0.00 0.00 0
37006 0.00 0.00 0.00 0
37007 0.00 0.00 0.00 0
37008 0.00 0.00 0.00 0
37009 0.00 0.00 0.00 0
37010 0.00 0.00 0.00 0
37011 0.00 0.00 0.00 0
37012 0.00 0.00 0.00 0
37013 0.00 0.00 0.00 0
37014 0.00 0.00 0.00 0
37015 0.00 0.00 0.00 0
37018 0.00 0.00 0.00 0
37020 0.00 0.00 0.00 0
37021 0.00 0.00 0.00 0
37022 0.00 0.00 0.00 0
37023 0.00 0.00 0.00 0
37024 0.00 0.00 0.00 0
37025 0.00 0.00 0.00 0
37026 0.00 0.00 0.00 0
37027 0.00 0.00 0.00 0
37028 0.00 0.00 0.00 0
37029 0.00 0.00 0.00 0
37030 0.00 0.00 0.00 0
37031 0.00 0.00 0.00 0
37032 0.00 0.00 0.00 0
37033 0.00 0.00 0.00 0
37034 0.00 0.00 0.00 0
37035 0.00 0.00 0.00 0
37036 0.00 0.00 0.00 0
37037 0.00 0.00 0.00 0
37038 0.00 0.00 0.00 0
37039 0.00 0.00 0.00 0
37040 0.00 0.00 0.00 0
37041 0.00 0.00 0.00 0
37042 0.00 0.00 0.00 0
39273 0.00 0.00 0.00 0
39274 0.00 0.00 0.00 0
39288 0.00 0.00 0.00 0
39289 0.00 0.00 0.00 0
39290 0.00 0.00 0.00 0
39291 0.00 0.00 0.00 0
39292 0.00 0.00 0.00 0
39293 0.00 0.00 0.00 0
39294 0.00 0.00 0.00 0
39295 0.00 0.00 0.00 0
39296 0.00 0.00 0.00 0
39342 0.00 0.00 0.00 0
39343 0.00 0.00 0.00 0
39344 0.00 0.00 0.00 0
39345 0.00 0.00 0.00 0
39346 0.00 0.00 0.00 0
39347 0.00 0.00 0.00 0
39348 0.00 0.00 0.00 0
39349 0.00 0.00 0.00 0
41107 0.00 0.00 0.00 0
41108 0.00 0.00 0.00 0
41109 0.00 0.00 0.00 0
41257 0.00 0.00 0.00 0
41258 0.00 0.00 0.00 0
41259 0.00 0.00 0.00 0
41357 0.00 0.00 0.00 0
41358 0.00 0.00 0.00 0
41359 0.00 0.00 0.00 0
41361 0.00 0.00 0.00 0
41362 0.00 0.00 0.00 0
41363 0.00 0.00 0.00 0
41397 0.00 0.00 0.00 0
41398 0.00 0.00 0.00 0
41399 0.00 0.00 0.00 0
41400 0.00 0.00 0.00 0
41602 0.00 0.00 0.00 0
41603 0.00 0.00 0.00 0
41604 0.00 0.00 0.00 0
41957 0.00 0.00 0.00 0
41958 0.00 0.00 0.00 0
41959 0.00 0.00 0.00 0
41960 0.00 0.00 0.00 0
41961 0.00 0.00 0.00 0
41962 0.00 0.00 0.00 0
41963 0.00 0.00 0.00 0
41964 0.00 0.00 0.00 0
41997 0.00 0.00 0.00 0
41998 0.00 0.00 0.00 0
41999 0.00 0.00 0.00 0
42000 0.00 0.00 0.00 0
42202 0.00 0.00 0.00 0
42203 0.00 0.00 0.00 0
42204 0.00 0.00 0.00 0
42652 0.00 0.00 0.00 0
42653 0.00 0.00 0.00 0
42654 0.00 0.00 0.00 0
42955 0.00 0.00 0.00 0
42956 0.00 0.00 0.00 0
42957 0.00 0.00 0.00 0
42976 0.00 0.00 0.00 0
42977 0.00 0.00 0.00 0
43055 0.00 0.00 0.00 0
43056 0.00 0.00 0.00 0
43057 0.00 0.00 0.00 0
43058 0.00 0.00 0.00 0
43059 0.00 0.00 0.00 0
43060 0.00 0.00 0.00 0
43061 0.00 0.00 0.00 0
43062 0.00 0.00 0.00 0
43063 0.00 0.00 0.00 0
43064 0.00 0.00 0.00 0
43065 0.00 0.00 0.00 0
43066 0.00 0.00 0.00 0
43067 0.00 0.00 0.00 0
43068 0.00 0.00 0.00 0
43069 0.00 0.00 0.00 0
43070 0.00 0.00 0.00 0
43071 0.00 0.00 0.00 0
43072 0.00 0.00 0.00 0
43073 0.00 0.00 0.00 0
43074 0.00 0.00 0.00 0
43075 0.00 0.00 0.00 0
43690 0.00 0.00 0.00 0
43691 0.00 0.00 0.00 0
43692 0.00 0.00 0.00 0
43694 0.00 0.00 0.00 0
43710 0.00 0.00 0.00 0
43711 0.00 0.00 0.00 0
43712 0.00 0.00 0.00 0
44363 0.00 0.00 0.00 0
44602 0.00 0.00 0.00 0
44603 0.00 0.00 0.00 0
44604 0.00 0.00 0.00 0
44605 0.00 0.00 0.00 0
44606 0.00 0.00 0.00 0
44607 0.00 0.00 0.00 0
44608 0.00 0.00 0.00 0
44609 0.00 0.00 0.00 0
45052 0.00 0.00 0.00 0
45053 0.00 0.00 0.00 0
45054 0.00 0.00 0.00 0
45055 0.00 0.00 0.00 0
45056 0.00 0.00 0.00 0
45057 0.00 0.00 0.00 0
45059 0.00 0.00 0.00 0
45355 0.00 0.00 0.00 0
45356 0.00 0.00 0.00 0
45357 0.00 0.00 0.00 0
45460 0.00 0.00 0.00 0
45462 0.00 0.00 0.00 0
45463 0.00 0.00 0.00 0
45464 0.00 0.00 0.00 0
45465 0.00 0.00 0.00 0
45466 0.00 0.00 0.00 0
45467 0.00 0.00 0.00 0
45468 0.00 0.00 0.00 0
45469 0.00 0.00 0.00 0
45470 0.00 0.00 0.00 0
45471 0.00 0.00 0.00 0
45472 0.00 0.00 0.00 0
45473 0.00 0.00 0.00 0
45474 0.00 0.00 0.00 0
45475 0.00 0.00 0.00 0
45476 0.00 0.00 0.00 0
46090 0.00 0.00 0.00 0
46091 0.00 0.00 0.00 0
46092 0.00 0.00 0.00 0
46093 0.00 0.00 0.00 0
46094 0.00 0.00 0.00 0
47147 0.00 0.00 0.00 0
47148 0.00 0.00 0.00 0
47149 0.00 0.00 0.00 0
47150 0.00 0.00 0.00 0
47151 0.00 0.00 0.00 0
47152 0.00 0.00 0.00 0
47153 0.00 0.00 0.00 0
47154 0.00 0.00 0.00 0
47155 0.00 0.00 0.00 0
47156 0.00 0.00 0.00 0
47157 0.00 0.00 0.00 0
47158 0.00 0.00 0.00 0
47159 0.00 0.00 0.00 0
47160 0.00 0.00 0.00 0
47161 0.00 0.00 0.00 0
47162 0.00 0.00 0.00 0
47163 0.00 0.00 0.00 0
47164 0.00 0.00 0.00 0
47165 0.00 0.00 0.00 0
47166 0.00 0.00 0.00 0
47167 0.00 0.00 0.00 0
47168 0.00 0.00 0.00 0
47169 0.00 0.00 0.00 0
47270 0.00 0.00 0.00 0
47271 0.00 0.00 0.00 0
47272 0.00 0.00 0.00 0
47273 0.00 0.00 0.00 0
47274 0.00 0.00 0.00 0
47275 0.00 0.00 0.00 0
47276 0.00 0.00 0.00 0
47277 0.00 0.00 0.00 0
47278 0.00 0.00 0.00 0
47279 0.00 0.00 0.00 0
47280 0.00 0.00 0.00 0
47887 0.00 0.00 0.00 0
47888 0.00 0.00 0.00 0
47889 0.00 0.00 0.00 0
47890 0.00 0.00 0.00 0
47891 0.00 0.00 0.00 0
47892 0.00 0.00 0.00 0
47893 0.00 0.00 0.00 0
47894 0.00 0.00 0.00 0
47895 0.00 0.00 0.00 0
47896 0.00 0.00 0.00 0
47897 0.00 0.00 0.00 0
47899 0.00 0.00 0.00 0
49237 0.00 0.00 0.00 0
49238 0.00 0.00 0.00 0
49239 0.00 0.00 0.00 0
49240 0.00 0.00 0.00 0
49241 0.00 0.00 0.00 0
49242 0.00 0.00 0.00 0
49243 0.00 0.00 0.00 0
49244 0.00 0.00 0.00 0
49245 0.00 0.00 0.00 0
49246 0.00 0.00 0.00 0
49247 0.00 0.00 0.00 0
49249 0.00 0.00 0.00 0
49250 0.00 0.00 0.00 0
49251 0.00 0.00 0.00 0
49261 0.00 0.00 0.00 0
50140 0.00 0.00 0.00 0
50141 0.00 0.00 0.00 0
50142 0.00 0.00 0.00 0
50196 0.00 0.00 0.00 0
50197 0.00 0.00 0.00 0
50198 0.00 0.00 0.00 0
50199 0.00 0.00 0.00 0
50200 0.00 0.00 0.00 0
50201 0.00 0.00 0.00 0
50202 0.00 0.00 0.00 0
50203 0.00 0.00 0.00 0
50204 0.00 0.00 0.00 0
50205 0.00 0.00 0.00 0
50206 0.00 0.00 0.00 0
50207 0.00 0.00 0.00 0
50226 0.00 0.00 0.00 0
50227 0.00 0.00 0.00 0
50228 0.00 0.00 0.00 0
50229 0.00 0.00 0.00 0
50230 0.00 0.00 0.00 0
50231 0.00 0.00 0.00 0
50232 0.00 0.00 0.00 0
50367 0.00 0.00 0.00 0
50368 0.00 0.00 0.00 0
50369 0.00 0.00 0.00 0
50370 0.00 0.00 0.00 0
50371 0.00 0.00 0.00 0
50375 0.00 0.00 0.00 0
50376 0.00 0.00 0.00 0
50377 0.00 0.00 0.00 0
50378 0.00 0.00 0.00 0
50379 0.00 0.00 0.00 0
50380 0.00 0.00 0.00 0
50381 0.00 0.00 0.00 0
50382 0.00 0.00 0.00 0
50383 0.00 0.00 0.00 0
50384 0.00 0.00 0.00 0
50385 0.00 0.00 0.00 0
50386 0.00 0.00 0.00 0
50443 0.00 0.00 0.00 0
50444 0.00 0.00 0.00 0
50445 0.00 0.00 0.00 0
50446 0.00 0.00 0.00 0
50447 0.00 0.00 0.00 0
50448 0.00 0.00 0.00 0
50449 0.00 0.00 0.00 0
50450 0.00 0.00 0.00 0
50451 0.00 0.00 0.00 0
50452 0.00 0.00 0.00 0
50453 0.00 0.00 0.00 0
50454 0.00 0.00 0.00 0
50455 0.00 0.00 0.00 0
50456 0.00 0.00 0.00 0
50457 0.00 0.00 0.00 0
50458 0.00 0.00 0.00 0
50459 0.00 0.00 0.00 0
50460 0.00 0.00 0.00 0
50461 0.00 0.00 0.00 0
50462 0.00 0.00 0.00 0
50463 0.00 0.00 0.00 0
50464 0.00 0.00 0.00 0
50465 0.00 0.00 0.00 0
50466 0.00 0.00 0.00 0
50467 0.00 0.00 0.00 0
50468 0.00 0.00 0.00 0
50469 0.00 0.00 0.00 0
50470 0.00 0.00 0.00 0
50471 0.00 0.00 0.00 0
50472 0.00 0.00 0.00 0
50473 0.00 0.00 0.00 0
50474 0.00 0.00 0.00 0
50475 0.00 0.00 0.00 0
50476 0.00 0.00 0.00 0
50480 0.00 0.00 0.00 0
50481 0.00 0.00 0.00 0
50482 0.00 0.00 0.00 0
50483 0.00 0.00 0.00 0
50484 0.00 0.00 0.00 0
50485 0.00 0.00 0.00 0
50486 0.00 0.00 0.00 0
50487 0.00 0.00 0.00 0
50488 0.00 0.00 0.00 0
50489 0.00 0.00 0.00 0
50490 0.00 0.00 0.00 0
50491 0.00 0.00 0.00 0
50492 0.00 0.00 0.00 0
50493 0.00 0.00 0.00 0
50494 0.00 0.00 0.00 0
50495 0.00 0.00 0.00 0
50496 0.00 0.00 0.00 0
50497 0.00 0.00 0.00 0
50498 0.00 0.00 0.00 0
50499 0.00 0.00 0.00 0
52350 0.00 0.00 0.00 0
52351 0.00 0.00 0.00 0
52352 0.00 0.00 0.00 0
52353 0.00 0.00 0.00 0
52354 0.00 0.00 0.00 0
52355 0.00 0.00 0.00 0
52365 0.00 0.00 0.00 0
52366 0.00 0.00 0.00 0
52367 0.00 0.00 0.00 0
52368 0.00 0.00 0.00 0
52369 0.00 0.00 0.00 0
52370 0.00 0.00 0.00 0
52371 0.00 0.00 0.00 0
52410 0.00 0.00 0.00 0
52411 0.00 0.00 0.00 0
52412 0.00 0.00 0.00 0
52413 0.00 0.00 0.00 0
52414 0.00 0.00 0.00 0
52415 0.00 0.00 0.00 0
52416 0.00 0.00 0.00 0
52417 0.00 0.00 0.00 0
54202 0.00 0.00 0.00 0
54203 0.00 0.00 0.00 0
54204 0.00 0.00 0.00 0
54205 0.00 0.00 0.00 0
54206 0.00 0.00 0.00 0
54207 0.00 0.00 0.00 0
54208 0.00 0.00 0.00 0
54209 0.00 0.00 0.00 0
54652 0.00 0.00 0.00 0
54653 0.00 0.00 0.00 0
54654 0.00 0.00 0.00 0
54655 0.00 0.00 0.00 0
54656 0.00 0.00 0.00 0
54657 0.00 0.00 0.00 0
54658 0.00 0.00 0.00 0
54659 0.00 0.00 0.00 0
54947 0.00 0.00 0.00 0
54948 0.00 0.00 0.00 0
54949 0.00 0.00 0.00 0
54950 0.00 0.00 0.00 0
54952 0.00 0.00 0.00 0
54954 0.00 0.00 0.00 0
54955 0.00 0.00 0.00 0
54956 0.00 0.00 0.00 0
54957 0.00 0.00 0.00 0
54958 0.00 0.00 0.00 0
54959 0.00 0.00 0.00 0
54960 0.00 0.00 0.00 0
54961 0.00 0.00 0.00 0
54962 0.00 0.00 0.00 0
54965 0.00 0.00 0.00 0
55065 0.00 0.00 0.00 0
55067 0.00 0.00 0.00 0
55068 0.00 0.00 0.00 0
55069 0.00 0.00 0.00 0
55070 0.00 0.00 0.00 0
55071 0.00 0.00 0.00 0
55072 0.00 0.00 0.00 0
55073 0.00 0.00 0.00 0
55074 0.00 0.00 0.00 0
55075 0.00 0.00 0.00 0
55076 0.00 0.00 0.00 0
55077 0.00 0.00 0.00 0
55078 0.00 0.00 0.00 0
55079 0.00 0.00 0.00 0
55080 0.00 0.00 0.00 0
55687 0.00 0.00 0.00 0
55688 0.00 0.00 0.00 0
55689 0.00 0.00 0.00 0
55690 0.00 0.00 0.00 0
55691 0.00 0.00 0.00 0
55692 0.00 0.00 0.00 0
55693 0.00 0.00 0.00 0
55694 0.00 0.00 0.00 0
55713 0.00 0.00 0.00 0
55714 0.00 0.00 0.00 0
55715 0.00 0.00 0.00 0
55716 0.00 0.00 0.00 0
56747 0.00 0.00 0.00 0
56748 0.00 0.00 0.00 0
56749 0.00 0.00 0.00 0
56750 0.00 0.00 0.00 0
56751 0.00 0.00 0.00 0
56752 0.00 0.00 0.00 0
56753 0.00 0.00 0.00 0
56754 0.00 0.00 0.00 0
56755 0.00 0.00 0.00 0
56756 0.00 0.00 0.00 0
56757 0.00 0.00 0.00 0
56758 0.00 0.00 0.00 0
56759 0.00 0.00 0.00 0
56760 0.00 0.00 0.00 0
56761 0.00 0.00 0.00 0
56762 0.00 0.00 0.00 0
56763 0.00 0.00 0.00 0
56764 0.00 0.00 0.00 0
56765 0.00 0.00 0.00 0
56766 0.00 0.00 0.00 0
56767 0.00 0.00 0.00 0
56768 0.00 0.00 0.00 0
56769 0.00 0.00 0.00 0
56869 0.00 0.00 0.00 0
56870 0.00 0.00 0.00 0
56871 0.00 0.00 0.00 0
56872 0.00 0.00 0.00 0
56873 0.00 0.00 0.00 0
56874 0.00 0.00 0.00 0
56875 0.00 0.00 0.00 0
56876 0.00 0.00 0.00 0
56877 0.00 0.00 0.00 0
56878 0.00 0.00 0.00 0
56879 0.00 0.00 0.00 0
56880 0.00 0.00 0.00 0
57487 0.00 0.00 0.00 0
57488 0.00 0.00 0.00 0
57489 0.00 0.00 0.00 0
57490 0.00 0.00 0.00 0
57491 0.00 0.00 0.00 0
57492 0.00 0.00 0.00 0
57493 0.00 0.00 0.00 0
57494 0.00 0.00 0.00 0
57495 0.00 0.00 0.00 0
57496 0.00 0.00 0.00 0
57497 0.00 0.00 0.00 0
57498 0.00 0.00 0.00 0
57499 0.00 0.00 0.00 0
58837 0.00 0.00 0.00 0
58838 0.00 0.00 0.00 0
58839 0.00 0.00 0.00 0
58840 0.00 0.00 0.00 0
58841 0.00 0.00 0.00 0
58842 0.00 0.00 0.00 0
58843 0.00 0.00 0.00 0
58844 0.00 0.00 0.00 0
58845 0.00 0.00 0.00 0
58846 0.00 0.00 0.00 0
58847 0.00 0.00 0.00 0
59740 0.00 0.00 0.00 0
59741 0.00 0.00 0.00 0
59742 0.00 0.00 0.00 0
59743 0.00 0.00 0.00 0
59744 0.00 0.00 0.00 0
59745 0.00 0.00 0.00 0
59746 0.00 0.00 0.00 0
59747 0.00 0.00 0.00 0
59798 0.00 0.00 0.00 0
59799 0.00 0.00 0.00 0
59800 0.00 0.00 0.00 0
59801 0.00 0.00 0.00 0
59802 0.00 0.00 0.00 0
59803 0.00 0.00 0.00 0
59804 0.00 0.00 0.00 0
59805 0.00 0.00 0.00 0
59806 0.00 0.00 0.00 0
59807 0.00 0.00 0.00 0
59977 0.00 0.00 0.00 0
59978 0.00 0.00 0.00 0
59979 0.00 0.00 0.00 0
59980 0.00 0.00 0.00 0
59981 0.00 0.00 0.00 0
59982 0.00 0.00 0.00 0
59983 0.00 0.00 0.00 0
59984 0.00 0.00 0.00 0
59985 0.00 0.00 0.00 0
59986 0.00 0.00 0.00 0
60042 0.00 0.00 0.00 0
60043 0.00 0.00 0.00 0
60044 0.00 0.00 0.00 0
60045 0.00 0.00 0.00 0
60046 0.00 0.00 0.00 0
60047 0.00 0.00 0.00 0
60048 0.00 0.00 0.00 0
60049 0.00 0.00 0.00 0
60050 0.00 0.00 0.00 0
60051 0.00 0.00 0.00 0
60052 0.00 0.00 0.00 0
60053 0.00 0.00 0.00 0
60054 0.00 0.00 0.00 0
60055 0.00 0.00 0.00 0
60056 0.00 0.00 0.00 0
60057 0.00 0.00 0.00 0
60058 0.00 0.00 0.00 0
60059 0.00 0.00 0.00 0
60060 0.00 0.00 0.00 0
60061 0.00 0.00 0.00 0
60062 0.00 0.00 0.00 0
60063 0.00 0.00 0.00 0
60064 0.00 0.00 0.00 0
60065 0.00 0.00 0.00 0
60066 0.00 0.00 0.00 0
60067 0.00 0.00 0.00 0
60068 0.00 0.00 0.00 0
60069 0.00 0.00 0.00 0
60070 0.00 0.00 0.00 0
60071 0.00 0.00 0.00 0
60072 0.00 0.00 0.00 0
60073 0.00 0.00 0.00 0
60074 0.00 0.00 0.00 0
60075 0.00 0.00 0.00 0
60076 0.00 0.00 0.00 0
60080 0.00 0.00 0.00 0
60081 0.00 0.00 0.00 0
60082 0.00 0.00 0.00 0
60083 0.00 0.00 0.00 0
60084 0.00 0.00 0.00 0
60085 0.00 0.00 0.00 0
60086 0.00 0.00 0.00 0
60087 0.00 0.00 0.00 0
60088 0.00 0.00 0.00 0
60089 0.00 0.00 0.00 0
60090 0.00 0.00 0.00 0
60091 0.00 0.00 0.00 0
60092 0.00 0.00 0.00 0
60093 0.00 0.00 0.00 0
60094 0.00 0.00 0.00 0
60095 0.00 0.00 0.00 0
60096 0.00 0.00 0.00 0
60097 0.00 0.00 0.00 0
60098 0.00 0.00 0.00 0
60099 0.00 0.00 0.00 0
60100 0.00 0.00 0.00 0
60101 0.00 0.00 0.00 0
61950 0.00 0.00 0.00 0
61951 0.00 0.00 0.00 0
61952 0.00 0.00 0.00 0
61953 0.00 0.00 0.00 0
61954 0.00 0.00 0.00 0
61955 0.00 0.00 0.00 0
61956 0.00 0.00 0.00 0
61957 0.00 0.00 0.00 0
61958 0.00 0.00 0.00 0
61959 0.00 0.00 0.00 0
61965 0.00 0.00 0.00 0
61966 0.00 0.00 0.00 0
61967 0.00 0.00 0.00 0
61969 0.00 0.00 0.00 0
62010 0.00 0.00 0.00 0
62011 0.00 0.00 0.00 0
62012 0.00 0.00 0.00 0
62013 0.00 0.00 0.00 0
62014 0.00 0.00 0.00 0
62015 0.00 0.00 0.00 0
62016 0.00 0.00 0.00 0
63947 0.00 0.00 0.00 0
63948 0.00 0.00 0.00 0
63949 0.00 0.00 0.00 0
63950 0.00 0.00 0.00 0
63951 0.00 0.00 0.00 0
63952 0.00 0.00 0.00 0
63953 0.00 0.00 0.00 0
63954 0.00 0.00 0.00 0
63958 0.00 0.00 0.00 0
63960 0.00 0.00 0.00 0
63961 0.00 0.00 0.00 0
63962 0.00 0.00 0.00 0
63963 0.00 0.00 0.00 0
63964 0.00 0.00 0.00 0
63965 0.00 0.00 0.00 0
63966 0.00 0.00 0.00 0
63967 0.00 0.00 0.00 0
63968 0.00 0.00 0.00 0
63969 0.00 0.00 0.00 0
64079 0.00 0.00 0.00 0
64080 0.00 0.00 0.00 0
64687 0.00 0.00 0.00 0
64688 0.00 0.00 0.00 0
64689 0.00 0.00 0.00 0
64690 0.00 0.00 0.00 0
64691 0.00 0.00 0.00 0
64692 0.00 0.00 0.00 0
64693 0.00 0.00 0.00 0
64694 0.00 0.00 0.00 0
64695 0.00 0.00 0.00 0
64696 0.00 0.00 0.00 0
64697 0.00 0.00 0.00 0
64698 0.00 0.00 0.00 0
64699 0.00 0.00 0.00 0
64700 0.00 0.00 0.00 0
64701 0.00 0.00 0.00 0
64702 0.00 0.00 0.00 0
64703 0.00 0.00 0.00 0
64704 0.00 0.00 0.00 0
64705 0.00 0.00 0.00 0
64706 0.00 0.00 0.00 0
64707 0.00 0.00 0.00 0
64708 0.00 0.00 0.00 0
64709 0.00 0.00 0.00 0
66037 0.00 0.00 0.00 0
66038 0.00 0.00 0.00 0
66039 0.00 0.00 0.00 0
66040 0.00 0.00 0.00 0
66041 0.00 0.00 0.00 0
66042 0.00 0.00 0.00 0
66043 0.00 0.00 0.00 0
66044 0.00 0.00 0.00 0
66045 0.00 0.00 0.00 0
66046 0.00 0.00 0.00 0
66047 0.00 0.00 0.00 0
66048 0.00 0.00 0.00 0
66049 0.00 0.00 0.00 0
66050 0.00 0.00 0.00 0
66051 0.00 0.00 0.00 0
66052 0.00 0.00 0.00 0
66053 0.00 0.00 0.00 0
66054 0.00 0.00 0.00 0
66925 0.00 0.00 0.00 0
66940 0.00 0.00 0.00 0
66941 0.00 0.00 0.00 0
66942 0.00 0.00 0.00 0
66943 0.00 0.00 0.00 0
66944 0.00 0.00 0.00 0
67250 0.00 0.00 0.00 0
67251 0.00 0.00 0.00 0
67252 0.00 0.00 0.00 0
67253 0.00 0.00 0.00 0
67254 0.00 0.00 0.00 0
67255 0.00 0.00 0.00 0
67256 0.00 0.00 0.00 0
67257 0.00 0.00 0.00 0
67258 0.00 0.00 0.00 0
67259 0.00 0.00 0.00 0
67260 0.00 0.00 0.00 0
67261 0.00 0.00 0.00 0
67262 0.00 0.00 0.00 0
67263 0.00 0.00 0.00 0
67264 0.00 0.00 0.00 0
67265 0.00 0.00 0.00 0
67266 0.00 0.00 0.00 0
67267 0.00 0.00 0.00 0
67268 0.00 0.00 0.00 0
67269 0.00 0.00 0.00 0
67270 0.00 0.00 0.00 0
67271 0.00 0.00 0.00 0
67272 0.00 0.00 0.00 0
67273 0.00 0.00 0.00 0
67274 0.00 0.00 0.00 0
67275 0.00 0.00 0.00 0
67276 0.00 0.00 0.00 0
67277 0.00 0.00 0.00 0
67278 0.00 0.00 0.00 0
67279 0.00 0.00 0.00 0
67280 0.00 0.00 0.00 0
67281 0.00 0.00 0.00 0
67282 0.00 0.00 0.00 0
67283 0.00 0.00 0.00 0
67284 0.00 0.00 0.00 0
67285 0.00 0.00 0.00 0
67286 0.00 0.00 0.00 0
67287 0.00 0.00 0.00 0
67288 0.00 0.00 0.00 0
67289 0.00 0.00 0.00 0
67290 0.00 0.00 0.00 0
67291 0.00 0.00 0.00 0
67292 0.00 0.00 0.00 0
67293 0.00 0.00 0.00 0
67294 0.00 0.00 0.00 0
67295 0.00 0.00 0.00 0
67296 0.00 0.00 0.00 0
67297 0.00 0.00 0.00 0
67298 0.00 0.00 0.00 0
67299 0.00 0.00 0.00 0
67300 0.00 0.00 0.00 0
67301 0.00 0.00 0.00 0
67302 0.00 0.00 0.00 0
67307 0.00 0.00 0.00 0
67308 0.00 0.00 0.00 0
67309 0.00 0.00 0.00 0
69148 0.00 0.00 0.00 0
69149 0.00 0.00 0.00 0
69150 0.00 0.00 0.00 0
69151 0.00 0.00 0.00 0
69152 0.00 0.00 0.00 0
69153 0.00 0.00 0.00 0
69154 0.00 0.00 0.00 0
69155 0.00 0.00 0.00 0
69156 0.00 0.00 0.00 0
69157 0.00 0.00 0.00 0
69158 0.00 0.00 0.00 0
69159 0.00 0.00 0.00 0
69160 0.00 0.00 0.00 0
69161 0.00 0.00 0.00 0
69162 0.00 0.00 0.00 0
69163 0.00 0.00 0.00 0
69164 0.00 0.00 0.00 0
69218 0.00 0.00 0.00 0
69219 0.00 0.00 0.00 0
71437 0.00 0.00 0.00 0
71438 0.00 0.00 0.00 0
71439 0.00 0.00 0.00 0
71441 0.00 0.00 0.00 0
71442 0.00 0.00 0.00 0
71443 0.00 0.00 0.00 0
72317 0.00 0.00 0.00 0
72318 0.00 0.00 0.00 0
72319 0.00 0.00 0.00 0
72320 0.00 0.00 0.00 0
72321 0.00 0.00 0.00 0
72322 0.00 0.00 0.00 0
72323 0.00 0.00 0.00 0
72324 0.00 0.00 0.00 0
72325 0.00 0.00 0.00 0
72326 0.00 0.00 0.00 0
72327 0.00 0.00 0.00 0
72328 0.00 0.00 0.00 0
72329 0.00 0.00 0.00 0
72330 0.00 0.00 0.00 0
72331 0.00 0.00 0.00 0
72332 0.00 0.00 0.00 0
72333 0.00 0.00 0.00 0
72334 0.00 0.00 0.00 0
72335 0.00 0.00 0.00 0
72336 0.00 0.00 0.00 0
72337 0.00 0.00 0.00 0
72338 0.00 0.00 0.00 0
72339 0.00 0.00 0.00 0
72340 0.00 0.00 0.00 0
72341 0.00 0.00 0.00 0
72342 0.00 0.00 0.00 0
72343 0.00 0.00 0.00 0
72344 0.00 0.00 0.00 0
72345 0.00 0.00 0.00 0
72346 0.00 0.00 0.00 0
72347 0.00 0.00 0.00 0
72348 0.00 0.00 0.00 0
72349 0.00 0.00 0.00 0
72350 0.00 0.00 0.00 0
72351 0.00 0.00 0.00 0
72352 0.00 0.00 0.00 0
72353 0.00 0.00 0.00 0
72354 0.00 0.00 0.00 0
72355 0.00 0.00 0.00 0
72356 0.00 0.00 0.00 0
72357 0.00 0.00 0.00 0
72358 0.00 0.00 0.00 0
72359 0.00 0.00 0.00 0
72360 0.00 0.00 0.00 0
72361 0.00 0.00 0.00 0
72362 0.00 0.00 0.00 0
72363 0.00 0.00 0.00 0
72364 0.00 0.00 0.00 0
72365 0.00 0.00 0.00 0
72366 0.00 0.00 0.00 0
72367 0.00 0.00 0.00 0
72368 0.00 0.00 0.00 0
72369 0.00 0.00 0.00 0
72370 0.00 0.00 0.00 0
72371 0.00 0.00 0.00 0
72372 0.00 0.00 0.00 0
72373 0.00 0.00 0.00 0
72374 0.00 0.00 0.00 0
72375 0.00 0.00 0.00 0
72376 0.00 0.00 0.00 0
72377 0.00 0.00 0.00 0
72378 0.00 0.00 0.00 0
72379 0.00 0.00 0.00 0
72380 0.00 0.00 0.00 0
72381 0.00 0.00 0.00 0
72382 0.00 0.00 0.00 0
72383 0.00 0.00 0.00 0
72384 0.00 0.00 0.00 0
72675 0.00 0.00 0.00 0
72676 0.00 0.00 0.00 0
72685 0.00 0.00 0.00 0
72687 0.00 0.00 0.00 0
72688 0.00 0.00 0.00 0
72689 0.00 0.00 0.00 0
72694 0.00 0.00 0.00 0
72695 0.00 0.00 0.00 0
72696 0.00 0.00 0.00 0
72697 0.00 0.00 0.00 0
72698 0.00 0.00 0.00 0
72699 0.00 0.00 0.00 0
72700 0.00 0.00 0.00 0
72701 0.00 0.00 0.00 0
72702 0.00 0.00 0.00 0
72703 0.00 0.00 0.00 0
72704 0.00 0.00 0.00 0
72705 0.00 0.00 0.00 0
72706 0.00 0.00 0.00 0
72707 0.00 0.00 0.00 0
72708 0.00 0.00 0.00 0
72709 0.00 0.00 0.00 0
72710 0.00 0.00 0.00 0
72711 0.00 0.00 0.00 0
72712 0.00 0.00 0.00 0
72713 0.00 0.00 0.00 0
72714 0.00 0.00 0.00 0
72715 0.00 0.00 0.00 0
72716 0.00 0.00 0.00 0
72717 0.00 0.00 0.00 0
72718 0.00 0.00 0.00 0
72719 0.00 0.00 0.00 0
72720 0.00 0.00 0.00 0
74542 0.00 0.00 0.00 0
74543 0.00 0.00 0.00 0
74544 0.00 0.00 0.00 0
74545 0.00 0.00 0.00 0
74546 0.00 0.00 0.00 0
74547 0.00 0.00 0.00 0
74548 0.00 0.00 0.00 0
74549 0.00 0.00 0.00 0
74550 0.00 0.00 0.00 0
74551 0.00 0.00 0.00 0
74552 0.00 0.00 0.00 0
74553 0.00 0.00 0.00 0
74554 0.00 0.00 0.00 0
74555 0.00 0.00 0.00 0
74556 0.00 0.00 0.00 0
74557 0.00 0.00 0.00 0
74558 0.00 0.00 0.00 0
74559 0.00 0.00 0.00 0
74560 0.00 0.00 0.00 0
74561 0.00 0.00 0.00 0
74562 0.00 0.00 0.00 0
74563 0.00 0.00 0.00 0
74564 0.00 0.00 0.00 0
74565 0.00 0.00 0.00 0
74566 0.00 0.00 0.00 0
74567 0.00 0.00 0.00 0
74568 0.00 0.00 0.00 0
74569 0.00 0.00 0.00 0
74570 0.00 0.00 0.00 0
74571 0.00 0.00 0.00 0
74572 0.00 0.00 0.00 0
74573 0.00 0.00 0.00 0
74574 0.00 0.00 0.00 0
74575 0.00 0.00 0.00 0
74576 0.00 0.00 0.00 0
74577 0.00 0.00 0.00 0
74578 0.00 0.00 0.00 0
74579 0.00 0.00 0.00 0
74580 0.00 0.00 0.00 0
74581 0.00 0.00 0.00 0
74582 0.00 0.00 0.00 0
74584 0.00 0.00 0.00 0
78592 0.00 0.00 0.00 0
78593 0.00 0.00 0.00 0
78594 0.00 0.00 0.00 0
78595 0.00 0.00 0.00 0
78596 0.00 0.00 0.00 0
78597 0.00 0.00 0.00 0
78598 0.00 0.00 0.00 0
78599 0.00 0.00 0.00 0
78600 0.00 0.00 0.00 0
78601 0.00 0.00 0.00 0
78602 0.00 0.00 0.00 0
78603 0.00 0.00 0.00 0
78604 0.00 0.00 0.00 0
78605 0.00 0.00 0.00 0
78606 0.00 0.00 0.00 0
78607 0.00 0.00 0.00 0
78608 0.00 0.00 0.00 0
78609 0.00 0.00 0.00 0
78610 0.00 0.00 0.00 0
78611 0.00 0.00 0.00 0
78612 0.00 0.00 0.00 0
78613 0.00 0.00 0.00 0
78614 0.00 0.00 0.00 0
78615 0.00 0.00 0.00 0
78616 0.00 0.00 0.00 0
78617 0.00 0.00 0.00 0
78618 0.00 0.00 0.00 0
78619 0.00 0.00 0.00 0
78620 0.00 0.00 0.00 0
78621 0.00 0.00 0.00 0
78622 0.00 0.00 0.00 0
78623 0.00 0.00 0.00 0
78624 0.00 0.00 0.00 0
78625 0.00 0.00 0.00 0
78626 0.00 0.00 0.00 0
78627 0.00 0.00 0.00 0
78628 0.00 0.00 0.00 0
78629 0.00 0.00 0.00 0
78630 0.00 0.00 0.00 0
78631 0.00 0.00 0.00 0
78632 0.00 0.00 0.00 0
78633 0.00 0.00 0.00 0
78634 0.00 0.00 0.00 0
78635 0.00 0.00 0.00 0
78636 0.00 0.00 0.00 0
78637 0.00 0.00 0.00 0
78638 0.00 0.00 0.00 0
78639 0.00 0.00 0.00 0
78660 0.00 0.00 0.00 0
78661 0.00 0.00 0.00 0
78662 0.00 0.00 0.00 0
78663 0.00 0.00 0.00 0
78664 0.00 0.00 0.00 0
78665 0.00 0.00 0.00 0
78676 0.00 0.00 0.00 0
78678 0.00 0.00 0.00 0
78680 0.00 0.00 0.00 0
78681 0.00 0.00 0.00 0
78682 0.00 0.00 0.00 0
81295 0.00 0.00 0.00 0
81296 0.00 0.00 0.00 0
81297 0.00 0.00 0.00 0
81298 0.00 0.00 0.00 0
81299 0.00 0.00 0.00 0
81300 0.00 0.00 0.00 0
81301 0.00 0.00 0.00 0
81302 0.00 0.00 0.00 0
81303 0.00 0.00 0.00 0
81304 0.00 0.00 0.00 0
81305 0.00 0.00 0.00 0
81306 0.00 0.00 0.00 0
81307 0.00 0.00 0.00 0
81308 0.00 0.00 0.00 0
81309 0.00 0.00 0.00 0
81318 0.00 0.00 0.00 0
81319 0.00 0.00 0.00 0
81320 0.00 0.00 0.00 0
81448 0.00 0.00 0.00 0
81449 0.00 0.00 0.00 0
81450 0.00 0.00 0.00 0
81451 0.00 0.00 0.00 0
81452 0.00 0.00 0.00 0
81464 0.00 0.00 0.00 0
81466 0.00 0.00 0.00 0
81468 0.00 0.00 0.00 0
81469 0.00 0.00 0.00 0
81470 0.00 0.00 0.00 0
81471 0.00 0.00 0.00 0
81472 0.00 0.00 0.00 0
81473 0.00 0.00 0.00 0
81474 0.00 0.00 0.00 0
81475 0.00 0.00 0.00 0
81476 0.00 0.00 0.00 0
81477 0.00 0.00 0.00 0
81478 0.00 0.00 0.00 0
81479 0.00 0.00 0.00 0
81480 0.00 0.00 0.00 0
81481 0.00 0.00 0.00 0
81482 0.00 0.00 0.00 0
81483 0.00 0.00 0.00 0
81484 0.00 0.00 0.00 0
81485 0.00 0.00 0.00 0
81486 0.00 0.00 0.00 0
81487 0.00 0.00 0.00 0
81488 0.00 0.00 0.00 0
81489 0.00 0.00 0.00 0
81490 0.00 0.00 0.00 0
81491 0.00 0.00 0.00 0
81492 0.00 0.00 0.00 0
81493 0.00 0.00 0.00 0
81494 0.00 0.00 0.00 0
81495 0.00 0.00 0.00 0
81496 0.00 0.00 0.00 0
81497 0.00 0.00 0.00 0
81539 0.00 0.00 0.00 0
81541 0.00 0.00 0.00 0
81542 0.00 0.00 0.00 0
81543 0.00 0.00 0.00 0
81544 0.00 0.00 0.00 0
81545 0.00 0.00 0.00 0
81546 0.00 0.00 0.00 0
81547 0.00 0.00 0.00 0
81548 0.00 0.00 0.00 0
81549 0.00 0.00 0.00 0
81550 0.00 0.00 0.00 0
81551 0.00 0.00 0.00 0
81552 0.00 0.00 0.00 0
81553 0.00 0.00 0.00 0
81554 0.00 0.00 0.00 0
81555 0.00 0.00 0.00 0
81556 0.00 0.00 0.00 0
81557 0.00 0.00 0.00 0
81558 0.00 0.00 0.00 0
81559 0.00 0.00 0.00 0
81560 0.00 0.00 0.00 0
81561 0.00 0.00 0.00 0
81562 0.00 0.00 0.00 0
81563 0.00 0.00 0.00 0
81564 0.00 0.00 0.00 0
81565 0.00 0.00 0.00 0
81566 0.00 0.00 0.00 0
81567 0.00 0.00 0.00 0
81895 0.00 0.00 0.00 0
81896 0.00 0.00 0.00 0
81897 0.00 0.00 0.00 0
81898 0.00 0.00 0.00 0
81899 0.00 0.00 0.00 0
81900 0.00 0.00 0.00 0
81901 0.00 0.00 0.00 0
81965 0.00 0.00 0.00 0
81966 0.00 0.00 0.00 0
81967 0.00 0.00 0.00 0
81968 0.00 0.00 0.00 0
81969 0.00 0.00 0.00 0
81970 0.00 0.00 0.00 0
81971 0.00 0.00 0.00 0
81972 0.00 0.00 0.00 0
81973 0.00 0.00 0.00 0
81974 0.00 0.00 0.00 0
81975 0.00 0.00 0.00 0
81976 0.00 0.00 0.00 0
81980 0.00 0.00 0.00 0
81981 0.00 0.00 0.00 0
81982 0.00 0.00 0.00 0
81983 0.00 0.00 0.00 0
81984 0.00 0.00 0.00 0
81985 0.00 0.00 0.00 0
81986 0.00 0.00 0.00 0
81987 0.00 0.00 0.00 0
81988 0.00 0.00 0.00 0
81989 0.00 0.00 0.00 0
81990 0.00 0.00 0.00 0
81991 0.00 0.00 0.00 0
82003 0.00 0.00 0.00 0
82004 0.00 0.00 0.00 0
82005 0.00 0.00 0.00 0
82006 0.00 0.00 0.00 0
82007 0.00 0.00 0.00 0
82008 0.00 0.00 0.00 0
82009 0.00 0.00 0.00 0
82010 0.00 0.00 0.00 0
82011 0.00 0.00 0.00 0
82012 0.00 0.00 0.00 0
82013 0.00 0.00 0.00 0
82014 0.00 0.00 0.00 0
82015 0.00 0.00 0.00 0
82016 0.00 0.00 0.00 0
82017 0.00 0.00 0.00 0
82018 0.00 0.00 0.00 0
82019 0.00 0.00 0.00 0
82020 0.00 0.00 0.00 0
82021 0.00 0.00 0.00 0
82022 0.00 0.00 0.00 0
82023 0.00 0.00 0.00 0
82024 0.00 0.00 0.00 0
82025 0.00 0.00 0.00 0
82026 0.00 0.00 0.00 0
82027 0.00 0.00 0.00 0
82028 0.00 0.00 0.00 0
82029 0.00 0.00 0.00 0
82030 0.00 0.00 0.00 0
82031 0.00 0.00 0.00 0
82032 0.00 0.00 0.00 0
82033 0.00 0.00 0.00 0
82034 0.00 0.00 0.00 0
82035 0.00 0.00 0.00 0
82036 0.00 0.00 0.00 0
82218 0.00 0.00 0.00 0
82219 0.00 0.00 0.00 0
82220 0.00 0.00 0.00 0
82221 0.00 0.00 0.00 0
82222 0.00 0.00 0.00 0
82223 0.00 0.00 0.00 0
82224 0.00 0.00 0.00 0
82225 0.00 0.00 0.00 0
82226 0.00 0.00 0.00 0
82227 0.00 0.00 0.00 0
82228 0.00 0.00 0.00 0
82229 0.00 0.00 0.00 0
82230 0.00 0.00 0.00 0
82231 0.00 0.00 0.00 0
82232 0.00 0.00 0.00 0
82233 0.00 0.00 0.00 0
82234 0.00 0.00 0.00 0
82235 0.00 0.00 0.00 0
82236 0.00 0.00 0.00 0
82237 0.00 0.00 0.00 0
82238 0.00 0.00 0.00 0
82239 0.00 0.00 0.00 0
82240 0.00 0.00 0.00 0
82241 0.00 0.00 0.00 0
82242 0.00 0.00 0.00 0
82243 0.00 0.00 0.00 0
82244 0.00 0.00 0.00 0
82245 0.00 0.00 0.00 0
82246 0.00 0.00 0.00 0
82247 0.00 0.00 0.00 0
82248 0.00 0.00 0.00 0
82249 0.00 0.00 0.00 0
82250 0.00 0.00 0.00 0
82251 0.00 0.00 0.00 0
82252 0.00 0.00 0.00 0
82253 0.00 0.00 0.00 0
82254 0.00 0.00 0.00 0
82255 0.00 0.00 0.00 0
82256 0.00 0.00 0.00 0
82257 0.00 0.00 0.00 0
82258 0.00 0.00 0.00 0
82259 0.00 0.00 0.00 0
82260 0.00 0.00 0.00 0
82261 0.00 0.00 0.00 0
82262 0.00 0.00 0.00 0
82263 0.00 0.00 0.00 0
82264 0.00 0.00 0.00 0
82265 0.00 0.00 0.00 0
82266 0.00 0.00 0.00 0
82267 0.00 0.00 0.00 0
82268 0.00 0.00 0.00 0
82269 0.00 0.00 0.00 0
82270 0.00 0.00 0.00 0
82271 0.00 0.00 0.00 0
82272 0.00 0.00 0.00 0
82273 0.00 0.00 0.00 0
82274 0.00 0.00 0.00 0
82275 0.00 0.00 0.00 0
82276 0.00 0.00 0.00 0
82277 0.00 0.00 0.00 0
82278 0.00 0.00 0.00 0
82279 0.00 0.00 0.00 0
82280 0.00 0.00 0.00 0
82281 0.00 0.00 0.00 0
82282 0.00 0.00 0.00 0
82283 0.00 0.00 0.00 0
82284 0.00 0.00 0.00 0
82285 0.00 0.00 0.00 0
82286 0.00 0.00 0.00 0
82287 0.00 0.00 0.00 0
82288 0.00 0.00 0.00 0
82289 0.00 0.00 0.00 0
82290 0.00 0.00 0.00 0
82291 0.00 0.00 0.00 0
82292 0.00 0.00 0.00 0
82293 0.00 0.00 0.00 0
82294 0.00 0.00 0.00 0
82295 0.00 0.00 0.00 0
82296 0.00 0.00 0.00 0
82297 0.00 0.00 0.00 0
82298 0.00 0.00 0.00 0
82299 0.00 0.00 0.00 0
82300 0.00 0.00 0.00 0
82301 0.00 0.00 0.00 0
82302 0.00 0.00 0.00 0
82303 0.00 0.00 0.00 0
82304 0.00 0.00 0.00 0
82305 0.00 0.00 0.00 0
82306 0.00 0.00 0.00 0
82313 0.00 0.00 0.00 0
82314 0.00 0.00 0.00 0
82315 0.00 0.00 0.00 0
82317 0.00 0.00 0.00 0
82318 0.00 0.00 0.00 0
82319 0.00 0.00 0.00 0
82320 0.00 0.00 0.00 0
82321 0.00 0.00 0.00 0
82322 0.00 0.00 0.00 0
82323 0.00 0.00 0.00 0
82324 0.00 0.00 0.00 0
82325 0.00 0.00 0.00 0
82326 0.00 0.00 0.00 0
82327 0.00 0.00 0.00 0
82328 0.00 0.00 0.00 0
82329 0.00 0.00 0.00 0
82330 0.00 0.00 0.00 0
82331 0.00 0.00 0.00 0
82332 0.00 0.00 0.00 0
82333 0.00 0.00 0.00 0
82334 0.00 0.00 0.00 0
82335 0.00 0.00 0.00 0
82336 0.00 0.00 0.00 0
82337 0.00 0.00 0.00 0
82338 0.00 0.00 0.00 0
82339 0.00 0.00 0.00 0
82340 0.00 0.00 0.00 0
82341 0.00 0.00 0.00 0
82342 0.00 0.00 0.00 0
82343 0.00 0.00 0.00 0
82344 0.00 0.00 0.00 0
82345 0.00 0.00 0.00 0
82346 0.00 0.00 0.00 0
82347 0.00 0.00 0.00 0
82348 0.00 0.00 0.00 0
82349 0.00 0.00 0.00 0
82350 0.00 0.00 0.00 0
82351 0.00 0.00 0.00 0
82352 0.00 0.00 0.00 0
82353 0.00 0.00 0.00 0
82354 0.00 0.00 0.00 0
82355 0.00 0.00 0.00 0
82356 0.00 0.00 0.00 0
82357 0.00 0.00 0.00 0
82358 0.00 0.00 0.00 0
82359 0.00 0.00 0.00 0
82360 0.00 0.00 0.00 0
82361 0.00 0.00 0.00 0
82362 0.00 0.00 0.00 0
82363 0.00 0.00 0.00 0
82364 0.00 0.00 0.00 0
82365 0.00 0.00 0.00 0
82366 0.00 0.00 0.00 0
82367 0.00 0.00 0.00 0
82368 0.00 0.00 0.00 0
82369 0.00 0.00 0.00 0
82370 0.00 0.00 0.00 0
82371 0.00 0.00 0.00 0
82372 0.00 0.00 0.00 0
82373 0.00 0.00 0.00 0
82374 0.00 0.00 0.00 0
82375 0.00 0.00 0.00 0
87933 0.00 0.00 0.00 0
87938 0.00 0.00 0.00 0
87939 0.00 0.00 0.00 0
87940 0.00 0.00 0.00 0
87941 0.00 0.00 0.00 0
87942 0.00 0.00 0.00 0
87943 0.00 0.00 0.00 0
87975 0.00 0.00 0.00 0
87976 0.00 0.00 0.00 0
87977 0.00 0.00 0.00 0
87978 0.00 0.00 0.00 0
87979 0.00 0.00 0.00 0
87980 0.00 0.00 0.00 0
87981 0.00 0.00 0.00 0
87982 0.00 0.00 0.00 0
87983 0.00 0.00 0.00 0
87984 0.00 0.00 0.00 0
87985 0.00 0.00 0.00 0
87986 0.00 0.00 0.00 0
87987 0.00 0.00 0.00 0
87988 0.00 0.00 0.00 0
87989 0.00 0.00 0.00 0
87990 0.00 0.00 0.00 0
87991 0.00 0.00 0.00 0
87992 0.00 0.00 0.00 0
87993 0.00 0.00 0.00 0
87994 0.00 0.00 0.00 0
87995 0.00 0.00 0.00 0
87996 0.00 0.00 0.00 0
88110 0.00 0.00 0.00 0
88111 0.00 0.00 0.00 0
88112 0.00 0.00 0.00 0
88113 0.00 0.00 0.00 0
88114 0.00 0.00 0.00 0
88115 0.00 0.00 0.00 0
88116 0.00 0.00 0.00 0
88117 0.00 0.00 0.00 0
88118 0.00 0.00 0.00 0
88119 0.00 0.00 0.00 0
88120 0.00 0.00 0.00 0
88121 0.00 0.00 0.00 0
88122 0.00 0.00 0.00 0
88123 0.00 0.00 0.00 0
88124 0.00 0.00 0.00 0
88125 0.00 0.00 0.00 0
88126 0.00 0.00 0.00 0
88127 0.00 0.00 0.00 0
88128 0.00 0.00 0.00 0
88129 0.00 0.00 0.00 0
88130 0.00 0.00 0.00 0
88131 0.00 0.00 0.00 0
92425 0.00 0.00 0.00 0
92426 0.00 0.00 0.00 0
92427 0.00 0.00 0.00 0
92428 0.00 0.00 0.00 0
92429 0.00 0.00 0.00 0
92695 0.00 0.00 0.00 0
92696 0.00 0.00 0.00 0
92697 0.00 0.00 0.00 0
92698 0.00 0.00 0.00 0
92699 0.00 0.00 0.00 0
92873 0.00 0.00 0.00 0
92874 0.00 0.00 0.00 0
92875 0.00 0.00 0.00 0
92876 0.00 0.00 0.00 0
92877 0.00 0.00 0.00 0
92878 0.00 0.00 0.00 0
92879 0.00 0.00 0.00 0
92880 0.00 0.00 0.00 0
92881 0.00 0.00 0.00 0
92882 0.00 0.00 0.00 0
92883 0.00 0.00 0.00 0
92884 0.00 0.00 0.00 0
92885 0.00 0.00 0.00 0
92945 0.00 0.00 0.00 0
92946 0.00 0.00 0.00 0
92947 0.00 0.00 0.00 0
92948 0.00 0.00 0.00 0
92949 0.00 0.00 0.00 0
92950 0.00 0.00 0.00 0
92951 0.00 0.00 0.00 0
92952 0.00 0.00 0.00 0
93316 0.00 0.00 0.00 0
93317 0.00 0.00 0.00 0
93318 0.00 0.00 0.00 0
93319 0.00 0.00 0.00 0
93320 0.00 0.00 0.00 0
93953 0.00 0.00 0.00 0
93954 0.00 0.00 0.00 0
93955 0.00 0.00 0.00 0
93956 0.00 0.00 0.00 0
93957 0.00 0.00 0.00 0
93958 0.00 0.00 0.00 0
93959 0.00 0.00 0.00 0
93960 0.00 0.00 0.00 0
93961 0.00 0.00 0.00 0
93962 0.00 0.00 0.00 0
93963 0.00 0.00 0.00 0
93964 0.00 0.00 0.00 0
93965 0.00 0.00 0.00 0
93966 0.00 0.00 0.00 0
94025 0.00 0.00 0.00 0
94026 0.00 0.00 0.00 0
94027 0.00 0.00 0.00 0
94028 0.00 0.00 0.00 0
94029 0.00 0.00 0.00 0
94030 0.00 0.00 0.00 0
94031 0.00 0.00 0.00 0
94032 0.00 0.00 0.00 0
94396 0.00 0.00 0.00 0
94397 0.00 0.00 0.00 0
94398 0.00 0.00 0.00 0
94399 0.00 0.00 0.00 0
94400 0.00 0.00 0.00 0
94401 0.00 0.00 0.00 0
94402 0.00 0.00 0.00 0
94403 0.00 0.00 0.00 0
94404 0.00 0.00 0.00 0
95206 0.00 0.00 0.00 0
95207 0.00 0.00 0.00 0
95208 0.00 0.00 0.00 0
95209 0.00 0.00 0.00 0
95210 0.00 0.00 0.00 0
95749 0.00 0.00 0.00 0
95750 0.00 0.00 0.00 0
95751 0.00 0.00 0.00 0
95752 0.00 0.00 0.00 0
95753 0.00 0.00 0.00 0
95785 0.00 0.00 0.00 0
95786 0.00 0.00 0.00 0
95787 0.00 0.00 0.00 0
95788 0.00 0.00 0.00 0
95789 0.00 0.00 0.00 0
95892 0.00 0.00 0.00 0
95893 0.00 0.00 0.00 0
95894 0.00 0.00 0.00 0
95895 0.00 0.00 0.00 0
95896 0.00 0.00 0.00 0
95929 0.00 0.00 0.00 0
95930 0.00 0.00 0.00 0
95931 0.00 0.00 0.00 0
95932 0.00 0.00 0.00 0
95933 0.00 0.00 0.00 0
95934 0.00 0.00 0.00 0
95935 0.00 0.00 0.00 0
95936 0.00 0.00 0.00 0
95937 0.00 0.00 0.00 0
95938 0.00 0.00 0.00 0
95939 0.00 0.00 0.00 0
95940 0.00 0.00 0.00 0
95941 0.00 0.00 0.00 0
95942 0.00 0.00 0.00 0
95943 0.00 0.00 0.00 0
95944 0.00 0.00 0.00 0
95945 0.00 0.00 0.00 0
95946 0.00 0.00 0.00 0
95947 0.00 0.00 0.00 0
95948 0.00 0.00 0.00 0
95949 0.00 0.00 0.00 0
95950 0.00 0.00 0.00 0
95951 0.00 0.00 0.00 0
95952 0.00 0.00 0.00 0
95953 0.00 0.00 0.00 0
95954 0.00 0.00 0.00 0
95955 0.00 0.00 0.00 0
95956 0.00 0.00 0.00 0
95957 0.00 0.00 0.00 0
95958 0.00 0.00 0.00 0
95959 0.00 0.00 0.00 0
95960 0.00 0.00 0.00 0
95961 0.00 0.00 0.00 0
95962 0.00 0.00 0.00 0
95963 0.00 0.00 0.00 0
95964 0.00 0.00 0.00 0
95965 0.00 0.00 0.00 0
95966 0.00 0.00 0.00 0
97074 0.00 0.00 0.00 0
97075 0.00 0.00 0.00 0
97076 0.00 0.00 0.00 0
97077 0.00 0.00 0.00 0
97078 0.00 0.00 0.00 0
97079 0.00 0.00 0.00 0
97083 0.00 0.00 0.00 0
97084 0.00 0.00 0.00 0
97110 0.00 0.00 0.00 0
97111 0.00 0.00 0.00 0
97112 0.00 0.00 0.00 0
97113 0.00 0.00 0.00 0
97114 0.00 0.00 0.00 0
98274 0.00 0.00 0.00 0
98275 0.00 0.00 0.00 0
98276 0.00 0.00 0.00 0
98277 0.00 0.00 0.00 0
98282 0.00 0.00 0.00 0
98283 0.00 0.00 0.00 0
98284 0.00 0.00 0.00 0
98285 0.00 0.00 0.00 0
98286 0.00 0.00 0.00 0
98716 0.00 0.00 0.00 0
98717 0.00 0.00 0.00 0
98718 0.00 0.00 0.00 0
98719 0.00 0.00 0.00 0
98720 0.00 0.00 0.00 0
98721 0.00 0.00 0.00 0
98722 0.00 0.00 0.00 0
98723 0.00 0.00 0.00 0
98724 0.00 0.00 0.00 0
98725 0.00 0.00 0.00 0
98726 0.00 0.00 0.00 0
98727 0.00 0.00 0.00 0
98728 0.00 0.00 0.00 0
98729 0.00 0.00 0.00 0
99526 0.00 0.00 0.00 0
99527 0.00 0.00 0.00 0
99528 0.00 0.00 0.00 0
99529 0.00 0.00 0.00 0
99530 0.00 0.00 0.00 0
99532 0.00 0.00 0.00 0
99534 0.00 0.00 0.00 0
99535 0.00 0.00 0.00 0
99536 0.00 0.00 0.00 0
99537 0.00 0.00 0.00 0
99539 0.00 0.00 0.00 0
100069 0.00 0.00 0.00 0
100070 0.00 0.00 0.00 0
100071 0.00 0.00 0.00 0
100072 0.00 0.00 0.00 0
100073 0.00 0.00 0.00 0
100256 0.00 0.00 0.00 0
100257 0.00 0.00 0.00 0
100258 0.00 0.00 0.00 0
100259 0.00 0.00 0.00 0
100260 0.00 0.00 0.00 0
100261 0.00 0.00 0.00 0
100262 0.00 0.00 0.00 0
100263 0.00 0.00 0.00 0
100264 0.00 0.00 0.00 0
100265 0.00 0.00 0.00 0
100266 0.00 0.00 0.00 0
100267 0.00 0.00 0.00 0
100268 0.00 0.00 0.00 0
100269 0.00 0.00 0.00 0
100270 0.00 0.00 0.00 0
100271 0.00 0.00 0.00 0
100272 0.00 0.00 0.00 0
100273 0.00 0.00 0.00 0
100274 0.00 0.00 0.00 0
100275 0.00 0.00 0.00 0
100276 0.00 0.00 0.00 0
100277 0.00 0.00 0.00 0
100278 0.00 0.00 0.00 0
100279 0.00 0.00 0.00 0
100280 0.00 0.00 0.00 0
100281 0.00 0.00 0.00 0
100282 0.00 0.00 0.00 0
100283 0.00 0.00 0.00 0
100284 0.00 0.00 0.00 0
100285 0.00 0.00 0.00 0
100286 0.00 0.00 0.00 0
100287 0.00 0.00 0.00 0
100288 0.00 0.00 0.00 0
100289 0.00 0.00 0.00 0
100290 0.00 0.00 0.00 0
100291 0.00 0.00 0.00 0
101394 0.00 0.00 0.00 0
101395 0.00 0.00 0.00 0
101396 0.00 0.00 0.00 0
101397 0.00 0.00 0.00 0
101398 0.00 0.00 0.00 0
101399 0.00 0.00 0.00 0
101400 0.00 0.00 0.00 0
101401 0.00 0.00 0.00 0
101402 0.00 0.00 0.00 0
102767 0.00 0.00 0.00 0
103295 0.00 0.00 0.00 0
103296 0.00 0.00 0.00 0
103297 0.00 0.00 0.00 0
103298 0.00 0.00 0.00 0
103299 0.00 0.00 0.00 0
103300 0.00 0.00 0.00 0
103301 0.00 0.00 0.00 0
103302 0.00 0.00 0.00 0
103303 0.00 0.00 0.00 0
103304 0.00 0.00 0.00 0
103305 0.00 0.00 0.00 0
103306 0.00 0.00 0.00 0
103307 0.00 0.00 0.00 0
103308 0.00 0.00 0.00 0
103309 0.00 0.00 0.00 0
103310 0.00 0.00 0.00 0
103311 0.00 0.00 0.00 0
103312 0.00 0.00 0.00 0
103313 0.00 0.00 0.00 0
103314 0.00 0.00 0.00 0
103315 0.00 0.00 0.00 0
103316 0.00 0.00 0.00 0
103317 0.00 0.00 0.00 0
103318 0.00 0.00 0.00 0
103319 0.00 0.00 0.00 0
103320 0.00 0.00 0.00 0
103321 0.00 0.00 0.00 0
103322 0.00 0.00 0.00 0
103323 0.00 0.00 0.00 0
103324 0.00 0.00 0.00 0
103325 0.00 0.00 0.00 0
103326 0.00 0.00 0.00 0
103327 0.00 0.00 0.00 0
103328 0.00 0.00 0.00 0
103329 0.00 0.00 0.00 0
103330 0.00 0.00 0.00 0
103331 0.00 0.00 0.00 0
103332 0.00 0.00 0.00 0
103333 0.00 0.00 0.00 0
103334 0.00 0.00 0.00 0
103335 0.00 0.00 0.00 0
103516 0.00 0.00 0.00 0
103517 0.00 0.00 0.00 0
103518 0.00 0.00 0.00 0
103519 0.00 0.00 0.00 0
103520 0.00 0.00 0.00 0
103521 0.00 0.00 0.00 0
103522 0.00 0.00 0.00 0
103523 0.00 0.00 0.00 0
103524 0.00 0.00 0.00 0
103525 0.00 0.00 0.00 0
103526 0.00 0.00 0.00 0
103527 0.00 0.00 0.00 0
103528 0.00 0.00 0.00 0
103529 0.00 0.00 0.00 0
103530 0.00 0.00 0.00 0
103531 0.00 0.00 0.00 0
103532 0.00 0.00 0.00 0
103533 0.00 0.00 0.00 0
103534 0.00 0.00 0.00 0
103535 0.00 0.00 0.00 0
103536 0.00 0.00 0.00 0
104629 0.00 0.00 0.00 0
104630 0.00 0.00 0.00 0
104631 0.00 0.00 0.00 0
104632 0.00 0.00 0.00 0
104633 0.00 0.00 0.00 0
104634 0.00 0.00 0.00 0
104635 0.00 0.00 0.00 0
104636 0.00 0.00 0.00 0
104637 0.00 0.00 0.00 0
104638 0.00 0.00 0.00 0
104639 0.00 0.00 0.00 0
104640 0.00 0.00 0.00 0
104641 0.00 0.00 0.00 0
104642 0.00 0.00 0.00 0
104643 0.00 0.00 0.00 0
104644 0.00 0.00 0.00 0
104645 0.00 0.00 0.00 0
104646 0.00 0.00 0.00 0
104647 0.00 0.00 0.00 0
104648 0.00 0.00 0.00 0
104649 0.00 0.00 0.00 0
104650 0.00 0.00 0.00 0
104651 0.00 0.00 0.00 0
104652 0.00 0.00 0.00 0
104653 0.00 0.00 0.00 0
104654 0.00 0.00 0.00 0
107059 0.00 0.00 0.00 0
107060 0.00 0.00 0.00 0
107061 0.00 0.00 0.00 0
107062 0.00 0.00 0.00 0
107063 0.00 0.00 0.00 0
107064 0.00 0.00 0.00 0
107065 0.00 0.00 0.00 0
107066 0.00 0.00 0.00 0
107067 0.00 0.00 0.00 0
107068 0.00 0.00 0.00 0
107069 0.00 0.00 0.00 0
107070 0.00 0.00 0.00 0
107071 0.00 0.00 0.00 0
107072 0.00 0.00 0.00 0
107073 0.00 0.00 0.00 0
107074 0.00 0.00 0.00 0
107075 0.00 0.00 0.00 0
107076 0.00 0.00 0.00 0
107077 0.00 0.00 0.00 0
107078 0.00 0.00 0.00 0
107079 0.00 0.00 0.00 0
107080 0.00 0.00 0.00 0
107081 0.00 0.00 0.00 0
107082 0.00 0.00 0.00 0
107083 0.00 0.00 0.00 0
107084 0.00 0.00 0.00 0
107085 0.00 0.00 0.00 0
107086 0.00 0.00 0.00 0
107100 0.00 0.00 0.00 0
107101 0.00 0.00 0.00 0
107102 0.00 0.00 0.00 0
107103 0.00 0.00 0.00 0
108682 0.00 0.00 0.00 0
108683 0.00 0.00 0.00 0
108684 0.00 0.00 0.00 0
108685 0.00 0.00 0.00 0
108686 0.00 0.00 0.00 0
108687 0.00 0.00 0.00 0
108688 0.00 0.00 0.00 0
108689 0.00 0.00 0.00 0
108690 0.00 0.00 0.00 0
108776 0.00 0.00 0.00 0
108782 0.00 0.00 0.00 0
108784 0.00 0.00 0.00 0
108785 0.00 0.00 0.00 0
108786 0.00 0.00 0.00 0
108787 0.00 0.00 0.00 0
108788 0.00 0.00 0.00 0
108789 0.00 0.00 0.00 0
108790 0.00 0.00 0.00 0
108791 0.00 0.00 0.00 0
108792 0.00 0.00 0.00 0
108793 0.00 0.00 0.00 0
108794 0.00 0.00 0.00 0
108795 0.00 0.00 0.00 0
108796 0.00 0.00 0.00 0
108797 0.00 0.00 0.00 0
108798 0.00 0.00 0.00 0
108799 0.00 0.00 0.00 0
108800 0.00 0.00 0.00 0
108801 0.00 0.00 0.00 0
108802 0.00 0.00 0.00 0
108803 0.00 0.00 0.00 0
108831 0.00 0.00 0.00 0
108832 0.00 0.00 0.00 0
108833 0.00 0.00 0.00 0
108834 0.00 0.00 0.00 0
108835 0.00 0.00 0.00 0
108836 0.00 0.00 0.00 0
108837 0.00 0.00 0.00 0
108838 0.00 0.00 0.00 0
108839 0.00 0.00 0.00 0
108840 0.00 0.00 0.00 0
108841 0.00 0.00 0.00 0
108842 0.00 0.00 0.00 0
108843 0.00 0.00 0.00 0
108844 0.00 0.00 0.00 0
108845 0.00 0.00 0.00 0
108846 0.00 0.00 0.00 0
108847 0.00 0.00 0.00 0
109086 0.00 0.00 0.00 0
109087 0.00 0.00 0.00 0
109088 0.00 0.00 0.00 0
109089 0.00 0.00 0.00 0
109090 0.00 0.00 0.00 0
109092 0.00 0.00 0.00 0
109093 0.00 0.00 0.00 0
109094 0.00 0.00 0.00 0
109095 0.00 0.00 0.00 0
109096 0.00 0.00 0.00 0
109097 0.00 0.00 0.00 0
109098 0.00 0.00 0.00 0
109099 0.00 0.00 0.00 0
109105 0.00 0.00 0.00 0
109106 0.00 0.00 0.00 0
109107 0.00 0.00 0.00 0
109108 0.00 0.00 0.00 0
109109 0.00 0.00 0.00 0
109110 0.00 0.00 0.00 0
109111 0.00 0.00 0.00 0
109112 0.00 0.00 0.00 0
109113 0.00 0.00 0.00 0
109114 0.00 0.00 0.00 0
109115 0.00 0.00 0.00 0
109116 0.00 0.00 0.00 0
109117 0.00 0.00 0.00 0
109118 0.00 0.00 0.00 0
109119 0.00 0.00 0.00 0
109120 0.00 0.00 0.00 0
109121 0.00 0.00 0.00 0
109122 0.00 0.00 0.00 0
109123 0.00 0.00 0.00 0
109124 0.00 0.00 0.00 0
109125 0.00 0.00 0.00 0
109126 0.00 0.00 0.00 0
109227 0.00 0.00 0.00 0
109235 0.00 0.00 0.00 0
109236 0.00 0.00 0.00 0
109237 0.00 0.00 0.00 0
109238 0.00 0.00 0.00 0
109239 0.00 0.00 0.00 0
109240 0.00 0.00 0.00 0
109241 0.00 0.00 0.00 0
109242 0.00 0.00 0.00 0
109243 0.00 0.00 0.00 0
109244 0.00 0.00 0.00 0
109245 0.00 0.00 0.00 0
109246 0.00 0.00 0.00 0
109247 0.00 0.00 0.00 0
109248 0.00 0.00 0.00 0
109249 0.00 0.00 0.00 0
109250 0.00 0.00 0.00 0
109251 0.00 0.00 0.00 0
109252 0.00 0.00 0.00 0
109253 0.00 0.00 0.00 0
109254 0.00 0.00 0.00 0
109255 0.00 0.00 0.00 0
109256 0.00 0.00 0.00 0
109257 0.00 0.00 0.00 0
109258 0.00 0.00 0.00 0
109259 0.00 0.00 0.00 0
109260 0.00 0.00 0.00 0
109261 0.00 0.00 0.00 0
109262 0.00 0.00 0.00 0
109263 0.00 0.00 0.00 0
109264 0.00 0.00 0.00 0
109265 0.00 0.00 0.00 0
109266 0.00 0.00 0.00 0
109267 0.00 0.00 0.00 0
109268 0.00 0.00 0.00 0
109269 0.00 0.00 0.00 0
109270 0.00 0.00 0.00 0
109271 0.00 0.00 0.00 0
109272 0.00 0.00 0.00 0
109273 0.00 0.00 0.00 0
109274 0.00 0.00 0.00 0
109275 0.00 0.00 0.00 0
109276 0.00 0.00 0.00 0
109277 0.00 0.00 0.00 0
109278 0.00 0.00 0.00 0
109279 0.00 0.00 0.00 0
109280 0.00 0.00 0.00 0
109281 0.00 0.00 0.00 0
109282 0.00 0.00 0.00 0
109283 0.00 0.00 0.00 0
109284 0.00 0.00 0.00 0
109285 0.00 0.00 0.00 0
109286 0.00 0.00 0.00 0
109287 0.00 0.00 0.00 0
109288 0.00 0.00 0.00 0
109294 0.00 0.00 0.00 0
109295 0.00 0.00 0.00 0
109296 0.00 0.00 0.00 0
109297 0.00 0.00 0.00 0
109298 0.00 0.00 0.00 0
109299 0.00 0.00 0.00 0
109300 0.00 0.00 0.00 0
109301 0.00 0.00 0.00 0
109302 0.00 0.00 0.00 0
109303 0.00 0.00 0.00 0
109304 0.00 0.00 0.00 0
109305 0.00 0.00 0.00 0
109306 0.00 0.00 0.00 0
109307 0.00 0.00 0.00 0
109308 0.00 0.00 0.00 0
109309 0.00 0.00 0.00 0
109310 0.00 0.00 0.00 0
109311 0.00 0.00 0.00 0
109312 0.00 0.00 0.00 0
109313 0.00 0.00 0.00 0
109314 0.00 0.00 0.00 0
109315 0.00 0.00 0.00 0
109316 0.00 0.00 0.00 0
109317 0.00 0.00 0.00 0
109318 0.00 0.00 0.00 0
109319 0.00 0.00 0.00 0
109320 0.00 0.00 0.00 0
109321 0.00 0.00 0.00 0
109322 0.00 0.00 0.00 0
109323 0.00 0.00 0.00 0
109324 0.00 0.00 0.00 0
109325 0.00 0.00 0.00 0
109326 0.00 0.00 0.00 0
109327 0.00 0.00 0.00 0
109328 0.00 0.00 0.00 0
112664 0.00 0.00 0.00 0
112665 0.00 0.00 0.00 0
112666 0.00 0.00 0.00 0
112667 0.00 0.00 0.00 0
112668 0.00 0.00 0.00 0
112669 0.00 0.00 0.00 0
112670 0.00 0.00 0.00 0
112671 0.00 0.00 0.00 0
112689 0.00 0.00 0.00 0
112690 0.00 0.00 0.00 0
112691 0.00 0.00 0.00 0
112692 0.00 0.00 0.00 0
112693 0.00 0.00 0.00 0
112694 0.00 0.00 0.00 0
112695 0.00 0.00 0.00 0
112696 0.00 0.00 0.00 0
112697 0.00 0.00 0.00 0
112698 0.00 0.00 0.00 0
112699 0.00 0.00 0.00 0
112700 0.00 0.00 0.00 0
112701 0.00 0.00 0.00 0
112770 0.00 0.00 0.00 0
112771 0.00 0.00 0.00 0
112772 0.00 0.00 0.00 0
112773 0.00 0.00 0.00 0
112774 0.00 0.00 0.00 0
112775 0.00 0.00 0.00 0
112776 0.00 0.00 0.00 0
112777 0.00 0.00 0.00 0
112778 0.00 0.00 0.00 0
112779 0.00 0.00 0.00 0
112780 0.00 0.00 0.00 0
112781 0.00 0.00 0.00 0
112782 0.00 0.00 0.00 0
115819 0.00 0.00 0.00 0
115820 0.00 0.00 0.00 0
115821 0.00 0.00 0.00 0
115822 0.00 0.00 0.00 0
115823 0.00 0.00 0.00 0
115824 0.00 0.00 0.00 0
115825 0.00 0.00 0.00 0
115826 0.00 0.00 0.00 0
115827 0.00 0.00 0.00 0
115828 0.00 0.00 0.00 0
115829 0.00 0.00 0.00 0
116449 0.00 0.00 0.00 0
116450 0.00 0.00 0.00 0
116451 0.00 0.00 0.00 0
116452 0.00 0.00 0.00 0
116453 0.00 0.00 0.00 0
116454 0.00 0.00 0.00 0
116455 0.00 0.00 0.00 0
116456 0.00 0.00 0.00 0
116457 0.00 0.00 0.00 0
116458 0.00 0.00 0.00 0
116459 0.00 0.00 0.00 0
116862 0.00 0.00 0.00 0
116863 0.00 0.00 0.00 0
116864 0.00 0.00 0.00 0
116865 0.00 0.00 0.00 0
116866 0.00 0.00 0.00 0
116870 0.00 0.00 0.00 0
116871 0.00 0.00 0.00 0
116872 0.00 0.00 0.00 0
116873 0.00 0.00 0.00 0
116874 0.00 0.00 0.00 0
116875 0.00 0.00 0.00 0
116876 0.00 0.00 0.00 0
116877 0.00 0.00 0.00 0
116878 0.00 0.00 0.00 0
116879 0.00 0.00 0.00 0
117022 0.00 0.00 0.00 0
117025 0.00 0.00 0.00 0
117026 0.00 0.00 0.00 0
117027 0.00 0.00 0.00 0
117028 0.00 0.00 0.00 0
117029 0.00 0.00 0.00 0
117030 0.00 0.00 0.00 0
117031 0.00 0.00 0.00 0
117032 0.00 0.00 0.00 0
117033 0.00 0.00 0.00 0
117034 0.00 0.00 0.00 0
117035 0.00 0.00 0.00 0
117036 0.00 0.00 0.00 0
117037 0.00 0.00 0.00 0
117038 0.00 0.00 0.00 0
117039 0.00 0.00 0.00 0
117040 0.00 0.00 0.00 0
117041 0.00 0.00 0.00 0
117042 0.00 0.00 0.00 0
117043 0.00 0.00 0.00 0
117044 0.00 0.00 0.00 0
117045 0.00 0.00 0.00 0
117046 0.00 0.00 0.00 0
117047 0.00 0.00 0.00 0
117048 0.00 0.00 0.00 0
117898 0.00 0.00 0.00 0
117899 0.00 0.00 0.00 0
117900 0.00 0.00 0.00 0
117901 0.00 0.00 0.00 0
117902 0.00 0.00 0.00 0
117903 0.00 0.00 0.00 0
117904 0.00 0.00 0.00 0
117905 0.00 0.00 0.00 0
117906 0.00 0.00 0.00 0
117907 0.00 0.00 0.00 0
117908 0.00 0.00 0.00 0
117934 0.00 0.00 0.00 0
117936 0.00 0.00 0.00 0
117937 0.00 0.00 0.00 0
119381 0.00 0.00 0.00 0
119382 0.00 0.00 0.00 0
119383 0.00 0.00 0.00 0
119384 0.00 0.00 0.00 0
119385 0.00 0.00 0.00 0
119386 0.00 0.00 0.00 0
119387 0.00 0.00 0.00 0
119388 0.00 0.00 0.00 0
119389 0.00 0.00 0.00 0
119390 0.00 0.00 0.00 0
119391 0.00 0.00 0.00 0
119392 0.00 0.00 0.00 0
119393 0.00 0.00 0.00 0
119394 0.00 0.00 0.00 0
119395 0.00 0.00 0.00 0
119396 0.00 0.00 0.00 0
119397 0.00 0.00 0.00 0
119398 0.00 0.00 0.00 0
119399 0.00 0.00 0.00 0
119400 0.00 0.00 0.00 0
119401 0.00 0.00 0.00 0
119402 0.00 0.00 0.00 0
119403 0.00 0.00 0.00 0
119404 0.00 0.00 0.00 0
119405 0.00 0.00 0.00 0
119406 0.00 0.00 0.00 0
119407 0.00 0.00 0.00 0
119408 0.00 0.00 0.00 0
119409 0.00 0.00 0.00 0
119410 0.00 0.00 0.00 0
119411 0.00 0.00 0.00 0
119412 0.00 0.00 0.00 0
119552 0.00 0.00 0.00 0
119553 0.00 0.00 0.00 0
119554 0.00 0.00 0.00 0
119555 0.00 0.00 0.00 0
119556 0.00 0.00 0.00 0
119557 0.00 0.00 0.00 0
119558 0.00 0.00 0.00 0
119559 0.00 0.00 0.00 0
119560 0.00 0.00 0.00 0
119561 0.00 0.00 0.00 0
119562 0.00 0.00 0.00 0
119563 0.00 0.00 0.00 0
119564 0.00 0.00 0.00 0
119565 0.00 0.00 0.00 0
119566 0.00 0.00 0.00 0
119567 0.00 0.00 0.00 0
119568 0.00 0.00 0.00 0
120418 0.00 0.00 0.00 0
120419 0.00 0.00 0.00 0
120420 0.00 0.00 0.00 0
120421 0.00 0.00 0.00 0
120422 0.00 0.00 0.00 0
120423 0.00 0.00 0.00 0
120424 0.00 0.00 0.00 0
120425 0.00 0.00 0.00 0
120426 0.00 0.00 0.00 0
120427 0.00 0.00 0.00 0
120428 0.00 0.00 0.00 0
120429 0.00 0.00 0.00 0
120430 0.00 0.00 0.00 0
120431 0.00 0.00 0.00 0
120432 0.00 0.00 0.00 0
120433 0.00 0.00 0.00 0
120434 0.00 0.00 0.00 0
120435 0.00 0.00 0.00 0
120436 0.00 0.00 0.00 0
120437 0.00 0.00 0.00 0
122308 0.00 0.00 0.00 0
122309 0.00 0.00 0.00 0
122310 0.00 0.00 0.00 0
122311 0.00 0.00 0.00 0
122312 0.00 0.00 0.00 0
122313 0.00 0.00 0.00 0
122314 0.00 0.00 0.00 0
122315 0.00 0.00 0.00 0
122316 0.00 0.00 0.00 0
122317 0.00 0.00 0.00 0
122318 0.00 0.00 0.00 0
122319 0.00 0.00 0.00 0
122320 0.00 0.00 0.00 0
122321 0.00 0.00 0.00 0
122322 0.00 0.00 0.00 0
122323 0.00 0.00 0.00 0
122326 0.00 0.00 0.00 0
122327 0.00 0.00 0.00 0
122335 0.00 0.00 0.00 0
123571 0.00 0.00 0.00 0
123572 0.00 0.00 0.00 0
123573 0.00 0.00 0.00 0
123574 0.00 0.00 0.00 0
123575 0.00 0.00 0.00 0
123576 0.00 0.00 0.00 0
123577 0.00 0.00 0.00 0
123578 0.00 0.00 0.00 0
123579 0.00 0.00 0.00 0
123653 0.00 0.00 0.00 0
123654 0.00 0.00 0.00 0
123655 0.00 0.00 0.00 0
123656 0.00 0.00 0.00 0
123657 0.00 0.00 0.00 0
123658 0.00 0.00 0.00 0
123659 0.00 0.00 0.00 0
123660 0.00 0.00 0.00 0
123661 0.00 0.00 0.00 0
123662 0.00 0.00 0.00 0
123663 0.00 0.00 0.00 0
123664 0.00 0.00 0.00 0
123665 0.00 0.00 0.00 0
123904 0.00 0.00 0.00 0
123905 0.00 0.00 0.00 0
123906 0.00 0.00 0.00 0
123907 0.00 0.00 0.00 0
123908 0.00 0.00 0.00 0
123909 0.00 0.00 0.00 0
123910 0.00 0.00 0.00 0
123911 0.00 0.00 0.00 0
123912 0.00 0.00 0.00 0
123913 0.00 0.00 0.00 0
123914 0.00 0.00 0.00 0
123915 0.00 0.00 0.00 0
123916 0.00 0.00 0.00 0
123995 0.00 0.00 0.00 0
123996 0.00 0.00 0.00 0
123997 0.00 0.00 0.00 0
123998 0.00 0.00 0.00 0
123999 0.00 0.00 0.00 0
124000 0.00 0.00 0.00 0
124001 0.00 0.00 0.00 0
124002 0.00 0.00 0.00 0
124003 0.00 0.00 0.00 0
124004 0.00 0.00 0.00 0
124005 0.00 0.00 0.00 0
124006 0.00 0.00 0.00 0
124007 0.00 0.00 0.00 0
124008 0.00 0.00 0.00 0
124009 0.00 0.00 0.00 0
124010 0.00 0.00 0.00 0
124011 0.00 0.00 0.00 0
124012 0.00 0.00 0.00 0
124013 0.00 0.00 0.00 0
124014 0.00 0.00 0.00 0
124015 0.00 0.00 0.00 0
124016 0.00 0.00 0.00 0
124017 0.00 0.00 0.00 0
124018 0.00 0.00 0.00 0
124019 0.00 0.00 0.00 0
124020 0.00 0.00 0.00 0
124021 0.00 0.00 0.00 0
124022 0.00 0.00 0.00 0
124023 0.00 0.00 0.00 0
124024 0.00 0.00 0.00 0
124025 0.00 0.00 0.00 0
124026 0.00 0.00 0.00 0
124027 0.00 0.00 0.00 0
124028 0.00 0.00 0.00 0
124029 0.00 0.00 0.00 0
124030 0.00 0.00 0.00 0
124031 0.00 0.00 0.00 0
124032 0.00 0.00 0.00 0
124033 0.00 0.00 0.00 0
124034 0.00 0.00 0.00 0
124035 0.00 0.00 0.00 0
124036 0.00 0.00 0.00 0
124037 0.00 0.00 0.00 0
124038 0.00 0.00 0.00 0
124039 0.00 0.00 0.00 0
124040 0.00 0.00 0.00 0
124041 0.00 0.00 0.00 0
124042 0.00 0.00 0.00 0
124047 0.00 0.00 0.00 0
124048 0.00 0.00 0.00 0
124049 0.00 0.00 0.00 0
124050 0.00 0.00 0.00 0
124051 0.00 0.00 0.00 0
124052 0.00 0.00 0.00 0
124053 0.00 0.00 0.00 0
124054 0.00 0.00 0.00 0
124055 0.00 0.00 0.00 0
124056 0.00 0.00 0.00 0
124057 0.00 0.00 0.00 0
124058 0.00 0.00 0.00 0
124059 0.00 0.00 0.00 0
124060 0.00 0.00 0.00 0
124061 0.00 0.00 0.00 0
124062 0.00 0.00 0.00 0
124063 0.00 0.00 0.00 0
124064 0.00 0.00 0.00 0
124065 0.00 0.00 0.00 0
124066 0.00 0.00 0.00 0
124067 0.00 0.00 0.00 0
124068 0.00 0.00 0.00 0
124069 0.00 0.00 0.00 0
124070 0.00 0.00 0.00 0
124071 0.00 0.00 0.00 0
124072 0.00 0.00 0.00 0
124073 0.00 0.00 0.00 0
124074 0.00 0.00 0.00 0
124076 0.00 0.00 0.00 0
126666 0.00 0.00 0.00 0
126667 0.00 0.00 0.00 0
126668 0.00 0.00 0.00 0
126669 0.00 0.00 0.00 0
126670 0.00 0.00 0.00 0
126671 0.00 0.00 0.00 0
126672 0.00 0.00 0.00 0
126673 0.00 0.00 0.00 0
126674 0.00 0.00 0.00 0
126675 0.00 0.00 0.00 0
126676 0.00 0.00 0.00 0
126678 0.00 0.00 0.00 0
126687 0.00 0.00 0.00 0
126688 0.00 0.00 0.00 0
126689 0.00 0.00 0.00 0
126690 0.00 0.00 0.00 0
126691 0.00 0.00 0.00 0
126692 0.00 0.00 0.00 0
126693 0.00 0.00 0.00 0
126694 0.00 0.00 0.00 0
126695 0.00 0.00 0.00 0
126696 0.00 0.00 0.00 0
126750 0.00 0.00 0.00 0
126751 0.00 0.00 0.00 0
126752 0.00 0.00 0.00 0
126753 0.00 0.00 0.00 0
126754 0.00 0.00 0.00 0
126755 0.00 0.00 0.00 0
126756 0.00 0.00 0.00 0
126757 0.00 0.00 0.00 0
126758 0.00 0.00 0.00 0
126759 0.00 0.00 0.00 0
126760 0.00 0.00 0.00 0
129383 0.00 0.00 0.00 0
129384 0.00 0.00 0.00 0
129385 0.00 0.00 0.00 0
129386 0.00 0.00 0.00 0
129387 0.00 0.00 0.00 0
129388 0.00 0.00 0.00 0
129389 0.00 0.00 0.00 0
129390 0.00 0.00 0.00 0
129391 0.00 0.00 0.00 0
129392 0.00 0.00 0.00 0
129393 0.00 0.00 0.00 0
129396 0.00 0.00 0.00 0
129398 0.00 0.00 0.00 0
129399 0.00 0.00 0.00 0
129400 0.00 0.00 0.00 0
129401 0.00 0.00 0.00 0
129402 0.00 0.00 0.00 0
129403 0.00 0.00 0.00 0
129404 0.00 0.00 0.00 0
129405 0.00 0.00 0.00 0
129406 0.00 0.00 0.00 0
129407 0.00 0.00 0.00 0
129408 0.00 0.00 0.00 0
129409 0.00 0.00 0.00 0
129410 0.00 0.00 0.00 0
129411 0.00 0.00 0.00 0
129550 0.00 0.00 0.00 0
129551 0.00 0.00 0.00 0
129552 0.00 0.00 0.00 0
130321 0.00 0.00 0.00 0
130322 0.00 0.00 0.00 0
130323 0.00 0.00 0.00 0
130324 0.00 0.00 0.00 0
130325 0.00 0.00 0.00 0
130326 0.00 0.00 0.00 0
130327 0.00 0.00 0.00 0
130328 0.00 0.00 0.00 0
130329 0.00 0.00 0.00 0
130330 0.00 0.00 0.00 0
130331 0.00 0.00 0.00 0
130332 0.00 0.00 0.00 0
130333 0.00 0.00 0.00 0
130334 0.00 0.00 0.00 0
130335 0.00 0.00 0.00 0
130336 0.00 0.00 0.00 0
130337 0.00 0.00 0.00 0
130338 0.00 0.00 0.00 0
130339 0.00 0.00 0.00 0
130340 0.00 0.00 0.00 0
130341 0.00 0.00 0.00 0
130342 0.00 0.00 0.00 0
130343 0.00 0.00 0.00 0
130344 0.00 0.00 0.00 0
130345 0.00 0.00 0.00 0
130346 0.00 0.00 0.00 0
130347 0.00 0.00 0.00 0
130348 0.00 0.00 0.00 0
132031 0.00 0.00 0.00 0
132032 0.00 0.00 0.00 0
132033 0.00 0.00 0.00 0
132034 0.00 0.00 0.00 0
132035 0.00 0.00 0.00 0
132036 0.00 0.00 0.00 0
132037 0.00 0.00 0.00 0
132038 0.00 0.00 0.00 0
132039 0.00 0.00 0.00 0
132040 0.00 0.00 0.00 0
132041 0.00 0.00 0.00 0
132042 0.00 0.00 0.00 0
132043 0.00 0.00 0.00 0
132044 0.00 0.00 0.00 0
132045 0.00 0.00 0.00 0
132046 0.00 0.00 0.00 0
132047 0.00 0.00 0.00 0
132048 0.00 0.00 0.00 0
132049 0.00 0.00 0.00 0
132050 0.00 0.00 0.00 0
132051 0.00 0.00 0.00 0
132052 0.00 0.00 0.00 0
132053 0.00 0.00 0.00 0
132054 0.00 0.00 0.00 0
132055 0.00 0.00 0.00 0
133174 0.00 0.00 0.00 0
133175 0.00 0.00 0.00 0
133176 0.00 0.00 0.00 0
133177 0.00 0.00 0.00 0
133178 0.00 0.00 0.00 0
133179 0.00 0.00 0.00 0
133180 0.00 0.00 0.00 0
133181 0.00 0.00 0.00 0
133185 0.00 0.00 0.00 0
133566 0.00 0.00 0.00 0
133568 0.00 0.00 0.00 0
133569 0.00 0.00 0.00 0
133570 0.00 0.00 0.00 0
133571 0.00 0.00 0.00 0
133572 0.00 0.00 0.00 0
133573 0.00 0.00 0.00 0
133574 0.00 0.00 0.00 0
133575 0.00 0.00 0.00 0
133576 0.00 0.00 0.00 0
133577 0.00 0.00 0.00 0
133578 0.00 0.00 0.00 0
133579 0.00 0.00 0.00 0
133580 0.00 0.00 0.00 0
133581 0.00 0.00 0.00 0
133582 0.00 0.00 0.00 0
133583 0.00 0.00 0.00 0
133584 0.00 0.00 0.00 0
133585 0.00 0.00 0.00 0
133586 0.00 0.00 0.00 0
133587 0.00 0.00 0.00 0
133588 0.00 0.00 0.00 0
133589 0.00 0.00 0.00 0
133590 0.00 0.00 0.00 0
133591 0.00 0.00 0.00 0
133592 0.00 0.00 0.00 0
133593 0.00 0.00 0.00 0
133594 0.00 0.00 0.00 0
133595 0.00 0.00 0.00 0
133596 0.00 0.00 0.00 0
133597 0.00 0.00 0.00 0
133598 0.00 0.00 0.00 0
133599 0.00 0.00 0.00 0
133600 0.00 0.00 0.00 0
133601 0.00 0.00 0.00 0
133602 0.00 0.00 0.00 0
133603 0.00 0.00 0.00 0
133604 0.00 0.00 0.00 0
133605 0.00 0.00 0.00 0
133606 0.00 0.00 0.00 0
133607 0.00 0.00 0.00 0
133608 0.00 0.00 0.00 0
133609 0.00 0.00 0.00 0
133610 0.00 0.00 0.00 0
133611 0.00 0.00 0.00 0
133612 0.00 0.00 0.00 0
133613 0.00 0.00 0.00 0
133614 0.00 0.00 0.00 0
133615 0.00 0.00 0.00 0
133616 0.00 0.00 0.00 0
133617 0.00 0.00 0.00 0
133618 0.00 0.00 0.00 0
133619 0.00 0.00 0.00 0
133620 0.00 0.00 0.00 0
133621 0.00 0.00 0.00 0
133622 0.00 0.00 0.00 0
133623 0.00 0.00 0.00 0
133624 0.00 0.00 0.00 0
133625 0.00 0.00 0.00 0
133626 0.00 0.00 0.00 0
133627 0.00 0.00 0.00 0
133628 0.00 0.00 0.00 0
133629 0.00 0.00 0.00 0
133634 0.00 0.00 0.00 0
133640 0.00 0.00 0.00 0
133641 0.00 0.00 0.00 0
133642 0.00 0.00 0.00 0
133643 0.00 0.00 0.00 0
133644 0.00 0.00 0.00 0
135972 0.00 0.00 0.00 0
135973 0.00 0.00 0.00 0
135974 0.00 0.00 0.00 0
135975 0.00 0.00 0.00 0
135976 0.00 0.00 0.00 0
135977 0.00 0.00 0.00 0
135978 0.00 0.00 0.00 0
135979 0.00 0.00 0.00 0
135980 0.00 0.00 0.00 0
135981 0.00 0.00 0.00 0
135982 0.00 0.00 0.00 0
135983 0.00 0.00 0.00 0
135984 0.00 0.00 0.00 0
135985 0.00 0.00 0.00 0
135986 0.00 0.00 0.00 0
135987 0.00 0.00 0.00 0
135988 0.00 0.00 0.00 0
135989 0.00 0.00 0.00 0
135990 0.00 0.00 0.00 0
135991 0.00 0.00 0.00 0
135992 0.00 0.00 0.00 0
136050 0.00 0.00 0.00 0
136051 0.00 0.00 0.00 0
136052 0.00 0.00 0.00 0
138832 0.00 0.00 0.00 0
138833 0.00 0.00 0.00 0
138834 0.00 0.00 0.00 0
138835 0.00 0.00 0.00 0
138836 0.00 0.00 0.00 0
138837 0.00 0.00 0.00 0
138838 0.00 0.00 0.00 0
138839 0.00 0.00 0.00 0
138840 0.00 0.00 0.00 0
139907 0.00 0.00 0.00 0
139908 0.00 0.00 0.00 0
139909 0.00 0.00 0.00 0
139910 0.00 0.00 0.00 0
139911 0.00 0.00 0.00 0
139912 0.00 0.00 0.00 0
139913 0.00 0.00 0.00 0
139914 0.00 0.00 0.00 0
139915 0.00 0.00 0.00 0
139916 0.00 0.00 0.00 0
139917 0.00 0.00 0.00 0
139918 0.00 0.00 0.00 0
139919 0.00 0.00 0.00 0
139920 0.00 0.00 0.00 0
139921 0.00 0.00 0.00 0
139922 0.00 0.00 0.00 0
139923 0.00 0.00 0.00 0
139924 0.00 0.00 0.00 0
139925 0.00 0.00 0.00 0
139926 0.00 0.00 0.00 0
139927 0.00 0.00 0.00 0
139928 0.00 0.00 0.00 0
139929 0.00 0.00 0.00 0
139930 0.00 0.00 0.00 0
139931 0.00 0.00 0.00 0
139932 0.00 0.00 0.00 0
139933 0.00 0.00 0.00 0
139934 0.00 0.00 0.00 0
139935 0.00 0.00 0.00 0
139936 0.00 0.00 0.00 0
139937 0.00 0.00 0.00 0
139938 0.00 0.00 0.00 0
139939 0.00 0.00 0.00 0
139940 0.00 0.00 0.00 0
139941 0.00 0.00 0.00 0
139942 0.00 0.00 0.00 0
139943 0.00 0.00 0.00 0
139944 0.00 0.00 0.00 0
139945 0.00 0.00 0.00 0
139946 0.00 0.00 0.00 0
139947 0.00 0.00 0.00 0
139948 0.00 0.00 0.00 0
139949 0.00 0.00 0.00 0
139950 0.00 0.00 0.00 0
139951 0.00 0.00 0.00 0
139952 0.00 0.00 0.00 0
139953 0.00 0.00 0.00 0
139954 0.00 0.00 0.00 0
139955 0.00 0.00 0.00 0
139956 0.00 0.00 0.00 0
139957 0.00 0.00 0.00 0
139958 0.00 0.00 0.00 0
139959 0.00 0.00 0.00 0
139960 0.00 0.00 0.00 0
139961 0.00 0.00 0.00 0
139962 0.00 0.00 0.00 0
139963 0.00 0.00 0.00 0
139964 0.00 0.00 0.00 0
139965 0.00 0.00 0.00 0
139966 0.00 0.00 0.00 0
139967 0.00 0.00 0.00 0
139968 0.00 0.00 0.00 0
139969 0.00 0.00 0.00 0
139970 0.00 0.00 0.00 0
139971 0.00 0.00 0.00 0
139972 0.00 0.00 0.00 0
139973 0.00 0.00 0.00 0
139974 0.00 0.00 0.00 0
139975 0.00 0.00 0.00 0
139976 0.00 0.00 0.00 0
139977 0.00 0.00 0.00 0
139978 0.00 0.00 0.00 0
139979 0.00 0.00 0.00 0
139980 0.00 0.00 0.00 0
139981 0.00 0.00 0.00 0
139982 0.00 0.00 0.00 0
139983 0.00 0.00 0.00 0
139984 0.00 0.00 0.00 0
139985 0.00 0.00 0.00 0
139986 0.00 0.00 0.00 0
139987 0.00 0.00 0.00 0
139988 0.00 0.00 0.00 0
140345 0.00 0.00 0.00 0
140346 0.00 0.00 0.00 0
140347 0.00 0.00 0.00 0
140360 0.00 0.00 0.00 0
140369 0.00 0.00 0.00 0
140370 0.00 0.00 0.00 0
140371 0.00 0.00 0.00 0
140372 0.00 0.00 0.00 0
140373 0.00 0.00 0.00 0
140374 0.00 0.00 0.00 0
140375 0.00 0.00 0.00 0
140376 0.00 0.00 0.00 0
140377 0.00 0.00 0.00 0
140378 0.00 0.00 0.00 0
140379 0.00 0.00 0.00 0
140380 0.00 0.00 0.00 0
140381 0.00 0.00 0.00 0
140382 0.00 0.00 0.00 0
140383 0.00 0.00 0.00 0
140384 0.00 0.00 0.00 0
140385 0.00 0.00 0.00 0
140386 0.00 0.00 0.00 0
140387 0.00 0.00 0.00 0
140388 0.00 0.00 0.00 0
140389 0.00 0.00 0.00 0
140390 0.00 0.00 0.00 0
140391 0.00 0.00 0.00 0
140392 0.00 0.00 0.00 0
140393 0.00 0.00 0.00 0
140394 0.00 0.00 0.00 0
140395 0.00 0.00 0.00 0
140396 0.00 0.00 0.00 0
140397 0.00 0.00 0.00 0
140398 0.00 0.00 0.00 0
140399 0.00 0.00 0.00 0
140400 0.00 0.00 0.00 0
142627 0.00 0.00 0.00 0
142628 0.00 0.00 0.00 0
142629 0.00 0.00 0.00 0
142630 0.00 0.00 0.00 0
142631 0.00 0.00 0.00 0
142632 0.00 0.00 0.00 0
142633 0.00 0.00 0.00 0
142634 0.00 0.00 0.00 0
142635 0.00 0.00 0.00 0
142636 0.00 0.00 0.00 0
142637 0.00 0.00 0.00 0
142638 0.00 0.00 0.00 0
142639 0.00 0.00 0.00 0
142640 0.00 0.00 0.00 0
142641 0.00 0.00 0.00 0
142642 0.00 0.00 0.00 0
142643 0.00 0.00 0.00 0
142644 0.00 0.00 0.00 0
142645 0.00 0.00 0.00 0
142646 0.00 0.00 0.00 0
142647 0.00 0.00 0.00 0
142648 0.00 0.00 0.00 0
142649 0.00 0.00 0.00 0
142650 0.00 0.00 0.00 0
142651 0.00 0.00 0.00 0
142652 0.00 0.00 0.00 0
142653 0.00 0.00 0.00 0
142656 0.00 0.00 0.00 0
142657 0.00 0.00 0.00 0
142658 0.00 0.00 0.00 0
142659 0.00 0.00 0.00 0
142660 0.00 0.00 0.00 0
142661 0.00 0.00 0.00 0
142662 0.00 0.00 0.00 0
142663 0.00 0.00 0.00 0
142664 0.00 0.00 0.00 0
142665 0.00 0.00 0.00 0
142666 0.00 0.00 0.00 0
142667 0.00 0.00 0.00 0
142668 0.00 0.00 0.00 0
142669 0.00 0.00 0.00 0
142670 0.00 0.00 0.00 0
142671 0.00 0.00 0.00 0
142672 0.00 0.00 0.00 0
142673 0.00 0.00 0.00 0
142674 0.00 0.00 0.00 0
142675 0.00 0.00 0.00 0
142676 0.00 0.00 0.00 0
142677 0.00 0.00 0.00 0
142678 0.00 0.00 0.00 0
142679 0.00 0.00 0.00 0
147538 0.00 0.00 0.00 0
147539 0.00 0.00 0.00 0
147540 0.00 0.00 0.00 0
147541 0.00 0.00 0.00 0
147542 0.00 0.00 0.00 0
147543 0.00 0.00 0.00 0
147544 0.00 0.00 0.00 0
147545 0.00 0.00 0.00 0
147546 0.00 0.00 0.00 0
147547 0.00 0.00 0.00 0
147548 0.00 0.00 0.00 0
147549 0.00 0.00 0.00 0
147550 0.00 0.00 0.00 0
147551 0.00 0.00 0.00 0
147552 0.00 0.00 0.00 0
147553 0.00 0.00 0.00 0
147554 0.00 0.00 0.00 0
147555 0.00 0.00 0.00 0
147556 0.00 0.00 0.00 0
147557 0.00 0.00 0.00 0
147558 0.00 0.00 0.00 0
147559 0.00 0.00 0.00 0
147560 0.00 0.00 0.00 0
147561 0.00 0.00 0.00 0
147562 0.00 0.00 0.00 0
147563 0.00 0.00 0.00 0
147564 0.00 0.00 0.00 0
147565 0.00 0.00 0.00 0
147566 0.00 0.00 0.00 0
147567 0.00 0.00 0.00 0
147568 0.00 0.00 0.00 0
147569 0.00 0.00 0.00 0
147570 0.00 0.00 0.00 0
147571 0.00 0.00 0.00 0
147572 0.00 0.00 0.00 0
147573 0.00 0.00 0.00 0
147574 0.00 0.00 0.00 0
147575 0.00 0.00 0.00 0
147576 0.00 0.00 0.00 0
147577 0.00 0.00 0.00 0
147578 0.00 0.00 0.00 0
147579 0.00 0.00 0.00 0
147580 0.00 0.00 0.00 0
147581 0.00 0.00 0.00 0
147582 0.00 0.00 0.00 0
147583 0.00 0.00 0.00 0
147584 0.00 0.00 0.00 0
147585 0.00 0.00 0.00 0
147586 0.00 0.00 0.00 0
147587 0.00 0.00 0.00 0
147588 0.00 0.00 0.00 0
147589 0.00 0.00 0.00 0
147590 0.00 0.00 0.00 0
147591 0.00 0.00 0.00 0
147592 0.00 0.00 0.00 0
147593 0.00 0.00 0.00 0
147594 0.00 0.00 0.00 0
147595 0.00 0.00 0.00 0
147597 0.00 0.00 0.00 0
147621 0.00 0.00 0.00 0
147622 0.00 0.00 0.00 0
147623 0.00 0.00 0.00 0
147624 0.00 0.00 0.00 0
147625 0.00 0.00 0.00 0
147626 0.00 0.00 0.00 0
147627 0.00 0.00 0.00 0
147637 0.00 0.00 0.00 0
147638 0.00 0.00 0.00 0
147639 0.00 0.00 0.00 0
147640 0.00 0.00 0.00 0
147672 0.00 0.00 0.00 0
150796 0.00 0.00 0.00 0
150797 0.00 0.00 0.00 0
150798 0.00 0.00 0.00 0
150799 0.00 0.00 0.00 0
150800 0.00 0.00 0.00 0
150801 0.00 0.00 0.00 0
150802 0.00 0.00 0.00 0
150803 0.00 0.00 0.00 0
150804 0.00 0.00 0.00 0
150805 0.00 0.00 0.00 0
150806 0.00 0.00 0.00 0
150807 0.00 0.00 0.00 0
150808 0.00 0.00 0.00 0
150809 0.00 0.00 0.00 0
150810 0.00 0.00 0.00 0
150811 0.00 0.00 0.00 0
150812 0.00 0.00 0.00 0
150823 0.00 0.00 0.00 0
150824 0.00 0.00 0.00 0
150825 0.00 0.00 0.00 0
150826 0.00 0.00 0.00 0
150827 0.00 0.00 0.00 0
150828 0.00 0.00 0.00 0
150978 0.00 0.00 0.00 0
150980 0.00 0.00 0.00 0
150981 0.00 0.00 0.00 0
150982 0.00 0.00 0.00 0
150983 0.00 0.00 0.00 0
150984 0.00 0.00 0.00 0
151004 0.00 0.00 0.00 0
151005 0.00 0.00 0.00 0
151006 0.00 0.00 0.00 0
151007 0.00 0.00 0.00 0
151008 0.00 0.00 0.00 0
151009 0.00 0.00 0.00 0
151010 0.00 0.00 0.00 0
151011 0.00 0.00 0.00 0
151012 0.00 0.00 0.00 0
151013 0.00 0.00 0.00 0
151014 0.00 0.00 0.00 0
151015 0.00 0.00 0.00 0
151016 0.00 0.00 0.00 0
151017 0.00 0.00 0.00 0
151018 0.00 0.00 0.00 0
151019 0.00 0.00 0.00 0
151020 0.00 0.00 0.00 0
151021 0.00 0.00 0.00 0
151022 0.00 0.00 0.00 0
151023 0.00 0.00 0.00 0
151024 0.00 0.00 0.00 0
151025 0.00 0.00 0.00 0
151026 0.00 0.00 0.00 0
151027 0.00 0.00 0.00 0
151028 0.00 0.00 0.00 0
151029 0.00 0.00 0.00 0
151030 0.00 0.00 0.00 0
151031 0.00 0.00 0.00 0
151032 0.00 0.00 0.00 0
151033 0.00 0.00 0.00 0
151034 0.00 0.00 0.00 0
151035 0.00 0.00 0.00 0
151036 0.00 0.00 0.00 0
151037 0.00 0.00 0.00 0
151038 0.00 0.00 0.00 0
151093 0.00 0.00 0.00 0
151094 0.00 0.00 0.00 0
151095 0.00 0.00 0.00 0
151096 0.00 0.00 0.00 0
151097 0.00 0.00 0.00 0
151098 0.00 0.00 0.00 0
151099 0.00 0.00 0.00 0
151100 0.00 0.00 0.00 0
151101 0.00 0.00 0.00 0
151102 0.00 0.00 0.00 0
151103 0.00 0.00 0.00 0
151104 0.00 0.00 0.00 0
151105 0.00 0.00 0.00 0
151106 0.00 0.00 0.00 0
151107 0.00 0.00 0.00 0
151108 0.00 0.00 0.00 0
151109 0.00 0.00 0.00 0
151110 0.00 0.00 0.00 0
151111 0.00 0.00 0.00 0
151112 0.00 0.00 0.00 0
151113 0.00 0.00 0.00 0
151114 0.00 0.00 0.00 0
151115 0.00 0.00 0.00 0
151116 0.00 0.00 0.00 0
151117 0.00 0.00 0.00 0
151118 0.00 0.00 0.00 0
151129 0.00 0.00 0.00 0
151517 0.00 0.00 0.00 0
151518 0.00 0.00 0.00 0
151519 0.00 0.00 0.00 0
151520 0.00 0.00 0.00 0
151521 0.00 0.00 0.00 0
151522 0.00 0.00 0.00 0
151523 0.00 0.00 0.00 0
151524 0.00 0.00 0.00 0
151525 0.00 0.00 0.00 0
151600 0.00 0.00 0.00 0
151602 0.00 0.00 0.00 0
151603 0.00 0.00 0.00 0
151604 0.00 0.00 0.00 0
151605 0.00 0.00 0.00 0
151606 0.00 0.00 0.00 0
151607 0.00 0.00 0.00 0
151608 0.00 0.00 0.00 0
151609 0.00 0.00 0.00 0
151610 0.00 0.00 0.00 0
151611 0.00 0.00 0.00 0
151612 0.00 0.00 0.00 0
151613 0.00 0.00 0.00 0
151614 0.00 0.00 0.00 0
151615 0.00 0.00 0.00 0
151618 0.00 0.00 0.00 0
151619 0.00 0.00 0.00 0
151620 0.00 0.00 0.00 0
151621 0.00 0.00 0.00 0
151622 0.00 0.00 0.00 0
151623 0.00 0.00 0.00 0
151624 0.00 0.00 0.00 0
151625 0.00 0.00 0.00 0
151626 0.00 0.00 0.00 0
151627 0.00 0.00 0.00 0
151628 0.00 0.00 0.00 0
151629 0.00 0.00 0.00 0
151630 0.00 0.00 0.00 0
151631 0.00 0.00 0.00 0
151632 0.00 0.00 0.00 0
151633 0.00 0.00 0.00 0
151642 0.00 0.00 0.00 0
151650 0.00 0.00 0.00 0
151651 0.00 0.00 0.00 0
151652 0.00 0.00 0.00 0
151653 0.00 0.00 0.00 0
151654 0.00 0.00 0.00 0
151655 0.00 0.00 0.00 0
151656 0.00 0.00 0.00 0
151657 0.00 0.00 0.00 0
151658 0.00 0.00 0.00 0
151659 0.00 0.00 0.00 0
151660 0.00 0.00 0.00 0
151661 0.00 0.00 0.00 0
151662 0.00 0.00 0.00 0
151663 0.00 0.00 0.00 0
151664 0.00 0.00 0.00 0
151665 0.00 0.00 0.00 0
151666 0.00 0.00 0.00 0
151667 0.00 0.00 0.00 0
151668 0.00 0.00 0.00 0
151669 0.00 0.00 0.00 0
151670 0.00 0.00 0.00 0
151671 0.00 0.00 0.00 0
151672 0.00 0.00 0.00 0
151673 0.00 0.00 0.00 0
151674 0.00 0.00 0.00 0
151675 0.00 0.00 0.00 0
151676 0.00 0.00 0.00 0
151677 0.00 0.00 0.00 0
151678 0.00 0.00 0.00 0
151679 0.00 0.00 0.00 0
151680 0.00 0.00 0.00 0
151681 0.00 0.00 0.00 0
151682 0.00 0.00 0.00 0
151683 0.00 0.00 0.00 0
151684 0.00 0.00 0.00 0
151685 0.00 0.00 0.00 0
151686 0.00 0.00 0.00 0
151687 0.00 0.00 0.00 0
151905 0.00 0.00 0.00 0
151906 0.00 0.00 0.00 0
151907 0.00 0.00 0.00 0
151908 0.00 0.00 0.00 0
151909 0.00 0.00 0.00 0
151910 0.00 0.00 0.00 0
151911 0.00 0.00 0.00 0
151912 0.00 0.00 0.00 0
151913 0.00 0.00 0.00 0
151914 0.00 0.00 0.00 0
151915 0.00 0.00 0.00 0
151916 0.00 0.00 0.00 0
151917 0.00 0.00 0.00 0
151918 0.00 0.00 0.00 0
151919 0.00 0.00 0.00 0
151920 0.00 0.00 0.00 0
151921 0.00 0.00 0.00 0
151922 0.00 0.00 0.00 0
151923 0.00 0.00 0.00 0
151924 0.00 0.00 0.00 0
151925 0.00 0.00 0.00 0
151926 0.00 0.00 0.00 0
151927 0.00 0.00 0.00 0
151928 0.00 0.00 0.00 0
151929 0.00 0.00 0.00 0
151930 0.00 0.00 0.00 0
151931 0.00 0.00 0.00 0
151932 0.00 0.00 0.00 0
151933 0.00 0.00 0.00 0
151934 0.00 0.00 0.00 0
151935 0.00 0.00 0.00 0
151936 0.00 0.00 0.00 0
151937 0.00 0.00 0.00 0
151938 0.00 0.00 0.00 0
151939 0.00 0.00 0.00 0
151940 0.00 0.00 0.00 0
151941 0.00 0.00 0.00 0
151942 0.00 0.00 0.00 0
151943 0.00 0.00 0.00 0
151944 0.00 0.00 0.00 0
151945 0.00 0.00 0.00 0
151946 0.00 0.00 0.00 0
151947 0.00 0.00 0.00 0
151948 0.00 0.00 0.00 0
151949 0.00 0.00 0.00 0
151950 0.00 0.00 0.00 0
151951 0.00 0.00 0.00 0
151952 0.00 0.00 0.00 0
151953 0.00 0.00 0.00 0
151954 0.00 0.00 0.00 0
151955 0.00 0.00 0.00 0
151956 0.00 0.00 0.00 0
151957 0.00 0.00 0.00 0
151958 0.00 0.00 0.00 0
151959 0.00 0.00 0.00 0
151960 0.00 0.00 0.00 0
151961 0.00 0.00 0.00 0
151962 0.00 0.00 0.00 0
151963 0.00 0.00 0.00 0
151964 0.00 0.00 0.00 0
151965 0.00 0.00 0.00 0
151966 0.00 0.00 0.00 0
151967 0.00 0.00 0.00 0
151968 0.00 0.00 0.00 0
151969 0.00 0.00 0.00 0
151970 0.00 0.00 0.00 0
151971 0.00 0.00 0.00 0
151972 0.00 0.00 0.00 0
151973 0.00 0.00 0.00 0
151974 0.00 0.00 0.00 0
151975 0.00 0.00 0.00 0
151976 0.00 0.00 0.00 0
151977 0.00 0.00 0.00 0
151978 0.00 0.00 0.00 0
151979 0.00 0.00 0.00 0
151980 0.00 0.00 0.00 0
151981 0.00 0.00 0.00 0
151982 0.00 0.00 0.00 0
151983 0.00 0.00 0.00 0
151984 0.00 0.00 0.00 0
151985 0.00 0.00 0.00 0
151986 0.00 0.00 0.00 0
151987 0.00 0.00 0.00 0
151988 0.00 0.00 0.00 0
151989 0.00 0.00 0.00 0
151990 0.00 0.00 0.00 0
151991 0.00 0.00 0.00 0
151992 0.00 0.00 0.00 0
151993 0.00 0.00 0.00 0
151994 0.00 0.00 0.00 0
151995 0.00 0.00 0.00 0
151996 0.00 0.00 0.00 0
151997 0.00 0.00 0.00 0
151998 0.00 0.00 0.00 0
151999 0.00 0.00 0.00 0
152000 0.00 0.00 0.00 0
152001 0.00 0.00 0.00 0
152002 0.00 0.00 0.00 0
152003 0.00 0.00 0.00 0
152004 0.00 0.00 0.00 0
152005 0.00 0.00 0.00 0
152006 0.00 0.00 0.00 0
152007 0.00 0.00 0.00 0
152008 0.00 0.00 0.00 0
152009 0.00 0.00 0.00 0
152010 0.00 0.00 0.00 0
152011 0.00 0.00 0.00 0
152018 0.00 0.00 0.00 0
152019 0.00 0.00 0.00 0
152020 0.00 0.00 0.00 0
152024 0.00 0.00 0.00 0
152025 0.00 0.00 0.00 0
152026 0.00 0.00 0.00 0
152027 0.00 0.00 0.00 0
152028 0.00 0.00 0.00 0
152029 0.00 0.00 0.00 0
152030 0.00 0.00 0.00 0
152031 0.00 0.00 0.00 0
152032 0.00 0.00 0.00 0
152033 0.00 0.00 0.00 0
152034 0.00 0.00 0.00 0
152035 0.00 0.00 0.00 0
152036 0.00 0.00 0.00 0
152037 0.00 0.00 0.00 0
152038 0.00 0.00 0.00 0
152039 0.00 0.00 0.00 0
152040 0.00 0.00 0.00 0
152041 0.00 0.00 0.00 0
152042 0.00 0.00 0.00 0
152043 0.00 0.00 0.00 0
152044 0.00 0.00 0.00 0
152045 0.00 0.00 0.00 0
152046 0.00 0.00 0.00 0
152047 0.00 0.00 0.00 0
152048 0.00 0.00 0.00 0
152049 0.00 0.00 0.00 0
152050 0.00 0.00 0.00 0
152051 0.00 0.00 0.00 0
152052 0.00 0.00 0.00 0
152053 0.00 0.00 0.00 0
152054 0.00 0.00 0.00 0
152055 0.00 0.00 0.00 0
152056 0.00 0.00 0.00 0
152057 0.00 0.00 0.00 0
152058 0.00 0.00 0.00 0
152059 0.00 0.00 0.00 0
152060 0.00 0.00 0.00 0
152061 0.00 0.00 0.00 0
152062 0.00 0.00 0.00 0
152063 0.00 0.00 0.00 0
152064 0.00 0.00 0.00 0
152065 0.00 0.00 0.00 0
152066 0.00 0.00 0.00 0
152067 0.00 0.00 0.00 0
152068 0.00 0.00 0.00 0
152069 0.00 0.00 0.00 0
152070 0.00 0.00 0.00 0
152071 0.00 0.00 0.00 0
152072 0.00 0.00 0.00 0
152073 0.00 0.00 0.00 0
152074 0.00 0.00 0.00 0
152075 0.00 0.00 0.00 0
152076 0.00 0.00 0.00 0
152077 0.00 0.00 0.00 0
152078 0.00 0.00 0.00 0
152079 0.00 0.00 0.00 0
152080 0.00 0.00 0.00 0
152081 0.00 0.00 0.00 0
152082 0.00 0.00 0.00 0
152083 0.00 0.00 0.00 0
152084 0.00 0.00 0.00 0
152085 0.00 0.00 0.00 0
152086 0.00 0.00 0.00 0
152087 0.00 0.00 0.00 0
152088 0.00 0.00 0.00 0
152089 0.00 0.00 0.00 0
152090 0.00 0.00 0.00 0
152091 0.00 0.00 0.00 0
152092 0.00 0.00 0.00 0
152093 0.00 0.00 0.00 0
152094 0.00 0.00 0.00 0
158775 0.00 0.00 0.00 0
158776 0.00 0.00 0.00 0
158777 0.00 0.00 0.00 0
158778 0.00 0.00 0.00 0
158779 0.00 0.00 0.00 0
158780 0.00 0.00 0.00 0
158820 0.00 0.00 0.00 0
158821 0.00 0.00 0.00 0
158822 0.00 0.00 0.00 0
158823 0.00 0.00 0.00 0
158824 0.00 0.00 0.00 0
158825 0.00 0.00 0.00 0
158826 0.00 0.00 0.00 0
158827 0.00 0.00 0.00 0
158828 0.00 0.00 0.00 0
158829 0.00 0.00 0.00 0
158830 0.00 0.00 0.00 0
158831 0.00 0.00 0.00 0
158832 0.00 0.00 0.00 0
158833 0.00 0.00 0.00 0
158834 0.00 0.00 0.00 0
158835 0.00 0.00 0.00 0
158836 0.00 0.00 0.00 0
158837 0.00 0.00 0.00 0
158838 0.00 0.00 0.00 0
158839 0.00 0.00 0.00 0
158840 0.00 0.00 0.00 0
158841 0.00 0.00 0.00 0
158842 0.00 0.00 0.00 0
158843 0.00 0.00 0.00 0
158844 0.00 0.00 0.00 0
158845 0.00 0.00 0.00 0
158846 0.00 0.00 0.00 0
158873 0.00 0.00 0.00 0
158982 0.00 0.00 0.00 0
158983 0.00 0.00 0.00 0
158984 0.00 0.00 0.00 0
158985 0.00 0.00 0.00 0
158986 0.00 0.00 0.00 0
158987 0.00 0.00 0.00 0
158988 0.00 0.00 0.00 0
158989 0.00 0.00 0.00 0
158990 0.00 0.00 0.00 0
158991 0.00 0.00 0.00 0
158992 0.00 0.00 0.00 0
158993 0.00 0.00 0.00 0
158994 0.00 0.00 0.00 0
158995 0.00 0.00 0.00 0
158996 0.00 0.00 0.00 0
158997 0.00 0.00 0.00 0
158998 0.00 0.00 0.00 0
158999 0.00 0.00 0.00 0
159000 0.00 0.00 0.00 0
159001 0.00 0.00 0.00 0
159002 0.00 0.00 0.00 0
159003 0.00 0.00 0.00 0
159004 0.00 0.00 0.00 0
159005 0.00 0.00 0.00 0
159006 0.00 0.00 0.00 0
159009 0.00 0.00 0.00 0
159010 0.00 0.00 0.00 0
