# S_precentral-inf-part
1932
93 0.00 0.00 0.00 0
94 0.00 0.00 0.00 0
213 0.00 0.00 0.00 0
214 0.00 0.00 0.00 0
453 0.00 0.00 0.00 0
454 0.00 0.00 0.00 0
455 0.00 0.00 0.00 0
457 0.00 0.00 0.00 0
522 0.00 0.00 0.00 0
995 0.00 0.00 0.00 0
996 0.00 0.00 0.00 0
997 0.00 0.00 0.00 0
1001 0.00 0.00 0.00 0
1002 0.00 0.00 0.00 0
1147 0.00 0.00 0.00 0
1148 0.00 0.00 0.00 0
1149 0.00 0.00 0.00 0
1535 0.00 0.00 0.00 0
1536 0.00 0.00 0.00 0
1625 0.00 0.00 0.00 0
2016 0.00 0.00 0.00 0
2017 0.00 0.00 0.00 0
2018 0.00 0.00 0.00 0
2019 0.00 0.00 0.00 0
2024 0.00 0.00 0.00 0
2025 0.00 0.00 0.00 0
2026 0.00 0.00 0.00 0
2027 0.00 0.00 0.00 0
2211 0.00 0.00 0.00 0
2915 0.00 0.00 0.00 0
2916 0.00 0.00 0.00 0
2917 0.00 0.00 0.00 0
2918 0.00 0.00 0.00 0
2919 0.00 0.00 0.00 0
2921 0.00 0.00 0.00 0
2922 0.00 0.00 0.00 0
3067 0.00 0.00 0.00 0
3068 0.00 0.00 0.00 0
3069 0.00 0.00 0.00 0
3515 0.00 0.00 0.00 0
3516 0.00 0.00 0.00 0
3517 0.00 0.00 0.00 0
3518 0.00 0.00 0.00 0
3519 0.00 0.00 0.00 0
4415 0.00 0.00 0.00 0
4416 0.00 0.00 0.00 0
4417 0.00 0.00 0.00 0
4418 0.00 0.00 0.00 0
4419 0.00 0.00 0.00 0
4422 0.00 0.00 0.00 0
4423 0.00 0.00 0.00 0
4424 0.00 0.00 0.00 0
4425 0.00 0.00 0.00 0
4426 0.00 0.00 0.00 0
4427 0.00 0.00 0.00 0
4428 0.00 0.00 0.00 0
4429 0.00 0.00 0.00 0
4438 0.00 0.00 0.00 0
4440 0.00 0.00 0.00 0
4441 0.00 0.00 0.00 0
4442 0.00 0.00 0.00 0
4447 0.00 0.00 0.00 0
4448 0.00 0.00 0.00 0
4449 0.00 0.00 0.00 0
4884 0.00 0.00 0.00 0
4885 0.00 0.00 0.00 0
4886 0.00 0.00 0.00 0
4887 0.00 0.00 0.00 0
4890 0.00 0.00 0.00 0
4891 0.00 0.00 0.00 0
5856 0.00 0.00 0.00 0
6397 0.00 0.00 0.00 0
6398 0.00 0.00 0.00 0
6399 0.00 0.00 0.00 0
6400 0.00 0.00 0.00 0
6401 0.00 0.00 0.00 0
6402 0.00 0.00 0.00 0
6403 0.00 0.00 0.00 0
6409 0.00 0.00 0.00 0
6410 0.00 0.00 0.00 0
6673 0.00 0.00 0.00 0
6674 0.00 0.00 0.00 0
6675 0.00 0.00 0.00 0
6676 0.00 0.00 0.00 0
6677 0.00 0.00 0.00 0
7418 0.00 0.00 0.00 0
7419 0.00 0.00 0.00 0
7420 0.00 0.00 0.00 0
7421 0.00 0.00 0.00 0
7422 0.00 0.00 0.00 0
7630 0.00 0.00 0.00 0
7631 0.00 0.00 0.00 0
8620 0.00 0.00 0.00 0
8621 0.00 0.00 0.00 0
8622 0.00 0.00 0.00 0
8625 0.00 0.00 0.00 0
8626 0.00 0.00 0.00 0
8627 0.00 0.00 0.00 0
8628 0.00 0.00 0.00 0
8629 0.00 0.00 0.00 0
8630 0.00 0.00 0.00 0
8631 0.00 0.00 0.00 0
8632 0.00 0.00 0.00 0
8643 0.00 0.00 0.00 0
8644 0.00 0.00 0.00 0
8645 0.00 0.00 0.00 0
8646 0.00 0.00 0.00 0
8647 0.00 0.00 0.00 0
8648 0.00 0.00 0.00 0
8649 0.00 0.00 0.00 0
8651 0.00 0.00 0.00 0
8652 0.00 0.00 0.00 0
8654 0.00 0.00 0.00 0
8655 0.00 0.00 0.00 0
8656 0.00 0.00 0.00 0
8657 0.00 0.00 0.00 0
8658 0.00 0.00 0.00 0
9189 0.00 0.00 0.00 0
9195 0.00 0.00 0.00 0
9196 0.00 0.00 0.00 0
9197 0.00 0.00 0.00 0
10595 0.00 0.00 0.00 0
10596 0.00 0.00 0.00 0
10597 0.00 0.00 0.00 0
10598 0.00 0.00 0.00 0
10599 0.00 0.00 0.00 0
10601 0.00 0.00 0.00 0
10602 0.00 0.00 0.00 0
10747 0.00 0.00 0.00 0
10748 0.00 0.00 0.00 0
10749 0.00 0.00 0.00 0
11195 0.00 0.00 0.00 0
11196 0.00 0.00 0.00 0
11197 0.00 0.00 0.00 0
11198 0.00 0.00 0.00 0
11199 0.00 0.00 0.00 0
12095 0.00 0.00 0.00 0
12096 0.00 0.00 0.00 0
12097 0.00 0.00 0.00 0
12098 0.00 0.00 0.00 0
12099 0.00 0.00 0.00 0
12100 0.00 0.00 0.00 0
12101 0.00 0.00 0.00 0
12102 0.00 0.00 0.00 0
12103 0.00 0.00 0.00 0
12104 0.00 0.00 0.00 0
12105 0.00 0.00 0.00 0
12106 0.00 0.00 0.00 0
12107 0.00 0.00 0.00 0
12108 0.00 0.00 0.00 0
12109 0.00 0.00 0.00 0
12118 0.00 0.00 0.00 0
12119 0.00 0.00 0.00 0
12120 0.00 0.00 0.00 0
12121 0.00 0.00 0.00 0
12122 0.00 0.00 0.00 0
12562 0.00 0.00 0.00 0
12563 0.00 0.00 0.00 0
12564 0.00 0.00 0.00 0
12565 0.00 0.00 0.00 0
12566 0.00 0.00 0.00 0
12567 0.00 0.00 0.00 0
14500 0.00 0.00 0.00 0
14501 0.00 0.00 0.00 0
14502 0.00 0.00 0.00 0
14503 0.00 0.00 0.00 0
14504 0.00 0.00 0.00 0
14505 0.00 0.00 0.00 0
14506 0.00 0.00 0.00 0
14507 0.00 0.00 0.00 0
14508 0.00 0.00 0.00 0
14509 0.00 0.00 0.00 0
14518 0.00 0.00 0.00 0
14519 0.00 0.00 0.00 0
14520 0.00 0.00 0.00 0
14521 0.00 0.00 0.00 0
14522 0.00 0.00 0.00 0
14962 0.00 0.00 0.00 0
14963 0.00 0.00 0.00 0
14964 0.00 0.00 0.00 0
14965 0.00 0.00 0.00 0
14966 0.00 0.00 0.00 0
14967 0.00 0.00 0.00 0
14968 0.00 0.00 0.00 0
14969 0.00 0.00 0.00 0
16303 0.00 0.00 0.00 0
16304 0.00 0.00 0.00 0
16305 0.00 0.00 0.00 0
16306 0.00 0.00 0.00 0
16307 0.00 0.00 0.00 0
16308 0.00 0.00 0.00 0
16309 0.00 0.00 0.00 0
16310 0.00 0.00 0.00 0
16311 0.00 0.00 0.00 0
16312 0.00 0.00 0.00 0
16313 0.00 0.00 0.00 0
16314 0.00 0.00 0.00 0
16762 0.00 0.00 0.00 0
16763 0.00 0.00 0.00 0
19003 0.00 0.00 0.00 0
19008 0.00 0.00 0.00 0
19009 0.00 0.00 0.00 0
19010 0.00 0.00 0.00 0
19011 0.00 0.00 0.00 0
19012 0.00 0.00 0.00 0
19013 0.00 0.00 0.00 0
19014 0.00 0.00 0.00 0
19018 0.00 0.00 0.00 0
19020 0.00 0.00 0.00 0
19021 0.00 0.00 0.00 0
19022 0.00 0.00 0.00 0
19023 0.00 0.00 0.00 0
19024 0.00 0.00 0.00 0
19025 0.00 0.00 0.00 0
19026 0.00 0.00 0.00 0
19027 0.00 0.00 0.00 0
19028 0.00 0.00 0.00 0
19029 0.00 0.00 0.00 0
19030 0.00 0.00 0.00 0
19031 0.00 0.00 0.00 0
19032 0.00 0.00 0.00 0
19033 0.00 0.00 0.00 0
19034 0.00 0.00 0.00 0
19035 0.00 0.00 0.00 0
19036 0.00 0.00 0.00 0
19037 0.00 0.00 0.00 0
19038 0.00 0.00 0.00 0
19039 0.00 0.00 0.00 0
19040 0.00 0.00 0.00 0
19041 0.00 0.00 0.00 0
19066 0.00 0.00 0.00 0
19067 0.00 0.00 0.00 0
19068 0.00 0.00 0.00 0
19070 0.00 0.00 0.00 0
19071 0.00 0.00 0.00 0
19072 0.00 0.00 0.00 0
19073 0.00 0.00 0.00 0
19074 0.00 0.00 0.00 0
19075 0.00 0.00 0.00 0
19076 0.00 0.00 0.00 0
19077 0.00 0.00 0.00 0
19078 0.00 0.00 0.00 0
19079 0.00 0.00 0.00 0
19080 0.00 0.00 0.00 0
19081 0.00 0.00 0.00 0
19082 0.00 0.00 0.00 0
19088 0.00 0.00 0.00 0
19089 0.00 0.00 0.00 0
19090 0.00 0.00 0.00 0
19094 0.00 0.00 0.00 0
19095 0.00 0.00 0.00 0
19096 0.00 0.00 0.00 0
19097 0.00 0.00 0.00 0
19098 0.00 0.00 0.00 0
19099 0.00 0.00 0.00 0
19100 0.00 0.00 0.00 0
19102 0.00 0.00 0.00 0
19104 0.00 0.00 0.00 0
19105 0.00 0.00 0.00 0
19106 0.00 0.00 0.00 0
20415 0.00 0.00 0.00 0
20416 0.00 0.00 0.00 0
20417 0.00 0.00 0.00 0
20419 0.00 0.00 0.00 0
20430 0.00 0.00 0.00 0
20431 0.00 0.00 0.00 0
20432 0.00 0.00 0.00 0
20433 0.00 0.00 0.00 0
20434 0.00 0.00 0.00 0
20435 0.00 0.00 0.00 0
20436 0.00 0.00 0.00 0
20437 0.00 0.00 0.00 0
23677 0.00 0.00 0.00 0
23678 0.00 0.00 0.00 0
23679 0.00 0.00 0.00 0
23680 0.00 0.00 0.00 0
23681 0.00 0.00 0.00 0
23682 0.00 0.00 0.00 0
23683 0.00 0.00 0.00 0
23684 0.00 0.00 0.00 0
23685 0.00 0.00 0.00 0
23689 0.00 0.00 0.00 0
23690 0.00 0.00 0.00 0
23953 0.00 0.00 0.00 0
23954 0.00 0.00 0.00 0
23955 0.00 0.00 0.00 0
23956 0.00 0.00 0.00 0
23957 0.00 0.00 0.00 0
24759 0.00 0.00 0.00 0
24760 0.00 0.00 0.00 0
24761 0.00 0.00 0.00 0
24762 0.00 0.00 0.00 0
24763 0.00 0.00 0.00 0
24764 0.00 0.00 0.00 0
24765 0.00 0.00 0.00 0
26379 0.00 0.00 0.00 0
26380 0.00 0.00 0.00 0
26381 0.00 0.00 0.00 0
26382 0.00 0.00 0.00 0
26383 0.00 0.00 0.00 0
26384 0.00 0.00 0.00 0
26385 0.00 0.00 0.00 0
26389 0.00 0.00 0.00 0
26390 0.00 0.00 0.00 0
26391 0.00 0.00 0.00 0
26392 0.00 0.00 0.00 0
26393 0.00 0.00 0.00 0
26394 0.00 0.00 0.00 0
26395 0.00 0.00 0.00 0
26396 0.00 0.00 0.00 0
26397 0.00 0.00 0.00 0
26398 0.00 0.00 0.00 0
26399 0.00 0.00 0.00 0
26400 0.00 0.00 0.00 0
26401 0.00 0.00 0.00 0
26402 0.00 0.00 0.00 0
26403 0.00 0.00 0.00 0
26420 0.00 0.00 0.00 0
26421 0.00 0.00 0.00 0
26422 0.00 0.00 0.00 0
26423 0.00 0.00 0.00 0
26424 0.00 0.00 0.00 0
26425 0.00 0.00 0.00 0
26426 0.00 0.00 0.00 0
26435 0.00 0.00 0.00 0
26436 0.00 0.00 0.00 0
26437 0.00 0.00 0.00 0
26438 0.00 0.00 0.00 0
26439 0.00 0.00 0.00 0
27225 0.00 0.00 0.00 0
27226 0.00 0.00 0.00 0
27227 0.00 0.00 0.00 0
27228 0.00 0.00 0.00 0
27234 0.00 0.00 0.00 0
27235 0.00 0.00 0.00 0
27236 0.00 0.00 0.00 0
27237 0.00 0.00 0.00 0
29021 0.00 0.00 0.00 0
29022 0.00 0.00 0.00 0
30282 0.00 0.00 0.00 0
30283 0.00 0.00 0.00 0
30284 0.00 0.00 0.00 0
30285 0.00 0.00 0.00 0
30286 0.00 0.00 0.00 0
30287 0.00 0.00 0.00 0
30288 0.00 0.00 0.00 0
30289 0.00 0.00 0.00 0
30290 0.00 0.00 0.00 0
30291 0.00 0.00 0.00 0
30292 0.00 0.00 0.00 0
30293 0.00 0.00 0.00 0
30294 0.00 0.00 0.00 0
30295 0.00 0.00 0.00 0
30296 0.00 0.00 0.00 0
30298 0.00 0.00 0.00 0
30308 0.00 0.00 0.00 0
30309 0.00 0.00 0.00 0
30310 0.00 0.00 0.00 0
30311 0.00 0.00 0.00 0
30312 0.00 0.00 0.00 0
30313 0.00 0.00 0.00 0
30314 0.00 0.00 0.00 0
30931 0.00 0.00 0.00 0
30932 0.00 0.00 0.00 0
30933 0.00 0.00 0.00 0
30934 0.00 0.00 0.00 0
30935 0.00 0.00 0.00 0
30936 0.00 0.00 0.00 0
30937 0.00 0.00 0.00 0
30938 0.00 0.00 0.00 0
30939 0.00 0.00 0.00 0
30940 0.00 0.00 0.00 0
30941 0.00 0.00 0.00 0
32742 0.00 0.00 0.00 0
32750 0.00 0.00 0.00 0
32751 0.00 0.00 0.00 0
32752 0.00 0.00 0.00 0
32753 0.00 0.00 0.00 0
32754 0.00 0.00 0.00 0
32755 0.00 0.00 0.00 0
32756 0.00 0.00 0.00 0
32757 0.00 0.00 0.00 0
32758 0.00 0.00 0.00 0
32759 0.00 0.00 0.00 0
32760 0.00 0.00 0.00 0
33328 0.00 0.00 0.00 0
33329 0.00 0.00 0.00 0
33330 0.00 0.00 0.00 0
33331 0.00 0.00 0.00 0
33332 0.00 0.00 0.00 0
33336 0.00 0.00 0.00 0
36102 0.00 0.00 0.00 0
36111 0.00 0.00 0.00 0
36112 0.00 0.00 0.00 0
36113 0.00 0.00 0.00 0
36114 0.00 0.00 0.00 0
36115 0.00 0.00 0.00 0
36116 0.00 0.00 0.00 0
36117 0.00 0.00 0.00 0
36118 0.00 0.00 0.00 0
36119 0.00 0.00 0.00 0
36120 0.00 0.00 0.00 0
36128 0.00 0.00 0.00 0
36129 0.00 0.00 0.00 0
36130 0.00 0.00 0.00 0
36131 0.00 0.00 0.00 0
36132 0.00 0.00 0.00 0
36133 0.00 0.00 0.00 0
36134 0.00 0.00 0.00 0
36135 0.00 0.00 0.00 0
36136 0.00 0.00 0.00 0
36137 0.00 0.00 0.00 0
36138 0.00 0.00 0.00 0
36139 0.00 0.00 0.00 0
36140 0.00 0.00 0.00 0
36141 0.00 0.00 0.00 0
36142 0.00 0.00 0.00 0
36143 0.00 0.00 0.00 0
36144 0.00 0.00 0.00 0
36145 0.00 0.00 0.00 0
36146 0.00 0.00 0.00 0
36147 0.00 0.00 0.00 0
36148 0.00 0.00 0.00 0
36149 0.00 0.00 0.00 0
36150 0.00 0.00 0.00 0
36151 0.00 0.00 0.00 0
36152 0.00 0.00 0.00 0
36157 0.00 0.00 0.00 0
36182 0.00 0.00 0.00 0
36183 0.00 0.00 0.00 0
36186 0.00 0.00 0.00 0
36187 0.00 0.00 0.00 0
36188 0.00 0.00 0.00 0
36189 0.00 0.00 0.00 0
36190 0.00 0.00 0.00 0
36191 0.00 0.00 0.00 0
36192 0.00 0.00 0.00 0
36193 0.00 0.00 0.00 0
36194 0.00 0.00 0.00 0
36195 0.00 0.00 0.00 0
36196 0.00 0.00 0.00 0
36197 0.00 0.00 0.00 0
36198 0.00 0.00 0.00 0
36199 0.00 0.00 0.00 0
36200 0.00 0.00 0.00 0
36201 0.00 0.00 0.00 0
36203 0.00 0.00 0.00 0
36204 0.00 0.00 0.00 0
36207 0.00 0.00 0.00 0
36208 0.00 0.00 0.00 0
36209 0.00 0.00 0.00 0
36210 0.00 0.00 0.00 0
36215 0.00 0.00 0.00 0
36216 0.00 0.00 0.00 0
36217 0.00 0.00 0.00 0
36218 0.00 0.00 0.00 0
36219 0.00 0.00 0.00 0
36220 0.00 0.00 0.00 0
36221 0.00 0.00 0.00 0
36222 0.00 0.00 0.00 0
36223 0.00 0.00 0.00 0
36224 0.00 0.00 0.00 0
36225 0.00 0.00 0.00 0
36226 0.00 0.00 0.00 0
36227 0.00 0.00 0.00 0
36228 0.00 0.00 0.00 0
36229 0.00 0.00 0.00 0
36230 0.00 0.00 0.00 0
37809 0.00 0.00 0.00 0
37810 0.00 0.00 0.00 0
37811 0.00 0.00 0.00 0
37812 0.00 0.00 0.00 0
37813 0.00 0.00 0.00 0
37827 0.00 0.00 0.00 0
37828 0.00 0.00 0.00 0
37829 0.00 0.00 0.00 0
37830 0.00 0.00 0.00 0
37831 0.00 0.00 0.00 0
37832 0.00 0.00 0.00 0
37833 0.00 0.00 0.00 0
37834 0.00 0.00 0.00 0
37835 0.00 0.00 0.00 0
37842 0.00 0.00 0.00 0
37843 0.00 0.00 0.00 0
41315 0.00 0.00 0.00 0
41316 0.00 0.00 0.00 0
41317 0.00 0.00 0.00 0
41318 0.00 0.00 0.00 0
41319 0.00 0.00 0.00 0
41321 0.00 0.00 0.00 0
41467 0.00 0.00 0.00 0
41468 0.00 0.00 0.00 0
41469 0.00 0.00 0.00 0
41915 0.00 0.00 0.00 0
41916 0.00 0.00 0.00 0
41917 0.00 0.00 0.00 0
41918 0.00 0.00 0.00 0
41919 0.00 0.00 0.00 0
42815 0.00 0.00 0.00 0
42816 0.00 0.00 0.00 0
42817 0.00 0.00 0.00 0
42818 0.00 0.00 0.00 0
42819 0.00 0.00 0.00 0
42820 0.00 0.00 0.00 0
42821 0.00 0.00 0.00 0
42822 0.00 0.00 0.00 0
42823 0.00 0.00 0.00 0
42824 0.00 0.00 0.00 0
42825 0.00 0.00 0.00 0
42826 0.00 0.00 0.00 0
42827 0.00 0.00 0.00 0
42828 0.00 0.00 0.00 0
42829 0.00 0.00 0.00 0
42838 0.00 0.00 0.00 0
42839 0.00 0.00 0.00 0
42840 0.00 0.00 0.00 0
42841 0.00 0.00 0.00 0
42842 0.00 0.00 0.00 0
43282 0.00 0.00 0.00 0
43283 0.00 0.00 0.00 0
43284 0.00 0.00 0.00 0
43285 0.00 0.00 0.00 0
43286 0.00 0.00 0.00 0
43287 0.00 0.00 0.00 0
43288 0.00 0.00 0.00 0
43289 0.00 0.00 0.00 0
45220 0.00 0.00 0.00 0
45221 0.00 0.00 0.00 0
45222 0.00 0.00 0.00 0
45223 0.00 0.00 0.00 0
45224 0.00 0.00 0.00 0
45225 0.00 0.00 0.00 0
45226 0.00 0.00 0.00 0
45227 0.00 0.00 0.00 0
45228 0.00 0.00 0.00 0
45229 0.00 0.00 0.00 0
45238 0.00 0.00 0.00 0
45239 0.00 0.00 0.00 0
45240 0.00 0.00 0.00 0
45241 0.00 0.00 0.00 0
45242 0.00 0.00 0.00 0
45682 0.00 0.00 0.00 0
45683 0.00 0.00 0.00 0
45684 0.00 0.00 0.00 0
45685 0.00 0.00 0.00 0
45686 0.00 0.00 0.00 0
45687 0.00 0.00 0.00 0
45688 0.00 0.00 0.00 0
45689 0.00 0.00 0.00 0
47023 0.00 0.00 0.00 0
47024 0.00 0.00 0.00 0
47025 0.00 0.00 0.00 0
47026 0.00 0.00 0.00 0
47027 0.00 0.00 0.00 0
47028 0.00 0.00 0.00 0
47029 0.00 0.00 0.00 0
47030 0.00 0.00 0.00 0
47031 0.00 0.00 0.00 0
47032 0.00 0.00 0.00 0
47033 0.00 0.00 0.00 0
47034 0.00 0.00 0.00 0
49723 0.00 0.00 0.00 0
49724 0.00 0.00 0.00 0
49730 0.00 0.00 0.00 0
49731 0.00 0.00 0.00 0
49732 0.00 0.00 0.00 0
49733 0.00 0.00 0.00 0
49734 0.00 0.00 0.00 0
49738 0.00 0.00 0.00 0
49739 0.00 0.00 0.00 0
49740 0.00 0.00 0.00 0
49741 0.00 0.00 0.00 0
49742 0.00 0.00 0.00 0
49743 0.00 0.00 0.00 0
49744 0.00 0.00 0.00 0
49745 0.00 0.00 0.00 0
49746 0.00 0.00 0.00 0
49747 0.00 0.00 0.00 0
49748 0.00 0.00 0.00 0
49749 0.00 0.00 0.00 0
49750 0.00 0.00 0.00 0
49751 0.00 0.00 0.00 0
49752 0.00 0.00 0.00 0
49753 0.00 0.00 0.00 0
49754 0.00 0.00 0.00 0
49755 0.00 0.00 0.00 0
49756 0.00 0.00 0.00 0
49757 0.00 0.00 0.00 0
49758 0.00 0.00 0.00 0
49759 0.00 0.00 0.00 0
49786 0.00 0.00 0.00 0
49787 0.00 0.00 0.00 0
49788 0.00 0.00 0.00 0
49789 0.00 0.00 0.00 0
49790 0.00 0.00 0.00 0
49791 0.00 0.00 0.00 0
49792 0.00 0.00 0.00 0
49793 0.00 0.00 0.00 0
49794 0.00 0.00 0.00 0
49795 0.00 0.00 0.00 0
49796 0.00 0.00 0.00 0
49797 0.00 0.00 0.00 0
49798 0.00 0.00 0.00 0
49799 0.00 0.00 0.00 0
49800 0.00 0.00 0.00 0
49801 0.00 0.00 0.00 0
49802 0.00 0.00 0.00 0
49807 0.00 0.00 0.00 0
49808 0.00 0.00 0.00 0
49809 0.00 0.00 0.00 0
49810 0.00 0.00 0.00 0
49814 0.00 0.00 0.00 0
49815 0.00 0.00 0.00 0
49816 0.00 0.00 0.00 0
49817 0.00 0.00 0.00 0
49818 0.00 0.00 0.00 0
49819 0.00 0.00 0.00 0
49820 0.00 0.00 0.00 0
51135 0.00 0.00 0.00 0
51136 0.00 0.00 0.00 0
51137 0.00 0.00 0.00 0
51150 0.00 0.00 0.00 0
51151 0.00 0.00 0.00 0
51152 0.00 0.00 0.00 0
51153 0.00 0.00 0.00 0
51154 0.00 0.00 0.00 0
51155 0.00 0.00 0.00 0
51156 0.00 0.00 0.00 0
51157 0.00 0.00 0.00 0
54820 0.00 0.00 0.00 0
54821 0.00 0.00 0.00 0
54822 0.00 0.00 0.00 0
54823 0.00 0.00 0.00 0
54824 0.00 0.00 0.00 0
54825 0.00 0.00 0.00 0
54826 0.00 0.00 0.00 0
54827 0.00 0.00 0.00 0
54828 0.00 0.00 0.00 0
54829 0.00 0.00 0.00 0
54830 0.00 0.00 0.00 0
54831 0.00 0.00 0.00 0
54832 0.00 0.00 0.00 0
54833 0.00 0.00 0.00 0
54834 0.00 0.00 0.00 0
54838 0.00 0.00 0.00 0
54839 0.00 0.00 0.00 0
54840 0.00 0.00 0.00 0
54841 0.00 0.00 0.00 0
54842 0.00 0.00 0.00 0
55282 0.00 0.00 0.00 0
55283 0.00 0.00 0.00 0
55284 0.00 0.00 0.00 0
55285 0.00 0.00 0.00 0
55286 0.00 0.00 0.00 0
55287 0.00 0.00 0.00 0
55288 0.00 0.00 0.00 0
55289 0.00 0.00 0.00 0
56620 0.00 0.00 0.00 0
56621 0.00 0.00 0.00 0
56622 0.00 0.00 0.00 0
56623 0.00 0.00 0.00 0
56624 0.00 0.00 0.00 0
56625 0.00 0.00 0.00 0
56626 0.00 0.00 0.00 0
56627 0.00 0.00 0.00 0
56628 0.00 0.00 0.00 0
56629 0.00 0.00 0.00 0
56630 0.00 0.00 0.00 0
56631 0.00 0.00 0.00 0
56632 0.00 0.00 0.00 0
56633 0.00 0.00 0.00 0
56634 0.00 0.00 0.00 0
59322 0.00 0.00 0.00 0
59323 0.00 0.00 0.00 0
59324 0.00 0.00 0.00 0
59325 0.00 0.00 0.00 0
59326 0.00 0.00 0.00 0
59327 0.00 0.00 0.00 0
59328 0.00 0.00 0.00 0
59329 0.00 0.00 0.00 0
59330 0.00 0.00 0.00 0
59331 0.00 0.00 0.00 0
59332 0.00 0.00 0.00 0
59333 0.00 0.00 0.00 0
59334 0.00 0.00 0.00 0
59338 0.00 0.00 0.00 0
59339 0.00 0.00 0.00 0
59340 0.00 0.00 0.00 0
59341 0.00 0.00 0.00 0
59342 0.00 0.00 0.00 0
59343 0.00 0.00 0.00 0
59344 0.00 0.00 0.00 0
59345 0.00 0.00 0.00 0
59346 0.00 0.00 0.00 0
59347 0.00 0.00 0.00 0
59348 0.00 0.00 0.00 0
59349 0.00 0.00 0.00 0
59350 0.00 0.00 0.00 0
59351 0.00 0.00 0.00 0
59352 0.00 0.00 0.00 0
59353 0.00 0.00 0.00 0
59354 0.00 0.00 0.00 0
59355 0.00 0.00 0.00 0
59356 0.00 0.00 0.00 0
59357 0.00 0.00 0.00 0
59358 0.00 0.00 0.00 0
59359 0.00 0.00 0.00 0
59360 0.00 0.00 0.00 0
59361 0.00 0.00 0.00 0
59362 0.00 0.00 0.00 0
59363 0.00 0.00 0.00 0
59364 0.00 0.00 0.00 0
59388 0.00 0.00 0.00 0
59389 0.00 0.00 0.00 0
59390 0.00 0.00 0.00 0
59391 0.00 0.00 0.00 0
59392 0.00 0.00 0.00 0
59393 0.00 0.00 0.00 0
59394 0.00 0.00 0.00 0
59395 0.00 0.00 0.00 0
59396 0.00 0.00 0.00 0
59397 0.00 0.00 0.00 0
59398 0.00 0.00 0.00 0
59399 0.00 0.00 0.00 0
59400 0.00 0.00 0.00 0
59401 0.00 0.00 0.00 0
59402 0.00 0.00 0.00 0
59414 0.00 0.00 0.00 0
59416 0.00 0.00 0.00 0
59417 0.00 0.00 0.00 0
59418 0.00 0.00 0.00 0
59419 0.00 0.00 0.00 0
59420 0.00 0.00 0.00 0
59422 0.00 0.00 0.00 0
60730 0.00 0.00 0.00 0
60732 0.00 0.00 0.00 0
60734 0.00 0.00 0.00 0
60735 0.00 0.00 0.00 0
60736 0.00 0.00 0.00 0
60737 0.00 0.00 0.00 0
60738 0.00 0.00 0.00 0
60739 0.00 0.00 0.00 0
60740 0.00 0.00 0.00 0
60741 0.00 0.00 0.00 0
60750 0.00 0.00 0.00 0
60751 0.00 0.00 0.00 0
60752 0.00 0.00 0.00 0
60754 0.00 0.00 0.00 0
60756 0.00 0.00 0.00 0
63830 0.00 0.00 0.00 0
63831 0.00 0.00 0.00 0
63832 0.00 0.00 0.00 0
63833 0.00 0.00 0.00 0
63834 0.00 0.00 0.00 0
66533 0.00 0.00 0.00 0
66535 0.00 0.00 0.00 0
66536 0.00 0.00 0.00 0
66537 0.00 0.00 0.00 0
66538 0.00 0.00 0.00 0
66539 0.00 0.00 0.00 0
66540 0.00 0.00 0.00 0
66541 0.00 0.00 0.00 0
66542 0.00 0.00 0.00 0
66543 0.00 0.00 0.00 0
66544 0.00 0.00 0.00 0
66545 0.00 0.00 0.00 0
66546 0.00 0.00 0.00 0
66547 0.00 0.00 0.00 0
66548 0.00 0.00 0.00 0
66549 0.00 0.00 0.00 0
66550 0.00 0.00 0.00 0
66551 0.00 0.00 0.00 0
66552 0.00 0.00 0.00 0
66553 0.00 0.00 0.00 0
66554 0.00 0.00 0.00 0
66555 0.00 0.00 0.00 0
66556 0.00 0.00 0.00 0
66557 0.00 0.00 0.00 0
66558 0.00 0.00 0.00 0
66559 0.00 0.00 0.00 0
66560 0.00 0.00 0.00 0
66561 0.00 0.00 0.00 0
66562 0.00 0.00 0.00 0
66563 0.00 0.00 0.00 0
66564 0.00 0.00 0.00 0
66565 0.00 0.00 0.00 0
66566 0.00 0.00 0.00 0
66567 0.00 0.00 0.00 0
66590 0.00 0.00 0.00 0
66591 0.00 0.00 0.00 0
66592 0.00 0.00 0.00 0
66593 0.00 0.00 0.00 0
66594 0.00 0.00 0.00 0
66595 0.00 0.00 0.00 0
66596 0.00 0.00 0.00 0
66597 0.00 0.00 0.00 0
66598 0.00 0.00 0.00 0
66599 0.00 0.00 0.00 0
66600 0.00 0.00 0.00 0
66601 0.00 0.00 0.00 0
66602 0.00 0.00 0.00 0
67927 0.00 0.00 0.00 0
67928 0.00 0.00 0.00 0
67929 0.00 0.00 0.00 0
67930 0.00 0.00 0.00 0
67931 0.00 0.00 0.00 0
67932 0.00 0.00 0.00 0
67933 0.00 0.00 0.00 0
67934 0.00 0.00 0.00 0
67935 0.00 0.00 0.00 0
67936 0.00 0.00 0.00 0
67937 0.00 0.00 0.00 0
67938 0.00 0.00 0.00 0
67939 0.00 0.00 0.00 0
67940 0.00 0.00 0.00 0
67941 0.00 0.00 0.00 0
67942 0.00 0.00 0.00 0
67943 0.00 0.00 0.00 0
67944 0.00 0.00 0.00 0
67945 0.00 0.00 0.00 0
67946 0.00 0.00 0.00 0
67947 0.00 0.00 0.00 0
67948 0.00 0.00 0.00 0
67949 0.00 0.00 0.00 0
71943 0.00 0.00 0.00 0
71945 0.00 0.00 0.00 0
71946 0.00 0.00 0.00 0
71953 0.00 0.00 0.00 0
71954 0.00 0.00 0.00 0
71955 0.00 0.00 0.00 0
71956 0.00 0.00 0.00 0
71957 0.00 0.00 0.00 0
71958 0.00 0.00 0.00 0
71959 0.00 0.00 0.00 0
71960 0.00 0.00 0.00 0
71961 0.00 0.00 0.00 0
71962 0.00 0.00 0.00 0
71963 0.00 0.00 0.00 0
71964 0.00 0.00 0.00 0
71965 0.00 0.00 0.00 0
71966 0.00 0.00 0.00 0
71967 0.00 0.00 0.00 0
71968 0.00 0.00 0.00 0
71969 0.00 0.00 0.00 0
71970 0.00 0.00 0.00 0
71971 0.00 0.00 0.00 0
71972 0.00 0.00 0.00 0
71973 0.00 0.00 0.00 0
71974 0.00 0.00 0.00 0
71975 0.00 0.00 0.00 0
71976 0.00 0.00 0.00 0
71977 0.00 0.00 0.00 0
71978 0.00 0.00 0.00 0
71979 0.00 0.00 0.00 0
73327 0.00 0.00 0.00 0
73328 0.00 0.00 0.00 0
73329 0.00 0.00 0.00 0
73330 0.00 0.00 0.00 0
73331 0.00 0.00 0.00 0
73332 0.00 0.00 0.00 0
73333 0.00 0.00 0.00 0
73334 0.00 0.00 0.00 0
80056 0.00 0.00 0.00 0
80057 0.00 0.00 0.00 0
80058 0.00 0.00 0.00 0
80059 0.00 0.00 0.00 0
80060 0.00 0.00 0.00 0
80061 0.00 0.00 0.00 0
80062 0.00 0.00 0.00 0
80063 0.00 0.00 0.00 0
80064 0.00 0.00 0.00 0
80065 0.00 0.00 0.00 0
80066 0.00 0.00 0.00 0
80067 0.00 0.00 0.00 0
80068 0.00 0.00 0.00 0
80069 0.00 0.00 0.00 0
80070 0.00 0.00 0.00 0
80071 0.00 0.00 0.00 0
80072 0.00 0.00 0.00 0
80073 0.00 0.00 0.00 0
80074 0.00 0.00 0.00 0
80075 0.00 0.00 0.00 0
80076 0.00 0.00 0.00 0
80077 0.00 0.00 0.00 0
80078 0.00 0.00 0.00 0
80079 0.00 0.00 0.00 0
80098 0.00 0.00 0.00 0
80099 0.00 0.00 0.00 0
80100 0.00 0.00 0.00 0
80101 0.00 0.00 0.00 0
80102 0.00 0.00 0.00 0
80103 0.00 0.00 0.00 0
80104 0.00 0.00 0.00 0
80105 0.00 0.00 0.00 0
80106 0.00 0.00 0.00 0
80107 0.00 0.00 0.00 0
80108 0.00 0.00 0.00 0
80109 0.00 0.00 0.00 0
80110 0.00 0.00 0.00 0
80111 0.00 0.00 0.00 0
80112 0.00 0.00 0.00 0
80113 0.00 0.00 0.00 0
80114 0.00 0.00 0.00 0
80115 0.00 0.00 0.00 0
80116 0.00 0.00 0.00 0
80117 0.00 0.00 0.00 0
80118 0.00 0.00 0.00 0
80119 0.00 0.00 0.00 0
80120 0.00 0.00 0.00 0
80121 0.00 0.00 0.00 0
80122 0.00 0.00 0.00 0
80123 0.00 0.00 0.00 0
80124 0.00 0.00 0.00 0
80125 0.00 0.00 0.00 0
80126 0.00 0.00 0.00 0
80127 0.00 0.00 0.00 0
80128 0.00 0.00 0.00 0
80129 0.00 0.00 0.00 0
80130 0.00 0.00 0.00 0
80131 0.00 0.00 0.00 0
80132 0.00 0.00 0.00 0
80133 0.00 0.00 0.00 0
80134 0.00 0.00 0.00 0
80135 0.00 0.00 0.00 0
80136 0.00 0.00 0.00 0
80137 0.00 0.00 0.00 0
80138 0.00 0.00 0.00 0
80139 0.00 0.00 0.00 0
80140 0.00 0.00 0.00 0
80141 0.00 0.00 0.00 0
80142 0.00 0.00 0.00 0
80143 0.00 0.00 0.00 0
80144 0.00 0.00 0.00 0
80145 0.00 0.00 0.00 0
80146 0.00 0.00 0.00 0
80147 0.00 0.00 0.00 0
80148 0.00 0.00 0.00 0
80149 0.00 0.00 0.00 0
80150 0.00 0.00 0.00 0
80151 0.00 0.00 0.00 0
80152 0.00 0.00 0.00 0
80153 0.00 0.00 0.00 0
80154 0.00 0.00 0.00 0
80155 0.00 0.00 0.00 0
80156 0.00 0.00 0.00 0
80157 0.00 0.00 0.00 0
80158 0.00 0.00 0.00 0
80159 0.00 0.00 0.00 0
80160 0.00 0.00 0.00 0
80161 0.00 0.00 0.00 0
80170 0.00 0.00 0.00 0
80171 0.00 0.00 0.00 0
80172 0.00 0.00 0.00 0
80233 0.00 0.00 0.00 0
80234 0.00 0.00 0.00 0
80235 0.00 0.00 0.00 0
80236 0.00 0.00 0.00 0
80237 0.00 0.00 0.00 0
80241 0.00 0.00 0.00 0
80245 0.00 0.00 0.00 0
80247 0.00 0.00 0.00 0
80248 0.00 0.00 0.00 0
80249 0.00 0.00 0.00 0
80250 0.00 0.00 0.00 0
80251 0.00 0.00 0.00 0
80252 0.00 0.00 0.00 0
80253 0.00 0.00 0.00 0
80254 0.00 0.00 0.00 0
80255 0.00 0.00 0.00 0
80256 0.00 0.00 0.00 0
80257 0.00 0.00 0.00 0
80258 0.00 0.00 0.00 0
80259 0.00 0.00 0.00 0
80260 0.00 0.00 0.00 0
80261 0.00 0.00 0.00 0
80262 0.00 0.00 0.00 0
80263 0.00 0.00 0.00 0
80264 0.00 0.00 0.00 0
80265 0.00 0.00 0.00 0
80266 0.00 0.00 0.00 0
80267 0.00 0.00 0.00 0
80268 0.00 0.00 0.00 0
80269 0.00 0.00 0.00 0
80270 0.00 0.00 0.00 0
80271 0.00 0.00 0.00 0
80272 0.00 0.00 0.00 0
80273 0.00 0.00 0.00 0
80274 0.00 0.00 0.00 0
80275 0.00 0.00 0.00 0
80276 0.00 0.00 0.00 0
80277 0.00 0.00 0.00 0
80278 0.00 0.00 0.00 0
80279 0.00 0.00 0.00 0
80280 0.00 0.00 0.00 0
80281 0.00 0.00 0.00 0
80282 0.00 0.00 0.00 0
80289 0.00 0.00 0.00 0
80294 0.00 0.00 0.00 0
80296 0.00 0.00 0.00 0
80297 0.00 0.00 0.00 0
80298 0.00 0.00 0.00 0
80299 0.00 0.00 0.00 0
80300 0.00 0.00 0.00 0
80301 0.00 0.00 0.00 0
80302 0.00 0.00 0.00 0
80303 0.00 0.00 0.00 0
80304 0.00 0.00 0.00 0
80305 0.00 0.00 0.00 0
80314 0.00 0.00 0.00 0
80316 0.00 0.00 0.00 0
80317 0.00 0.00 0.00 0
80318 0.00 0.00 0.00 0
80319 0.00 0.00 0.00 0
80320 0.00 0.00 0.00 0
80321 0.00 0.00 0.00 0
80322 0.00 0.00 0.00 0
80323 0.00 0.00 0.00 0
80324 0.00 0.00 0.00 0
80325 0.00 0.00 0.00 0
80326 0.00 0.00 0.00 0
80327 0.00 0.00 0.00 0
80328 0.00 0.00 0.00 0
80329 0.00 0.00 0.00 0
80330 0.00 0.00 0.00 0
80331 0.00 0.00 0.00 0
80332 0.00 0.00 0.00 0
80333 0.00 0.00 0.00 0
80334 0.00 0.00 0.00 0
80335 0.00 0.00 0.00 0
80336 0.00 0.00 0.00 0
80337 0.00 0.00 0.00 0
80338 0.00 0.00 0.00 0
80339 0.00 0.00 0.00 0
80340 0.00 0.00 0.00 0
80341 0.00 0.00 0.00 0
80342 0.00 0.00 0.00 0
80343 0.00 0.00 0.00 0
80344 0.00 0.00 0.00 0
80345 0.00 0.00 0.00 0
80346 0.00 0.00 0.00 0
80347 0.00 0.00 0.00 0
80348 0.00 0.00 0.00 0
80349 0.00 0.00 0.00 0
80350 0.00 0.00 0.00 0
80351 0.00 0.00 0.00 0
80352 0.00 0.00 0.00 0
80354 0.00 0.00 0.00 0
84285 0.00 0.00 0.00 0
84286 0.00 0.00 0.00 0
84287 0.00 0.00 0.00 0
84288 0.00 0.00 0.00 0
84289 0.00 0.00 0.00 0
84290 0.00 0.00 0.00 0
84291 0.00 0.00 0.00 0
84292 0.00 0.00 0.00 0
84293 0.00 0.00 0.00 0
84294 0.00 0.00 0.00 0
84295 0.00 0.00 0.00 0
84297 0.00 0.00 0.00 0
84330 0.00 0.00 0.00 0
84331 0.00 0.00 0.00 0
84332 0.00 0.00 0.00 0
84333 0.00 0.00 0.00 0
84334 0.00 0.00 0.00 0
84335 0.00 0.00 0.00 0
84336 0.00 0.00 0.00 0
84337 0.00 0.00 0.00 0
84338 0.00 0.00 0.00 0
84339 0.00 0.00 0.00 0
84340 0.00 0.00 0.00 0
84341 0.00 0.00 0.00 0
84342 0.00 0.00 0.00 0
84343 0.00 0.00 0.00 0
84344 0.00 0.00 0.00 0
84345 0.00 0.00 0.00 0
84346 0.00 0.00 0.00 0
84347 0.00 0.00 0.00 0
84348 0.00 0.00 0.00 0
84349 0.00 0.00 0.00 0
84350 0.00 0.00 0.00 0
84351 0.00 0.00 0.00 0
84352 0.00 0.00 0.00 0
84374 0.00 0.00 0.00 0
92797 0.00 0.00 0.00 0
92798 0.00 0.00 0.00 0
92799 0.00 0.00 0.00 0
92800 0.00 0.00 0.00 0
92801 0.00 0.00 0.00 0
92802 0.00 0.00 0.00 0
92803 0.00 0.00 0.00 0
92804 0.00 0.00 0.00 0
92805 0.00 0.00 0.00 0
92809 0.00 0.00 0.00 0
92810 0.00 0.00 0.00 0
93073 0.00 0.00 0.00 0
93074 0.00 0.00 0.00 0
93075 0.00 0.00 0.00 0
93076 0.00 0.00 0.00 0
93077 0.00 0.00 0.00 0
93877 0.00 0.00 0.00 0
93878 0.00 0.00 0.00 0
93879 0.00 0.00 0.00 0
93880 0.00 0.00 0.00 0
93881 0.00 0.00 0.00 0
93882 0.00 0.00 0.00 0
93883 0.00 0.00 0.00 0
93884 0.00 0.00 0.00 0
93885 0.00 0.00 0.00 0
95497 0.00 0.00 0.00 0
95498 0.00 0.00 0.00 0
95499 0.00 0.00 0.00 0
95500 0.00 0.00 0.00 0
95501 0.00 0.00 0.00 0
95502 0.00 0.00 0.00 0
95503 0.00 0.00 0.00 0
95504 0.00 0.00 0.00 0
95505 0.00 0.00 0.00 0
95508 0.00 0.00 0.00 0
95509 0.00 0.00 0.00 0
95510 0.00 0.00 0.00 0
95511 0.00 0.00 0.00 0
95512 0.00 0.00 0.00 0
95513 0.00 0.00 0.00 0
95514 0.00 0.00 0.00 0
95515 0.00 0.00 0.00 0
95516 0.00 0.00 0.00 0
95517 0.00 0.00 0.00 0
95518 0.00 0.00 0.00 0
95519 0.00 0.00 0.00 0
95520 0.00 0.00 0.00 0
95521 0.00 0.00 0.00 0
95522 0.00 0.00 0.00 0
95523 0.00 0.00 0.00 0
95538 0.00 0.00 0.00 0
95539 0.00 0.00 0.00 0
95540 0.00 0.00 0.00 0
95541 0.00 0.00 0.00 0
95542 0.00 0.00 0.00 0
95543 0.00 0.00 0.00 0
95544 0.00 0.00 0.00 0
95545 0.00 0.00 0.00 0
95546 0.00 0.00 0.00 0
95557 0.00 0.00 0.00 0
96342 0.00 0.00 0.00 0
96343 0.00 0.00 0.00 0
96344 0.00 0.00 0.00 0
96345 0.00 0.00 0.00 0
96346 0.00 0.00 0.00 0
96347 0.00 0.00 0.00 0
96348 0.00 0.00 0.00 0
96349 0.00 0.00 0.00 0
99826 0.00 0.00 0.00 0
99827 0.00 0.00 0.00 0
99828 0.00 0.00 0.00 0
99829 0.00 0.00 0.00 0
99830 0.00 0.00 0.00 0
99831 0.00 0.00 0.00 0
99832 0.00 0.00 0.00 0
99833 0.00 0.00 0.00 0
99834 0.00 0.00 0.00 0
99835 0.00 0.00 0.00 0
99836 0.00 0.00 0.00 0
99837 0.00 0.00 0.00 0
99838 0.00 0.00 0.00 0
99839 0.00 0.00 0.00 0
99840 0.00 0.00 0.00 0
99841 0.00 0.00 0.00 0
99842 0.00 0.00 0.00 0
99843 0.00 0.00 0.00 0
99844 0.00 0.00 0.00 0
99845 0.00 0.00 0.00 0
99858 0.00 0.00 0.00 0
99859 0.00 0.00 0.00 0
99860 0.00 0.00 0.00 0
99861 0.00 0.00 0.00 0
99862 0.00 0.00 0.00 0
99863 0.00 0.00 0.00 0
99864 0.00 0.00 0.00 0
99865 0.00 0.00 0.00 0
99866 0.00 0.00 0.00 0
100660 0.00 0.00 0.00 0
100661 0.00 0.00 0.00 0
100662 0.00 0.00 0.00 0
100663 0.00 0.00 0.00 0
100664 0.00 0.00 0.00 0
100665 0.00 0.00 0.00 0
100666 0.00 0.00 0.00 0
100667 0.00 0.00 0.00 0
100668 0.00 0.00 0.00 0
100669 0.00 0.00 0.00 0
100670 0.00 0.00 0.00 0
100671 0.00 0.00 0.00 0
100672 0.00 0.00 0.00 0
100673 0.00 0.00 0.00 0
103071 0.00 0.00 0.00 0
103072 0.00 0.00 0.00 0
103073 0.00 0.00 0.00 0
103074 0.00 0.00 0.00 0
103075 0.00 0.00 0.00 0
103076 0.00 0.00 0.00 0
103077 0.00 0.00 0.00 0
103078 0.00 0.00 0.00 0
103079 0.00 0.00 0.00 0
103080 0.00 0.00 0.00 0
103081 0.00 0.00 0.00 0
103082 0.00 0.00 0.00 0
103083 0.00 0.00 0.00 0
103084 0.00 0.00 0.00 0
103085 0.00 0.00 0.00 0
103086 0.00 0.00 0.00 0
103087 0.00 0.00 0.00 0
103088 0.00 0.00 0.00 0
103089 0.00 0.00 0.00 0
103090 0.00 0.00 0.00 0
103091 0.00 0.00 0.00 0
103092 0.00 0.00 0.00 0
103900 0.00 0.00 0.00 0
103901 0.00 0.00 0.00 0
103902 0.00 0.00 0.00 0
103903 0.00 0.00 0.00 0
107931 0.00 0.00 0.00 0
107933 0.00 0.00 0.00 0
107934 0.00 0.00 0.00 0
107935 0.00 0.00 0.00 0
107940 0.00 0.00 0.00 0
107941 0.00 0.00 0.00 0
107942 0.00 0.00 0.00 0
107943 0.00 0.00 0.00 0
107944 0.00 0.00 0.00 0
107945 0.00 0.00 0.00 0
107946 0.00 0.00 0.00 0
107947 0.00 0.00 0.00 0
107948 0.00 0.00 0.00 0
107949 0.00 0.00 0.00 0
107950 0.00 0.00 0.00 0
107951 0.00 0.00 0.00 0
107952 0.00 0.00 0.00 0
107964 0.00 0.00 0.00 0
107965 0.00 0.00 0.00 0
107966 0.00 0.00 0.00 0
107967 0.00 0.00 0.00 0
107968 0.00 0.00 0.00 0
107969 0.00 0.00 0.00 0
107970 0.00 0.00 0.00 0
107971 0.00 0.00 0.00 0
107972 0.00 0.00 0.00 0
107973 0.00 0.00 0.00 0
107974 0.00 0.00 0.00 0
107975 0.00 0.00 0.00 0
107976 0.00 0.00 0.00 0
107977 0.00 0.00 0.00 0
107978 0.00 0.00 0.00 0
107979 0.00 0.00 0.00 0
107980 0.00 0.00 0.00 0
107981 0.00 0.00 0.00 0
107982 0.00 0.00 0.00 0
107983 0.00 0.00 0.00 0
107984 0.00 0.00 0.00 0
107985 0.00 0.00 0.00 0
107986 0.00 0.00 0.00 0
107987 0.00 0.00 0.00 0
107988 0.00 0.00 0.00 0
107989 0.00 0.00 0.00 0
107990 0.00 0.00 0.00 0
107991 0.00 0.00 0.00 0
107992 0.00 0.00 0.00 0
107993 0.00 0.00 0.00 0
107994 0.00 0.00 0.00 0
107995 0.00 0.00 0.00 0
107996 0.00 0.00 0.00 0
107997 0.00 0.00 0.00 0
107998 0.00 0.00 0.00 0
107999 0.00 0.00 0.00 0
108000 0.00 0.00 0.00 0
108001 0.00 0.00 0.00 0
108007 0.00 0.00 0.00 0
108008 0.00 0.00 0.00 0
108046 0.00 0.00 0.00 0
108047 0.00 0.00 0.00 0
108051 0.00 0.00 0.00 0
108052 0.00 0.00 0.00 0
108054 0.00 0.00 0.00 0
108055 0.00 0.00 0.00 0
108056 0.00 0.00 0.00 0
108057 0.00 0.00 0.00 0
108058 0.00 0.00 0.00 0
108059 0.00 0.00 0.00 0
108060 0.00 0.00 0.00 0
108061 0.00 0.00 0.00 0
108062 0.00 0.00 0.00 0
108063 0.00 0.00 0.00 0
108064 0.00 0.00 0.00 0
108065 0.00 0.00 0.00 0
108066 0.00 0.00 0.00 0
108067 0.00 0.00 0.00 0
108068 0.00 0.00 0.00 0
108069 0.00 0.00 0.00 0
108070 0.00 0.00 0.00 0
108071 0.00 0.00 0.00 0
108072 0.00 0.00 0.00 0
108073 0.00 0.00 0.00 0
108074 0.00 0.00 0.00 0
108083 0.00 0.00 0.00 0
108084 0.00 0.00 0.00 0
108085 0.00 0.00 0.00 0
108086 0.00 0.00 0.00 0
108087 0.00 0.00 0.00 0
108088 0.00 0.00 0.00 0
108094 0.00 0.00 0.00 0
108095 0.00 0.00 0.00 0
108096 0.00 0.00 0.00 0
108097 0.00 0.00 0.00 0
108098 0.00 0.00 0.00 0
108099 0.00 0.00 0.00 0
108100 0.00 0.00 0.00 0
108101 0.00 0.00 0.00 0
108102 0.00 0.00 0.00 0
108103 0.00 0.00 0.00 0
108104 0.00 0.00 0.00 0
108105 0.00 0.00 0.00 0
108106 0.00 0.00 0.00 0
108107 0.00 0.00 0.00 0
108108 0.00 0.00 0.00 0
108109 0.00 0.00 0.00 0
108111 0.00 0.00 0.00 0
108112 0.00 0.00 0.00 0
108113 0.00 0.00 0.00 0
108114 0.00 0.00 0.00 0
108115 0.00 0.00 0.00 0
108116 0.00 0.00 0.00 0
108117 0.00 0.00 0.00 0
110475 0.00 0.00 0.00 0
110476 0.00 0.00 0.00 0
110477 0.00 0.00 0.00 0
110478 0.00 0.00 0.00 0
110479 0.00 0.00 0.00 0
110480 0.00 0.00 0.00 0
110481 0.00 0.00 0.00 0
110482 0.00 0.00 0.00 0
110502 0.00 0.00 0.00 0
110503 0.00 0.00 0.00 0
110504 0.00 0.00 0.00 0
110505 0.00 0.00 0.00 0
110506 0.00 0.00 0.00 0
110507 0.00 0.00 0.00 0
110508 0.00 0.00 0.00 0
110509 0.00 0.00 0.00 0
110510 0.00 0.00 0.00 0
110511 0.00 0.00 0.00 0
110512 0.00 0.00 0.00 0
110513 0.00 0.00 0.00 0
110514 0.00 0.00 0.00 0
110515 0.00 0.00 0.00 0
116683 0.00 0.00 0.00 0
116684 0.00 0.00 0.00 0
116685 0.00 0.00 0.00 0
116686 0.00 0.00 0.00 0
116687 0.00 0.00 0.00 0
116688 0.00 0.00 0.00 0
116689 0.00 0.00 0.00 0
116690 0.00 0.00 0.00 0
116691 0.00 0.00 0.00 0
116692 0.00 0.00 0.00 0
116693 0.00 0.00 0.00 0
116694 0.00 0.00 0.00 0
116695 0.00 0.00 0.00 0
116696 0.00 0.00 0.00 0
116697 0.00 0.00 0.00 0
116698 0.00 0.00 0.00 0
116699 0.00 0.00 0.00 0
116700 0.00 0.00 0.00 0
116701 0.00 0.00 0.00 0
116702 0.00 0.00 0.00 0
116708 0.00 0.00 0.00 0
116710 0.00 0.00 0.00 0
116711 0.00 0.00 0.00 0
116712 0.00 0.00 0.00 0
116713 0.00 0.00 0.00 0
116714 0.00 0.00 0.00 0
117331 0.00 0.00 0.00 0
117332 0.00 0.00 0.00 0
117333 0.00 0.00 0.00 0
117334 0.00 0.00 0.00 0
117335 0.00 0.00 0.00 0
117336 0.00 0.00 0.00 0
117337 0.00 0.00 0.00 0
117338 0.00 0.00 0.00 0
117339 0.00 0.00 0.00 0
117340 0.00 0.00 0.00 0
117341 0.00 0.00 0.00 0
119206 0.00 0.00 0.00 0
119207 0.00 0.00 0.00 0
119208 0.00 0.00 0.00 0
119209 0.00 0.00 0.00 0
119210 0.00 0.00 0.00 0
119211 0.00 0.00 0.00 0
119212 0.00 0.00 0.00 0
119213 0.00 0.00 0.00 0
119214 0.00 0.00 0.00 0
119215 0.00 0.00 0.00 0
119216 0.00 0.00 0.00 0
119217 0.00 0.00 0.00 0
119218 0.00 0.00 0.00 0
119219 0.00 0.00 0.00 0
119220 0.00 0.00 0.00 0
119221 0.00 0.00 0.00 0
119222 0.00 0.00 0.00 0
119223 0.00 0.00 0.00 0
122987 0.00 0.00 0.00 0
122988 0.00 0.00 0.00 0
122989 0.00 0.00 0.00 0
122990 0.00 0.00 0.00 0
122991 0.00 0.00 0.00 0
122992 0.00 0.00 0.00 0
122995 0.00 0.00 0.00 0
122996 0.00 0.00 0.00 0
122997 0.00 0.00 0.00 0
122998 0.00 0.00 0.00 0
122999 0.00 0.00 0.00 0
123000 0.00 0.00 0.00 0
123001 0.00 0.00 0.00 0
123002 0.00 0.00 0.00 0
123003 0.00 0.00 0.00 0
123012 0.00 0.00 0.00 0
123013 0.00 0.00 0.00 0
123014 0.00 0.00 0.00 0
123015 0.00 0.00 0.00 0
123016 0.00 0.00 0.00 0
123017 0.00 0.00 0.00 0
123018 0.00 0.00 0.00 0
123019 0.00 0.00 0.00 0
123020 0.00 0.00 0.00 0
123021 0.00 0.00 0.00 0
123022 0.00 0.00 0.00 0
123023 0.00 0.00 0.00 0
123024 0.00 0.00 0.00 0
123025 0.00 0.00 0.00 0
123026 0.00 0.00 0.00 0
123027 0.00 0.00 0.00 0
123028 0.00 0.00 0.00 0
123029 0.00 0.00 0.00 0
123030 0.00 0.00 0.00 0
123031 0.00 0.00 0.00 0
123032 0.00 0.00 0.00 0
123033 0.00 0.00 0.00 0
123034 0.00 0.00 0.00 0
123035 0.00 0.00 0.00 0
123036 0.00 0.00 0.00 0
123037 0.00 0.00 0.00 0
123038 0.00 0.00 0.00 0
123039 0.00 0.00 0.00 0
123040 0.00 0.00 0.00 0
123041 0.00 0.00 0.00 0
123042 0.00 0.00 0.00 0
123043 0.00 0.00 0.00 0
123044 0.00 0.00 0.00 0
123079 0.00 0.00 0.00 0
123083 0.00 0.00 0.00 0
123084 0.00 0.00 0.00 0
123086 0.00 0.00 0.00 0
123087 0.00 0.00 0.00 0
123088 0.00 0.00 0.00 0
123091 0.00 0.00 0.00 0
123092 0.00 0.00 0.00 0
123093 0.00 0.00 0.00 0
123094 0.00 0.00 0.00 0
123095 0.00 0.00 0.00 0
123096 0.00 0.00 0.00 0
123097 0.00 0.00 0.00 0
123098 0.00 0.00 0.00 0
123114 0.00 0.00 0.00 0
123116 0.00 0.00 0.00 0
123117 0.00 0.00 0.00 0
123118 0.00 0.00 0.00 0
123119 0.00 0.00 0.00 0
123120 0.00 0.00 0.00 0
123121 0.00 0.00 0.00 0
123122 0.00 0.00 0.00 0
123123 0.00 0.00 0.00 0
123124 0.00 0.00 0.00 0
123125 0.00 0.00 0.00 0
123126 0.00 0.00 0.00 0
123127 0.00 0.00 0.00 0
123128 0.00 0.00 0.00 0
124965 0.00 0.00 0.00 0
124966 0.00 0.00 0.00 0
124967 0.00 0.00 0.00 0
124968 0.00 0.00 0.00 0
124969 0.00 0.00 0.00 0
124970 0.00 0.00 0.00 0
124971 0.00 0.00 0.00 0
124972 0.00 0.00 0.00 0
124973 0.00 0.00 0.00 0
124986 0.00 0.00 0.00 0
124987 0.00 0.00 0.00 0
124988 0.00 0.00 0.00 0
124989 0.00 0.00 0.00 0
124990 0.00 0.00 0.00 0
124991 0.00 0.00 0.00 0
124992 0.00 0.00 0.00 0
124993 0.00 0.00 0.00 0
124994 0.00 0.00 0.00 0
124995 0.00 0.00 0.00 0
129234 0.00 0.00 0.00 0
129236 0.00 0.00 0.00 0
129237 0.00 0.00 0.00 0
129238 0.00 0.00 0.00 0
129239 0.00 0.00 0.00 0
129240 0.00 0.00 0.00 0
132658 0.00 0.00 0.00 0
132659 0.00 0.00 0.00 0
132660 0.00 0.00 0.00 0
132661 0.00 0.00 0.00 0
132662 0.00 0.00 0.00 0
132663 0.00 0.00 0.00 0
132664 0.00 0.00 0.00 0
132665 0.00 0.00 0.00 0
132666 0.00 0.00 0.00 0
132667 0.00 0.00 0.00 0
132668 0.00 0.00 0.00 0
132669 0.00 0.00 0.00 0
132670 0.00 0.00 0.00 0
132671 0.00 0.00 0.00 0
132672 0.00 0.00 0.00 0
132673 0.00 0.00 0.00 0
132674 0.00 0.00 0.00 0
132675 0.00 0.00 0.00 0
132676 0.00 0.00 0.00 0
132677 0.00 0.00 0.00 0
132678 0.00 0.00 0.00 0
132679 0.00 0.00 0.00 0
132680 0.00 0.00 0.00 0
132681 0.00 0.00 0.00 0
132682 0.00 0.00 0.00 0
132683 0.00 0.00 0.00 0
132684 0.00 0.00 0.00 0
132685 0.00 0.00 0.00 0
132686 0.00 0.00 0.00 0
132687 0.00 0.00 0.00 0
132688 0.00 0.00 0.00 0
132689 0.00 0.00 0.00 0
132690 0.00 0.00 0.00 0
132691 0.00 0.00 0.00 0
132692 0.00 0.00 0.00 0
132693 0.00 0.00 0.00 0
132694 0.00 0.00 0.00 0
132695 0.00 0.00 0.00 0
132696 0.00 0.00 0.00 0
132697 0.00 0.00 0.00 0
132700 0.00 0.00 0.00 0
132701 0.00 0.00 0.00 0
132702 0.00 0.00 0.00 0
132703 0.00 0.00 0.00 0
132704 0.00 0.00 0.00 0
132705 0.00 0.00 0.00 0
132727 0.00 0.00 0.00 0
132728 0.00 0.00 0.00 0
132732 0.00 0.00 0.00 0
132733 0.00 0.00 0.00 0
132734 0.00 0.00 0.00 0
132735 0.00 0.00 0.00 0
132736 0.00 0.00 0.00 0
132737 0.00 0.00 0.00 0
132738 0.00 0.00 0.00 0
132739 0.00 0.00 0.00 0
132740 0.00 0.00 0.00 0
132741 0.00 0.00 0.00 0
132742 0.00 0.00 0.00 0
132743 0.00 0.00 0.00 0
132744 0.00 0.00 0.00 0
132745 0.00 0.00 0.00 0
132746 0.00 0.00 0.00 0
134425 0.00 0.00 0.00 0
134426 0.00 0.00 0.00 0
134427 0.00 0.00 0.00 0
134428 0.00 0.00 0.00 0
134429 0.00 0.00 0.00 0
134430 0.00 0.00 0.00 0
134431 0.00 0.00 0.00 0
134432 0.00 0.00 0.00 0
134433 0.00 0.00 0.00 0
134434 0.00 0.00 0.00 0
134435 0.00 0.00 0.00 0
134436 0.00 0.00 0.00 0
134437 0.00 0.00 0.00 0
134438 0.00 0.00 0.00 0
134439 0.00 0.00 0.00 0
134440 0.00 0.00 0.00 0
134441 0.00 0.00 0.00 0
134442 0.00 0.00 0.00 0
134443 0.00 0.00 0.00 0
134444 0.00 0.00 0.00 0
134445 0.00 0.00 0.00 0
134446 0.00 0.00 0.00 0
134447 0.00 0.00 0.00 0
134448 0.00 0.00 0.00 0
134449 0.00 0.00 0.00 0
134450 0.00 0.00 0.00 0
134451 0.00 0.00 0.00 0
134452 0.00 0.00 0.00 0
134453 0.00 0.00 0.00 0
139439 0.00 0.00 0.00 0
139440 0.00 0.00 0.00 0
139462 0.00 0.00 0.00 0
139463 0.00 0.00 0.00 0
139465 0.00 0.00 0.00 0
139466 0.00 0.00 0.00 0
139467 0.00 0.00 0.00 0
139468 0.00 0.00 0.00 0
139469 0.00 0.00 0.00 0
139470 0.00 0.00 0.00 0
139471 0.00 0.00 0.00 0
139472 0.00 0.00 0.00 0
139473 0.00 0.00 0.00 0
139474 0.00 0.00 0.00 0
139475 0.00 0.00 0.00 0
139476 0.00 0.00 0.00 0
139477 0.00 0.00 0.00 0
139478 0.00 0.00 0.00 0
139479 0.00 0.00 0.00 0
139480 0.00 0.00 0.00 0
139481 0.00 0.00 0.00 0
139482 0.00 0.00 0.00 0
139483 0.00 0.00 0.00 0
139484 0.00 0.00 0.00 0
139485 0.00 0.00 0.00 0
139486 0.00 0.00 0.00 0
139487 0.00 0.00 0.00 0
139488 0.00 0.00 0.00 0
139489 0.00 0.00 0.00 0
139490 0.00 0.00 0.00 0
139491 0.00 0.00 0.00 0
139492 0.00 0.00 0.00 0
139493 0.00 0.00 0.00 0
139494 0.00 0.00 0.00 0
141142 0.00 0.00 0.00 0
141143 0.00 0.00 0.00 0
141144 0.00 0.00 0.00 0
141145 0.00 0.00 0.00 0
141146 0.00 0.00 0.00 0
141147 0.00 0.00 0.00 0
141148 0.00 0.00 0.00 0
141149 0.00 0.00 0.00 0
141150 0.00 0.00 0.00 0
141151 0.00 0.00 0.00 0
141152 0.00 0.00 0.00 0
141160 0.00 0.00 0.00 0
141161 0.00 0.00 0.00 0
141162 0.00 0.00 0.00 0
141163 0.00 0.00 0.00 0
141164 0.00 0.00 0.00 0
149279 0.00 0.00 0.00 0
149280 0.00 0.00 0.00 0
149305 0.00 0.00 0.00 0
149306 0.00 0.00 0.00 0
149307 0.00 0.00 0.00 0
149308 0.00 0.00 0.00 0
149309 0.00 0.00 0.00 0
149310 0.00 0.00 0.00 0
149311 0.00 0.00 0.00 0
149312 0.00 0.00 0.00 0
149313 0.00 0.00 0.00 0
149314 0.00 0.00 0.00 0
149315 0.00 0.00 0.00 0
149316 0.00 0.00 0.00 0
149317 0.00 0.00 0.00 0
149318 0.00 0.00 0.00 0
149319 0.00 0.00 0.00 0
149320 0.00 0.00 0.00 0
149321 0.00 0.00 0.00 0
149322 0.00 0.00 0.00 0
149323 0.00 0.00 0.00 0
149324 0.00 0.00 0.00 0
149325 0.00 0.00 0.00 0
149326 0.00 0.00 0.00 0
149327 0.00 0.00 0.00 0
149328 0.00 0.00 0.00 0
149329 0.00 0.00 0.00 0
149330 0.00 0.00 0.00 0
149331 0.00 0.00 0.00 0
149332 0.00 0.00 0.00 0
149333 0.00 0.00 0.00 0
149334 0.00 0.00 0.00 0
149359 0.00 0.00 0.00 0
149360 0.00 0.00 0.00 0
149361 0.00 0.00 0.00 0
149362 0.00 0.00 0.00 0
149363 0.00 0.00 0.00 0
149364 0.00 0.00 0.00 0
149365 0.00 0.00 0.00 0
149366 0.00 0.00 0.00 0
149367 0.00 0.00 0.00 0
149368 0.00 0.00 0.00 0
149369 0.00 0.00 0.00 0
149370 0.00 0.00 0.00 0
149371 0.00 0.00 0.00 0
149372 0.00 0.00 0.00 0
149373 0.00 0.00 0.00 0
149374 0.00 0.00 0.00 0
149375 0.00 0.00 0.00 0
149376 0.00 0.00 0.00 0
149377 0.00 0.00 0.00 0
149378 0.00 0.00 0.00 0
149379 0.00 0.00 0.00 0
149380 0.00 0.00 0.00 0
149381 0.00 0.00 0.00 0
149382 0.00 0.00 0.00 0
149383 0.00 0.00 0.00 0
149384 0.00 0.00 0.00 0
149385 0.00 0.00 0.00 0
149386 0.00 0.00 0.00 0
149387 0.00 0.00 0.00 0
149388 0.00 0.00 0.00 0
149389 0.00 0.00 0.00 0
149390 0.00 0.00 0.00 0
149391 0.00 0.00 0.00 0
149392 0.00 0.00 0.00 0
149393 0.00 0.00 0.00 0
149394 0.00 0.00 0.00 0
149395 0.00 0.00 0.00 0
149396 0.00 0.00 0.00 0
149397 0.00 0.00 0.00 0
149398 0.00 0.00 0.00 0
149399 0.00 0.00 0.00 0
149400 0.00 0.00 0.00 0
149401 0.00 0.00 0.00 0
149402 0.00 0.00 0.00 0
149403 0.00 0.00 0.00 0
149404 0.00 0.00 0.00 0
149405 0.00 0.00 0.00 0
149406 0.00 0.00 0.00 0
149407 0.00 0.00 0.00 0
149408 0.00 0.00 0.00 0
149409 0.00 0.00 0.00 0
149410 0.00 0.00 0.00 0
149411 0.00 0.00 0.00 0
149412 0.00 0.00 0.00 0
149413 0.00 0.00 0.00 0
149414 0.00 0.00 0.00 0
149415 0.00 0.00 0.00 0
149416 0.00 0.00 0.00 0
149417 0.00 0.00 0.00 0
149418 0.00 0.00 0.00 0
149419 0.00 0.00 0.00 0
149420 0.00 0.00 0.00 0
149421 0.00 0.00 0.00 0
149422 0.00 0.00 0.00 0
149423 0.00 0.00 0.00 0
149425 0.00 0.00 0.00 0
149426 0.00 0.00 0.00 0
149427 0.00 0.00 0.00 0
149428 0.00 0.00 0.00 0
149429 0.00 0.00 0.00 0
149430 0.00 0.00 0.00 0
149431 0.00 0.00 0.00 0
149443 0.00 0.00 0.00 0
149444 0.00 0.00 0.00 0
149445 0.00 0.00 0.00 0
149446 0.00 0.00 0.00 0
149447 0.00 0.00 0.00 0
149448 0.00 0.00 0.00 0
149449 0.00 0.00 0.00 0
149517 0.00 0.00 0.00 0
149518 0.00 0.00 0.00 0
149519 0.00 0.00 0.00 0
149520 0.00 0.00 0.00 0
149521 0.00 0.00 0.00 0
149522 0.00 0.00 0.00 0
149523 0.00 0.00 0.00 0
149532 0.00 0.00 0.00 0
149533 0.00 0.00 0.00 0
149534 0.00 0.00 0.00 0
149535 0.00 0.00 0.00 0
149536 0.00 0.00 0.00 0
149537 0.00 0.00 0.00 0
149538 0.00 0.00 0.00 0
149539 0.00 0.00 0.00 0
149540 0.00 0.00 0.00 0
149541 0.00 0.00 0.00 0
149542 0.00 0.00 0.00 0
149543 0.00 0.00 0.00 0
149544 0.00 0.00 0.00 0
149545 0.00 0.00 0.00 0
149546 0.00 0.00 0.00 0
149547 0.00 0.00 0.00 0
149548 0.00 0.00 0.00 0
149549 0.00 0.00 0.00 0
149550 0.00 0.00 0.00 0
149551 0.00 0.00 0.00 0
149552 0.00 0.00 0.00 0
149553 0.00 0.00 0.00 0
149554 0.00 0.00 0.00 0
149555 0.00 0.00 0.00 0
149556 0.00 0.00 0.00 0
149557 0.00 0.00 0.00 0
149558 0.00 0.00 0.00 0
149559 0.00 0.00 0.00 0
149560 0.00 0.00 0.00 0
149561 0.00 0.00 0.00 0
149562 0.00 0.00 0.00 0
149563 0.00 0.00 0.00 0
149564 0.00 0.00 0.00 0
149565 0.00 0.00 0.00 0
149566 0.00 0.00 0.00 0
149567 0.00 0.00 0.00 0
149568 0.00 0.00 0.00 0
149569 0.00 0.00 0.00 0
149570 0.00 0.00 0.00 0
149571 0.00 0.00 0.00 0
149572 0.00 0.00 0.00 0
149573 0.00 0.00 0.00 0
149574 0.00 0.00 0.00 0
149575 0.00 0.00 0.00 0
149576 0.00 0.00 0.00 0
149577 0.00 0.00 0.00 0
149578 0.00 0.00 0.00 0
149579 0.00 0.00 0.00 0
149580 0.00 0.00 0.00 0
149583 0.00 0.00 0.00 0
149584 0.00 0.00 0.00 0
149585 0.00 0.00 0.00 0
149586 0.00 0.00 0.00 0
149594 0.00 0.00 0.00 0
149595 0.00 0.00 0.00 0
149596 0.00 0.00 0.00 0
149597 0.00 0.00 0.00 0
149598 0.00 0.00 0.00 0
149599 0.00 0.00 0.00 0
149600 0.00 0.00 0.00 0
149601 0.00 0.00 0.00 0
149602 0.00 0.00 0.00 0
149603 0.00 0.00 0.00 0
149604 0.00 0.00 0.00 0
149613 0.00 0.00 0.00 0
149617 0.00 0.00 0.00 0
149618 0.00 0.00 0.00 0
149620 0.00 0.00 0.00 0
149621 0.00 0.00 0.00 0
149622 0.00 0.00 0.00 0
149623 0.00 0.00 0.00 0
149624 0.00 0.00 0.00 0
149625 0.00 0.00 0.00 0
149626 0.00 0.00 0.00 0
149627 0.00 0.00 0.00 0
149628 0.00 0.00 0.00 0
149629 0.00 0.00 0.00 0
149630 0.00 0.00 0.00 0
149631 0.00 0.00 0.00 0
149632 0.00 0.00 0.00 0
149633 0.00 0.00 0.00 0
149634 0.00 0.00 0.00 0
149635 0.00 0.00 0.00 0
149636 0.00 0.00 0.00 0
149637 0.00 0.00 0.00 0
149638 0.00 0.00 0.00 0
149639 0.00 0.00 0.00 0
149640 0.00 0.00 0.00 0
149641 0.00 0.00 0.00 0
149642 0.00 0.00 0.00 0
149643 0.00 0.00 0.00 0
149644 0.00 0.00 0.00 0
149645 0.00 0.00 0.00 0
149646 0.00 0.00 0.00 0
149647 0.00 0.00 0.00 0
149648 0.00 0.00 0.00 0
149649 0.00 0.00 0.00 0
149650 0.00 0.00 0.00 0
149651 0.00 0.00 0.00 0
149652 0.00 0.00 0.00 0
149653 0.00 0.00 0.00 0
149654 0.00 0.00 0.00 0
149655 0.00 0.00 0.00 0
149656 0.00 0.00 0.00 0
149657 0.00 0.00 0.00 0
149658 0.00 0.00 0.00 0
149659 0.00 0.00 0.00 0
149660 0.00 0.00 0.00 0
149661 0.00 0.00 0.00 0
149662 0.00 0.00 0.00 0
149663 0.00 0.00 0.00 0
149664 0.00 0.00 0.00 0
149665 0.00 0.00 0.00 0
154389 0.00 0.00 0.00 0
154390 0.00 0.00 0.00 0
154391 0.00 0.00 0.00 0
154392 0.00 0.00 0.00 0
154393 0.00 0.00 0.00 0
154394 0.00 0.00 0.00 0
154395 0.00 0.00 0.00 0
154396 0.00 0.00 0.00 0
154398 0.00 0.00 0.00 0
154399 0.00 0.00 0.00 0
154400 0.00 0.00 0.00 0
154401 0.00 0.00 0.00 0
154402 0.00 0.00 0.00 0
154403 0.00 0.00 0.00 0
154404 0.00 0.00 0.00 0
154443 0.00 0.00 0.00 0
154444 0.00 0.00 0.00 0
154445 0.00 0.00 0.00 0
154446 0.00 0.00 0.00 0
154447 0.00 0.00 0.00 0
154448 0.00 0.00 0.00 0
154449 0.00 0.00 0.00 0
154450 0.00 0.00 0.00 0
154451 0.00 0.00 0.00 0
154452 0.00 0.00 0.00 0
154453 0.00 0.00 0.00 0
154454 0.00 0.00 0.00 0
154455 0.00 0.00 0.00 0
154456 0.00 0.00 0.00 0
154457 0.00 0.00 0.00 0
154458 0.00 0.00 0.00 0
154459 0.00 0.00 0.00 0
154460 0.00 0.00 0.00 0
154461 0.00 0.00 0.00 0
154462 0.00 0.00 0.00 0
154463 0.00 0.00 0.00 0
154464 0.00 0.00 0.00 0
154465 0.00 0.00 0.00 0
154466 0.00 0.00 0.00 0
154467 0.00 0.00 0.00 0
154468 0.00 0.00 0.00 0
154469 0.00 0.00 0.00 0
154488 0.00 0.00 0.00 0
154489 0.00 0.00 0.00 0
154490 0.00 0.00 0.00 0
154492 0.00 0.00 0.00 0
154493 0.00 0.00 0.00 0
154494 0.00 0.00 0.00 0
154495 0.00 0.00 0.00 0
154496 0.00 0.00 0.00 0
