# S_precentral-sup-part
1921
0 0.00 0.00 0.00 0
51 0.00 0.00 0.00 0
162 0.00 0.00 0.00 0
164 0.00 0.00 0.00 0
166 0.00 0.00 0.00 0
169 0.00 0.00 0.00 0
171 0.00 0.00 0.00 0
380 0.00 0.00 0.00 0
381 0.00 0.00 0.00 0
642 0.00 0.00 0.00 0
643 0.00 0.00 0.00 0
644 0.00 0.00 0.00 0
646 0.00 0.00 0.00 0
649 0.00 0.00 0.00 0
651 0.00 0.00 0.00 0
853 0.00 0.00 0.00 0
872 0.00 0.00 0.00 0
873 0.00 0.00 0.00 0
874 0.00 0.00 0.00 0
1445 0.00 0.00 0.00 0
1446 0.00 0.00 0.00 0
1449 0.00 0.00 0.00 0
1450 0.00 0.00 0.00 0
1459 0.00 0.00 0.00 0
1460 0.00 0.00 0.00 0
1461 0.00 0.00 0.00 0
1589 0.00 0.00 0.00 0
1846 0.00 0.00 0.00 0
1847 0.00 0.00 0.00 0
1848 0.00 0.00 0.00 0
1849 0.00 0.00 0.00 0
2562 0.00 0.00 0.00 0
2563 0.00 0.00 0.00 0
2564 0.00 0.00 0.00 0
2565 0.00 0.00 0.00 0
2566 0.00 0.00 0.00 0
2569 0.00 0.00 0.00 0
2571 0.00 0.00 0.00 0
2791 0.00 0.00 0.00 0
3362 0.00 0.00 0.00 0
3363 0.00 0.00 0.00 0
3364 0.00 0.00 0.00 0
3365 0.00 0.00 0.00 0
3366 0.00 0.00 0.00 0
3367 0.00 0.00 0.00 0
3368 0.00 0.00 0.00 0
3369 0.00 0.00 0.00 0
3373 0.00 0.00 0.00 0
3374 0.00 0.00 0.00 0
3375 0.00 0.00 0.00 0
3376 0.00 0.00 0.00 0
3391 0.00 0.00 0.00 0
3392 0.00 0.00 0.00 0
3393 0.00 0.00 0.00 0
3394 0.00 0.00 0.00 0
3395 0.00 0.00 0.00 0
3396 0.00 0.00 0.00 0
3608 0.00 0.00 0.00 0
3609 0.00 0.00 0.00 0
3993 0.00 0.00 0.00 0
3994 0.00 0.00 0.00 0
3995 0.00 0.00 0.00 0
4053 0.00 0.00 0.00 0
4055 0.00 0.00 0.00 0
4057 0.00 0.00 0.00 0
4058 0.00 0.00 0.00 0
4059 0.00 0.00 0.00 0
4060 0.00 0.00 0.00 0
4061 0.00 0.00 0.00 0
4062 0.00 0.00 0.00 0
4063 0.00 0.00 0.00 0
4064 0.00 0.00 0.00 0
4065 0.00 0.00 0.00 0
4066 0.00 0.00 0.00 0
4067 0.00 0.00 0.00 0
5762 0.00 0.00 0.00 0
5763 0.00 0.00 0.00 0
5764 0.00 0.00 0.00 0
5765 0.00 0.00 0.00 0
5766 0.00 0.00 0.00 0
5770 0.00 0.00 0.00 0
5775 0.00 0.00 0.00 0
5779 0.00 0.00 0.00 0
5780 0.00 0.00 0.00 0
5781 0.00 0.00 0.00 0
6141 0.00 0.00 0.00 0
6177 0.00 0.00 0.00 0
6178 0.00 0.00 0.00 0
6179 0.00 0.00 0.00 0
6180 0.00 0.00 0.00 0
6181 0.00 0.00 0.00 0
7207 0.00 0.00 0.00 0
7212 0.00 0.00 0.00 0
7216 0.00 0.00 0.00 0
7217 0.00 0.00 0.00 0
7218 0.00 0.00 0.00 0
7219 0.00 0.00 0.00 0
7220 0.00 0.00 0.00 0
7221 0.00 0.00 0.00 0
7222 0.00 0.00 0.00 0
7243 0.00 0.00 0.00 0
7244 0.00 0.00 0.00 0
7245 0.00 0.00 0.00 0
7246 0.00 0.00 0.00 0
7247 0.00 0.00 0.00 0
7248 0.00 0.00 0.00 0
7249 0.00 0.00 0.00 0
7250 0.00 0.00 0.00 0
7547 0.00 0.00 0.00 0
7549 0.00 0.00 0.00 0
8164 0.00 0.00 0.00 0
8165 0.00 0.00 0.00 0
8166 0.00 0.00 0.00 0
8167 0.00 0.00 0.00 0
8168 0.00 0.00 0.00 0
8169 0.00 0.00 0.00 0
8170 0.00 0.00 0.00 0
8171 0.00 0.00 0.00 0
8172 0.00 0.00 0.00 0
8173 0.00 0.00 0.00 0
8174 0.00 0.00 0.00 0
8175 0.00 0.00 0.00 0
10242 0.00 0.00 0.00 0
10243 0.00 0.00 0.00 0
10244 0.00 0.00 0.00 0
10245 0.00 0.00 0.00 0
10246 0.00 0.00 0.00 0
10247 0.00 0.00 0.00 0
10249 0.00 0.00 0.00 0
10250 0.00 0.00 0.00 0
10251 0.00 0.00 0.00 0
11042 0.00 0.00 0.00 0
11043 0.00 0.00 0.00 0
11044 0.00 0.00 0.00 0
11045 0.00 0.00 0.00 0
11046 0.00 0.00 0.00 0
11047 0.00 0.00 0.00 0
11048 0.00 0.00 0.00 0
11049 0.00 0.00 0.00 0
11053 0.00 0.00 0.00 0
11054 0.00 0.00 0.00 0
11055 0.00 0.00 0.00 0
11056 0.00 0.00 0.00 0
11064 0.00 0.00 0.00 0
11071 0.00 0.00 0.00 0
11072 0.00 0.00 0.00 0
11073 0.00 0.00 0.00 0
11074 0.00 0.00 0.00 0
11075 0.00 0.00 0.00 0
11076 0.00 0.00 0.00 0
11288 0.00 0.00 0.00 0
11289 0.00 0.00 0.00 0
11673 0.00 0.00 0.00 0
11674 0.00 0.00 0.00 0
11675 0.00 0.00 0.00 0
11733 0.00 0.00 0.00 0
11734 0.00 0.00 0.00 0
11735 0.00 0.00 0.00 0
11736 0.00 0.00 0.00 0
11737 0.00 0.00 0.00 0
11738 0.00 0.00 0.00 0
11739 0.00 0.00 0.00 0
11740 0.00 0.00 0.00 0
11741 0.00 0.00 0.00 0
11742 0.00 0.00 0.00 0
11743 0.00 0.00 0.00 0
11744 0.00 0.00 0.00 0
11745 0.00 0.00 0.00 0
11746 0.00 0.00 0.00 0
11747 0.00 0.00 0.00 0
13442 0.00 0.00 0.00 0
13443 0.00 0.00 0.00 0
13444 0.00 0.00 0.00 0
13445 0.00 0.00 0.00 0
13446 0.00 0.00 0.00 0
13447 0.00 0.00 0.00 0
13448 0.00 0.00 0.00 0
13449 0.00 0.00 0.00 0
13453 0.00 0.00 0.00 0
13454 0.00 0.00 0.00 0
13455 0.00 0.00 0.00 0
13456 0.00 0.00 0.00 0
13464 0.00 0.00 0.00 0
13465 0.00 0.00 0.00 0
13466 0.00 0.00 0.00 0
13471 0.00 0.00 0.00 0
13472 0.00 0.00 0.00 0
13473 0.00 0.00 0.00 0
13474 0.00 0.00 0.00 0
13475 0.00 0.00 0.00 0
13476 0.00 0.00 0.00 0
14073 0.00 0.00 0.00 0
14074 0.00 0.00 0.00 0
14133 0.00 0.00 0.00 0
14134 0.00 0.00 0.00 0
14135 0.00 0.00 0.00 0
14136 0.00 0.00 0.00 0
14137 0.00 0.00 0.00 0
14138 0.00 0.00 0.00 0
14139 0.00 0.00 0.00 0
14140 0.00 0.00 0.00 0
15850 0.00 0.00 0.00 0
15851 0.00 0.00 0.00 0
15852 0.00 0.00 0.00 0
15853 0.00 0.00 0.00 0
15854 0.00 0.00 0.00 0
15859 0.00 0.00 0.00 0
15860 0.00 0.00 0.00 0
15864 0.00 0.00 0.00 0
15868 0.00 0.00 0.00 0
15869 0.00 0.00 0.00 0
15870 0.00 0.00 0.00 0
15871 0.00 0.00 0.00 0
15872 0.00 0.00 0.00 0
15873 0.00 0.00 0.00 0
15874 0.00 0.00 0.00 0
15875 0.00 0.00 0.00 0
15876 0.00 0.00 0.00 0
15877 0.00 0.00 0.00 0
15878 0.00 0.00 0.00 0
15879 0.00 0.00 0.00 0
15880 0.00 0.00 0.00 0
15881 0.00 0.00 0.00 0
15882 0.00 0.00 0.00 0
15883 0.00 0.00 0.00 0
15884 0.00 0.00 0.00 0
15931 0.00 0.00 0.00 0
15932 0.00 0.00 0.00 0
15933 0.00 0.00 0.00 0
15934 0.00 0.00 0.00 0
15935 0.00 0.00 0.00 0
15936 0.00 0.00 0.00 0
15937 0.00 0.00 0.00 0
15938 0.00 0.00 0.00 0
15939 0.00 0.00 0.00 0
15940 0.00 0.00 0.00 0
15941 0.00 0.00 0.00 0
15942 0.00 0.00 0.00 0
15943 0.00 0.00 0.00 0
15944 0.00 0.00 0.00 0
15945 0.00 0.00 0.00 0
15946 0.00 0.00 0.00 0
15947 0.00 0.00 0.00 0
16583 0.00 0.00 0.00 0
16584 0.00 0.00 0.00 0
16585 0.00 0.00 0.00 0
16587 0.00 0.00 0.00 0
17932 0.00 0.00 0.00 0
17933 0.00 0.00 0.00 0
17934 0.00 0.00 0.00 0
17935 0.00 0.00 0.00 0
17936 0.00 0.00 0.00 0
17937 0.00 0.00 0.00 0
17938 0.00 0.00 0.00 0
17939 0.00 0.00 0.00 0
17940 0.00 0.00 0.00 0
17941 0.00 0.00 0.00 0
17942 0.00 0.00 0.00 0
17943 0.00 0.00 0.00 0
17944 0.00 0.00 0.00 0
17945 0.00 0.00 0.00 0
17946 0.00 0.00 0.00 0
17947 0.00 0.00 0.00 0
17948 0.00 0.00 0.00 0
17949 0.00 0.00 0.00 0
17950 0.00 0.00 0.00 0
17951 0.00 0.00 0.00 0
17952 0.00 0.00 0.00 0
17953 0.00 0.00 0.00 0
17954 0.00 0.00 0.00 0
17955 0.00 0.00 0.00 0
17956 0.00 0.00 0.00 0
17957 0.00 0.00 0.00 0
17958 0.00 0.00 0.00 0
17959 0.00 0.00 0.00 0
17960 0.00 0.00 0.00 0
17961 0.00 0.00 0.00 0
23042 0.00 0.00 0.00 0
23043 0.00 0.00 0.00 0
23044 0.00 0.00 0.00 0
23045 0.00 0.00 0.00 0
23046 0.00 0.00 0.00 0
23049 0.00 0.00 0.00 0
23050 0.00 0.00 0.00 0
23055 0.00 0.00 0.00 0
23056 0.00 0.00 0.00 0
23057 0.00 0.00 0.00 0
23059 0.00 0.00 0.00 0
23060 0.00 0.00 0.00 0
23061 0.00 0.00 0.00 0
23456 0.00 0.00 0.00 0
23457 0.00 0.00 0.00 0
23458 0.00 0.00 0.00 0
24482 0.00 0.00 0.00 0
24484 0.00 0.00 0.00 0
24485 0.00 0.00 0.00 0
24487 0.00 0.00 0.00 0
24488 0.00 0.00 0.00 0
24489 0.00 0.00 0.00 0
24490 0.00 0.00 0.00 0
24491 0.00 0.00 0.00 0
24492 0.00 0.00 0.00 0
24493 0.00 0.00 0.00 0
24494 0.00 0.00 0.00 0
24495 0.00 0.00 0.00 0
24500 0.00 0.00 0.00 0
24501 0.00 0.00 0.00 0
24502 0.00 0.00 0.00 0
24503 0.00 0.00 0.00 0
24504 0.00 0.00 0.00 0
24505 0.00 0.00 0.00 0
24506 0.00 0.00 0.00 0
24507 0.00 0.00 0.00 0
24508 0.00 0.00 0.00 0
24535 0.00 0.00 0.00 0
24536 0.00 0.00 0.00 0
24537 0.00 0.00 0.00 0
24538 0.00 0.00 0.00 0
24539 0.00 0.00 0.00 0
24540 0.00 0.00 0.00 0
24541 0.00 0.00 0.00 0
24542 0.00 0.00 0.00 0
24543 0.00 0.00 0.00 0
24544 0.00 0.00 0.00 0
24545 0.00 0.00 0.00 0
24926 0.00 0.00 0.00 0
24927 0.00 0.00 0.00 0
24928 0.00 0.00 0.00 0
25617 0.00 0.00 0.00 0
25618 0.00 0.00 0.00 0
25619 0.00 0.00 0.00 0
25620 0.00 0.00 0.00 0
25734 0.00 0.00 0.00 0
25735 0.00 0.00 0.00 0
25736 0.00 0.00 0.00 0
25737 0.00 0.00 0.00 0
25738 0.00 0.00 0.00 0
25739 0.00 0.00 0.00 0
25740 0.00 0.00 0.00 0
25741 0.00 0.00 0.00 0
25742 0.00 0.00 0.00 0
25743 0.00 0.00 0.00 0
25744 0.00 0.00 0.00 0
25745 0.00 0.00 0.00 0
25746 0.00 0.00 0.00 0
25747 0.00 0.00 0.00 0
25748 0.00 0.00 0.00 0
25749 0.00 0.00 0.00 0
25750 0.00 0.00 0.00 0
25751 0.00 0.00 0.00 0
25752 0.00 0.00 0.00 0
25753 0.00 0.00 0.00 0
28802 0.00 0.00 0.00 0
28803 0.00 0.00 0.00 0
28804 0.00 0.00 0.00 0
28805 0.00 0.00 0.00 0
28806 0.00 0.00 0.00 0
28807 0.00 0.00 0.00 0
28808 0.00 0.00 0.00 0
28809 0.00 0.00 0.00 0
28810 0.00 0.00 0.00 0
28811 0.00 0.00 0.00 0
28812 0.00 0.00 0.00 0
28818 0.00 0.00 0.00 0
28819 0.00 0.00 0.00 0
28820 0.00 0.00 0.00 0
28821 0.00 0.00 0.00 0
28822 0.00 0.00 0.00 0
28833 0.00 0.00 0.00 0
28843 0.00 0.00 0.00 0
28844 0.00 0.00 0.00 0
28845 0.00 0.00 0.00 0
28846 0.00 0.00 0.00 0
28847 0.00 0.00 0.00 0
28848 0.00 0.00 0.00 0
28849 0.00 0.00 0.00 0
28850 0.00 0.00 0.00 0
28851 0.00 0.00 0.00 0
29685 0.00 0.00 0.00 0
29686 0.00 0.00 0.00 0
29687 0.00 0.00 0.00 0
29774 0.00 0.00 0.00 0
29775 0.00 0.00 0.00 0
29776 0.00 0.00 0.00 0
29777 0.00 0.00 0.00 0
29778 0.00 0.00 0.00 0
29779 0.00 0.00 0.00 0
29780 0.00 0.00 0.00 0
29781 0.00 0.00 0.00 0
29782 0.00 0.00 0.00 0
29783 0.00 0.00 0.00 0
29784 0.00 0.00 0.00 0
29785 0.00 0.00 0.00 0
29786 0.00 0.00 0.00 0
29787 0.00 0.00 0.00 0
32173 0.00 0.00 0.00 0
32174 0.00 0.00 0.00 0
32176 0.00 0.00 0.00 0
32177 0.00 0.00 0.00 0
32190 0.00 0.00 0.00 0
32197 0.00 0.00 0.00 0
32198 0.00 0.00 0.00 0
32199 0.00 0.00 0.00 0
32200 0.00 0.00 0.00 0
32201 0.00 0.00 0.00 0
32203 0.00 0.00 0.00 0
32204 0.00 0.00 0.00 0
32205 0.00 0.00 0.00 0
32206 0.00 0.00 0.00 0
32207 0.00 0.00 0.00 0
32208 0.00 0.00 0.00 0
32209 0.00 0.00 0.00 0
32210 0.00 0.00 0.00 0
32211 0.00 0.00 0.00 0
32212 0.00 0.00 0.00 0
32213 0.00 0.00 0.00 0
32214 0.00 0.00 0.00 0
32215 0.00 0.00 0.00 0
32216 0.00 0.00 0.00 0
32275 0.00 0.00 0.00 0
32276 0.00 0.00 0.00 0
32277 0.00 0.00 0.00 0
32278 0.00 0.00 0.00 0
32279 0.00 0.00 0.00 0
32280 0.00 0.00 0.00 0
32281 0.00 0.00 0.00 0
32282 0.00 0.00 0.00 0
32283 0.00 0.00 0.00 0
32284 0.00 0.00 0.00 0
32285 0.00 0.00 0.00 0
32286 0.00 0.00 0.00 0
32287 0.00 0.00 0.00 0
32288 0.00 0.00 0.00 0
32289 0.00 0.00 0.00 0
32290 0.00 0.00 0.00 0
32291 0.00 0.00 0.00 0
32292 0.00 0.00 0.00 0
32293 0.00 0.00 0.00 0
32294 0.00 0.00 0.00 0
32295 0.00 0.00 0.00 0
32296 0.00 0.00 0.00 0
32297 0.00 0.00 0.00 0
32298 0.00 0.00 0.00 0
33101 0.00 0.00 0.00 0
33103 0.00 0.00 0.00 0
33104 0.00 0.00 0.00 0
33106 0.00 0.00 0.00 0
33107 0.00 0.00 0.00 0
34798 0.00 0.00 0.00 0
34799 0.00 0.00 0.00 0
34800 0.00 0.00 0.00 0
34801 0.00 0.00 0.00 0
34802 0.00 0.00 0.00 0
34803 0.00 0.00 0.00 0
34804 0.00 0.00 0.00 0
34805 0.00 0.00 0.00 0
34806 0.00 0.00 0.00 0
34807 0.00 0.00 0.00 0
34808 0.00 0.00 0.00 0
34809 0.00 0.00 0.00 0
34810 0.00 0.00 0.00 0
34811 0.00 0.00 0.00 0
34812 0.00 0.00 0.00 0
34813 0.00 0.00 0.00 0
34814 0.00 0.00 0.00 0
34815 0.00 0.00 0.00 0
34816 0.00 0.00 0.00 0
34817 0.00 0.00 0.00 0
34818 0.00 0.00 0.00 0
34819 0.00 0.00 0.00 0
34820 0.00 0.00 0.00 0
34821 0.00 0.00 0.00 0
34822 0.00 0.00 0.00 0
34823 0.00 0.00 0.00 0
34824 0.00 0.00 0.00 0
34825 0.00 0.00 0.00 0
34826 0.00 0.00 0.00 0
34827 0.00 0.00 0.00 0
34828 0.00 0.00 0.00 0
34829 0.00 0.00 0.00 0
34830 0.00 0.00 0.00 0
34831 0.00 0.00 0.00 0
34832 0.00 0.00 0.00 0
34833 0.00 0.00 0.00 0
40962 0.00 0.00 0.00 0
40963 0.00 0.00 0.00 0
40964 0.00 0.00 0.00 0
40965 0.00 0.00 0.00 0
40966 0.00 0.00 0.00 0
40967 0.00 0.00 0.00 0
40968 0.00 0.00 0.00 0
40969 0.00 0.00 0.00 0
40970 0.00 0.00 0.00 0
40971 0.00 0.00 0.00 0
41762 0.00 0.00 0.00 0
41763 0.00 0.00 0.00 0
41764 0.00 0.00 0.00 0
41765 0.00 0.00 0.00 0
41766 0.00 0.00 0.00 0
41767 0.00 0.00 0.00 0
41768 0.00 0.00 0.00 0
41769 0.00 0.00 0.00 0
41773 0.00 0.00 0.00 0
41774 0.00 0.00 0.00 0
41775 0.00 0.00 0.00 0
41776 0.00 0.00 0.00 0
41784 0.00 0.00 0.00 0
41785 0.00 0.00 0.00 0
41786 0.00 0.00 0.00 0
41791 0.00 0.00 0.00 0
41792 0.00 0.00 0.00 0
41793 0.00 0.00 0.00 0
41794 0.00 0.00 0.00 0
41795 0.00 0.00 0.00 0
41796 0.00 0.00 0.00 0
42393 0.00 0.00 0.00 0
42394 0.00 0.00 0.00 0
42395 0.00 0.00 0.00 0
42453 0.00 0.00 0.00 0
42454 0.00 0.00 0.00 0
42455 0.00 0.00 0.00 0
42456 0.00 0.00 0.00 0
42457 0.00 0.00 0.00 0
42458 0.00 0.00 0.00 0
42459 0.00 0.00 0.00 0
42460 0.00 0.00 0.00 0
42461 0.00 0.00 0.00 0
42462 0.00 0.00 0.00 0
42463 0.00 0.00 0.00 0
42464 0.00 0.00 0.00 0
42465 0.00 0.00 0.00 0
42466 0.00 0.00 0.00 0
42467 0.00 0.00 0.00 0
44162 0.00 0.00 0.00 0
44163 0.00 0.00 0.00 0
44164 0.00 0.00 0.00 0
44165 0.00 0.00 0.00 0
44166 0.00 0.00 0.00 0
44167 0.00 0.00 0.00 0
44168 0.00 0.00 0.00 0
44169 0.00 0.00 0.00 0
44173 0.00 0.00 0.00 0
44174 0.00 0.00 0.00 0
44175 0.00 0.00 0.00 0
44176 0.00 0.00 0.00 0
44184 0.00 0.00 0.00 0
44185 0.00 0.00 0.00 0
44186 0.00 0.00 0.00 0
44191 0.00 0.00 0.00 0
44192 0.00 0.00 0.00 0
44193 0.00 0.00 0.00 0
44194 0.00 0.00 0.00 0
44195 0.00 0.00 0.00 0
44196 0.00 0.00 0.00 0
44793 0.00 0.00 0.00 0
44794 0.00 0.00 0.00 0
44853 0.00 0.00 0.00 0
44854 0.00 0.00 0.00 0
44855 0.00 0.00 0.00 0
44856 0.00 0.00 0.00 0
44857 0.00 0.00 0.00 0
44858 0.00 0.00 0.00 0
44859 0.00 0.00 0.00 0
44860 0.00 0.00 0.00 0
46570 0.00 0.00 0.00 0
46571 0.00 0.00 0.00 0
46572 0.00 0.00 0.00 0
46573 0.00 0.00 0.00 0
46574 0.00 0.00 0.00 0
46579 0.00 0.00 0.00 0
46580 0.00 0.00 0.00 0
46581 0.00 0.00 0.00 0
46582 0.00 0.00 0.00 0
46584 0.00 0.00 0.00 0
46588 0.00 0.00 0.00 0
46589 0.00 0.00 0.00 0
46590 0.00 0.00 0.00 0
46591 0.00 0.00 0.00 0
46592 0.00 0.00 0.00 0
46593 0.00 0.00 0.00 0
46594 0.00 0.00 0.00 0
46595 0.00 0.00 0.00 0
46596 0.00 0.00 0.00 0
46597 0.00 0.00 0.00 0
46598 0.00 0.00 0.00 0
46599 0.00 0.00 0.00 0
46600 0.00 0.00 0.00 0
46601 0.00 0.00 0.00 0
46602 0.00 0.00 0.00 0
46603 0.00 0.00 0.00 0
46604 0.00 0.00 0.00 0
46651 0.00 0.00 0.00 0
46652 0.00 0.00 0.00 0
46653 0.00 0.00 0.00 0
46654 0.00 0.00 0.00 0
46655 0.00 0.00 0.00 0
46656 0.00 0.00 0.00 0
46657 0.00 0.00 0.00 0
46658 0.00 0.00 0.00 0
46659 0.00 0.00 0.00 0
46660 0.00 0.00 0.00 0
46661 0.00 0.00 0.00 0
46662 0.00 0.00 0.00 0
46663 0.00 0.00 0.00 0
46664 0.00 0.00 0.00 0
46665 0.00 0.00 0.00 0
46666 0.00 0.00 0.00 0
46667 0.00 0.00 0.00 0
47303 0.00 0.00 0.00 0
47304 0.00 0.00 0.00 0
47305 0.00 0.00 0.00 0
48648 0.00 0.00 0.00 0
48650 0.00 0.00 0.00 0
48651 0.00 0.00 0.00 0
48652 0.00 0.00 0.00 0
48653 0.00 0.00 0.00 0
48654 0.00 0.00 0.00 0
48655 0.00 0.00 0.00 0
48656 0.00 0.00 0.00 0
48657 0.00 0.00 0.00 0
48658 0.00 0.00 0.00 0
48659 0.00 0.00 0.00 0
48660 0.00 0.00 0.00 0
48661 0.00 0.00 0.00 0
48662 0.00 0.00 0.00 0
48663 0.00 0.00 0.00 0
48664 0.00 0.00 0.00 0
48665 0.00 0.00 0.00 0
48666 0.00 0.00 0.00 0
48667 0.00 0.00 0.00 0
48668 0.00 0.00 0.00 0
48669 0.00 0.00 0.00 0
48670 0.00 0.00 0.00 0
48671 0.00 0.00 0.00 0
48672 0.00 0.00 0.00 0
48673 0.00 0.00 0.00 0
48674 0.00 0.00 0.00 0
48675 0.00 0.00 0.00 0
48676 0.00 0.00 0.00 0
48677 0.00 0.00 0.00 0
48678 0.00 0.00 0.00 0
48679 0.00 0.00 0.00 0
48680 0.00 0.00 0.00 0
53762 0.00 0.00 0.00 0
53763 0.00 0.00 0.00 0
53764 0.00 0.00 0.00 0
53765 0.00 0.00 0.00 0
53766 0.00 0.00 0.00 0
53767 0.00 0.00 0.00 0
53768 0.00 0.00 0.00 0
53769 0.00 0.00 0.00 0
53772 0.00 0.00 0.00 0
53773 0.00 0.00 0.00 0
53774 0.00 0.00 0.00 0
53775 0.00 0.00 0.00 0
53776 0.00 0.00 0.00 0
53784 0.00 0.00 0.00 0
53785 0.00 0.00 0.00 0
53786 0.00 0.00 0.00 0
53791 0.00 0.00 0.00 0
53792 0.00 0.00 0.00 0
53793 0.00 0.00 0.00 0
53794 0.00 0.00 0.00 0
53795 0.00 0.00 0.00 0
53796 0.00 0.00 0.00 0
54451 0.00 0.00 0.00 0
54456 0.00 0.00 0.00 0
54457 0.00 0.00 0.00 0
56162 0.00 0.00 0.00 0
56163 0.00 0.00 0.00 0
56164 0.00 0.00 0.00 0
56165 0.00 0.00 0.00 0
56166 0.00 0.00 0.00 0
56170 0.00 0.00 0.00 0
56171 0.00 0.00 0.00 0
56172 0.00 0.00 0.00 0
56173 0.00 0.00 0.00 0
56174 0.00 0.00 0.00 0
56175 0.00 0.00 0.00 0
56176 0.00 0.00 0.00 0
56177 0.00 0.00 0.00 0
56178 0.00 0.00 0.00 0
56179 0.00 0.00 0.00 0
56180 0.00 0.00 0.00 0
56181 0.00 0.00 0.00 0
56182 0.00 0.00 0.00 0
56183 0.00 0.00 0.00 0
56184 0.00 0.00 0.00 0
56193 0.00 0.00 0.00 0
56194 0.00 0.00 0.00 0
56195 0.00 0.00 0.00 0
56196 0.00 0.00 0.00 0
56197 0.00 0.00 0.00 0
56198 0.00 0.00 0.00 0
56199 0.00 0.00 0.00 0
56200 0.00 0.00 0.00 0
56201 0.00 0.00 0.00 0
56202 0.00 0.00 0.00 0
56203 0.00 0.00 0.00 0
56204 0.00 0.00 0.00 0
56205 0.00 0.00 0.00 0
56206 0.00 0.00 0.00 0
56251 0.00 0.00 0.00 0
56252 0.00 0.00 0.00 0
56253 0.00 0.00 0.00 0
56254 0.00 0.00 0.00 0
56255 0.00 0.00 0.00 0
56256 0.00 0.00 0.00 0
56257 0.00 0.00 0.00 0
56258 0.00 0.00 0.00 0
56259 0.00 0.00 0.00 0
56260 0.00 0.00 0.00 0
56261 0.00 0.00 0.00 0
56262 0.00 0.00 0.00 0
56263 0.00 0.00 0.00 0
56264 0.00 0.00 0.00 0
56265 0.00 0.00 0.00 0
56266 0.00 0.00 0.00 0
56267 0.00 0.00 0.00 0
56268 0.00 0.00 0.00 0
56269 0.00 0.00 0.00 0
56903 0.00 0.00 0.00 0
56904 0.00 0.00 0.00 0
56905 0.00 0.00 0.00 0
58053 0.00 0.00 0.00 0
58054 0.00 0.00 0.00 0
58055 0.00 0.00 0.00 0
58056 0.00 0.00 0.00 0
58057 0.00 0.00 0.00 0
58058 0.00 0.00 0.00 0
58059 0.00 0.00 0.00 0
58060 0.00 0.00 0.00 0
58241 0.00 0.00 0.00 0
58248 0.00 0.00 0.00 0
58249 0.00 0.00 0.00 0
58250 0.00 0.00 0.00 0
58251 0.00 0.00 0.00 0
58252 0.00 0.00 0.00 0
58253 0.00 0.00 0.00 0
58254 0.00 0.00 0.00 0
58255 0.00 0.00 0.00 0
58256 0.00 0.00 0.00 0
58257 0.00 0.00 0.00 0
58258 0.00 0.00 0.00 0
58259 0.00 0.00 0.00 0
58260 0.00 0.00 0.00 0
58261 0.00 0.00 0.00 0
58262 0.00 0.00 0.00 0
58263 0.00 0.00 0.00 0
58264 0.00 0.00 0.00 0
58265 0.00 0.00 0.00 0
58266 0.00 0.00 0.00 0
58267 0.00 0.00 0.00 0
58268 0.00 0.00 0.00 0
58269 0.00 0.00 0.00 0
58270 0.00 0.00 0.00 0
58271 0.00 0.00 0.00 0
58272 0.00 0.00 0.00 0
58273 0.00 0.00 0.00 0
58274 0.00 0.00 0.00 0
58275 0.00 0.00 0.00 0
58276 0.00 0.00 0.00 0
58277 0.00 0.00 0.00 0
58278 0.00 0.00 0.00 0
58279 0.00 0.00 0.00 0
58280 0.00 0.00 0.00 0
58281 0.00 0.00 0.00 0
58282 0.00 0.00 0.00 0
63362 0.00 0.00 0.00 0
63363 0.00 0.00 0.00 0
63364 0.00 0.00 0.00 0
63365 0.00 0.00 0.00 0
63366 0.00 0.00 0.00 0
63367 0.00 0.00 0.00 0
63368 0.00 0.00 0.00 0
63369 0.00 0.00 0.00 0
63370 0.00 0.00 0.00 0
63371 0.00 0.00 0.00 0
63372 0.00 0.00 0.00 0
63373 0.00 0.00 0.00 0
63374 0.00 0.00 0.00 0
63375 0.00 0.00 0.00 0
63376 0.00 0.00 0.00 0
63377 0.00 0.00 0.00 0
63378 0.00 0.00 0.00 0
63379 0.00 0.00 0.00 0
63380 0.00 0.00 0.00 0
63381 0.00 0.00 0.00 0
63382 0.00 0.00 0.00 0
63383 0.00 0.00 0.00 0
63384 0.00 0.00 0.00 0
63393 0.00 0.00 0.00 0
63395 0.00 0.00 0.00 0
63396 0.00 0.00 0.00 0
63397 0.00 0.00 0.00 0
63398 0.00 0.00 0.00 0
63399 0.00 0.00 0.00 0
63400 0.00 0.00 0.00 0
63401 0.00 0.00 0.00 0
63402 0.00 0.00 0.00 0
63403 0.00 0.00 0.00 0
63404 0.00 0.00 0.00 0
63405 0.00 0.00 0.00 0
63406 0.00 0.00 0.00 0
63429 0.00 0.00 0.00 0
63430 0.00 0.00 0.00 0
63431 0.00 0.00 0.00 0
63451 0.00 0.00 0.00 0
63452 0.00 0.00 0.00 0
63453 0.00 0.00 0.00 0
63454 0.00 0.00 0.00 0
63455 0.00 0.00 0.00 0
63456 0.00 0.00 0.00 0
63457 0.00 0.00 0.00 0
63458 0.00 0.00 0.00 0
63459 0.00 0.00 0.00 0
63460 0.00 0.00 0.00 0
63461 0.00 0.00 0.00 0
63462 0.00 0.00 0.00 0
63463 0.00 0.00 0.00 0
63464 0.00 0.00 0.00 0
63465 0.00 0.00 0.00 0
63466 0.00 0.00 0.00 0
63467 0.00 0.00 0.00 0
63468 0.00 0.00 0.00 0
63469 0.00 0.00 0.00 0
63470 0.00 0.00 0.00 0
63471 0.00 0.00 0.00 0
65253 0.00 0.00 0.00 0
65254 0.00 0.00 0.00 0
65255 0.00 0.00 0.00 0
65441 0.00 0.00 0.00 0
65447 0.00 0.00 0.00 0
65448 0.00 0.00 0.00 0
65449 0.00 0.00 0.00 0
65450 0.00 0.00 0.00 0
65451 0.00 0.00 0.00 0
65452 0.00 0.00 0.00 0
65453 0.00 0.00 0.00 0
65454 0.00 0.00 0.00 0
65455 0.00 0.00 0.00 0
65456 0.00 0.00 0.00 0
65457 0.00 0.00 0.00 0
65458 0.00 0.00 0.00 0
65459 0.00 0.00 0.00 0
65460 0.00 0.00 0.00 0
65466 0.00 0.00 0.00 0
65467 0.00 0.00 0.00 0
65468 0.00 0.00 0.00 0
65469 0.00 0.00 0.00 0
65470 0.00 0.00 0.00 0
65474 0.00 0.00 0.00 0
70570 0.00 0.00 0.00 0
70572 0.00 0.00 0.00 0
70585 0.00 0.00 0.00 0
70586 0.00 0.00 0.00 0
70587 0.00 0.00 0.00 0
70588 0.00 0.00 0.00 0
70589 0.00 0.00 0.00 0
70590 0.00 0.00 0.00 0
70592 0.00 0.00 0.00 0
70593 0.00 0.00 0.00 0
70594 0.00 0.00 0.00 0
70595 0.00 0.00 0.00 0
70597 0.00 0.00 0.00 0
70615 0.00 0.00 0.00 0
70616 0.00 0.00 0.00 0
70617 0.00 0.00 0.00 0
70629 0.00 0.00 0.00 0
70641 0.00 0.00 0.00 0
70642 0.00 0.00 0.00 0
70643 0.00 0.00 0.00 0
70644 0.00 0.00 0.00 0
70645 0.00 0.00 0.00 0
70646 0.00 0.00 0.00 0
70647 0.00 0.00 0.00 0
70648 0.00 0.00 0.00 0
70649 0.00 0.00 0.00 0
70650 0.00 0.00 0.00 0
70651 0.00 0.00 0.00 0
70652 0.00 0.00 0.00 0
70656 0.00 0.00 0.00 0
70657 0.00 0.00 0.00 0
70658 0.00 0.00 0.00 0
70659 0.00 0.00 0.00 0
70660 0.00 0.00 0.00 0
70661 0.00 0.00 0.00 0
70662 0.00 0.00 0.00 0
70663 0.00 0.00 0.00 0
70664 0.00 0.00 0.00 0
70665 0.00 0.00 0.00 0
70666 0.00 0.00 0.00 0
70667 0.00 0.00 0.00 0
70668 0.00 0.00 0.00 0
70669 0.00 0.00 0.00 0
70670 0.00 0.00 0.00 0
70671 0.00 0.00 0.00 0
70672 0.00 0.00 0.00 0
70673 0.00 0.00 0.00 0
70674 0.00 0.00 0.00 0
70675 0.00 0.00 0.00 0
70676 0.00 0.00 0.00 0
70677 0.00 0.00 0.00 0
70678 0.00 0.00 0.00 0
70679 0.00 0.00 0.00 0
70680 0.00 0.00 0.00 0
70681 0.00 0.00 0.00 0
70682 0.00 0.00 0.00 0
70683 0.00 0.00 0.00 0
70684 0.00 0.00 0.00 0
70685 0.00 0.00 0.00 0
70686 0.00 0.00 0.00 0
70687 0.00 0.00 0.00 0
70688 0.00 0.00 0.00 0
70689 0.00 0.00 0.00 0
70690 0.00 0.00 0.00 0
70831 0.00 0.00 0.00 0
70832 0.00 0.00 0.00 0
70833 0.00 0.00 0.00 0
70834 0.00 0.00 0.00 0
70835 0.00 0.00 0.00 0
70836 0.00 0.00 0.00 0
70837 0.00 0.00 0.00 0
70838 0.00 0.00 0.00 0
70839 0.00 0.00 0.00 0
70840 0.00 0.00 0.00 0
70841 0.00 0.00 0.00 0
70842 0.00 0.00 0.00 0
70843 0.00 0.00 0.00 0
70844 0.00 0.00 0.00 0
70845 0.00 0.00 0.00 0
70846 0.00 0.00 0.00 0
70847 0.00 0.00 0.00 0
70848 0.00 0.00 0.00 0
70849 0.00 0.00 0.00 0
70850 0.00 0.00 0.00 0
70851 0.00 0.00 0.00 0
70852 0.00 0.00 0.00 0
70853 0.00 0.00 0.00 0
70854 0.00 0.00 0.00 0
70855 0.00 0.00 0.00 0
70856 0.00 0.00 0.00 0
70857 0.00 0.00 0.00 0
70858 0.00 0.00 0.00 0
70859 0.00 0.00 0.00 0
70860 0.00 0.00 0.00 0
70861 0.00 0.00 0.00 0
70862 0.00 0.00 0.00 0
70863 0.00 0.00 0.00 0
70864 0.00 0.00 0.00 0
70865 0.00 0.00 0.00 0
70866 0.00 0.00 0.00 0
70867 0.00 0.00 0.00 0
70868 0.00 0.00 0.00 0
70869 0.00 0.00 0.00 0
70870 0.00 0.00 0.00 0
70871 0.00 0.00 0.00 0
70872 0.00 0.00 0.00 0
70873 0.00 0.00 0.00 0
70874 0.00 0.00 0.00 0
70875 0.00 0.00 0.00 0
70876 0.00 0.00 0.00 0
70877 0.00 0.00 0.00 0
70878 0.00 0.00 0.00 0
70879 0.00 0.00 0.00 0
70880 0.00 0.00 0.00 0
70881 0.00 0.00 0.00 0
70882 0.00 0.00 0.00 0
70883 0.00 0.00 0.00 0
70884 0.00 0.00 0.00 0
70885 0.00 0.00 0.00 0
70887 0.00 0.00 0.00 0
70889 0.00 0.00 0.00 0
72788 0.00 0.00 0.00 0
72789 0.00 0.00 0.00 0
72790 0.00 0.00 0.00 0
72791 0.00 0.00 0.00 0
72792 0.00 0.00 0.00 0
72793 0.00 0.00 0.00 0
72795 0.00 0.00 0.00 0
72796 0.00 0.00 0.00 0
72797 0.00 0.00 0.00 0
72798 0.00 0.00 0.00 0
72800 0.00 0.00 0.00 0
72802 0.00 0.00 0.00 0
76241 0.00 0.00 0.00 0
76242 0.00 0.00 0.00 0
76256 0.00 0.00 0.00 0
76257 0.00 0.00 0.00 0
76833 0.00 0.00 0.00 0
76835 0.00 0.00 0.00 0
76836 0.00 0.00 0.00 0
76837 0.00 0.00 0.00 0
76838 0.00 0.00 0.00 0
76839 0.00 0.00 0.00 0
76840 0.00 0.00 0.00 0
76841 0.00 0.00 0.00 0
76842 0.00 0.00 0.00 0
76843 0.00 0.00 0.00 0
76844 0.00 0.00 0.00 0
76845 0.00 0.00 0.00 0
76846 0.00 0.00 0.00 0
76847 0.00 0.00 0.00 0
76848 0.00 0.00 0.00 0
76849 0.00 0.00 0.00 0
76850 0.00 0.00 0.00 0
76851 0.00 0.00 0.00 0
76852 0.00 0.00 0.00 0
76853 0.00 0.00 0.00 0
76854 0.00 0.00 0.00 0
76855 0.00 0.00 0.00 0
76856 0.00 0.00 0.00 0
76857 0.00 0.00 0.00 0
76858 0.00 0.00 0.00 0
76859 0.00 0.00 0.00 0
76860 0.00 0.00 0.00 0
76861 0.00 0.00 0.00 0
76862 0.00 0.00 0.00 0
76863 0.00 0.00 0.00 0
76864 0.00 0.00 0.00 0
76865 0.00 0.00 0.00 0
76866 0.00 0.00 0.00 0
76867 0.00 0.00 0.00 0
76868 0.00 0.00 0.00 0
76869 0.00 0.00 0.00 0
76870 0.00 0.00 0.00 0
76871 0.00 0.00 0.00 0
76872 0.00 0.00 0.00 0
76873 0.00 0.00 0.00 0
76874 0.00 0.00 0.00 0
76875 0.00 0.00 0.00 0
76876 0.00 0.00 0.00 0
76877 0.00 0.00 0.00 0
76878 0.00 0.00 0.00 0
76879 0.00 0.00 0.00 0
76880 0.00 0.00 0.00 0
76881 0.00 0.00 0.00 0
76882 0.00 0.00 0.00 0
76883 0.00 0.00 0.00 0
76884 0.00 0.00 0.00 0
76885 0.00 0.00 0.00 0
76886 0.00 0.00 0.00 0
76887 0.00 0.00 0.00 0
76888 0.00 0.00 0.00 0
76889 0.00 0.00 0.00 0
76890 0.00 0.00 0.00 0
76891 0.00 0.00 0.00 0
76892 0.00 0.00 0.00 0
76893 0.00 0.00 0.00 0
76894 0.00 0.00 0.00 0
76895 0.00 0.00 0.00 0
76896 0.00 0.00 0.00 0
76897 0.00 0.00 0.00 0
76898 0.00 0.00 0.00 0
76899 0.00 0.00 0.00 0
76900 0.00 0.00 0.00 0
76901 0.00 0.00 0.00 0
76902 0.00 0.00 0.00 0
76903 0.00 0.00 0.00 0
76904 0.00 0.00 0.00 0
76905 0.00 0.00 0.00 0
76906 0.00 0.00 0.00 0
76907 0.00 0.00 0.00 0
76908 0.00 0.00 0.00 0
76909 0.00 0.00 0.00 0
76910 0.00 0.00 0.00 0
76911 0.00 0.00 0.00 0
76912 0.00 0.00 0.00 0
76913 0.00 0.00 0.00 0
76914 0.00 0.00 0.00 0
76915 0.00 0.00 0.00 0
76916 0.00 0.00 0.00 0
76917 0.00 0.00 0.00 0
76918 0.00 0.00 0.00 0
76919 0.00 0.00 0.00 0
76920 0.00 0.00 0.00 0
76921 0.00 0.00 0.00 0
76922 0.00 0.00 0.00 0
76924 0.00 0.00 0.00 0
92162 0.00 0.00 0.00 0
92163 0.00 0.00 0.00 0
92164 0.00 0.00 0.00 0
92165 0.00 0.00 0.00 0
92166 0.00 0.00 0.00 0
92167 0.00 0.00 0.00 0
92168 0.00 0.00 0.00 0
92169 0.00 0.00 0.00 0
92170 0.00 0.00 0.00 0
92174 0.00 0.00 0.00 0
92175 0.00 0.00 0.00 0
92176 0.00 0.00 0.00 0
92177 0.00 0.00 0.00 0
92178 0.00 0.00 0.00 0
92179 0.00 0.00 0.00 0
92180 0.00 0.00 0.00 0
92181 0.00 0.00 0.00 0
93602 0.00 0.00 0.00 0
93603 0.00 0.00 0.00 0
93604 0.00 0.00 0.00 0
93605 0.00 0.00 0.00 0
93606 0.00 0.00 0.00 0
93607 0.00 0.00 0.00 0
93608 0.00 0.00 0.00 0
93609 0.00 0.00 0.00 0
93610 0.00 0.00 0.00 0
93611 0.00 0.00 0.00 0
93612 0.00 0.00 0.00 0
93613 0.00 0.00 0.00 0
93614 0.00 0.00 0.00 0
93615 0.00 0.00 0.00 0
93621 0.00 0.00 0.00 0
93622 0.00 0.00 0.00 0
93623 0.00 0.00 0.00 0
93624 0.00 0.00 0.00 0
93625 0.00 0.00 0.00 0
93626 0.00 0.00 0.00 0
93627 0.00 0.00 0.00 0
93628 0.00 0.00 0.00 0
93642 0.00 0.00 0.00 0
93644 0.00 0.00 0.00 0
93655 0.00 0.00 0.00 0
93656 0.00 0.00 0.00 0
93657 0.00 0.00 0.00 0
93658 0.00 0.00 0.00 0
93659 0.00 0.00 0.00 0
93660 0.00 0.00 0.00 0
93661 0.00 0.00 0.00 0
93662 0.00 0.00 0.00 0
93663 0.00 0.00 0.00 0
93664 0.00 0.00 0.00 0
93665 0.00 0.00 0.00 0
93666 0.00 0.00 0.00 0
94046 0.00 0.00 0.00 0
94047 0.00 0.00 0.00 0
94048 0.00 0.00 0.00 0
94737 0.00 0.00 0.00 0
94738 0.00 0.00 0.00 0
94739 0.00 0.00 0.00 0
94740 0.00 0.00 0.00 0
94741 0.00 0.00 0.00 0
94847 0.00 0.00 0.00 0
94848 0.00 0.00 0.00 0
94849 0.00 0.00 0.00 0
94850 0.00 0.00 0.00 0
94851 0.00 0.00 0.00 0
94852 0.00 0.00 0.00 0
94853 0.00 0.00 0.00 0
94854 0.00 0.00 0.00 0
94855 0.00 0.00 0.00 0
94856 0.00 0.00 0.00 0
94857 0.00 0.00 0.00 0
94858 0.00 0.00 0.00 0
94859 0.00 0.00 0.00 0
94860 0.00 0.00 0.00 0
94861 0.00 0.00 0.00 0
94862 0.00 0.00 0.00 0
94863 0.00 0.00 0.00 0
94864 0.00 0.00 0.00 0
94865 0.00 0.00 0.00 0
94866 0.00 0.00 0.00 0
94867 0.00 0.00 0.00 0
94868 0.00 0.00 0.00 0
94869 0.00 0.00 0.00 0
94870 0.00 0.00 0.00 0
94871 0.00 0.00 0.00 0
94872 0.00 0.00 0.00 0
94873 0.00 0.00 0.00 0
97922 0.00 0.00 0.00 0
97923 0.00 0.00 0.00 0
97924 0.00 0.00 0.00 0
97925 0.00 0.00 0.00 0
97926 0.00 0.00 0.00 0
97927 0.00 0.00 0.00 0
97928 0.00 0.00 0.00 0
97929 0.00 0.00 0.00 0
97930 0.00 0.00 0.00 0
97931 0.00 0.00 0.00 0
97932 0.00 0.00 0.00 0
97933 0.00 0.00 0.00 0
97934 0.00 0.00 0.00 0
97935 0.00 0.00 0.00 0
97941 0.00 0.00 0.00 0
97942 0.00 0.00 0.00 0
97943 0.00 0.00 0.00 0
97944 0.00 0.00 0.00 0
97945 0.00 0.00 0.00 0
97946 0.00 0.00 0.00 0
97947 0.00 0.00 0.00 0
97948 0.00 0.00 0.00 0
97962 0.00 0.00 0.00 0
97963 0.00 0.00 0.00 0
97964 0.00 0.00 0.00 0
97965 0.00 0.00 0.00 0
97975 0.00 0.00 0.00 0
97976 0.00 0.00 0.00 0
97977 0.00 0.00 0.00 0
97978 0.00 0.00 0.00 0
97979 0.00 0.00 0.00 0
97980 0.00 0.00 0.00 0
97981 0.00 0.00 0.00 0
97982 0.00 0.00 0.00 0
97983 0.00 0.00 0.00 0
97984 0.00 0.00 0.00 0
97985 0.00 0.00 0.00 0
97986 0.00 0.00 0.00 0
99057 0.00 0.00 0.00 0
99058 0.00 0.00 0.00 0
99059 0.00 0.00 0.00 0
99167 0.00 0.00 0.00 0
99168 0.00 0.00 0.00 0
99169 0.00 0.00 0.00 0
99170 0.00 0.00 0.00 0
99171 0.00 0.00 0.00 0
99172 0.00 0.00 0.00 0
99173 0.00 0.00 0.00 0
99174 0.00 0.00 0.00 0
99175 0.00 0.00 0.00 0
99176 0.00 0.00 0.00 0
99177 0.00 0.00 0.00 0
99178 0.00 0.00 0.00 0
99179 0.00 0.00 0.00 0
99180 0.00 0.00 0.00 0
102247 0.00 0.00 0.00 0
102248 0.00 0.00 0.00 0
102256 0.00 0.00 0.00 0
102257 0.00 0.00 0.00 0
102258 0.00 0.00 0.00 0
102259 0.00 0.00 0.00 0
102260 0.00 0.00 0.00 0
102261 0.00 0.00 0.00 0
102262 0.00 0.00 0.00 0
102263 0.00 0.00 0.00 0
102264 0.00 0.00 0.00 0
102274 0.00 0.00 0.00 0
102276 0.00 0.00 0.00 0
102282 0.00 0.00 0.00 0
102290 0.00 0.00 0.00 0
102291 0.00 0.00 0.00 0
102292 0.00 0.00 0.00 0
102293 0.00 0.00 0.00 0
102294 0.00 0.00 0.00 0
102295 0.00 0.00 0.00 0
102296 0.00 0.00 0.00 0
102299 0.00 0.00 0.00 0
102300 0.00 0.00 0.00 0
102301 0.00 0.00 0.00 0
102302 0.00 0.00 0.00 0
102303 0.00 0.00 0.00 0
102304 0.00 0.00 0.00 0
102305 0.00 0.00 0.00 0
102306 0.00 0.00 0.00 0
102307 0.00 0.00 0.00 0
102308 0.00 0.00 0.00 0
102309 0.00 0.00 0.00 0
102310 0.00 0.00 0.00 0
102311 0.00 0.00 0.00 0
102312 0.00 0.00 0.00 0
102313 0.00 0.00 0.00 0
102314 0.00 0.00 0.00 0
102315 0.00 0.00 0.00 0
102316 0.00 0.00 0.00 0
102317 0.00 0.00 0.00 0
102318 0.00 0.00 0.00 0
102319 0.00 0.00 0.00 0
102403 0.00 0.00 0.00 0
102404 0.00 0.00 0.00 0
102405 0.00 0.00 0.00 0
102406 0.00 0.00 0.00 0
102407 0.00 0.00 0.00 0
102408 0.00 0.00 0.00 0
102409 0.00 0.00 0.00 0
102410 0.00 0.00 0.00 0
102411 0.00 0.00 0.00 0
102412 0.00 0.00 0.00 0
102413 0.00 0.00 0.00 0
102414 0.00 0.00 0.00 0
102415 0.00 0.00 0.00 0
102416 0.00 0.00 0.00 0
102417 0.00 0.00 0.00 0
102418 0.00 0.00 0.00 0
102419 0.00 0.00 0.00 0
102420 0.00 0.00 0.00 0
102421 0.00 0.00 0.00 0
102422 0.00 0.00 0.00 0
102423 0.00 0.00 0.00 0
102424 0.00 0.00 0.00 0
102425 0.00 0.00 0.00 0
102426 0.00 0.00 0.00 0
102427 0.00 0.00 0.00 0
102428 0.00 0.00 0.00 0
102429 0.00 0.00 0.00 0
102430 0.00 0.00 0.00 0
102431 0.00 0.00 0.00 0
102432 0.00 0.00 0.00 0
102433 0.00 0.00 0.00 0
102435 0.00 0.00 0.00 0
103577 0.00 0.00 0.00 0
103578 0.00 0.00 0.00 0
103579 0.00 0.00 0.00 0
103580 0.00 0.00 0.00 0
103581 0.00 0.00 0.00 0
103582 0.00 0.00 0.00 0
103583 0.00 0.00 0.00 0
103584 0.00 0.00 0.00 0
105650 0.00 0.00 0.00 0
106005 0.00 0.00 0.00 0
106006 0.00 0.00 0.00 0
106007 0.00 0.00 0.00 0
106008 0.00 0.00 0.00 0
106009 0.00 0.00 0.00 0
106010 0.00 0.00 0.00 0
106011 0.00 0.00 0.00 0
106012 0.00 0.00 0.00 0
106013 0.00 0.00 0.00 0
106014 0.00 0.00 0.00 0
106015 0.00 0.00 0.00 0
106016 0.00 0.00 0.00 0
106017 0.00 0.00 0.00 0
106018 0.00 0.00 0.00 0
106019 0.00 0.00 0.00 0
106020 0.00 0.00 0.00 0
106021 0.00 0.00 0.00 0
106022 0.00 0.00 0.00 0
106023 0.00 0.00 0.00 0
106024 0.00 0.00 0.00 0
106025 0.00 0.00 0.00 0
106026 0.00 0.00 0.00 0
106027 0.00 0.00 0.00 0
106028 0.00 0.00 0.00 0
106029 0.00 0.00 0.00 0
106030 0.00 0.00 0.00 0
106031 0.00 0.00 0.00 0
106032 0.00 0.00 0.00 0
106033 0.00 0.00 0.00 0
106034 0.00 0.00 0.00 0
106035 0.00 0.00 0.00 0
106036 0.00 0.00 0.00 0
106037 0.00 0.00 0.00 0
106038 0.00 0.00 0.00 0
106039 0.00 0.00 0.00 0
106040 0.00 0.00 0.00 0
106041 0.00 0.00 0.00 0
106042 0.00 0.00 0.00 0
106043 0.00 0.00 0.00 0
106044 0.00 0.00 0.00 0
106045 0.00 0.00 0.00 0
106046 0.00 0.00 0.00 0
106047 0.00 0.00 0.00 0
106048 0.00 0.00 0.00 0
106049 0.00 0.00 0.00 0
106050 0.00 0.00 0.00 0
106051 0.00 0.00 0.00 0
106052 0.00 0.00 0.00 0
106053 0.00 0.00 0.00 0
106054 0.00 0.00 0.00 0
106055 0.00 0.00 0.00 0
106056 0.00 0.00 0.00 0
106057 0.00 0.00 0.00 0
106058 0.00 0.00 0.00 0
115202 0.00 0.00 0.00 0
115203 0.00 0.00 0.00 0
115204 0.00 0.00 0.00 0
115205 0.00 0.00 0.00 0
115206 0.00 0.00 0.00 0
115207 0.00 0.00 0.00 0
115208 0.00 0.00 0.00 0
115209 0.00 0.00 0.00 0
115210 0.00 0.00 0.00 0
115211 0.00 0.00 0.00 0
115212 0.00 0.00 0.00 0
115217 0.00 0.00 0.00 0
115218 0.00 0.00 0.00 0
115219 0.00 0.00 0.00 0
115220 0.00 0.00 0.00 0
115221 0.00 0.00 0.00 0
115222 0.00 0.00 0.00 0
115233 0.00 0.00 0.00 0
115234 0.00 0.00 0.00 0
115235 0.00 0.00 0.00 0
115236 0.00 0.00 0.00 0
115238 0.00 0.00 0.00 0
115243 0.00 0.00 0.00 0
115244 0.00 0.00 0.00 0
115245 0.00 0.00 0.00 0
115246 0.00 0.00 0.00 0
115247 0.00 0.00 0.00 0
115248 0.00 0.00 0.00 0
115249 0.00 0.00 0.00 0
115250 0.00 0.00 0.00 0
115251 0.00 0.00 0.00 0
116169 0.00 0.00 0.00 0
116170 0.00 0.00 0.00 0
116172 0.00 0.00 0.00 0
116173 0.00 0.00 0.00 0
116174 0.00 0.00 0.00 0
116175 0.00 0.00 0.00 0
116176 0.00 0.00 0.00 0
118562 0.00 0.00 0.00 0
118564 0.00 0.00 0.00 0
118565 0.00 0.00 0.00 0
118566 0.00 0.00 0.00 0
118567 0.00 0.00 0.00 0
118568 0.00 0.00 0.00 0
118569 0.00 0.00 0.00 0
118570 0.00 0.00 0.00 0
118573 0.00 0.00 0.00 0
118574 0.00 0.00 0.00 0
118575 0.00 0.00 0.00 0
118576 0.00 0.00 0.00 0
118577 0.00 0.00 0.00 0
118578 0.00 0.00 0.00 0
118579 0.00 0.00 0.00 0
118580 0.00 0.00 0.00 0
118581 0.00 0.00 0.00 0
118582 0.00 0.00 0.00 0
118583 0.00 0.00 0.00 0
118584 0.00 0.00 0.00 0
118585 0.00 0.00 0.00 0
118586 0.00 0.00 0.00 0
118587 0.00 0.00 0.00 0
118588 0.00 0.00 0.00 0
118589 0.00 0.00 0.00 0
118590 0.00 0.00 0.00 0
118591 0.00 0.00 0.00 0
118592 0.00 0.00 0.00 0
118593 0.00 0.00 0.00 0
118603 0.00 0.00 0.00 0
118604 0.00 0.00 0.00 0
118605 0.00 0.00 0.00 0
118606 0.00 0.00 0.00 0
118607 0.00 0.00 0.00 0
118608 0.00 0.00 0.00 0
118609 0.00 0.00 0.00 0
118610 0.00 0.00 0.00 0
118611 0.00 0.00 0.00 0
118612 0.00 0.00 0.00 0
118613 0.00 0.00 0.00 0
118614 0.00 0.00 0.00 0
118615 0.00 0.00 0.00 0
118616 0.00 0.00 0.00 0
118617 0.00 0.00 0.00 0
118618 0.00 0.00 0.00 0
118619 0.00 0.00 0.00 0
118620 0.00 0.00 0.00 0
118621 0.00 0.00 0.00 0
118622 0.00 0.00 0.00 0
118623 0.00 0.00 0.00 0
118624 0.00 0.00 0.00 0
118687 0.00 0.00 0.00 0
118688 0.00 0.00 0.00 0
118689 0.00 0.00 0.00 0
118690 0.00 0.00 0.00 0
118691 0.00 0.00 0.00 0
118692 0.00 0.00 0.00 0
118693 0.00 0.00 0.00 0
118694 0.00 0.00 0.00 0
118695 0.00 0.00 0.00 0
118696 0.00 0.00 0.00 0
118697 0.00 0.00 0.00 0
118698 0.00 0.00 0.00 0
118699 0.00 0.00 0.00 0
118700 0.00 0.00 0.00 0
118701 0.00 0.00 0.00 0
118702 0.00 0.00 0.00 0
118703 0.00 0.00 0.00 0
118704 0.00 0.00 0.00 0
118705 0.00 0.00 0.00 0
118706 0.00 0.00 0.00 0
118707 0.00 0.00 0.00 0
118708 0.00 0.00 0.00 0
118709 0.00 0.00 0.00 0
118710 0.00 0.00 0.00 0
118711 0.00 0.00 0.00 0
118712 0.00 0.00 0.00 0
118713 0.00 0.00 0.00 0
118714 0.00 0.00 0.00 0
119600 0.00 0.00 0.00 0
119601 0.00 0.00 0.00 0
119602 0.00 0.00 0.00 0
119603 0.00 0.00 0.00 0
119604 0.00 0.00 0.00 0
119605 0.00 0.00 0.00 0
119606 0.00 0.00 0.00 0
119607 0.00 0.00 0.00 0
121209 0.00 0.00 0.00 0
121210 0.00 0.00 0.00 0
121211 0.00 0.00 0.00 0
121212 0.00 0.00 0.00 0
121213 0.00 0.00 0.00 0
121214 0.00 0.00 0.00 0
121215 0.00 0.00 0.00 0
121216 0.00 0.00 0.00 0
121217 0.00 0.00 0.00 0
121484 0.00 0.00 0.00 0
121487 0.00 0.00 0.00 0
121488 0.00 0.00 0.00 0
121489 0.00 0.00 0.00 0
121490 0.00 0.00 0.00 0
121491 0.00 0.00 0.00 0
121492 0.00 0.00 0.00 0
121493 0.00 0.00 0.00 0
121494 0.00 0.00 0.00 0
121495 0.00 0.00 0.00 0
121496 0.00 0.00 0.00 0
121497 0.00 0.00 0.00 0
121498 0.00 0.00 0.00 0
121499 0.00 0.00 0.00 0
121500 0.00 0.00 0.00 0
121501 0.00 0.00 0.00 0
121502 0.00 0.00 0.00 0
121503 0.00 0.00 0.00 0
121504 0.00 0.00 0.00 0
121505 0.00 0.00 0.00 0
121506 0.00 0.00 0.00 0
121507 0.00 0.00 0.00 0
121508 0.00 0.00 0.00 0
121509 0.00 0.00 0.00 0
121510 0.00 0.00 0.00 0
121511 0.00 0.00 0.00 0
121512 0.00 0.00 0.00 0
121513 0.00 0.00 0.00 0
121514 0.00 0.00 0.00 0
121515 0.00 0.00 0.00 0
121516 0.00 0.00 0.00 0
121517 0.00 0.00 0.00 0
121518 0.00 0.00 0.00 0
121519 0.00 0.00 0.00 0
121520 0.00 0.00 0.00 0
121521 0.00 0.00 0.00 0
121522 0.00 0.00 0.00 0
121523 0.00 0.00 0.00 0
121524 0.00 0.00 0.00 0
121525 0.00 0.00 0.00 0
121526 0.00 0.00 0.00 0
121527 0.00 0.00 0.00 0
121528 0.00 0.00 0.00 0
121529 0.00 0.00 0.00 0
121530 0.00 0.00 0.00 0
121531 0.00 0.00 0.00 0
128642 0.00 0.00 0.00 0
128643 0.00 0.00 0.00 0
128644 0.00 0.00 0.00 0
128645 0.00 0.00 0.00 0
128646 0.00 0.00 0.00 0
128647 0.00 0.00 0.00 0
128648 0.00 0.00 0.00 0
128649 0.00 0.00 0.00 0
128650 0.00 0.00 0.00 0
128651 0.00 0.00 0.00 0
128652 0.00 0.00 0.00 0
128653 0.00 0.00 0.00 0
128654 0.00 0.00 0.00 0
128655 0.00 0.00 0.00 0
128656 0.00 0.00 0.00 0
128657 0.00 0.00 0.00 0
128658 0.00 0.00 0.00 0
128659 0.00 0.00 0.00 0
128660 0.00 0.00 0.00 0
128661 0.00 0.00 0.00 0
128662 0.00 0.00 0.00 0
128663 0.00 0.00 0.00 0
128664 0.00 0.00 0.00 0
128665 0.00 0.00 0.00 0
128666 0.00 0.00 0.00 0
128667 0.00 0.00 0.00 0
128668 0.00 0.00 0.00 0
128669 0.00 0.00 0.00 0
128670 0.00 0.00 0.00 0
128681 0.00 0.00 0.00 0
128685 0.00 0.00 0.00 0
128686 0.00 0.00 0.00 0
128688 0.00 0.00 0.00 0
128689 0.00 0.00 0.00 0
128690 0.00 0.00 0.00 0
128691 0.00 0.00 0.00 0
128692 0.00 0.00 0.00 0
128693 0.00 0.00 0.00 0
128694 0.00 0.00 0.00 0
128695 0.00 0.00 0.00 0
128696 0.00 0.00 0.00 0
128697 0.00 0.00 0.00 0
128698 0.00 0.00 0.00 0
128727 0.00 0.00 0.00 0
128728 0.00 0.00 0.00 0
128729 0.00 0.00 0.00 0
128732 0.00 0.00 0.00 0
128738 0.00 0.00 0.00 0
128755 0.00 0.00 0.00 0
128756 0.00 0.00 0.00 0
128757 0.00 0.00 0.00 0
128758 0.00 0.00 0.00 0
128759 0.00 0.00 0.00 0
128760 0.00 0.00 0.00 0
128761 0.00 0.00 0.00 0
128762 0.00 0.00 0.00 0
128763 0.00 0.00 0.00 0
128764 0.00 0.00 0.00 0
128765 0.00 0.00 0.00 0
128766 0.00 0.00 0.00 0
128767 0.00 0.00 0.00 0
128768 0.00 0.00 0.00 0
128769 0.00 0.00 0.00 0
128770 0.00 0.00 0.00 0
128771 0.00 0.00 0.00 0
128772 0.00 0.00 0.00 0
128773 0.00 0.00 0.00 0
128774 0.00 0.00 0.00 0
128775 0.00 0.00 0.00 0
128776 0.00 0.00 0.00 0
128777 0.00 0.00 0.00 0
128778 0.00 0.00 0.00 0
128779 0.00 0.00 0.00 0
128780 0.00 0.00 0.00 0
128781 0.00 0.00 0.00 0
131037 0.00 0.00 0.00 0
131038 0.00 0.00 0.00 0
131039 0.00 0.00 0.00 0
131040 0.00 0.00 0.00 0
131041 0.00 0.00 0.00 0
131042 0.00 0.00 0.00 0
131043 0.00 0.00 0.00 0
131284 0.00 0.00 0.00 0
131285 0.00 0.00 0.00 0
131286 0.00 0.00 0.00 0
131287 0.00 0.00 0.00 0
131288 0.00 0.00 0.00 0
131289 0.00 0.00 0.00 0
131290 0.00 0.00 0.00 0
131291 0.00 0.00 0.00 0
131292 0.00 0.00 0.00 0
131293 0.00 0.00 0.00 0
131294 0.00 0.00 0.00 0
131295 0.00 0.00 0.00 0
131296 0.00 0.00 0.00 0
131297 0.00 0.00 0.00 0
131298 0.00 0.00 0.00 0
131299 0.00 0.00 0.00 0
131300 0.00 0.00 0.00 0
131301 0.00 0.00 0.00 0
131302 0.00 0.00 0.00 0
131303 0.00 0.00 0.00 0
131304 0.00 0.00 0.00 0
131306 0.00 0.00 0.00 0
131307 0.00 0.00 0.00 0
131308 0.00 0.00 0.00 0
131309 0.00 0.00 0.00 0
131310 0.00 0.00 0.00 0
131311 0.00 0.00 0.00 0
131312 0.00 0.00 0.00 0
131313 0.00 0.00 0.00 0
131314 0.00 0.00 0.00 0
131315 0.00 0.00 0.00 0
131316 0.00 0.00 0.00 0
131317 0.00 0.00 0.00 0
131318 0.00 0.00 0.00 0
131319 0.00 0.00 0.00 0
131320 0.00 0.00 0.00 0
137791 0.00 0.00 0.00 0
137792 0.00 0.00 0.00 0
137793 0.00 0.00 0.00 0
137794 0.00 0.00 0.00 0
137795 0.00 0.00 0.00 0
137796 0.00 0.00 0.00 0
137800 0.00 0.00 0.00 0
137801 0.00 0.00 0.00 0
137802 0.00 0.00 0.00 0
137803 0.00 0.00 0.00 0
137804 0.00 0.00 0.00 0
137805 0.00 0.00 0.00 0
137827 0.00 0.00 0.00 0
137828 0.00 0.00 0.00 0
137862 0.00 0.00 0.00 0
137863 0.00 0.00 0.00 0
137864 0.00 0.00 0.00 0
137865 0.00 0.00 0.00 0
137866 0.00 0.00 0.00 0
137867 0.00 0.00 0.00 0
137868 0.00 0.00 0.00 0
137869 0.00 0.00 0.00 0
137870 0.00 0.00 0.00 0
137871 0.00 0.00 0.00 0
137872 0.00 0.00 0.00 0
137873 0.00 0.00 0.00 0
137880 0.00 0.00 0.00 0
137881 0.00 0.00 0.00 0
137882 0.00 0.00 0.00 0
137883 0.00 0.00 0.00 0
137884 0.00 0.00 0.00 0
137885 0.00 0.00 0.00 0
137886 0.00 0.00 0.00 0
137887 0.00 0.00 0.00 0
137888 0.00 0.00 0.00 0
137889 0.00 0.00 0.00 0
137890 0.00 0.00 0.00 0
137891 0.00 0.00 0.00 0
137892 0.00 0.00 0.00 0
137893 0.00 0.00 0.00 0
137894 0.00 0.00 0.00 0
137895 0.00 0.00 0.00 0
137896 0.00 0.00 0.00 0
137897 0.00 0.00 0.00 0
137898 0.00 0.00 0.00 0
137899 0.00 0.00 0.00 0
137900 0.00 0.00 0.00 0
137901 0.00 0.00 0.00 0
137902 0.00 0.00 0.00 0
137903 0.00 0.00 0.00 0
137904 0.00 0.00 0.00 0
137905 0.00 0.00 0.00 0
137906 0.00 0.00 0.00 0
137907 0.00 0.00 0.00 0
137908 0.00 0.00 0.00 0
137909 0.00 0.00 0.00 0
137910 0.00 0.00 0.00 0
137911 0.00 0.00 0.00 0
137912 0.00 0.00 0.00 0
137913 0.00 0.00 0.00 0
137914 0.00 0.00 0.00 0
137915 0.00 0.00 0.00 0
137916 0.00 0.00 0.00 0
137917 0.00 0.00 0.00 0
137918 0.00 0.00 0.00 0
138091 0.00 0.00 0.00 0
138092 0.00 0.00 0.00 0
138093 0.00 0.00 0.00 0
138094 0.00 0.00 0.00 0
138095 0.00 0.00 0.00 0
138096 0.00 0.00 0.00 0
138097 0.00 0.00 0.00 0
138098 0.00 0.00 0.00 0
138099 0.00 0.00 0.00 0
138100 0.00 0.00 0.00 0
138101 0.00 0.00 0.00 0
138102 0.00 0.00 0.00 0
138103 0.00 0.00 0.00 0
138104 0.00 0.00 0.00 0
138105 0.00 0.00 0.00 0
138106 0.00 0.00 0.00 0
138107 0.00 0.00 0.00 0
138108 0.00 0.00 0.00 0
138109 0.00 0.00 0.00 0
138110 0.00 0.00 0.00 0
138111 0.00 0.00 0.00 0
138112 0.00 0.00 0.00 0
138113 0.00 0.00 0.00 0
138114 0.00 0.00 0.00 0
138115 0.00 0.00 0.00 0
138116 0.00 0.00 0.00 0
138117 0.00 0.00 0.00 0
138118 0.00 0.00 0.00 0
138119 0.00 0.00 0.00 0
138120 0.00 0.00 0.00 0
138121 0.00 0.00 0.00 0
138122 0.00 0.00 0.00 0
138123 0.00 0.00 0.00 0
138124 0.00 0.00 0.00 0
138125 0.00 0.00 0.00 0
138126 0.00 0.00 0.00 0
138127 0.00 0.00 0.00 0
138128 0.00 0.00 0.00 0
138129 0.00 0.00 0.00 0
138130 0.00 0.00 0.00 0
138131 0.00 0.00 0.00 0
138132 0.00 0.00 0.00 0
138133 0.00 0.00 0.00 0
138134 0.00 0.00 0.00 0
138135 0.00 0.00 0.00 0
138136 0.00 0.00 0.00 0
138137 0.00 0.00 0.00 0
138138 0.00 0.00 0.00 0
138139 0.00 0.00 0.00 0
138140 0.00 0.00 0.00 0
138141 0.00 0.00 0.00 0
138142 0.00 0.00 0.00 0
138143 0.00 0.00 0.00 0
138144 0.00 0.00 0.00 0
138145 0.00 0.00 0.00 0
138146 0.00 0.00 0.00 0
138147 0.00 0.00 0.00 0
138148 0.00 0.00 0.00 0
138149 0.00 0.00 0.00 0
138150 0.00 0.00 0.00 0
138151 0.00 0.00 0.00 0
138152 0.00 0.00 0.00 0
138153 0.00 0.00 0.00 0
138154 0.00 0.00 0.00 0
138155 0.00 0.00 0.00 0
138156 0.00 0.00 0.00 0
138157 0.00 0.00 0.00 0
138158 0.00 0.00 0.00 0
138159 0.00 0.00 0.00 0
138160 0.00 0.00 0.00 0
138161 0.00 0.00 0.00 0
138162 0.00 0.00 0.00 0
140483 0.00 0.00 0.00 0
140485 0.00 0.00 0.00 0
140486 0.00 0.00 0.00 0
140487 0.00 0.00 0.00 0
140488 0.00 0.00 0.00 0
140489 0.00 0.00 0.00 0
140494 0.00 0.00 0.00 0
140495 0.00 0.00 0.00 0
140496 0.00 0.00 0.00 0
140497 0.00 0.00 0.00 0
140498 0.00 0.00 0.00 0
140499 0.00 0.00 0.00 0
140500 0.00 0.00 0.00 0
144699 0.00 0.00 0.00 0
144717 0.00 0.00 0.00 0
144718 0.00 0.00 0.00 0
144719 0.00 0.00 0.00 0
145419 0.00 0.00 0.00 0
145420 0.00 0.00 0.00 0
145422 0.00 0.00 0.00 0
145423 0.00 0.00 0.00 0
145424 0.00 0.00 0.00 0
145425 0.00 0.00 0.00 0
145426 0.00 0.00 0.00 0
145427 0.00 0.00 0.00 0
145428 0.00 0.00 0.00 0
145429 0.00 0.00 0.00 0
145430 0.00 0.00 0.00 0
145431 0.00 0.00 0.00 0
145432 0.00 0.00 0.00 0
145433 0.00 0.00 0.00 0
145434 0.00 0.00 0.00 0
145435 0.00 0.00 0.00 0
145436 0.00 0.00 0.00 0
145437 0.00 0.00 0.00 0
145438 0.00 0.00 0.00 0
145439 0.00 0.00 0.00 0
145440 0.00 0.00 0.00 0
145441 0.00 0.00 0.00 0
145442 0.00 0.00 0.00 0
145443 0.00 0.00 0.00 0
145444 0.00 0.00 0.00 0
145445 0.00 0.00 0.00 0
145446 0.00 0.00 0.00 0
145447 0.00 0.00 0.00 0
145448 0.00 0.00 0.00 0
145449 0.00 0.00 0.00 0
145450 0.00 0.00 0.00 0
145451 0.00 0.00 0.00 0
145452 0.00 0.00 0.00 0
145453 0.00 0.00 0.00 0
145454 0.00 0.00 0.00 0
145455 0.00 0.00 0.00 0
145456 0.00 0.00 0.00 0
145457 0.00 0.00 0.00 0
145458 0.00 0.00 0.00 0
145459 0.00 0.00 0.00 0
145460 0.00 0.00 0.00 0
145461 0.00 0.00 0.00 0
145462 0.00 0.00 0.00 0
145463 0.00 0.00 0.00 0
145464 0.00 0.00 0.00 0
145465 0.00 0.00 0.00 0
145466 0.00 0.00 0.00 0
145467 0.00 0.00 0.00 0
145468 0.00 0.00 0.00 0
145469 0.00 0.00 0.00 0
145470 0.00 0.00 0.00 0
145471 0.00 0.00 0.00 0
145472 0.00 0.00 0.00 0
145473 0.00 0.00 0.00 0
145474 0.00 0.00 0.00 0
145475 0.00 0.00 0.00 0
145476 0.00 0.00 0.00 0
145477 0.00 0.00 0.00 0
145478 0.00 0.00 0.00 0
145479 0.00 0.00 0.00 0
145480 0.00 0.00 0.00 0
145481 0.00 0.00 0.00 0
145482 0.00 0.00 0.00 0
145483 0.00 0.00 0.00 0
145484 0.00 0.00 0.00 0
145485 0.00 0.00 0.00 0
145486 0.00 0.00 0.00 0
145487 0.00 0.00 0.00 0
145488 0.00 0.00 0.00 0
145489 0.00 0.00 0.00 0
145490 0.00 0.00 0.00 0
145491 0.00 0.00 0.00 0
145492 0.00 0.00 0.00 0
145493 0.00 0.00 0.00 0
145494 0.00 0.00 0.00 0
145495 0.00 0.00 0.00 0
145496 0.00 0.00 0.00 0
145497 0.00 0.00 0.00 0
145498 0.00 0.00 0.00 0
145499 0.00 0.00 0.00 0
145500 0.00 0.00 0.00 0
145501 0.00 0.00 0.00 0
145502 0.00 0.00 0.00 0
145503 0.00 0.00 0.00 0
145504 0.00 0.00 0.00 0
145505 0.00 0.00 0.00 0
145506 0.00 0.00 0.00 0
145507 0.00 0.00 0.00 0
145508 0.00 0.00 0.00 0
145509 0.00 0.00 0.00 0
145510 0.00 0.00 0.00 0
145511 0.00 0.00 0.00 0
145512 0.00 0.00 0.00 0
145513 0.00 0.00 0.00 0
145514 0.00 0.00 0.00 0
145515 0.00 0.00 0.00 0
145516 0.00 0.00 0.00 0
145517 0.00 0.00 0.00 0
145518 0.00 0.00 0.00 0
145519 0.00 0.00 0.00 0
145520 0.00 0.00 0.00 0
145521 0.00 0.00 0.00 0
145522 0.00 0.00 0.00 0
145523 0.00 0.00 0.00 0
145524 0.00 0.00 0.00 0
145525 0.00 0.00 0.00 0
145526 0.00 0.00 0.00 0
145529 0.00 0.00 0.00 0
145530 0.00 0.00 0.00 0
145531 0.00 0.00 0.00 0
