# S_precentral-inf-part
1923
21 0.00 0.00 0.00 0
110 0.00 0.00 0.00 0
251 0.00 0.00 0.00 0
252 0.00 0.00 0.00 0
254 0.00 0.00 0.00 0
497 0.00 0.00 0.00 0
498 0.00 0.00 0.00 0
730 0.00 0.00 0.00 0
731 0.00 0.00 0.00 0
732 0.00 0.00 0.00 0
733 0.00 0.00 0.00 0
734 0.00 0.00 0.00 0
1092 0.00 0.00 0.00 0
1093 0.00 0.00 0.00 0
1094 0.00 0.00 0.00 0
1095 0.00 0.00 0.00 0
1096 0.00 0.00 0.00 0
1113 0.00 0.00 0.00 0
1604 0.00 0.00 0.00 0
1605 0.00 0.00 0.00 0
1606 0.00 0.00 0.00 0
1608 0.00 0.00 0.00 0
2133 0.00 0.00 0.00 0
2136 0.00 0.00 0.00 0
2137 0.00 0.00 0.00 0
2138 0.00 0.00 0.00 0
2139 0.00 0.00 0.00 0
2140 0.00 0.00 0.00 0
2141 0.00 0.00 0.00 0
2142 0.00 0.00 0.00 0
2143 0.00 0.00 0.00 0
2650 0.00 0.00 0.00 0
2651 0.00 0.00 0.00 0
2652 0.00 0.00 0.00 0
2653 0.00 0.00 0.00 0
2654 0.00 0.00 0.00 0
3012 0.00 0.00 0.00 0
3013 0.00 0.00 0.00 0
3014 0.00 0.00 0.00 0
3015 0.00 0.00 0.00 0
3016 0.00 0.00 0.00 0
3631 0.00 0.00 0.00 0
3632 0.00 0.00 0.00 0
3633 0.00 0.00 0.00 0
3634 0.00 0.00 0.00 0
3635 0.00 0.00 0.00 0
3636 0.00 0.00 0.00 0
3637 0.00 0.00 0.00 0
3638 0.00 0.00 0.00 0
3639 0.00 0.00 0.00 0
3640 0.00 0.00 0.00 0
3641 0.00 0.00 0.00 0
3642 0.00 0.00 0.00 0
4702 0.00 0.00 0.00 0
4710 0.00 0.00 0.00 0
4714 0.00 0.00 0.00 0
4715 0.00 0.00 0.00 0
4716 0.00 0.00 0.00 0
4717 0.00 0.00 0.00 0
4718 0.00 0.00 0.00 0
4719 0.00 0.00 0.00 0
4720 0.00 0.00 0.00 0
4721 0.00 0.00 0.00 0
4722 0.00 0.00 0.00 0
4723 0.00 0.00 0.00 0
4724 0.00 0.00 0.00 0
4725 0.00 0.00 0.00 0
4726 0.00 0.00 0.00 0
4727 0.00 0.00 0.00 0
4729 0.00 0.00 0.00 0
4778 0.00 0.00 0.00 0
5923 0.00 0.00 0.00 0
5924 0.00 0.00 0.00 0
5925 0.00 0.00 0.00 0
5926 0.00 0.00 0.00 0
5927 0.00 0.00 0.00 0
5928 0.00 0.00 0.00 0
5929 0.00 0.00 0.00 0
5930 0.00 0.00 0.00 0
6573 0.00 0.00 0.00 0
6574 0.00 0.00 0.00 0
6575 0.00 0.00 0.00 0
6576 0.00 0.00 0.00 0
6577 0.00 0.00 0.00 0
6578 0.00 0.00 0.00 0
6579 0.00 0.00 0.00 0
6580 0.00 0.00 0.00 0
6581 0.00 0.00 0.00 0
6582 0.00 0.00 0.00 0
6611 0.00 0.00 0.00 0
6612 0.00 0.00 0.00 0
7581 0.00 0.00 0.00 0
7582 0.00 0.00 0.00 0
7583 0.00 0.00 0.00 0
7584 0.00 0.00 0.00 0
7585 0.00 0.00 0.00 0
7586 0.00 0.00 0.00 0
7587 0.00 0.00 0.00 0
7593 0.00 0.00 0.00 0
7594 0.00 0.00 0.00 0
8209 0.00 0.00 0.00 0
8210 0.00 0.00 0.00 0
8967 0.00 0.00 0.00 0
8979 0.00 0.00 0.00 0
8980 0.00 0.00 0.00 0
8981 0.00 0.00 0.00 0
8982 0.00 0.00 0.00 0
8983 0.00 0.00 0.00 0
8984 0.00 0.00 0.00 0
8988 0.00 0.00 0.00 0
8989 0.00 0.00 0.00 0
8990 0.00 0.00 0.00 0
8991 0.00 0.00 0.00 0
8992 0.00 0.00 0.00 0
8993 0.00 0.00 0.00 0
8994 0.00 0.00 0.00 0
8995 0.00 0.00 0.00 0
8996 0.00 0.00 0.00 0
8997 0.00 0.00 0.00 0
8998 0.00 0.00 0.00 0
8999 0.00 0.00 0.00 0
9000 0.00 0.00 0.00 0
10330 0.00 0.00 0.00 0
10331 0.00 0.00 0.00 0
10332 0.00 0.00 0.00 0
10333 0.00 0.00 0.00 0
10334 0.00 0.00 0.00 0
10692 0.00 0.00 0.00 0
10693 0.00 0.00 0.00 0
10694 0.00 0.00 0.00 0
10695 0.00 0.00 0.00 0
10696 0.00 0.00 0.00 0
11311 0.00 0.00 0.00 0
11312 0.00 0.00 0.00 0
11313 0.00 0.00 0.00 0
11314 0.00 0.00 0.00 0
11315 0.00 0.00 0.00 0
11316 0.00 0.00 0.00 0
11317 0.00 0.00 0.00 0
11318 0.00 0.00 0.00 0
11319 0.00 0.00 0.00 0
11320 0.00 0.00 0.00 0
11321 0.00 0.00 0.00 0
11322 0.00 0.00 0.00 0
11323 0.00 0.00 0.00 0
11324 0.00 0.00 0.00 0
12382 0.00 0.00 0.00 0
12390 0.00 0.00 0.00 0
12394 0.00 0.00 0.00 0
12395 0.00 0.00 0.00 0
12396 0.00 0.00 0.00 0
12397 0.00 0.00 0.00 0
12398 0.00 0.00 0.00 0
12399 0.00 0.00 0.00 0
12400 0.00 0.00 0.00 0
12401 0.00 0.00 0.00 0
12402 0.00 0.00 0.00 0
12403 0.00 0.00 0.00 0
12404 0.00 0.00 0.00 0
12405 0.00 0.00 0.00 0
12406 0.00 0.00 0.00 0
12407 0.00 0.00 0.00 0
12458 0.00 0.00 0.00 0
12459 0.00 0.00 0.00 0
12460 0.00 0.00 0.00 0
13710 0.00 0.00 0.00 0
13711 0.00 0.00 0.00 0
13712 0.00 0.00 0.00 0
13713 0.00 0.00 0.00 0
13714 0.00 0.00 0.00 0
13715 0.00 0.00 0.00 0
13716 0.00 0.00 0.00 0
13717 0.00 0.00 0.00 0
13718 0.00 0.00 0.00 0
13719 0.00 0.00 0.00 0
13720 0.00 0.00 0.00 0
13721 0.00 0.00 0.00 0
13722 0.00 0.00 0.00 0
13723 0.00 0.00 0.00 0
13724 0.00 0.00 0.00 0
14793 0.00 0.00 0.00 0
14794 0.00 0.00 0.00 0
14795 0.00 0.00 0.00 0
14796 0.00 0.00 0.00 0
14797 0.00 0.00 0.00 0
14798 0.00 0.00 0.00 0
14799 0.00 0.00 0.00 0
14800 0.00 0.00 0.00 0
14801 0.00 0.00 0.00 0
14802 0.00 0.00 0.00 0
14803 0.00 0.00 0.00 0
14804 0.00 0.00 0.00 0
14805 0.00 0.00 0.00 0
14806 0.00 0.00 0.00 0
14807 0.00 0.00 0.00 0
14808 0.00 0.00 0.00 0
14809 0.00 0.00 0.00 0
14810 0.00 0.00 0.00 0
14858 0.00 0.00 0.00 0
14859 0.00 0.00 0.00 0
16653 0.00 0.00 0.00 0
16655 0.00 0.00 0.00 0
16656 0.00 0.00 0.00 0
16657 0.00 0.00 0.00 0
16658 0.00 0.00 0.00 0
16659 0.00 0.00 0.00 0
16660 0.00 0.00 0.00 0
16661 0.00 0.00 0.00 0
16662 0.00 0.00 0.00 0
16663 0.00 0.00 0.00 0
16664 0.00 0.00 0.00 0
16665 0.00 0.00 0.00 0
16666 0.00 0.00 0.00 0
16667 0.00 0.00 0.00 0
16668 0.00 0.00 0.00 0
16669 0.00 0.00 0.00 0
16670 0.00 0.00 0.00 0
16675 0.00 0.00 0.00 0
16680 0.00 0.00 0.00 0
16681 0.00 0.00 0.00 0
16682 0.00 0.00 0.00 0
16683 0.00 0.00 0.00 0
16684 0.00 0.00 0.00 0
16685 0.00 0.00 0.00 0
18043 0.00 0.00 0.00 0
18044 0.00 0.00 0.00 0
19863 0.00 0.00 0.00 0
19866 0.00 0.00 0.00 0
19867 0.00 0.00 0.00 0
19898 0.00 0.00 0.00 0
19899 0.00 0.00 0.00 0
19900 0.00 0.00 0.00 0
19901 0.00 0.00 0.00 0
19902 0.00 0.00 0.00 0
19903 0.00 0.00 0.00 0
19904 0.00 0.00 0.00 0
19905 0.00 0.00 0.00 0
19906 0.00 0.00 0.00 0
19907 0.00 0.00 0.00 0
19908 0.00 0.00 0.00 0
19909 0.00 0.00 0.00 0
19910 0.00 0.00 0.00 0
19911 0.00 0.00 0.00 0
19916 0.00 0.00 0.00 0
19918 0.00 0.00 0.00 0
19920 0.00 0.00 0.00 0
19921 0.00 0.00 0.00 0
19922 0.00 0.00 0.00 0
19923 0.00 0.00 0.00 0
19924 0.00 0.00 0.00 0
19925 0.00 0.00 0.00 0
19926 0.00 0.00 0.00 0
19927 0.00 0.00 0.00 0
19928 0.00 0.00 0.00 0
19929 0.00 0.00 0.00 0
19930 0.00 0.00 0.00 0
19931 0.00 0.00 0.00 0
19932 0.00 0.00 0.00 0
19933 0.00 0.00 0.00 0
19934 0.00 0.00 0.00 0
19935 0.00 0.00 0.00 0
19936 0.00 0.00 0.00 0
19937 0.00 0.00 0.00 0
19938 0.00 0.00 0.00 0
19939 0.00 0.00 0.00 0
19940 0.00 0.00 0.00 0
19941 0.00 0.00 0.00 0
19942 0.00 0.00 0.00 0
19943 0.00 0.00 0.00 0
19944 0.00 0.00 0.00 0
19945 0.00 0.00 0.00 0
19947 0.00 0.00 0.00 0
19948 0.00 0.00 0.00 0
19949 0.00 0.00 0.00 0
23202 0.00 0.00 0.00 0
23203 0.00 0.00 0.00 0
23204 0.00 0.00 0.00 0
23205 0.00 0.00 0.00 0
23206 0.00 0.00 0.00 0
23207 0.00 0.00 0.00 0
23208 0.00 0.00 0.00 0
23209 0.00 0.00 0.00 0
23210 0.00 0.00 0.00 0
23852 0.00 0.00 0.00 0
23853 0.00 0.00 0.00 0
23854 0.00 0.00 0.00 0
23855 0.00 0.00 0.00 0
23856 0.00 0.00 0.00 0
23857 0.00 0.00 0.00 0
23858 0.00 0.00 0.00 0
23859 0.00 0.00 0.00 0
23860 0.00 0.00 0.00 0
23861 0.00 0.00 0.00 0
23862 0.00 0.00 0.00 0
23863 0.00 0.00 0.00 0
24969 0.00 0.00 0.00 0
24970 0.00 0.00 0.00 0
24971 0.00 0.00 0.00 0
24972 0.00 0.00 0.00 0
24973 0.00 0.00 0.00 0
24974 0.00 0.00 0.00 0
24975 0.00 0.00 0.00 0
24976 0.00 0.00 0.00 0
24977 0.00 0.00 0.00 0
24978 0.00 0.00 0.00 0
24979 0.00 0.00 0.00 0
24980 0.00 0.00 0.00 0
24981 0.00 0.00 0.00 0
24982 0.00 0.00 0.00 0
24983 0.00 0.00 0.00 0
24984 0.00 0.00 0.00 0
24985 0.00 0.00 0.00 0
24986 0.00 0.00 0.00 0
24987 0.00 0.00 0.00 0
24988 0.00 0.00 0.00 0
24990 0.00 0.00 0.00 0
26896 0.00 0.00 0.00 0
26910 0.00 0.00 0.00 0
26916 0.00 0.00 0.00 0
26917 0.00 0.00 0.00 0
26918 0.00 0.00 0.00 0
26919 0.00 0.00 0.00 0
26920 0.00 0.00 0.00 0
26921 0.00 0.00 0.00 0
26922 0.00 0.00 0.00 0
26923 0.00 0.00 0.00 0
26924 0.00 0.00 0.00 0
26925 0.00 0.00 0.00 0
26926 0.00 0.00 0.00 0
26927 0.00 0.00 0.00 0
26928 0.00 0.00 0.00 0
26929 0.00 0.00 0.00 0
26930 0.00 0.00 0.00 0
26931 0.00 0.00 0.00 0
26932 0.00 0.00 0.00 0
26933 0.00 0.00 0.00 0
26934 0.00 0.00 0.00 0
26935 0.00 0.00 0.00 0
26936 0.00 0.00 0.00 0
26937 0.00 0.00 0.00 0
26938 0.00 0.00 0.00 0
26939 0.00 0.00 0.00 0
26940 0.00 0.00 0.00 0
26941 0.00 0.00 0.00 0
26942 0.00 0.00 0.00 0
26943 0.00 0.00 0.00 0
29179 0.00 0.00 0.00 0
29180 0.00 0.00 0.00 0
29181 0.00 0.00 0.00 0
29182 0.00 0.00 0.00 0
29183 0.00 0.00 0.00 0
29184 0.00 0.00 0.00 0
29185 0.00 0.00 0.00 0
29186 0.00 0.00 0.00 0
29187 0.00 0.00 0.00 0
29188 0.00 0.00 0.00 0
29189 0.00 0.00 0.00 0
29190 0.00 0.00 0.00 0
29191 0.00 0.00 0.00 0
29192 0.00 0.00 0.00 0
29193 0.00 0.00 0.00 0
29194 0.00 0.00 0.00 0
29195 0.00 0.00 0.00 0
29196 0.00 0.00 0.00 0
29197 0.00 0.00 0.00 0
29198 0.00 0.00 0.00 0
30694 0.00 0.00 0.00 0
30695 0.00 0.00 0.00 0
30696 0.00 0.00 0.00 0
30697 0.00 0.00 0.00 0
30698 0.00 0.00 0.00 0
30699 0.00 0.00 0.00 0
30700 0.00 0.00 0.00 0
30701 0.00 0.00 0.00 0
30702 0.00 0.00 0.00 0
30703 0.00 0.00 0.00 0
30704 0.00 0.00 0.00 0
30705 0.00 0.00 0.00 0
30706 0.00 0.00 0.00 0
30707 0.00 0.00 0.00 0
30708 0.00 0.00 0.00 0
30709 0.00 0.00 0.00 0
30710 0.00 0.00 0.00 0
30711 0.00 0.00 0.00 0
30712 0.00 0.00 0.00 0
30713 0.00 0.00 0.00 0
30714 0.00 0.00 0.00 0
30715 0.00 0.00 0.00 0
30716 0.00 0.00 0.00 0
30717 0.00 0.00 0.00 0
30718 0.00 0.00 0.00 0
30719 0.00 0.00 0.00 0
30785 0.00 0.00 0.00 0
30786 0.00 0.00 0.00 0
30787 0.00 0.00 0.00 0
33194 0.00 0.00 0.00 0
33195 0.00 0.00 0.00 0
33196 0.00 0.00 0.00 0
33197 0.00 0.00 0.00 0
33198 0.00 0.00 0.00 0
33199 0.00 0.00 0.00 0
33200 0.00 0.00 0.00 0
33201 0.00 0.00 0.00 0
33202 0.00 0.00 0.00 0
33203 0.00 0.00 0.00 0
33204 0.00 0.00 0.00 0
33205 0.00 0.00 0.00 0
33206 0.00 0.00 0.00 0
33207 0.00 0.00 0.00 0
33208 0.00 0.00 0.00 0
33209 0.00 0.00 0.00 0
33210 0.00 0.00 0.00 0
33211 0.00 0.00 0.00 0
33225 0.00 0.00 0.00 0
33226 0.00 0.00 0.00 0
33227 0.00 0.00 0.00 0
33228 0.00 0.00 0.00 0
33229 0.00 0.00 0.00 0
33230 0.00 0.00 0.00 0
34932 0.00 0.00 0.00 0
34933 0.00 0.00 0.00 0
34934 0.00 0.00 0.00 0
37147 0.00 0.00 0.00 0
37148 0.00 0.00 0.00 0
37149 0.00 0.00 0.00 0
37187 0.00 0.00 0.00 0
37188 0.00 0.00 0.00 0
37189 0.00 0.00 0.00 0
37190 0.00 0.00 0.00 0
37191 0.00 0.00 0.00 0
37192 0.00 0.00 0.00 0
37193 0.00 0.00 0.00 0
37194 0.00 0.00 0.00 0
37195 0.00 0.00 0.00 0
37196 0.00 0.00 0.00 0
37197 0.00 0.00 0.00 0
37198 0.00 0.00 0.00 0
37199 0.00 0.00 0.00 0
37200 0.00 0.00 0.00 0
37201 0.00 0.00 0.00 0
37212 0.00 0.00 0.00 0
37213 0.00 0.00 0.00 0
37214 0.00 0.00 0.00 0
37215 0.00 0.00 0.00 0
37216 0.00 0.00 0.00 0
37217 0.00 0.00 0.00 0
37218 0.00 0.00 0.00 0
37219 0.00 0.00 0.00 0
37220 0.00 0.00 0.00 0
37221 0.00 0.00 0.00 0
37222 0.00 0.00 0.00 0
37223 0.00 0.00 0.00 0
37224 0.00 0.00 0.00 0
37225 0.00 0.00 0.00 0
37226 0.00 0.00 0.00 0
37227 0.00 0.00 0.00 0
37228 0.00 0.00 0.00 0
37229 0.00 0.00 0.00 0
37230 0.00 0.00 0.00 0
37231 0.00 0.00 0.00 0
37232 0.00 0.00 0.00 0
37233 0.00 0.00 0.00 0
37234 0.00 0.00 0.00 0
37235 0.00 0.00 0.00 0
37236 0.00 0.00 0.00 0
37237 0.00 0.00 0.00 0
37238 0.00 0.00 0.00 0
37239 0.00 0.00 0.00 0
37240 0.00 0.00 0.00 0
37241 0.00 0.00 0.00 0
37242 0.00 0.00 0.00 0
37243 0.00 0.00 0.00 0
37244 0.00 0.00 0.00 0
37245 0.00 0.00 0.00 0
37246 0.00 0.00 0.00 0
37247 0.00 0.00 0.00 0
37248 0.00 0.00 0.00 0
37249 0.00 0.00 0.00 0
37431 0.00 0.00 0.00 0
41050 0.00 0.00 0.00 0
41051 0.00 0.00 0.00 0
41052 0.00 0.00 0.00 0
41053 0.00 0.00 0.00 0
41054 0.00 0.00 0.00 0
41411 0.00 0.00 0.00 0
41412 0.00 0.00 0.00 0
41413 0.00 0.00 0.00 0
41414 0.00 0.00 0.00 0
41415 0.00 0.00 0.00 0
41416 0.00 0.00 0.00 0
42033 0.00 0.00 0.00 0
42034 0.00 0.00 0.00 0
42035 0.00 0.00 0.00 0
42036 0.00 0.00 0.00 0
42037 0.00 0.00 0.00 0
42038 0.00 0.00 0.00 0
42039 0.00 0.00 0.00 0
42040 0.00 0.00 0.00 0
42041 0.00 0.00 0.00 0
42042 0.00 0.00 0.00 0
42043 0.00 0.00 0.00 0
42044 0.00 0.00 0.00 0
43114 0.00 0.00 0.00 0
43115 0.00 0.00 0.00 0
43116 0.00 0.00 0.00 0
43117 0.00 0.00 0.00 0
43118 0.00 0.00 0.00 0
43119 0.00 0.00 0.00 0
43120 0.00 0.00 0.00 0
43121 0.00 0.00 0.00 0
43122 0.00 0.00 0.00 0
43123 0.00 0.00 0.00 0
43124 0.00 0.00 0.00 0
43125 0.00 0.00 0.00 0
43126 0.00 0.00 0.00 0
43127 0.00 0.00 0.00 0
43178 0.00 0.00 0.00 0
43179 0.00 0.00 0.00 0
43180 0.00 0.00 0.00 0
44430 0.00 0.00 0.00 0
44431 0.00 0.00 0.00 0
44432 0.00 0.00 0.00 0
44433 0.00 0.00 0.00 0
44434 0.00 0.00 0.00 0
44435 0.00 0.00 0.00 0
44436 0.00 0.00 0.00 0
44437 0.00 0.00 0.00 0
44438 0.00 0.00 0.00 0
44439 0.00 0.00 0.00 0
44440 0.00 0.00 0.00 0
44441 0.00 0.00 0.00 0
44442 0.00 0.00 0.00 0
44443 0.00 0.00 0.00 0
44444 0.00 0.00 0.00 0
45514 0.00 0.00 0.00 0
45515 0.00 0.00 0.00 0
45516 0.00 0.00 0.00 0
45517 0.00 0.00 0.00 0
45518 0.00 0.00 0.00 0
45519 0.00 0.00 0.00 0
45520 0.00 0.00 0.00 0
45521 0.00 0.00 0.00 0
45522 0.00 0.00 0.00 0
45523 0.00 0.00 0.00 0
45524 0.00 0.00 0.00 0
45525 0.00 0.00 0.00 0
45526 0.00 0.00 0.00 0
45527 0.00 0.00 0.00 0
45528 0.00 0.00 0.00 0
45529 0.00 0.00 0.00 0
45530 0.00 0.00 0.00 0
45578 0.00 0.00 0.00 0
45579 0.00 0.00 0.00 0
47373 0.00 0.00 0.00 0
47374 0.00 0.00 0.00 0
47375 0.00 0.00 0.00 0
47376 0.00 0.00 0.00 0
47377 0.00 0.00 0.00 0
47378 0.00 0.00 0.00 0
47379 0.00 0.00 0.00 0
47380 0.00 0.00 0.00 0
47381 0.00 0.00 0.00 0
47382 0.00 0.00 0.00 0
47383 0.00 0.00 0.00 0
47384 0.00 0.00 0.00 0
47385 0.00 0.00 0.00 0
47386 0.00 0.00 0.00 0
47387 0.00 0.00 0.00 0
47388 0.00 0.00 0.00 0
47389 0.00 0.00 0.00 0
47390 0.00 0.00 0.00 0
47392 0.00 0.00 0.00 0
47394 0.00 0.00 0.00 0
47395 0.00 0.00 0.00 0
47396 0.00 0.00 0.00 0
47397 0.00 0.00 0.00 0
47399 0.00 0.00 0.00 0
47400 0.00 0.00 0.00 0
47401 0.00 0.00 0.00 0
47402 0.00 0.00 0.00 0
47403 0.00 0.00 0.00 0
47404 0.00 0.00 0.00 0
48763 0.00 0.00 0.00 0
50583 0.00 0.00 0.00 0
50585 0.00 0.00 0.00 0
50586 0.00 0.00 0.00 0
50587 0.00 0.00 0.00 0
50618 0.00 0.00 0.00 0
50619 0.00 0.00 0.00 0
50620 0.00 0.00 0.00 0
50621 0.00 0.00 0.00 0
50622 0.00 0.00 0.00 0
50623 0.00 0.00 0.00 0
50624 0.00 0.00 0.00 0
50625 0.00 0.00 0.00 0
50626 0.00 0.00 0.00 0
50627 0.00 0.00 0.00 0
50628 0.00 0.00 0.00 0
50629 0.00 0.00 0.00 0
50630 0.00 0.00 0.00 0
50631 0.00 0.00 0.00 0
50632 0.00 0.00 0.00 0
50633 0.00 0.00 0.00 0
50635 0.00 0.00 0.00 0
50636 0.00 0.00 0.00 0
50637 0.00 0.00 0.00 0
50638 0.00 0.00 0.00 0
50639 0.00 0.00 0.00 0
50640 0.00 0.00 0.00 0
50641 0.00 0.00 0.00 0
50642 0.00 0.00 0.00 0
50643 0.00 0.00 0.00 0
50644 0.00 0.00 0.00 0
50645 0.00 0.00 0.00 0
50646 0.00 0.00 0.00 0
50647 0.00 0.00 0.00 0
50648 0.00 0.00 0.00 0
50649 0.00 0.00 0.00 0
50650 0.00 0.00 0.00 0
50651 0.00 0.00 0.00 0
50652 0.00 0.00 0.00 0
50653 0.00 0.00 0.00 0
50654 0.00 0.00 0.00 0
50655 0.00 0.00 0.00 0
50656 0.00 0.00 0.00 0
50657 0.00 0.00 0.00 0
50658 0.00 0.00 0.00 0
50659 0.00 0.00 0.00 0
50660 0.00 0.00 0.00 0
50661 0.00 0.00 0.00 0
50662 0.00 0.00 0.00 0
50663 0.00 0.00 0.00 0
50664 0.00 0.00 0.00 0
50665 0.00 0.00 0.00 0
54030 0.00 0.00 0.00 0
54031 0.00 0.00 0.00 0
54032 0.00 0.00 0.00 0
54033 0.00 0.00 0.00 0
54034 0.00 0.00 0.00 0
54035 0.00 0.00 0.00 0
54036 0.00 0.00 0.00 0
54037 0.00 0.00 0.00 0
54038 0.00 0.00 0.00 0
54039 0.00 0.00 0.00 0
54040 0.00 0.00 0.00 0
54041 0.00 0.00 0.00 0
54042 0.00 0.00 0.00 0
54043 0.00 0.00 0.00 0
54044 0.00 0.00 0.00 0
55112 0.00 0.00 0.00 0
55113 0.00 0.00 0.00 0
55114 0.00 0.00 0.00 0
55115 0.00 0.00 0.00 0
55116 0.00 0.00 0.00 0
55117 0.00 0.00 0.00 0
55118 0.00 0.00 0.00 0
55119 0.00 0.00 0.00 0
55120 0.00 0.00 0.00 0
55121 0.00 0.00 0.00 0
55122 0.00 0.00 0.00 0
55123 0.00 0.00 0.00 0
55124 0.00 0.00 0.00 0
55125 0.00 0.00 0.00 0
55126 0.00 0.00 0.00 0
55127 0.00 0.00 0.00 0
55128 0.00 0.00 0.00 0
55129 0.00 0.00 0.00 0
55130 0.00 0.00 0.00 0
55131 0.00 0.00 0.00 0
55132 0.00 0.00 0.00 0
56973 0.00 0.00 0.00 0
56974 0.00 0.00 0.00 0
56975 0.00 0.00 0.00 0
56976 0.00 0.00 0.00 0
56977 0.00 0.00 0.00 0
56978 0.00 0.00 0.00 0
56979 0.00 0.00 0.00 0
56980 0.00 0.00 0.00 0
56981 0.00 0.00 0.00 0
56982 0.00 0.00 0.00 0
56983 0.00 0.00 0.00 0
56984 0.00 0.00 0.00 0
56985 0.00 0.00 0.00 0
56986 0.00 0.00 0.00 0
56987 0.00 0.00 0.00 0
56988 0.00 0.00 0.00 0
56989 0.00 0.00 0.00 0
56990 0.00 0.00 0.00 0
56991 0.00 0.00 0.00 0
56992 0.00 0.00 0.00 0
56993 0.00 0.00 0.00 0
56994 0.00 0.00 0.00 0
56995 0.00 0.00 0.00 0
56996 0.00 0.00 0.00 0
56997 0.00 0.00 0.00 0
56998 0.00 0.00 0.00 0
56999 0.00 0.00 0.00 0
57000 0.00 0.00 0.00 0
57001 0.00 0.00 0.00 0
57002 0.00 0.00 0.00 0
57003 0.00 0.00 0.00 0
57004 0.00 0.00 0.00 0
57005 0.00 0.00 0.00 0
57006 0.00 0.00 0.00 0
57007 0.00 0.00 0.00 0
57008 0.00 0.00 0.00 0
57009 0.00 0.00 0.00 0
57010 0.00 0.00 0.00 0
57011 0.00 0.00 0.00 0
60183 0.00 0.00 0.00 0
60187 0.00 0.00 0.00 0
60208 0.00 0.00 0.00 0
60209 0.00 0.00 0.00 0
60210 0.00 0.00 0.00 0
60219 0.00 0.00 0.00 0
60220 0.00 0.00 0.00 0
60221 0.00 0.00 0.00 0
60222 0.00 0.00 0.00 0
60223 0.00 0.00 0.00 0
60224 0.00 0.00 0.00 0
60225 0.00 0.00 0.00 0
60226 0.00 0.00 0.00 0
60227 0.00 0.00 0.00 0
60228 0.00 0.00 0.00 0
60229 0.00 0.00 0.00 0
60230 0.00 0.00 0.00 0
60231 0.00 0.00 0.00 0
60232 0.00 0.00 0.00 0
60233 0.00 0.00 0.00 0
60234 0.00 0.00 0.00 0
60235 0.00 0.00 0.00 0
60236 0.00 0.00 0.00 0
60237 0.00 0.00 0.00 0
60238 0.00 0.00 0.00 0
60239 0.00 0.00 0.00 0
60240 0.00 0.00 0.00 0
60241 0.00 0.00 0.00 0
60242 0.00 0.00 0.00 0
60243 0.00 0.00 0.00 0
60244 0.00 0.00 0.00 0
60245 0.00 0.00 0.00 0
60246 0.00 0.00 0.00 0
60247 0.00 0.00 0.00 0
60248 0.00 0.00 0.00 0
60249 0.00 0.00 0.00 0
60250 0.00 0.00 0.00 0
60251 0.00 0.00 0.00 0
60252 0.00 0.00 0.00 0
60253 0.00 0.00 0.00 0
60254 0.00 0.00 0.00 0
60255 0.00 0.00 0.00 0
60256 0.00 0.00 0.00 0
60257 0.00 0.00 0.00 0
60258 0.00 0.00 0.00 0
60259 0.00 0.00 0.00 0
60260 0.00 0.00 0.00 0
60261 0.00 0.00 0.00 0
60262 0.00 0.00 0.00 0
60264 0.00 0.00 0.00 0
60413 0.00 0.00 0.00 0
64171 0.00 0.00 0.00 0
64172 0.00 0.00 0.00 0
64173 0.00 0.00 0.00 0
64174 0.00 0.00 0.00 0
64175 0.00 0.00 0.00 0
64176 0.00 0.00 0.00 0
64177 0.00 0.00 0.00 0
64178 0.00 0.00 0.00 0
64179 0.00 0.00 0.00 0
64180 0.00 0.00 0.00 0
64181 0.00 0.00 0.00 0
64182 0.00 0.00 0.00 0
64183 0.00 0.00 0.00 0
64184 0.00 0.00 0.00 0
64185 0.00 0.00 0.00 0
64186 0.00 0.00 0.00 0
64187 0.00 0.00 0.00 0
64188 0.00 0.00 0.00 0
64189 0.00 0.00 0.00 0
64190 0.00 0.00 0.00 0
64191 0.00 0.00 0.00 0
64192 0.00 0.00 0.00 0
64193 0.00 0.00 0.00 0
64194 0.00 0.00 0.00 0
64195 0.00 0.00 0.00 0
64196 0.00 0.00 0.00 0
64197 0.00 0.00 0.00 0
64198 0.00 0.00 0.00 0
64199 0.00 0.00 0.00 0
64200 0.00 0.00 0.00 0
64201 0.00 0.00 0.00 0
64202 0.00 0.00 0.00 0
64203 0.00 0.00 0.00 0
64204 0.00 0.00 0.00 0
64205 0.00 0.00 0.00 0
64206 0.00 0.00 0.00 0
64207 0.00 0.00 0.00 0
64208 0.00 0.00 0.00 0
64209 0.00 0.00 0.00 0
64210 0.00 0.00 0.00 0
64211 0.00 0.00 0.00 0
64212 0.00 0.00 0.00 0
64213 0.00 0.00 0.00 0
64214 0.00 0.00 0.00 0
67414 0.00 0.00 0.00 0
67415 0.00 0.00 0.00 0
67416 0.00 0.00 0.00 0
67417 0.00 0.00 0.00 0
67418 0.00 0.00 0.00 0
67419 0.00 0.00 0.00 0
67420 0.00 0.00 0.00 0
67421 0.00 0.00 0.00 0
67422 0.00 0.00 0.00 0
67423 0.00 0.00 0.00 0
67424 0.00 0.00 0.00 0
67425 0.00 0.00 0.00 0
67426 0.00 0.00 0.00 0
67427 0.00 0.00 0.00 0
67428 0.00 0.00 0.00 0
67429 0.00 0.00 0.00 0
67430 0.00 0.00 0.00 0
67431 0.00 0.00 0.00 0
67432 0.00 0.00 0.00 0
67433 0.00 0.00 0.00 0
67434 0.00 0.00 0.00 0
67435 0.00 0.00 0.00 0
67436 0.00 0.00 0.00 0
67437 0.00 0.00 0.00 0
67438 0.00 0.00 0.00 0
67439 0.00 0.00 0.00 0
67440 0.00 0.00 0.00 0
67441 0.00 0.00 0.00 0
67442 0.00 0.00 0.00 0
67443 0.00 0.00 0.00 0
67444 0.00 0.00 0.00 0
67445 0.00 0.00 0.00 0
67446 0.00 0.00 0.00 0
67447 0.00 0.00 0.00 0
67448 0.00 0.00 0.00 0
67449 0.00 0.00 0.00 0
67450 0.00 0.00 0.00 0
67451 0.00 0.00 0.00 0
67452 0.00 0.00 0.00 0
67453 0.00 0.00 0.00 0
67454 0.00 0.00 0.00 0
67455 0.00 0.00 0.00 0
67456 0.00 0.00 0.00 0
67457 0.00 0.00 0.00 0
67458 0.00 0.00 0.00 0
67459 0.00 0.00 0.00 0
67460 0.00 0.00 0.00 0
67461 0.00 0.00 0.00 0
67462 0.00 0.00 0.00 0
67463 0.00 0.00 0.00 0
67464 0.00 0.00 0.00 0
67465 0.00 0.00 0.00 0
67466 0.00 0.00 0.00 0
67467 0.00 0.00 0.00 0
67468 0.00 0.00 0.00 0
67469 0.00 0.00 0.00 0
67470 0.00 0.00 0.00 0
67471 0.00 0.00 0.00 0
67472 0.00 0.00 0.00 0
67613 0.00 0.00 0.00 0
67614 0.00 0.00 0.00 0
67615 0.00 0.00 0.00 0
72998 0.00 0.00 0.00 0
73000 0.00 0.00 0.00 0
73005 0.00 0.00 0.00 0
73006 0.00 0.00 0.00 0
73007 0.00 0.00 0.00 0
73008 0.00 0.00 0.00 0
73009 0.00 0.00 0.00 0
73010 0.00 0.00 0.00 0
73011 0.00 0.00 0.00 0
73012 0.00 0.00 0.00 0
73013 0.00 0.00 0.00 0
73014 0.00 0.00 0.00 0
73015 0.00 0.00 0.00 0
73016 0.00 0.00 0.00 0
73017 0.00 0.00 0.00 0
73018 0.00 0.00 0.00 0
73019 0.00 0.00 0.00 0
73020 0.00 0.00 0.00 0
73021 0.00 0.00 0.00 0
73022 0.00 0.00 0.00 0
73023 0.00 0.00 0.00 0
73024 0.00 0.00 0.00 0
73025 0.00 0.00 0.00 0
73026 0.00 0.00 0.00 0
73027 0.00 0.00 0.00 0
73028 0.00 0.00 0.00 0
73029 0.00 0.00 0.00 0
73030 0.00 0.00 0.00 0
73031 0.00 0.00 0.00 0
73032 0.00 0.00 0.00 0
73033 0.00 0.00 0.00 0
73034 0.00 0.00 0.00 0
73035 0.00 0.00 0.00 0
73036 0.00 0.00 0.00 0
73037 0.00 0.00 0.00 0
73038 0.00 0.00 0.00 0
73039 0.00 0.00 0.00 0
73040 0.00 0.00 0.00 0
73041 0.00 0.00 0.00 0
73042 0.00 0.00 0.00 0
73043 0.00 0.00 0.00 0
73044 0.00 0.00 0.00 0
73045 0.00 0.00 0.00 0
73046 0.00 0.00 0.00 0
73047 0.00 0.00 0.00 0
73048 0.00 0.00 0.00 0
73049 0.00 0.00 0.00 0
73050 0.00 0.00 0.00 0
73065 0.00 0.00 0.00 0
73066 0.00 0.00 0.00 0
73067 0.00 0.00 0.00 0
73080 0.00 0.00 0.00 0
73081 0.00 0.00 0.00 0
73082 0.00 0.00 0.00 0
73083 0.00 0.00 0.00 0
73084 0.00 0.00 0.00 0
73085 0.00 0.00 0.00 0
73086 0.00 0.00 0.00 0
73087 0.00 0.00 0.00 0
73088 0.00 0.00 0.00 0
73089 0.00 0.00 0.00 0
73090 0.00 0.00 0.00 0
73091 0.00 0.00 0.00 0
73092 0.00 0.00 0.00 0
73093 0.00 0.00 0.00 0
73094 0.00 0.00 0.00 0
73095 0.00 0.00 0.00 0
73097 0.00 0.00 0.00 0
77168 0.00 0.00 0.00 0
77169 0.00 0.00 0.00 0
77170 0.00 0.00 0.00 0
77171 0.00 0.00 0.00 0
77172 0.00 0.00 0.00 0
77173 0.00 0.00 0.00 0
77174 0.00 0.00 0.00 0
82638 0.00 0.00 0.00 0
82639 0.00 0.00 0.00 0
82640 0.00 0.00 0.00 0
82641 0.00 0.00 0.00 0
82642 0.00 0.00 0.00 0
82733 0.00 0.00 0.00 0
82737 0.00 0.00 0.00 0
82738 0.00 0.00 0.00 0
82739 0.00 0.00 0.00 0
82740 0.00 0.00 0.00 0
82741 0.00 0.00 0.00 0
82742 0.00 0.00 0.00 0
82743 0.00 0.00 0.00 0
82744 0.00 0.00 0.00 0
82745 0.00 0.00 0.00 0
82746 0.00 0.00 0.00 0
82747 0.00 0.00 0.00 0
82748 0.00 0.00 0.00 0
82749 0.00 0.00 0.00 0
82750 0.00 0.00 0.00 0
82751 0.00 0.00 0.00 0
82752 0.00 0.00 0.00 0
82753 0.00 0.00 0.00 0
82754 0.00 0.00 0.00 0
82755 0.00 0.00 0.00 0
82756 0.00 0.00 0.00 0
82757 0.00 0.00 0.00 0
82758 0.00 0.00 0.00 0
82759 0.00 0.00 0.00 0
82760 0.00 0.00 0.00 0
82761 0.00 0.00 0.00 0
82762 0.00 0.00 0.00 0
82763 0.00 0.00 0.00 0
82764 0.00 0.00 0.00 0
82765 0.00 0.00 0.00 0
82766 0.00 0.00 0.00 0
82767 0.00 0.00 0.00 0
82768 0.00 0.00 0.00 0
82769 0.00 0.00 0.00 0
82770 0.00 0.00 0.00 0
82771 0.00 0.00 0.00 0
82772 0.00 0.00 0.00 0
82773 0.00 0.00 0.00 0
82786 0.00 0.00 0.00 0
82787 0.00 0.00 0.00 0
82788 0.00 0.00 0.00 0
82796 0.00 0.00 0.00 0
82798 0.00 0.00 0.00 0
82799 0.00 0.00 0.00 0
82800 0.00 0.00 0.00 0
82801 0.00 0.00 0.00 0
82802 0.00 0.00 0.00 0
82803 0.00 0.00 0.00 0
82804 0.00 0.00 0.00 0
82805 0.00 0.00 0.00 0
82806 0.00 0.00 0.00 0
82807 0.00 0.00 0.00 0
82808 0.00 0.00 0.00 0
82809 0.00 0.00 0.00 0
82810 0.00 0.00 0.00 0
82811 0.00 0.00 0.00 0
82812 0.00 0.00 0.00 0
82813 0.00 0.00 0.00 0
82814 0.00 0.00 0.00 0
82815 0.00 0.00 0.00 0
82816 0.00 0.00 0.00 0
82817 0.00 0.00 0.00 0
82818 0.00 0.00 0.00 0
82819 0.00 0.00 0.00 0
82820 0.00 0.00 0.00 0
82821 0.00 0.00 0.00 0
82822 0.00 0.00 0.00 0
82823 0.00 0.00 0.00 0
82824 0.00 0.00 0.00 0
82825 0.00 0.00 0.00 0
82826 0.00 0.00 0.00 0
82827 0.00 0.00 0.00 0
82828 0.00 0.00 0.00 0
82829 0.00 0.00 0.00 0
82830 0.00 0.00 0.00 0
82831 0.00 0.00 0.00 0
82832 0.00 0.00 0.00 0
82833 0.00 0.00 0.00 0
82834 0.00 0.00 0.00 0
82835 0.00 0.00 0.00 0
82836 0.00 0.00 0.00 0
82837 0.00 0.00 0.00 0
82838 0.00 0.00 0.00 0
82839 0.00 0.00 0.00 0
82840 0.00 0.00 0.00 0
82841 0.00 0.00 0.00 0
82842 0.00 0.00 0.00 0
82843 0.00 0.00 0.00 0
82844 0.00 0.00 0.00 0
82845 0.00 0.00 0.00 0
82846 0.00 0.00 0.00 0
82847 0.00 0.00 0.00 0
82848 0.00 0.00 0.00 0
82849 0.00 0.00 0.00 0
82850 0.00 0.00 0.00 0
82851 0.00 0.00 0.00 0
82852 0.00 0.00 0.00 0
82853 0.00 0.00 0.00 0
82854 0.00 0.00 0.00 0
82855 0.00 0.00 0.00 0
82856 0.00 0.00 0.00 0
82857 0.00 0.00 0.00 0
82858 0.00 0.00 0.00 0
82859 0.00 0.00 0.00 0
82860 0.00 0.00 0.00 0
82861 0.00 0.00 0.00 0
82862 0.00 0.00 0.00 0
82863 0.00 0.00 0.00 0
82864 0.00 0.00 0.00 0
82865 0.00 0.00 0.00 0
82866 0.00 0.00 0.00 0
82867 0.00 0.00 0.00 0
82868 0.00 0.00 0.00 0
82869 0.00 0.00 0.00 0
82870 0.00 0.00 0.00 0
82871 0.00 0.00 0.00 0
82872 0.00 0.00 0.00 0
82873 0.00 0.00 0.00 0
82874 0.00 0.00 0.00 0
82875 0.00 0.00 0.00 0
82876 0.00 0.00 0.00 0
82877 0.00 0.00 0.00 0
82878 0.00 0.00 0.00 0
82879 0.00 0.00 0.00 0
82880 0.00 0.00 0.00 0
82881 0.00 0.00 0.00 0
82882 0.00 0.00 0.00 0
82883 0.00 0.00 0.00 0
82884 0.00 0.00 0.00 0
82885 0.00 0.00 0.00 0
82886 0.00 0.00 0.00 0
82887 0.00 0.00 0.00 0
82888 0.00 0.00 0.00 0
82889 0.00 0.00 0.00 0
82890 0.00 0.00 0.00 0
82891 0.00 0.00 0.00 0
82892 0.00 0.00 0.00 0
83341 0.00 0.00 0.00 0
83342 0.00 0.00 0.00 0
83343 0.00 0.00 0.00 0
92322 0.00 0.00 0.00 0
92323 0.00 0.00 0.00 0
92324 0.00 0.00 0.00 0
92325 0.00 0.00 0.00 0
92326 0.00 0.00 0.00 0
92327 0.00 0.00 0.00 0
92328 0.00 0.00 0.00 0
92329 0.00 0.00 0.00 0
92330 0.00 0.00 0.00 0
92972 0.00 0.00 0.00 0
92973 0.00 0.00 0.00 0
92974 0.00 0.00 0.00 0
92975 0.00 0.00 0.00 0
92976 0.00 0.00 0.00 0
92977 0.00 0.00 0.00 0
92978 0.00 0.00 0.00 0
92979 0.00 0.00 0.00 0
92980 0.00 0.00 0.00 0
92981 0.00 0.00 0.00 0
92982 0.00 0.00 0.00 0
94089 0.00 0.00 0.00 0
94090 0.00 0.00 0.00 0
94091 0.00 0.00 0.00 0
94092 0.00 0.00 0.00 0
94093 0.00 0.00 0.00 0
94094 0.00 0.00 0.00 0
94095 0.00 0.00 0.00 0
94096 0.00 0.00 0.00 0
94097 0.00 0.00 0.00 0
94098 0.00 0.00 0.00 0
94099 0.00 0.00 0.00 0
94100 0.00 0.00 0.00 0
94101 0.00 0.00 0.00 0
94102 0.00 0.00 0.00 0
94103 0.00 0.00 0.00 0
94104 0.00 0.00 0.00 0
94105 0.00 0.00 0.00 0
94106 0.00 0.00 0.00 0
94107 0.00 0.00 0.00 0
94108 0.00 0.00 0.00 0
94109 0.00 0.00 0.00 0
94110 0.00 0.00 0.00 0
94111 0.00 0.00 0.00 0
94112 0.00 0.00 0.00 0
96015 0.00 0.00 0.00 0
96016 0.00 0.00 0.00 0
96030 0.00 0.00 0.00 0
96036 0.00 0.00 0.00 0
96037 0.00 0.00 0.00 0
96038 0.00 0.00 0.00 0
96039 0.00 0.00 0.00 0
96040 0.00 0.00 0.00 0
96041 0.00 0.00 0.00 0
96042 0.00 0.00 0.00 0
96043 0.00 0.00 0.00 0
96044 0.00 0.00 0.00 0
96045 0.00 0.00 0.00 0
96046 0.00 0.00 0.00 0
96047 0.00 0.00 0.00 0
96048 0.00 0.00 0.00 0
96049 0.00 0.00 0.00 0
96050 0.00 0.00 0.00 0
96051 0.00 0.00 0.00 0
96052 0.00 0.00 0.00 0
96053 0.00 0.00 0.00 0
96054 0.00 0.00 0.00 0
96055 0.00 0.00 0.00 0
96056 0.00 0.00 0.00 0
96057 0.00 0.00 0.00 0
96058 0.00 0.00 0.00 0
96059 0.00 0.00 0.00 0
96060 0.00 0.00 0.00 0
96061 0.00 0.00 0.00 0
96152 0.00 0.00 0.00 0
96153 0.00 0.00 0.00 0
96154 0.00 0.00 0.00 0
96155 0.00 0.00 0.00 0
96156 0.00 0.00 0.00 0
98407 0.00 0.00 0.00 0
98408 0.00 0.00 0.00 0
98409 0.00 0.00 0.00 0
98410 0.00 0.00 0.00 0
98411 0.00 0.00 0.00 0
98412 0.00 0.00 0.00 0
98413 0.00 0.00 0.00 0
98414 0.00 0.00 0.00 0
98415 0.00 0.00 0.00 0
98416 0.00 0.00 0.00 0
98417 0.00 0.00 0.00 0
98418 0.00 0.00 0.00 0
98419 0.00 0.00 0.00 0
98420 0.00 0.00 0.00 0
98421 0.00 0.00 0.00 0
98422 0.00 0.00 0.00 0
98423 0.00 0.00 0.00 0
98424 0.00 0.00 0.00 0
98425 0.00 0.00 0.00 0
98426 0.00 0.00 0.00 0
98427 0.00 0.00 0.00 0
98428 0.00 0.00 0.00 0
98429 0.00 0.00 0.00 0
98430 0.00 0.00 0.00 0
98431 0.00 0.00 0.00 0
98432 0.00 0.00 0.00 0
100355 0.00 0.00 0.00 0
100356 0.00 0.00 0.00 0
100357 0.00 0.00 0.00 0
100358 0.00 0.00 0.00 0
100359 0.00 0.00 0.00 0
100360 0.00 0.00 0.00 0
100361 0.00 0.00 0.00 0
100362 0.00 0.00 0.00 0
100363 0.00 0.00 0.00 0
100364 0.00 0.00 0.00 0
100365 0.00 0.00 0.00 0
100366 0.00 0.00 0.00 0
100367 0.00 0.00 0.00 0
100368 0.00 0.00 0.00 0
100369 0.00 0.00 0.00 0
100370 0.00 0.00 0.00 0
100371 0.00 0.00 0.00 0
100372 0.00 0.00 0.00 0
100373 0.00 0.00 0.00 0
100374 0.00 0.00 0.00 0
100375 0.00 0.00 0.00 0
100376 0.00 0.00 0.00 0
100377 0.00 0.00 0.00 0
100378 0.00 0.00 0.00 0
100379 0.00 0.00 0.00 0
100380 0.00 0.00 0.00 0
100381 0.00 0.00 0.00 0
100382 0.00 0.00 0.00 0
100383 0.00 0.00 0.00 0
100384 0.00 0.00 0.00 0
100385 0.00 0.00 0.00 0
100386 0.00 0.00 0.00 0
100387 0.00 0.00 0.00 0
100472 0.00 0.00 0.00 0
100473 0.00 0.00 0.00 0
100474 0.00 0.00 0.00 0
100475 0.00 0.00 0.00 0
103703 0.00 0.00 0.00 0
103704 0.00 0.00 0.00 0
103705 0.00 0.00 0.00 0
103706 0.00 0.00 0.00 0
103707 0.00 0.00 0.00 0
103708 0.00 0.00 0.00 0
103709 0.00 0.00 0.00 0
103710 0.00 0.00 0.00 0
103711 0.00 0.00 0.00 0
103712 0.00 0.00 0.00 0
103713 0.00 0.00 0.00 0
103714 0.00 0.00 0.00 0
103715 0.00 0.00 0.00 0
103716 0.00 0.00 0.00 0
103717 0.00 0.00 0.00 0
103718 0.00 0.00 0.00 0
103719 0.00 0.00 0.00 0
103720 0.00 0.00 0.00 0
103721 0.00 0.00 0.00 0
103722 0.00 0.00 0.00 0
103723 0.00 0.00 0.00 0
103724 0.00 0.00 0.00 0
103725 0.00 0.00 0.00 0
103726 0.00 0.00 0.00 0
103727 0.00 0.00 0.00 0
103728 0.00 0.00 0.00 0
103729 0.00 0.00 0.00 0
103730 0.00 0.00 0.00 0
103731 0.00 0.00 0.00 0
103732 0.00 0.00 0.00 0
103733 0.00 0.00 0.00 0
103734 0.00 0.00 0.00 0
103743 0.00 0.00 0.00 0
103744 0.00 0.00 0.00 0
103745 0.00 0.00 0.00 0
103752 0.00 0.00 0.00 0
103753 0.00 0.00 0.00 0
103754 0.00 0.00 0.00 0
103755 0.00 0.00 0.00 0
103756 0.00 0.00 0.00 0
103757 0.00 0.00 0.00 0
103758 0.00 0.00 0.00 0
103759 0.00 0.00 0.00 0
103760 0.00 0.00 0.00 0
103761 0.00 0.00 0.00 0
103762 0.00 0.00 0.00 0
103763 0.00 0.00 0.00 0
106204 0.00 0.00 0.00 0
106205 0.00 0.00 0.00 0
106206 0.00 0.00 0.00 0
106207 0.00 0.00 0.00 0
106208 0.00 0.00 0.00 0
109488 0.00 0.00 0.00 0
109489 0.00 0.00 0.00 0
109544 0.00 0.00 0.00 0
109545 0.00 0.00 0.00 0
109546 0.00 0.00 0.00 0
109547 0.00 0.00 0.00 0
109548 0.00 0.00 0.00 0
109549 0.00 0.00 0.00 0
109550 0.00 0.00 0.00 0
109551 0.00 0.00 0.00 0
109552 0.00 0.00 0.00 0
109553 0.00 0.00 0.00 0
109554 0.00 0.00 0.00 0
109555 0.00 0.00 0.00 0
109556 0.00 0.00 0.00 0
109557 0.00 0.00 0.00 0
109558 0.00 0.00 0.00 0
109559 0.00 0.00 0.00 0
109560 0.00 0.00 0.00 0
109561 0.00 0.00 0.00 0
109562 0.00 0.00 0.00 0
109563 0.00 0.00 0.00 0
109564 0.00 0.00 0.00 0
109565 0.00 0.00 0.00 0
109566 0.00 0.00 0.00 0
109567 0.00 0.00 0.00 0
109568 0.00 0.00 0.00 0
109569 0.00 0.00 0.00 0
109576 0.00 0.00 0.00 0
109577 0.00 0.00 0.00 0
109578 0.00 0.00 0.00 0
109579 0.00 0.00 0.00 0
109580 0.00 0.00 0.00 0
109582 0.00 0.00 0.00 0
109583 0.00 0.00 0.00 0
109584 0.00 0.00 0.00 0
109585 0.00 0.00 0.00 0
109586 0.00 0.00 0.00 0
109587 0.00 0.00 0.00 0
109588 0.00 0.00 0.00 0
109589 0.00 0.00 0.00 0
109590 0.00 0.00 0.00 0
109591 0.00 0.00 0.00 0
109592 0.00 0.00 0.00 0
109593 0.00 0.00 0.00 0
109594 0.00 0.00 0.00 0
109595 0.00 0.00 0.00 0
109596 0.00 0.00 0.00 0
109597 0.00 0.00 0.00 0
109598 0.00 0.00 0.00 0
109599 0.00 0.00 0.00 0
109600 0.00 0.00 0.00 0
109601 0.00 0.00 0.00 0
109602 0.00 0.00 0.00 0
109603 0.00 0.00 0.00 0
109604 0.00 0.00 0.00 0
109605 0.00 0.00 0.00 0
109606 0.00 0.00 0.00 0
109607 0.00 0.00 0.00 0
109608 0.00 0.00 0.00 0
109609 0.00 0.00 0.00 0
109610 0.00 0.00 0.00 0
109611 0.00 0.00 0.00 0
109612 0.00 0.00 0.00 0
109613 0.00 0.00 0.00 0
109614 0.00 0.00 0.00 0
109615 0.00 0.00 0.00 0
109616 0.00 0.00 0.00 0
109617 0.00 0.00 0.00 0
109618 0.00 0.00 0.00 0
109619 0.00 0.00 0.00 0
109620 0.00 0.00 0.00 0
109621 0.00 0.00 0.00 0
109622 0.00 0.00 0.00 0
109623 0.00 0.00 0.00 0
109624 0.00 0.00 0.00 0
109625 0.00 0.00 0.00 0
109626 0.00 0.00 0.00 0
109627 0.00 0.00 0.00 0
109628 0.00 0.00 0.00 0
109629 0.00 0.00 0.00 0
109631 0.00 0.00 0.00 0
109632 0.00 0.00 0.00 0
109633 0.00 0.00 0.00 0
109634 0.00 0.00 0.00 0
109635 0.00 0.00 0.00 0
109636 0.00 0.00 0.00 0
109637 0.00 0.00 0.00 0
109638 0.00 0.00 0.00 0
109639 0.00 0.00 0.00 0
115578 0.00 0.00 0.00 0
115579 0.00 0.00 0.00 0
115580 0.00 0.00 0.00 0
115581 0.00 0.00 0.00 0
115582 0.00 0.00 0.00 0
115583 0.00 0.00 0.00 0
115584 0.00 0.00 0.00 0
115585 0.00 0.00 0.00 0
115586 0.00 0.00 0.00 0
115587 0.00 0.00 0.00 0
115588 0.00 0.00 0.00 0
115589 0.00 0.00 0.00 0
115590 0.00 0.00 0.00 0
115591 0.00 0.00 0.00 0
115592 0.00 0.00 0.00 0
115593 0.00 0.00 0.00 0
115594 0.00 0.00 0.00 0
115595 0.00 0.00 0.00 0
115596 0.00 0.00 0.00 0
115597 0.00 0.00 0.00 0
115598 0.00 0.00 0.00 0
117093 0.00 0.00 0.00 0
117094 0.00 0.00 0.00 0
117095 0.00 0.00 0.00 0
117096 0.00 0.00 0.00 0
117097 0.00 0.00 0.00 0
117098 0.00 0.00 0.00 0
117099 0.00 0.00 0.00 0
117100 0.00 0.00 0.00 0
117101 0.00 0.00 0.00 0
117102 0.00 0.00 0.00 0
117103 0.00 0.00 0.00 0
117104 0.00 0.00 0.00 0
117105 0.00 0.00 0.00 0
117106 0.00 0.00 0.00 0
117107 0.00 0.00 0.00 0
117108 0.00 0.00 0.00 0
117109 0.00 0.00 0.00 0
117110 0.00 0.00 0.00 0
117111 0.00 0.00 0.00 0
117112 0.00 0.00 0.00 0
117113 0.00 0.00 0.00 0
117114 0.00 0.00 0.00 0
117115 0.00 0.00 0.00 0
117116 0.00 0.00 0.00 0
117117 0.00 0.00 0.00 0
117118 0.00 0.00 0.00 0
117119 0.00 0.00 0.00 0
117120 0.00 0.00 0.00 0
117121 0.00 0.00 0.00 0
119698 0.00 0.00 0.00 0
119700 0.00 0.00 0.00 0
119701 0.00 0.00 0.00 0
119702 0.00 0.00 0.00 0
119703 0.00 0.00 0.00 0
119704 0.00 0.00 0.00 0
119705 0.00 0.00 0.00 0
119706 0.00 0.00 0.00 0
119707 0.00 0.00 0.00 0
119708 0.00 0.00 0.00 0
119709 0.00 0.00 0.00 0
119710 0.00 0.00 0.00 0
119711 0.00 0.00 0.00 0
119712 0.00 0.00 0.00 0
119713 0.00 0.00 0.00 0
119714 0.00 0.00 0.00 0
119715 0.00 0.00 0.00 0
119716 0.00 0.00 0.00 0
119717 0.00 0.00 0.00 0
119718 0.00 0.00 0.00 0
119719 0.00 0.00 0.00 0
119720 0.00 0.00 0.00 0
119721 0.00 0.00 0.00 0
119722 0.00 0.00 0.00 0
119723 0.00 0.00 0.00 0
119724 0.00 0.00 0.00 0
119725 0.00 0.00 0.00 0
119726 0.00 0.00 0.00 0
119727 0.00 0.00 0.00 0
119728 0.00 0.00 0.00 0
119729 0.00 0.00 0.00 0
119730 0.00 0.00 0.00 0
119731 0.00 0.00 0.00 0
119732 0.00 0.00 0.00 0
119733 0.00 0.00 0.00 0
119734 0.00 0.00 0.00 0
119735 0.00 0.00 0.00 0
119736 0.00 0.00 0.00 0
119737 0.00 0.00 0.00 0
119738 0.00 0.00 0.00 0
119739 0.00 0.00 0.00 0
119740 0.00 0.00 0.00 0
119741 0.00 0.00 0.00 0
119742 0.00 0.00 0.00 0
119743 0.00 0.00 0.00 0
119744 0.00 0.00 0.00 0
119745 0.00 0.00 0.00 0
119746 0.00 0.00 0.00 0
119748 0.00 0.00 0.00 0
119749 0.00 0.00 0.00 0
119751 0.00 0.00 0.00 0
124197 0.00 0.00 0.00 0
124198 0.00 0.00 0.00 0
124230 0.00 0.00 0.00 0
124242 0.00 0.00 0.00 0
124243 0.00 0.00 0.00 0
124244 0.00 0.00 0.00 0
124245 0.00 0.00 0.00 0
124246 0.00 0.00 0.00 0
124247 0.00 0.00 0.00 0
124248 0.00 0.00 0.00 0
124249 0.00 0.00 0.00 0
124250 0.00 0.00 0.00 0
124251 0.00 0.00 0.00 0
124252 0.00 0.00 0.00 0
124253 0.00 0.00 0.00 0
124254 0.00 0.00 0.00 0
124255 0.00 0.00 0.00 0
124256 0.00 0.00 0.00 0
124257 0.00 0.00 0.00 0
124258 0.00 0.00 0.00 0
124259 0.00 0.00 0.00 0
124260 0.00 0.00 0.00 0
124261 0.00 0.00 0.00 0
124262 0.00 0.00 0.00 0
124263 0.00 0.00 0.00 0
124264 0.00 0.00 0.00 0
124265 0.00 0.00 0.00 0
124266 0.00 0.00 0.00 0
124267 0.00 0.00 0.00 0
124268 0.00 0.00 0.00 0
124269 0.00 0.00 0.00 0
124270 0.00 0.00 0.00 0
124271 0.00 0.00 0.00 0
124272 0.00 0.00 0.00 0
124273 0.00 0.00 0.00 0
124274 0.00 0.00 0.00 0
124275 0.00 0.00 0.00 0
124276 0.00 0.00 0.00 0
124277 0.00 0.00 0.00 0
124278 0.00 0.00 0.00 0
124279 0.00 0.00 0.00 0
124280 0.00 0.00 0.00 0
124281 0.00 0.00 0.00 0
124282 0.00 0.00 0.00 0
124283 0.00 0.00 0.00 0
124284 0.00 0.00 0.00 0
124285 0.00 0.00 0.00 0
124286 0.00 0.00 0.00 0
124287 0.00 0.00 0.00 0
124288 0.00 0.00 0.00 0
124289 0.00 0.00 0.00 0
124290 0.00 0.00 0.00 0
124291 0.00 0.00 0.00 0
124292 0.00 0.00 0.00 0
124293 0.00 0.00 0.00 0
124294 0.00 0.00 0.00 0
124295 0.00 0.00 0.00 0
124296 0.00 0.00 0.00 0
124297 0.00 0.00 0.00 0
124298 0.00 0.00 0.00 0
124299 0.00 0.00 0.00 0
124300 0.00 0.00 0.00 0
124301 0.00 0.00 0.00 0
124302 0.00 0.00 0.00 0
124303 0.00 0.00 0.00 0
124304 0.00 0.00 0.00 0
124305 0.00 0.00 0.00 0
124306 0.00 0.00 0.00 0
124307 0.00 0.00 0.00 0
129668 0.00 0.00 0.00 0
129669 0.00 0.00 0.00 0
129670 0.00 0.00 0.00 0
129671 0.00 0.00 0.00 0
129672 0.00 0.00 0.00 0
129673 0.00 0.00 0.00 0
129674 0.00 0.00 0.00 0
129675 0.00 0.00 0.00 0
129676 0.00 0.00 0.00 0
129677 0.00 0.00 0.00 0
129678 0.00 0.00 0.00 0
129679 0.00 0.00 0.00 0
129680 0.00 0.00 0.00 0
129681 0.00 0.00 0.00 0
129682 0.00 0.00 0.00 0
129683 0.00 0.00 0.00 0
129684 0.00 0.00 0.00 0
129685 0.00 0.00 0.00 0
129686 0.00 0.00 0.00 0
129687 0.00 0.00 0.00 0
129688 0.00 0.00 0.00 0
129689 0.00 0.00 0.00 0
129690 0.00 0.00 0.00 0
129691 0.00 0.00 0.00 0
129692 0.00 0.00 0.00 0
129693 0.00 0.00 0.00 0
129694 0.00 0.00 0.00 0
129695 0.00 0.00 0.00 0
129696 0.00 0.00 0.00 0
129697 0.00 0.00 0.00 0
129698 0.00 0.00 0.00 0
129699 0.00 0.00 0.00 0
129700 0.00 0.00 0.00 0
129701 0.00 0.00 0.00 0
129702 0.00 0.00 0.00 0
129703 0.00 0.00 0.00 0
129704 0.00 0.00 0.00 0
129705 0.00 0.00 0.00 0
129706 0.00 0.00 0.00 0
129707 0.00 0.00 0.00 0
129708 0.00 0.00 0.00 0
129709 0.00 0.00 0.00 0
129710 0.00 0.00 0.00 0
129711 0.00 0.00 0.00 0
129712 0.00 0.00 0.00 0
129713 0.00 0.00 0.00 0
129714 0.00 0.00 0.00 0
129715 0.00 0.00 0.00 0
129716 0.00 0.00 0.00 0
129717 0.00 0.00 0.00 0
129718 0.00 0.00 0.00 0
129719 0.00 0.00 0.00 0
129720 0.00 0.00 0.00 0
129721 0.00 0.00 0.00 0
129722 0.00 0.00 0.00 0
133778 0.00 0.00 0.00 0
133779 0.00 0.00 0.00 0
133780 0.00 0.00 0.00 0
133781 0.00 0.00 0.00 0
133782 0.00 0.00 0.00 0
133783 0.00 0.00 0.00 0
133784 0.00 0.00 0.00 0
133785 0.00 0.00 0.00 0
133786 0.00 0.00 0.00 0
133787 0.00 0.00 0.00 0
133788 0.00 0.00 0.00 0
133789 0.00 0.00 0.00 0
133790 0.00 0.00 0.00 0
133791 0.00 0.00 0.00 0
133792 0.00 0.00 0.00 0
133793 0.00 0.00 0.00 0
133794 0.00 0.00 0.00 0
133795 0.00 0.00 0.00 0
133796 0.00 0.00 0.00 0
133797 0.00 0.00 0.00 0
133798 0.00 0.00 0.00 0
133799 0.00 0.00 0.00 0
133800 0.00 0.00 0.00 0
133801 0.00 0.00 0.00 0
133802 0.00 0.00 0.00 0
133803 0.00 0.00 0.00 0
133804 0.00 0.00 0.00 0
133805 0.00 0.00 0.00 0
133806 0.00 0.00 0.00 0
133807 0.00 0.00 0.00 0
133808 0.00 0.00 0.00 0
133809 0.00 0.00 0.00 0
133810 0.00 0.00 0.00 0
133811 0.00 0.00 0.00 0
133812 0.00 0.00 0.00 0
133813 0.00 0.00 0.00 0
133814 0.00 0.00 0.00 0
133815 0.00 0.00 0.00 0
133816 0.00 0.00 0.00 0
133817 0.00 0.00 0.00 0
133818 0.00 0.00 0.00 0
133819 0.00 0.00 0.00 0
133820 0.00 0.00 0.00 0
133821 0.00 0.00 0.00 0
133822 0.00 0.00 0.00 0
133823 0.00 0.00 0.00 0
133824 0.00 0.00 0.00 0
133825 0.00 0.00 0.00 0
133826 0.00 0.00 0.00 0
133827 0.00 0.00 0.00 0
133828 0.00 0.00 0.00 0
133829 0.00 0.00 0.00 0
133830 0.00 0.00 0.00 0
133831 0.00 0.00 0.00 0
133832 0.00 0.00 0.00 0
133833 0.00 0.00 0.00 0
133834 0.00 0.00 0.00 0
133835 0.00 0.00 0.00 0
133836 0.00 0.00 0.00 0
133837 0.00 0.00 0.00 0
133838 0.00 0.00 0.00 0
133839 0.00 0.00 0.00 0
133840 0.00 0.00 0.00 0
133841 0.00 0.00 0.00 0
133842 0.00 0.00 0.00 0
133843 0.00 0.00 0.00 0
133844 0.00 0.00 0.00 0
133845 0.00 0.00 0.00 0
133846 0.00 0.00 0.00 0
133847 0.00 0.00 0.00 0
133848 0.00 0.00 0.00 0
133850 0.00 0.00 0.00 0
134027 0.00 0.00 0.00 0
134028 0.00 0.00 0.00 0
134029 0.00 0.00 0.00 0
134030 0.00 0.00 0.00 0
134031 0.00 0.00 0.00 0
134032 0.00 0.00 0.00 0
140751 0.00 0.00 0.00 0
140752 0.00 0.00 0.00 0
140753 0.00 0.00 0.00 0
140754 0.00 0.00 0.00 0
140755 0.00 0.00 0.00 0
140756 0.00 0.00 0.00 0
140757 0.00 0.00 0.00 0
140758 0.00 0.00 0.00 0
140759 0.00 0.00 0.00 0
140760 0.00 0.00 0.00 0
140761 0.00 0.00 0.00 0
140762 0.00 0.00 0.00 0
140763 0.00 0.00 0.00 0
140764 0.00 0.00 0.00 0
140765 0.00 0.00 0.00 0
140766 0.00 0.00 0.00 0
140767 0.00 0.00 0.00 0
140768 0.00 0.00 0.00 0
140769 0.00 0.00 0.00 0
140770 0.00 0.00 0.00 0
140771 0.00 0.00 0.00 0
140772 0.00 0.00 0.00 0
140773 0.00 0.00 0.00 0
140774 0.00 0.00 0.00 0
140775 0.00 0.00 0.00 0
140776 0.00 0.00 0.00 0
140777 0.00 0.00 0.00 0
140778 0.00 0.00 0.00 0
140779 0.00 0.00 0.00 0
140780 0.00 0.00 0.00 0
140781 0.00 0.00 0.00 0
140782 0.00 0.00 0.00 0
140783 0.00 0.00 0.00 0
140784 0.00 0.00 0.00 0
140785 0.00 0.00 0.00 0
140786 0.00 0.00 0.00 0
140787 0.00 0.00 0.00 0
140788 0.00 0.00 0.00 0
140789 0.00 0.00 0.00 0
140790 0.00 0.00 0.00 0
140791 0.00 0.00 0.00 0
140792 0.00 0.00 0.00 0
140793 0.00 0.00 0.00 0
140794 0.00 0.00 0.00 0
140795 0.00 0.00 0.00 0
140796 0.00 0.00 0.00 0
140797 0.00 0.00 0.00 0
140798 0.00 0.00 0.00 0
140799 0.00 0.00 0.00 0
140800 0.00 0.00 0.00 0
140801 0.00 0.00 0.00 0
140802 0.00 0.00 0.00 0
140803 0.00 0.00 0.00 0
140823 0.00 0.00 0.00 0
140841 0.00 0.00 0.00 0
140842 0.00 0.00 0.00 0
140843 0.00 0.00 0.00 0
140844 0.00 0.00 0.00 0
140845 0.00 0.00 0.00 0
140846 0.00 0.00 0.00 0
140847 0.00 0.00 0.00 0
140848 0.00 0.00 0.00 0
140849 0.00 0.00 0.00 0
140850 0.00 0.00 0.00 0
140851 0.00 0.00 0.00 0
140852 0.00 0.00 0.00 0
140853 0.00 0.00 0.00 0
140854 0.00 0.00 0.00 0
140855 0.00 0.00 0.00 0
140856 0.00 0.00 0.00 0
140857 0.00 0.00 0.00 0
140858 0.00 0.00 0.00 0
145817 0.00 0.00 0.00 0
145818 0.00 0.00 0.00 0
145819 0.00 0.00 0.00 0
145820 0.00 0.00 0.00 0
145821 0.00 0.00 0.00 0
145822 0.00 0.00 0.00 0
145823 0.00 0.00 0.00 0
145824 0.00 0.00 0.00 0
145825 0.00 0.00 0.00 0
145826 0.00 0.00 0.00 0
152408 0.00 0.00 0.00 0
152409 0.00 0.00 0.00 0
152410 0.00 0.00 0.00 0
152411 0.00 0.00 0.00 0
152412 0.00 0.00 0.00 0
152413 0.00 0.00 0.00 0
152414 0.00 0.00 0.00 0
152415 0.00 0.00 0.00 0
152527 0.00 0.00 0.00 0
152528 0.00 0.00 0.00 0
152529 0.00 0.00 0.00 0
152530 0.00 0.00 0.00 0
152531 0.00 0.00 0.00 0
152532 0.00 0.00 0.00 0
152533 0.00 0.00 0.00 0
152534 0.00 0.00 0.00 0
152535 0.00 0.00 0.00 0
152536 0.00 0.00 0.00 0
152537 0.00 0.00 0.00 0
152538 0.00 0.00 0.00 0
152539 0.00 0.00 0.00 0
152540 0.00 0.00 0.00 0
152541 0.00 0.00 0.00 0
152542 0.00 0.00 0.00 0
152543 0.00 0.00 0.00 0
152544 0.00 0.00 0.00 0
152545 0.00 0.00 0.00 0
152546 0.00 0.00 0.00 0
152547 0.00 0.00 0.00 0
152548 0.00 0.00 0.00 0
152549 0.00 0.00 0.00 0
152550 0.00 0.00 0.00 0
152551 0.00 0.00 0.00 0
152552 0.00 0.00 0.00 0
152553 0.00 0.00 0.00 0
152554 0.00 0.00 0.00 0
152555 0.00 0.00 0.00 0
152556 0.00 0.00 0.00 0
152557 0.00 0.00 0.00 0
152558 0.00 0.00 0.00 0
152559 0.00 0.00 0.00 0
152560 0.00 0.00 0.00 0
152561 0.00 0.00 0.00 0
152562 0.00 0.00 0.00 0
152563 0.00 0.00 0.00 0
152564 0.00 0.00 0.00 0
152565 0.00 0.00 0.00 0
152566 0.00 0.00 0.00 0
152567 0.00 0.00 0.00 0
152568 0.00 0.00 0.00 0
152569 0.00 0.00 0.00 0
152570 0.00 0.00 0.00 0
152572 0.00 0.00 0.00 0
152587 0.00 0.00 0.00 0
152603 0.00 0.00 0.00 0
152604 0.00 0.00 0.00 0
152605 0.00 0.00 0.00 0
152606 0.00 0.00 0.00 0
152607 0.00 0.00 0.00 0
152608 0.00 0.00 0.00 0
152609 0.00 0.00 0.00 0
152610 0.00 0.00 0.00 0
152611 0.00 0.00 0.00 0
152612 0.00 0.00 0.00 0
152613 0.00 0.00 0.00 0
152614 0.00 0.00 0.00 0
152615 0.00 0.00 0.00 0
152616 0.00 0.00 0.00 0
152617 0.00 0.00 0.00 0
152618 0.00 0.00 0.00 0
152619 0.00 0.00 0.00 0
152620 0.00 0.00 0.00 0
152621 0.00 0.00 0.00 0
152622 0.00 0.00 0.00 0
152623 0.00 0.00 0.00 0
152624 0.00 0.00 0.00 0
152625 0.00 0.00 0.00 0
152626 0.00 0.00 0.00 0
152627 0.00 0.00 0.00 0
152628 0.00 0.00 0.00 0
152629 0.00 0.00 0.00 0
152630 0.00 0.00 0.00 0
152631 0.00 0.00 0.00 0
152632 0.00 0.00 0.00 0
152633 0.00 0.00 0.00 0
152634 0.00 0.00 0.00 0
152635 0.00 0.00 0.00 0
152636 0.00 0.00 0.00 0
152637 0.00 0.00 0.00 0
152638 0.00 0.00 0.00 0
152639 0.00 0.00 0.00 0
152640 0.00 0.00 0.00 0
152641 0.00 0.00 0.00 0
152642 0.00 0.00 0.00 0
152643 0.00 0.00 0.00 0
152644 0.00 0.00 0.00 0
152645 0.00 0.00 0.00 0
152646 0.00 0.00 0.00 0
152647 0.00 0.00 0.00 0
152648 0.00 0.00 0.00 0
152649 0.00 0.00 0.00 0
152650 0.00 0.00 0.00 0
152651 0.00 0.00 0.00 0
152652 0.00 0.00 0.00 0
152653 0.00 0.00 0.00 0
152654 0.00 0.00 0.00 0
152655 0.00 0.00 0.00 0
152656 0.00 0.00 0.00 0
152657 0.00 0.00 0.00 0
152658 0.00 0.00 0.00 0
152659 0.00 0.00 0.00 0
152660 0.00 0.00 0.00 0
152661 0.00 0.00 0.00 0
152662 0.00 0.00 0.00 0
152663 0.00 0.00 0.00 0
152664 0.00 0.00 0.00 0
152665 0.00 0.00 0.00 0
152666 0.00 0.00 0.00 0
152667 0.00 0.00 0.00 0
152668 0.00 0.00 0.00 0
152669 0.00 0.00 0.00 0
152670 0.00 0.00 0.00 0
152671 0.00 0.00 0.00 0
152672 0.00 0.00 0.00 0
152673 0.00 0.00 0.00 0
152674 0.00 0.00 0.00 0
152675 0.00 0.00 0.00 0
152676 0.00 0.00 0.00 0
152677 0.00 0.00 0.00 0
152678 0.00 0.00 0.00 0
152679 0.00 0.00 0.00 0
152680 0.00 0.00 0.00 0
152681 0.00 0.00 0.00 0
152682 0.00 0.00 0.00 0
152683 0.00 0.00 0.00 0
152684 0.00 0.00 0.00 0
152685 0.00 0.00 0.00 0
152686 0.00 0.00 0.00 0
152687 0.00 0.00 0.00 0
152688 0.00 0.00 0.00 0
152689 0.00 0.00 0.00 0
152690 0.00 0.00 0.00 0
152691 0.00 0.00 0.00 0
152692 0.00 0.00 0.00 0
152693 0.00 0.00 0.00 0
152694 0.00 0.00 0.00 0
152695 0.00 0.00 0.00 0
152696 0.00 0.00 0.00 0
152697 0.00 0.00 0.00 0
152698 0.00 0.00 0.00 0
152699 0.00 0.00 0.00 0
152700 0.00 0.00 0.00 0
152701 0.00 0.00 0.00 0
152702 0.00 0.00 0.00 0
152703 0.00 0.00 0.00 0
152704 0.00 0.00 0.00 0
152705 0.00 0.00 0.00 0
152706 0.00 0.00 0.00 0
152707 0.00 0.00 0.00 0
152708 0.00 0.00 0.00 0
152709 0.00 0.00 0.00 0
152710 0.00 0.00 0.00 0
152711 0.00 0.00 0.00 0
152712 0.00 0.00 0.00 0
152713 0.00 0.00 0.00 0
152714 0.00 0.00 0.00 0
152716 0.00 0.00 0.00 0
153255 0.00 0.00 0.00 0
153256 0.00 0.00 0.00 0
