# S_precentral-sup-part
1902
44 0.00 0.00 0.00 0
171 0.00 0.00 0.00 0
365 0.00 0.00 0.00 0
375 0.00 0.00 0.00 0
380 0.00 0.00 0.00 0
381 0.00 0.00 0.00 0
845 0.00 0.00 0.00 0
846 0.00 0.00 0.00 0
847 0.00 0.00 0.00 0
848 0.00 0.00 0.00 0
849 0.00 0.00 0.00 0
864 0.00 0.00 0.00 0
872 0.00 0.00 0.00 0
873 0.00 0.00 0.00 0
874 0.00 0.00 0.00 0
875 0.00 0.00 0.00 0
876 0.00 0.00 0.00 0
1446 0.00 0.00 0.00 0
1459 0.00 0.00 0.00 0
1460 0.00 0.00 0.00 0
1461 0.00 0.00 0.00 0
1807 0.00 0.00 0.00 0
1808 0.00 0.00 0.00 0
1835 0.00 0.00 0.00 0
1847 0.00 0.00 0.00 0
1848 0.00 0.00 0.00 0
1850 0.00 0.00 0.00 0
1851 0.00 0.00 0.00 0
2765 0.00 0.00 0.00 0
2766 0.00 0.00 0.00 0
2767 0.00 0.00 0.00 0
2768 0.00 0.00 0.00 0
2769 0.00 0.00 0.00 0
2784 0.00 0.00 0.00 0
2791 0.00 0.00 0.00 0
2792 0.00 0.00 0.00 0
2793 0.00 0.00 0.00 0
2794 0.00 0.00 0.00 0
2795 0.00 0.00 0.00 0
2796 0.00 0.00 0.00 0
3368 0.00 0.00 0.00 0
3369 0.00 0.00 0.00 0
3391 0.00 0.00 0.00 0
3392 0.00 0.00 0.00 0
3973 0.00 0.00 0.00 0
3974 0.00 0.00 0.00 0
3975 0.00 0.00 0.00 0
3976 0.00 0.00 0.00 0
3978 0.00 0.00 0.00 0
3979 0.00 0.00 0.00 0
3980 0.00 0.00 0.00 0
3982 0.00 0.00 0.00 0
4029 0.00 0.00 0.00 0
4030 0.00 0.00 0.00 0
4031 0.00 0.00 0.00 0
4053 0.00 0.00 0.00 0
4058 0.00 0.00 0.00 0
4059 0.00 0.00 0.00 0
4060 0.00 0.00 0.00 0
4061 0.00 0.00 0.00 0
4062 0.00 0.00 0.00 0
4063 0.00 0.00 0.00 0
4064 0.00 0.00 0.00 0
4065 0.00 0.00 0.00 0
4066 0.00 0.00 0.00 0
4067 0.00 0.00 0.00 0
4068 0.00 0.00 0.00 0
4069 0.00 0.00 0.00 0
4070 0.00 0.00 0.00 0
4439 0.00 0.00 0.00 0
6127 0.00 0.00 0.00 0
6128 0.00 0.00 0.00 0
6129 0.00 0.00 0.00 0
6130 0.00 0.00 0.00 0
6131 0.00 0.00 0.00 0
6132 0.00 0.00 0.00 0
6133 0.00 0.00 0.00 0
6134 0.00 0.00 0.00 0
6162 0.00 0.00 0.00 0
6176 0.00 0.00 0.00 0
6177 0.00 0.00 0.00 0
6178 0.00 0.00 0.00 0
6179 0.00 0.00 0.00 0
6180 0.00 0.00 0.00 0
6181 0.00 0.00 0.00 0
6182 0.00 0.00 0.00 0
6183 0.00 0.00 0.00 0
6184 0.00 0.00 0.00 0
6185 0.00 0.00 0.00 0
6186 0.00 0.00 0.00 0
7210 0.00 0.00 0.00 0
7211 0.00 0.00 0.00 0
7212 0.00 0.00 0.00 0
7243 0.00 0.00 0.00 0
7244 0.00 0.00 0.00 0
7245 0.00 0.00 0.00 0
7246 0.00 0.00 0.00 0
7247 0.00 0.00 0.00 0
7248 0.00 0.00 0.00 0
7249 0.00 0.00 0.00 0
7250 0.00 0.00 0.00 0
7251 0.00 0.00 0.00 0
8056 0.00 0.00 0.00 0
8057 0.00 0.00 0.00 0
8058 0.00 0.00 0.00 0
8059 0.00 0.00 0.00 0
8065 0.00 0.00 0.00 0
8129 0.00 0.00 0.00 0
8165 0.00 0.00 0.00 0
8166 0.00 0.00 0.00 0
8167 0.00 0.00 0.00 0
8168 0.00 0.00 0.00 0
8169 0.00 0.00 0.00 0
8170 0.00 0.00 0.00 0
8171 0.00 0.00 0.00 0
8177 0.00 0.00 0.00 0
8178 0.00 0.00 0.00 0
10445 0.00 0.00 0.00 0
10446 0.00 0.00 0.00 0
10447 0.00 0.00 0.00 0
10448 0.00 0.00 0.00 0
10449 0.00 0.00 0.00 0
10464 0.00 0.00 0.00 0
10471 0.00 0.00 0.00 0
10472 0.00 0.00 0.00 0
10473 0.00 0.00 0.00 0
10474 0.00 0.00 0.00 0
10475 0.00 0.00 0.00 0
10476 0.00 0.00 0.00 0
11048 0.00 0.00 0.00 0
11049 0.00 0.00 0.00 0
11071 0.00 0.00 0.00 0
11072 0.00 0.00 0.00 0
11653 0.00 0.00 0.00 0
11654 0.00 0.00 0.00 0
11655 0.00 0.00 0.00 0
11656 0.00 0.00 0.00 0
11657 0.00 0.00 0.00 0
11658 0.00 0.00 0.00 0
11659 0.00 0.00 0.00 0
11661 0.00 0.00 0.00 0
11662 0.00 0.00 0.00 0
11709 0.00 0.00 0.00 0
11710 0.00 0.00 0.00 0
11711 0.00 0.00 0.00 0
11733 0.00 0.00 0.00 0
11738 0.00 0.00 0.00 0
11739 0.00 0.00 0.00 0
11740 0.00 0.00 0.00 0
11741 0.00 0.00 0.00 0
11742 0.00 0.00 0.00 0
11743 0.00 0.00 0.00 0
11744 0.00 0.00 0.00 0
11745 0.00 0.00 0.00 0
11746 0.00 0.00 0.00 0
11747 0.00 0.00 0.00 0
11748 0.00 0.00 0.00 0
11749 0.00 0.00 0.00 0
11750 0.00 0.00 0.00 0
11751 0.00 0.00 0.00 0
14050 0.00 0.00 0.00 0
14051 0.00 0.00 0.00 0
14052 0.00 0.00 0.00 0
14053 0.00 0.00 0.00 0
14054 0.00 0.00 0.00 0
14055 0.00 0.00 0.00 0
14056 0.00 0.00 0.00 0
14057 0.00 0.00 0.00 0
14058 0.00 0.00 0.00 0
14059 0.00 0.00 0.00 0
14060 0.00 0.00 0.00 0
14061 0.00 0.00 0.00 0
14062 0.00 0.00 0.00 0
14063 0.00 0.00 0.00 0
14064 0.00 0.00 0.00 0
14109 0.00 0.00 0.00 0
14131 0.00 0.00 0.00 0
14132 0.00 0.00 0.00 0
14133 0.00 0.00 0.00 0
14134 0.00 0.00 0.00 0
14135 0.00 0.00 0.00 0
14136 0.00 0.00 0.00 0
14137 0.00 0.00 0.00 0
14138 0.00 0.00 0.00 0
14139 0.00 0.00 0.00 0
14140 0.00 0.00 0.00 0
14141 0.00 0.00 0.00 0
14142 0.00 0.00 0.00 0
14143 0.00 0.00 0.00 0
14144 0.00 0.00 0.00 0
14145 0.00 0.00 0.00 0
14146 0.00 0.00 0.00 0
14147 0.00 0.00 0.00 0
14148 0.00 0.00 0.00 0
14149 0.00 0.00 0.00 0
14150 0.00 0.00 0.00 0
14151 0.00 0.00 0.00 0
15858 0.00 0.00 0.00 0
15859 0.00 0.00 0.00 0
15860 0.00 0.00 0.00 0
15861 0.00 0.00 0.00 0
15862 0.00 0.00 0.00 0
15863 0.00 0.00 0.00 0
15864 0.00 0.00 0.00 0
15931 0.00 0.00 0.00 0
15932 0.00 0.00 0.00 0
15933 0.00 0.00 0.00 0
15934 0.00 0.00 0.00 0
15935 0.00 0.00 0.00 0
15936 0.00 0.00 0.00 0
15937 0.00 0.00 0.00 0
15942 0.00 0.00 0.00 0
15943 0.00 0.00 0.00 0
15944 0.00 0.00 0.00 0
15945 0.00 0.00 0.00 0
15946 0.00 0.00 0.00 0
15947 0.00 0.00 0.00 0
17672 0.00 0.00 0.00 0
17673 0.00 0.00 0.00 0
17674 0.00 0.00 0.00 0
17675 0.00 0.00 0.00 0
17676 0.00 0.00 0.00 0
17677 0.00 0.00 0.00 0
17678 0.00 0.00 0.00 0
17679 0.00 0.00 0.00 0
17680 0.00 0.00 0.00 0
17681 0.00 0.00 0.00 0
17682 0.00 0.00 0.00 0
17683 0.00 0.00 0.00 0
17684 0.00 0.00 0.00 0
17695 0.00 0.00 0.00 0
17696 0.00 0.00 0.00 0
17697 0.00 0.00 0.00 0
17845 0.00 0.00 0.00 0
17846 0.00 0.00 0.00 0
17847 0.00 0.00 0.00 0
17848 0.00 0.00 0.00 0
17849 0.00 0.00 0.00 0
17933 0.00 0.00 0.00 0
17934 0.00 0.00 0.00 0
17935 0.00 0.00 0.00 0
17936 0.00 0.00 0.00 0
17937 0.00 0.00 0.00 0
17938 0.00 0.00 0.00 0
17939 0.00 0.00 0.00 0
17940 0.00 0.00 0.00 0
17941 0.00 0.00 0.00 0
17942 0.00 0.00 0.00 0
17943 0.00 0.00 0.00 0
17944 0.00 0.00 0.00 0
17945 0.00 0.00 0.00 0
17946 0.00 0.00 0.00 0
17947 0.00 0.00 0.00 0
17948 0.00 0.00 0.00 0
17949 0.00 0.00 0.00 0
17950 0.00 0.00 0.00 0
17951 0.00 0.00 0.00 0
17952 0.00 0.00 0.00 0
17958 0.00 0.00 0.00 0
17959 0.00 0.00 0.00 0
17960 0.00 0.00 0.00 0
17962 0.00 0.00 0.00 0
17963 0.00 0.00 0.00 0
17964 0.00 0.00 0.00 0
17965 0.00 0.00 0.00 0
17966 0.00 0.00 0.00 0
17967 0.00 0.00 0.00 0
17968 0.00 0.00 0.00 0
17969 0.00 0.00 0.00 0
17970 0.00 0.00 0.00 0
17973 0.00 0.00 0.00 0
23407 0.00 0.00 0.00 0
23408 0.00 0.00 0.00 0
23409 0.00 0.00 0.00 0
23410 0.00 0.00 0.00 0
23411 0.00 0.00 0.00 0
23412 0.00 0.00 0.00 0
23413 0.00 0.00 0.00 0
23414 0.00 0.00 0.00 0
23415 0.00 0.00 0.00 0
23442 0.00 0.00 0.00 0
23455 0.00 0.00 0.00 0
23456 0.00 0.00 0.00 0
23457 0.00 0.00 0.00 0
23458 0.00 0.00 0.00 0
23459 0.00 0.00 0.00 0
23460 0.00 0.00 0.00 0
23461 0.00 0.00 0.00 0
23462 0.00 0.00 0.00 0
23463 0.00 0.00 0.00 0
23464 0.00 0.00 0.00 0
23465 0.00 0.00 0.00 0
23466 0.00 0.00 0.00 0
24492 0.00 0.00 0.00 0
24493 0.00 0.00 0.00 0
24494 0.00 0.00 0.00 0
24495 0.00 0.00 0.00 0
24535 0.00 0.00 0.00 0
24536 0.00 0.00 0.00 0
24537 0.00 0.00 0.00 0
24538 0.00 0.00 0.00 0
25580 0.00 0.00 0.00 0
25581 0.00 0.00 0.00 0
25582 0.00 0.00 0.00 0
25583 0.00 0.00 0.00 0
25584 0.00 0.00 0.00 0
25585 0.00 0.00 0.00 0
25586 0.00 0.00 0.00 0
25587 0.00 0.00 0.00 0
25588 0.00 0.00 0.00 0
25589 0.00 0.00 0.00 0
25590 0.00 0.00 0.00 0
25591 0.00 0.00 0.00 0
25592 0.00 0.00 0.00 0
25593 0.00 0.00 0.00 0
25594 0.00 0.00 0.00 0
25595 0.00 0.00 0.00 0
25596 0.00 0.00 0.00 0
25597 0.00 0.00 0.00 0
25683 0.00 0.00 0.00 0
25684 0.00 0.00 0.00 0
25685 0.00 0.00 0.00 0
25686 0.00 0.00 0.00 0
25736 0.00 0.00 0.00 0
25737 0.00 0.00 0.00 0
25738 0.00 0.00 0.00 0
25739 0.00 0.00 0.00 0
25740 0.00 0.00 0.00 0
25741 0.00 0.00 0.00 0
25742 0.00 0.00 0.00 0
25743 0.00 0.00 0.00 0
25744 0.00 0.00 0.00 0
25745 0.00 0.00 0.00 0
25746 0.00 0.00 0.00 0
25747 0.00 0.00 0.00 0
25748 0.00 0.00 0.00 0
25749 0.00 0.00 0.00 0
25750 0.00 0.00 0.00 0
25751 0.00 0.00 0.00 0
25752 0.00 0.00 0.00 0
25753 0.00 0.00 0.00 0
25754 0.00 0.00 0.00 0
25755 0.00 0.00 0.00 0
25756 0.00 0.00 0.00 0
25757 0.00 0.00 0.00 0
25758 0.00 0.00 0.00 0
25759 0.00 0.00 0.00 0
25760 0.00 0.00 0.00 0
25761 0.00 0.00 0.00 0
26418 0.00 0.00 0.00 0
26419 0.00 0.00 0.00 0
29653 0.00 0.00 0.00 0
29654 0.00 0.00 0.00 0
29655 0.00 0.00 0.00 0
29656 0.00 0.00 0.00 0
29657 0.00 0.00 0.00 0
29658 0.00 0.00 0.00 0
29659 0.00 0.00 0.00 0
29660 0.00 0.00 0.00 0
29661 0.00 0.00 0.00 0
29662 0.00 0.00 0.00 0
29663 0.00 0.00 0.00 0
29664 0.00 0.00 0.00 0
29665 0.00 0.00 0.00 0
29666 0.00 0.00 0.00 0
29667 0.00 0.00 0.00 0
29668 0.00 0.00 0.00 0
29669 0.00 0.00 0.00 0
29670 0.00 0.00 0.00 0
29671 0.00 0.00 0.00 0
29736 0.00 0.00 0.00 0
29737 0.00 0.00 0.00 0
29771 0.00 0.00 0.00 0
29772 0.00 0.00 0.00 0
29773 0.00 0.00 0.00 0
29774 0.00 0.00 0.00 0
29775 0.00 0.00 0.00 0
29776 0.00 0.00 0.00 0
29777 0.00 0.00 0.00 0
29778 0.00 0.00 0.00 0
29779 0.00 0.00 0.00 0
29780 0.00 0.00 0.00 0
29781 0.00 0.00 0.00 0
29782 0.00 0.00 0.00 0
29783 0.00 0.00 0.00 0
29784 0.00 0.00 0.00 0
29785 0.00 0.00 0.00 0
29786 0.00 0.00 0.00 0
29787 0.00 0.00 0.00 0
29788 0.00 0.00 0.00 0
29789 0.00 0.00 0.00 0
29790 0.00 0.00 0.00 0
29791 0.00 0.00 0.00 0
29792 0.00 0.00 0.00 0
29793 0.00 0.00 0.00 0
29794 0.00 0.00 0.00 0
29795 0.00 0.00 0.00 0
29796 0.00 0.00 0.00 0
32182 0.00 0.00 0.00 0
32183 0.00 0.00 0.00 0
32184 0.00 0.00 0.00 0
32185 0.00 0.00 0.00 0
32186 0.00 0.00 0.00 0
32187 0.00 0.00 0.00 0
32188 0.00 0.00 0.00 0
32189 0.00 0.00 0.00 0
32190 0.00 0.00 0.00 0
32275 0.00 0.00 0.00 0
32276 0.00 0.00 0.00 0
32277 0.00 0.00 0.00 0
32278 0.00 0.00 0.00 0
32279 0.00 0.00 0.00 0
32280 0.00 0.00 0.00 0
32281 0.00 0.00 0.00 0
32282 0.00 0.00 0.00 0
32283 0.00 0.00 0.00 0
32284 0.00 0.00 0.00 0
32285 0.00 0.00 0.00 0
32286 0.00 0.00 0.00 0
32287 0.00 0.00 0.00 0
32289 0.00 0.00 0.00 0
32290 0.00 0.00 0.00 0
32291 0.00 0.00 0.00 0
32292 0.00 0.00 0.00 0
32293 0.00 0.00 0.00 0
32294 0.00 0.00 0.00 0
32295 0.00 0.00 0.00 0
32296 0.00 0.00 0.00 0
32298 0.00 0.00 0.00 0
32299 0.00 0.00 0.00 0
32300 0.00 0.00 0.00 0
32301 0.00 0.00 0.00 0
34480 0.00 0.00 0.00 0
34481 0.00 0.00 0.00 0
34482 0.00 0.00 0.00 0
34483 0.00 0.00 0.00 0
34484 0.00 0.00 0.00 0
34485 0.00 0.00 0.00 0
34486 0.00 0.00 0.00 0
34487 0.00 0.00 0.00 0
34492 0.00 0.00 0.00 0
34493 0.00 0.00 0.00 0
34507 0.00 0.00 0.00 0
34508 0.00 0.00 0.00 0
34694 0.00 0.00 0.00 0
34695 0.00 0.00 0.00 0
34799 0.00 0.00 0.00 0
34800 0.00 0.00 0.00 0
34801 0.00 0.00 0.00 0
34802 0.00 0.00 0.00 0
34803 0.00 0.00 0.00 0
34804 0.00 0.00 0.00 0
34805 0.00 0.00 0.00 0
34806 0.00 0.00 0.00 0
34807 0.00 0.00 0.00 0
34808 0.00 0.00 0.00 0
34809 0.00 0.00 0.00 0
34810 0.00 0.00 0.00 0
34811 0.00 0.00 0.00 0
34812 0.00 0.00 0.00 0
34813 0.00 0.00 0.00 0
34814 0.00 0.00 0.00 0
34815 0.00 0.00 0.00 0
34816 0.00 0.00 0.00 0
34820 0.00 0.00 0.00 0
34821 0.00 0.00 0.00 0
34835 0.00 0.00 0.00 0
34836 0.00 0.00 0.00 0
34837 0.00 0.00 0.00 0
34838 0.00 0.00 0.00 0
34839 0.00 0.00 0.00 0
34840 0.00 0.00 0.00 0
34841 0.00 0.00 0.00 0
41165 0.00 0.00 0.00 0
41166 0.00 0.00 0.00 0
41167 0.00 0.00 0.00 0
41168 0.00 0.00 0.00 0
41169 0.00 0.00 0.00 0
41191 0.00 0.00 0.00 0
41192 0.00 0.00 0.00 0
41193 0.00 0.00 0.00 0
41194 0.00 0.00 0.00 0
41195 0.00 0.00 0.00 0
41196 0.00 0.00 0.00 0
41768 0.00 0.00 0.00 0
41769 0.00 0.00 0.00 0
41791 0.00 0.00 0.00 0
41792 0.00 0.00 0.00 0
42373 0.00 0.00 0.00 0
42374 0.00 0.00 0.00 0
42375 0.00 0.00 0.00 0
42376 0.00 0.00 0.00 0
42377 0.00 0.00 0.00 0
42378 0.00 0.00 0.00 0
42379 0.00 0.00 0.00 0
42429 0.00 0.00 0.00 0
42430 0.00 0.00 0.00 0
42431 0.00 0.00 0.00 0
42453 0.00 0.00 0.00 0
42457 0.00 0.00 0.00 0
42458 0.00 0.00 0.00 0
42459 0.00 0.00 0.00 0
42460 0.00 0.00 0.00 0
42461 0.00 0.00 0.00 0
42462 0.00 0.00 0.00 0
42463 0.00 0.00 0.00 0
42464 0.00 0.00 0.00 0
42465 0.00 0.00 0.00 0
42466 0.00 0.00 0.00 0
42467 0.00 0.00 0.00 0
42468 0.00 0.00 0.00 0
42469 0.00 0.00 0.00 0
42470 0.00 0.00 0.00 0
42471 0.00 0.00 0.00 0
44770 0.00 0.00 0.00 0
44771 0.00 0.00 0.00 0
44772 0.00 0.00 0.00 0
44773 0.00 0.00 0.00 0
44774 0.00 0.00 0.00 0
44775 0.00 0.00 0.00 0
44776 0.00 0.00 0.00 0
44777 0.00 0.00 0.00 0
44778 0.00 0.00 0.00 0
44779 0.00 0.00 0.00 0
44780 0.00 0.00 0.00 0
44781 0.00 0.00 0.00 0
44782 0.00 0.00 0.00 0
44783 0.00 0.00 0.00 0
44784 0.00 0.00 0.00 0
44829 0.00 0.00 0.00 0
44851 0.00 0.00 0.00 0
44852 0.00 0.00 0.00 0
44853 0.00 0.00 0.00 0
44854 0.00 0.00 0.00 0
44855 0.00 0.00 0.00 0
44856 0.00 0.00 0.00 0
44857 0.00 0.00 0.00 0
44858 0.00 0.00 0.00 0
44859 0.00 0.00 0.00 0
44860 0.00 0.00 0.00 0
44861 0.00 0.00 0.00 0
44862 0.00 0.00 0.00 0
44863 0.00 0.00 0.00 0
44864 0.00 0.00 0.00 0
44865 0.00 0.00 0.00 0
44866 0.00 0.00 0.00 0
44867 0.00 0.00 0.00 0
44868 0.00 0.00 0.00 0
44869 0.00 0.00 0.00 0
44870 0.00 0.00 0.00 0
44871 0.00 0.00 0.00 0
46580 0.00 0.00 0.00 0
46581 0.00 0.00 0.00 0
46582 0.00 0.00 0.00 0
46583 0.00 0.00 0.00 0
46584 0.00 0.00 0.00 0
46651 0.00 0.00 0.00 0
46652 0.00 0.00 0.00 0
46653 0.00 0.00 0.00 0
46654 0.00 0.00 0.00 0
46655 0.00 0.00 0.00 0
46656 0.00 0.00 0.00 0
46657 0.00 0.00 0.00 0
46662 0.00 0.00 0.00 0
46663 0.00 0.00 0.00 0
46664 0.00 0.00 0.00 0
46665 0.00 0.00 0.00 0
46666 0.00 0.00 0.00 0
46667 0.00 0.00 0.00 0
48388 0.00 0.00 0.00 0
48390 0.00 0.00 0.00 0
48391 0.00 0.00 0.00 0
48392 0.00 0.00 0.00 0
48393 0.00 0.00 0.00 0
48394 0.00 0.00 0.00 0
48395 0.00 0.00 0.00 0
48396 0.00 0.00 0.00 0
48397 0.00 0.00 0.00 0
48398 0.00 0.00 0.00 0
48399 0.00 0.00 0.00 0
48400 0.00 0.00 0.00 0
48401 0.00 0.00 0.00 0
48402 0.00 0.00 0.00 0
48403 0.00 0.00 0.00 0
48404 0.00 0.00 0.00 0
48415 0.00 0.00 0.00 0
48416 0.00 0.00 0.00 0
48417 0.00 0.00 0.00 0
48567 0.00 0.00 0.00 0
48568 0.00 0.00 0.00 0
48569 0.00 0.00 0.00 0
48570 0.00 0.00 0.00 0
48571 0.00 0.00 0.00 0
48653 0.00 0.00 0.00 0
48654 0.00 0.00 0.00 0
48655 0.00 0.00 0.00 0
48656 0.00 0.00 0.00 0
48657 0.00 0.00 0.00 0
48658 0.00 0.00 0.00 0
48659 0.00 0.00 0.00 0
48660 0.00 0.00 0.00 0
48661 0.00 0.00 0.00 0
48662 0.00 0.00 0.00 0
48663 0.00 0.00 0.00 0
48664 0.00 0.00 0.00 0
48665 0.00 0.00 0.00 0
48666 0.00 0.00 0.00 0
48667 0.00 0.00 0.00 0
48668 0.00 0.00 0.00 0
48669 0.00 0.00 0.00 0
48670 0.00 0.00 0.00 0
48671 0.00 0.00 0.00 0
48678 0.00 0.00 0.00 0
48679 0.00 0.00 0.00 0
48680 0.00 0.00 0.00 0
48681 0.00 0.00 0.00 0
48682 0.00 0.00 0.00 0
48683 0.00 0.00 0.00 0
48684 0.00 0.00 0.00 0
48685 0.00 0.00 0.00 0
48686 0.00 0.00 0.00 0
48687 0.00 0.00 0.00 0
48688 0.00 0.00 0.00 0
48689 0.00 0.00 0.00 0
48690 0.00 0.00 0.00 0
48692 0.00 0.00 0.00 0
48693 0.00 0.00 0.00 0
54370 0.00 0.00 0.00 0
54371 0.00 0.00 0.00 0
54372 0.00 0.00 0.00 0
54373 0.00 0.00 0.00 0
54374 0.00 0.00 0.00 0
54375 0.00 0.00 0.00 0
54376 0.00 0.00 0.00 0
54377 0.00 0.00 0.00 0
54378 0.00 0.00 0.00 0
54379 0.00 0.00 0.00 0
54380 0.00 0.00 0.00 0
54381 0.00 0.00 0.00 0
54382 0.00 0.00 0.00 0
54383 0.00 0.00 0.00 0
54384 0.00 0.00 0.00 0
54429 0.00 0.00 0.00 0
54430 0.00 0.00 0.00 0
54431 0.00 0.00 0.00 0
54451 0.00 0.00 0.00 0
54452 0.00 0.00 0.00 0
54453 0.00 0.00 0.00 0
54454 0.00 0.00 0.00 0
54455 0.00 0.00 0.00 0
54456 0.00 0.00 0.00 0
54457 0.00 0.00 0.00 0
54458 0.00 0.00 0.00 0
54459 0.00 0.00 0.00 0
54460 0.00 0.00 0.00 0
54461 0.00 0.00 0.00 0
54462 0.00 0.00 0.00 0
54463 0.00 0.00 0.00 0
54464 0.00 0.00 0.00 0
54465 0.00 0.00 0.00 0
54466 0.00 0.00 0.00 0
54467 0.00 0.00 0.00 0
54468 0.00 0.00 0.00 0
54469 0.00 0.00 0.00 0
54470 0.00 0.00 0.00 0
54471 0.00 0.00 0.00 0
56178 0.00 0.00 0.00 0
56179 0.00 0.00 0.00 0
56180 0.00 0.00 0.00 0
56181 0.00 0.00 0.00 0
56182 0.00 0.00 0.00 0
56183 0.00 0.00 0.00 0
56184 0.00 0.00 0.00 0
56251 0.00 0.00 0.00 0
56252 0.00 0.00 0.00 0
56253 0.00 0.00 0.00 0
56254 0.00 0.00 0.00 0
56255 0.00 0.00 0.00 0
56256 0.00 0.00 0.00 0
56257 0.00 0.00 0.00 0
57992 0.00 0.00 0.00 0
57993 0.00 0.00 0.00 0
57994 0.00 0.00 0.00 0
57995 0.00 0.00 0.00 0
57996 0.00 0.00 0.00 0
57997 0.00 0.00 0.00 0
57998 0.00 0.00 0.00 0
57999 0.00 0.00 0.00 0
58000 0.00 0.00 0.00 0
58001 0.00 0.00 0.00 0
58002 0.00 0.00 0.00 0
58003 0.00 0.00 0.00 0
58004 0.00 0.00 0.00 0
58006 0.00 0.00 0.00 0
58007 0.00 0.00 0.00 0
58008 0.00 0.00 0.00 0
58009 0.00 0.00 0.00 0
58010 0.00 0.00 0.00 0
58011 0.00 0.00 0.00 0
58012 0.00 0.00 0.00 0
58013 0.00 0.00 0.00 0
58014 0.00 0.00 0.00 0
58015 0.00 0.00 0.00 0
58016 0.00 0.00 0.00 0
58017 0.00 0.00 0.00 0
58018 0.00 0.00 0.00 0
58019 0.00 0.00 0.00 0
58020 0.00 0.00 0.00 0
58164 0.00 0.00 0.00 0
58165 0.00 0.00 0.00 0
58166 0.00 0.00 0.00 0
58167 0.00 0.00 0.00 0
58168 0.00 0.00 0.00 0
58169 0.00 0.00 0.00 0
58170 0.00 0.00 0.00 0
58171 0.00 0.00 0.00 0
58253 0.00 0.00 0.00 0
58254 0.00 0.00 0.00 0
58255 0.00 0.00 0.00 0
58256 0.00 0.00 0.00 0
58257 0.00 0.00 0.00 0
58258 0.00 0.00 0.00 0
58259 0.00 0.00 0.00 0
58260 0.00 0.00 0.00 0
58261 0.00 0.00 0.00 0
58262 0.00 0.00 0.00 0
58263 0.00 0.00 0.00 0
58264 0.00 0.00 0.00 0
58265 0.00 0.00 0.00 0
58266 0.00 0.00 0.00 0
58267 0.00 0.00 0.00 0
58268 0.00 0.00 0.00 0
58269 0.00 0.00 0.00 0
58270 0.00 0.00 0.00 0
58271 0.00 0.00 0.00 0
58272 0.00 0.00 0.00 0
58273 0.00 0.00 0.00 0
58274 0.00 0.00 0.00 0
58275 0.00 0.00 0.00 0
58276 0.00 0.00 0.00 0
58277 0.00 0.00 0.00 0
58278 0.00 0.00 0.00 0
58279 0.00 0.00 0.00 0
58280 0.00 0.00 0.00 0
58281 0.00 0.00 0.00 0
58282 0.00 0.00 0.00 0
58283 0.00 0.00 0.00 0
58284 0.00 0.00 0.00 0
58285 0.00 0.00 0.00 0
58286 0.00 0.00 0.00 0
58287 0.00 0.00 0.00 0
58288 0.00 0.00 0.00 0
58289 0.00 0.00 0.00 0
58290 0.00 0.00 0.00 0
58291 0.00 0.00 0.00 0
58292 0.00 0.00 0.00 0
58293 0.00 0.00 0.00 0
58294 0.00 0.00 0.00 0
58295 0.00 0.00 0.00 0
58296 0.00 0.00 0.00 0
65185 0.00 0.00 0.00 0
65186 0.00 0.00 0.00 0
65187 0.00 0.00 0.00 0
65188 0.00 0.00 0.00 0
65189 0.00 0.00 0.00 0
65190 0.00 0.00 0.00 0
65191 0.00 0.00 0.00 0
65192 0.00 0.00 0.00 0
65193 0.00 0.00 0.00 0
65194 0.00 0.00 0.00 0
65195 0.00 0.00 0.00 0
65196 0.00 0.00 0.00 0
65197 0.00 0.00 0.00 0
65198 0.00 0.00 0.00 0
65199 0.00 0.00 0.00 0
65200 0.00 0.00 0.00 0
65201 0.00 0.00 0.00 0
65202 0.00 0.00 0.00 0
65203 0.00 0.00 0.00 0
65204 0.00 0.00 0.00 0
65205 0.00 0.00 0.00 0
65206 0.00 0.00 0.00 0
65207 0.00 0.00 0.00 0
65208 0.00 0.00 0.00 0
65209 0.00 0.00 0.00 0
65210 0.00 0.00 0.00 0
65211 0.00 0.00 0.00 0
65212 0.00 0.00 0.00 0
65213 0.00 0.00 0.00 0
65214 0.00 0.00 0.00 0
65215 0.00 0.00 0.00 0
65216 0.00 0.00 0.00 0
65217 0.00 0.00 0.00 0
65218 0.00 0.00 0.00 0
65219 0.00 0.00 0.00 0
65220 0.00 0.00 0.00 0
65221 0.00 0.00 0.00 0
65222 0.00 0.00 0.00 0
65223 0.00 0.00 0.00 0
65224 0.00 0.00 0.00 0
65225 0.00 0.00 0.00 0
65226 0.00 0.00 0.00 0
65364 0.00 0.00 0.00 0
65365 0.00 0.00 0.00 0
65366 0.00 0.00 0.00 0
65433 0.00 0.00 0.00 0
65434 0.00 0.00 0.00 0
65435 0.00 0.00 0.00 0
65437 0.00 0.00 0.00 0
65438 0.00 0.00 0.00 0
65439 0.00 0.00 0.00 0
65440 0.00 0.00 0.00 0
65441 0.00 0.00 0.00 0
65442 0.00 0.00 0.00 0
65443 0.00 0.00 0.00 0
65444 0.00 0.00 0.00 0
65445 0.00 0.00 0.00 0
65446 0.00 0.00 0.00 0
65447 0.00 0.00 0.00 0
65448 0.00 0.00 0.00 0
65449 0.00 0.00 0.00 0
65450 0.00 0.00 0.00 0
65451 0.00 0.00 0.00 0
65452 0.00 0.00 0.00 0
65453 0.00 0.00 0.00 0
65454 0.00 0.00 0.00 0
65455 0.00 0.00 0.00 0
65456 0.00 0.00 0.00 0
65457 0.00 0.00 0.00 0
65458 0.00 0.00 0.00 0
65459 0.00 0.00 0.00 0
65460 0.00 0.00 0.00 0
65461 0.00 0.00 0.00 0
65462 0.00 0.00 0.00 0
65463 0.00 0.00 0.00 0
65464 0.00 0.00 0.00 0
65465 0.00 0.00 0.00 0
65466 0.00 0.00 0.00 0
65467 0.00 0.00 0.00 0
65468 0.00 0.00 0.00 0
65469 0.00 0.00 0.00 0
65470 0.00 0.00 0.00 0
65471 0.00 0.00 0.00 0
65472 0.00 0.00 0.00 0
65473 0.00 0.00 0.00 0
65474 0.00 0.00 0.00 0
65475 0.00 0.00 0.00 0
65476 0.00 0.00 0.00 0
65477 0.00 0.00 0.00 0
65478 0.00 0.00 0.00 0
65479 0.00 0.00 0.00 0
65480 0.00 0.00 0.00 0
65481 0.00 0.00 0.00 0
65482 0.00 0.00 0.00 0
65483 0.00 0.00 0.00 0
65484 0.00 0.00 0.00 0
65485 0.00 0.00 0.00 0
65486 0.00 0.00 0.00 0
65487 0.00 0.00 0.00 0
65488 0.00 0.00 0.00 0
65489 0.00 0.00 0.00 0
65490 0.00 0.00 0.00 0
65491 0.00 0.00 0.00 0
65492 0.00 0.00 0.00 0
65493 0.00 0.00 0.00 0
65494 0.00 0.00 0.00 0
65495 0.00 0.00 0.00 0
65496 0.00 0.00 0.00 0
70610 0.00 0.00 0.00 0
70611 0.00 0.00 0.00 0
70612 0.00 0.00 0.00 0
70613 0.00 0.00 0.00 0
70614 0.00 0.00 0.00 0
70615 0.00 0.00 0.00 0
70616 0.00 0.00 0.00 0
70617 0.00 0.00 0.00 0
70618 0.00 0.00 0.00 0
70619 0.00 0.00 0.00 0
70620 0.00 0.00 0.00 0
70621 0.00 0.00 0.00 0
70622 0.00 0.00 0.00 0
70623 0.00 0.00 0.00 0
70624 0.00 0.00 0.00 0
70625 0.00 0.00 0.00 0
70626 0.00 0.00 0.00 0
70627 0.00 0.00 0.00 0
70628 0.00 0.00 0.00 0
70629 0.00 0.00 0.00 0
70831 0.00 0.00 0.00 0
70832 0.00 0.00 0.00 0
70833 0.00 0.00 0.00 0
70834 0.00 0.00 0.00 0
70835 0.00 0.00 0.00 0
70836 0.00 0.00 0.00 0
70837 0.00 0.00 0.00 0
70838 0.00 0.00 0.00 0
70839 0.00 0.00 0.00 0
70840 0.00 0.00 0.00 0
70841 0.00 0.00 0.00 0
70842 0.00 0.00 0.00 0
70843 0.00 0.00 0.00 0
70844 0.00 0.00 0.00 0
70845 0.00 0.00 0.00 0
70846 0.00 0.00 0.00 0
70847 0.00 0.00 0.00 0
70848 0.00 0.00 0.00 0
70849 0.00 0.00 0.00 0
70850 0.00 0.00 0.00 0
70851 0.00 0.00 0.00 0
70852 0.00 0.00 0.00 0
70854 0.00 0.00 0.00 0
70856 0.00 0.00 0.00 0
70857 0.00 0.00 0.00 0
70858 0.00 0.00 0.00 0
70859 0.00 0.00 0.00 0
70860 0.00 0.00 0.00 0
70864 0.00 0.00 0.00 0
70865 0.00 0.00 0.00 0
70866 0.00 0.00 0.00 0
70867 0.00 0.00 0.00 0
70868 0.00 0.00 0.00 0
70869 0.00 0.00 0.00 0
70870 0.00 0.00 0.00 0
70871 0.00 0.00 0.00 0
70872 0.00 0.00 0.00 0
70873 0.00 0.00 0.00 0
70874 0.00 0.00 0.00 0
70875 0.00 0.00 0.00 0
70876 0.00 0.00 0.00 0
70877 0.00 0.00 0.00 0
70878 0.00 0.00 0.00 0
70879 0.00 0.00 0.00 0
70880 0.00 0.00 0.00 0
70881 0.00 0.00 0.00 0
70882 0.00 0.00 0.00 0
70888 0.00 0.00 0.00 0
70889 0.00 0.00 0.00 0
70890 0.00 0.00 0.00 0
70891 0.00 0.00 0.00 0
70892 0.00 0.00 0.00 0
76053 0.00 0.00 0.00 0
76054 0.00 0.00 0.00 0
76055 0.00 0.00 0.00 0
76056 0.00 0.00 0.00 0
76057 0.00 0.00 0.00 0
76058 0.00 0.00 0.00 0
76059 0.00 0.00 0.00 0
76060 0.00 0.00 0.00 0
76061 0.00 0.00 0.00 0
76062 0.00 0.00 0.00 0
76063 0.00 0.00 0.00 0
76064 0.00 0.00 0.00 0
76065 0.00 0.00 0.00 0
76066 0.00 0.00 0.00 0
76067 0.00 0.00 0.00 0
76068 0.00 0.00 0.00 0
76069 0.00 0.00 0.00 0
76070 0.00 0.00 0.00 0
76071 0.00 0.00 0.00 0
76072 0.00 0.00 0.00 0
76073 0.00 0.00 0.00 0
76074 0.00 0.00 0.00 0
76075 0.00 0.00 0.00 0
76077 0.00 0.00 0.00 0
76078 0.00 0.00 0.00 0
76080 0.00 0.00 0.00 0
76083 0.00 0.00 0.00 0
76084 0.00 0.00 0.00 0
76085 0.00 0.00 0.00 0
76086 0.00 0.00 0.00 0
76087 0.00 0.00 0.00 0
76088 0.00 0.00 0.00 0
76105 0.00 0.00 0.00 0
76120 0.00 0.00 0.00 0
76121 0.00 0.00 0.00 0
76122 0.00 0.00 0.00 0
76123 0.00 0.00 0.00 0
76124 0.00 0.00 0.00 0
76125 0.00 0.00 0.00 0
76126 0.00 0.00 0.00 0
76127 0.00 0.00 0.00 0
76128 0.00 0.00 0.00 0
76129 0.00 0.00 0.00 0
76572 0.00 0.00 0.00 0
76574 0.00 0.00 0.00 0
76577 0.00 0.00 0.00 0
76578 0.00 0.00 0.00 0
76579 0.00 0.00 0.00 0
76580 0.00 0.00 0.00 0
76581 0.00 0.00 0.00 0
76592 0.00 0.00 0.00 0
76593 0.00 0.00 0.00 0
76838 0.00 0.00 0.00 0
76839 0.00 0.00 0.00 0
76840 0.00 0.00 0.00 0
76841 0.00 0.00 0.00 0
76842 0.00 0.00 0.00 0
76843 0.00 0.00 0.00 0
76844 0.00 0.00 0.00 0
76845 0.00 0.00 0.00 0
76846 0.00 0.00 0.00 0
76847 0.00 0.00 0.00 0
76848 0.00 0.00 0.00 0
76849 0.00 0.00 0.00 0
76850 0.00 0.00 0.00 0
76851 0.00 0.00 0.00 0
76852 0.00 0.00 0.00 0
76853 0.00 0.00 0.00 0
76854 0.00 0.00 0.00 0
76855 0.00 0.00 0.00 0
76856 0.00 0.00 0.00 0
76857 0.00 0.00 0.00 0
76858 0.00 0.00 0.00 0
76859 0.00 0.00 0.00 0
76860 0.00 0.00 0.00 0
76861 0.00 0.00 0.00 0
76862 0.00 0.00 0.00 0
76863 0.00 0.00 0.00 0
76864 0.00 0.00 0.00 0
76865 0.00 0.00 0.00 0
76866 0.00 0.00 0.00 0
76867 0.00 0.00 0.00 0
76868 0.00 0.00 0.00 0
76869 0.00 0.00 0.00 0
76870 0.00 0.00 0.00 0
76871 0.00 0.00 0.00 0
76872 0.00 0.00 0.00 0
76873 0.00 0.00 0.00 0
76874 0.00 0.00 0.00 0
76875 0.00 0.00 0.00 0
76876 0.00 0.00 0.00 0
76877 0.00 0.00 0.00 0
76878 0.00 0.00 0.00 0
76879 0.00 0.00 0.00 0
76880 0.00 0.00 0.00 0
76881 0.00 0.00 0.00 0
76882 0.00 0.00 0.00 0
76883 0.00 0.00 0.00 0
76884 0.00 0.00 0.00 0
76885 0.00 0.00 0.00 0
76886 0.00 0.00 0.00 0
76888 0.00 0.00 0.00 0
76890 0.00 0.00 0.00 0
76891 0.00 0.00 0.00 0
76892 0.00 0.00 0.00 0
76893 0.00 0.00 0.00 0
76895 0.00 0.00 0.00 0
76913 0.00 0.00 0.00 0
76915 0.00 0.00 0.00 0
76928 0.00 0.00 0.00 0
76929 0.00 0.00 0.00 0
76930 0.00 0.00 0.00 0
76931 0.00 0.00 0.00 0
76932 0.00 0.00 0.00 0
76933 0.00 0.00 0.00 0
76934 0.00 0.00 0.00 0
76935 0.00 0.00 0.00 0
76936 0.00 0.00 0.00 0
76937 0.00 0.00 0.00 0
76938 0.00 0.00 0.00 0
76939 0.00 0.00 0.00 0
76940 0.00 0.00 0.00 0
76941 0.00 0.00 0.00 0
76942 0.00 0.00 0.00 0
76943 0.00 0.00 0.00 0
76944 0.00 0.00 0.00 0
76945 0.00 0.00 0.00 0
80246 0.00 0.00 0.00 0
92527 0.00 0.00 0.00 0
92528 0.00 0.00 0.00 0
92529 0.00 0.00 0.00 0
92530 0.00 0.00 0.00 0
92531 0.00 0.00 0.00 0
92532 0.00 0.00 0.00 0
92533 0.00 0.00 0.00 0
92534 0.00 0.00 0.00 0
92535 0.00 0.00 0.00 0
92562 0.00 0.00 0.00 0
92563 0.00 0.00 0.00 0
92564 0.00 0.00 0.00 0
92575 0.00 0.00 0.00 0
92576 0.00 0.00 0.00 0
92577 0.00 0.00 0.00 0
92578 0.00 0.00 0.00 0
92579 0.00 0.00 0.00 0
92580 0.00 0.00 0.00 0
92581 0.00 0.00 0.00 0
92582 0.00 0.00 0.00 0
92583 0.00 0.00 0.00 0
92584 0.00 0.00 0.00 0
92585 0.00 0.00 0.00 0
92586 0.00 0.00 0.00 0
93612 0.00 0.00 0.00 0
93613 0.00 0.00 0.00 0
93614 0.00 0.00 0.00 0
93615 0.00 0.00 0.00 0
93655 0.00 0.00 0.00 0
93656 0.00 0.00 0.00 0
93657 0.00 0.00 0.00 0
93658 0.00 0.00 0.00 0
94701 0.00 0.00 0.00 0
94702 0.00 0.00 0.00 0
94703 0.00 0.00 0.00 0
94704 0.00 0.00 0.00 0
94705 0.00 0.00 0.00 0
94706 0.00 0.00 0.00 0
94707 0.00 0.00 0.00 0
94708 0.00 0.00 0.00 0
94709 0.00 0.00 0.00 0
94710 0.00 0.00 0.00 0
94711 0.00 0.00 0.00 0
94712 0.00 0.00 0.00 0
94713 0.00 0.00 0.00 0
94714 0.00 0.00 0.00 0
94715 0.00 0.00 0.00 0
94716 0.00 0.00 0.00 0
94717 0.00 0.00 0.00 0
94718 0.00 0.00 0.00 0
94803 0.00 0.00 0.00 0
94804 0.00 0.00 0.00 0
94805 0.00 0.00 0.00 0
94806 0.00 0.00 0.00 0
94807 0.00 0.00 0.00 0
94847 0.00 0.00 0.00 0
94856 0.00 0.00 0.00 0
94857 0.00 0.00 0.00 0
94858 0.00 0.00 0.00 0
94859 0.00 0.00 0.00 0
94860 0.00 0.00 0.00 0
94861 0.00 0.00 0.00 0
94862 0.00 0.00 0.00 0
94863 0.00 0.00 0.00 0
94864 0.00 0.00 0.00 0
94865 0.00 0.00 0.00 0
94866 0.00 0.00 0.00 0
94867 0.00 0.00 0.00 0
94868 0.00 0.00 0.00 0
94869 0.00 0.00 0.00 0
94870 0.00 0.00 0.00 0
94871 0.00 0.00 0.00 0
94872 0.00 0.00 0.00 0
94873 0.00 0.00 0.00 0
94874 0.00 0.00 0.00 0
94875 0.00 0.00 0.00 0
94876 0.00 0.00 0.00 0
94877 0.00 0.00 0.00 0
94878 0.00 0.00 0.00 0
94879 0.00 0.00 0.00 0
94880 0.00 0.00 0.00 0
94881 0.00 0.00 0.00 0
99016 0.00 0.00 0.00 0
99017 0.00 0.00 0.00 0
99018 0.00 0.00 0.00 0
99019 0.00 0.00 0.00 0
99020 0.00 0.00 0.00 0
99021 0.00 0.00 0.00 0
99022 0.00 0.00 0.00 0
99023 0.00 0.00 0.00 0
99024 0.00 0.00 0.00 0
99025 0.00 0.00 0.00 0
99026 0.00 0.00 0.00 0
99027 0.00 0.00 0.00 0
99028 0.00 0.00 0.00 0
99029 0.00 0.00 0.00 0
99030 0.00 0.00 0.00 0
99031 0.00 0.00 0.00 0
99032 0.00 0.00 0.00 0
99033 0.00 0.00 0.00 0
99034 0.00 0.00 0.00 0
99035 0.00 0.00 0.00 0
99036 0.00 0.00 0.00 0
99037 0.00 0.00 0.00 0
99038 0.00 0.00 0.00 0
99039 0.00 0.00 0.00 0
99040 0.00 0.00 0.00 0
99041 0.00 0.00 0.00 0
99042 0.00 0.00 0.00 0
99123 0.00 0.00 0.00 0
99124 0.00 0.00 0.00 0
99164 0.00 0.00 0.00 0
99165 0.00 0.00 0.00 0
99166 0.00 0.00 0.00 0
99167 0.00 0.00 0.00 0
99168 0.00 0.00 0.00 0
99169 0.00 0.00 0.00 0
99170 0.00 0.00 0.00 0
99171 0.00 0.00 0.00 0
99172 0.00 0.00 0.00 0
99173 0.00 0.00 0.00 0
99174 0.00 0.00 0.00 0
99175 0.00 0.00 0.00 0
99176 0.00 0.00 0.00 0
99177 0.00 0.00 0.00 0
99178 0.00 0.00 0.00 0
99179 0.00 0.00 0.00 0
99180 0.00 0.00 0.00 0
99181 0.00 0.00 0.00 0
99182 0.00 0.00 0.00 0
99183 0.00 0.00 0.00 0
99184 0.00 0.00 0.00 0
99185 0.00 0.00 0.00 0
99186 0.00 0.00 0.00 0
99187 0.00 0.00 0.00 0
99188 0.00 0.00 0.00 0
99189 0.00 0.00 0.00 0
99190 0.00 0.00 0.00 0
99191 0.00 0.00 0.00 0
99192 0.00 0.00 0.00 0
99193 0.00 0.00 0.00 0
99194 0.00 0.00 0.00 0
99195 0.00 0.00 0.00 0
99196 0.00 0.00 0.00 0
99197 0.00 0.00 0.00 0
99198 0.00 0.00 0.00 0
99199 0.00 0.00 0.00 0
99200 0.00 0.00 0.00 0
99201 0.00 0.00 0.00 0
102272 0.00 0.00 0.00 0
102273 0.00 0.00 0.00 0
102274 0.00 0.00 0.00 0
102275 0.00 0.00 0.00 0
102276 0.00 0.00 0.00 0
102277 0.00 0.00 0.00 0
102278 0.00 0.00 0.00 0
102279 0.00 0.00 0.00 0
102280 0.00 0.00 0.00 0
102281 0.00 0.00 0.00 0
102282 0.00 0.00 0.00 0
102403 0.00 0.00 0.00 0
102404 0.00 0.00 0.00 0
102405 0.00 0.00 0.00 0
102406 0.00 0.00 0.00 0
102407 0.00 0.00 0.00 0
102408 0.00 0.00 0.00 0
102409 0.00 0.00 0.00 0
102410 0.00 0.00 0.00 0
102411 0.00 0.00 0.00 0
102412 0.00 0.00 0.00 0
102413 0.00 0.00 0.00 0
102414 0.00 0.00 0.00 0
102415 0.00 0.00 0.00 0
102420 0.00 0.00 0.00 0
102423 0.00 0.00 0.00 0
102424 0.00 0.00 0.00 0
102425 0.00 0.00 0.00 0
102426 0.00 0.00 0.00 0
102427 0.00 0.00 0.00 0
102428 0.00 0.00 0.00 0
102429 0.00 0.00 0.00 0
102430 0.00 0.00 0.00 0
102431 0.00 0.00 0.00 0
102432 0.00 0.00 0.00 0
102433 0.00 0.00 0.00 0
105536 0.00 0.00 0.00 0
105537 0.00 0.00 0.00 0
105538 0.00 0.00 0.00 0
105539 0.00 0.00 0.00 0
105540 0.00 0.00 0.00 0
105541 0.00 0.00 0.00 0
105542 0.00 0.00 0.00 0
105543 0.00 0.00 0.00 0
105544 0.00 0.00 0.00 0
105545 0.00 0.00 0.00 0
105546 0.00 0.00 0.00 0
105547 0.00 0.00 0.00 0
105548 0.00 0.00 0.00 0
105549 0.00 0.00 0.00 0
105550 0.00 0.00 0.00 0
105551 0.00 0.00 0.00 0
105552 0.00 0.00 0.00 0
105553 0.00 0.00 0.00 0
105554 0.00 0.00 0.00 0
105555 0.00 0.00 0.00 0
105556 0.00 0.00 0.00 0
105557 0.00 0.00 0.00 0
105558 0.00 0.00 0.00 0
105568 0.00 0.00 0.00 0
105577 0.00 0.00 0.00 0
105578 0.00 0.00 0.00 0
105579 0.00 0.00 0.00 0
105580 0.00 0.00 0.00 0
105581 0.00 0.00 0.00 0
105849 0.00 0.00 0.00 0
105850 0.00 0.00 0.00 0
105851 0.00 0.00 0.00 0
105852 0.00 0.00 0.00 0
105853 0.00 0.00 0.00 0
105854 0.00 0.00 0.00 0
105855 0.00 0.00 0.00 0
105857 0.00 0.00 0.00 0
106007 0.00 0.00 0.00 0
106008 0.00 0.00 0.00 0
106009 0.00 0.00 0.00 0
106010 0.00 0.00 0.00 0
106011 0.00 0.00 0.00 0
106012 0.00 0.00 0.00 0
106013 0.00 0.00 0.00 0
106014 0.00 0.00 0.00 0
106015 0.00 0.00 0.00 0
106016 0.00 0.00 0.00 0
106017 0.00 0.00 0.00 0
106018 0.00 0.00 0.00 0
106019 0.00 0.00 0.00 0
106020 0.00 0.00 0.00 0
106021 0.00 0.00 0.00 0
106022 0.00 0.00 0.00 0
106023 0.00 0.00 0.00 0
106024 0.00 0.00 0.00 0
106025 0.00 0.00 0.00 0
106026 0.00 0.00 0.00 0
106027 0.00 0.00 0.00 0
106028 0.00 0.00 0.00 0
106029 0.00 0.00 0.00 0
106030 0.00 0.00 0.00 0
106031 0.00 0.00 0.00 0
106032 0.00 0.00 0.00 0
106033 0.00 0.00 0.00 0
106034 0.00 0.00 0.00 0
106035 0.00 0.00 0.00 0
106036 0.00 0.00 0.00 0
106037 0.00 0.00 0.00 0
106038 0.00 0.00 0.00 0
106039 0.00 0.00 0.00 0
106040 0.00 0.00 0.00 0
106041 0.00 0.00 0.00 0
106052 0.00 0.00 0.00 0
106053 0.00 0.00 0.00 0
106054 0.00 0.00 0.00 0
106055 0.00 0.00 0.00 0
106056 0.00 0.00 0.00 0
106057 0.00 0.00 0.00 0
106058 0.00 0.00 0.00 0
106059 0.00 0.00 0.00 0
106060 0.00 0.00 0.00 0
106061 0.00 0.00 0.00 0
106062 0.00 0.00 0.00 0
106063 0.00 0.00 0.00 0
106064 0.00 0.00 0.00 0
106065 0.00 0.00 0.00 0
106066 0.00 0.00 0.00 0
106067 0.00 0.00 0.00 0
106068 0.00 0.00 0.00 0
106069 0.00 0.00 0.00 0
106070 0.00 0.00 0.00 0
106071 0.00 0.00 0.00 0
106072 0.00 0.00 0.00 0
106073 0.00 0.00 0.00 0
106079 0.00 0.00 0.00 0
108053 0.00 0.00 0.00 0
116053 0.00 0.00 0.00 0
116054 0.00 0.00 0.00 0
116055 0.00 0.00 0.00 0
116056 0.00 0.00 0.00 0
116057 0.00 0.00 0.00 0
116058 0.00 0.00 0.00 0
116059 0.00 0.00 0.00 0
116060 0.00 0.00 0.00 0
116061 0.00 0.00 0.00 0
116062 0.00 0.00 0.00 0
116063 0.00 0.00 0.00 0
116064 0.00 0.00 0.00 0
116065 0.00 0.00 0.00 0
116066 0.00 0.00 0.00 0
116067 0.00 0.00 0.00 0
116068 0.00 0.00 0.00 0
116069 0.00 0.00 0.00 0
116070 0.00 0.00 0.00 0
116071 0.00 0.00 0.00 0
116072 0.00 0.00 0.00 0
116073 0.00 0.00 0.00 0
116136 0.00 0.00 0.00 0
116137 0.00 0.00 0.00 0
116138 0.00 0.00 0.00 0
116167 0.00 0.00 0.00 0
116168 0.00 0.00 0.00 0
116169 0.00 0.00 0.00 0
116170 0.00 0.00 0.00 0
116171 0.00 0.00 0.00 0
116172 0.00 0.00 0.00 0
116173 0.00 0.00 0.00 0
116174 0.00 0.00 0.00 0
116175 0.00 0.00 0.00 0
116176 0.00 0.00 0.00 0
116177 0.00 0.00 0.00 0
116178 0.00 0.00 0.00 0
116179 0.00 0.00 0.00 0
116180 0.00 0.00 0.00 0
116181 0.00 0.00 0.00 0
116182 0.00 0.00 0.00 0
116183 0.00 0.00 0.00 0
116184 0.00 0.00 0.00 0
116185 0.00 0.00 0.00 0
116186 0.00 0.00 0.00 0
116187 0.00 0.00 0.00 0
116188 0.00 0.00 0.00 0
116189 0.00 0.00 0.00 0
116190 0.00 0.00 0.00 0
116191 0.00 0.00 0.00 0
116192 0.00 0.00 0.00 0
116193 0.00 0.00 0.00 0
116194 0.00 0.00 0.00 0
116195 0.00 0.00 0.00 0
116196 0.00 0.00 0.00 0
118586 0.00 0.00 0.00 0
118587 0.00 0.00 0.00 0
118588 0.00 0.00 0.00 0
118589 0.00 0.00 0.00 0
118590 0.00 0.00 0.00 0
118591 0.00 0.00 0.00 0
118592 0.00 0.00 0.00 0
118593 0.00 0.00 0.00 0
118687 0.00 0.00 0.00 0
118688 0.00 0.00 0.00 0
118689 0.00 0.00 0.00 0
118690 0.00 0.00 0.00 0
118691 0.00 0.00 0.00 0
118692 0.00 0.00 0.00 0
118693 0.00 0.00 0.00 0
118694 0.00 0.00 0.00 0
118695 0.00 0.00 0.00 0
118696 0.00 0.00 0.00 0
121124 0.00 0.00 0.00 0
121125 0.00 0.00 0.00 0
121126 0.00 0.00 0.00 0
121127 0.00 0.00 0.00 0
121128 0.00 0.00 0.00 0
121129 0.00 0.00 0.00 0
121130 0.00 0.00 0.00 0
121131 0.00 0.00 0.00 0
121132 0.00 0.00 0.00 0
121133 0.00 0.00 0.00 0
121134 0.00 0.00 0.00 0
121135 0.00 0.00 0.00 0
121136 0.00 0.00 0.00 0
121137 0.00 0.00 0.00 0
121138 0.00 0.00 0.00 0
121139 0.00 0.00 0.00 0
121140 0.00 0.00 0.00 0
121141 0.00 0.00 0.00 0
121142 0.00 0.00 0.00 0
121143 0.00 0.00 0.00 0
121144 0.00 0.00 0.00 0
121145 0.00 0.00 0.00 0
121147 0.00 0.00 0.00 0
121148 0.00 0.00 0.00 0
121149 0.00 0.00 0.00 0
121150 0.00 0.00 0.00 0
121151 0.00 0.00 0.00 0
121152 0.00 0.00 0.00 0
121153 0.00 0.00 0.00 0
121156 0.00 0.00 0.00 0
121157 0.00 0.00 0.00 0
121158 0.00 0.00 0.00 0
121159 0.00 0.00 0.00 0
121160 0.00 0.00 0.00 0
121161 0.00 0.00 0.00 0
121162 0.00 0.00 0.00 0
121365 0.00 0.00 0.00 0
121366 0.00 0.00 0.00 0
121367 0.00 0.00 0.00 0
121368 0.00 0.00 0.00 0
121369 0.00 0.00 0.00 0
121370 0.00 0.00 0.00 0
121371 0.00 0.00 0.00 0
121372 0.00 0.00 0.00 0
121373 0.00 0.00 0.00 0
121374 0.00 0.00 0.00 0
121375 0.00 0.00 0.00 0
121490 0.00 0.00 0.00 0
121491 0.00 0.00 0.00 0
121492 0.00 0.00 0.00 0
121493 0.00 0.00 0.00 0
121494 0.00 0.00 0.00 0
121495 0.00 0.00 0.00 0
121496 0.00 0.00 0.00 0
121497 0.00 0.00 0.00 0
121498 0.00 0.00 0.00 0
121499 0.00 0.00 0.00 0
121500 0.00 0.00 0.00 0
121501 0.00 0.00 0.00 0
121502 0.00 0.00 0.00 0
121503 0.00 0.00 0.00 0
121504 0.00 0.00 0.00 0
121505 0.00 0.00 0.00 0
121506 0.00 0.00 0.00 0
121507 0.00 0.00 0.00 0
121508 0.00 0.00 0.00 0
121509 0.00 0.00 0.00 0
121510 0.00 0.00 0.00 0
121511 0.00 0.00 0.00 0
121512 0.00 0.00 0.00 0
121513 0.00 0.00 0.00 0
121514 0.00 0.00 0.00 0
121515 0.00 0.00 0.00 0
121516 0.00 0.00 0.00 0
121517 0.00 0.00 0.00 0
121518 0.00 0.00 0.00 0
121519 0.00 0.00 0.00 0
121520 0.00 0.00 0.00 0
121521 0.00 0.00 0.00 0
121522 0.00 0.00 0.00 0
121523 0.00 0.00 0.00 0
121524 0.00 0.00 0.00 0
121525 0.00 0.00 0.00 0
121526 0.00 0.00 0.00 0
121527 0.00 0.00 0.00 0
121528 0.00 0.00 0.00 0
121529 0.00 0.00 0.00 0
121530 0.00 0.00 0.00 0
121531 0.00 0.00 0.00 0
121532 0.00 0.00 0.00 0
121533 0.00 0.00 0.00 0
121534 0.00 0.00 0.00 0
121535 0.00 0.00 0.00 0
121536 0.00 0.00 0.00 0
121537 0.00 0.00 0.00 0
121538 0.00 0.00 0.00 0
121539 0.00 0.00 0.00 0
121540 0.00 0.00 0.00 0
121541 0.00 0.00 0.00 0
121542 0.00 0.00 0.00 0
121543 0.00 0.00 0.00 0
121544 0.00 0.00 0.00 0
121545 0.00 0.00 0.00 0
121546 0.00 0.00 0.00 0
121547 0.00 0.00 0.00 0
121548 0.00 0.00 0.00 0
121549 0.00 0.00 0.00 0
121550 0.00 0.00 0.00 0
121551 0.00 0.00 0.00 0
123078 0.00 0.00 0.00 0
123080 0.00 0.00 0.00 0
123081 0.00 0.00 0.00 0
123082 0.00 0.00 0.00 0
123085 0.00 0.00 0.00 0
123089 0.00 0.00 0.00 0
123090 0.00 0.00 0.00 0
130951 0.00 0.00 0.00 0
130952 0.00 0.00 0.00 0
130953 0.00 0.00 0.00 0
130954 0.00 0.00 0.00 0
130955 0.00 0.00 0.00 0
130956 0.00 0.00 0.00 0
130957 0.00 0.00 0.00 0
130958 0.00 0.00 0.00 0
130959 0.00 0.00 0.00 0
130960 0.00 0.00 0.00 0
130961 0.00 0.00 0.00 0
130962 0.00 0.00 0.00 0
130963 0.00 0.00 0.00 0
130964 0.00 0.00 0.00 0
130965 0.00 0.00 0.00 0
130966 0.00 0.00 0.00 0
130967 0.00 0.00 0.00 0
130968 0.00 0.00 0.00 0
130969 0.00 0.00 0.00 0
130970 0.00 0.00 0.00 0
130971 0.00 0.00 0.00 0
130972 0.00 0.00 0.00 0
130973 0.00 0.00 0.00 0
130974 0.00 0.00 0.00 0
130975 0.00 0.00 0.00 0
130976 0.00 0.00 0.00 0
130977 0.00 0.00 0.00 0
130978 0.00 0.00 0.00 0
130979 0.00 0.00 0.00 0
130980 0.00 0.00 0.00 0
130981 0.00 0.00 0.00 0
130982 0.00 0.00 0.00 0
130983 0.00 0.00 0.00 0
130984 0.00 0.00 0.00 0
130985 0.00 0.00 0.00 0
130986 0.00 0.00 0.00 0
130987 0.00 0.00 0.00 0
130988 0.00 0.00 0.00 0
130989 0.00 0.00 0.00 0
130990 0.00 0.00 0.00 0
130991 0.00 0.00 0.00 0
130992 0.00 0.00 0.00 0
130993 0.00 0.00 0.00 0
130994 0.00 0.00 0.00 0
130995 0.00 0.00 0.00 0
130996 0.00 0.00 0.00 0
130997 0.00 0.00 0.00 0
130998 0.00 0.00 0.00 0
130999 0.00 0.00 0.00 0
131000 0.00 0.00 0.00 0
131001 0.00 0.00 0.00 0
131002 0.00 0.00 0.00 0
131003 0.00 0.00 0.00 0
131004 0.00 0.00 0.00 0
131178 0.00 0.00 0.00 0
131179 0.00 0.00 0.00 0
131180 0.00 0.00 0.00 0
131181 0.00 0.00 0.00 0
131273 0.00 0.00 0.00 0
131274 0.00 0.00 0.00 0
131275 0.00 0.00 0.00 0
131276 0.00 0.00 0.00 0
131277 0.00 0.00 0.00 0
131278 0.00 0.00 0.00 0
131279 0.00 0.00 0.00 0
131280 0.00 0.00 0.00 0
131283 0.00 0.00 0.00 0
131284 0.00 0.00 0.00 0
131285 0.00 0.00 0.00 0
131286 0.00 0.00 0.00 0
131287 0.00 0.00 0.00 0
131288 0.00 0.00 0.00 0
131289 0.00 0.00 0.00 0
131290 0.00 0.00 0.00 0
131291 0.00 0.00 0.00 0
131292 0.00 0.00 0.00 0
131293 0.00 0.00 0.00 0
131294 0.00 0.00 0.00 0
131295 0.00 0.00 0.00 0
131296 0.00 0.00 0.00 0
131297 0.00 0.00 0.00 0
131298 0.00 0.00 0.00 0
131299 0.00 0.00 0.00 0
131300 0.00 0.00 0.00 0
131301 0.00 0.00 0.00 0
131302 0.00 0.00 0.00 0
131303 0.00 0.00 0.00 0
131304 0.00 0.00 0.00 0
131305 0.00 0.00 0.00 0
131306 0.00 0.00 0.00 0
131307 0.00 0.00 0.00 0
131308 0.00 0.00 0.00 0
131309 0.00 0.00 0.00 0
131310 0.00 0.00 0.00 0
131311 0.00 0.00 0.00 0
131312 0.00 0.00 0.00 0
131313 0.00 0.00 0.00 0
131314 0.00 0.00 0.00 0
131315 0.00 0.00 0.00 0
131316 0.00 0.00 0.00 0
131317 0.00 0.00 0.00 0
131318 0.00 0.00 0.00 0
131319 0.00 0.00 0.00 0
131320 0.00 0.00 0.00 0
131321 0.00 0.00 0.00 0
131322 0.00 0.00 0.00 0
131323 0.00 0.00 0.00 0
131324 0.00 0.00 0.00 0
131325 0.00 0.00 0.00 0
131326 0.00 0.00 0.00 0
131327 0.00 0.00 0.00 0
131328 0.00 0.00 0.00 0
131329 0.00 0.00 0.00 0
131330 0.00 0.00 0.00 0
131331 0.00 0.00 0.00 0
131332 0.00 0.00 0.00 0
131333 0.00 0.00 0.00 0
131334 0.00 0.00 0.00 0
131335 0.00 0.00 0.00 0
131336 0.00 0.00 0.00 0
131337 0.00 0.00 0.00 0
131338 0.00 0.00 0.00 0
131339 0.00 0.00 0.00 0
131340 0.00 0.00 0.00 0
131341 0.00 0.00 0.00 0
131342 0.00 0.00 0.00 0
131343 0.00 0.00 0.00 0
131344 0.00 0.00 0.00 0
131345 0.00 0.00 0.00 0
131346 0.00 0.00 0.00 0
137819 0.00 0.00 0.00 0
137820 0.00 0.00 0.00 0
137821 0.00 0.00 0.00 0
137822 0.00 0.00 0.00 0
137823 0.00 0.00 0.00 0
137824 0.00 0.00 0.00 0
137825 0.00 0.00 0.00 0
137826 0.00 0.00 0.00 0
137827 0.00 0.00 0.00 0
137828 0.00 0.00 0.00 0
137829 0.00 0.00 0.00 0
137830 0.00 0.00 0.00 0
137831 0.00 0.00 0.00 0
137832 0.00 0.00 0.00 0
137833 0.00 0.00 0.00 0
137834 0.00 0.00 0.00 0
137835 0.00 0.00 0.00 0
137836 0.00 0.00 0.00 0
137837 0.00 0.00 0.00 0
137838 0.00 0.00 0.00 0
137839 0.00 0.00 0.00 0
137840 0.00 0.00 0.00 0
137841 0.00 0.00 0.00 0
137842 0.00 0.00 0.00 0
137843 0.00 0.00 0.00 0
137844 0.00 0.00 0.00 0
138091 0.00 0.00 0.00 0
138092 0.00 0.00 0.00 0
138093 0.00 0.00 0.00 0
138094 0.00 0.00 0.00 0
138095 0.00 0.00 0.00 0
138096 0.00 0.00 0.00 0
138097 0.00 0.00 0.00 0
138098 0.00 0.00 0.00 0
138099 0.00 0.00 0.00 0
138100 0.00 0.00 0.00 0
138101 0.00 0.00 0.00 0
138102 0.00 0.00 0.00 0
138103 0.00 0.00 0.00 0
138104 0.00 0.00 0.00 0
138105 0.00 0.00 0.00 0
138106 0.00 0.00 0.00 0
138107 0.00 0.00 0.00 0
138108 0.00 0.00 0.00 0
138109 0.00 0.00 0.00 0
138110 0.00 0.00 0.00 0
138111 0.00 0.00 0.00 0
138112 0.00 0.00 0.00 0
138113 0.00 0.00 0.00 0
138114 0.00 0.00 0.00 0
138115 0.00 0.00 0.00 0
138116 0.00 0.00 0.00 0
138117 0.00 0.00 0.00 0
138118 0.00 0.00 0.00 0
138119 0.00 0.00 0.00 0
138120 0.00 0.00 0.00 0
138121 0.00 0.00 0.00 0
138122 0.00 0.00 0.00 0
138123 0.00 0.00 0.00 0
138124 0.00 0.00 0.00 0
138125 0.00 0.00 0.00 0
138126 0.00 0.00 0.00 0
138127 0.00 0.00 0.00 0
138130 0.00 0.00 0.00 0
138131 0.00 0.00 0.00 0
138132 0.00 0.00 0.00 0
138133 0.00 0.00 0.00 0
138134 0.00 0.00 0.00 0
138135 0.00 0.00 0.00 0
138136 0.00 0.00 0.00 0
138137 0.00 0.00 0.00 0
138138 0.00 0.00 0.00 0
138139 0.00 0.00 0.00 0
138140 0.00 0.00 0.00 0
138141 0.00 0.00 0.00 0
138142 0.00 0.00 0.00 0
138143 0.00 0.00 0.00 0
138144 0.00 0.00 0.00 0
138145 0.00 0.00 0.00 0
138146 0.00 0.00 0.00 0
138147 0.00 0.00 0.00 0
138148 0.00 0.00 0.00 0
138149 0.00 0.00 0.00 0
138150 0.00 0.00 0.00 0
138151 0.00 0.00 0.00 0
138152 0.00 0.00 0.00 0
138153 0.00 0.00 0.00 0
138154 0.00 0.00 0.00 0
138157 0.00 0.00 0.00 0
138160 0.00 0.00 0.00 0
138161 0.00 0.00 0.00 0
138162 0.00 0.00 0.00 0
138163 0.00 0.00 0.00 0
138164 0.00 0.00 0.00 0
138165 0.00 0.00 0.00 0
138166 0.00 0.00 0.00 0
138167 0.00 0.00 0.00 0
138168 0.00 0.00 0.00 0
138169 0.00 0.00 0.00 0
138170 0.00 0.00 0.00 0
138171 0.00 0.00 0.00 0
144472 0.00 0.00 0.00 0
144473 0.00 0.00 0.00 0
144474 0.00 0.00 0.00 0
144475 0.00 0.00 0.00 0
144476 0.00 0.00 0.00 0
144477 0.00 0.00 0.00 0
144478 0.00 0.00 0.00 0
144479 0.00 0.00 0.00 0
144480 0.00 0.00 0.00 0
144481 0.00 0.00 0.00 0
144482 0.00 0.00 0.00 0
144483 0.00 0.00 0.00 0
144484 0.00 0.00 0.00 0
144485 0.00 0.00 0.00 0
144486 0.00 0.00 0.00 0
144487 0.00 0.00 0.00 0
144488 0.00 0.00 0.00 0
144489 0.00 0.00 0.00 0
144490 0.00 0.00 0.00 0
144491 0.00 0.00 0.00 0
144492 0.00 0.00 0.00 0
144493 0.00 0.00 0.00 0
144494 0.00 0.00 0.00 0
144495 0.00 0.00 0.00 0
144496 0.00 0.00 0.00 0
144502 0.00 0.00 0.00 0
144508 0.00 0.00 0.00 0
144509 0.00 0.00 0.00 0
144510 0.00 0.00 0.00 0
144511 0.00 0.00 0.00 0
144512 0.00 0.00 0.00 0
144513 0.00 0.00 0.00 0
144553 0.00 0.00 0.00 0
144554 0.00 0.00 0.00 0
144555 0.00 0.00 0.00 0
144556 0.00 0.00 0.00 0
144557 0.00 0.00 0.00 0
144558 0.00 0.00 0.00 0
144559 0.00 0.00 0.00 0
144560 0.00 0.00 0.00 0
144562 0.00 0.00 0.00 0
144563 0.00 0.00 0.00 0
145106 0.00 0.00 0.00 0
145107 0.00 0.00 0.00 0
145108 0.00 0.00 0.00 0
145109 0.00 0.00 0.00 0
145110 0.00 0.00 0.00 0
145111 0.00 0.00 0.00 0
145124 0.00 0.00 0.00 0
145125 0.00 0.00 0.00 0
145421 0.00 0.00 0.00 0
145422 0.00 0.00 0.00 0
145423 0.00 0.00 0.00 0
145424 0.00 0.00 0.00 0
145425 0.00 0.00 0.00 0
145426 0.00 0.00 0.00 0
145427 0.00 0.00 0.00 0
145428 0.00 0.00 0.00 0
145429 0.00 0.00 0.00 0
145430 0.00 0.00 0.00 0
145431 0.00 0.00 0.00 0
145432 0.00 0.00 0.00 0
145433 0.00 0.00 0.00 0
145434 0.00 0.00 0.00 0
145435 0.00 0.00 0.00 0
145436 0.00 0.00 0.00 0
145437 0.00 0.00 0.00 0
145438 0.00 0.00 0.00 0
145439 0.00 0.00 0.00 0
145440 0.00 0.00 0.00 0
145441 0.00 0.00 0.00 0
145442 0.00 0.00 0.00 0
145443 0.00 0.00 0.00 0
145444 0.00 0.00 0.00 0
145445 0.00 0.00 0.00 0
145446 0.00 0.00 0.00 0
145447 0.00 0.00 0.00 0
145448 0.00 0.00 0.00 0
145449 0.00 0.00 0.00 0
145450 0.00 0.00 0.00 0
145451 0.00 0.00 0.00 0
145452 0.00 0.00 0.00 0
145453 0.00 0.00 0.00 0
145454 0.00 0.00 0.00 0
145455 0.00 0.00 0.00 0
145456 0.00 0.00 0.00 0
145457 0.00 0.00 0.00 0
145458 0.00 0.00 0.00 0
145459 0.00 0.00 0.00 0
145460 0.00 0.00 0.00 0
145461 0.00 0.00 0.00 0
145462 0.00 0.00 0.00 0
145463 0.00 0.00 0.00 0
145464 0.00 0.00 0.00 0
145465 0.00 0.00 0.00 0
145466 0.00 0.00 0.00 0
145467 0.00 0.00 0.00 0
145468 0.00 0.00 0.00 0
145469 0.00 0.00 0.00 0
145470 0.00 0.00 0.00 0
145471 0.00 0.00 0.00 0
145472 0.00 0.00 0.00 0
145473 0.00 0.00 0.00 0
145474 0.00 0.00 0.00 0
145475 0.00 0.00 0.00 0
145478 0.00 0.00 0.00 0
145484 0.00 0.00 0.00 0
145485 0.00 0.00 0.00 0
145486 0.00 0.00 0.00 0
145487 0.00 0.00 0.00 0
145488 0.00 0.00 0.00 0
145489 0.00 0.00 0.00 0
145529 0.00 0.00 0.00 0
145530 0.00 0.00 0.00 0
145531 0.00 0.00 0.00 0
145532 0.00 0.00 0.00 0
145533 0.00 0.00 0.00 0
145534 0.00 0.00 0.00 0
145535 0.00 0.00 0.00 0
145536 0.00 0.00 0.00 0
145537 0.00 0.00 0.00 0
145538 0.00 0.00 0.00 0
145539 0.00 0.00 0.00 0
145540 0.00 0.00 0.00 0
145541 0.00 0.00 0.00 0
145542 0.00 0.00 0.00 0
145543 0.00 0.00 0.00 0
145544 0.00 0.00 0.00 0
145545 0.00 0.00 0.00 0
145546 0.00 0.00 0.00 0
145547 0.00 0.00 0.00 0
145548 0.00 0.00 0.00 0
145550 0.00 0.00 0.00 0
145565 0.00 0.00 0.00 0
