# S_suborbital
220
3081 0.00 0.00 0.00 0
3082 0.00 0.00 0.00 0
3083 0.00 0.00 0.00 0
3107 0.00 0.00 0.00 0
4930 0.00 0.00 0.00 0
4932 0.00 0.00 0.00 0
4933 0.00 0.00 0.00 0
6703 0.00 0.00 0.00 0
6747 0.00 0.00 0.00 0
7692 0.00 0.00 0.00 0
9246 0.00 0.00 0.00 0
9247 0.00 0.00 0.00 0
12610 0.00 0.00 0.00 0
12611 0.00 0.00 0.00 0
12612 0.00 0.00 0.00 0
12613 0.00 0.00 0.00 0
15003 0.00 0.00 0.00 0
15009 0.00 0.00 0.00 0
15084 0.00 0.00 0.00 0
16895 0.00 0.00 0.00 0
16896 0.00 0.00 0.00 0
20560 0.00 0.00 0.00 0
20561 0.00 0.00 0.00 0
20562 0.00 0.00 0.00 0
20563 0.00 0.00 0.00 0
23978 0.00 0.00 0.00 0
23979 0.00 0.00 0.00 0
23980 0.00 0.00 0.00 0
23981 0.00 0.00 0.00 0
23982 0.00 0.00 0.00 0
24025 0.00 0.00 0.00 0
24026 0.00 0.00 0.00 0
27306 0.00 0.00 0.00 0
27308 0.00 0.00 0.00 0
27309 0.00 0.00 0.00 0
27310 0.00 0.00 0.00 0
27311 0.00 0.00 0.00 0
27312 0.00 0.00 0.00 0
27313 0.00 0.00 0.00 0
30999 0.00 0.00 0.00 0
31000 0.00 0.00 0.00 0
31001 0.00 0.00 0.00 0
31002 0.00 0.00 0.00 0
31003 0.00 0.00 0.00 0
31101 0.00 0.00 0.00 0
31104 0.00 0.00 0.00 0
33496 0.00 0.00 0.00 0
33497 0.00 0.00 0.00 0
37983 0.00 0.00 0.00 0
37984 0.00 0.00 0.00 0
37985 0.00 0.00 0.00 0
37986 0.00 0.00 0.00 0
43330 0.00 0.00 0.00 0
43331 0.00 0.00 0.00 0
43332 0.00 0.00 0.00 0
43333 0.00 0.00 0.00 0
45723 0.00 0.00 0.00 0
45728 0.00 0.00 0.00 0
45729 0.00 0.00 0.00 0
47615 0.00 0.00 0.00 0
47616 0.00 0.00 0.00 0
51281 0.00 0.00 0.00 0
55323 0.00 0.00 0.00 0
55325 0.00 0.00 0.00 0
55326 0.00 0.00 0.00 0
55327 0.00 0.00 0.00 0
55328 0.00 0.00 0.00 0
55329 0.00 0.00 0.00 0
55402 0.00 0.00 0.00 0
55403 0.00 0.00 0.00 0
55404 0.00 0.00 0.00 0
60870 0.00 0.00 0.00 0
60871 0.00 0.00 0.00 0
60872 0.00 0.00 0.00 0
60873 0.00 0.00 0.00 0
60874 0.00 0.00 0.00 0
60875 0.00 0.00 0.00 0
60876 0.00 0.00 0.00 0
60877 0.00 0.00 0.00 0
60878 0.00 0.00 0.00 0
60879 0.00 0.00 0.00 0
60880 0.00 0.00 0.00 0
60882 0.00 0.00 0.00 0
60883 0.00 0.00 0.00 0
68070 0.00 0.00 0.00 0
68071 0.00 0.00 0.00 0
68072 0.00 0.00 0.00 0
68073 0.00 0.00 0.00 0
68074 0.00 0.00 0.00 0
68075 0.00 0.00 0.00 0
68076 0.00 0.00 0.00 0
68077 0.00 0.00 0.00 0
68078 0.00 0.00 0.00 0
68079 0.00 0.00 0.00 0
68083 0.00 0.00 0.00 0
68293 0.00 0.00 0.00 0
68296 0.00 0.00 0.00 0
73725 0.00 0.00 0.00 0
73726 0.00 0.00 0.00 0
73727 0.00 0.00 0.00 0
73728 0.00 0.00 0.00 0
73729 0.00 0.00 0.00 0
73730 0.00 0.00 0.00 0
73731 0.00 0.00 0.00 0
84719 0.00 0.00 0.00 0
84720 0.00 0.00 0.00 0
84721 0.00 0.00 0.00 0
84722 0.00 0.00 0.00 0
84723 0.00 0.00 0.00 0
84724 0.00 0.00 0.00 0
84725 0.00 0.00 0.00 0
84726 0.00 0.00 0.00 0
84727 0.00 0.00 0.00 0
84728 0.00 0.00 0.00 0
84729 0.00 0.00 0.00 0
93100 0.00 0.00 0.00 0
93101 0.00 0.00 0.00 0
93145 0.00 0.00 0.00 0
93146 0.00 0.00 0.00 0
96426 0.00 0.00 0.00 0
96427 0.00 0.00 0.00 0
96428 0.00 0.00 0.00 0
96429 0.00 0.00 0.00 0
96430 0.00 0.00 0.00 0
96431 0.00 0.00 0.00 0
96432 0.00 0.00 0.00 0
96433 0.00 0.00 0.00 0
100733 0.00 0.00 0.00 0
100734 0.00 0.00 0.00 0
100735 0.00 0.00 0.00 0
100745 0.00 0.00 0.00 0
100880 0.00 0.00 0.00 0
104139 0.00 0.00 0.00 0
104140 0.00 0.00 0.00 0
104141 0.00 0.00 0.00 0
104142 0.00 0.00 0.00 0
110736 0.00 0.00 0.00 0
110737 0.00 0.00 0.00 0
110738 0.00 0.00 0.00 0
110739 0.00 0.00 0.00 0
110740 0.00 0.00 0.00 0
110741 0.00 0.00 0.00 0
110742 0.00 0.00 0.00 0
117388 0.00 0.00 0.00 0
117390 0.00 0.00 0.00 0
117391 0.00 0.00 0.00 0
117392 0.00 0.00 0.00 0
117393 0.00 0.00 0.00 0
117394 0.00 0.00 0.00 0
117395 0.00 0.00 0.00 0
117396 0.00 0.00 0.00 0
117397 0.00 0.00 0.00 0
117398 0.00 0.00 0.00 0
117399 0.00 0.00 0.00 0
117501 0.00 0.00 0.00 0
125154 0.00 0.00 0.00 0
125156 0.00 0.00 0.00 0
125157 0.00 0.00 0.00 0
125158 0.00 0.00 0.00 0
125159 0.00 0.00 0.00 0
125160 0.00 0.00 0.00 0
125161 0.00 0.00 0.00 0
125162 0.00 0.00 0.00 0
125163 0.00 0.00 0.00 0
125164 0.00 0.00 0.00 0
125165 0.00 0.00 0.00 0
125166 0.00 0.00 0.00 0
125167 0.00 0.00 0.00 0
125168 0.00 0.00 0.00 0
125169 0.00 0.00 0.00 0
125171 0.00 0.00 0.00 0
125172 0.00 0.00 0.00 0
125173 0.00 0.00 0.00 0
125469 0.00 0.00 0.00 0
134607 0.00 0.00 0.00 0
134608 0.00 0.00 0.00 0
134609 0.00 0.00 0.00 0
134610 0.00 0.00 0.00 0
134611 0.00 0.00 0.00 0
134612 0.00 0.00 0.00 0
134613 0.00 0.00 0.00 0
134614 0.00 0.00 0.00 0
134615 0.00 0.00 0.00 0
134616 0.00 0.00 0.00 0
134617 0.00 0.00 0.00 0
134618 0.00 0.00 0.00 0
134621 0.00 0.00 0.00 0
134622 0.00 0.00 0.00 0
134623 0.00 0.00 0.00 0
134887 0.00 0.00 0.00 0
134888 0.00 0.00 0.00 0
134889 0.00 0.00 0.00 0
134892 0.00 0.00 0.00 0
134893 0.00 0.00 0.00 0
134894 0.00 0.00 0.00 0
134896 0.00 0.00 0.00 0
134897 0.00 0.00 0.00 0
134898 0.00 0.00 0.00 0
141628 0.00 0.00 0.00 0
141629 0.00 0.00 0.00 0
141630 0.00 0.00 0.00 0
141631 0.00 0.00 0.00 0
141632 0.00 0.00 0.00 0
141633 0.00 0.00 0.00 0
141634 0.00 0.00 0.00 0
154911 0.00 0.00 0.00 0
154912 0.00 0.00 0.00 0
154913 0.00 0.00 0.00 0
154914 0.00 0.00 0.00 0
154915 0.00 0.00 0.00 0
154916 0.00 0.00 0.00 0
154917 0.00 0.00 0.00 0
154918 0.00 0.00 0.00 0
154919 0.00 0.00 0.00 0
154920 0.00 0.00 0.00 0
154921 0.00 0.00 0.00 0
154922 0.00 0.00 0.00 0
154923 0.00 0.00 0.00 0
154924 0.00 0.00 0.00 0
154925 0.00 0.00 0.00 0
