# S_subparietal
1994
5 0.00 0.00 0.00 0
66 0.00 0.00 0.00 0
184 0.00 0.00 0.00 0
186 0.00 0.00 0.00 0
408 0.00 0.00 0.00 0
541 0.00 0.00 0.00 0
542 0.00 0.00 0.00 0
666 0.00 0.00 0.00 0
667 0.00 0.00 0.00 0
917 0.00 0.00 0.00 0
919 0.00 0.00 0.00 0
920 0.00 0.00 0.00 0
921 0.00 0.00 0.00 0
1195 0.00 0.00 0.00 0
1196 0.00 0.00 0.00 0
1197 0.00 0.00 0.00 0
1198 0.00 0.00 0.00 0
1199 0.00 0.00 0.00 0
1486 0.00 0.00 0.00 0
1487 0.00 0.00 0.00 0
1488 0.00 0.00 0.00 0
1914 0.00 0.00 0.00 0
2042 0.00 0.00 0.00 0
2263 0.00 0.00 0.00 0
2264 0.00 0.00 0.00 0
2265 0.00 0.00 0.00 0
2267 0.00 0.00 0.00 0
2268 0.00 0.00 0.00 0
2269 0.00 0.00 0.00 0
2270 0.00 0.00 0.00 0
2584 0.00 0.00 0.00 0
2585 0.00 0.00 0.00 0
2586 0.00 0.00 0.00 0
2587 0.00 0.00 0.00 0
2588 0.00 0.00 0.00 0
2837 0.00 0.00 0.00 0
2838 0.00 0.00 0.00 0
2839 0.00 0.00 0.00 0
2840 0.00 0.00 0.00 0
2841 0.00 0.00 0.00 0
3115 0.00 0.00 0.00 0
3116 0.00 0.00 0.00 0
3117 0.00 0.00 0.00 0
3118 0.00 0.00 0.00 0
3119 0.00 0.00 0.00 0
3434 0.00 0.00 0.00 0
3435 0.00 0.00 0.00 0
3436 0.00 0.00 0.00 0
3437 0.00 0.00 0.00 0
3439 0.00 0.00 0.00 0
3440 0.00 0.00 0.00 0
3441 0.00 0.00 0.00 0
3447 0.00 0.00 0.00 0
4202 0.00 0.00 0.00 0
4203 0.00 0.00 0.00 0
4204 0.00 0.00 0.00 0
4205 0.00 0.00 0.00 0
4206 0.00 0.00 0.00 0
5018 0.00 0.00 0.00 0
5020 0.00 0.00 0.00 0
5021 0.00 0.00 0.00 0
5022 0.00 0.00 0.00 0
5023 0.00 0.00 0.00 0
5024 0.00 0.00 0.00 0
5028 0.00 0.00 0.00 0
5029 0.00 0.00 0.00 0
5030 0.00 0.00 0.00 0
5031 0.00 0.00 0.00 0
5032 0.00 0.00 0.00 0
5033 0.00 0.00 0.00 0
5034 0.00 0.00 0.00 0
5035 0.00 0.00 0.00 0
5036 0.00 0.00 0.00 0
5037 0.00 0.00 0.00 0
5038 0.00 0.00 0.00 0
5808 0.00 0.00 0.00 0
5811 0.00 0.00 0.00 0
6259 0.00 0.00 0.00 0
6261 0.00 0.00 0.00 0
6262 0.00 0.00 0.00 0
6263 0.00 0.00 0.00 0
6266 0.00 0.00 0.00 0
6267 0.00 0.00 0.00 0
6759 0.00 0.00 0.00 0
6760 0.00 0.00 0.00 0
6761 0.00 0.00 0.00 0
6762 0.00 0.00 0.00 0
6763 0.00 0.00 0.00 0
6764 0.00 0.00 0.00 0
6765 0.00 0.00 0.00 0
6766 0.00 0.00 0.00 0
6767 0.00 0.00 0.00 0
7308 0.00 0.00 0.00 0
7310 0.00 0.00 0.00 0
7311 0.00 0.00 0.00 0
7312 0.00 0.00 0.00 0
7313 0.00 0.00 0.00 0
7314 0.00 0.00 0.00 0
7703 0.00 0.00 0.00 0
8351 0.00 0.00 0.00 0
8352 0.00 0.00 0.00 0
8696 0.00 0.00 0.00 0
9349 0.00 0.00 0.00 0
9350 0.00 0.00 0.00 0
9351 0.00 0.00 0.00 0
9352 0.00 0.00 0.00 0
9353 0.00 0.00 0.00 0
9354 0.00 0.00 0.00 0
9355 0.00 0.00 0.00 0
9356 0.00 0.00 0.00 0
9357 0.00 0.00 0.00 0
9360 0.00 0.00 0.00 0
9361 0.00 0.00 0.00 0
9362 0.00 0.00 0.00 0
9363 0.00 0.00 0.00 0
9364 0.00 0.00 0.00 0
9365 0.00 0.00 0.00 0
9366 0.00 0.00 0.00 0
9367 0.00 0.00 0.00 0
9368 0.00 0.00 0.00 0
9369 0.00 0.00 0.00 0
9370 0.00 0.00 0.00 0
9371 0.00 0.00 0.00 0
9372 0.00 0.00 0.00 0
9373 0.00 0.00 0.00 0
9374 0.00 0.00 0.00 0
10264 0.00 0.00 0.00 0
10265 0.00 0.00 0.00 0
10266 0.00 0.00 0.00 0
10267 0.00 0.00 0.00 0
10268 0.00 0.00 0.00 0
10517 0.00 0.00 0.00 0
10518 0.00 0.00 0.00 0
10519 0.00 0.00 0.00 0
10520 0.00 0.00 0.00 0
10521 0.00 0.00 0.00 0
10796 0.00 0.00 0.00 0
10797 0.00 0.00 0.00 0
10798 0.00 0.00 0.00 0
10799 0.00 0.00 0.00 0
11114 0.00 0.00 0.00 0
11115 0.00 0.00 0.00 0
11116 0.00 0.00 0.00 0
11117 0.00 0.00 0.00 0
11118 0.00 0.00 0.00 0
11119 0.00 0.00 0.00 0
11120 0.00 0.00 0.00 0
11121 0.00 0.00 0.00 0
11127 0.00 0.00 0.00 0
11128 0.00 0.00 0.00 0
11882 0.00 0.00 0.00 0
11883 0.00 0.00 0.00 0
11884 0.00 0.00 0.00 0
11885 0.00 0.00 0.00 0
11886 0.00 0.00 0.00 0
12700 0.00 0.00 0.00 0
12701 0.00 0.00 0.00 0
12702 0.00 0.00 0.00 0
12703 0.00 0.00 0.00 0
12704 0.00 0.00 0.00 0
12708 0.00 0.00 0.00 0
12709 0.00 0.00 0.00 0
12710 0.00 0.00 0.00 0
12711 0.00 0.00 0.00 0
12712 0.00 0.00 0.00 0
12713 0.00 0.00 0.00 0
12714 0.00 0.00 0.00 0
12716 0.00 0.00 0.00 0
13517 0.00 0.00 0.00 0
13518 0.00 0.00 0.00 0
13519 0.00 0.00 0.00 0
13520 0.00 0.00 0.00 0
13521 0.00 0.00 0.00 0
13522 0.00 0.00 0.00 0
13523 0.00 0.00 0.00 0
13524 0.00 0.00 0.00 0
13525 0.00 0.00 0.00 0
14272 0.00 0.00 0.00 0
14273 0.00 0.00 0.00 0
14274 0.00 0.00 0.00 0
14275 0.00 0.00 0.00 0
14276 0.00 0.00 0.00 0
14277 0.00 0.00 0.00 0
14278 0.00 0.00 0.00 0
14279 0.00 0.00 0.00 0
14280 0.00 0.00 0.00 0
14281 0.00 0.00 0.00 0
14282 0.00 0.00 0.00 0
14283 0.00 0.00 0.00 0
14284 0.00 0.00 0.00 0
14285 0.00 0.00 0.00 0
14286 0.00 0.00 0.00 0
15105 0.00 0.00 0.00 0
15106 0.00 0.00 0.00 0
15107 0.00 0.00 0.00 0
15108 0.00 0.00 0.00 0
15109 0.00 0.00 0.00 0
15110 0.00 0.00 0.00 0
15111 0.00 0.00 0.00 0
15112 0.00 0.00 0.00 0
15113 0.00 0.00 0.00 0
15114 0.00 0.00 0.00 0
15115 0.00 0.00 0.00 0
15116 0.00 0.00 0.00 0
15117 0.00 0.00 0.00 0
15118 0.00 0.00 0.00 0
15119 0.00 0.00 0.00 0
16067 0.00 0.00 0.00 0
16069 0.00 0.00 0.00 0
16070 0.00 0.00 0.00 0
16071 0.00 0.00 0.00 0
16075 0.00 0.00 0.00 0
16077 0.00 0.00 0.00 0
16078 0.00 0.00 0.00 0
16079 0.00 0.00 0.00 0
16080 0.00 0.00 0.00 0
16081 0.00 0.00 0.00 0
16082 0.00 0.00 0.00 0
16083 0.00 0.00 0.00 0
16084 0.00 0.00 0.00 0
16085 0.00 0.00 0.00 0
16086 0.00 0.00 0.00 0
16918 0.00 0.00 0.00 0
18367 0.00 0.00 0.00 0
18370 0.00 0.00 0.00 0
18377 0.00 0.00 0.00 0
18378 0.00 0.00 0.00 0
18379 0.00 0.00 0.00 0
18380 0.00 0.00 0.00 0
18381 0.00 0.00 0.00 0
20812 0.00 0.00 0.00 0
20813 0.00 0.00 0.00 0
20814 0.00 0.00 0.00 0
20815 0.00 0.00 0.00 0
20816 0.00 0.00 0.00 0
20817 0.00 0.00 0.00 0
20818 0.00 0.00 0.00 0
20819 0.00 0.00 0.00 0
20822 0.00 0.00 0.00 0
20823 0.00 0.00 0.00 0
20824 0.00 0.00 0.00 0
20825 0.00 0.00 0.00 0
20826 0.00 0.00 0.00 0
20827 0.00 0.00 0.00 0
20828 0.00 0.00 0.00 0
20829 0.00 0.00 0.00 0
20830 0.00 0.00 0.00 0
20831 0.00 0.00 0.00 0
20832 0.00 0.00 0.00 0
20833 0.00 0.00 0.00 0
20834 0.00 0.00 0.00 0
20843 0.00 0.00 0.00 0
20844 0.00 0.00 0.00 0
20845 0.00 0.00 0.00 0
20846 0.00 0.00 0.00 0
20847 0.00 0.00 0.00 0
20848 0.00 0.00 0.00 0
20849 0.00 0.00 0.00 0
20850 0.00 0.00 0.00 0
20851 0.00 0.00 0.00 0
20852 0.00 0.00 0.00 0
20853 0.00 0.00 0.00 0
20854 0.00 0.00 0.00 0
20855 0.00 0.00 0.00 0
20856 0.00 0.00 0.00 0
20857 0.00 0.00 0.00 0
20858 0.00 0.00 0.00 0
20859 0.00 0.00 0.00 0
20860 0.00 0.00 0.00 0
20861 0.00 0.00 0.00 0
20862 0.00 0.00 0.00 0
20863 0.00 0.00 0.00 0
20864 0.00 0.00 0.00 0
20865 0.00 0.00 0.00 0
20866 0.00 0.00 0.00 0
20867 0.00 0.00 0.00 0
20868 0.00 0.00 0.00 0
20869 0.00 0.00 0.00 0
20870 0.00 0.00 0.00 0
20871 0.00 0.00 0.00 0
20872 0.00 0.00 0.00 0
20873 0.00 0.00 0.00 0
20874 0.00 0.00 0.00 0
20876 0.00 0.00 0.00 0
20877 0.00 0.00 0.00 0
20878 0.00 0.00 0.00 0
23084 0.00 0.00 0.00 0
23085 0.00 0.00 0.00 0
23086 0.00 0.00 0.00 0
23087 0.00 0.00 0.00 0
23088 0.00 0.00 0.00 0
23089 0.00 0.00 0.00 0
23090 0.00 0.00 0.00 0
23091 0.00 0.00 0.00 0
23092 0.00 0.00 0.00 0
23539 0.00 0.00 0.00 0
23540 0.00 0.00 0.00 0
23541 0.00 0.00 0.00 0
23542 0.00 0.00 0.00 0
23543 0.00 0.00 0.00 0
23544 0.00 0.00 0.00 0
23545 0.00 0.00 0.00 0
23546 0.00 0.00 0.00 0
23547 0.00 0.00 0.00 0
24039 0.00 0.00 0.00 0
24040 0.00 0.00 0.00 0
24041 0.00 0.00 0.00 0
24042 0.00 0.00 0.00 0
24043 0.00 0.00 0.00 0
24044 0.00 0.00 0.00 0
24045 0.00 0.00 0.00 0
24046 0.00 0.00 0.00 0
24047 0.00 0.00 0.00 0
24616 0.00 0.00 0.00 0
24617 0.00 0.00 0.00 0
24618 0.00 0.00 0.00 0
24621 0.00 0.00 0.00 0
24622 0.00 0.00 0.00 0
24623 0.00 0.00 0.00 0
24624 0.00 0.00 0.00 0
24625 0.00 0.00 0.00 0
24626 0.00 0.00 0.00 0
24627 0.00 0.00 0.00 0
24637 0.00 0.00 0.00 0
24639 0.00 0.00 0.00 0
24640 0.00 0.00 0.00 0
25996 0.00 0.00 0.00 0
25997 0.00 0.00 0.00 0
25998 0.00 0.00 0.00 0
25999 0.00 0.00 0.00 0
26000 0.00 0.00 0.00 0
26001 0.00 0.00 0.00 0
26002 0.00 0.00 0.00 0
26003 0.00 0.00 0.00 0
26004 0.00 0.00 0.00 0
27464 0.00 0.00 0.00 0
27465 0.00 0.00 0.00 0
27466 0.00 0.00 0.00 0
27467 0.00 0.00 0.00 0
27469 0.00 0.00 0.00 0
27470 0.00 0.00 0.00 0
27471 0.00 0.00 0.00 0
27472 0.00 0.00 0.00 0
27473 0.00 0.00 0.00 0
27474 0.00 0.00 0.00 0
27475 0.00 0.00 0.00 0
27476 0.00 0.00 0.00 0
27482 0.00 0.00 0.00 0
27483 0.00 0.00 0.00 0
27484 0.00 0.00 0.00 0
27485 0.00 0.00 0.00 0
27486 0.00 0.00 0.00 0
27487 0.00 0.00 0.00 0
27488 0.00 0.00 0.00 0
27489 0.00 0.00 0.00 0
27490 0.00 0.00 0.00 0
27491 0.00 0.00 0.00 0
27492 0.00 0.00 0.00 0
27493 0.00 0.00 0.00 0
27494 0.00 0.00 0.00 0
27495 0.00 0.00 0.00 0
27496 0.00 0.00 0.00 0
27497 0.00 0.00 0.00 0
27498 0.00 0.00 0.00 0
27499 0.00 0.00 0.00 0
27500 0.00 0.00 0.00 0
28905 0.00 0.00 0.00 0
28912 0.00 0.00 0.00 0
28913 0.00 0.00 0.00 0
28914 0.00 0.00 0.00 0
28920 0.00 0.00 0.00 0
29965 0.00 0.00 0.00 0
29967 0.00 0.00 0.00 0
29968 0.00 0.00 0.00 0
29970 0.00 0.00 0.00 0
29971 0.00 0.00 0.00 0
29977 0.00 0.00 0.00 0
29979 0.00 0.00 0.00 0
29980 0.00 0.00 0.00 0
29981 0.00 0.00 0.00 0
29982 0.00 0.00 0.00 0
29983 0.00 0.00 0.00 0
29984 0.00 0.00 0.00 0
29985 0.00 0.00 0.00 0
31133 0.00 0.00 0.00 0
31134 0.00 0.00 0.00 0
31135 0.00 0.00 0.00 0
31136 0.00 0.00 0.00 0
31137 0.00 0.00 0.00 0
31138 0.00 0.00 0.00 0
31139 0.00 0.00 0.00 0
31140 0.00 0.00 0.00 0
31141 0.00 0.00 0.00 0
31142 0.00 0.00 0.00 0
31143 0.00 0.00 0.00 0
31144 0.00 0.00 0.00 0
31145 0.00 0.00 0.00 0
31146 0.00 0.00 0.00 0
31147 0.00 0.00 0.00 0
31148 0.00 0.00 0.00 0
31149 0.00 0.00 0.00 0
31150 0.00 0.00 0.00 0
32454 0.00 0.00 0.00 0
32457 0.00 0.00 0.00 0
32459 0.00 0.00 0.00 0
32460 0.00 0.00 0.00 0
32461 0.00 0.00 0.00 0
32462 0.00 0.00 0.00 0
32463 0.00 0.00 0.00 0
32464 0.00 0.00 0.00 0
32465 0.00 0.00 0.00 0
32466 0.00 0.00 0.00 0
32467 0.00 0.00 0.00 0
32468 0.00 0.00 0.00 0
32469 0.00 0.00 0.00 0
32470 0.00 0.00 0.00 0
32471 0.00 0.00 0.00 0
32472 0.00 0.00 0.00 0
33521 0.00 0.00 0.00 0
33524 0.00 0.00 0.00 0
33525 0.00 0.00 0.00 0
33526 0.00 0.00 0.00 0
35341 0.00 0.00 0.00 0
35342 0.00 0.00 0.00 0
35345 0.00 0.00 0.00 0
35346 0.00 0.00 0.00 0
36337 0.00 0.00 0.00 0
36338 0.00 0.00 0.00 0
36339 0.00 0.00 0.00 0
36824 0.00 0.00 0.00 0
38287 0.00 0.00 0.00 0
38288 0.00 0.00 0.00 0
38289 0.00 0.00 0.00 0
38290 0.00 0.00 0.00 0
38291 0.00 0.00 0.00 0
38292 0.00 0.00 0.00 0
38293 0.00 0.00 0.00 0
38294 0.00 0.00 0.00 0
38295 0.00 0.00 0.00 0
38297 0.00 0.00 0.00 0
38298 0.00 0.00 0.00 0
38299 0.00 0.00 0.00 0
38300 0.00 0.00 0.00 0
38301 0.00 0.00 0.00 0
38302 0.00 0.00 0.00 0
38303 0.00 0.00 0.00 0
38304 0.00 0.00 0.00 0
38305 0.00 0.00 0.00 0
38306 0.00 0.00 0.00 0
38307 0.00 0.00 0.00 0
38308 0.00 0.00 0.00 0
38309 0.00 0.00 0.00 0
38310 0.00 0.00 0.00 0
38311 0.00 0.00 0.00 0
38312 0.00 0.00 0.00 0
38313 0.00 0.00 0.00 0
38322 0.00 0.00 0.00 0
38323 0.00 0.00 0.00 0
38325 0.00 0.00 0.00 0
38326 0.00 0.00 0.00 0
38327 0.00 0.00 0.00 0
38328 0.00 0.00 0.00 0
38329 0.00 0.00 0.00 0
38330 0.00 0.00 0.00 0
38331 0.00 0.00 0.00 0
38332 0.00 0.00 0.00 0
38333 0.00 0.00 0.00 0
38334 0.00 0.00 0.00 0
38335 0.00 0.00 0.00 0
38336 0.00 0.00 0.00 0
38337 0.00 0.00 0.00 0
38338 0.00 0.00 0.00 0
38339 0.00 0.00 0.00 0
38340 0.00 0.00 0.00 0
38341 0.00 0.00 0.00 0
38342 0.00 0.00 0.00 0
38343 0.00 0.00 0.00 0
38344 0.00 0.00 0.00 0
38345 0.00 0.00 0.00 0
38346 0.00 0.00 0.00 0
38347 0.00 0.00 0.00 0
38348 0.00 0.00 0.00 0
38349 0.00 0.00 0.00 0
38350 0.00 0.00 0.00 0
38351 0.00 0.00 0.00 0
38352 0.00 0.00 0.00 0
38353 0.00 0.00 0.00 0
38354 0.00 0.00 0.00 0
38355 0.00 0.00 0.00 0
38356 0.00 0.00 0.00 0
38357 0.00 0.00 0.00 0
38358 0.00 0.00 0.00 0
38359 0.00 0.00 0.00 0
38360 0.00 0.00 0.00 0
38361 0.00 0.00 0.00 0
38362 0.00 0.00 0.00 0
38363 0.00 0.00 0.00 0
38364 0.00 0.00 0.00 0
38365 0.00 0.00 0.00 0
38366 0.00 0.00 0.00 0
38367 0.00 0.00 0.00 0
40984 0.00 0.00 0.00 0
40985 0.00 0.00 0.00 0
40986 0.00 0.00 0.00 0
40987 0.00 0.00 0.00 0
40988 0.00 0.00 0.00 0
41237 0.00 0.00 0.00 0
41238 0.00 0.00 0.00 0
41239 0.00 0.00 0.00 0
41240 0.00 0.00 0.00 0
41241 0.00 0.00 0.00 0
41516 0.00 0.00 0.00 0
41517 0.00 0.00 0.00 0
41518 0.00 0.00 0.00 0
41519 0.00 0.00 0.00 0
41834 0.00 0.00 0.00 0
41835 0.00 0.00 0.00 0
41836 0.00 0.00 0.00 0
41837 0.00 0.00 0.00 0
41838 0.00 0.00 0.00 0
41839 0.00 0.00 0.00 0
41840 0.00 0.00 0.00 0
41841 0.00 0.00 0.00 0
41846 0.00 0.00 0.00 0
41847 0.00 0.00 0.00 0
41848 0.00 0.00 0.00 0
42602 0.00 0.00 0.00 0
42603 0.00 0.00 0.00 0
42604 0.00 0.00 0.00 0
42605 0.00 0.00 0.00 0
42606 0.00 0.00 0.00 0
43420 0.00 0.00 0.00 0
43421 0.00 0.00 0.00 0
43422 0.00 0.00 0.00 0
43423 0.00 0.00 0.00 0
43424 0.00 0.00 0.00 0
43428 0.00 0.00 0.00 0
43429 0.00 0.00 0.00 0
43430 0.00 0.00 0.00 0
43431 0.00 0.00 0.00 0
43432 0.00 0.00 0.00 0
43433 0.00 0.00 0.00 0
43434 0.00 0.00 0.00 0
44237 0.00 0.00 0.00 0
44238 0.00 0.00 0.00 0
44239 0.00 0.00 0.00 0
44240 0.00 0.00 0.00 0
44241 0.00 0.00 0.00 0
44242 0.00 0.00 0.00 0
44243 0.00 0.00 0.00 0
44244 0.00 0.00 0.00 0
44992 0.00 0.00 0.00 0
44993 0.00 0.00 0.00 0
44994 0.00 0.00 0.00 0
44995 0.00 0.00 0.00 0
44996 0.00 0.00 0.00 0
44997 0.00 0.00 0.00 0
44998 0.00 0.00 0.00 0
44999 0.00 0.00 0.00 0
45000 0.00 0.00 0.00 0
45001 0.00 0.00 0.00 0
45002 0.00 0.00 0.00 0
45003 0.00 0.00 0.00 0
45004 0.00 0.00 0.00 0
45005 0.00 0.00 0.00 0
45006 0.00 0.00 0.00 0
45825 0.00 0.00 0.00 0
45826 0.00 0.00 0.00 0
45827 0.00 0.00 0.00 0
45828 0.00 0.00 0.00 0
45829 0.00 0.00 0.00 0
45830 0.00 0.00 0.00 0
45831 0.00 0.00 0.00 0
45832 0.00 0.00 0.00 0
45833 0.00 0.00 0.00 0
45834 0.00 0.00 0.00 0
45835 0.00 0.00 0.00 0
45836 0.00 0.00 0.00 0
45837 0.00 0.00 0.00 0
45838 0.00 0.00 0.00 0
45839 0.00 0.00 0.00 0
46787 0.00 0.00 0.00 0
46788 0.00 0.00 0.00 0
46789 0.00 0.00 0.00 0
46790 0.00 0.00 0.00 0
46791 0.00 0.00 0.00 0
46795 0.00 0.00 0.00 0
46796 0.00 0.00 0.00 0
46797 0.00 0.00 0.00 0
46798 0.00 0.00 0.00 0
46799 0.00 0.00 0.00 0
46800 0.00 0.00 0.00 0
46801 0.00 0.00 0.00 0
46802 0.00 0.00 0.00 0
46803 0.00 0.00 0.00 0
46804 0.00 0.00 0.00 0
46805 0.00 0.00 0.00 0
46806 0.00 0.00 0.00 0
49087 0.00 0.00 0.00 0
49089 0.00 0.00 0.00 0
49090 0.00 0.00 0.00 0
49097 0.00 0.00 0.00 0
49098 0.00 0.00 0.00 0
49099 0.00 0.00 0.00 0
49100 0.00 0.00 0.00 0
49101 0.00 0.00 0.00 0
51532 0.00 0.00 0.00 0
51533 0.00 0.00 0.00 0
51534 0.00 0.00 0.00 0
51535 0.00 0.00 0.00 0
51536 0.00 0.00 0.00 0
51537 0.00 0.00 0.00 0
51538 0.00 0.00 0.00 0
51539 0.00 0.00 0.00 0
51543 0.00 0.00 0.00 0
51544 0.00 0.00 0.00 0
51545 0.00 0.00 0.00 0
51546 0.00 0.00 0.00 0
51547 0.00 0.00 0.00 0
51548 0.00 0.00 0.00 0
51549 0.00 0.00 0.00 0
51550 0.00 0.00 0.00 0
51551 0.00 0.00 0.00 0
51552 0.00 0.00 0.00 0
51553 0.00 0.00 0.00 0
51554 0.00 0.00 0.00 0
51563 0.00 0.00 0.00 0
51564 0.00 0.00 0.00 0
51565 0.00 0.00 0.00 0
51566 0.00 0.00 0.00 0
51567 0.00 0.00 0.00 0
51568 0.00 0.00 0.00 0
51569 0.00 0.00 0.00 0
51570 0.00 0.00 0.00 0
51571 0.00 0.00 0.00 0
51572 0.00 0.00 0.00 0
51573 0.00 0.00 0.00 0
51574 0.00 0.00 0.00 0
51575 0.00 0.00 0.00 0
51576 0.00 0.00 0.00 0
51577 0.00 0.00 0.00 0
51578 0.00 0.00 0.00 0
51579 0.00 0.00 0.00 0
51580 0.00 0.00 0.00 0
51581 0.00 0.00 0.00 0
51582 0.00 0.00 0.00 0
51583 0.00 0.00 0.00 0
51584 0.00 0.00 0.00 0
51585 0.00 0.00 0.00 0
51586 0.00 0.00 0.00 0
51587 0.00 0.00 0.00 0
51588 0.00 0.00 0.00 0
51589 0.00 0.00 0.00 0
51590 0.00 0.00 0.00 0
51591 0.00 0.00 0.00 0
51592 0.00 0.00 0.00 0
51593 0.00 0.00 0.00 0
51594 0.00 0.00 0.00 0
51596 0.00 0.00 0.00 0
53834 0.00 0.00 0.00 0
53835 0.00 0.00 0.00 0
53836 0.00 0.00 0.00 0
53837 0.00 0.00 0.00 0
53838 0.00 0.00 0.00 0
53839 0.00 0.00 0.00 0
53840 0.00 0.00 0.00 0
53841 0.00 0.00 0.00 0
53842 0.00 0.00 0.00 0
53843 0.00 0.00 0.00 0
53844 0.00 0.00 0.00 0
53845 0.00 0.00 0.00 0
53846 0.00 0.00 0.00 0
53847 0.00 0.00 0.00 0
53848 0.00 0.00 0.00 0
54592 0.00 0.00 0.00 0
54593 0.00 0.00 0.00 0
54594 0.00 0.00 0.00 0
54595 0.00 0.00 0.00 0
54596 0.00 0.00 0.00 0
54597 0.00 0.00 0.00 0
54598 0.00 0.00 0.00 0
54599 0.00 0.00 0.00 0
54600 0.00 0.00 0.00 0
54601 0.00 0.00 0.00 0
54602 0.00 0.00 0.00 0
54603 0.00 0.00 0.00 0
54604 0.00 0.00 0.00 0
54605 0.00 0.00 0.00 0
54606 0.00 0.00 0.00 0
55425 0.00 0.00 0.00 0
55426 0.00 0.00 0.00 0
55427 0.00 0.00 0.00 0
55428 0.00 0.00 0.00 0
55429 0.00 0.00 0.00 0
55430 0.00 0.00 0.00 0
55431 0.00 0.00 0.00 0
55432 0.00 0.00 0.00 0
55433 0.00 0.00 0.00 0
55434 0.00 0.00 0.00 0
55435 0.00 0.00 0.00 0
55436 0.00 0.00 0.00 0
55437 0.00 0.00 0.00 0
55438 0.00 0.00 0.00 0
55439 0.00 0.00 0.00 0
56384 0.00 0.00 0.00 0
56386 0.00 0.00 0.00 0
56387 0.00 0.00 0.00 0
56388 0.00 0.00 0.00 0
56389 0.00 0.00 0.00 0
56390 0.00 0.00 0.00 0
56391 0.00 0.00 0.00 0
56392 0.00 0.00 0.00 0
56394 0.00 0.00 0.00 0
56395 0.00 0.00 0.00 0
56396 0.00 0.00 0.00 0
56397 0.00 0.00 0.00 0
56398 0.00 0.00 0.00 0
56399 0.00 0.00 0.00 0
56400 0.00 0.00 0.00 0
56401 0.00 0.00 0.00 0
56402 0.00 0.00 0.00 0
56403 0.00 0.00 0.00 0
56404 0.00 0.00 0.00 0
56405 0.00 0.00 0.00 0
56406 0.00 0.00 0.00 0
56418 0.00 0.00 0.00 0
56420 0.00 0.00 0.00 0
56421 0.00 0.00 0.00 0
56422 0.00 0.00 0.00 0
56423 0.00 0.00 0.00 0
56424 0.00 0.00 0.00 0
56425 0.00 0.00 0.00 0
56426 0.00 0.00 0.00 0
56427 0.00 0.00 0.00 0
58687 0.00 0.00 0.00 0
58688 0.00 0.00 0.00 0
58689 0.00 0.00 0.00 0
58690 0.00 0.00 0.00 0
58691 0.00 0.00 0.00 0
58692 0.00 0.00 0.00 0
58693 0.00 0.00 0.00 0
58694 0.00 0.00 0.00 0
58695 0.00 0.00 0.00 0
58696 0.00 0.00 0.00 0
58697 0.00 0.00 0.00 0
58698 0.00 0.00 0.00 0
58699 0.00 0.00 0.00 0
58700 0.00 0.00 0.00 0
58701 0.00 0.00 0.00 0
61137 0.00 0.00 0.00 0
61138 0.00 0.00 0.00 0
61139 0.00 0.00 0.00 0
61141 0.00 0.00 0.00 0
61142 0.00 0.00 0.00 0
61143 0.00 0.00 0.00 0
61144 0.00 0.00 0.00 0
61145 0.00 0.00 0.00 0
61146 0.00 0.00 0.00 0
61147 0.00 0.00 0.00 0
61148 0.00 0.00 0.00 0
61149 0.00 0.00 0.00 0
61150 0.00 0.00 0.00 0
61151 0.00 0.00 0.00 0
61152 0.00 0.00 0.00 0
61153 0.00 0.00 0.00 0
61154 0.00 0.00 0.00 0
61163 0.00 0.00 0.00 0
61164 0.00 0.00 0.00 0
61165 0.00 0.00 0.00 0
61166 0.00 0.00 0.00 0
61167 0.00 0.00 0.00 0
61168 0.00 0.00 0.00 0
61169 0.00 0.00 0.00 0
61170 0.00 0.00 0.00 0
61171 0.00 0.00 0.00 0
61172 0.00 0.00 0.00 0
61173 0.00 0.00 0.00 0
61174 0.00 0.00 0.00 0
61175 0.00 0.00 0.00 0
61176 0.00 0.00 0.00 0
61177 0.00 0.00 0.00 0
61178 0.00 0.00 0.00 0
61179 0.00 0.00 0.00 0
61180 0.00 0.00 0.00 0
61181 0.00 0.00 0.00 0
61182 0.00 0.00 0.00 0
61183 0.00 0.00 0.00 0
61184 0.00 0.00 0.00 0
61185 0.00 0.00 0.00 0
61186 0.00 0.00 0.00 0
61187 0.00 0.00 0.00 0
61188 0.00 0.00 0.00 0
61189 0.00 0.00 0.00 0
61190 0.00 0.00 0.00 0
61191 0.00 0.00 0.00 0
61192 0.00 0.00 0.00 0
61193 0.00 0.00 0.00 0
63592 0.00 0.00 0.00 0
63593 0.00 0.00 0.00 0
63594 0.00 0.00 0.00 0
63602 0.00 0.00 0.00 0
63603 0.00 0.00 0.00 0
63604 0.00 0.00 0.00 0
63605 0.00 0.00 0.00 0
63606 0.00 0.00 0.00 0
63610 0.00 0.00 0.00 0
63611 0.00 0.00 0.00 0
63612 0.00 0.00 0.00 0
63614 0.00 0.00 0.00 0
63615 0.00 0.00 0.00 0
63616 0.00 0.00 0.00 0
63617 0.00 0.00 0.00 0
65857 0.00 0.00 0.00 0
65858 0.00 0.00 0.00 0
65859 0.00 0.00 0.00 0
65860 0.00 0.00 0.00 0
65861 0.00 0.00 0.00 0
65862 0.00 0.00 0.00 0
65864 0.00 0.00 0.00 0
65865 0.00 0.00 0.00 0
65866 0.00 0.00 0.00 0
65867 0.00 0.00 0.00 0
65868 0.00 0.00 0.00 0
65869 0.00 0.00 0.00 0
65870 0.00 0.00 0.00 0
65871 0.00 0.00 0.00 0
65872 0.00 0.00 0.00 0
65874 0.00 0.00 0.00 0
65875 0.00 0.00 0.00 0
65881 0.00 0.00 0.00 0
65882 0.00 0.00 0.00 0
65883 0.00 0.00 0.00 0
65887 0.00 0.00 0.00 0
65888 0.00 0.00 0.00 0
65889 0.00 0.00 0.00 0
65890 0.00 0.00 0.00 0
65891 0.00 0.00 0.00 0
65892 0.00 0.00 0.00 0
65893 0.00 0.00 0.00 0
65894 0.00 0.00 0.00 0
65895 0.00 0.00 0.00 0
65896 0.00 0.00 0.00 0
65897 0.00 0.00 0.00 0
65898 0.00 0.00 0.00 0
65899 0.00 0.00 0.00 0
65900 0.00 0.00 0.00 0
65901 0.00 0.00 0.00 0
68357 0.00 0.00 0.00 0
68358 0.00 0.00 0.00 0
68359 0.00 0.00 0.00 0
68360 0.00 0.00 0.00 0
68361 0.00 0.00 0.00 0
68362 0.00 0.00 0.00 0
68363 0.00 0.00 0.00 0
68364 0.00 0.00 0.00 0
68365 0.00 0.00 0.00 0
68366 0.00 0.00 0.00 0
68367 0.00 0.00 0.00 0
68368 0.00 0.00 0.00 0
68369 0.00 0.00 0.00 0
68370 0.00 0.00 0.00 0
68371 0.00 0.00 0.00 0
68372 0.00 0.00 0.00 0
68373 0.00 0.00 0.00 0
68374 0.00 0.00 0.00 0
68375 0.00 0.00 0.00 0
68376 0.00 0.00 0.00 0
68377 0.00 0.00 0.00 0
68378 0.00 0.00 0.00 0
68379 0.00 0.00 0.00 0
68380 0.00 0.00 0.00 0
68381 0.00 0.00 0.00 0
68382 0.00 0.00 0.00 0
68383 0.00 0.00 0.00 0
68384 0.00 0.00 0.00 0
68385 0.00 0.00 0.00 0
68386 0.00 0.00 0.00 0
68387 0.00 0.00 0.00 0
68388 0.00 0.00 0.00 0
68389 0.00 0.00 0.00 0
68390 0.00 0.00 0.00 0
68391 0.00 0.00 0.00 0
68392 0.00 0.00 0.00 0
68393 0.00 0.00 0.00 0
68394 0.00 0.00 0.00 0
68395 0.00 0.00 0.00 0
68396 0.00 0.00 0.00 0
68397 0.00 0.00 0.00 0
68398 0.00 0.00 0.00 0
68399 0.00 0.00 0.00 0
71252 0.00 0.00 0.00 0
71253 0.00 0.00 0.00 0
71254 0.00 0.00 0.00 0
71255 0.00 0.00 0.00 0
71256 0.00 0.00 0.00 0
71258 0.00 0.00 0.00 0
71270 0.00 0.00 0.00 0
71271 0.00 0.00 0.00 0
71272 0.00 0.00 0.00 0
71273 0.00 0.00 0.00 0
71274 0.00 0.00 0.00 0
71275 0.00 0.00 0.00 0
71276 0.00 0.00 0.00 0
71277 0.00 0.00 0.00 0
71278 0.00 0.00 0.00 0
71279 0.00 0.00 0.00 0
71280 0.00 0.00 0.00 0
71281 0.00 0.00 0.00 0
71282 0.00 0.00 0.00 0
71283 0.00 0.00 0.00 0
71284 0.00 0.00 0.00 0
71285 0.00 0.00 0.00 0
71286 0.00 0.00 0.00 0
71287 0.00 0.00 0.00 0
71288 0.00 0.00 0.00 0
71289 0.00 0.00 0.00 0
71290 0.00 0.00 0.00 0
71291 0.00 0.00 0.00 0
71292 0.00 0.00 0.00 0
71293 0.00 0.00 0.00 0
71294 0.00 0.00 0.00 0
71295 0.00 0.00 0.00 0
71296 0.00 0.00 0.00 0
71297 0.00 0.00 0.00 0
71298 0.00 0.00 0.00 0
71299 0.00 0.00 0.00 0
71300 0.00 0.00 0.00 0
71301 0.00 0.00 0.00 0
73792 0.00 0.00 0.00 0
73793 0.00 0.00 0.00 0
73794 0.00 0.00 0.00 0
73795 0.00 0.00 0.00 0
73796 0.00 0.00 0.00 0
73797 0.00 0.00 0.00 0
73798 0.00 0.00 0.00 0
73799 0.00 0.00 0.00 0
78150 0.00 0.00 0.00 0
78151 0.00 0.00 0.00 0
78172 0.00 0.00 0.00 0
78173 0.00 0.00 0.00 0
78174 0.00 0.00 0.00 0
78175 0.00 0.00 0.00 0
78176 0.00 0.00 0.00 0
78177 0.00 0.00 0.00 0
78179 0.00 0.00 0.00 0
78181 0.00 0.00 0.00 0
78182 0.00 0.00 0.00 0
78183 0.00 0.00 0.00 0
78184 0.00 0.00 0.00 0
78185 0.00 0.00 0.00 0
78186 0.00 0.00 0.00 0
80620 0.00 0.00 0.00 0
80621 0.00 0.00 0.00 0
81832 0.00 0.00 0.00 0
81833 0.00 0.00 0.00 0
85477 0.00 0.00 0.00 0
85478 0.00 0.00 0.00 0
85479 0.00 0.00 0.00 0
85480 0.00 0.00 0.00 0
85481 0.00 0.00 0.00 0
85482 0.00 0.00 0.00 0
85483 0.00 0.00 0.00 0
85484 0.00 0.00 0.00 0
85485 0.00 0.00 0.00 0
85486 0.00 0.00 0.00 0
85487 0.00 0.00 0.00 0
85488 0.00 0.00 0.00 0
85489 0.00 0.00 0.00 0
85490 0.00 0.00 0.00 0
85491 0.00 0.00 0.00 0
85492 0.00 0.00 0.00 0
85493 0.00 0.00 0.00 0
85494 0.00 0.00 0.00 0
85495 0.00 0.00 0.00 0
85496 0.00 0.00 0.00 0
85497 0.00 0.00 0.00 0
85498 0.00 0.00 0.00 0
85499 0.00 0.00 0.00 0
85503 0.00 0.00 0.00 0
85504 0.00 0.00 0.00 0
85505 0.00 0.00 0.00 0
85506 0.00 0.00 0.00 0
85507 0.00 0.00 0.00 0
85508 0.00 0.00 0.00 0
85509 0.00 0.00 0.00 0
85510 0.00 0.00 0.00 0
85511 0.00 0.00 0.00 0
85512 0.00 0.00 0.00 0
85513 0.00 0.00 0.00 0
85514 0.00 0.00 0.00 0
85515 0.00 0.00 0.00 0
85516 0.00 0.00 0.00 0
85517 0.00 0.00 0.00 0
85518 0.00 0.00 0.00 0
85519 0.00 0.00 0.00 0
85520 0.00 0.00 0.00 0
85521 0.00 0.00 0.00 0
85522 0.00 0.00 0.00 0
85523 0.00 0.00 0.00 0
85524 0.00 0.00 0.00 0
85525 0.00 0.00 0.00 0
85526 0.00 0.00 0.00 0
85527 0.00 0.00 0.00 0
85528 0.00 0.00 0.00 0
85529 0.00 0.00 0.00 0
85530 0.00 0.00 0.00 0
85531 0.00 0.00 0.00 0
85532 0.00 0.00 0.00 0
85533 0.00 0.00 0.00 0
85534 0.00 0.00 0.00 0
85535 0.00 0.00 0.00 0
85536 0.00 0.00 0.00 0
85537 0.00 0.00 0.00 0
85538 0.00 0.00 0.00 0
85539 0.00 0.00 0.00 0
85540 0.00 0.00 0.00 0
85541 0.00 0.00 0.00 0
85542 0.00 0.00 0.00 0
85543 0.00 0.00 0.00 0
85544 0.00 0.00 0.00 0
85567 0.00 0.00 0.00 0
85568 0.00 0.00 0.00 0
85570 0.00 0.00 0.00 0
85571 0.00 0.00 0.00 0
85572 0.00 0.00 0.00 0
85573 0.00 0.00 0.00 0
85575 0.00 0.00 0.00 0
85576 0.00 0.00 0.00 0
85577 0.00 0.00 0.00 0
85578 0.00 0.00 0.00 0
85579 0.00 0.00 0.00 0
85580 0.00 0.00 0.00 0
85581 0.00 0.00 0.00 0
85582 0.00 0.00 0.00 0
85583 0.00 0.00 0.00 0
85584 0.00 0.00 0.00 0
85585 0.00 0.00 0.00 0
85586 0.00 0.00 0.00 0
85587 0.00 0.00 0.00 0
85588 0.00 0.00 0.00 0
85589 0.00 0.00 0.00 0
85590 0.00 0.00 0.00 0
85591 0.00 0.00 0.00 0
85592 0.00 0.00 0.00 0
85593 0.00 0.00 0.00 0
85594 0.00 0.00 0.00 0
85595 0.00 0.00 0.00 0
85596 0.00 0.00 0.00 0
85597 0.00 0.00 0.00 0
85598 0.00 0.00 0.00 0
85599 0.00 0.00 0.00 0
85600 0.00 0.00 0.00 0
85601 0.00 0.00 0.00 0
85602 0.00 0.00 0.00 0
85603 0.00 0.00 0.00 0
85604 0.00 0.00 0.00 0
85605 0.00 0.00 0.00 0
85606 0.00 0.00 0.00 0
85607 0.00 0.00 0.00 0
85608 0.00 0.00 0.00 0
85609 0.00 0.00 0.00 0
85610 0.00 0.00 0.00 0
85611 0.00 0.00 0.00 0
85612 0.00 0.00 0.00 0
85613 0.00 0.00 0.00 0
85614 0.00 0.00 0.00 0
85615 0.00 0.00 0.00 0
85616 0.00 0.00 0.00 0
85617 0.00 0.00 0.00 0
85618 0.00 0.00 0.00 0
85619 0.00 0.00 0.00 0
85620 0.00 0.00 0.00 0
85621 0.00 0.00 0.00 0
85622 0.00 0.00 0.00 0
85623 0.00 0.00 0.00 0
85624 0.00 0.00 0.00 0
85625 0.00 0.00 0.00 0
85626 0.00 0.00 0.00 0
85627 0.00 0.00 0.00 0
85628 0.00 0.00 0.00 0
85629 0.00 0.00 0.00 0
85630 0.00 0.00 0.00 0
85631 0.00 0.00 0.00 0
85632 0.00 0.00 0.00 0
85633 0.00 0.00 0.00 0
85634 0.00 0.00 0.00 0
85635 0.00 0.00 0.00 0
85636 0.00 0.00 0.00 0
85637 0.00 0.00 0.00 0
85638 0.00 0.00 0.00 0
85639 0.00 0.00 0.00 0
85640 0.00 0.00 0.00 0
85641 0.00 0.00 0.00 0
85642 0.00 0.00 0.00 0
85643 0.00 0.00 0.00 0
85644 0.00 0.00 0.00 0
85645 0.00 0.00 0.00 0
85646 0.00 0.00 0.00 0
85647 0.00 0.00 0.00 0
85648 0.00 0.00 0.00 0
85649 0.00 0.00 0.00 0
85650 0.00 0.00 0.00 0
85651 0.00 0.00 0.00 0
85652 0.00 0.00 0.00 0
85653 0.00 0.00 0.00 0
85654 0.00 0.00 0.00 0
85655 0.00 0.00 0.00 0
85656 0.00 0.00 0.00 0
85657 0.00 0.00 0.00 0
85658 0.00 0.00 0.00 0
85659 0.00 0.00 0.00 0
85660 0.00 0.00 0.00 0
85661 0.00 0.00 0.00 0
85662 0.00 0.00 0.00 0
85663 0.00 0.00 0.00 0
85664 0.00 0.00 0.00 0
85665 0.00 0.00 0.00 0
85666 0.00 0.00 0.00 0
85667 0.00 0.00 0.00 0
85668 0.00 0.00 0.00 0
85669 0.00 0.00 0.00 0
85670 0.00 0.00 0.00 0
85671 0.00 0.00 0.00 0
85672 0.00 0.00 0.00 0
85673 0.00 0.00 0.00 0
85674 0.00 0.00 0.00 0
85675 0.00 0.00 0.00 0
85676 0.00 0.00 0.00 0
85677 0.00 0.00 0.00 0
85678 0.00 0.00 0.00 0
85679 0.00 0.00 0.00 0
92204 0.00 0.00 0.00 0
92205 0.00 0.00 0.00 0
92206 0.00 0.00 0.00 0
92207 0.00 0.00 0.00 0
92208 0.00 0.00 0.00 0
92209 0.00 0.00 0.00 0
92210 0.00 0.00 0.00 0
92211 0.00 0.00 0.00 0
92212 0.00 0.00 0.00 0
92659 0.00 0.00 0.00 0
92660 0.00 0.00 0.00 0
92661 0.00 0.00 0.00 0
92662 0.00 0.00 0.00 0
92663 0.00 0.00 0.00 0
92664 0.00 0.00 0.00 0
92665 0.00 0.00 0.00 0
92666 0.00 0.00 0.00 0
92667 0.00 0.00 0.00 0
93159 0.00 0.00 0.00 0
93160 0.00 0.00 0.00 0
93161 0.00 0.00 0.00 0
93162 0.00 0.00 0.00 0
93163 0.00 0.00 0.00 0
93164 0.00 0.00 0.00 0
93165 0.00 0.00 0.00 0
93166 0.00 0.00 0.00 0
93167 0.00 0.00 0.00 0
93734 0.00 0.00 0.00 0
93735 0.00 0.00 0.00 0
93736 0.00 0.00 0.00 0
93737 0.00 0.00 0.00 0
93738 0.00 0.00 0.00 0
93739 0.00 0.00 0.00 0
93740 0.00 0.00 0.00 0
93741 0.00 0.00 0.00 0
93742 0.00 0.00 0.00 0
93743 0.00 0.00 0.00 0
93744 0.00 0.00 0.00 0
93745 0.00 0.00 0.00 0
93746 0.00 0.00 0.00 0
93747 0.00 0.00 0.00 0
93756 0.00 0.00 0.00 0
93757 0.00 0.00 0.00 0
93758 0.00 0.00 0.00 0
93759 0.00 0.00 0.00 0
93760 0.00 0.00 0.00 0
95116 0.00 0.00 0.00 0
95117 0.00 0.00 0.00 0
95118 0.00 0.00 0.00 0
95119 0.00 0.00 0.00 0
95120 0.00 0.00 0.00 0
95121 0.00 0.00 0.00 0
95122 0.00 0.00 0.00 0
95123 0.00 0.00 0.00 0
95124 0.00 0.00 0.00 0
96588 0.00 0.00 0.00 0
96589 0.00 0.00 0.00 0
96590 0.00 0.00 0.00 0
96591 0.00 0.00 0.00 0
96592 0.00 0.00 0.00 0
96593 0.00 0.00 0.00 0
96594 0.00 0.00 0.00 0
96595 0.00 0.00 0.00 0
96596 0.00 0.00 0.00 0
96602 0.00 0.00 0.00 0
96603 0.00 0.00 0.00 0
96604 0.00 0.00 0.00 0
96605 0.00 0.00 0.00 0
96606 0.00 0.00 0.00 0
96607 0.00 0.00 0.00 0
96608 0.00 0.00 0.00 0
96609 0.00 0.00 0.00 0
96610 0.00 0.00 0.00 0
96611 0.00 0.00 0.00 0
96612 0.00 0.00 0.00 0
96613 0.00 0.00 0.00 0
96614 0.00 0.00 0.00 0
96615 0.00 0.00 0.00 0
96616 0.00 0.00 0.00 0
96617 0.00 0.00 0.00 0
96618 0.00 0.00 0.00 0
98059 0.00 0.00 0.00 0
98060 0.00 0.00 0.00 0
98061 0.00 0.00 0.00 0
98062 0.00 0.00 0.00 0
98063 0.00 0.00 0.00 0
98064 0.00 0.00 0.00 0
98065 0.00 0.00 0.00 0
98066 0.00 0.00 0.00 0
98067 0.00 0.00 0.00 0
98068 0.00 0.00 0.00 0
98069 0.00 0.00 0.00 0
98070 0.00 0.00 0.00 0
98071 0.00 0.00 0.00 0
98072 0.00 0.00 0.00 0
98073 0.00 0.00 0.00 0
98074 0.00 0.00 0.00 0
99418 0.00 0.00 0.00 0
99419 0.00 0.00 0.00 0
99420 0.00 0.00 0.00 0
99421 0.00 0.00 0.00 0
99422 0.00 0.00 0.00 0
99423 0.00 0.00 0.00 0
99424 0.00 0.00 0.00 0
99425 0.00 0.00 0.00 0
99426 0.00 0.00 0.00 0
99427 0.00 0.00 0.00 0
99428 0.00 0.00 0.00 0
99429 0.00 0.00 0.00 0
99430 0.00 0.00 0.00 0
99431 0.00 0.00 0.00 0
99432 0.00 0.00 0.00 0
99433 0.00 0.00 0.00 0
99434 0.00 0.00 0.00 0
99435 0.00 0.00 0.00 0
99436 0.00 0.00 0.00 0
99437 0.00 0.00 0.00 0
99438 0.00 0.00 0.00 0
99439 0.00 0.00 0.00 0
99440 0.00 0.00 0.00 0
99441 0.00 0.00 0.00 0
99442 0.00 0.00 0.00 0
99443 0.00 0.00 0.00 0
99444 0.00 0.00 0.00 0
100917 0.00 0.00 0.00 0
100918 0.00 0.00 0.00 0
100919 0.00 0.00 0.00 0
100920 0.00 0.00 0.00 0
100921 0.00 0.00 0.00 0
100922 0.00 0.00 0.00 0
100923 0.00 0.00 0.00 0
100924 0.00 0.00 0.00 0
100925 0.00 0.00 0.00 0
100926 0.00 0.00 0.00 0
100927 0.00 0.00 0.00 0
100928 0.00 0.00 0.00 0
100929 0.00 0.00 0.00 0
100930 0.00 0.00 0.00 0
100931 0.00 0.00 0.00 0
100932 0.00 0.00 0.00 0
100933 0.00 0.00 0.00 0
100934 0.00 0.00 0.00 0
100935 0.00 0.00 0.00 0
100936 0.00 0.00 0.00 0
100937 0.00 0.00 0.00 0
100938 0.00 0.00 0.00 0
100939 0.00 0.00 0.00 0
100940 0.00 0.00 0.00 0
100941 0.00 0.00 0.00 0
100942 0.00 0.00 0.00 0
100943 0.00 0.00 0.00 0
102649 0.00 0.00 0.00 0
102651 0.00 0.00 0.00 0
102652 0.00 0.00 0.00 0
102655 0.00 0.00 0.00 0
102656 0.00 0.00 0.00 0
102657 0.00 0.00 0.00 0
102663 0.00 0.00 0.00 0
102665 0.00 0.00 0.00 0
102666 0.00 0.00 0.00 0
102667 0.00 0.00 0.00 0
102668 0.00 0.00 0.00 0
102669 0.00 0.00 0.00 0
102670 0.00 0.00 0.00 0
102671 0.00 0.00 0.00 0
102672 0.00 0.00 0.00 0
102673 0.00 0.00 0.00 0
102674 0.00 0.00 0.00 0
102675 0.00 0.00 0.00 0
102676 0.00 0.00 0.00 0
102677 0.00 0.00 0.00 0
102678 0.00 0.00 0.00 0
102679 0.00 0.00 0.00 0
102680 0.00 0.00 0.00 0
102681 0.00 0.00 0.00 0
102682 0.00 0.00 0.00 0
102683 0.00 0.00 0.00 0
102684 0.00 0.00 0.00 0
104180 0.00 0.00 0.00 0
106794 0.00 0.00 0.00 0
106807 0.00 0.00 0.00 0
106808 0.00 0.00 0.00 0
106809 0.00 0.00 0.00 0
106810 0.00 0.00 0.00 0
106811 0.00 0.00 0.00 0
106812 0.00 0.00 0.00 0
106813 0.00 0.00 0.00 0
106814 0.00 0.00 0.00 0
106815 0.00 0.00 0.00 0
111190 0.00 0.00 0.00 0
111191 0.00 0.00 0.00 0
111192 0.00 0.00 0.00 0
111193 0.00 0.00 0.00 0
111194 0.00 0.00 0.00 0
111195 0.00 0.00 0.00 0
111196 0.00 0.00 0.00 0
111197 0.00 0.00 0.00 0
111198 0.00 0.00 0.00 0
111199 0.00 0.00 0.00 0
111200 0.00 0.00 0.00 0
111201 0.00 0.00 0.00 0
111202 0.00 0.00 0.00 0
111203 0.00 0.00 0.00 0
111208 0.00 0.00 0.00 0
111209 0.00 0.00 0.00 0
111210 0.00 0.00 0.00 0
111211 0.00 0.00 0.00 0
111212 0.00 0.00 0.00 0
111213 0.00 0.00 0.00 0
111214 0.00 0.00 0.00 0
111215 0.00 0.00 0.00 0
111216 0.00 0.00 0.00 0
111217 0.00 0.00 0.00 0
111218 0.00 0.00 0.00 0
111219 0.00 0.00 0.00 0
111220 0.00 0.00 0.00 0
111221 0.00 0.00 0.00 0
111222 0.00 0.00 0.00 0
111223 0.00 0.00 0.00 0
111224 0.00 0.00 0.00 0
111225 0.00 0.00 0.00 0
111226 0.00 0.00 0.00 0
111227 0.00 0.00 0.00 0
111228 0.00 0.00 0.00 0
111229 0.00 0.00 0.00 0
111230 0.00 0.00 0.00 0
111245 0.00 0.00 0.00 0
111246 0.00 0.00 0.00 0
111247 0.00 0.00 0.00 0
111248 0.00 0.00 0.00 0
111249 0.00 0.00 0.00 0
111250 0.00 0.00 0.00 0
111251 0.00 0.00 0.00 0
111252 0.00 0.00 0.00 0
111253 0.00 0.00 0.00 0
111254 0.00 0.00 0.00 0
111255 0.00 0.00 0.00 0
111256 0.00 0.00 0.00 0
111257 0.00 0.00 0.00 0
111258 0.00 0.00 0.00 0
111259 0.00 0.00 0.00 0
111260 0.00 0.00 0.00 0
111261 0.00 0.00 0.00 0
111262 0.00 0.00 0.00 0
111263 0.00 0.00 0.00 0
111264 0.00 0.00 0.00 0
111265 0.00 0.00 0.00 0
111266 0.00 0.00 0.00 0
111267 0.00 0.00 0.00 0
111268 0.00 0.00 0.00 0
111269 0.00 0.00 0.00 0
111270 0.00 0.00 0.00 0
111271 0.00 0.00 0.00 0
111272 0.00 0.00 0.00 0
111273 0.00 0.00 0.00 0
111274 0.00 0.00 0.00 0
111275 0.00 0.00 0.00 0
111276 0.00 0.00 0.00 0
111277 0.00 0.00 0.00 0
111278 0.00 0.00 0.00 0
111279 0.00 0.00 0.00 0
111280 0.00 0.00 0.00 0
111281 0.00 0.00 0.00 0
111282 0.00 0.00 0.00 0
111283 0.00 0.00 0.00 0
111284 0.00 0.00 0.00 0
111285 0.00 0.00 0.00 0
111286 0.00 0.00 0.00 0
111287 0.00 0.00 0.00 0
111288 0.00 0.00 0.00 0
111289 0.00 0.00 0.00 0
111290 0.00 0.00 0.00 0
111291 0.00 0.00 0.00 0
111292 0.00 0.00 0.00 0
111293 0.00 0.00 0.00 0
111294 0.00 0.00 0.00 0
111295 0.00 0.00 0.00 0
111296 0.00 0.00 0.00 0
111297 0.00 0.00 0.00 0
111298 0.00 0.00 0.00 0
111299 0.00 0.00 0.00 0
111300 0.00 0.00 0.00 0
111301 0.00 0.00 0.00 0
111302 0.00 0.00 0.00 0
111303 0.00 0.00 0.00 0
111304 0.00 0.00 0.00 0
111305 0.00 0.00 0.00 0
111306 0.00 0.00 0.00 0
111307 0.00 0.00 0.00 0
111308 0.00 0.00 0.00 0
111309 0.00 0.00 0.00 0
115306 0.00 0.00 0.00 0
115307 0.00 0.00 0.00 0
115308 0.00 0.00 0.00 0
115309 0.00 0.00 0.00 0
115310 0.00 0.00 0.00 0
115311 0.00 0.00 0.00 0
115312 0.00 0.00 0.00 0
115313 0.00 0.00 0.00 0
115314 0.00 0.00 0.00 0
115315 0.00 0.00 0.00 0
115316 0.00 0.00 0.00 0
115317 0.00 0.00 0.00 0
115318 0.00 0.00 0.00 0
115319 0.00 0.00 0.00 0
115320 0.00 0.00 0.00 0
115321 0.00 0.00 0.00 0
115322 0.00 0.00 0.00 0
115323 0.00 0.00 0.00 0
115324 0.00 0.00 0.00 0
116365 0.00 0.00 0.00 0
116366 0.00 0.00 0.00 0
116367 0.00 0.00 0.00 0
116368 0.00 0.00 0.00 0
116369 0.00 0.00 0.00 0
116370 0.00 0.00 0.00 0
116371 0.00 0.00 0.00 0
116372 0.00 0.00 0.00 0
116373 0.00 0.00 0.00 0
116374 0.00 0.00 0.00 0
116375 0.00 0.00 0.00 0
116376 0.00 0.00 0.00 0
116377 0.00 0.00 0.00 0
116378 0.00 0.00 0.00 0
116379 0.00 0.00 0.00 0
116380 0.00 0.00 0.00 0
116381 0.00 0.00 0.00 0
116382 0.00 0.00 0.00 0
116383 0.00 0.00 0.00 0
116384 0.00 0.00 0.00 0
116385 0.00 0.00 0.00 0
117531 0.00 0.00 0.00 0
117532 0.00 0.00 0.00 0
117533 0.00 0.00 0.00 0
117534 0.00 0.00 0.00 0
117535 0.00 0.00 0.00 0
117536 0.00 0.00 0.00 0
117537 0.00 0.00 0.00 0
117538 0.00 0.00 0.00 0
117539 0.00 0.00 0.00 0
117540 0.00 0.00 0.00 0
117541 0.00 0.00 0.00 0
117542 0.00 0.00 0.00 0
117543 0.00 0.00 0.00 0
117544 0.00 0.00 0.00 0
117545 0.00 0.00 0.00 0
117546 0.00 0.00 0.00 0
117547 0.00 0.00 0.00 0
117548 0.00 0.00 0.00 0
117549 0.00 0.00 0.00 0
117550 0.00 0.00 0.00 0
117551 0.00 0.00 0.00 0
118878 0.00 0.00 0.00 0
118879 0.00 0.00 0.00 0
118880 0.00 0.00 0.00 0
118881 0.00 0.00 0.00 0
118882 0.00 0.00 0.00 0
118883 0.00 0.00 0.00 0
118884 0.00 0.00 0.00 0
118890 0.00 0.00 0.00 0
118891 0.00 0.00 0.00 0
118892 0.00 0.00 0.00 0
118893 0.00 0.00 0.00 0
118894 0.00 0.00 0.00 0
118895 0.00 0.00 0.00 0
118896 0.00 0.00 0.00 0
118897 0.00 0.00 0.00 0
118898 0.00 0.00 0.00 0
118899 0.00 0.00 0.00 0
118900 0.00 0.00 0.00 0
118901 0.00 0.00 0.00 0
118902 0.00 0.00 0.00 0
118903 0.00 0.00 0.00 0
118904 0.00 0.00 0.00 0
118905 0.00 0.00 0.00 0
118929 0.00 0.00 0.00 0
118930 0.00 0.00 0.00 0
118932 0.00 0.00 0.00 0
118933 0.00 0.00 0.00 0
122098 0.00 0.00 0.00 0
122099 0.00 0.00 0.00 0
122100 0.00 0.00 0.00 0
122101 0.00 0.00 0.00 0
122102 0.00 0.00 0.00 0
122103 0.00 0.00 0.00 0
122104 0.00 0.00 0.00 0
122105 0.00 0.00 0.00 0
122106 0.00 0.00 0.00 0
122107 0.00 0.00 0.00 0
122108 0.00 0.00 0.00 0
122109 0.00 0.00 0.00 0
122110 0.00 0.00 0.00 0
122111 0.00 0.00 0.00 0
122112 0.00 0.00 0.00 0
122113 0.00 0.00 0.00 0
122114 0.00 0.00 0.00 0
122115 0.00 0.00 0.00 0
122116 0.00 0.00 0.00 0
122117 0.00 0.00 0.00 0
122118 0.00 0.00 0.00 0
125522 0.00 0.00 0.00 0
125523 0.00 0.00 0.00 0
125524 0.00 0.00 0.00 0
125525 0.00 0.00 0.00 0
125527 0.00 0.00 0.00 0
125528 0.00 0.00 0.00 0
125529 0.00 0.00 0.00 0
125530 0.00 0.00 0.00 0
125531 0.00 0.00 0.00 0
125533 0.00 0.00 0.00 0
125534 0.00 0.00 0.00 0
125535 0.00 0.00 0.00 0
125536 0.00 0.00 0.00 0
125537 0.00 0.00 0.00 0
125538 0.00 0.00 0.00 0
125539 0.00 0.00 0.00 0
125540 0.00 0.00 0.00 0
125541 0.00 0.00 0.00 0
125542 0.00 0.00 0.00 0
125543 0.00 0.00 0.00 0
125544 0.00 0.00 0.00 0
125545 0.00 0.00 0.00 0
125546 0.00 0.00 0.00 0
125547 0.00 0.00 0.00 0
125548 0.00 0.00 0.00 0
125549 0.00 0.00 0.00 0
125550 0.00 0.00 0.00 0
125551 0.00 0.00 0.00 0
125552 0.00 0.00 0.00 0
125564 0.00 0.00 0.00 0
125565 0.00 0.00 0.00 0
125566 0.00 0.00 0.00 0
125567 0.00 0.00 0.00 0
125568 0.00 0.00 0.00 0
125569 0.00 0.00 0.00 0
125570 0.00 0.00 0.00 0
125571 0.00 0.00 0.00 0
125572 0.00 0.00 0.00 0
125573 0.00 0.00 0.00 0
125574 0.00 0.00 0.00 0
125575 0.00 0.00 0.00 0
125576 0.00 0.00 0.00 0
125577 0.00 0.00 0.00 0
125578 0.00 0.00 0.00 0
125579 0.00 0.00 0.00 0
125580 0.00 0.00 0.00 0
125581 0.00 0.00 0.00 0
125582 0.00 0.00 0.00 0
125583 0.00 0.00 0.00 0
125584 0.00 0.00 0.00 0
125585 0.00 0.00 0.00 0
125586 0.00 0.00 0.00 0
125587 0.00 0.00 0.00 0
125588 0.00 0.00 0.00 0
125589 0.00 0.00 0.00 0
125590 0.00 0.00 0.00 0
125591 0.00 0.00 0.00 0
125592 0.00 0.00 0.00 0
125593 0.00 0.00 0.00 0
125594 0.00 0.00 0.00 0
125595 0.00 0.00 0.00 0
125596 0.00 0.00 0.00 0
125597 0.00 0.00 0.00 0
125598 0.00 0.00 0.00 0
125599 0.00 0.00 0.00 0
125600 0.00 0.00 0.00 0
125601 0.00 0.00 0.00 0
125602 0.00 0.00 0.00 0
125603 0.00 0.00 0.00 0
125604 0.00 0.00 0.00 0
125605 0.00 0.00 0.00 0
125606 0.00 0.00 0.00 0
125607 0.00 0.00 0.00 0
125608 0.00 0.00 0.00 0
125609 0.00 0.00 0.00 0
128925 0.00 0.00 0.00 0
128946 0.00 0.00 0.00 0
128947 0.00 0.00 0.00 0
128948 0.00 0.00 0.00 0
128949 0.00 0.00 0.00 0
128950 0.00 0.00 0.00 0
128951 0.00 0.00 0.00 0
128952 0.00 0.00 0.00 0
128958 0.00 0.00 0.00 0
128964 0.00 0.00 0.00 0
128965 0.00 0.00 0.00 0
128966 0.00 0.00 0.00 0
128967 0.00 0.00 0.00 0
128968 0.00 0.00 0.00 0
128969 0.00 0.00 0.00 0
131803 0.00 0.00 0.00 0
131805 0.00 0.00 0.00 0
131806 0.00 0.00 0.00 0
131808 0.00 0.00 0.00 0
131809 0.00 0.00 0.00 0
131814 0.00 0.00 0.00 0
131815 0.00 0.00 0.00 0
131816 0.00 0.00 0.00 0
131817 0.00 0.00 0.00 0
131818 0.00 0.00 0.00 0
131819 0.00 0.00 0.00 0
131820 0.00 0.00 0.00 0
131826 0.00 0.00 0.00 0
131836 0.00 0.00 0.00 0
131837 0.00 0.00 0.00 0
131840 0.00 0.00 0.00 0
131841 0.00 0.00 0.00 0
131842 0.00 0.00 0.00 0
131843 0.00 0.00 0.00 0
131845 0.00 0.00 0.00 0
131848 0.00 0.00 0.00 0
131849 0.00 0.00 0.00 0
131850 0.00 0.00 0.00 0
131851 0.00 0.00 0.00 0
131852 0.00 0.00 0.00 0
131853 0.00 0.00 0.00 0
131854 0.00 0.00 0.00 0
131855 0.00 0.00 0.00 0
131856 0.00 0.00 0.00 0
131857 0.00 0.00 0.00 0
131858 0.00 0.00 0.00 0
131859 0.00 0.00 0.00 0
134966 0.00 0.00 0.00 0
134970 0.00 0.00 0.00 0
134971 0.00 0.00 0.00 0
134972 0.00 0.00 0.00 0
134973 0.00 0.00 0.00 0
134974 0.00 0.00 0.00 0
134975 0.00 0.00 0.00 0
134976 0.00 0.00 0.00 0
134977 0.00 0.00 0.00 0
134978 0.00 0.00 0.00 0
134979 0.00 0.00 0.00 0
134980 0.00 0.00 0.00 0
134981 0.00 0.00 0.00 0
134982 0.00 0.00 0.00 0
134983 0.00 0.00 0.00 0
134984 0.00 0.00 0.00 0
134985 0.00 0.00 0.00 0
134986 0.00 0.00 0.00 0
134987 0.00 0.00 0.00 0
134988 0.00 0.00 0.00 0
134989 0.00 0.00 0.00 0
134990 0.00 0.00 0.00 0
134991 0.00 0.00 0.00 0
134992 0.00 0.00 0.00 0
134993 0.00 0.00 0.00 0
134994 0.00 0.00 0.00 0
134995 0.00 0.00 0.00 0
134996 0.00 0.00 0.00 0
134997 0.00 0.00 0.00 0
134998 0.00 0.00 0.00 0
134999 0.00 0.00 0.00 0
135000 0.00 0.00 0.00 0
135001 0.00 0.00 0.00 0
135002 0.00 0.00 0.00 0
135003 0.00 0.00 0.00 0
135004 0.00 0.00 0.00 0
135005 0.00 0.00 0.00 0
135006 0.00 0.00 0.00 0
135007 0.00 0.00 0.00 0
135008 0.00 0.00 0.00 0
135009 0.00 0.00 0.00 0
135010 0.00 0.00 0.00 0
135011 0.00 0.00 0.00 0
135012 0.00 0.00 0.00 0
135013 0.00 0.00 0.00 0
135014 0.00 0.00 0.00 0
135015 0.00 0.00 0.00 0
135016 0.00 0.00 0.00 0
135017 0.00 0.00 0.00 0
135018 0.00 0.00 0.00 0
135019 0.00 0.00 0.00 0
135020 0.00 0.00 0.00 0
135021 0.00 0.00 0.00 0
138611 0.00 0.00 0.00 0
138612 0.00 0.00 0.00 0
138613 0.00 0.00 0.00 0
138614 0.00 0.00 0.00 0
138615 0.00 0.00 0.00 0
138618 0.00 0.00 0.00 0
138619 0.00 0.00 0.00 0
138620 0.00 0.00 0.00 0
138621 0.00 0.00 0.00 0
138628 0.00 0.00 0.00 0
138629 0.00 0.00 0.00 0
138630 0.00 0.00 0.00 0
138631 0.00 0.00 0.00 0
138632 0.00 0.00 0.00 0
138633 0.00 0.00 0.00 0
138634 0.00 0.00 0.00 0
138635 0.00 0.00 0.00 0
138636 0.00 0.00 0.00 0
138637 0.00 0.00 0.00 0
138638 0.00 0.00 0.00 0
138639 0.00 0.00 0.00 0
138640 0.00 0.00 0.00 0
138641 0.00 0.00 0.00 0
138642 0.00 0.00 0.00 0
138643 0.00 0.00 0.00 0
138644 0.00 0.00 0.00 0
138645 0.00 0.00 0.00 0
138646 0.00 0.00 0.00 0
138647 0.00 0.00 0.00 0
138648 0.00 0.00 0.00 0
138649 0.00 0.00 0.00 0
138650 0.00 0.00 0.00 0
138651 0.00 0.00 0.00 0
138652 0.00 0.00 0.00 0
138653 0.00 0.00 0.00 0
138654 0.00 0.00 0.00 0
138655 0.00 0.00 0.00 0
138656 0.00 0.00 0.00 0
138657 0.00 0.00 0.00 0
138658 0.00 0.00 0.00 0
138659 0.00 0.00 0.00 0
138660 0.00 0.00 0.00 0
138661 0.00 0.00 0.00 0
138662 0.00 0.00 0.00 0
138663 0.00 0.00 0.00 0
138664 0.00 0.00 0.00 0
138665 0.00 0.00 0.00 0
138666 0.00 0.00 0.00 0
141698 0.00 0.00 0.00 0
141699 0.00 0.00 0.00 0
141700 0.00 0.00 0.00 0
141701 0.00 0.00 0.00 0
141709 0.00 0.00 0.00 0
141710 0.00 0.00 0.00 0
141711 0.00 0.00 0.00 0
141712 0.00 0.00 0.00 0
141713 0.00 0.00 0.00 0
141714 0.00 0.00 0.00 0
141715 0.00 0.00 0.00 0
141716 0.00 0.00 0.00 0
141717 0.00 0.00 0.00 0
147004 0.00 0.00 0.00 0
147034 0.00 0.00 0.00 0
147035 0.00 0.00 0.00 0
147043 0.00 0.00 0.00 0
147044 0.00 0.00 0.00 0
149983 0.00 0.00 0.00 0
149984 0.00 0.00 0.00 0
149985 0.00 0.00 0.00 0
149986 0.00 0.00 0.00 0
149987 0.00 0.00 0.00 0
149989 0.00 0.00 0.00 0
149990 0.00 0.00 0.00 0
149991 0.00 0.00 0.00 0
151424 0.00 0.00 0.00 0
151425 0.00 0.00 0.00 0
151434 0.00 0.00 0.00 0
151435 0.00 0.00 0.00 0
151436 0.00 0.00 0.00 0
151437 0.00 0.00 0.00 0
151440 0.00 0.00 0.00 0
151441 0.00 0.00 0.00 0
151442 0.00 0.00 0.00 0
155821 0.00 0.00 0.00 0
155822 0.00 0.00 0.00 0
155823 0.00 0.00 0.00 0
155824 0.00 0.00 0.00 0
155825 0.00 0.00 0.00 0
155826 0.00 0.00 0.00 0
155827 0.00 0.00 0.00 0
155828 0.00 0.00 0.00 0
155829 0.00 0.00 0.00 0
155830 0.00 0.00 0.00 0
155831 0.00 0.00 0.00 0
155832 0.00 0.00 0.00 0
155833 0.00 0.00 0.00 0
155834 0.00 0.00 0.00 0
155835 0.00 0.00 0.00 0
155836 0.00 0.00 0.00 0
155837 0.00 0.00 0.00 0
155838 0.00 0.00 0.00 0
155839 0.00 0.00 0.00 0
155840 0.00 0.00 0.00 0
155841 0.00 0.00 0.00 0
155842 0.00 0.00 0.00 0
155843 0.00 0.00 0.00 0
155844 0.00 0.00 0.00 0
155845 0.00 0.00 0.00 0
155846 0.00 0.00 0.00 0
155847 0.00 0.00 0.00 0
155852 0.00 0.00 0.00 0
155853 0.00 0.00 0.00 0
155854 0.00 0.00 0.00 0
155855 0.00 0.00 0.00 0
155856 0.00 0.00 0.00 0
155857 0.00 0.00 0.00 0
155858 0.00 0.00 0.00 0
155859 0.00 0.00 0.00 0
155860 0.00 0.00 0.00 0
155861 0.00 0.00 0.00 0
155862 0.00 0.00 0.00 0
155863 0.00 0.00 0.00 0
155864 0.00 0.00 0.00 0
155865 0.00 0.00 0.00 0
155866 0.00 0.00 0.00 0
155867 0.00 0.00 0.00 0
155868 0.00 0.00 0.00 0
155869 0.00 0.00 0.00 0
155870 0.00 0.00 0.00 0
155871 0.00 0.00 0.00 0
155872 0.00 0.00 0.00 0
155873 0.00 0.00 0.00 0
155874 0.00 0.00 0.00 0
155875 0.00 0.00 0.00 0
155876 0.00 0.00 0.00 0
155877 0.00 0.00 0.00 0
155878 0.00 0.00 0.00 0
155879 0.00 0.00 0.00 0
155880 0.00 0.00 0.00 0
155881 0.00 0.00 0.00 0
155882 0.00 0.00 0.00 0
155883 0.00 0.00 0.00 0
155884 0.00 0.00 0.00 0
155885 0.00 0.00 0.00 0
155886 0.00 0.00 0.00 0
155887 0.00 0.00 0.00 0
155888 0.00 0.00 0.00 0
155889 0.00 0.00 0.00 0
155890 0.00 0.00 0.00 0
155891 0.00 0.00 0.00 0
155892 0.00 0.00 0.00 0
155893 0.00 0.00 0.00 0
155894 0.00 0.00 0.00 0
155895 0.00 0.00 0.00 0
155896 0.00 0.00 0.00 0
155897 0.00 0.00 0.00 0
155898 0.00 0.00 0.00 0
155899 0.00 0.00 0.00 0
155900 0.00 0.00 0.00 0
155901 0.00 0.00 0.00 0
155927 0.00 0.00 0.00 0
155928 0.00 0.00 0.00 0
155932 0.00 0.00 0.00 0
155938 0.00 0.00 0.00 0
155939 0.00 0.00 0.00 0
155940 0.00 0.00 0.00 0
155941 0.00 0.00 0.00 0
155942 0.00 0.00 0.00 0
155943 0.00 0.00 0.00 0
155944 0.00 0.00 0.00 0
155945 0.00 0.00 0.00 0
155948 0.00 0.00 0.00 0
155949 0.00 0.00 0.00 0
155950 0.00 0.00 0.00 0
155951 0.00 0.00 0.00 0
155952 0.00 0.00 0.00 0
155953 0.00 0.00 0.00 0
155954 0.00 0.00 0.00 0
155955 0.00 0.00 0.00 0
155956 0.00 0.00 0.00 0
155957 0.00 0.00 0.00 0
155958 0.00 0.00 0.00 0
155959 0.00 0.00 0.00 0
155960 0.00 0.00 0.00 0
155961 0.00 0.00 0.00 0
155962 0.00 0.00 0.00 0
155963 0.00 0.00 0.00 0
155964 0.00 0.00 0.00 0
155965 0.00 0.00 0.00 0
155966 0.00 0.00 0.00 0
155967 0.00 0.00 0.00 0
155968 0.00 0.00 0.00 0
155969 0.00 0.00 0.00 0
155970 0.00 0.00 0.00 0
155971 0.00 0.00 0.00 0
155972 0.00 0.00 0.00 0
155973 0.00 0.00 0.00 0
155974 0.00 0.00 0.00 0
155975 0.00 0.00 0.00 0
155976 0.00 0.00 0.00 0
155977 0.00 0.00 0.00 0
155978 0.00 0.00 0.00 0
155979 0.00 0.00 0.00 0
155980 0.00 0.00 0.00 0
155981 0.00 0.00 0.00 0
155982 0.00 0.00 0.00 0
155983 0.00 0.00 0.00 0
155984 0.00 0.00 0.00 0
155985 0.00 0.00 0.00 0
155986 0.00 0.00 0.00 0
155987 0.00 0.00 0.00 0
155988 0.00 0.00 0.00 0
155989 0.00 0.00 0.00 0
155990 0.00 0.00 0.00 0
155991 0.00 0.00 0.00 0
155992 0.00 0.00 0.00 0
155993 0.00 0.00 0.00 0
155994 0.00 0.00 0.00 0
155995 0.00 0.00 0.00 0
155996 0.00 0.00 0.00 0
155997 0.00 0.00 0.00 0
155998 0.00 0.00 0.00 0
155999 0.00 0.00 0.00 0
156000 0.00 0.00 0.00 0
156001 0.00 0.00 0.00 0
156002 0.00 0.00 0.00 0
156003 0.00 0.00 0.00 0
156004 0.00 0.00 0.00 0
156005 0.00 0.00 0.00 0
156006 0.00 0.00 0.00 0
156007 0.00 0.00 0.00 0
156008 0.00 0.00 0.00 0
156009 0.00 0.00 0.00 0
156010 0.00 0.00 0.00 0
156011 0.00 0.00 0.00 0
156012 0.00 0.00 0.00 0
156013 0.00 0.00 0.00 0
156014 0.00 0.00 0.00 0
156015 0.00 0.00 0.00 0
156016 0.00 0.00 0.00 0
156017 0.00 0.00 0.00 0
156018 0.00 0.00 0.00 0
156019 0.00 0.00 0.00 0
156020 0.00 0.00 0.00 0
156021 0.00 0.00 0.00 0
156022 0.00 0.00 0.00 0
156023 0.00 0.00 0.00 0
156024 0.00 0.00 0.00 0
156025 0.00 0.00 0.00 0
156026 0.00 0.00 0.00 0
156027 0.00 0.00 0.00 0
156028 0.00 0.00 0.00 0
156029 0.00 0.00 0.00 0
156030 0.00 0.00 0.00 0
156031 0.00 0.00 0.00 0
156032 0.00 0.00 0.00 0
156033 0.00 0.00 0.00 0
156034 0.00 0.00 0.00 0
156035 0.00 0.00 0.00 0
156036 0.00 0.00 0.00 0
156037 0.00 0.00 0.00 0
156038 0.00 0.00 0.00 0
156039 0.00 0.00 0.00 0
156040 0.00 0.00 0.00 0
156041 0.00 0.00 0.00 0
156042 0.00 0.00 0.00 0
156043 0.00 0.00 0.00 0
156044 0.00 0.00 0.00 0
156045 0.00 0.00 0.00 0
156046 0.00 0.00 0.00 0
156047 0.00 0.00 0.00 0
156048 0.00 0.00 0.00 0
156049 0.00 0.00 0.00 0
156050 0.00 0.00 0.00 0
156051 0.00 0.00 0.00 0
156052 0.00 0.00 0.00 0
156053 0.00 0.00 0.00 0
156054 0.00 0.00 0.00 0
156055 0.00 0.00 0.00 0
156056 0.00 0.00 0.00 0
156057 0.00 0.00 0.00 0
156058 0.00 0.00 0.00 0
156059 0.00 0.00 0.00 0
156060 0.00 0.00 0.00 0
156061 0.00 0.00 0.00 0
156062 0.00 0.00 0.00 0
156233 0.00 0.00 0.00 0
156234 0.00 0.00 0.00 0
