# S_temporal_inf
1276
157 0.00 0.00 0.00 0
159 0.00 0.00 0.00 0
348 0.00 0.00 0.00 0
360 0.00 0.00 0.00 0
361 0.00 0.00 0.00 0
627 0.00 0.00 0.00 0
640 0.00 0.00 0.00 0
1403 0.00 0.00 0.00 0
1437 0.00 0.00 0.00 0
1438 0.00 0.00 0.00 0
1745 0.00 0.00 0.00 0
1777 0.00 0.00 0.00 0
1778 0.00 0.00 0.00 0
1800 0.00 0.00 0.00 0
1801 0.00 0.00 0.00 0
2520 0.00 0.00 0.00 0
2524 0.00 0.00 0.00 0
2525 0.00 0.00 0.00 0
2526 0.00 0.00 0.00 0
2527 0.00 0.00 0.00 0
2556 0.00 0.00 0.00 0
2558 0.00 0.00 0.00 0
3319 0.00 0.00 0.00 0
3321 0.00 0.00 0.00 0
3322 0.00 0.00 0.00 0
3323 0.00 0.00 0.00 0
3921 0.00 0.00 0.00 0
3922 0.00 0.00 0.00 0
3923 0.00 0.00 0.00 0
3957 0.00 0.00 0.00 0
3958 0.00 0.00 0.00 0
3959 0.00 0.00 0.00 0
3960 0.00 0.00 0.00 0
3961 0.00 0.00 0.00 0
5648 0.00 0.00 0.00 0
5655 0.00 0.00 0.00 0
5670 0.00 0.00 0.00 0
5672 0.00 0.00 0.00 0
5744 0.00 0.00 0.00 0
5745 0.00 0.00 0.00 0
5746 0.00 0.00 0.00 0
5749 0.00 0.00 0.00 0
5751 0.00 0.00 0.00 0
5752 0.00 0.00 0.00 0
5753 0.00 0.00 0.00 0
6121 0.00 0.00 0.00 0
7132 0.00 0.00 0.00 0
7133 0.00 0.00 0.00 0
7193 0.00 0.00 0.00 0
7194 0.00 0.00 0.00 0
7195 0.00 0.00 0.00 0
7987 0.00 0.00 0.00 0
7988 0.00 0.00 0.00 0
8037 0.00 0.00 0.00 0
8038 0.00 0.00 0.00 0
8039 0.00 0.00 0.00 0
8040 0.00 0.00 0.00 0
8041 0.00 0.00 0.00 0
10113 0.00 0.00 0.00 0
10114 0.00 0.00 0.00 0
10115 0.00 0.00 0.00 0
10116 0.00 0.00 0.00 0
10125 0.00 0.00 0.00 0
10126 0.00 0.00 0.00 0
10127 0.00 0.00 0.00 0
10128 0.00 0.00 0.00 0
10131 0.00 0.00 0.00 0
10132 0.00 0.00 0.00 0
10134 0.00 0.00 0.00 0
10135 0.00 0.00 0.00 0
10136 0.00 0.00 0.00 0
10137 0.00 0.00 0.00 0
10140 0.00 0.00 0.00 0
10142 0.00 0.00 0.00 0
10222 0.00 0.00 0.00 0
10223 0.00 0.00 0.00 0
10228 0.00 0.00 0.00 0
10229 0.00 0.00 0.00 0
10230 0.00 0.00 0.00 0
10231 0.00 0.00 0.00 0
10232 0.00 0.00 0.00 0
10999 0.00 0.00 0.00 0
11000 0.00 0.00 0.00 0
11001 0.00 0.00 0.00 0
11002 0.00 0.00 0.00 0
11003 0.00 0.00 0.00 0
11599 0.00 0.00 0.00 0
11601 0.00 0.00 0.00 0
11602 0.00 0.00 0.00 0
11603 0.00 0.00 0.00 0
11637 0.00 0.00 0.00 0
11638 0.00 0.00 0.00 0
11639 0.00 0.00 0.00 0
11640 0.00 0.00 0.00 0
11641 0.00 0.00 0.00 0
13324 0.00 0.00 0.00 0
13328 0.00 0.00 0.00 0
13424 0.00 0.00 0.00 0
13425 0.00 0.00 0.00 0
13426 0.00 0.00 0.00 0
13427 0.00 0.00 0.00 0
13429 0.00 0.00 0.00 0
14040 0.00 0.00 0.00 0
14041 0.00 0.00 0.00 0
15724 0.00 0.00 0.00 0
15725 0.00 0.00 0.00 0
15726 0.00 0.00 0.00 0
15727 0.00 0.00 0.00 0
15728 0.00 0.00 0.00 0
15827 0.00 0.00 0.00 0
15828 0.00 0.00 0.00 0
15829 0.00 0.00 0.00 0
17367 0.00 0.00 0.00 0
17368 0.00 0.00 0.00 0
17369 0.00 0.00 0.00 0
17517 0.00 0.00 0.00 0
17519 0.00 0.00 0.00 0
17521 0.00 0.00 0.00 0
17523 0.00 0.00 0.00 0
17524 0.00 0.00 0.00 0
17525 0.00 0.00 0.00 0
17526 0.00 0.00 0.00 0
17527 0.00 0.00 0.00 0
17528 0.00 0.00 0.00 0
17630 0.00 0.00 0.00 0
17631 0.00 0.00 0.00 0
17632 0.00 0.00 0.00 0
17633 0.00 0.00 0.00 0
17634 0.00 0.00 0.00 0
17635 0.00 0.00 0.00 0
17636 0.00 0.00 0.00 0
17637 0.00 0.00 0.00 0
17638 0.00 0.00 0.00 0
17639 0.00 0.00 0.00 0
17640 0.00 0.00 0.00 0
17641 0.00 0.00 0.00 0
22717 0.00 0.00 0.00 0
22718 0.00 0.00 0.00 0
22719 0.00 0.00 0.00 0
22720 0.00 0.00 0.00 0
22721 0.00 0.00 0.00 0
22723 0.00 0.00 0.00 0
22724 0.00 0.00 0.00 0
22725 0.00 0.00 0.00 0
22726 0.00 0.00 0.00 0
22750 0.00 0.00 0.00 0
22751 0.00 0.00 0.00 0
22753 0.00 0.00 0.00 0
22754 0.00 0.00 0.00 0
22755 0.00 0.00 0.00 0
22756 0.00 0.00 0.00 0
22762 0.00 0.00 0.00 0
22763 0.00 0.00 0.00 0
22764 0.00 0.00 0.00 0
22765 0.00 0.00 0.00 0
22766 0.00 0.00 0.00 0
22767 0.00 0.00 0.00 0
22768 0.00 0.00 0.00 0
22769 0.00 0.00 0.00 0
22770 0.00 0.00 0.00 0
22771 0.00 0.00 0.00 0
22772 0.00 0.00 0.00 0
22773 0.00 0.00 0.00 0
22774 0.00 0.00 0.00 0
22775 0.00 0.00 0.00 0
22776 0.00 0.00 0.00 0
22777 0.00 0.00 0.00 0
22778 0.00 0.00 0.00 0
22785 0.00 0.00 0.00 0
22991 0.00 0.00 0.00 0
22992 0.00 0.00 0.00 0
22993 0.00 0.00 0.00 0
22994 0.00 0.00 0.00 0
22996 0.00 0.00 0.00 0
23005 0.00 0.00 0.00 0
23006 0.00 0.00 0.00 0
23007 0.00 0.00 0.00 0
23008 0.00 0.00 0.00 0
23009 0.00 0.00 0.00 0
23010 0.00 0.00 0.00 0
23011 0.00 0.00 0.00 0
23012 0.00 0.00 0.00 0
23013 0.00 0.00 0.00 0
23014 0.00 0.00 0.00 0
23016 0.00 0.00 0.00 0
23017 0.00 0.00 0.00 0
24405 0.00 0.00 0.00 0
24407 0.00 0.00 0.00 0
24408 0.00 0.00 0.00 0
24411 0.00 0.00 0.00 0
24412 0.00 0.00 0.00 0
24413 0.00 0.00 0.00 0
25489 0.00 0.00 0.00 0
25490 0.00 0.00 0.00 0
25491 0.00 0.00 0.00 0
25492 0.00 0.00 0.00 0
25493 0.00 0.00 0.00 0
25553 0.00 0.00 0.00 0
25555 0.00 0.00 0.00 0
25556 0.00 0.00 0.00 0
25557 0.00 0.00 0.00 0
25558 0.00 0.00 0.00 0
25559 0.00 0.00 0.00 0
25560 0.00 0.00 0.00 0
25561 0.00 0.00 0.00 0
28639 0.00 0.00 0.00 0
28640 0.00 0.00 0.00 0
28771 0.00 0.00 0.00 0
28772 0.00 0.00 0.00 0
28773 0.00 0.00 0.00 0
28774 0.00 0.00 0.00 0
28780 0.00 0.00 0.00 0
28781 0.00 0.00 0.00 0
28782 0.00 0.00 0.00 0
28783 0.00 0.00 0.00 0
28784 0.00 0.00 0.00 0
28785 0.00 0.00 0.00 0
28786 0.00 0.00 0.00 0
29639 0.00 0.00 0.00 0
29640 0.00 0.00 0.00 0
29641 0.00 0.00 0.00 0
32001 0.00 0.00 0.00 0
32002 0.00 0.00 0.00 0
32003 0.00 0.00 0.00 0
32141 0.00 0.00 0.00 0
32142 0.00 0.00 0.00 0
32143 0.00 0.00 0.00 0
32144 0.00 0.00 0.00 0
32145 0.00 0.00 0.00 0
34292 0.00 0.00 0.00 0
34293 0.00 0.00 0.00 0
34294 0.00 0.00 0.00 0
34295 0.00 0.00 0.00 0
34296 0.00 0.00 0.00 0
34297 0.00 0.00 0.00 0
34298 0.00 0.00 0.00 0
34423 0.00 0.00 0.00 0
34431 0.00 0.00 0.00 0
34432 0.00 0.00 0.00 0
34433 0.00 0.00 0.00 0
34434 0.00 0.00 0.00 0
34435 0.00 0.00 0.00 0
34436 0.00 0.00 0.00 0
34437 0.00 0.00 0.00 0
34438 0.00 0.00 0.00 0
34439 0.00 0.00 0.00 0
34440 0.00 0.00 0.00 0
34441 0.00 0.00 0.00 0
40575 0.00 0.00 0.00 0
40576 0.00 0.00 0.00 0
40577 0.00 0.00 0.00 0
40578 0.00 0.00 0.00 0
40579 0.00 0.00 0.00 0
40580 0.00 0.00 0.00 0
40581 0.00 0.00 0.00 0
40582 0.00 0.00 0.00 0
40583 0.00 0.00 0.00 0
40584 0.00 0.00 0.00 0
40608 0.00 0.00 0.00 0
40610 0.00 0.00 0.00 0
40611 0.00 0.00 0.00 0
40612 0.00 0.00 0.00 0
40613 0.00 0.00 0.00 0
40614 0.00 0.00 0.00 0
40615 0.00 0.00 0.00 0
40616 0.00 0.00 0.00 0
40617 0.00 0.00 0.00 0
40618 0.00 0.00 0.00 0
40619 0.00 0.00 0.00 0
40620 0.00 0.00 0.00 0
40626 0.00 0.00 0.00 0
40627 0.00 0.00 0.00 0
40628 0.00 0.00 0.00 0
40629 0.00 0.00 0.00 0
40630 0.00 0.00 0.00 0
40631 0.00 0.00 0.00 0
40633 0.00 0.00 0.00 0
40640 0.00 0.00 0.00 0
40641 0.00 0.00 0.00 0
40642 0.00 0.00 0.00 0
40643 0.00 0.00 0.00 0
40644 0.00 0.00 0.00 0
40645 0.00 0.00 0.00 0
40646 0.00 0.00 0.00 0
40647 0.00 0.00 0.00 0
40653 0.00 0.00 0.00 0
40654 0.00 0.00 0.00 0
40655 0.00 0.00 0.00 0
40656 0.00 0.00 0.00 0
40657 0.00 0.00 0.00 0
40658 0.00 0.00 0.00 0
40659 0.00 0.00 0.00 0
40662 0.00 0.00 0.00 0
40663 0.00 0.00 0.00 0
40664 0.00 0.00 0.00 0
40665 0.00 0.00 0.00 0
40902 0.00 0.00 0.00 0
40903 0.00 0.00 0.00 0
40904 0.00 0.00 0.00 0
40905 0.00 0.00 0.00 0
40906 0.00 0.00 0.00 0
40917 0.00 0.00 0.00 0
40918 0.00 0.00 0.00 0
40919 0.00 0.00 0.00 0
40920 0.00 0.00 0.00 0
40921 0.00 0.00 0.00 0
40922 0.00 0.00 0.00 0
40923 0.00 0.00 0.00 0
40924 0.00 0.00 0.00 0
40925 0.00 0.00 0.00 0
40926 0.00 0.00 0.00 0
40927 0.00 0.00 0.00 0
40928 0.00 0.00 0.00 0
40929 0.00 0.00 0.00 0
40930 0.00 0.00 0.00 0
40931 0.00 0.00 0.00 0
40932 0.00 0.00 0.00 0
40933 0.00 0.00 0.00 0
41719 0.00 0.00 0.00 0
41720 0.00 0.00 0.00 0
41721 0.00 0.00 0.00 0
41722 0.00 0.00 0.00 0
41723 0.00 0.00 0.00 0
41757 0.00 0.00 0.00 0
42319 0.00 0.00 0.00 0
42320 0.00 0.00 0.00 0
42321 0.00 0.00 0.00 0
42322 0.00 0.00 0.00 0
42323 0.00 0.00 0.00 0
42357 0.00 0.00 0.00 0
42358 0.00 0.00 0.00 0
42359 0.00 0.00 0.00 0
42360 0.00 0.00 0.00 0
42361 0.00 0.00 0.00 0
44044 0.00 0.00 0.00 0
44046 0.00 0.00 0.00 0
44048 0.00 0.00 0.00 0
44142 0.00 0.00 0.00 0
44143 0.00 0.00 0.00 0
44144 0.00 0.00 0.00 0
44145 0.00 0.00 0.00 0
44146 0.00 0.00 0.00 0
44147 0.00 0.00 0.00 0
44148 0.00 0.00 0.00 0
44149 0.00 0.00 0.00 0
44761 0.00 0.00 0.00 0
46444 0.00 0.00 0.00 0
46445 0.00 0.00 0.00 0
46446 0.00 0.00 0.00 0
46447 0.00 0.00 0.00 0
46448 0.00 0.00 0.00 0
46547 0.00 0.00 0.00 0
46548 0.00 0.00 0.00 0
46549 0.00 0.00 0.00 0
48085 0.00 0.00 0.00 0
48086 0.00 0.00 0.00 0
48087 0.00 0.00 0.00 0
48088 0.00 0.00 0.00 0
48089 0.00 0.00 0.00 0
48237 0.00 0.00 0.00 0
48238 0.00 0.00 0.00 0
48239 0.00 0.00 0.00 0
48240 0.00 0.00 0.00 0
48241 0.00 0.00 0.00 0
48242 0.00 0.00 0.00 0
48243 0.00 0.00 0.00 0
48244 0.00 0.00 0.00 0
48245 0.00 0.00 0.00 0
48246 0.00 0.00 0.00 0
48247 0.00 0.00 0.00 0
48248 0.00 0.00 0.00 0
48350 0.00 0.00 0.00 0
48351 0.00 0.00 0.00 0
48352 0.00 0.00 0.00 0
48353 0.00 0.00 0.00 0
48354 0.00 0.00 0.00 0
48355 0.00 0.00 0.00 0
48356 0.00 0.00 0.00 0
48357 0.00 0.00 0.00 0
48358 0.00 0.00 0.00 0
48359 0.00 0.00 0.00 0
48360 0.00 0.00 0.00 0
48361 0.00 0.00 0.00 0
53438 0.00 0.00 0.00 0
53440 0.00 0.00 0.00 0
53443 0.00 0.00 0.00 0
53444 0.00 0.00 0.00 0
53445 0.00 0.00 0.00 0
53446 0.00 0.00 0.00 0
53470 0.00 0.00 0.00 0
53473 0.00 0.00 0.00 0
53474 0.00 0.00 0.00 0
53475 0.00 0.00 0.00 0
53476 0.00 0.00 0.00 0
53482 0.00 0.00 0.00 0
53483 0.00 0.00 0.00 0
53484 0.00 0.00 0.00 0
53485 0.00 0.00 0.00 0
53486 0.00 0.00 0.00 0
53487 0.00 0.00 0.00 0
53488 0.00 0.00 0.00 0
53489 0.00 0.00 0.00 0
53490 0.00 0.00 0.00 0
53491 0.00 0.00 0.00 0
53492 0.00 0.00 0.00 0
53493 0.00 0.00 0.00 0
53494 0.00 0.00 0.00 0
53495 0.00 0.00 0.00 0
53496 0.00 0.00 0.00 0
53497 0.00 0.00 0.00 0
53498 0.00 0.00 0.00 0
53711 0.00 0.00 0.00 0
53712 0.00 0.00 0.00 0
53713 0.00 0.00 0.00 0
53714 0.00 0.00 0.00 0
53715 0.00 0.00 0.00 0
53716 0.00 0.00 0.00 0
53725 0.00 0.00 0.00 0
53726 0.00 0.00 0.00 0
53727 0.00 0.00 0.00 0
53728 0.00 0.00 0.00 0
53729 0.00 0.00 0.00 0
53730 0.00 0.00 0.00 0
53731 0.00 0.00 0.00 0
53732 0.00 0.00 0.00 0
53733 0.00 0.00 0.00 0
53734 0.00 0.00 0.00 0
53736 0.00 0.00 0.00 0
56034 0.00 0.00 0.00 0
56035 0.00 0.00 0.00 0
56036 0.00 0.00 0.00 0
56037 0.00 0.00 0.00 0
56038 0.00 0.00 0.00 0
56039 0.00 0.00 0.00 0
56041 0.00 0.00 0.00 0
56043 0.00 0.00 0.00 0
56044 0.00 0.00 0.00 0
56045 0.00 0.00 0.00 0
56046 0.00 0.00 0.00 0
56047 0.00 0.00 0.00 0
56048 0.00 0.00 0.00 0
57837 0.00 0.00 0.00 0
57839 0.00 0.00 0.00 0
57840 0.00 0.00 0.00 0
57841 0.00 0.00 0.00 0
57842 0.00 0.00 0.00 0
57843 0.00 0.00 0.00 0
57844 0.00 0.00 0.00 0
57845 0.00 0.00 0.00 0
57846 0.00 0.00 0.00 0
57847 0.00 0.00 0.00 0
57848 0.00 0.00 0.00 0
57947 0.00 0.00 0.00 0
57948 0.00 0.00 0.00 0
57949 0.00 0.00 0.00 0
57950 0.00 0.00 0.00 0
57951 0.00 0.00 0.00 0
57952 0.00 0.00 0.00 0
57953 0.00 0.00 0.00 0
57954 0.00 0.00 0.00 0
57955 0.00 0.00 0.00 0
57956 0.00 0.00 0.00 0
57957 0.00 0.00 0.00 0
57958 0.00 0.00 0.00 0
57959 0.00 0.00 0.00 0
57960 0.00 0.00 0.00 0
57961 0.00 0.00 0.00 0
63090 0.00 0.00 0.00 0
63092 0.00 0.00 0.00 0
63309 0.00 0.00 0.00 0
63310 0.00 0.00 0.00 0
63311 0.00 0.00 0.00 0
63312 0.00 0.00 0.00 0
63313 0.00 0.00 0.00 0
63314 0.00 0.00 0.00 0
63315 0.00 0.00 0.00 0
63316 0.00 0.00 0.00 0
63326 0.00 0.00 0.00 0
63328 0.00 0.00 0.00 0
63329 0.00 0.00 0.00 0
63330 0.00 0.00 0.00 0
63331 0.00 0.00 0.00 0
63332 0.00 0.00 0.00 0
63333 0.00 0.00 0.00 0
63334 0.00 0.00 0.00 0
65155 0.00 0.00 0.00 0
65156 0.00 0.00 0.00 0
65157 0.00 0.00 0.00 0
65158 0.00 0.00 0.00 0
65159 0.00 0.00 0.00 0
65160 0.00 0.00 0.00 0
65161 0.00 0.00 0.00 0
70209 0.00 0.00 0.00 0
70211 0.00 0.00 0.00 0
70212 0.00 0.00 0.00 0
70213 0.00 0.00 0.00 0
70214 0.00 0.00 0.00 0
70216 0.00 0.00 0.00 0
70218 0.00 0.00 0.00 0
70219 0.00 0.00 0.00 0
70220 0.00 0.00 0.00 0
70221 0.00 0.00 0.00 0
70222 0.00 0.00 0.00 0
70223 0.00 0.00 0.00 0
70517 0.00 0.00 0.00 0
70518 0.00 0.00 0.00 0
70519 0.00 0.00 0.00 0
70520 0.00 0.00 0.00 0
70521 0.00 0.00 0.00 0
70522 0.00 0.00 0.00 0
70523 0.00 0.00 0.00 0
70524 0.00 0.00 0.00 0
75608 0.00 0.00 0.00 0
75609 0.00 0.00 0.00 0
75610 0.00 0.00 0.00 0
75611 0.00 0.00 0.00 0
75612 0.00 0.00 0.00 0
75613 0.00 0.00 0.00 0
75614 0.00 0.00 0.00 0
75615 0.00 0.00 0.00 0
75616 0.00 0.00 0.00 0
75617 0.00 0.00 0.00 0
75618 0.00 0.00 0.00 0
75619 0.00 0.00 0.00 0
75620 0.00 0.00 0.00 0
75621 0.00 0.00 0.00 0
75622 0.00 0.00 0.00 0
75623 0.00 0.00 0.00 0
75925 0.00 0.00 0.00 0
75928 0.00 0.00 0.00 0
75929 0.00 0.00 0.00 0
75935 0.00 0.00 0.00 0
75936 0.00 0.00 0.00 0
75937 0.00 0.00 0.00 0
75938 0.00 0.00 0.00 0
75939 0.00 0.00 0.00 0
75940 0.00 0.00 0.00 0
75941 0.00 0.00 0.00 0
75942 0.00 0.00 0.00 0
75943 0.00 0.00 0.00 0
75944 0.00 0.00 0.00 0
75945 0.00 0.00 0.00 0
75946 0.00 0.00 0.00 0
75947 0.00 0.00 0.00 0
75948 0.00 0.00 0.00 0
75949 0.00 0.00 0.00 0
75950 0.00 0.00 0.00 0
75951 0.00 0.00 0.00 0
75952 0.00 0.00 0.00 0
75953 0.00 0.00 0.00 0
75954 0.00 0.00 0.00 0
75955 0.00 0.00 0.00 0
75956 0.00 0.00 0.00 0
75957 0.00 0.00 0.00 0
75958 0.00 0.00 0.00 0
75959 0.00 0.00 0.00 0
75960 0.00 0.00 0.00 0
75961 0.00 0.00 0.00 0
91183 0.00 0.00 0.00 0
91190 0.00 0.00 0.00 0
91192 0.00 0.00 0.00 0
91193 0.00 0.00 0.00 0
91194 0.00 0.00 0.00 0
91195 0.00 0.00 0.00 0
91196 0.00 0.00 0.00 0
91197 0.00 0.00 0.00 0
91198 0.00 0.00 0.00 0
91199 0.00 0.00 0.00 0
91200 0.00 0.00 0.00 0
91201 0.00 0.00 0.00 0
91203 0.00 0.00 0.00 0
91204 0.00 0.00 0.00 0
91205 0.00 0.00 0.00 0
91206 0.00 0.00 0.00 0
91207 0.00 0.00 0.00 0
91208 0.00 0.00 0.00 0
91209 0.00 0.00 0.00 0
91210 0.00 0.00 0.00 0
91211 0.00 0.00 0.00 0
91212 0.00 0.00 0.00 0
91213 0.00 0.00 0.00 0
91214 0.00 0.00 0.00 0
91215 0.00 0.00 0.00 0
91216 0.00 0.00 0.00 0
91278 0.00 0.00 0.00 0
91280 0.00 0.00 0.00 0
91281 0.00 0.00 0.00 0
91282 0.00 0.00 0.00 0
91283 0.00 0.00 0.00 0
91284 0.00 0.00 0.00 0
91285 0.00 0.00 0.00 0
91286 0.00 0.00 0.00 0
91287 0.00 0.00 0.00 0
91288 0.00 0.00 0.00 0
91289 0.00 0.00 0.00 0
91290 0.00 0.00 0.00 0
91291 0.00 0.00 0.00 0
91295 0.00 0.00 0.00 0
91296 0.00 0.00 0.00 0
91297 0.00 0.00 0.00 0
91298 0.00 0.00 0.00 0
91299 0.00 0.00 0.00 0
91300 0.00 0.00 0.00 0
91301 0.00 0.00 0.00 0
91302 0.00 0.00 0.00 0
91303 0.00 0.00 0.00 0
91304 0.00 0.00 0.00 0
91305 0.00 0.00 0.00 0
91306 0.00 0.00 0.00 0
91323 0.00 0.00 0.00 0
91324 0.00 0.00 0.00 0
91325 0.00 0.00 0.00 0
91326 0.00 0.00 0.00 0
91327 0.00 0.00 0.00 0
91328 0.00 0.00 0.00 0
91329 0.00 0.00 0.00 0
91330 0.00 0.00 0.00 0
91331 0.00 0.00 0.00 0
91332 0.00 0.00 0.00 0
91333 0.00 0.00 0.00 0
91334 0.00 0.00 0.00 0
91335 0.00 0.00 0.00 0
91336 0.00 0.00 0.00 0
91337 0.00 0.00 0.00 0
91338 0.00 0.00 0.00 0
91339 0.00 0.00 0.00 0
91340 0.00 0.00 0.00 0
91341 0.00 0.00 0.00 0
91347 0.00 0.00 0.00 0
91354 0.00 0.00 0.00 0
91355 0.00 0.00 0.00 0
91356 0.00 0.00 0.00 0
91357 0.00 0.00 0.00 0
91358 0.00 0.00 0.00 0
91359 0.00 0.00 0.00 0
91360 0.00 0.00 0.00 0
91361 0.00 0.00 0.00 0
91362 0.00 0.00 0.00 0
91363 0.00 0.00 0.00 0
91364 0.00 0.00 0.00 0
91365 0.00 0.00 0.00 0
91366 0.00 0.00 0.00 0
91367 0.00 0.00 0.00 0
91368 0.00 0.00 0.00 0
91369 0.00 0.00 0.00 0
91370 0.00 0.00 0.00 0
91371 0.00 0.00 0.00 0
91372 0.00 0.00 0.00 0
91373 0.00 0.00 0.00 0
91390 0.00 0.00 0.00 0
91392 0.00 0.00 0.00 0
91393 0.00 0.00 0.00 0
91394 0.00 0.00 0.00 0
91395 0.00 0.00 0.00 0
91396 0.00 0.00 0.00 0
91397 0.00 0.00 0.00 0
91398 0.00 0.00 0.00 0
91400 0.00 0.00 0.00 0
91401 0.00 0.00 0.00 0
91402 0.00 0.00 0.00 0
91403 0.00 0.00 0.00 0
91409 0.00 0.00 0.00 0
91410 0.00 0.00 0.00 0
91411 0.00 0.00 0.00 0
91412 0.00 0.00 0.00 0
91413 0.00 0.00 0.00 0
91415 0.00 0.00 0.00 0
91416 0.00 0.00 0.00 0
91417 0.00 0.00 0.00 0
92009 0.00 0.00 0.00 0
92010 0.00 0.00 0.00 0
92011 0.00 0.00 0.00 0
92012 0.00 0.00 0.00 0
92013 0.00 0.00 0.00 0
92014 0.00 0.00 0.00 0
92015 0.00 0.00 0.00 0
92016 0.00 0.00 0.00 0
92017 0.00 0.00 0.00 0
92018 0.00 0.00 0.00 0
92019 0.00 0.00 0.00 0
92020 0.00 0.00 0.00 0
92021 0.00 0.00 0.00 0
92049 0.00 0.00 0.00 0
92050 0.00 0.00 0.00 0
92051 0.00 0.00 0.00 0
92052 0.00 0.00 0.00 0
92053 0.00 0.00 0.00 0
92054 0.00 0.00 0.00 0
92055 0.00 0.00 0.00 0
92056 0.00 0.00 0.00 0
92057 0.00 0.00 0.00 0
92058 0.00 0.00 0.00 0
92059 0.00 0.00 0.00 0
92060 0.00 0.00 0.00 0
92061 0.00 0.00 0.00 0
92062 0.00 0.00 0.00 0
92063 0.00 0.00 0.00 0
92064 0.00 0.00 0.00 0
92065 0.00 0.00 0.00 0
92066 0.00 0.00 0.00 0
92067 0.00 0.00 0.00 0
92068 0.00 0.00 0.00 0
92069 0.00 0.00 0.00 0
92070 0.00 0.00 0.00 0
92071 0.00 0.00 0.00 0
92072 0.00 0.00 0.00 0
92073 0.00 0.00 0.00 0
92074 0.00 0.00 0.00 0
92075 0.00 0.00 0.00 0
92076 0.00 0.00 0.00 0
92077 0.00 0.00 0.00 0
92078 0.00 0.00 0.00 0
92079 0.00 0.00 0.00 0
92080 0.00 0.00 0.00 0
92081 0.00 0.00 0.00 0
92082 0.00 0.00 0.00 0
92083 0.00 0.00 0.00 0
92084 0.00 0.00 0.00 0
92085 0.00 0.00 0.00 0
92086 0.00 0.00 0.00 0
92087 0.00 0.00 0.00 0
92088 0.00 0.00 0.00 0
92089 0.00 0.00 0.00 0
93525 0.00 0.00 0.00 0
93526 0.00 0.00 0.00 0
93527 0.00 0.00 0.00 0
93528 0.00 0.00 0.00 0
93529 0.00 0.00 0.00 0
93530 0.00 0.00 0.00 0
93531 0.00 0.00 0.00 0
93532 0.00 0.00 0.00 0
93533 0.00 0.00 0.00 0
94607 0.00 0.00 0.00 0
94608 0.00 0.00 0.00 0
94609 0.00 0.00 0.00 0
94610 0.00 0.00 0.00 0
94611 0.00 0.00 0.00 0
94612 0.00 0.00 0.00 0
94613 0.00 0.00 0.00 0
94673 0.00 0.00 0.00 0
94674 0.00 0.00 0.00 0
94675 0.00 0.00 0.00 0
94676 0.00 0.00 0.00 0
94677 0.00 0.00 0.00 0
94678 0.00 0.00 0.00 0
94679 0.00 0.00 0.00 0
94680 0.00 0.00 0.00 0
94681 0.00 0.00 0.00 0
97718 0.00 0.00 0.00 0
97889 0.00 0.00 0.00 0
97890 0.00 0.00 0.00 0
97891 0.00 0.00 0.00 0
97892 0.00 0.00 0.00 0
97893 0.00 0.00 0.00 0
97894 0.00 0.00 0.00 0
97897 0.00 0.00 0.00 0
97898 0.00 0.00 0.00 0
97899 0.00 0.00 0.00 0
99000 0.00 0.00 0.00 0
99001 0.00 0.00 0.00 0
102030 0.00 0.00 0.00 0
102031 0.00 0.00 0.00 0
102032 0.00 0.00 0.00 0
102033 0.00 0.00 0.00 0
102034 0.00 0.00 0.00 0
102035 0.00 0.00 0.00 0
102036 0.00 0.00 0.00 0
102037 0.00 0.00 0.00 0
102038 0.00 0.00 0.00 0
102215 0.00 0.00 0.00 0
102216 0.00 0.00 0.00 0
102217 0.00 0.00 0.00 0
102218 0.00 0.00 0.00 0
102219 0.00 0.00 0.00 0
104989 0.00 0.00 0.00 0
104990 0.00 0.00 0.00 0
104991 0.00 0.00 0.00 0
104992 0.00 0.00 0.00 0
104993 0.00 0.00 0.00 0
105259 0.00 0.00 0.00 0
105260 0.00 0.00 0.00 0
105270 0.00 0.00 0.00 0
105271 0.00 0.00 0.00 0
105272 0.00 0.00 0.00 0
105273 0.00 0.00 0.00 0
105274 0.00 0.00 0.00 0
105275 0.00 0.00 0.00 0
105276 0.00 0.00 0.00 0
105277 0.00 0.00 0.00 0
105278 0.00 0.00 0.00 0
105460 0.00 0.00 0.00 0
105461 0.00 0.00 0.00 0
105462 0.00 0.00 0.00 0
105463 0.00 0.00 0.00 0
105464 0.00 0.00 0.00 0
105465 0.00 0.00 0.00 0
105466 0.00 0.00 0.00 0
105467 0.00 0.00 0.00 0
105468 0.00 0.00 0.00 0
105469 0.00 0.00 0.00 0
105470 0.00 0.00 0.00 0
105471 0.00 0.00 0.00 0
105472 0.00 0.00 0.00 0
105473 0.00 0.00 0.00 0
105474 0.00 0.00 0.00 0
105475 0.00 0.00 0.00 0
105476 0.00 0.00 0.00 0
105477 0.00 0.00 0.00 0
105478 0.00 0.00 0.00 0
105479 0.00 0.00 0.00 0
105480 0.00 0.00 0.00 0
105481 0.00 0.00 0.00 0
114615 0.00 0.00 0.00 0
114616 0.00 0.00 0.00 0
114617 0.00 0.00 0.00 0
114618 0.00 0.00 0.00 0
114619 0.00 0.00 0.00 0
114620 0.00 0.00 0.00 0
114621 0.00 0.00 0.00 0
114622 0.00 0.00 0.00 0
114623 0.00 0.00 0.00 0
114624 0.00 0.00 0.00 0
114625 0.00 0.00 0.00 0
114626 0.00 0.00 0.00 0
114627 0.00 0.00 0.00 0
114628 0.00 0.00 0.00 0
114629 0.00 0.00 0.00 0
114630 0.00 0.00 0.00 0
114631 0.00 0.00 0.00 0
114632 0.00 0.00 0.00 0
114633 0.00 0.00 0.00 0
114634 0.00 0.00 0.00 0
114675 0.00 0.00 0.00 0
114676 0.00 0.00 0.00 0
114677 0.00 0.00 0.00 0
114678 0.00 0.00 0.00 0
114679 0.00 0.00 0.00 0
114683 0.00 0.00 0.00 0
114684 0.00 0.00 0.00 0
114685 0.00 0.00 0.00 0
114686 0.00 0.00 0.00 0
114687 0.00 0.00 0.00 0
114688 0.00 0.00 0.00 0
114699 0.00 0.00 0.00 0
114700 0.00 0.00 0.00 0
114701 0.00 0.00 0.00 0
114702 0.00 0.00 0.00 0
114703 0.00 0.00 0.00 0
114704 0.00 0.00 0.00 0
114705 0.00 0.00 0.00 0
114706 0.00 0.00 0.00 0
114707 0.00 0.00 0.00 0
114708 0.00 0.00 0.00 0
114709 0.00 0.00 0.00 0
114710 0.00 0.00 0.00 0
114711 0.00 0.00 0.00 0
114712 0.00 0.00 0.00 0
114713 0.00 0.00 0.00 0
114714 0.00 0.00 0.00 0
114715 0.00 0.00 0.00 0
114716 0.00 0.00 0.00 0
114717 0.00 0.00 0.00 0
114718 0.00 0.00 0.00 0
114719 0.00 0.00 0.00 0
114720 0.00 0.00 0.00 0
114721 0.00 0.00 0.00 0
114722 0.00 0.00 0.00 0
114723 0.00 0.00 0.00 0
114724 0.00 0.00 0.00 0
114725 0.00 0.00 0.00 0
114726 0.00 0.00 0.00 0
114727 0.00 0.00 0.00 0
114728 0.00 0.00 0.00 0
114742 0.00 0.00 0.00 0
114743 0.00 0.00 0.00 0
114752 0.00 0.00 0.00 0
115111 0.00 0.00 0.00 0
115112 0.00 0.00 0.00 0
115113 0.00 0.00 0.00 0
115114 0.00 0.00 0.00 0
115115 0.00 0.00 0.00 0
115116 0.00 0.00 0.00 0
115117 0.00 0.00 0.00 0
115118 0.00 0.00 0.00 0
115135 0.00 0.00 0.00 0
115136 0.00 0.00 0.00 0
115137 0.00 0.00 0.00 0
115138 0.00 0.00 0.00 0
115139 0.00 0.00 0.00 0
115140 0.00 0.00 0.00 0
115141 0.00 0.00 0.00 0
115142 0.00 0.00 0.00 0
115143 0.00 0.00 0.00 0
115144 0.00 0.00 0.00 0
115145 0.00 0.00 0.00 0
115146 0.00 0.00 0.00 0
115147 0.00 0.00 0.00 0
115148 0.00 0.00 0.00 0
115149 0.00 0.00 0.00 0
115150 0.00 0.00 0.00 0
115151 0.00 0.00 0.00 0
115152 0.00 0.00 0.00 0
115153 0.00 0.00 0.00 0
115154 0.00 0.00 0.00 0
115155 0.00 0.00 0.00 0
115156 0.00 0.00 0.00 0
115157 0.00 0.00 0.00 0
118383 0.00 0.00 0.00 0
118385 0.00 0.00 0.00 0
118386 0.00 0.00 0.00 0
118387 0.00 0.00 0.00 0
118388 0.00 0.00 0.00 0
118389 0.00 0.00 0.00 0
118397 0.00 0.00 0.00 0
118398 0.00 0.00 0.00 0
118399 0.00 0.00 0.00 0
118400 0.00 0.00 0.00 0
118401 0.00 0.00 0.00 0
118402 0.00 0.00 0.00 0
118403 0.00 0.00 0.00 0
120701 0.00 0.00 0.00 0
120911 0.00 0.00 0.00 0
120912 0.00 0.00 0.00 0
120913 0.00 0.00 0.00 0
120914 0.00 0.00 0.00 0
120915 0.00 0.00 0.00 0
120916 0.00 0.00 0.00 0
120917 0.00 0.00 0.00 0
120918 0.00 0.00 0.00 0
120919 0.00 0.00 0.00 0
120920 0.00 0.00 0.00 0
120921 0.00 0.00 0.00 0
120922 0.00 0.00 0.00 0
120923 0.00 0.00 0.00 0
121064 0.00 0.00 0.00 0
121065 0.00 0.00 0.00 0
121066 0.00 0.00 0.00 0
121067 0.00 0.00 0.00 0
121068 0.00 0.00 0.00 0
121069 0.00 0.00 0.00 0
121070 0.00 0.00 0.00 0
121071 0.00 0.00 0.00 0
121072 0.00 0.00 0.00 0
121073 0.00 0.00 0.00 0
121074 0.00 0.00 0.00 0
121075 0.00 0.00 0.00 0
121076 0.00 0.00 0.00 0
121077 0.00 0.00 0.00 0
121078 0.00 0.00 0.00 0
121079 0.00 0.00 0.00 0
121080 0.00 0.00 0.00 0
121081 0.00 0.00 0.00 0
128260 0.00 0.00 0.00 0
128261 0.00 0.00 0.00 0
128262 0.00 0.00 0.00 0
128263 0.00 0.00 0.00 0
128264 0.00 0.00 0.00 0
128265 0.00 0.00 0.00 0
128266 0.00 0.00 0.00 0
128267 0.00 0.00 0.00 0
128270 0.00 0.00 0.00 0
128271 0.00 0.00 0.00 0
128272 0.00 0.00 0.00 0
128569 0.00 0.00 0.00 0
128570 0.00 0.00 0.00 0
128571 0.00 0.00 0.00 0
128572 0.00 0.00 0.00 0
128573 0.00 0.00 0.00 0
128574 0.00 0.00 0.00 0
128575 0.00 0.00 0.00 0
128576 0.00 0.00 0.00 0
128577 0.00 0.00 0.00 0
128578 0.00 0.00 0.00 0
128590 0.00 0.00 0.00 0
128591 0.00 0.00 0.00 0
128592 0.00 0.00 0.00 0
128593 0.00 0.00 0.00 0
128594 0.00 0.00 0.00 0
128595 0.00 0.00 0.00 0
128596 0.00 0.00 0.00 0
128597 0.00 0.00 0.00 0
128598 0.00 0.00 0.00 0
128599 0.00 0.00 0.00 0
128600 0.00 0.00 0.00 0
128601 0.00 0.00 0.00 0
128602 0.00 0.00 0.00 0
128603 0.00 0.00 0.00 0
128604 0.00 0.00 0.00 0
130914 0.00 0.00 0.00 0
130915 0.00 0.00 0.00 0
130916 0.00 0.00 0.00 0
130917 0.00 0.00 0.00 0
130918 0.00 0.00 0.00 0
130919 0.00 0.00 0.00 0
130920 0.00 0.00 0.00 0
130921 0.00 0.00 0.00 0
137319 0.00 0.00 0.00 0
137328 0.00 0.00 0.00 0
137329 0.00 0.00 0.00 0
137330 0.00 0.00 0.00 0
137331 0.00 0.00 0.00 0
137332 0.00 0.00 0.00 0
137333 0.00 0.00 0.00 0
137704 0.00 0.00 0.00 0
137705 0.00 0.00 0.00 0
137706 0.00 0.00 0.00 0
137707 0.00 0.00 0.00 0
137708 0.00 0.00 0.00 0
137709 0.00 0.00 0.00 0
137710 0.00 0.00 0.00 0
137711 0.00 0.00 0.00 0
137712 0.00 0.00 0.00 0
137713 0.00 0.00 0.00 0
137714 0.00 0.00 0.00 0
137715 0.00 0.00 0.00 0
137716 0.00 0.00 0.00 0
137717 0.00 0.00 0.00 0
137718 0.00 0.00 0.00 0
137721 0.00 0.00 0.00 0
137722 0.00 0.00 0.00 0
137723 0.00 0.00 0.00 0
137724 0.00 0.00 0.00 0
143931 0.00 0.00 0.00 0
143932 0.00 0.00 0.00 0
143933 0.00 0.00 0.00 0
143934 0.00 0.00 0.00 0
143935 0.00 0.00 0.00 0
143936 0.00 0.00 0.00 0
143937 0.00 0.00 0.00 0
143938 0.00 0.00 0.00 0
143940 0.00 0.00 0.00 0
143941 0.00 0.00 0.00 0
143942 0.00 0.00 0.00 0
143943 0.00 0.00 0.00 0
143944 0.00 0.00 0.00 0
143945 0.00 0.00 0.00 0
143946 0.00 0.00 0.00 0
143947 0.00 0.00 0.00 0
143948 0.00 0.00 0.00 0
144306 0.00 0.00 0.00 0
144307 0.00 0.00 0.00 0
144329 0.00 0.00 0.00 0
144330 0.00 0.00 0.00 0
144332 0.00 0.00 0.00 0
144333 0.00 0.00 0.00 0
144334 0.00 0.00 0.00 0
144335 0.00 0.00 0.00 0
144336 0.00 0.00 0.00 0
144337 0.00 0.00 0.00 0
144338 0.00 0.00 0.00 0
144339 0.00 0.00 0.00 0
144340 0.00 0.00 0.00 0
144341 0.00 0.00 0.00 0
144342 0.00 0.00 0.00 0
144343 0.00 0.00 0.00 0
144344 0.00 0.00 0.00 0
144345 0.00 0.00 0.00 0
144346 0.00 0.00 0.00 0
144347 0.00 0.00 0.00 0
144348 0.00 0.00 0.00 0
144349 0.00 0.00 0.00 0
144350 0.00 0.00 0.00 0
144351 0.00 0.00 0.00 0
144352 0.00 0.00 0.00 0
144353 0.00 0.00 0.00 0
144354 0.00 0.00 0.00 0
144355 0.00 0.00 0.00 0
144356 0.00 0.00 0.00 0
144357 0.00 0.00 0.00 0
144360 0.00 0.00 0.00 0
144361 0.00 0.00 0.00 0
162654 0.00 0.00 0.00 0
162680 0.00 0.00 0.00 0
162681 0.00 0.00 0.00 0
162682 0.00 0.00 0.00 0
162683 0.00 0.00 0.00 0
162684 0.00 0.00 0.00 0
162685 0.00 0.00 0.00 0
162686 0.00 0.00 0.00 0
162687 0.00 0.00 0.00 0
162688 0.00 0.00 0.00 0
162689 0.00 0.00 0.00 0
162690 0.00 0.00 0.00 0
162692 0.00 0.00 0.00 0
162693 0.00 0.00 0.00 0
162694 0.00 0.00 0.00 0
162695 0.00 0.00 0.00 0
162696 0.00 0.00 0.00 0
162697 0.00 0.00 0.00 0
162698 0.00 0.00 0.00 0
162699 0.00 0.00 0.00 0
162700 0.00 0.00 0.00 0
162701 0.00 0.00 0.00 0
162702 0.00 0.00 0.00 0
162703 0.00 0.00 0.00 0
162704 0.00 0.00 0.00 0
162705 0.00 0.00 0.00 0
162706 0.00 0.00 0.00 0
162707 0.00 0.00 0.00 0
162708 0.00 0.00 0.00 0
162779 0.00 0.00 0.00 0
162780 0.00 0.00 0.00 0
162781 0.00 0.00 0.00 0
162782 0.00 0.00 0.00 0
162783 0.00 0.00 0.00 0
162785 0.00 0.00 0.00 0
162786 0.00 0.00 0.00 0
162787 0.00 0.00 0.00 0
162788 0.00 0.00 0.00 0
162789 0.00 0.00 0.00 0
162790 0.00 0.00 0.00 0
162791 0.00 0.00 0.00 0
162792 0.00 0.00 0.00 0
162793 0.00 0.00 0.00 0
162794 0.00 0.00 0.00 0
162795 0.00 0.00 0.00 0
162796 0.00 0.00 0.00 0
162797 0.00 0.00 0.00 0
162798 0.00 0.00 0.00 0
162800 0.00 0.00 0.00 0
162801 0.00 0.00 0.00 0
162802 0.00 0.00 0.00 0
162803 0.00 0.00 0.00 0
162804 0.00 0.00 0.00 0
162805 0.00 0.00 0.00 0
162806 0.00 0.00 0.00 0
162807 0.00 0.00 0.00 0
162808 0.00 0.00 0.00 0
162809 0.00 0.00 0.00 0
162810 0.00 0.00 0.00 0
162811 0.00 0.00 0.00 0
162812 0.00 0.00 0.00 0
162813 0.00 0.00 0.00 0
162814 0.00 0.00 0.00 0
162815 0.00 0.00 0.00 0
162816 0.00 0.00 0.00 0
162834 0.00 0.00 0.00 0
162835 0.00 0.00 0.00 0
162836 0.00 0.00 0.00 0
162837 0.00 0.00 0.00 0
162838 0.00 0.00 0.00 0
162839 0.00 0.00 0.00 0
162840 0.00 0.00 0.00 0
162841 0.00 0.00 0.00 0
162842 0.00 0.00 0.00 0
162843 0.00 0.00 0.00 0
162844 0.00 0.00 0.00 0
162845 0.00 0.00 0.00 0
162846 0.00 0.00 0.00 0
162847 0.00 0.00 0.00 0
162848 0.00 0.00 0.00 0
162849 0.00 0.00 0.00 0
162850 0.00 0.00 0.00 0
162853 0.00 0.00 0.00 0
162854 0.00 0.00 0.00 0
162855 0.00 0.00 0.00 0
162856 0.00 0.00 0.00 0
162857 0.00 0.00 0.00 0
162858 0.00 0.00 0.00 0
162874 0.00 0.00 0.00 0
162875 0.00 0.00 0.00 0
162877 0.00 0.00 0.00 0
162878 0.00 0.00 0.00 0
162879 0.00 0.00 0.00 0
162880 0.00 0.00 0.00 0
162881 0.00 0.00 0.00 0
162882 0.00 0.00 0.00 0
162883 0.00 0.00 0.00 0
162884 0.00 0.00 0.00 0
162885 0.00 0.00 0.00 0
162886 0.00 0.00 0.00 0
162887 0.00 0.00 0.00 0
162888 0.00 0.00 0.00 0
162889 0.00 0.00 0.00 0
162890 0.00 0.00 0.00 0
162891 0.00 0.00 0.00 0
162892 0.00 0.00 0.00 0
162893 0.00 0.00 0.00 0
162894 0.00 0.00 0.00 0
162895 0.00 0.00 0.00 0
162896 0.00 0.00 0.00 0
162897 0.00 0.00 0.00 0
162915 0.00 0.00 0.00 0
162916 0.00 0.00 0.00 0
162917 0.00 0.00 0.00 0
162918 0.00 0.00 0.00 0
162919 0.00 0.00 0.00 0
162920 0.00 0.00 0.00 0
162921 0.00 0.00 0.00 0
162922 0.00 0.00 0.00 0
162923 0.00 0.00 0.00 0
162924 0.00 0.00 0.00 0
162925 0.00 0.00 0.00 0
162926 0.00 0.00 0.00 0
162927 0.00 0.00 0.00 0
162928 0.00 0.00 0.00 0
162929 0.00 0.00 0.00 0
162930 0.00 0.00 0.00 0
162931 0.00 0.00 0.00 0
162932 0.00 0.00 0.00 0
162933 0.00 0.00 0.00 0
162940 0.00 0.00 0.00 0
162941 0.00 0.00 0.00 0
162942 0.00 0.00 0.00 0
162943 0.00 0.00 0.00 0
162944 0.00 0.00 0.00 0
162945 0.00 0.00 0.00 0
162946 0.00 0.00 0.00 0
162947 0.00 0.00 0.00 0
162948 0.00 0.00 0.00 0
162949 0.00 0.00 0.00 0
162950 0.00 0.00 0.00 0
162951 0.00 0.00 0.00 0
163661 0.00 0.00 0.00 0
163662 0.00 0.00 0.00 0
163663 0.00 0.00 0.00 0
163664 0.00 0.00 0.00 0
163665 0.00 0.00 0.00 0
163666 0.00 0.00 0.00 0
163667 0.00 0.00 0.00 0
163668 0.00 0.00 0.00 0
163669 0.00 0.00 0.00 0
163670 0.00 0.00 0.00 0
163671 0.00 0.00 0.00 0
163672 0.00 0.00 0.00 0
163673 0.00 0.00 0.00 0
163675 0.00 0.00 0.00 0
163706 0.00 0.00 0.00 0
163707 0.00 0.00 0.00 0
163708 0.00 0.00 0.00 0
163709 0.00 0.00 0.00 0
163710 0.00 0.00 0.00 0
163711 0.00 0.00 0.00 0
163712 0.00 0.00 0.00 0
163713 0.00 0.00 0.00 0
163714 0.00 0.00 0.00 0
163715 0.00 0.00 0.00 0
163716 0.00 0.00 0.00 0
163717 0.00 0.00 0.00 0
163718 0.00 0.00 0.00 0
163719 0.00 0.00 0.00 0
163720 0.00 0.00 0.00 0
163721 0.00 0.00 0.00 0
163722 0.00 0.00 0.00 0
163723 0.00 0.00 0.00 0
163724 0.00 0.00 0.00 0
163725 0.00 0.00 0.00 0
163726 0.00 0.00 0.00 0
163727 0.00 0.00 0.00 0
163728 0.00 0.00 0.00 0
163729 0.00 0.00 0.00 0
163730 0.00 0.00 0.00 0
163731 0.00 0.00 0.00 0
163732 0.00 0.00 0.00 0
163733 0.00 0.00 0.00 0
163734 0.00 0.00 0.00 0
163735 0.00 0.00 0.00 0
163736 0.00 0.00 0.00 0
163737 0.00 0.00 0.00 0
163738 0.00 0.00 0.00 0
163739 0.00 0.00 0.00 0
163740 0.00 0.00 0.00 0
163741 0.00 0.00 0.00 0
163742 0.00 0.00 0.00 0
163743 0.00 0.00 0.00 0
163744 0.00 0.00 0.00 0
163745 0.00 0.00 0.00 0
163746 0.00 0.00 0.00 0
163747 0.00 0.00 0.00 0
163748 0.00 0.00 0.00 0
163749 0.00 0.00 0.00 0
163750 0.00 0.00 0.00 0
163751 0.00 0.00 0.00 0
163752 0.00 0.00 0.00 0
163753 0.00 0.00 0.00 0
163754 0.00 0.00 0.00 0
