# S_temporal_transverse
474
123 0.00 0.00 0.00 0
269 0.00 0.00 0.00 0
1171 0.00 0.00 0.00 0
1210 0.00 0.00 0.00 0
1637 0.00 0.00 0.00 0
1638 0.00 0.00 0.00 0
1663 0.00 0.00 0.00 0
2240 0.00 0.00 0.00 0
3089 0.00 0.00 0.00 0
3091 0.00 0.00 0.00 0
3130 0.00 0.00 0.00 0
3132 0.00 0.00 0.00 0
3689 0.00 0.00 0.00 0
3690 0.00 0.00 0.00 0
3732 0.00 0.00 0.00 0
3733 0.00 0.00 0.00 0
4958 0.00 0.00 0.00 0
6786 0.00 0.00 0.00 0
7661 0.00 0.00 0.00 0
7662 0.00 0.00 0.00 0
7663 0.00 0.00 0.00 0
7664 0.00 0.00 0.00 0
7722 0.00 0.00 0.00 0
7723 0.00 0.00 0.00 0
9278 0.00 0.00 0.00 0
9279 0.00 0.00 0.00 0
9280 0.00 0.00 0.00 0
9282 0.00 0.00 0.00 0
10769 0.00 0.00 0.00 0
10770 0.00 0.00 0.00 0
10771 0.00 0.00 0.00 0
10810 0.00 0.00 0.00 0
10811 0.00 0.00 0.00 0
10812 0.00 0.00 0.00 0
10813 0.00 0.00 0.00 0
11369 0.00 0.00 0.00 0
11370 0.00 0.00 0.00 0
11371 0.00 0.00 0.00 0
11410 0.00 0.00 0.00 0
11411 0.00 0.00 0.00 0
11412 0.00 0.00 0.00 0
11413 0.00 0.00 0.00 0
15150 0.00 0.00 0.00 0
15151 0.00 0.00 0.00 0
15152 0.00 0.00 0.00 0
16829 0.00 0.00 0.00 0
16830 0.00 0.00 0.00 0
16831 0.00 0.00 0.00 0
16833 0.00 0.00 0.00 0
16953 0.00 0.00 0.00 0
16955 0.00 0.00 0.00 0
16958 0.00 0.00 0.00 0
16959 0.00 0.00 0.00 0
16960 0.00 0.00 0.00 0
16961 0.00 0.00 0.00 0
16962 0.00 0.00 0.00 0
16963 0.00 0.00 0.00 0
20632 0.00 0.00 0.00 0
20633 0.00 0.00 0.00 0
20634 0.00 0.00 0.00 0
20635 0.00 0.00 0.00 0
20636 0.00 0.00 0.00 0
20637 0.00 0.00 0.00 0
20638 0.00 0.00 0.00 0
20639 0.00 0.00 0.00 0
20646 0.00 0.00 0.00 0
23995 0.00 0.00 0.00 0
23997 0.00 0.00 0.00 0
24066 0.00 0.00 0.00 0
24067 0.00 0.00 0.00 0
24068 0.00 0.00 0.00 0
24069 0.00 0.00 0.00 0
25073 0.00 0.00 0.00 0
25074 0.00 0.00 0.00 0
25075 0.00 0.00 0.00 0
25076 0.00 0.00 0.00 0
25149 0.00 0.00 0.00 0
25150 0.00 0.00 0.00 0
25151 0.00 0.00 0.00 0
25152 0.00 0.00 0.00 0
25153 0.00 0.00 0.00 0
27355 0.00 0.00 0.00 0
27356 0.00 0.00 0.00 0
27357 0.00 0.00 0.00 0
27358 0.00 0.00 0.00 0
27359 0.00 0.00 0.00 0
31194 0.00 0.00 0.00 0
31196 0.00 0.00 0.00 0
33413 0.00 0.00 0.00 0
33414 0.00 0.00 0.00 0
33415 0.00 0.00 0.00 0
33416 0.00 0.00 0.00 0
33417 0.00 0.00 0.00 0
33418 0.00 0.00 0.00 0
33419 0.00 0.00 0.00 0
33420 0.00 0.00 0.00 0
33421 0.00 0.00 0.00 0
33577 0.00 0.00 0.00 0
33578 0.00 0.00 0.00 0
33579 0.00 0.00 0.00 0
33580 0.00 0.00 0.00 0
33581 0.00 0.00 0.00 0
33582 0.00 0.00 0.00 0
33583 0.00 0.00 0.00 0
38072 0.00 0.00 0.00 0
38073 0.00 0.00 0.00 0
38074 0.00 0.00 0.00 0
38075 0.00 0.00 0.00 0
38076 0.00 0.00 0.00 0
38077 0.00 0.00 0.00 0
38078 0.00 0.00 0.00 0
38079 0.00 0.00 0.00 0
38080 0.00 0.00 0.00 0
38083 0.00 0.00 0.00 0
38086 0.00 0.00 0.00 0
38087 0.00 0.00 0.00 0
38088 0.00 0.00 0.00 0
41489 0.00 0.00 0.00 0
41490 0.00 0.00 0.00 0
41491 0.00 0.00 0.00 0
41530 0.00 0.00 0.00 0
41531 0.00 0.00 0.00 0
41532 0.00 0.00 0.00 0
41533 0.00 0.00 0.00 0
42089 0.00 0.00 0.00 0
42090 0.00 0.00 0.00 0
42091 0.00 0.00 0.00 0
42130 0.00 0.00 0.00 0
42131 0.00 0.00 0.00 0
42132 0.00 0.00 0.00 0
42133 0.00 0.00 0.00 0
45752 0.00 0.00 0.00 0
45754 0.00 0.00 0.00 0
45756 0.00 0.00 0.00 0
45870 0.00 0.00 0.00 0
45871 0.00 0.00 0.00 0
45872 0.00 0.00 0.00 0
47549 0.00 0.00 0.00 0
47550 0.00 0.00 0.00 0
47551 0.00 0.00 0.00 0
47673 0.00 0.00 0.00 0
47674 0.00 0.00 0.00 0
47675 0.00 0.00 0.00 0
47678 0.00 0.00 0.00 0
47679 0.00 0.00 0.00 0
47680 0.00 0.00 0.00 0
47681 0.00 0.00 0.00 0
47682 0.00 0.00 0.00 0
47683 0.00 0.00 0.00 0
51352 0.00 0.00 0.00 0
51353 0.00 0.00 0.00 0
51354 0.00 0.00 0.00 0
51355 0.00 0.00 0.00 0
51356 0.00 0.00 0.00 0
51357 0.00 0.00 0.00 0
51358 0.00 0.00 0.00 0
51359 0.00 0.00 0.00 0
55349 0.00 0.00 0.00 0
55350 0.00 0.00 0.00 0
55351 0.00 0.00 0.00 0
55352 0.00 0.00 0.00 0
55356 0.00 0.00 0.00 0
55470 0.00 0.00 0.00 0
55471 0.00 0.00 0.00 0
55472 0.00 0.00 0.00 0
55473 0.00 0.00 0.00 0
55474 0.00 0.00 0.00 0
55475 0.00 0.00 0.00 0
55476 0.00 0.00 0.00 0
55477 0.00 0.00 0.00 0
55479 0.00 0.00 0.00 0
55480 0.00 0.00 0.00 0
55481 0.00 0.00 0.00 0
55482 0.00 0.00 0.00 0
57149 0.00 0.00 0.00 0
57150 0.00 0.00 0.00 0
57151 0.00 0.00 0.00 0
57152 0.00 0.00 0.00 0
57153 0.00 0.00 0.00 0
57154 0.00 0.00 0.00 0
57273 0.00 0.00 0.00 0
57274 0.00 0.00 0.00 0
57275 0.00 0.00 0.00 0
57276 0.00 0.00 0.00 0
57277 0.00 0.00 0.00 0
57278 0.00 0.00 0.00 0
57279 0.00 0.00 0.00 0
57280 0.00 0.00 0.00 0
57281 0.00 0.00 0.00 0
57282 0.00 0.00 0.00 0
57283 0.00 0.00 0.00 0
60952 0.00 0.00 0.00 0
60953 0.00 0.00 0.00 0
60954 0.00 0.00 0.00 0
60956 0.00 0.00 0.00 0
60957 0.00 0.00 0.00 0
60958 0.00 0.00 0.00 0
60959 0.00 0.00 0.00 0
68490 0.00 0.00 0.00 0
68491 0.00 0.00 0.00 0
68492 0.00 0.00 0.00 0
68493 0.00 0.00 0.00 0
68494 0.00 0.00 0.00 0
68498 0.00 0.00 0.00 0
68499 0.00 0.00 0.00 0
73529 0.00 0.00 0.00 0
73530 0.00 0.00 0.00 0
73531 0.00 0.00 0.00 0
73532 0.00 0.00 0.00 0
73533 0.00 0.00 0.00 0
73534 0.00 0.00 0.00 0
73535 0.00 0.00 0.00 0
73536 0.00 0.00 0.00 0
73537 0.00 0.00 0.00 0
73538 0.00 0.00 0.00 0
73539 0.00 0.00 0.00 0
73540 0.00 0.00 0.00 0
73541 0.00 0.00 0.00 0
73542 0.00 0.00 0.00 0
73543 0.00 0.00 0.00 0
73544 0.00 0.00 0.00 0
73545 0.00 0.00 0.00 0
73546 0.00 0.00 0.00 0
73915 0.00 0.00 0.00 0
73916 0.00 0.00 0.00 0
73917 0.00 0.00 0.00 0
73918 0.00 0.00 0.00 0
73919 0.00 0.00 0.00 0
73920 0.00 0.00 0.00 0
73921 0.00 0.00 0.00 0
73922 0.00 0.00 0.00 0
73923 0.00 0.00 0.00 0
73924 0.00 0.00 0.00 0
73925 0.00 0.00 0.00 0
73926 0.00 0.00 0.00 0
73927 0.00 0.00 0.00 0
73928 0.00 0.00 0.00 0
73929 0.00 0.00 0.00 0
73930 0.00 0.00 0.00 0
73931 0.00 0.00 0.00 0
73932 0.00 0.00 0.00 0
73933 0.00 0.00 0.00 0
84937 0.00 0.00 0.00 0
84938 0.00 0.00 0.00 0
84939 0.00 0.00 0.00 0
84940 0.00 0.00 0.00 0
84941 0.00 0.00 0.00 0
84942 0.00 0.00 0.00 0
84943 0.00 0.00 0.00 0
84944 0.00 0.00 0.00 0
84945 0.00 0.00 0.00 0
84946 0.00 0.00 0.00 0
84947 0.00 0.00 0.00 0
84948 0.00 0.00 0.00 0
84949 0.00 0.00 0.00 0
84950 0.00 0.00 0.00 0
84951 0.00 0.00 0.00 0
84952 0.00 0.00 0.00 0
84953 0.00 0.00 0.00 0
84954 0.00 0.00 0.00 0
84955 0.00 0.00 0.00 0
84956 0.00 0.00 0.00 0
84957 0.00 0.00 0.00 0
84958 0.00 0.00 0.00 0
84959 0.00 0.00 0.00 0
84973 0.00 0.00 0.00 0
84974 0.00 0.00 0.00 0
84975 0.00 0.00 0.00 0
84976 0.00 0.00 0.00 0
84977 0.00 0.00 0.00 0
84978 0.00 0.00 0.00 0
84979 0.00 0.00 0.00 0
84980 0.00 0.00 0.00 0
93113 0.00 0.00 0.00 0
93114 0.00 0.00 0.00 0
93115 0.00 0.00 0.00 0
93116 0.00 0.00 0.00 0
93117 0.00 0.00 0.00 0
93186 0.00 0.00 0.00 0
93187 0.00 0.00 0.00 0
93188 0.00 0.00 0.00 0
93189 0.00 0.00 0.00 0
93190 0.00 0.00 0.00 0
93191 0.00 0.00 0.00 0
93192 0.00 0.00 0.00 0
93193 0.00 0.00 0.00 0
94193 0.00 0.00 0.00 0
94194 0.00 0.00 0.00 0
94195 0.00 0.00 0.00 0
94196 0.00 0.00 0.00 0
94268 0.00 0.00 0.00 0
94269 0.00 0.00 0.00 0
94270 0.00 0.00 0.00 0
94271 0.00 0.00 0.00 0
94272 0.00 0.00 0.00 0
94273 0.00 0.00 0.00 0
100998 0.00 0.00 0.00 0
100999 0.00 0.00 0.00 0
101000 0.00 0.00 0.00 0
101001 0.00 0.00 0.00 0
101002 0.00 0.00 0.00 0
104021 0.00 0.00 0.00 0
104022 0.00 0.00 0.00 0
104023 0.00 0.00 0.00 0
104024 0.00 0.00 0.00 0
104025 0.00 0.00 0.00 0
104026 0.00 0.00 0.00 0
104027 0.00 0.00 0.00 0
104028 0.00 0.00 0.00 0
104029 0.00 0.00 0.00 0
104243 0.00 0.00 0.00 0
104245 0.00 0.00 0.00 0
104246 0.00 0.00 0.00 0
104247 0.00 0.00 0.00 0
104253 0.00 0.00 0.00 0
104254 0.00 0.00 0.00 0
104255 0.00 0.00 0.00 0
104256 0.00 0.00 0.00 0
104257 0.00 0.00 0.00 0
104258 0.00 0.00 0.00 0
104259 0.00 0.00 0.00 0
104260 0.00 0.00 0.00 0
104261 0.00 0.00 0.00 0
104262 0.00 0.00 0.00 0
104263 0.00 0.00 0.00 0
110866 0.00 0.00 0.00 0
110867 0.00 0.00 0.00 0
110868 0.00 0.00 0.00 0
110869 0.00 0.00 0.00 0
110870 0.00 0.00 0.00 0
110871 0.00 0.00 0.00 0
110872 0.00 0.00 0.00 0
110873 0.00 0.00 0.00 0
110874 0.00 0.00 0.00 0
110875 0.00 0.00 0.00 0
110876 0.00 0.00 0.00 0
110877 0.00 0.00 0.00 0
110878 0.00 0.00 0.00 0
110879 0.00 0.00 0.00 0
110890 0.00 0.00 0.00 0
110891 0.00 0.00 0.00 0
110892 0.00 0.00 0.00 0
110893 0.00 0.00 0.00 0
117428 0.00 0.00 0.00 0
117430 0.00 0.00 0.00 0
117435 0.00 0.00 0.00 0
117594 0.00 0.00 0.00 0
117595 0.00 0.00 0.00 0
117596 0.00 0.00 0.00 0
117597 0.00 0.00 0.00 0
117598 0.00 0.00 0.00 0
117599 0.00 0.00 0.00 0
117600 0.00 0.00 0.00 0
117609 0.00 0.00 0.00 0
119945 0.00 0.00 0.00 0
119946 0.00 0.00 0.00 0
119947 0.00 0.00 0.00 0
119948 0.00 0.00 0.00 0
119949 0.00 0.00 0.00 0
119950 0.00 0.00 0.00 0
119951 0.00 0.00 0.00 0
119952 0.00 0.00 0.00 0
119953 0.00 0.00 0.00 0
120121 0.00 0.00 0.00 0
120122 0.00 0.00 0.00 0
120123 0.00 0.00 0.00 0
120124 0.00 0.00 0.00 0
120125 0.00 0.00 0.00 0
120126 0.00 0.00 0.00 0
120127 0.00 0.00 0.00 0
120128 0.00 0.00 0.00 0
120129 0.00 0.00 0.00 0
120130 0.00 0.00 0.00 0
120131 0.00 0.00 0.00 0
120132 0.00 0.00 0.00 0
120133 0.00 0.00 0.00 0
125269 0.00 0.00 0.00 0
125270 0.00 0.00 0.00 0
125271 0.00 0.00 0.00 0
125272 0.00 0.00 0.00 0
125273 0.00 0.00 0.00 0
125274 0.00 0.00 0.00 0
125275 0.00 0.00 0.00 0
125276 0.00 0.00 0.00 0
125277 0.00 0.00 0.00 0
125278 0.00 0.00 0.00 0
125279 0.00 0.00 0.00 0
129893 0.00 0.00 0.00 0
129894 0.00 0.00 0.00 0
129895 0.00 0.00 0.00 0
135140 0.00 0.00 0.00 0
135143 0.00 0.00 0.00 0
135149 0.00 0.00 0.00 0
135150 0.00 0.00 0.00 0
141389 0.00 0.00 0.00 0
141390 0.00 0.00 0.00 0
141391 0.00 0.00 0.00 0
141392 0.00 0.00 0.00 0
141393 0.00 0.00 0.00 0
141394 0.00 0.00 0.00 0
141395 0.00 0.00 0.00 0
141396 0.00 0.00 0.00 0
141397 0.00 0.00 0.00 0
141398 0.00 0.00 0.00 0
141399 0.00 0.00 0.00 0
141400 0.00 0.00 0.00 0
141401 0.00 0.00 0.00 0
141402 0.00 0.00 0.00 0
141403 0.00 0.00 0.00 0
141404 0.00 0.00 0.00 0
141405 0.00 0.00 0.00 0
141406 0.00 0.00 0.00 0
141407 0.00 0.00 0.00 0
141408 0.00 0.00 0.00 0
141409 0.00 0.00 0.00 0
141410 0.00 0.00 0.00 0
141411 0.00 0.00 0.00 0
141418 0.00 0.00 0.00 0
141863 0.00 0.00 0.00 0
141864 0.00 0.00 0.00 0
141865 0.00 0.00 0.00 0
141866 0.00 0.00 0.00 0
141867 0.00 0.00 0.00 0
141868 0.00 0.00 0.00 0
141869 0.00 0.00 0.00 0
141870 0.00 0.00 0.00 0
141871 0.00 0.00 0.00 0
141872 0.00 0.00 0.00 0
141873 0.00 0.00 0.00 0
141874 0.00 0.00 0.00 0
141875 0.00 0.00 0.00 0
141876 0.00 0.00 0.00 0
141877 0.00 0.00 0.00 0
141878 0.00 0.00 0.00 0
141879 0.00 0.00 0.00 0
141880 0.00 0.00 0.00 0
141881 0.00 0.00 0.00 0
141882 0.00 0.00 0.00 0
141883 0.00 0.00 0.00 0
155174 0.00 0.00 0.00 0
155175 0.00 0.00 0.00 0
155176 0.00 0.00 0.00 0
155177 0.00 0.00 0.00 0
155178 0.00 0.00 0.00 0
155179 0.00 0.00 0.00 0
155180 0.00 0.00 0.00 0
155181 0.00 0.00 0.00 0
155182 0.00 0.00 0.00 0
155183 0.00 0.00 0.00 0
155184 0.00 0.00 0.00 0
155185 0.00 0.00 0.00 0
155186 0.00 0.00 0.00 0
155187 0.00 0.00 0.00 0
155188 0.00 0.00 0.00 0
155189 0.00 0.00 0.00 0
155190 0.00 0.00 0.00 0
155191 0.00 0.00 0.00 0
155192 0.00 0.00 0.00 0
155193 0.00 0.00 0.00 0
155194 0.00 0.00 0.00 0
155195 0.00 0.00 0.00 0
155196 0.00 0.00 0.00 0
155208 0.00 0.00 0.00 0
155209 0.00 0.00 0.00 0
155216 0.00 0.00 0.00 0
155217 0.00 0.00 0.00 0
155218 0.00 0.00 0.00 0
155219 0.00 0.00 0.00 0
155220 0.00 0.00 0.00 0
155221 0.00 0.00 0.00 0
155222 0.00 0.00 0.00 0
155223 0.00 0.00 0.00 0
155224 0.00 0.00 0.00 0
155225 0.00 0.00 0.00 0
