# S_temporal_transverse
365
354 0.00 0.00 0.00 0
591 0.00 0.00 0.00 0
2408 0.00 0.00 0.00 0
2409 0.00 0.00 0.00 0
2416 0.00 0.00 0.00 0
5372 0.00 0.00 0.00 0
5373 0.00 0.00 0.00 0
5374 0.00 0.00 0.00 0
5375 0.00 0.00 0.00 0
5376 0.00 0.00 0.00 0
5393 0.00 0.00 0.00 0
5394 0.00 0.00 0.00 0
6108 0.00 0.00 0.00 0
6969 0.00 0.00 0.00 0
9780 0.00 0.00 0.00 0
9781 0.00 0.00 0.00 0
9782 0.00 0.00 0.00 0
9802 0.00 0.00 0.00 0
9803 0.00 0.00 0.00 0
9804 0.00 0.00 0.00 0
9807 0.00 0.00 0.00 0
13052 0.00 0.00 0.00 0
13053 0.00 0.00 0.00 0
13054 0.00 0.00 0.00 0
13055 0.00 0.00 0.00 0
13056 0.00 0.00 0.00 0
13073 0.00 0.00 0.00 0
13074 0.00 0.00 0.00 0
14019 0.00 0.00 0.00 0
15455 0.00 0.00 0.00 0
15456 0.00 0.00 0.00 0
21880 0.00 0.00 0.00 0
21881 0.00 0.00 0.00 0
21882 0.00 0.00 0.00 0
21883 0.00 0.00 0.00 0
21884 0.00 0.00 0.00 0
21885 0.00 0.00 0.00 0
21886 0.00 0.00 0.00 0
21887 0.00 0.00 0.00 0
21888 0.00 0.00 0.00 0
21889 0.00 0.00 0.00 0
21938 0.00 0.00 0.00 0
21939 0.00 0.00 0.00 0
21940 0.00 0.00 0.00 0
21941 0.00 0.00 0.00 0
21942 0.00 0.00 0.00 0
21943 0.00 0.00 0.00 0
21944 0.00 0.00 0.00 0
21951 0.00 0.00 0.00 0
21953 0.00 0.00 0.00 0
28104 0.00 0.00 0.00 0
28105 0.00 0.00 0.00 0
28106 0.00 0.00 0.00 0
28107 0.00 0.00 0.00 0
28108 0.00 0.00 0.00 0
28109 0.00 0.00 0.00 0
28110 0.00 0.00 0.00 0
28139 0.00 0.00 0.00 0
28140 0.00 0.00 0.00 0
28141 0.00 0.00 0.00 0
28142 0.00 0.00 0.00 0
29610 0.00 0.00 0.00 0
29611 0.00 0.00 0.00 0
29612 0.00 0.00 0.00 0
31621 0.00 0.00 0.00 0
31622 0.00 0.00 0.00 0
31623 0.00 0.00 0.00 0
39567 0.00 0.00 0.00 0
39575 0.00 0.00 0.00 0
39576 0.00 0.00 0.00 0
39577 0.00 0.00 0.00 0
39578 0.00 0.00 0.00 0
39579 0.00 0.00 0.00 0
39580 0.00 0.00 0.00 0
39581 0.00 0.00 0.00 0
39642 0.00 0.00 0.00 0
39643 0.00 0.00 0.00 0
39644 0.00 0.00 0.00 0
39645 0.00 0.00 0.00 0
39646 0.00 0.00 0.00 0
39647 0.00 0.00 0.00 0
39648 0.00 0.00 0.00 0
39649 0.00 0.00 0.00 0
39650 0.00 0.00 0.00 0
39651 0.00 0.00 0.00 0
39653 0.00 0.00 0.00 0
39654 0.00 0.00 0.00 0
39655 0.00 0.00 0.00 0
39656 0.00 0.00 0.00 0
39657 0.00 0.00 0.00 0
39658 0.00 0.00 0.00 0
39659 0.00 0.00 0.00 0
43772 0.00 0.00 0.00 0
43773 0.00 0.00 0.00 0
43774 0.00 0.00 0.00 0
43775 0.00 0.00 0.00 0
43776 0.00 0.00 0.00 0
43793 0.00 0.00 0.00 0
43794 0.00 0.00 0.00 0
46175 0.00 0.00 0.00 0
46176 0.00 0.00 0.00 0
52600 0.00 0.00 0.00 0
52601 0.00 0.00 0.00 0
52602 0.00 0.00 0.00 0
52603 0.00 0.00 0.00 0
52604 0.00 0.00 0.00 0
52605 0.00 0.00 0.00 0
52606 0.00 0.00 0.00 0
52607 0.00 0.00 0.00 0
52608 0.00 0.00 0.00 0
52609 0.00 0.00 0.00 0
52660 0.00 0.00 0.00 0
52661 0.00 0.00 0.00 0
52662 0.00 0.00 0.00 0
52663 0.00 0.00 0.00 0
52664 0.00 0.00 0.00 0
62197 0.00 0.00 0.00 0
62198 0.00 0.00 0.00 0
62199 0.00 0.00 0.00 0
62200 0.00 0.00 0.00 0
62201 0.00 0.00 0.00 0
62202 0.00 0.00 0.00 0
62203 0.00 0.00 0.00 0
62204 0.00 0.00 0.00 0
62205 0.00 0.00 0.00 0
62206 0.00 0.00 0.00 0
62207 0.00 0.00 0.00 0
62208 0.00 0.00 0.00 0
62209 0.00 0.00 0.00 0
62210 0.00 0.00 0.00 0
62211 0.00 0.00 0.00 0
62258 0.00 0.00 0.00 0
62259 0.00 0.00 0.00 0
62260 0.00 0.00 0.00 0
62261 0.00 0.00 0.00 0
62262 0.00 0.00 0.00 0
62263 0.00 0.00 0.00 0
62264 0.00 0.00 0.00 0
65094 0.00 0.00 0.00 0
65095 0.00 0.00 0.00 0
65096 0.00 0.00 0.00 0
69406 0.00 0.00 0.00 0
69407 0.00 0.00 0.00 0
69408 0.00 0.00 0.00 0
69409 0.00 0.00 0.00 0
69410 0.00 0.00 0.00 0
69411 0.00 0.00 0.00 0
75782 0.00 0.00 0.00 0
75783 0.00 0.00 0.00 0
75784 0.00 0.00 0.00 0
88680 0.00 0.00 0.00 0
88683 0.00 0.00 0.00 0
88690 0.00 0.00 0.00 0
88691 0.00 0.00 0.00 0
88692 0.00 0.00 0.00 0
88693 0.00 0.00 0.00 0
88694 0.00 0.00 0.00 0
88695 0.00 0.00 0.00 0
88696 0.00 0.00 0.00 0
88697 0.00 0.00 0.00 0
88698 0.00 0.00 0.00 0
88699 0.00 0.00 0.00 0
88700 0.00 0.00 0.00 0
88701 0.00 0.00 0.00 0
88702 0.00 0.00 0.00 0
88703 0.00 0.00 0.00 0
88704 0.00 0.00 0.00 0
88705 0.00 0.00 0.00 0
88706 0.00 0.00 0.00 0
88707 0.00 0.00 0.00 0
88708 0.00 0.00 0.00 0
88855 0.00 0.00 0.00 0
88856 0.00 0.00 0.00 0
88857 0.00 0.00 0.00 0
88858 0.00 0.00 0.00 0
88859 0.00 0.00 0.00 0
88860 0.00 0.00 0.00 0
88861 0.00 0.00 0.00 0
88862 0.00 0.00 0.00 0
88863 0.00 0.00 0.00 0
88864 0.00 0.00 0.00 0
88865 0.00 0.00 0.00 0
88866 0.00 0.00 0.00 0
88867 0.00 0.00 0.00 0
88868 0.00 0.00 0.00 0
88869 0.00 0.00 0.00 0
88870 0.00 0.00 0.00 0
88871 0.00 0.00 0.00 0
88872 0.00 0.00 0.00 0
88873 0.00 0.00 0.00 0
88874 0.00 0.00 0.00 0
88879 0.00 0.00 0.00 0
88880 0.00 0.00 0.00 0
88881 0.00 0.00 0.00 0
88882 0.00 0.00 0.00 0
88888 0.00 0.00 0.00 0
88889 0.00 0.00 0.00 0
88890 0.00 0.00 0.00 0
88891 0.00 0.00 0.00 0
88892 0.00 0.00 0.00 0
88893 0.00 0.00 0.00 0
88894 0.00 0.00 0.00 0
88895 0.00 0.00 0.00 0
88896 0.00 0.00 0.00 0
88897 0.00 0.00 0.00 0
88898 0.00 0.00 0.00 0
88899 0.00 0.00 0.00 0
88901 0.00 0.00 0.00 0
97222 0.00 0.00 0.00 0
97223 0.00 0.00 0.00 0
97224 0.00 0.00 0.00 0
97225 0.00 0.00 0.00 0
97226 0.00 0.00 0.00 0
97227 0.00 0.00 0.00 0
97228 0.00 0.00 0.00 0
97229 0.00 0.00 0.00 0
97230 0.00 0.00 0.00 0
97259 0.00 0.00 0.00 0
97260 0.00 0.00 0.00 0
97261 0.00 0.00 0.00 0
97262 0.00 0.00 0.00 0
98961 0.00 0.00 0.00 0
101547 0.00 0.00 0.00 0
101548 0.00 0.00 0.00 0
101549 0.00 0.00 0.00 0
101550 0.00 0.00 0.00 0
113112 0.00 0.00 0.00 0
113113 0.00 0.00 0.00 0
113114 0.00 0.00 0.00 0
113115 0.00 0.00 0.00 0
113116 0.00 0.00 0.00 0
113117 0.00 0.00 0.00 0
113118 0.00 0.00 0.00 0
113119 0.00 0.00 0.00 0
113120 0.00 0.00 0.00 0
113121 0.00 0.00 0.00 0
113122 0.00 0.00 0.00 0
113123 0.00 0.00 0.00 0
113124 0.00 0.00 0.00 0
113125 0.00 0.00 0.00 0
113126 0.00 0.00 0.00 0
113127 0.00 0.00 0.00 0
113128 0.00 0.00 0.00 0
113129 0.00 0.00 0.00 0
113218 0.00 0.00 0.00 0
113219 0.00 0.00 0.00 0
113220 0.00 0.00 0.00 0
113221 0.00 0.00 0.00 0
113222 0.00 0.00 0.00 0
113223 0.00 0.00 0.00 0
113224 0.00 0.00 0.00 0
113225 0.00 0.00 0.00 0
113226 0.00 0.00 0.00 0
113227 0.00 0.00 0.00 0
113228 0.00 0.00 0.00 0
113242 0.00 0.00 0.00 0
113243 0.00 0.00 0.00 0
127015 0.00 0.00 0.00 0
127016 0.00 0.00 0.00 0
127017 0.00 0.00 0.00 0
127018 0.00 0.00 0.00 0
127019 0.00 0.00 0.00 0
127020 0.00 0.00 0.00 0
127021 0.00 0.00 0.00 0
127022 0.00 0.00 0.00 0
127023 0.00 0.00 0.00 0
127024 0.00 0.00 0.00 0
127025 0.00 0.00 0.00 0
127026 0.00 0.00 0.00 0
127027 0.00 0.00 0.00 0
127028 0.00 0.00 0.00 0
127029 0.00 0.00 0.00 0
127030 0.00 0.00 0.00 0
127031 0.00 0.00 0.00 0
127032 0.00 0.00 0.00 0
127098 0.00 0.00 0.00 0
127099 0.00 0.00 0.00 0
127100 0.00 0.00 0.00 0
127101 0.00 0.00 0.00 0
127102 0.00 0.00 0.00 0
127103 0.00 0.00 0.00 0
127104 0.00 0.00 0.00 0
127105 0.00 0.00 0.00 0
127106 0.00 0.00 0.00 0
130836 0.00 0.00 0.00 0
130837 0.00 0.00 0.00 0
130838 0.00 0.00 0.00 0
130839 0.00 0.00 0.00 0
130840 0.00 0.00 0.00 0
136299 0.00 0.00 0.00 0
136300 0.00 0.00 0.00 0
136301 0.00 0.00 0.00 0
136302 0.00 0.00 0.00 0
136303 0.00 0.00 0.00 0
136304 0.00 0.00 0.00 0
136305 0.00 0.00 0.00 0
144143 0.00 0.00 0.00 0
159657 0.00 0.00 0.00 0
159682 0.00 0.00 0.00 0
159683 0.00 0.00 0.00 0
159684 0.00 0.00 0.00 0
159685 0.00 0.00 0.00 0
159686 0.00 0.00 0.00 0
159687 0.00 0.00 0.00 0
159688 0.00 0.00 0.00 0
159689 0.00 0.00 0.00 0
159690 0.00 0.00 0.00 0
159691 0.00 0.00 0.00 0
159692 0.00 0.00 0.00 0
159694 0.00 0.00 0.00 0
159695 0.00 0.00 0.00 0
159696 0.00 0.00 0.00 0
159697 0.00 0.00 0.00 0
159698 0.00 0.00 0.00 0
159699 0.00 0.00 0.00 0
159700 0.00 0.00 0.00 0
159881 0.00 0.00 0.00 0
159882 0.00 0.00 0.00 0
159883 0.00 0.00 0.00 0
159884 0.00 0.00 0.00 0
159885 0.00 0.00 0.00 0
159886 0.00 0.00 0.00 0
159887 0.00 0.00 0.00 0
159888 0.00 0.00 0.00 0
159889 0.00 0.00 0.00 0
159890 0.00 0.00 0.00 0
159891 0.00 0.00 0.00 0
159892 0.00 0.00 0.00 0
159893 0.00 0.00 0.00 0
159894 0.00 0.00 0.00 0
159895 0.00 0.00 0.00 0
159896 0.00 0.00 0.00 0
159897 0.00 0.00 0.00 0
159898 0.00 0.00 0.00 0
159899 0.00 0.00 0.00 0
159900 0.00 0.00 0.00 0
159901 0.00 0.00 0.00 0
159902 0.00 0.00 0.00 0
159903 0.00 0.00 0.00 0
159905 0.00 0.00 0.00 0
159906 0.00 0.00 0.00 0
159907 0.00 0.00 0.00 0
159908 0.00 0.00 0.00 0
159909 0.00 0.00 0.00 0
159916 0.00 0.00 0.00 0
159917 0.00 0.00 0.00 0
159918 0.00 0.00 0.00 0
159919 0.00 0.00 0.00 0
159920 0.00 0.00 0.00 0
159921 0.00 0.00 0.00 0
159922 0.00 0.00 0.00 0
159923 0.00 0.00 0.00 0
159924 0.00 0.00 0.00 0
159925 0.00 0.00 0.00 0
159926 0.00 0.00 0.00 0
159927 0.00 0.00 0.00 0
159928 0.00 0.00 0.00 0
159929 0.00 0.00 0.00 0
159930 0.00 0.00 0.00 0
159931 0.00 0.00 0.00 0
159932 0.00 0.00 0.00 0
159933 0.00 0.00 0.00 0
159934 0.00 0.00 0.00 0
159935 0.00 0.00 0.00 0
159936 0.00 0.00 0.00 0
