# Label from mne_analyze
1997
92 -31.93 25.09 11.47 0
94 -13.82 33.49 22.48 0
212 -27.65 21.61 19.98 0
213 -22.67 28.50 17.68 0
214 -21.03 25.70 26.76 0
454 -26.01 31.38 8.32 0
455 -15.41 35.42 13.53 0
456 -10.08 43.13 18.07 0
693 -24.43 23.51 23.38 0
694 -23.07 21.55 27.55 0
994 -29.16 28.12 9.82 0
995 -17.94 30.61 20.27 0
996 -18.83 31.90 15.77 0
997 -14.05 34.38 17.84 0
998 -11.66 38.55 15.73 0
999 -11.01 37.97 20.13 0
1532 -29.81 23.56 15.78 0
1533 -27.42 26.81 14.45 0
1534 -25.87 25.22 18.94 0
1535 -21.70 27.07 22.21 0
1536 -17.72 29.59 24.91 0
1624 -16.97 40.18 7.57 0
2016 -23.28 34.40 6.54 0
2017 -24.11 30.03 13.09 0
2018 -20.66 33.24 11.29 0
2019 -17.97 36.47 9.30 0
2020 -13.65 39.36 11.73 0
2021 -11.40 43.63 13.99 0
2024 -17.81 28.56 29.65 0
2025 -14.26 32.81 27.42 0
2028 -11.07 37.41 25.03 0
2912 -32.91 25.62 9.15 0
2913 -31.58 27.11 8.26 0
2914 -30.66 26.56 10.65 0
2915 -15.73 31.94 21.39 0
2916 -15.88 32.44 19.05 0
2917 -13.82 33.90 20.10 0
2918 -12.28 36.00 18.92 0
2919 -12.19 35.63 21.23 0
2953 -32.89 23.52 12.25 0
3512 -28.75 22.62 17.88 0
3513 -27.87 24.39 17.28 0
3514 -26.98 23.48 19.45 0
3515 -22.74 24.55 25.13 0
3516 -23.25 25.34 22.89 0
3517 -21.34 26.40 24.48 0
3518 -19.66 28.23 23.61 0
3519 -19.48 27.67 25.95 0
3667 -15.31 42.10 8.93 0
4415 -28.55 30.29 6.55 0
4419 -24.56 32.89 7.52 0
4420 -25.08 27.67 16.10 0
4421 -25.83 28.43 13.78 0
4422 -23.34 29.26 15.39 0
4423 -16.97 33.68 14.61 0
4424 -19.62 32.59 13.55 0
4425 -17.93 34.29 12.43 0
4426 -19.16 34.85 10.23 0
4427 -16.55 35.95 11.42 0
4428 -15.59 37.74 10.55 0
4429 -14.27 37.27 12.56 0
4430 -10.62 40.67 16.88 0
4431 -11.23 40.97 14.82 0
4432 -10.60 43.31 15.95 0
4440 -16.30 30.18 31.02 0
4441 -16.10 30.70 28.63 0
4442 -14.56 32.41 29.93 0
4449 -11.26 37.07 27.62 0
4450 -10.24 39.78 26.57 0
4451 -10.13 40.06 23.94 0
5852 -26.54 20.51 21.99 0
5853 -26.06 22.53 21.62 0
5854 -25.17 21.53 23.70 0
5855 -23.76 22.57 25.52 0
5856 -22.27 23.67 27.31 0
6395 -30.11 28.67 7.38 0
6396 -27.57 29.77 9.05 0
6397 -20.27 29.46 19.07 0
6398 -20.78 30.15 16.81 0
6399 -18.27 31.22 18.00 0
6400 -16.28 33.04 16.79 0
6401 -14.57 34.89 15.67 0
6402 -13.28 36.80 14.62 0
6403 -12.63 36.39 16.74 0
6404 -11.21 38.25 17.87 0
6405 -10.31 40.47 19.08 0
7412 -30.89 24.39 13.67 0
7413 -29.71 25.94 12.93 0
7414 -28.78 25.22 15.13 0
7415 -26.62 26.05 16.71 0
7416 -24.40 26.88 18.39 0
7417 -25.14 24.37 21.17 0
7418 -23.79 26.10 20.65 0
7419 -22.13 27.76 19.96 0
7420 -19.91 28.82 21.32 0
7421 -17.77 30.08 22.56 0
7422 -15.75 31.53 23.76 0
7474 -31.72 22.75 14.38 0
8623 -28.26 27.50 12.16 0
8624 -26.64 29.14 11.44 0
8625 -25.01 30.75 10.75 0
8626 -21.48 30.89 14.57 0
8627 -22.36 31.61 12.29 0
8628 -23.41 32.28 9.95 0
8629 -21.91 33.83 8.98 0
8630 -20.63 35.40 7.95 0
8631 -19.65 36.98 7.03 0
8632 -17.21 38.20 8.45 0
8633 -15.17 39.77 9.73 0
8634 -13.62 41.74 10.95 0
8635 -12.46 38.93 13.69 0
8636 -12.23 41.36 12.87 0
8642 -21.81 22.67 29.38 0
8643 -20.76 24.89 28.97 0
8645 -19.30 26.31 30.46 0
8646 -19.37 27.05 28.26 0
8647 -17.74 29.12 27.30 0
8648 -15.89 31.13 26.19 0
8649 -13.99 33.15 24.93 0
8656 -12.79 34.62 28.73 0
8657 -12.50 34.99 26.16 0
8658 -12.29 35.31 23.66 0
8659 -10.98 37.71 22.52 0
8660 -10.16 40.27 21.44 0
8661 -9.79 42.99 20.37 0
10592 -32.43 25.38 10.32 0
10593 -31.81 26.11 9.90 0
10594 -31.33 25.83 11.06 0
10595 -14.73 32.69 21.93 0
10596 -14.74 32.90 20.75 0
10597 -13.80 33.69 21.28 0
10598 -12.95 34.72 20.65 0
10599 -12.96 34.54 21.83 0
10633 -32.46 24.33 11.86 0
10634 -33.45 23.82 11.14 0
10635 -32.99 24.63 10.73 0
11192 -28.20 22.12 18.94 0
11193 -27.86 23.05 18.65 0
11194 -27.36 22.57 19.73 0
11195 -21.88 25.10 25.96 0
11196 -22.08 25.48 24.83 0
11197 -21.18 26.06 25.62 0
11198 -20.40 27.01 25.23 0
11199 -20.29 26.70 26.39 0
11236 -29.04 21.69 18.19 0
12095 -27.28 30.86 7.44 0
12097 -26.53 31.64 7.06 0
12099 -25.27 32.14 7.94 0
12100 -23.88 28.08 16.92 0
12101 -24.23 28.47 15.76 0
12102 -22.99 28.88 16.54 0
12103 -16.14 34.55 14.06 0
12104 -17.42 33.99 13.52 0
12105 -16.64 34.84 12.98 0
12106 -17.20 35.12 11.91 0
12107 -15.94 35.69 12.47 0
12108 -15.36 36.57 11.99 0
12109 -14.78 36.32 13.03 0
12110 -10.30 41.86 17.47 0
12111 -10.54 41.96 16.41 0
12112 -10.31 43.21 16.99 0
12119 -16.37 29.86 32.16 0
12120 -15.54 31.03 31.70 0
12121 -15.44 31.30 30.51 0
12122 -14.68 32.17 31.18 0
12129 -10.32 39.62 27.91 0
13593 -25.85 21.02 22.83 0
13594 -25.37 20.47 23.81 0
13595 -23.69 21.02 26.61 0
13596 -24.09 21.54 25.62 0
13597 -23.42 22.07 26.55 0
13598 -23.02 23.11 26.43 0
13599 -22.74 22.61 27.47 0
14495 -30.40 27.61 9.04 0
14496 -30.86 27.88 7.82 0
14497 -29.63 28.41 8.62 0
14498 -28.85 29.23 8.21 0
14499 -28.37 28.94 9.43 0
14500 -19.10 30.01 19.69 0
14501 -19.28 30.33 18.56 0
14502 -18.08 30.90 19.13 0
14503 -14.92 33.40 18.43 0
14504 -16.04 32.73 17.91 0
14505 -15.11 33.67 17.31 0
14506 -15.37 33.96 16.22 0
14507 -14.27 34.63 16.74 0
14508 -13.54 35.60 16.20 0
14509 -13.29 35.37 17.27 0
14510 -11.59 36.94 19.51 0
14511 -11.69 37.10 18.39 0
14512 -11.09 38.11 18.98 0
14513 -10.71 39.31 18.47 0
14514 -10.61 39.20 19.60 0
16292 -30.35 23.99 14.73 0
16293 -29.84 24.80 14.39 0
16294 -29.34 24.40 15.45 0
16295 -26.88 24.80 18.09 0
16296 -27.29 25.23 16.99 0
16297 -26.24 25.64 17.83 0
16298 -25.52 26.47 17.55 0
16299 -25.17 26.06 18.68 0
16300 -25.26 23.01 22.49 0
16301 -25.66 23.46 21.40 0
16302 -24.79 23.95 22.28 0
16303 -22.51 26.21 22.57 0
16304 -23.51 25.72 21.76 0
16305 -22.74 26.57 21.45 0
16306 -22.99 26.93 20.33 0
16307 -21.90 27.41 21.08 0
16308 -21.01 28.27 20.67 0
16309 -20.83 27.94 21.79 0
16310 -18.67 28.89 24.27 0
16311 -18.74 29.16 23.09 0
16312 -17.73 29.84 23.72 0
16313 -16.74 30.79 23.16 0
16314 -16.75 30.56 24.35 0
16423 -30.20 22.69 16.11 0
16424 -31.12 22.29 15.42 0
16425 -30.77 23.15 15.08 0
16426 -31.35 23.58 14.03 0
16762 -17.98 39.35 6.87 0
19015 -28.57 26.37 13.68 0
19016 -29.01 26.71 12.55 0
19017 -27.83 27.17 13.32 0
19018 -24.98 29.24 13.44 0
19019 -26.22 28.80 12.62 0
19020 -25.38 29.61 12.28 0
19021 -25.82 29.96 11.10 0
19022 -24.54 30.40 11.93 0
19023 -19.81 31.01 16.32 0
19024 -21.11 30.52 15.69 0
19025 -20.15 31.38 15.21 0
19026 -20.11 32.92 12.42 0
19027 -20.99 32.08 12.96 0
19028 -21.49 32.42 11.81 0
19029 -22.87 31.95 11.13 0
19030 -22.05 32.74 10.66 0
19031 -22.64 33.05 9.49 0
19032 -21.26 33.54 10.15 0
19033 -18.52 35.65 9.75 0
19034 -19.87 35.12 9.11 0
19035 -19.28 35.92 8.64 0
19036 -20.09 36.19 7.48 0
19037 -18.78 36.72 8.20 0
19038 -18.39 37.55 7.76 0
19039 -17.53 37.31 8.88 0
19040 -14.56 38.50 11.14 0
19041 -15.31 38.72 10.14 0
19042 -14.37 39.57 10.75 0
19043 -14.33 40.71 10.35 0
19044 -13.56 40.51 11.34 0
19045 -12.40 37.63 15.17 0
19046 -12.80 37.83 14.14 0
19047 -12.01 38.73 14.70 0
19048 -11.25 42.28 14.40 0
19049 -11.68 41.16 13.84 0
19050 -11.74 42.47 13.43 0
19051 -12.34 42.66 12.49 0
19052 -11.94 43.82 13.05 0
19066 -21.34 23.78 29.21 0
19067 -20.64 24.44 30.01 0
19071 -17.85 28.23 30.78 0
19072 -18.58 27.08 31.18 0
19073 -18.59 27.45 30.09 0
19074 -19.33 26.69 29.38 0
19075 -18.58 27.79 28.96 0
19076 -18.58 28.10 27.81 0
19077 -17.77 28.86 28.49 0
19078 -15.19 31.76 28.05 0
19079 -15.99 30.93 27.42 0
19080 -15.05 31.95 26.81 0
19081 -14.93 32.14 25.58 0
19082 -14.12 32.98 26.17 0
19099 -12.95 34.43 30.05 0
19100 -12.12 35.62 29.48 0
19101 -11.16 37.24 26.31 0
19102 -11.84 35.99 26.86 0
19103 -11.72 36.16 25.58 0
19104 -12.38 35.15 24.91 0
19105 -11.64 36.33 24.32 0
19106 -11.57 36.48 23.07 0
19107 -11.01 37.57 23.76 0
19108 -9.84 41.43 23.40 0
19109 -10.13 40.17 22.67 0
19110 -9.87 41.52 22.13 0
19111 -9.92 41.61 20.91 0
19112 -9.70 42.91 21.59 0
23674 -32.27 26.36 8.71 0
23675 -31.13 26.85 9.47 0
23676 -29.93 27.33 10.23 0
23677 -16.81 31.25 20.83 0
23678 -16.90 31.52 19.68 0
23679 -15.78 32.18 20.22 0
23680 -14.80 33.13 19.58 0
23681 -13.90 34.13 18.96 0
23682 -13.10 35.15 18.37 0
23683 -13.00 34.93 19.49 0
23684 -12.21 35.81 20.06 0
23685 -11.54 36.78 20.66 0
24752 -29.28 23.10 16.82 0
24753 -28.84 23.97 16.51 0
24754 -28.35 23.52 17.57 0
24755 -27.43 23.94 18.36 0
24756 -26.48 24.36 19.19 0
24757 -23.59 24.03 24.27 0
24758 -23.89 24.45 23.16 0
24759 -22.99 24.95 24.01 0
24760 -22.29 25.85 23.70 0
24761 -21.51 26.74 23.34 0
24762 -20.67 27.62 22.92 0
24763 -20.52 27.32 24.07 0
24764 -19.56 27.95 24.78 0
24765 -18.63 28.63 25.45 0
24832 -29.63 22.20 17.15 0
25033 -16.08 41.10 8.26 0
25034 -17.04 41.28 7.17 0
25035 -16.25 42.28 7.87 0
26385 -23.90 33.64 7.05 0
26386 -26.26 27.25 15.26 0
26387 -26.65 27.62 14.11 0
26388 -25.45 28.06 14.94 0
26389 -24.60 28.86 14.60 0
26390 -23.71 29.64 14.24 0
26391 -17.87 32.79 15.19 0
26392 -19.20 32.25 14.66 0
26393 -18.28 33.12 14.09 0
26394 -18.75 33.45 12.98 0
26395 -19.28 33.75 11.87 0
26396 -19.88 34.05 10.75 0
26397 -18.51 34.57 11.34 0
26398 -17.83 35.39 10.83 0
26399 -17.23 36.21 10.37 0
26400 -16.73 37.07 9.94 0
26401 -16.01 36.82 10.97 0
26402 -14.90 37.50 11.55 0
26403 -13.89 38.27 12.13 0
26404 -11.07 39.57 16.30 0
26405 -11.37 39.73 15.26 0
26406 -10.88 40.81 15.83 0
26407 -10.85 42.10 15.39 0
26408 -10.96 43.45 14.96 0
26421 -17.11 29.03 31.47 0
26422 -17.06 29.35 30.33 0
26423 -16.98 29.64 29.16 0
26424 -16.21 30.45 29.84 0
26425 -15.32 31.54 29.28 0
26426 -14.41 32.62 28.68 0
26437 -11.39 36.89 28.95 0
26438 -10.79 38.23 28.43 0
26439 -10.69 38.40 27.10 0
26440 -10.60 38.56 25.78 0
26441 -10.54 38.71 24.48 0
26442 -10.17 39.92 25.24 0
26443 -9.86 41.32 24.70 0
29012 -27.09 21.07 21.00 0
29013 -26.85 22.07 20.78 0
29014 -26.35 21.55 21.82 0
29015 -25.61 22.04 22.67 0
29016 -24.86 22.54 23.56 0
29017 -24.74 21.01 24.70 0
29018 -24.47 22.05 24.60 0
29019 -24.09 23.05 24.46 0
29020 -23.31 23.58 25.36 0
29021 -22.50 24.12 26.23 0
29022 -21.69 24.70 27.07 0
30280 -29.34 29.48 6.96 0
30281 -28.06 30.05 7.81 0
30282 -26.79 30.59 8.68 0
30283 -21.46 28.95 18.40 0
30284 -21.74 29.31 17.27 0
30285 -20.50 29.79 17.94 0
30286 -19.52 30.66 17.44 0
30287 -18.52 31.55 16.88 0
30288 -17.05 31.81 18.53 0
30289 -17.26 32.12 17.40 0
30290 -17.53 32.45 16.29 0
30291 -16.59 33.35 15.70 0
30292 -15.72 34.26 15.14 0
30293 -14.95 35.15 14.60 0
30294 -14.29 36.07 14.08 0
30295 -13.87 35.83 15.14 0
30296 -12.91 36.59 15.68 0
30297 -12.08 37.44 16.23 0
30298 -12.42 36.19 17.82 0
30299 -11.85 37.27 17.30 0
30300 -11.40 38.39 16.79 0
30301 -10.85 39.43 17.36 0
30302 -10.44 40.56 17.96 0
30303 -10.13 41.78 18.57 0
32732 -31.42 24.76 12.58 0
32733 -30.84 25.51 12.20 0
32734 -30.34 25.17 13.31 0
32735 -29.24 25.59 14.04 0
32736 -28.14 26.02 14.79 0
32737 -28.32 24.82 16.20 0
32738 -27.71 25.64 15.90 0
32739 -27.02 26.44 15.58 0
32740 -25.88 26.86 16.41 0
32741 -24.73 27.28 17.25 0
32742 -23.56 27.69 18.06 0
32743 -26.52 23.01 20.54 0
32744 -26.07 23.91 20.30 0
32745 -25.51 24.79 20.05 0
32746 -24.20 24.85 22.04 0
32747 -24.51 25.25 20.92 0
32748 -24.84 25.65 19.80 0
32749 -24.09 26.49 19.52 0
32750 -23.26 27.31 19.20 0
32751 -22.38 28.12 18.82 0
32752 -21.22 28.61 19.54 0
32753 -20.08 29.14 20.20 0
32754 -18.95 29.72 20.82 0
32755 -19.77 28.52 22.46 0
32756 -18.83 29.43 21.95 0
32757 -17.84 30.34 21.41 0
32758 -16.76 31.01 21.99 0
32759 -15.73 31.73 22.57 0
32760 -14.77 32.50 23.13 0
32901 -32.31 23.16 13.33 0
32902 -31.91 23.98 12.96 0
36121 -30.18 26.26 11.80 0
36122 -29.47 27.02 11.39 0
36123 -28.70 27.81 10.99 0
36124 -27.04 27.97 12.96 0
36125 -27.46 28.31 11.79 0
36126 -27.90 28.64 10.62 0
36127 -27.09 29.47 10.26 0
36128 -26.30 30.29 9.91 0
36129 -25.51 31.07 9.55 0
36130 -22.06 29.69 16.13 0
36131 -22.41 30.06 14.99 0
36132 -22.81 30.44 13.86 0
36133 -20.54 31.74 14.09 0
36134 -21.90 31.26 13.44 0
36135 -23.24 30.81 12.71 0
36136 -23.71 31.17 11.55 0
36137 -24.21 31.51 10.37 0
36138 -24.73 31.84 9.17 0
36139 -23.98 32.59 8.75 0
36140 -23.26 33.36 8.29 0
36141 -22.59 34.12 7.78 0
36142 -20.54 34.33 9.62 0
36143 -21.24 34.61 8.46 0
36144 -21.98 34.89 7.26 0
36145 -21.42 35.67 6.75 0
36146 -20.94 36.45 6.26 0
36148 -19.32 37.78 6.58 0
36149 -18.13 38.42 7.32 0
36150 -17.02 39.16 8.00 0
36151 -16.36 37.97 9.52 0
36152 -16.13 38.94 9.10 0
36153 -16.04 39.98 8.67 0
36154 -15.18 40.91 9.32 0
36155 -14.43 41.92 9.95 0
36156 -13.80 43.02 10.58 0
36157 -13.73 37.03 13.58 0
36158 -13.30 38.05 13.12 0
36159 -13.01 39.14 12.70 0
36160 -11.77 39.91 14.25 0
36161 -12.27 40.11 13.27 0
36162 -12.87 40.31 12.31 0
36163 -12.88 41.55 11.92 0
36164 -13.03 42.84 11.54 0
36180 -22.45 22.10 28.48 0
36181 -22.04 23.18 28.36 0
36182 -21.51 24.26 28.16 0
36183 -20.89 25.31 27.88 0
36189 -19.94 25.16 30.77 0
36190 -20.03 25.58 29.73 0
36191 -20.10 25.98 28.65 0
36192 -20.19 26.35 27.53 0
36193 -19.42 27.38 27.11 0
36194 -18.59 28.38 26.63 0
36195 -17.72 29.36 26.11 0
36196 -16.91 29.89 27.97 0
36197 -16.84 30.13 26.76 0
36198 -16.79 30.35 25.55 0
36199 -15.81 31.33 24.97 0
36200 -14.83 32.31 24.35 0
36201 -13.89 33.31 23.70 0
36220 -13.81 33.30 30.62 0
36221 -13.66 33.51 29.33 0
36222 -13.51 33.70 28.05 0
36223 -11.97 35.81 28.16 0
36224 -12.63 34.81 27.44 0
36225 -13.36 33.87 26.78 0
36226 -13.22 34.04 25.52 0
36227 -13.10 34.20 24.28 0
36228 -13.01 34.36 23.05 0
36229 -12.22 35.47 22.43 0
36230 -11.54 36.63 21.85 0
36231 -10.98 37.84 21.31 0
36232 -10.51 38.85 23.22 0
36233 -10.51 38.98 21.98 0
36234 -10.54 39.09 20.78 0
36235 -10.22 40.37 20.24 0
36236 -10.01 41.70 19.72 0
36237 -9.91 43.06 19.20 0
41312 -32.19 25.24 10.90 0
41313 -31.89 25.61 10.69 0
41314 -31.64 25.46 11.27 0
41315 -14.27 33.08 22.20 0
41316 -14.26 33.18 21.60 0
41317 -13.81 33.59 21.87 0
41318 -13.37 34.10 21.55 0
41319 -13.38 34.01 22.15 0
41353 -32.21 24.71 11.66 0
41354 -32.73 24.48 11.30 0
41355 -32.47 24.87 11.10 0
41356 -32.72 25.01 10.53 0
41912 -27.92 21.87 19.46 0
41913 -27.78 22.35 19.33 0
41914 -27.51 22.10 19.86 0
41915 -21.45 25.39 26.36 0
41916 -21.54 25.58 25.80 0
41917 -21.10 25.88 26.19 0
41918 -20.73 26.37 26.01 0
41919 -20.67 26.20 26.58 0
41953 -27.75 21.11 20.10 0
41955 -28.04 21.38 19.59 0
41956 -28.33 21.65 19.08 0
42815 -26.65 31.13 7.88 0
42816 -26.90 31.25 7.25 0
42817 -26.27 31.51 7.69 0
42818 -25.90 31.90 7.50 0
42819 -25.64 31.76 8.13 0
42820 -23.28 28.28 17.31 0
42821 -23.44 28.48 16.73 0
42822 -22.82 28.69 17.11 0
42823 -15.77 34.99 13.79 0
42824 -16.38 34.70 13.52 0
42825 -16.01 35.13 13.26 0
42826 -16.28 35.26 12.72 0
42827 -15.67 35.56 13.00 0
42828 -15.35 36.00 12.75 0
42829 -15.08 35.87 13.27 0
42830 -10.18 42.49 17.77 0
42831 -10.29 42.53 17.23 0
42832 -10.18 43.17 17.52 0
42834 -10.10 43.83 17.82 0
42839 -15.58 30.88 32.29 0
42840 -15.16 31.46 32.05 0
42841 -15.11 31.60 31.45 0
42842 -14.74 32.04 31.80 0
44315 -23.38 21.29 27.08 0
44316 -23.57 21.55 26.58 0
44317 -23.25 21.81 27.05 0
44318 -23.08 22.34 27.01 0
44319 -22.92 22.08 27.52 0
45215 -29.78 27.87 9.42 0
45216 -30.02 28.01 8.82 0
45217 -29.40 28.27 9.22 0
45218 -29.00 28.68 9.02 0
45219 -28.77 28.53 9.62 0
45220 -18.51 30.31 19.98 0
45221 -18.59 30.46 19.41 0
45222 -18.00 30.76 19.70 0
45223 -14.47 33.88 18.13 0
45224 -15.00 33.53 17.87 0
45225 -14.56 34.02 17.57 0
45226 -14.67 34.15 17.02 0
45227 -14.15 34.50 17.29 0
45228 -13.76 34.99 17.01 0
45229 -13.65 34.87 17.55 0
45230 -11.29 37.44 19.81 0
45231 -11.32 37.52 19.24 0
45232 -11.05 38.04 19.55 0
45233 -10.83 38.65 19.29 0
45234 -10.80 38.58 19.87 0
47012 -30.08 23.78 15.26 0
47013 -29.85 24.19 15.09 0
47014 -29.59 23.98 15.62 0
47015 -26.38 25.01 18.51 0
47016 -26.57 25.22 17.96 0
47017 -26.05 25.43 18.38 0
47018 -25.71 25.85 18.25 0
47019 -25.53 25.64 18.81 0
47020 -24.85 23.26 22.93 0
47021 -25.04 23.48 22.39 0
47022 -24.61 23.73 22.83 0
47023 -22.11 26.64 22.39 0
47024 -22.62 26.39 22.01 0
47025 -22.22 26.81 21.83 0
47026 -22.33 26.99 21.27 0
47027 -21.80 27.24 21.64 0
47028 -21.36 27.67 21.44 0
47029 -21.27 27.50 22.00 0
47030 -18.19 29.24 24.59 0
47031 -18.21 29.36 24.00 0
47032 -17.72 29.71 24.32 0
47033 -17.24 30.19 24.04 0
47034 -17.24 30.08 24.63 0
47143 -30.02 23.13 15.95 0
47144 -30.49 22.93 15.60 0
47145 -30.29 23.35 15.43 0
47146 -30.57 23.57 14.91 0
47482 -17.46 39.76 7.22 0
47483 -17.96 39.85 6.65 0
47484 -17.46 40.27 7.01 0
49735 -28.00 26.59 14.06 0
49736 -28.21 26.77 13.50 0
49737 -27.63 26.99 13.89 0
49738 -24.54 29.63 13.26 0
49739 -25.18 29.42 12.86 0
49740 -24.75 29.82 12.68 0
49741 -24.96 30.01 12.10 0
49742 -24.32 30.21 12.51 0
49743 -19.32 31.45 16.05 0
49744 -19.97 31.19 15.76 0
49745 -19.49 31.63 15.50 0
49746 -20.38 33.08 11.86 0
49747 -20.80 32.67 12.12 0
49748 -21.07 32.83 11.55 0
49749 -21.76 32.58 11.24 0
49750 -21.35 32.99 10.98 0
49751 -21.65 33.14 10.41 0
49752 -20.95 33.39 10.72 0
49753 -18.23 36.06 9.52 0
49754 -18.89 35.78 9.20 0
49755 -18.62 36.19 8.97 0
49756 -19.02 36.32 8.41 0
49757 -18.37 36.60 8.76 0
49758 -18.15 37.01 8.54 0
49759 -17.73 36.89 9.09 0
49760 -14.09 38.91 11.44 0
49761 -14.45 39.02 10.94 0
49762 -14.00 39.46 11.24 0
49763 -13.95 40.03 11.05 0
49764 -13.59 39.92 11.53 0
49765 -12.01 38.08 15.45 0
49766 -12.19 38.17 14.93 0
49767 -11.82 38.64 15.21 0
49768 -11.31 42.95 14.19 0
49769 -11.48 42.37 13.91 0
49770 -11.56 43.05 13.71 0
49771 -11.83 43.14 13.24 0
49772 -11.66 43.73 13.52 0
49791 -17.83 28.40 30.22 0
49792 -18.22 27.84 30.44 0
49793 -18.21 28.01 29.88 0
49794 -18.58 27.63 29.53 0
49795 -18.19 28.17 29.31 0
49796 -18.18 28.33 28.73 0
49797 -17.79 28.71 29.07 0
49798 -14.72 32.28 27.74 0
49799 -15.12 31.86 27.43 0
49800 -14.65 32.38 27.12 0
49801 -14.58 32.47 26.50 0
49802 -14.19 32.90 26.80 0
49819 -12.20 35.53 30.15 0
49820 -11.82 36.15 29.88 0
49821 -11.11 37.33 25.67 0
49822 -11.43 36.69 25.94 0
49823 -11.38 36.78 25.30 0
49824 -11.68 36.25 24.95 0
49825 -11.34 36.86 24.67 0
49826 -11.31 36.94 24.04 0
49827 -11.03 37.49 24.39 0
49829 -9.85 41.48 22.76 0
49831 -9.77 42.21 21.86 0
54812 -33.14 25.73 8.55 0
54813 -32.82 26.10 8.33 0
54814 -32.60 26.00 8.93 0
54815 -31.24 26.34 10.28 0
54816 -31.48 26.48 9.69 0
54817 -30.90 26.71 10.06 0
54818 -30.54 27.09 9.85 0
54819 -30.30 26.94 10.44 0
54820 -16.26 31.59 21.11 0
54821 -16.29 31.71 20.53 0
54822 -15.75 32.06 20.80 0
54823 -14.27 33.39 20.42 0
54824 -14.76 33.01 20.16 0
54825 -14.30 33.51 19.84 0
54826 -14.34 33.63 19.27 0
54827 -13.85 34.01 19.53 0
54828 -13.43 34.52 19.22 0
54829 -13.39 34.41 19.79 0
54830 -12.56 35.17 20.93 0
54831 -12.57 35.26 20.35 0
54832 -12.20 35.72 20.64 0
54833 -11.86 36.28 20.36 0
54834 -11.85 36.20 20.94 0
54943 -33.21 25.25 9.37 0
54945 -33.44 25.35 8.77 0
56612 -29.01 22.86 17.35 0
56613 -28.82 23.31 17.19 0
56614 -28.56 23.07 17.73 0
56615 -27.42 23.26 19.05 0
56616 -27.66 23.50 18.50 0
56617 -27.20 23.71 18.91 0
56618 -26.96 24.15 18.77 0
56619 -26.74 23.92 19.32 0
56620 -23.17 24.29 24.70 0
56621 -23.30 24.49 24.15 0
56622 -22.86 24.75 24.57 0
56623 -21.72 25.94 24.66 0
56624 -22.18 25.67 24.27 0
56625 -21.81 26.12 24.09 0
56626 -21.91 26.29 23.52 0
56627 -21.42 26.57 23.91 0
56628 -21.01 27.02 23.71 0
56629 -20.94 26.86 24.28 0
56630 -19.94 27.34 25.59 0
56631 -19.99 27.48 25.01 0
56632 -19.52 27.81 25.36 0
56633 -19.09 28.29 25.12 0
56634 -19.06 28.15 25.71 0
56743 -28.91 22.16 18.04 0
56744 -29.34 21.95 17.67 0
56745 -29.19 22.41 17.51 0
56746 -29.47 22.65 16.99 0
57082 -15.68 41.59 8.59 0
57083 -16.15 41.68 8.06 0
57084 -15.78 42.19 8.40 0
59320 -29.18 29.99 6.12 0
59322 -28.80 30.39 5.92 0
59330 -25.20 32.65 7.11 0
59332 -24.86 33.03 6.89 0
59334 -24.22 33.27 7.29 0
59335 -25.68 27.46 15.68 0
59336 -25.86 27.65 15.10 0
59337 -25.27 27.87 15.52 0
59338 -23.79 28.86 15.58 0
59339 -24.41 28.66 15.18 0
59340 -23.97 29.06 15.00 0
59341 -24.16 29.25 14.42 0
59342 -23.52 29.45 14.81 0
59343 -17.41 33.23 14.89 0
59344 -18.07 32.96 14.64 0
59345 -17.62 33.40 14.35 0
59346 -17.67 34.14 12.98 0
59347 -18.08 33.72 13.25 0
59348 -18.33 33.87 12.71 0
59349 -19.00 33.60 12.43 0
59350 -18.60 34.02 12.16 0
59351 -18.89 34.16 11.60 0
59352 -18.21 34.43 11.89 0
59353 -16.86 35.53 11.66 0
59354 -17.50 35.25 11.37 0
59355 -17.18 35.67 11.13 0
59356 -17.51 35.80 10.60 0
59357 -16.88 36.08 10.90 0
59358 -16.61 36.51 10.67 0
59359 -16.27 36.38 11.19 0
59360 -14.80 36.91 12.28 0
59361 -15.11 37.03 11.77 0
59362 -14.58 37.39 12.05 0
59363 -14.38 37.88 11.84 0
59364 -14.07 37.76 12.34 0
59365 -10.83 40.11 16.58 0
59366 -10.96 40.18 16.06 0
59367 -10.74 40.73 16.35 0
59368 -10.55 42.63 16.18 0
59369 -10.68 42.03 15.89 0
59370 -10.71 42.70 15.67 0
59371 -10.89 42.77 15.17 0
59372 -10.77 43.38 15.45 0
59391 -16.34 30.02 31.59 0
59392 -16.74 29.44 31.81 0
59393 -16.71 29.61 31.25 0
59394 -17.09 29.20 30.91 0
59395 -16.68 29.76 30.68 0
59396 -16.64 29.90 30.09 0
59397 -16.26 30.32 30.43 0
59398 -15.00 31.86 30.23 0
59399 -15.38 31.43 29.90 0
59400 -14.94 31.98 29.61 0
59401 -14.87 32.08 28.98 0
59402 -14.49 32.52 29.31 0
59421 -10.28 39.70 27.24 0
59422 -10.49 39.00 27.50 0
59423 -10.45 39.08 26.83 0
59424 -10.64 38.48 26.44 0
59425 -10.41 39.16 26.17 0
59426 -10.37 39.24 25.51 0
59427 -10.20 39.85 25.90 0
59429 -9.88 41.26 25.36 0
63812 -26.81 20.79 21.50 0
63813 -26.72 21.31 21.40 0
63814 -26.45 21.04 21.91 0
63815 -25.51 21.27 23.26 0
63816 -25.74 21.53 22.75 0
63817 -25.39 21.78 23.19 0
63818 -25.24 22.28 23.11 0
63819 -25.03 22.04 23.64 0
63821 -24.82 20.47 24.74 0
63822 -24.52 20.74 25.19 0
63823 -23.94 22.06 25.58 0
63824 -24.28 21.80 25.11 0
63825 -24.12 22.31 25.06 0
63826 -24.30 22.56 24.54 0
63827 -23.93 22.82 24.99 0
63828 -23.70 23.32 24.91 0
63829 -23.55 23.08 25.45 0
63830 -22.65 23.39 26.87 0
63831 -22.78 23.62 26.34 0
63832 -22.38 23.90 26.77 0
63833 -22.10 24.40 26.65 0
63834 -21.99 24.19 27.20 0
63946 -27.17 20.55 21.09 0
66520 -32.15 26.85 7.88 0
66522 -31.80 27.23 7.65 0
66523 -30.49 28.27 7.60 0
66524 -31.09 28.00 7.20 0
66525 -30.72 28.39 6.98 0
66527 -30.34 28.79 6.76 0
66528 -29.96 29.19 6.54 0
66529 -29.73 29.07 7.17 0
66530 -28.21 29.50 8.63 0
66531 -28.46 29.64 8.01 0
66532 -27.82 29.92 8.43 0
66533 -27.42 30.33 8.25 0
66534 -27.18 30.19 8.87 0
66535 -20.86 29.20 18.74 0
66536 -20.98 29.37 18.18 0
66537 -20.38 29.62 18.51 0
66538 -18.78 30.77 18.29 0
66539 -19.39 30.49 18.00 0
66540 -18.89 30.93 17.72 0
66541 -19.02 31.10 17.17 0
66542 -18.39 31.38 17.44 0
66543 -16.39 31.98 19.37 0
66544 -16.97 31.66 19.10 0
66545 -16.46 32.12 18.79 0
66546 -16.15 32.88 17.35 0
66547 -16.64 32.42 17.65 0
66548 -16.76 32.58 17.10 0
66549 -17.38 32.29 16.84 0
66550 -16.89 32.74 16.54 0
66551 -17.05 32.90 15.99 0
66552 -16.42 33.19 16.24 0
66553 -14.96 34.42 15.94 0
66554 -15.54 34.11 15.68 0
66555 -15.13 34.56 15.40 0
66556 -15.33 34.70 14.87 0
66557 -14.75 35.02 15.14 0
66558 -14.40 35.48 14.87 0
66559 -14.21 35.36 15.40 0
66560 -13.07 35.98 16.47 0
66561 -13.22 36.09 15.94 0
66562 -12.76 36.49 16.21 0
66563 -12.48 37.00 15.95 0
66564 -12.34 36.91 16.48 0
66565 -12.68 35.56 18.64 0
66566 -12.75 35.67 18.09 0
66567 -12.34 36.09 18.36 0
66568 -11.44 37.67 18.13 0
66569 -11.76 37.18 17.84 0
66570 -11.52 37.74 17.58 0
66571 -11.61 37.82 17.04 0
66572 -11.30 38.32 17.32 0
66573 -11.11 38.90 17.07 0
66574 -11.02 38.83 17.62 0
66575 -10.49 39.88 18.77 0
66576 -10.56 39.93 18.21 0
66577 -10.37 40.51 18.52 0
66578 -10.27 41.16 18.26 0
66579 -10.20 41.11 18.83 0
71912 -31.15 24.58 13.13 0
71913 -30.88 24.96 12.94 0
71914 -30.62 24.78 13.49 0
71915 -29.31 25.01 14.75 0
71916 -29.55 25.20 14.21 0
71917 -29.01 25.41 14.58 0
71918 -28.69 25.80 14.41 0
71919 -28.47 25.62 14.96 0
71920 -28.36 24.18 16.89 0
71921 -28.59 24.40 16.35 0
71922 -28.09 24.61 16.74 0
71923 -26.96 25.64 16.85 0
71924 -27.49 25.44 16.45 0
71925 -27.16 25.84 16.30 0
71926 -27.37 26.04 15.74 0
71927 -26.82 26.25 16.14 0
71928 -26.45 26.65 15.99 0
71929 -26.26 26.46 16.56 0
71930 -24.96 26.68 17.97 0
71931 -25.13 26.87 17.40 0
71932 -24.56 27.08 17.82 0
71933 -24.15 27.48 17.66 0
71934 -23.99 27.29 18.23 0
71935 -26.46 22.30 21.20 0
71936 -26.70 22.54 20.67 0
71937 -26.29 22.77 21.08 0
71938 -25.42 23.92 21.28 0
71939 -25.87 23.69 20.85 0
71940 -25.61 24.14 20.73 0
71941 -25.80 24.35 20.17 0
71942 -25.32 24.58 20.61 0
71943 -23.58 24.90 23.03 0
71944 -24.04 24.65 22.60 0
71945 -23.72 25.09 22.47 0
71946 -23.65 25.91 21.20 0
71947 -24.01 25.48 21.35 0
71948 -24.16 25.68 20.79 0
71949 -24.67 25.45 20.36 0
71950 -24.32 25.88 20.23 0
71951 -24.47 26.08 19.67 0
71952 -23.94 26.29 20.09 0
71953 -22.57 27.35 20.15 0
71954 -23.13 27.12 19.76 0
71955 -22.69 27.53 19.58 0
71956 -22.83 27.71 19.02 0
71957 -22.25 27.94 19.39 0
71958 -21.80 28.36 19.19 0
71959 -21.68 28.18 19.75 0
71960 -20.46 28.54 21.00 0
71961 -20.55 28.70 20.44 0
71962 -19.99 28.98 20.76 0
71963 -19.51 29.42 20.51 0
71964 -19.44 29.27 21.08 0
71965 -20.16 27.92 23.27 0
71966 -20.23 28.07 22.70 0
71967 -19.71 28.38 23.03 0
71968 -18.26 29.62 22.83 0
71969 -18.78 29.29 22.52 0
71970 -18.30 29.75 22.25 0
71971 -18.34 29.89 21.68 0
71972 -17.80 30.21 21.98 0
71973 -17.29 30.67 21.70 0
71974 -17.27 30.55 22.28 0
71975 -16.24 31.15 23.46 0
71976 -16.23 31.26 22.87 0
71977 -15.73 31.63 23.16 0
71978 -15.24 32.11 22.85 0
71979 -15.25 32.01 23.45 0
72306 -31.42 22.52 14.90 0
72312 -32.02 22.96 13.86 0
72313 -31.13 23.99 13.85 0
72314 -31.63 23.79 13.50 0
72315 -31.40 24.19 13.32 0
72316 -31.67 24.37 12.77 0
80080 -30.27 25.72 12.56 0
80081 -30.52 25.88 12.00 0
80082 -29.95 26.10 12.37 0
80083 -28.64 27.10 12.35 0
80084 -29.24 26.86 11.97 0
80085 -28.86 27.26 11.77 0
80086 -29.09 27.41 11.19 0
80087 -28.48 27.66 11.58 0
80088 -26.24 28.03 13.95 0
80089 -26.84 27.80 13.54 0
80090 -26.44 28.21 13.37 0
80091 -26.43 28.97 12.03 0
80092 -26.84 28.56 12.20 0
80093 -27.05 28.73 11.62 0
80094 -27.68 28.48 11.21 0
80095 -27.27 28.89 11.03 0
80096 -27.50 29.05 10.44 0
80097 -26.86 29.31 10.85 0
80098 -25.42 30.36 10.93 0
80099 -26.06 30.13 10.51 0
80100 -25.66 30.52 10.33 0
80101 -25.90 30.68 9.73 0
80102 -25.26 30.91 10.15 0
80103 -21.26 29.73 17.04 0
80104 -21.89 29.50 16.70 0
80105 -21.42 29.91 16.48 0
80106 -21.29 30.70 15.13 0
80107 -21.76 30.28 15.35 0
80108 -21.95 30.47 14.79 0
80109 -22.60 30.25 14.42 0
80110 -22.14 30.66 14.22 0
80111 -19.40 32.42 14.11 0
80112 -19.87 31.99 14.39 0
80113 -20.08 32.16 13.82 0
80114 -21.68 31.84 12.63 0
80115 -21.44 31.67 13.21 0
80116 -22.12 31.43 12.87 0
80117 -22.57 31.03 13.08 0
80118 -22.80 31.21 12.51 0
80119 -23.47 30.99 12.13 0
80120 -23.04 31.39 11.93 0
80121 -23.14 32.12 10.54 0
80122 -23.55 31.73 10.76 0
80123 -23.81 31.89 10.17 0
80124 -24.47 31.68 9.77 0
80125 -24.08 32.06 9.57 0
80126 -24.35 32.21 8.96 0
80127 -23.70 32.44 9.35 0
80128 -22.27 33.44 9.24 0
80129 -22.95 33.21 8.89 0
80130 -22.59 33.59 8.64 0
80131 -22.92 33.74 8.04 0
80132 -22.25 33.98 8.38 0
80133 -19.51 34.45 10.49 0
80134 -20.20 34.19 10.19 0
80135 -19.85 34.59 9.93 0
80136 -20.25 35.26 8.54 0
80137 -20.56 34.86 8.79 0
80138 -20.93 35.00 8.20 0
80139 -21.61 34.75 7.86 0
80140 -21.31 35.14 7.61 0
80141 -21.69 35.28 7.00 0
80142 -21.03 35.54 7.36 0
80143 -19.86 36.58 7.26 0
80144 -20.52 36.32 6.88 0
80145 -20.30 36.71 6.65 0
80147 -20.10 37.10 6.42 0
80148 -19.93 37.49 6.20 0
80149 -19.47 37.37 6.81 0
80150 -17.79 37.87 8.11 0
80151 -18.24 37.98 7.54 0
80152 -17.66 38.31 7.89 0
80153 -17.56 38.78 7.66 0
80154 -17.10 38.67 8.23 0
80155 -16.15 37.39 10.25 0
80156 -16.53 37.51 9.73 0
80157 -15.97 37.85 10.04 0
80158 -15.22 39.24 9.94 0
80159 -15.71 38.83 9.63 0
80160 -15.63 39.34 9.42 0
80161 -16.06 39.45 8.89 0
80162 -15.59 39.88 9.21 0
80163 -15.59 40.43 9.00 0
80164 -15.16 40.33 9.53 0
80165 -13.96 41.21 10.65 0
80166 -14.37 41.31 10.15 0
80167 -14.02 41.83 10.46 0
80168 -14.10 42.46 10.27 0
80169 -13.69 42.37 10.76 0
80170 -13.77 36.42 14.35 0
80171 -13.99 36.54 13.83 0
80172 -13.49 36.91 14.10 0
80173 -12.61 38.37 13.91 0
80174 -13.04 37.94 13.63 0
80175 -12.86 38.48 13.40 0
80176 -13.14 38.59 12.91 0
80177 -12.72 39.04 13.19 0
80178 -11.28 40.34 15.04 0
80179 -11.56 39.82 14.75 0
80180 -11.48 40.43 14.54 0
80181 -11.94 41.26 13.35 0
80182 -11.95 40.63 13.55 0
80183 -12.23 40.73 13.07 0
80184 -12.56 40.21 12.79 0
80185 -12.53 40.83 12.59 0
80186 -12.86 40.93 12.11 0
80187 -12.54 41.46 12.40 0
80188 -12.45 43.33 12.30 0
80189 -12.67 42.76 12.02 0
80190 -12.79 43.42 11.84 0
80191 -13.15 43.51 11.36 0
80230 -22.13 22.38 28.94 0
80231 -22.26 22.64 28.43 0
80232 -21.93 22.93 28.87 0
80233 -21.06 24.34 29.10 0
80234 -21.43 24.02 28.69 0
80235 -21.14 24.56 28.57 0
80236 -21.21 24.78 28.03 0
80237 -20.83 25.10 28.43 0
80249 -18.94 26.70 30.82 0
80250 -18.92 26.50 31.35 0
80251 -19.27 26.11 30.99 0
80253 -19.63 25.74 30.63 0
80254 -19.99 25.37 30.26 0
80255 -19.66 25.94 30.10 0
80256 -19.35 26.88 28.82 0
80257 -19.72 26.33 29.02 0
80258 -19.75 26.52 28.46 0
80259 -20.14 26.17 28.09 0
80260 -19.78 26.70 27.90 0
80261 -19.81 26.87 27.33 0
80262 -19.39 27.22 27.69 0
80263 -18.16 28.61 27.56 0
80264 -18.58 28.24 27.22 0
80265 -18.16 28.74 26.97 0
80266 -18.16 28.87 26.38 0
80267 -17.72 29.24 26.71 0
80268 -16.55 30.17 28.90 0
80269 -16.94 29.77 28.57 0
80270 -16.50 30.29 28.30 0
80271 -15.94 31.03 26.81 0
80272 -16.41 30.52 27.09 0
80273 -16.37 30.63 26.48 0
80274 -16.81 30.24 26.16 0
80275 -16.33 30.74 25.87 0
80276 -16.30 30.84 25.27 0
80277 -15.85 31.23 25.58 0
80278 -14.45 32.64 25.26 0
80279 -14.88 32.22 24.97 0
80280 -14.40 32.72 24.64 0
80281 -14.35 32.81 24.03 0
80282 -13.93 33.23 24.31 0
80329 -13.88 33.18 31.26 0
80330 -13.45 33.75 30.98 0
80331 -12.87 34.53 29.39 0
80332 -13.30 33.96 29.68 0
80333 -13.22 34.06 29.03 0
80334 -13.59 33.60 28.69 0
80335 -13.14 34.15 28.38 0
80336 -11.32 36.98 28.28 0
80337 -11.67 36.34 28.55 0
80338 -11.60 36.43 27.89 0
80339 -12.16 35.48 26.51 0
80340 -12.22 35.39 27.15 0
80341 -12.56 34.90 26.80 0
80342 -12.99 34.33 27.10 0
80343 -12.92 34.42 26.47 0
80344 -13.29 33.96 26.15 0
80345 -12.85 34.51 25.84 0
80346 -12.33 35.23 24.28 0
80347 -12.73 34.67 24.59 0
80348 -12.68 34.74 23.96 0
80349 -13.05 34.28 23.66 0
80350 -12.64 34.82 23.35 0
80351 -12.60 34.91 22.73 0
80352 -12.25 35.39 23.04 0
80353 -11.26 37.09 22.79 0
80354 -11.55 36.55 22.46 0
80355 -11.25 37.16 22.18 0
80356 -11.24 37.23 21.58 0
80357 -10.97 37.77 21.91 0
80358 -10.32 39.38 24.21 0
80359 -10.52 38.79 23.85 0
80360 -10.31 39.45 23.57 0
80361 -10.14 40.22 22.05 0
80362 -10.31 39.57 22.32 0
80363 -10.32 39.62 21.71 0
80364 -10.52 39.03 21.37 0
80365 -10.34 39.67 21.11 0
80366 -10.37 39.73 20.51 0
80367 -10.19 40.32 20.84 0
80368 -9.84 42.29 20.64 0
80369 -9.96 41.65 20.31 0
80370 -9.89 42.34 20.04 0
80371 -9.94 42.38 19.46 0
80372 -9.84 43.03 19.78 0
92792 -32.68 25.51 9.74 0
92793 -32.37 25.88 9.53 0
92794 -32.13 25.75 10.11 0
92795 -31.57 25.97 10.49 0
92796 -31.00 26.19 10.86 0
92797 -15.22 32.31 21.66 0
92798 -15.23 32.42 21.07 0
92799 -14.73 32.79 21.34 0
92800 -14.26 33.29 21.01 0
92801 -13.80 33.79 20.69 0
92802 -13.37 34.30 20.37 0
92803 -13.36 34.20 20.96 0
92804 -12.95 34.63 21.23 0
92805 -12.56 35.08 21.52 0
92865 -32.69 23.93 12.06 0
92866 -33.18 23.68 11.70 0
92867 -32.96 24.09 11.50 0
92868 -33.23 24.23 10.94 0
92871 -33.24 24.75 10.16 0
92872 -32.97 25.13 9.95 0
93872 -28.47 22.37 18.41 0
93873 -28.30 22.83 18.26 0
93874 -28.04 22.59 18.80 0
93875 -27.61 22.81 19.19 0
93876 -27.18 23.03 19.59 0
93877 -22.31 24.82 25.55 0
93878 -22.42 25.02 24.99 0
93879 -21.98 25.29 25.40 0
93880 -21.63 25.77 25.23 0
93881 -21.26 26.23 25.05 0
93882 -20.87 26.70 24.86 0
93883 -20.80 26.54 25.43 0
93884 -20.34 26.86 25.81 0
93885 -19.89 27.19 26.17 0
93950 -29.15 21.21 18.33 0
93951 -28.74 21.43 18.70 0
93952 -28.62 21.91 18.56 0
94153 -14.97 42.64 9.26 0
94154 -15.43 42.72 8.75 0
95497 -27.92 30.58 6.99 0
95498 -28.17 30.69 6.36 0
95499 -27.54 30.98 6.80 0
95503 -26.17 32.03 6.87 0
95504 -25.54 32.28 7.31 0
95505 -24.91 32.51 7.73 0
95506 -24.49 27.87 16.51 0
95507 -24.67 28.07 15.93 0
95508 -24.06 28.27 16.34 0
95509 -23.61 28.67 16.15 0
95510 -23.16 29.07 15.96 0
95511 -16.55 34.12 14.33 0
95512 -17.19 33.83 14.07 0
95513 -16.77 34.27 13.79 0
95514 -17.02 34.42 13.25 0
95515 -17.28 34.56 12.71 0
95516 -17.55 34.71 12.17 0
95517 -16.91 34.98 12.45 0
95518 -16.56 35.40 12.19 0
95519 -16.24 35.82 11.94 0
95520 -15.95 36.26 11.71 0
95521 -15.64 36.13 12.23 0
95522 -15.06 36.45 12.51 0
95523 -14.51 36.79 12.79 0
95524 -10.45 41.25 17.17 0
95525 -10.56 41.31 16.64 0
95526 -10.41 41.91 16.93 0
95527 -10.41 42.58 16.70 0
95528 -10.44 43.26 16.46 0
95540 -15.99 30.29 32.51 0
95541 -15.96 30.45 31.94 0
95542 -15.92 30.60 31.36 0
95543 -15.87 30.74 30.77 0
95544 -15.49 31.17 31.11 0
95545 -15.06 31.73 30.84 0
95546 -14.62 32.29 30.56 0
95559 -10.14 40.33 27.65 0
95560 -10.10 40.41 26.97 0
95561 -10.06 40.48 26.30 0
98193 -26.19 20.76 22.40 0
98194 -25.94 20.48 22.90 0
98195 -25.61 20.74 23.32 0
98196 -25.28 21.01 23.76 0
98198 -24.21 21.01 25.65 0
98199 -23.89 21.28 26.12 0
98200 -23.76 21.81 26.08 0
98201 -23.59 22.33 26.04 0
98202 -23.39 22.84 25.98 0
98203 -23.24 22.59 26.50 0
98204 -22.88 22.86 26.95 0
98205 -22.52 23.14 27.40 0
99817 -30.99 27.36 8.65 0
99818 -31.22 27.49 8.04 0
99819 -30.63 27.75 8.43 0
99820 -30.25 28.14 8.22 0
99821 -29.87 28.54 8.00 0
99822 -29.49 28.95 7.79 0
99823 -29.25 28.82 8.41 0
99824 -28.61 29.09 8.82 0
99825 -27.97 29.36 9.24 0
99826 -19.68 29.73 19.39 0
99827 -19.78 29.89 18.82 0
99828 -19.18 30.17 19.12 0
99829 -18.68 30.61 18.85 0
99830 -18.17 31.06 18.56 0
99831 -15.39 32.91 18.74 0
99832 -15.96 32.58 18.48 0
99833 -15.47 33.05 18.17 0
99834 -15.56 33.20 17.61 0
99835 -15.68 33.35 17.05 0
99836 -15.81 33.50 16.50 0
99837 -15.23 33.81 16.76 0
99838 -14.81 34.29 16.48 0
99839 -14.41 34.76 16.21 0
99840 -14.04 35.23 15.94 0
99841 -13.89 35.11 16.47 0
99842 -13.40 35.48 16.74 0
99843 -12.95 35.88 17.00 0
99844 -11.92 36.46 19.21 0
99845 -11.97 36.54 18.65 0
99846 -11.63 37.02 18.94 0
99847 -11.37 37.59 18.68 0
99848 -11.14 38.18 18.42 0
99849 -10.94 38.77 18.17 0
99850 -10.88 38.71 18.72 0
99851 -10.65 39.26 19.03 0
99852 -10.44 39.83 19.34 0
103052 -30.62 24.19 14.21 0
103053 -30.36 24.59 14.03 0
103054 -30.10 24.40 14.56 0
103055 -29.59 24.60 14.92 0
103056 -29.07 24.81 15.29 0
103057 -27.38 24.60 17.68 0
103058 -27.59 24.81 17.14 0
103059 -27.08 25.02 17.54 0
103060 -26.76 25.44 17.41 0
103061 -26.43 25.85 17.27 0
103062 -26.07 26.26 17.13 0
103063 -25.89 26.06 17.69 0
103064 -25.34 26.27 18.12 0
103065 -24.79 26.48 18.54 0
103066 -25.66 22.76 22.05 0
103067 -25.88 23.00 21.51 0
103068 -25.46 23.24 21.95 0
103069 -25.23 23.70 21.84 0
103070 -24.96 24.16 21.72 0
103071 -22.89 25.78 22.73 0
103072 -23.38 25.53 22.32 0
103073 -23.01 25.96 22.17 0
103074 -23.14 26.14 21.61 0
103075 -23.27 26.33 21.05 0
103076 -23.40 26.52 20.49 0
103077 -22.87 26.75 20.89 0
103078 -22.45 27.17 20.71 0
103079 -22.01 27.59 20.52 0
103080 -21.57 28.01 20.32 0
103081 -21.46 27.84 20.88 0
103082 -20.92 28.10 21.23 0
103083 -20.38 28.38 21.56 0
103084 -19.16 28.56 23.94 0
103085 -19.21 28.69 23.36 0
103086 -18.71 29.02 23.68 0
103087 -18.23 29.49 23.41 0
103088 -17.75 29.96 23.14 0
103089 -17.25 30.43 22.86 0
103090 -17.24 30.31 23.44 0
103091 -16.74 30.67 23.75 0
103092 -16.25 31.05 24.06 0
103287 -30.37 22.25 16.28 0
103289 -30.66 22.49 15.76 0
103290 -30.96 22.73 15.25 0
103291 -31.25 22.95 14.73 0
103292 -31.54 23.17 14.21 0
103293 -31.06 23.37 14.56 0
103294 -30.85 23.79 14.38 0
103900 -18.53 38.98 6.51 0
103902 -18.48 39.45 6.29 0
107953 -29.14 26.15 13.30 0
107954 -29.37 26.32 12.74 0
107955 -28.79 26.54 13.12 0
107956 -28.42 26.94 12.93 0
107957 -28.04 27.33 12.74 0
107958 -25.41 28.84 13.61 0
107959 -26.02 28.62 13.20 0
107960 -25.60 29.02 13.03 0
107961 -25.80 29.20 12.45 0
107962 -26.01 29.38 11.86 0
107963 -26.23 29.56 11.27 0
107964 -25.60 29.79 11.69 0
107965 -25.19 30.18 11.52 0
107966 -24.78 30.57 11.34 0
107967 -20.30 30.58 16.57 0
107968 -20.94 30.33 16.25 0
107969 -20.46 30.76 16.01 0
107970 -20.63 30.94 15.46 0
107971 -20.81 31.13 14.90 0
107972 -19.86 32.76 12.98 0
107973 -20.30 32.33 13.26 0
107974 -20.54 32.50 12.69 0
107975 -21.23 32.25 12.38 0
107976 -21.92 32.01 12.06 0
107977 -22.61 31.78 11.71 0
107978 -22.18 32.18 11.48 0
107979 -22.46 32.35 10.90 0
107980 -22.74 32.51 10.31 0
107981 -23.02 32.67 9.72 0
107982 -22.34 32.90 10.07 0
107983 -21.96 33.29 9.82 0
107984 -21.58 33.69 9.57 0
107985 -18.83 35.25 9.98 0
107986 -19.51 34.98 9.67 0
107987 -19.19 35.38 9.43 0
107988 -19.57 35.52 8.87 0
107989 -19.95 35.65 8.30 0
107990 -20.35 35.79 7.71 0
107991 -19.68 36.05 8.07 0
107992 -19.43 36.45 7.84 0
107993 -19.21 36.85 7.62 0
107994 -19.02 37.25 7.40 0
107995 -18.58 37.13 7.98 0
107996 -17.95 37.43 8.33 0
107997 -17.35 37.75 8.67 0
107998 -15.06 38.11 10.85 0
107999 -15.43 38.22 10.35 0
108000 -14.93 38.61 10.65 0
108001 -14.83 39.13 10.45 0
108002 -14.76 39.67 10.25 0
108003 -14.74 40.23 10.04 0
108004 -14.34 40.13 10.55 0
108005 -13.94 40.61 10.85 0
108006 -13.57 41.12 11.15 0
108007 -12.82 37.20 14.90 0
108008 -13.02 37.31 14.38 0
108009 -12.59 37.73 14.65 0
108010 -12.39 38.27 14.42 0
108011 -12.22 38.83 14.19 0
108012 -11.22 41.62 14.61 0
108013 -11.44 41.06 14.33 0
108014 -11.44 41.71 14.12 0
108015 -11.69 41.81 13.63 0
108016 -11.97 41.91 13.15 0
108017 -12.27 42.01 12.68 0
108018 -12.03 42.57 12.96 0
108019 -12.13 43.24 12.77 0
108020 -12.25 43.92 12.59 0
108043 -21.49 22.97 29.81 0
108044 -21.59 23.23 29.31 0
108045 -21.25 23.54 29.72 0
108046 -20.99 24.10 29.62 0
108047 -20.70 24.67 29.49 0
108055 -18.23 27.66 30.99 0
108056 -18.59 27.27 30.64 0
108057 -18.95 26.89 30.29 0
108058 -19.32 26.51 29.93 0
108059 -18.96 27.07 29.74 0
108060 -18.96 27.25 29.18 0
108061 -18.97 27.42 28.61 0
108062 -18.98 27.58 28.04 0
108063 -18.57 27.95 28.39 0
108064 -18.17 28.48 28.15 0
108065 -17.75 28.99 27.90 0
108066 -15.65 31.23 28.35 0
108067 -16.05 30.82 28.02 0
108068 -15.58 31.34 27.74 0
108069 -15.52 31.44 27.12 0
108070 -15.46 31.54 26.51 0
108071 -15.41 31.64 25.89 0
108072 -14.99 32.05 26.20 0
108073 -14.52 32.55 25.88 0
108074 -14.05 33.06 25.55 0
108103 -13.02 34.33 30.71 0
108104 -12.60 34.92 30.43 0
108105 -12.53 35.01 29.76 0
108106 -12.44 35.11 29.10 0
108107 -11.21 37.16 26.97 0
108108 -11.54 36.52 27.24 0
108109 -11.48 36.61 26.59 0
108110 -11.78 36.08 26.22 0
108111 -12.10 35.57 25.87 0
108112 -12.43 35.07 25.53 0
108113 -12.04 35.65 25.24 0
108114 -11.99 35.73 24.61 0
108115 -11.95 35.81 23.98 0
108116 -11.92 35.88 23.36 0
108117 -11.60 36.40 23.70 0
108118 -11.28 37.01 23.41 0
108119 -10.99 37.64 23.14 0
108120 -9.98 40.74 23.67 0
108121 -10.13 40.12 23.30 0
108122 -9.98 40.79 23.03 0
108123 -9.99 40.84 22.40 0
108124 -10.01 40.89 21.78 0
108125 -10.03 40.94 21.17 0
108126 -9.89 41.57 21.51 0
108127 -9.80 42.25 21.25 0
108128 -9.74 42.95 20.98 0
116675 -32.49 26.48 8.11 0
116676 -31.93 26.74 8.49 0
116677 -32.04 26.24 9.31 0
116678 -31.70 26.61 9.09 0
116679 -31.35 26.98 8.87 0
116680 -30.77 27.23 9.25 0
116681 -30.16 27.47 9.63 0
116682 -29.55 27.72 10.02 0
116683 -17.37 30.93 20.55 0
116684 -17.42 31.06 19.98 0
116685 -16.85 31.38 20.25 0
116686 -16.33 31.84 19.95 0
116687 -15.82 32.31 19.63 0
116688 -15.25 32.53 20.48 0
116689 -15.28 32.65 19.90 0
116690 -15.33 32.78 19.32 0
116691 -14.85 33.26 19.00 0
116692 -14.39 33.75 18.70 0
116693 -13.96 34.25 18.39 0
116694 -13.56 34.75 18.10 0
116695 -13.49 34.63 18.66 0
116696 -13.04 35.04 18.93 0
116697 -12.63 35.46 19.20 0
116698 -12.97 34.82 20.07 0
116699 -12.59 35.36 19.77 0
116700 -12.24 35.90 19.48 0
116701 -11.88 36.37 19.78 0
116702 -11.56 36.86 20.08 0
116703 -11.26 37.37 20.39 0
119192 -29.54 23.33 16.30 0
119193 -29.33 23.76 16.14 0
119194 -29.07 23.54 16.66 0
119195 -28.60 23.75 17.04 0
119196 -28.12 23.96 17.42 0
119197 -28.11 23.28 18.11 0
119198 -27.89 23.73 17.96 0
119199 -27.65 24.16 17.82 0
119200 -27.17 24.37 18.22 0
119201 -26.68 24.58 18.64 0
119202 -26.19 24.79 19.06 0
119203 -24.02 23.77 23.82 0
119204 -24.18 23.98 23.27 0
119205 -23.74 24.24 23.71 0
119206 -23.44 24.70 23.59 0
119207 -23.12 25.15 23.45 0
119208 -22.54 25.21 24.43 0
119209 -22.65 25.40 23.86 0
119210 -22.77 25.59 23.30 0
119211 -22.40 26.03 23.13 0
119212 -22.01 26.47 22.96 0
119213 -21.60 26.90 22.77 0
119214 -21.18 27.34 22.57 0
119215 -21.10 27.18 23.14 0
119216 -20.59 27.47 23.50 0
119217 -20.10 27.77 23.85 0
119218 -20.46 27.17 24.65 0
119219 -20.04 27.63 24.43 0
119220 -19.61 28.09 24.19 0
119221 -19.12 28.42 24.53 0
119222 -18.65 28.76 24.86 0
119223 -18.18 29.11 25.19 0
119376 -29.46 21.48 17.82 0
119377 -29.77 21.74 17.31 0
119378 -30.07 22.00 16.79 0
119379 -29.92 22.45 16.63 0
119380 -29.74 22.89 16.46 0
119851 -16.51 40.63 7.91 0
119852 -16.99 40.72 7.37 0
119853 -16.56 41.19 7.71 0
119854 -16.63 41.77 7.52 0
119856 -15.90 42.80 8.22 0
123003 -23.58 34.02 6.80 0
123004 -26.84 27.03 14.85 0
123005 -27.04 27.21 14.28 0
123006 -26.45 27.44 14.69 0
123007 -26.05 27.84 14.52 0
123008 -25.64 28.25 14.36 0
123009 -24.85 28.27 15.35 0
123010 -25.03 28.46 14.77 0
123011 -25.22 28.65 14.19 0
123012 -24.78 29.05 14.02 0
123013 -24.35 29.44 13.84 0
123014 -23.91 29.84 13.66 0
123015 -18.35 32.34 15.48 0
123016 -19.01 32.08 15.22 0
123017 -18.53 32.52 14.93 0
123018 -18.73 32.69 14.38 0
123019 -18.95 32.86 13.82 0
123020 -17.84 33.56 13.80 0
123021 -18.50 33.29 13.53 0
123022 -19.18 33.02 13.26 0
123023 -19.42 33.18 12.71 0
123024 -19.69 33.34 12.15 0
123025 -19.97 33.49 11.59 0
123026 -20.26 33.64 11.02 0
123027 -19.57 33.90 11.32 0
123028 -19.19 34.31 11.05 0
123029 -18.83 34.71 10.79 0
123030 -17.85 34.84 11.63 0
123031 -18.16 34.98 11.08 0
123032 -18.49 35.11 10.53 0
123033 -18.17 35.52 10.29 0
123034 -17.86 35.93 10.06 0
123035 -17.59 36.34 9.84 0
123036 -17.34 36.76 9.63 0
123037 -16.96 36.64 10.15 0
123038 -16.36 36.95 10.46 0
123039 -15.79 37.27 10.76 0
123040 -15.68 36.70 11.48 0
123041 -15.44 37.15 11.26 0
123042 -15.24 37.62 11.05 0
123043 -14.71 37.99 11.34 0
123044 -14.22 38.39 11.63 0
123045 -13.75 38.81 11.92 0
123046 -11.35 39.05 16.01 0
123047 -11.50 39.13 15.49 0
123048 -11.21 39.65 15.77 0
123049 -11.11 40.26 15.55 0
123050 -11.05 40.88 15.32 0
123051 -10.69 41.37 16.12 0
123052 -10.85 41.45 15.61 0
123053 -11.02 41.53 15.10 0
123054 -11.04 42.19 14.89 0
123055 -11.09 42.86 14.68 0
123056 -11.17 43.54 14.47 0
123086 -17.48 28.63 31.13 0
123087 -17.46 28.80 30.57 0
123088 -17.44 28.95 29.99 0
123089 -17.41 29.10 29.41 0
123090 -17.02 29.50 29.75 0
123091 -16.59 30.04 29.50 0
123092 -16.16 30.58 29.24 0
123093 -15.82 30.87 30.17 0
123094 -15.77 31.00 29.57 0
123095 -15.71 31.12 28.96 0
123096 -15.25 31.65 28.67 0
123097 -14.80 32.19 28.36 0
123098 -14.34 32.72 28.05 0
123121 -11.47 36.80 29.62 0
123123 -11.07 37.56 28.69 0
123124 -11.01 37.64 28.02 0
123125 -10.54 38.92 28.17 0
123126 -10.74 38.32 27.76 0
123127 -10.96 37.73 27.36 0
123128 -10.91 37.81 26.70 0
123129 -10.86 37.90 26.05 0
123130 -10.82 37.98 25.40 0
123131 -10.79 38.06 24.75 0
123132 -10.57 38.64 25.13 0
123133 -10.34 39.31 24.86 0
123134 -10.15 39.99 24.59 0
123135 -10.03 40.55 25.63 0
123136 -10.00 40.62 24.97 0
123137 -9.98 40.68 24.32 0
123138 -9.85 41.38 24.04 0
129212 -27.37 21.34 20.49 0
129213 -27.25 21.84 20.38 0
129214 -26.98 21.58 20.89 0
129215 -26.60 21.81 21.30 0
129216 -26.22 22.05 21.72 0
129217 -26.10 21.29 22.33 0
129218 -25.98 21.79 22.24 0
129219 -25.83 22.28 22.15 0
129220 -25.45 22.53 22.59 0
129221 -25.06 22.77 23.03 0
129222 -24.66 23.03 23.47 0
129223 -25.13 20.19 24.30 0
129224 -25.05 20.74 24.25 0
129225 -24.95 21.27 24.20 0
129226 -24.41 21.27 25.16 0
129227 -24.62 21.53 24.66 0
129228 -24.82 21.79 24.15 0
129229 -24.67 22.29 24.09 0
129230 -24.48 22.79 24.01 0
129231 -24.26 23.29 23.92 0
129232 -23.86 23.55 24.37 0
129233 -23.45 23.81 24.82 0
129234 -23.04 24.07 25.25 0
129235 -23.16 23.35 25.90 0
129236 -22.91 23.85 25.80 0
129237 -22.62 24.34 25.68 0
129238 -22.20 24.62 26.10 0
129239 -21.79 24.90 26.52 0
129240 -21.37 25.20 26.92 0
129382 -27.46 20.83 20.60 0
132646 -31.45 27.61 7.43 0
132653 -29.57 29.59 6.33 0
132654 -28.94 29.88 6.76 0
132655 -29.10 29.36 7.59 0
132656 -28.70 29.77 7.38 0
132657 -28.31 30.17 7.19 0
132658 -27.67 30.46 7.62 0
132659 -27.03 30.73 8.06 0
132660 -26.40 30.99 8.50 0
132661 -22.06 28.72 18.05 0
132662 -22.21 28.90 17.48 0
132663 -21.59 29.13 17.84 0
132664 -21.12 29.55 17.61 0
132665 -20.64 29.97 17.38 0
132666 -19.89 30.05 18.26 0
132667 -20.01 30.22 17.69 0
132668 -20.15 30.40 17.13 0
132669 -19.66 30.83 16.88 0
132670 -19.16 31.28 16.61 0
132671 -18.67 31.72 16.33 0
132672 -17.48 31.21 19.40 0
132673 -17.56 31.36 18.83 0
132674 -17.65 31.51 18.27 0
132675 -16.54 32.27 18.22 0
132676 -17.14 31.96 17.96 0
132677 -17.76 31.67 17.70 0
132678 -17.88 31.83 17.14 0
132679 -18.02 32.00 16.59 0
132680 -18.18 32.17 16.03 0
132681 -17.69 32.62 15.74 0
132682 -17.22 33.07 15.44 0
132683 -16.77 33.51 15.15 0
132684 -15.97 33.65 15.96 0
132685 -16.14 33.81 15.41 0
132686 -16.34 33.96 14.87 0
132687 -15.92 34.40 14.60 0
132688 -15.54 34.85 14.33 0
132689 -15.17 35.29 14.07 0
132690 -14.83 35.74 13.80 0
132691 -14.61 35.61 14.34 0
132692 -14.07 35.95 14.61 0
132693 -13.56 36.31 14.88 0
132694 -13.70 35.71 15.67 0
132695 -13.38 36.20 15.41 0
132696 -13.08 36.69 15.15 0
132697 -12.64 37.10 15.42 0
132698 -12.23 37.53 15.70 0
132699 -11.86 37.99 15.97 0
132700 -13.19 35.26 17.82 0
132701 -12.84 35.77 17.54 0
132702 -12.52 36.29 17.28 0
132703 -12.04 36.63 18.10 0
132704 -12.12 36.72 17.55 0
132705 -12.22 36.81 17.02 0
132706 -11.96 37.35 16.76 0
132707 -11.72 37.90 16.50 0
132708 -11.52 38.47 16.25 0
132709 -11.22 38.97 16.54 0
132710 -10.95 39.50 16.83 0
132711 -10.72 40.05 17.12 0
132712 -10.77 39.37 17.91 0
132713 -10.63 39.99 17.66 0
132714 -10.52 40.61 17.41 0
132715 -10.35 41.20 17.71 0
132716 -10.21 41.82 18.01 0
132717 -10.09 42.45 18.32 0
139412 -31.68 24.93 12.03 0
139413 -31.39 25.30 11.83 0
139414 -31.14 25.13 12.39 0
139415 -30.59 25.34 12.75 0
139416 -30.03 25.55 13.12 0
139417 -30.09 24.99 13.85 0
139418 -29.79 25.38 13.67 0
139419 -29.48 25.77 13.49 0
139420 -28.92 25.98 13.86 0
139421 -28.35 26.20 14.24 0
139422 -27.79 26.41 14.62 0
139423 -29.09 24.19 15.98 0
139424 -28.83 24.61 15.82 0
139425 -28.55 25.02 15.67 0
139426 -27.80 25.03 16.59 0
139427 -28.02 25.23 16.05 0
139428 -28.24 25.43 15.51 0
139429 -27.92 25.83 15.35 0
139430 -27.58 26.23 15.18 0
139431 -27.22 26.63 15.02 0
139432 -26.65 26.84 15.42 0
139433 -26.07 27.06 15.83 0
139434 -25.49 27.27 16.25 0
139435 -25.70 26.67 16.98 0
139436 -25.31 27.07 16.83 0
139437 -24.91 27.47 16.68 0
139438 -24.32 27.68 17.09 0
139439 -23.72 27.88 17.49 0
139440 -23.12 28.09 17.88 0
139441 -27.11 22.32 20.26 0
139442 -26.94 22.79 20.13 0
139443 -26.75 23.24 20.00 0
139444 -26.09 23.23 20.97 0
139445 -26.31 23.46 20.42 0
139446 -26.53 23.69 19.87 0
139447 -26.28 24.13 19.74 0
139448 -26.00 24.57 19.62 0
139449 -25.69 25.00 19.50 0
139450 -24.34 24.19 22.72 0
139451 -24.50 24.40 22.16 0
139452 -24.67 24.61 21.60 0
139453 -23.87 25.29 21.91 0
139454 -24.35 25.05 21.48 0
139455 -24.84 24.81 21.05 0
139456 -25.01 25.02 20.49 0
139457 -25.18 25.23 19.93 0
139458 -25.36 25.43 19.37 0
139459 -25.00 25.86 19.24 0
139460 -24.63 26.28 19.11 0
139461 -24.24 26.69 18.96 0
139462 -23.54 26.71 19.93 0
139463 -23.68 26.90 19.37 0
139464 -23.83 27.09 18.80 0
139465 -23.41 27.50 18.63 0
139466 -22.97 27.90 18.45 0
139467 -22.52 28.31 18.25 0
139468 -21.92 28.54 18.62 0
139469 -21.33 28.78 18.97 0
139470 -20.75 29.03 19.31 0
139471 -21.11 28.44 20.10 0
139472 -20.64 28.86 19.88 0
139473 -20.17 29.30 19.64 0
139474 -19.59 29.57 19.95 0
139475 -19.02 29.86 20.25 0
139476 -18.45 30.16 20.55 0
139477 -20.74 27.78 22.35 0
139478 -20.30 28.23 22.13 0
139479 -19.84 28.67 21.89 0
139480 -19.26 28.83 22.78 0
139481 -19.31 28.98 22.21 0
139482 -19.37 29.12 21.64 0
139483 -18.89 29.57 21.38 0
139484 -18.39 30.02 21.12 0
139485 -17.88 30.47 20.84 0
139486 -17.33 30.80 21.13 0
139487 -16.78 31.13 21.41 0
139488 -16.24 31.48 21.70 0
139489 -16.74 30.90 22.58 0
139490 -16.23 31.37 22.28 0
139491 -15.72 31.84 21.98 0
139492 -15.22 32.21 22.25 0
139493 -14.75 32.59 22.53 0
139494 -14.29 32.99 22.81 0
139901 -32.61 23.35 12.79 0
139902 -31.83 23.38 13.68 0
139903 -32.12 23.58 13.14 0
139904 -32.41 23.76 12.60 0
139905 -32.19 24.16 12.41 0
139906 -31.94 24.55 12.22 0
141153 -17.49 40.81 6.81 0
149335 -31.08 25.67 11.63 0
149336 -30.76 26.04 11.43 0
149337 -30.42 26.41 11.23 0
149338 -29.60 26.48 12.17 0
149339 -29.83 26.64 11.60 0
149340 -30.07 26.79 11.02 0
149341 -29.70 27.17 10.81 0
149342 -29.32 27.57 10.61 0
149343 -28.93 27.97 10.41 0
149344 -27.24 27.39 13.71 0
149345 -27.44 27.57 13.14 0
149346 -27.65 27.74 12.56 0
149347 -26.63 28.38 12.79 0
149348 -27.25 28.14 12.38 0
149349 -27.86 27.90 11.97 0
149350 -28.08 28.06 11.39 0
149351 -28.30 28.22 10.80 0
149352 -28.53 28.38 10.21 0
149353 -28.13 28.79 10.02 0
149354 -27.73 29.21 9.84 0
149355 -27.33 29.63 9.66 0
149356 -26.46 29.72 10.68 0
149357 -26.69 29.88 10.08 0
149358 -26.93 30.04 9.48 0
149359 -26.54 30.44 9.30 0
149360 -26.15 30.84 9.12 0
149361 -25.76 31.23 8.94 0
149362 -22.36 29.09 16.91 0
149363 -22.53 29.28 16.34 0
149364 -22.70 29.47 15.77 0
149365 -21.58 30.10 15.91 0
149366 -22.23 29.87 15.56 0
149367 -22.88 29.66 15.19 0
149368 -23.06 29.85 14.62 0
149369 -23.26 30.04 14.05 0
149370 -23.46 30.23 13.48 0
149371 -19.67 31.81 14.94 0
149372 -20.34 31.56 14.65 0
149373 -21.01 31.31 14.34 0
149374 -20.76 31.91 13.53 0
149375 -21.22 31.49 13.77 0
149376 -21.68 31.07 14.01 0
149377 -22.35 30.85 13.65 0
149378 -23.02 30.63 13.29 0
149379 -23.67 30.42 12.90 0
149380 -23.90 30.60 12.33 0
149381 -24.13 30.78 11.74 0
149382 -24.37 30.96 11.16 0
149383 -23.29 31.56 11.35 0
149384 -23.96 31.34 10.96 0
149385 -24.61 31.13 10.56 0
149386 -24.86 31.29 9.97 0
149387 -25.12 31.46 9.36 0
149388 -25.37 31.61 8.75 0
149389 -25.00 31.99 8.55 0
149390 -24.63 32.37 8.35 0
149391 -24.27 32.74 8.14 0
149392 -23.32 32.82 9.13 0
149393 -23.62 32.97 8.52 0
149394 -23.92 33.12 7.91 0
149395 -23.58 33.50 7.67 0
149396 -23.25 33.88 7.42 0
149397 -22.94 34.26 7.17 0
149398 -20.57 33.79 10.45 0
149399 -20.89 33.93 9.88 0
149400 -21.23 34.08 9.30 0
149401 -20.20 34.72 9.36 0
149402 -20.89 34.47 9.04 0
149403 -21.57 34.22 8.72 0
149404 -21.92 34.36 8.12 0
149405 -22.28 34.50 7.52 0
149406 -22.64 34.64 6.90 0
149410 -20.76 35.93 7.12 0
149411 -21.17 36.06 6.50 0
149417 -19.79 37.89 5.97 0
149418 -19.19 38.20 6.36 0
149419 -18.85 37.67 7.18 0
149420 -18.71 38.09 6.96 0
149421 -18.60 38.53 6.73 0
149422 -18.04 38.88 7.09 0
149423 -17.50 39.26 7.44 0
149424 -16.98 39.66 7.79 0
149425 -17.12 37.19 9.41 0
149426 -16.93 37.63 9.20 0
149427 -16.77 38.09 8.99 0
149428 -15.82 38.33 9.84 0
149429 -16.23 38.45 9.31 0
149430 -16.65 38.56 8.78 0
149431 -16.57 39.05 8.56 0
149432 -16.51 39.56 8.34 0
149433 -16.50 40.08 8.12 0
149434 -16.04 40.53 8.46 0
149435 -15.62 41.00 8.79 0
149436 -15.23 41.50 9.12 0
149437 -14.75 40.81 9.84 0
149438 -14.79 41.40 9.64 0
149439 -14.86 42.02 9.44 0
149440 -14.53 42.55 9.77 0
149441 -14.22 43.11 10.09 0
149442 -13.94 43.68 10.40 0
149443 -14.52 36.19 13.55 0
149444 -14.24 36.66 13.30 0
149445 -13.99 37.15 13.07 0
149446 -13.25 37.42 13.86 0
149447 -13.50 37.53 13.35 0
149448 -13.77 37.65 12.84 0
149449 -13.59 38.16 12.62 0
149450 -13.44 38.70 12.41 0
149451 -13.32 39.25 12.21 0
149452 -11.67 39.22 14.98 0
149453 -11.87 39.31 14.47 0
149454 -12.09 39.41 13.97 0
149455 -11.70 40.53 14.04 0
149456 -12.00 40.01 13.76 0
149457 -12.35 39.51 13.47 0
149458 -12.62 39.61 12.99 0
149459 -12.92 39.72 12.50 0
149460 -13.24 39.82 12.02 0
149461 -13.20 40.41 11.82 0
149462 -13.20 41.02 11.63 0
149463 -13.24 41.65 11.44 0
149464 -12.59 42.10 12.21 0
149465 -12.94 42.19 11.73 0
149466 -13.31 42.28 11.25 0
149467 -13.41 42.93 11.06 0
149468 -13.54 43.59 10.89 0
149514 -22.76 21.82 28.02 0
149515 -22.59 22.36 27.98 0
149516 -22.39 22.89 27.92 0
149517 -22.15 23.43 27.84 0
149518 -21.69 23.48 28.79 0
149519 -21.79 23.72 28.27 0
149520 -21.89 23.96 27.74 0
149521 -21.60 24.48 27.62 0
149522 -21.29 25.00 27.48 0
149523 -20.96 25.51 27.32 0
149542 -20.29 24.79 30.40 0
149543 -20.35 25.01 29.88 0
149544 -20.39 25.22 29.35 0
149545 -19.69 26.14 29.56 0
149546 -20.07 25.78 29.19 0
149547 -20.44 25.43 28.81 0
149548 -20.49 25.64 28.27 0
149549 -20.55 25.83 27.71 0
149550 -20.61 26.02 27.15 0
149551 -20.24 26.53 26.96 0
149552 -19.85 27.03 26.75 0
149553 -19.45 27.53 26.53 0
149554 -18.99 27.74 27.46 0
149555 -19.01 27.88 26.88 0
149556 -19.03 28.02 26.29 0
149557 -18.61 28.51 26.04 0
149558 -18.17 28.99 25.78 0
149559 -17.72 29.48 25.51 0
149560 -17.37 29.24 28.82 0
149561 -17.35 29.38 28.23 0
149562 -17.32 29.50 27.64 0
149563 -16.46 30.41 27.70 0
149564 -16.87 30.01 27.37 0
149565 -17.30 29.62 27.04 0
149566 -17.28 29.74 26.44 0
149567 -17.26 29.85 25.83 0
149568 -17.25 29.97 25.23 0
149569 -16.77 30.45 24.95 0
149570 -16.27 30.94 24.66 0
149571 -15.78 31.43 24.36 0
149572 -15.36 31.73 25.28 0
149573 -15.32 31.82 24.67 0
149574 -15.28 31.92 24.06 0
149575 -14.79 32.40 23.74 0
149576 -14.32 32.90 23.41 0
149577 -13.85 33.40 23.08 0
149632 -14.31 32.61 31.53 0
149633 -14.25 32.73 30.90 0
149634 -14.18 32.85 30.27 0
149635 -13.37 33.86 30.33 0
149636 -13.74 33.40 29.97 0
149637 -14.11 32.96 29.63 0
149638 -14.04 33.06 29.00 0
149639 -13.96 33.16 28.36 0
149640 -13.88 33.25 27.73 0
149641 -11.74 36.25 29.21 0
149642 -12.04 35.71 28.82 0
149643 -12.37 35.20 28.44 0
149644 -11.90 35.90 27.51 0
149645 -12.29 35.30 27.79 0
149646 -12.71 34.72 28.08 0
149647 -13.07 34.24 27.74 0
149648 -13.43 33.79 27.41 0
149649 -13.81 33.34 27.10 0
149650 -13.73 33.42 26.47 0
149651 -13.66 33.50 25.85 0
149652 -13.60 33.58 25.22 0
149653 -12.79 34.59 25.21 0
149654 -13.16 34.12 24.90 0
149655 -13.54 33.66 24.60 0
149656 -13.48 33.74 23.98 0
149657 -13.44 33.83 23.37 0
149658 -13.40 33.92 22.76 0
149659 -12.98 34.45 22.43 0
149660 -12.58 34.99 22.12 0
149661 -12.20 35.55 21.82 0
149662 -11.89 35.96 22.75 0
149663 -11.87 36.04 22.14 0
149664 -11.85 36.12 21.54 0
149665 -11.54 36.70 21.26 0
149666 -11.25 37.30 20.98 0
149667 -10.99 37.90 20.72 0
149668 -10.76 38.13 24.12 0
149669 -10.74 38.21 23.49 0
149670 -10.73 38.27 22.86 0
149671 -10.31 39.51 22.95 0
149672 -10.50 38.92 22.59 0
149673 -10.73 38.34 22.25 0
149674 -10.73 38.40 21.64 0
149675 -10.75 38.46 21.04 0
149676 -10.77 38.52 20.45 0
149677 -10.57 39.15 20.18 0
149678 -10.40 39.78 19.92 0
149679 -10.26 40.42 19.66 0
149680 -10.06 40.98 20.57 0
149681 -10.10 41.03 19.98 0
149682 -10.15 41.07 19.40 0
149683 -10.06 41.74 19.14 0
149684 -10.01 42.41 18.88 0
149685 -9.99 43.10 18.63 0
149705 -9.66 43.61 21.32 0
149706 -9.70 43.65 20.71 0
149709 -9.76 43.69 20.11 0
149710 -9.83 43.73 19.52 0
149711 -9.90 43.76 18.94 0
149712 -10.00 43.79 18.38 0
